(760773, 0, 0, 760773)
(760556, 0, 0, 760556)
(760555, 0, 0, 760555)
(760539, 0, 0, 760539)
(760538, 0, 0, 760538)
(760537, 0, 0, 760537)
(760280, 0, 0, 760280)
(760172, 0, 0, 760172)
(759666, 0, 0, 759666)
(758963, 0, 0, 758963)
(758962, 0, 0, 758962)
(758671, 0, 0, 758671)
(758157, 0, 0, 758157)
(758156, 0, 0, 758156)
(757592, 0, 0, 757592)
(757488, 0, 0, 757488)
(757487, 0, 0, 757487)
(757486, 0, 0, 757486)
(757271, 0, 0, 757271)
(757250, 0, 0, 757250)
(757249, 0, 0, 757249)
(757248, 0, 0, 757248)
(756638, 0, 0, 756638)
(756637, 0, 0, 756637)
(756592, 0, 0, 756592)
(756547, 0, 0, 756547)
(756091, 0, 0, 756091)
(755840, 0, 0, 755840)
(755839, 0, 0, 755839)
(755446, 0, 0, 755446)
(755152, 0, 0, 755152)
(754991, 0, 0, 754991)
(754776, 0, 0, 754776)
(754720, 0, 0, 754720)
(754658, 0, 0, 754658)
(754540, 0, 0, 754540)
(754497, 0, 0, 754497)
(754496, 0, 0, 754496)
(754495, 0, 0, 754495)
(754234, 0, 0, 754234)
(753801, 0, 0, 753801)
(753562, 0, 0, 753562)
(753368, 0, 0, 753368)
(753367, 0, 0, 753367)
(753366, 0, 0, 753366)
(753051, 0, 0, 753051)
(752479, 0, 0, 752479)
(752186, 0, 0, 752186)
(752136, 0, 0, 752136)
(751723, 0, 0, 751723)
(751183, 0, 0, 751183)
(751182, 0, 0, 751182)
(750905, 0, 0, 750905)
(750904, 0, 0, 750904)
(750604, 0, 0, 750604)
(750267, 0, 0, 750267)
(749981, 0, 0, 749981)
(749881, 0, 0, 749881)
(749565, 0, 0, 749565)
(749547, 0, 0, 749547)
(749291, 0, 0, 749291)
(748964, 0, 0, 748964)
(748937, 0, 0, 748937)
(748763, 0, 0, 748763)
(748762, 0, 0, 748762)
(748740, 0, 0, 748740)
(748692, 0, 0, 748692)
(748691, 0, 0, 748691)
(748660, 0, 0, 748660)
(748543, 0, 0, 748543)
(748437, 0, 0, 748437)
(748226, 0, 0, 748226)
(748067, 0, 0, 748067)
(748066, 0, 0, 748066)
(747815, 0, 0, 747815)
(747755, 0, 0, 747755)
(747229, 0, 0, 747229)
(746681, 0, 0, 746681)
(746592, 0, 0, 746592)
(746543, 0, 0, 746543)
(746494, 0, 0, 746494)
(746340, 0, 0, 746340)
(746256, 0, 0, 746256)
(746255, 0, 0, 746255)
(746254, 0, 0, 746254)
(746253, 0, 0, 746253)
(745721, 0, 0, 745721)
(745720, 0, 0, 745720)
(745719, 0, 0, 745719)
(745718, 0, 0, 745718)
(745717, 0, 0, 745717)
(745449, 0, 0, 745449)
(745022, 0, 0, 745022)
(744351, 0, 0, 744351)
(744134, 0, 0, 744134)
(744133, 0, 0, 744133)
(743032, 0, 0, 743032)
(742764, 0, 0, 742764)
(741698, 0, 0, 741698)
(741666, 0, 0, 741666)
(741228, 0, 0, 741228)
(740953, 0, 0, 740953)
(740517, 0, 0, 740517)
(740384, 0, 0, 740384)
(740383, 0, 0, 740383)
(740139, 0, 0, 740139)
(739643, 0, 0, 739643)
(739584, 0, 0, 739584)
(738952, 0, 0, 738952)
(738756, 0, 0, 738756)
