(481554, 0, 0, 481554)
(480488, 0, 0, 480488)
(479898, 0, 0, 479898)
(479898, 0, 0, 479898)
(478193, 0, 0, 478193)
(478193, 0, 0, 478193)
(477628, 0, 0, 477628)
(477628, 0, 0, 477628)
(477179, 0, 0, 477179)
(477179, 0, 0, 477179)
(478153, 0, 3402, 481555)
(477447, 0, 3402, 480849)
(476174, 0, 3402, 479576)
(475674, 0, 3402, 479076)
(473319, 0, 3402, 476721)
(472104, 0, 3402, 475506)
(470794, 0, 3402, 474196)
(470794, 0, 3402, 474196)
(470197, 0, 3402, 473599)
(470149, 0, 3402, 473551)
(475383, 0, 7654, 483037)
(474885, 0, 7654, 482539)
(474885, 0, 7654, 482539)
(474693, 0, 7654, 482347)
(473640, 0, 7654, 481294)
(472723, 0, 7654, 480377)
(479487, 0, 3402, 482889)
