(813468, 0, 300, 813768)
(813285, 0, 483, 813768)
(813415, 0, 603, 814018)
(813535, 0, 483, 814018)
(813405, 0, 613, 814018)
(813535, 0, 483, 814018)
(813415, 0, 603, 814018)
(813593, 0, 715, 814308)
(813705, 0, 603, 814308)
(813593, 0, 715, 814308)
(813481, 0, 827, 814308)
(813593, 0, 715, 814308)
(813705, 0, 603, 814308)
(813527, 0, 781, 814308)
(813415, 0, 603, 814018)
(813285, 0, 483, 813768)
(813468, 0, 300, 813768)
(813244, 0, 524, 813768)
(813468, 0, 300, 813768)
(813484, 0, 392, 813876)
(813784, 0, 92, 813876)
(813484, 0, 392, 813876)
(813604, 0, 485, 814089)
(813511, 0, 578, 814089)
(813604, 0, 485, 814089)
(813511, 0, 578, 814089)
(813604, 0, 485, 814089)
(813511, 0, 578, 814089)
(813604, 0, 485, 814089)
(813511, 0, 578, 814089)
(813604, 0, 485, 814089)
(813511, 0, 578, 814089)
(813604, 0, 485, 814089)
(813511, 0, 578, 814089)
(813604, 0, 485, 814089)
(813511, 0, 578, 814089)
(813604, 0, 485, 814089)
(813697, 0, 392, 814089)
(813577, 0, 512, 814089)
(813484, 0, 392, 813876)
(813260, 0, 616, 813876)
(813484, 0, 392, 813876)
(813301, 0, 575, 813876)
(813393, 0, 483, 813876)
(813169, 0, 707, 813876)
(813393, 0, 483, 813876)
(813169, 0, 707, 813876)
(813262, 0, 827, 814089)
(813382, 0, 707, 814089)
(813565, 0, 524, 814089)
(813445, 0, 644, 814089)
(813623, 0, 756, 814379)
(813735, 0, 644, 814379)
(813557, 0, 822, 814379)
(813445, 0, 644, 814089)
(813565, 0, 524, 814089)
(813207, 0, 882, 814089)
(813114, 0, 975, 814089)
(813207, 0, 882, 814089)
(813114, 0, 975, 814089)
(813021, 0, 1068, 814089)
(813114, 0, 975, 814089)
(813207, 0, 882, 814089)
(813024, 0, 1065, 814089)
(813248, 0, 841, 814089)
(813155, 0, 934, 814089)
(813275, 0, 1064, 814339)
(813405, 0, 934, 814339)
(813285, 0, 1054, 814339)
(813405, 0, 934, 814339)
(813275, 0, 1064, 814339)
(813405, 0, 934, 814339)
(813275, 0, 1064, 814339)
(813405, 0, 934, 814339)
(813275, 0, 1064, 814339)
(813405, 0, 934, 814339)
(813312, 0, 1027, 814339)
(813405, 0, 934, 814339)
(813275, 0, 1064, 814339)
(813405, 0, 934, 814339)
(813312, 0, 1027, 814339)
(813182, 0, 1157, 814339)
(813312, 0, 1027, 814339)
(813182, 0, 1157, 814339)
(813312, 0, 1027, 814339)
(813182, 0, 1157, 814339)
(813312, 0, 1027, 814339)
(813405, 0, 934, 814339)
(813275, 0, 1064, 814339)
(813405, 0, 934, 814339)
(813498, 0, 841, 814339)
(813378, 0, 961, 814339)
(813248, 0, 841, 814089)
(813128, 0, 961, 814089)
(813248, 0, 841, 814089)
(813024, 0, 1065, 814089)
(812931, 0, 1158, 814089)
(813024, 0, 1065, 814089)
(812931, 0, 1158, 814089)
(813024, 0, 1065, 814089)
(812931, 0, 1158, 814089)
(813024, 0, 1065, 814089)
(813008, 0, 1081, 814089)
(812915, 0, 1174, 814089)
(813008, 0, 1081, 814089)
(813024, 0, 1065, 814089)
(812904, 0, 1185, 814089)
(812811, 0, 1065, 813876)
(812994, 0, 882, 813876)
(813218, 0, 658, 813876)
(812994, 0, 882, 813876)
(812902, 0, 974, 813876)
(813202, 0, 674, 813876)
(813426, 0, 450, 813876)
(813126, 0, 750, 813876)
(813218, 0, 658, 813876)
(812994, 0, 882, 813876)
(813218, 0, 658, 813876)
(813202, 0, 674, 813876)
(813019, 0, 857, 813876)
(813202, 0, 674, 813876)
(813502, 0, 374, 813876)
(813278, 0, 598, 813876)
(813502, 0, 374, 813876)
(813278, 0, 598, 813876)
(813294, 0, 582, 813876)
