(481507, 0, 47, 481554)
(481296, 0, 258, 481554)
(481507, 0, 47, 481554)
(481296, 0, 258, 481554)
(481507, 0, 47, 481554)
(481693, 0, 48, 481741)
(481482, 0, 259, 481741)
(481481, 0, 260, 481741)
(481482, 0, 259, 481741)
(481693, 0, 48, 481741)
(481692, 0, 49, 481741)
(481693, 0, 48, 481741)
(481482, 0, 259, 481741)
(481481, 0, 260, 481741)
(481692, 0, 49, 481741)
(481481, 0, 260, 481741)
(481482, 0, 259, 481741)
(481693, 0, 48, 481741)
(481482, 0, 259, 481741)
(481481, 0, 260, 481741)
(481482, 0, 259, 481741)
(481693, 0, 48, 481741)
(481482, 0, 259, 481741)
(481481, 0, 260, 481741)
(481482, 0, 259, 481741)
(481481, 0, 260, 481741)
(481692, 0, 49, 481741)
(481693, 0, 48, 481741)
(481482, 0, 259, 481741)
(481693, 0, 48, 481741)
(481482, 0, 259, 481741)
(481483, 0, 258, 481741)
(481694, 0, 47, 481741)
(481693, 0, 48, 481741)
(481482, 0, 259, 481741)
(481693, 0, 48, 481741)
(481692, 0, 49, 481741)
(481481, 0, 260, 481741)
(481482, 0, 259, 481741)
(481693, 0, 48, 481741)
(481694, 0, 47, 481741)
(481693, 0, 48, 481741)
(481482, 0, 259, 481741)
(481483, 0, 258, 481741)
(481297, 0, 444, 481741)
(481508, 0, 233, 481741)
(481297, 0, 444, 481741)
(481508, 0, 233, 481741)
(481694, 0, 47, 481741)
(481741, 0, 0, 481741)
(481530, 0, 211, 481741)
(481529, 0, 212, 481741)
(481740, 0, 1, 481741)
(481739, 0, 2, 481741)
(481740, 0, 1, 481741)
(481739, 0, 2, 481741)
(481740, 0, 1, 481741)
(481739, 0, 2, 481741)
(481528, 0, 213, 481741)
(481739, 0, 2, 481741)
(481528, 0, 213, 481741)
(481739, 0, 2, 481741)
(481528, 0, 213, 481741)
(481529, 0, 212, 481741)
(481530, 0, 211, 481741)
(481483, 0, 258, 481741)
(481530, 0, 211, 481741)
(481483, 0, 258, 481741)
(481694, 0, 47, 481741)
(481483, 0, 258, 481741)
(481694, 0, 47, 481741)
(481693, 0, 48, 481741)
(481692, 0, 49, 481741)
(481481, 0, 260, 481741)
(481482, 0, 259, 481741)
(481483, 0, 258, 481741)
(481694, 0, 47, 481741)
(481693, 0, 48, 481741)
(481482, 0, 259, 481741)
(481693, 0, 48, 481741)
(481482, 0, 259, 481741)
(481483, 0, 258, 481741)
(481694, 0, 47, 481741)
(481483, 0, 258, 481741)
(481694, 0, 47, 481741)
(481508, 0, 233, 481741)
(481507, 0, 47, 481554)
(481296, 0, 258, 481554)
(481507, 0, 47, 481554)
(481554, 0, 0, 481554)
(481507, 0, 47, 481554)
(481296, 0, 258, 481554)
(481343, 0, 211, 481554)
(481296, 0, 258, 481554)
(481507, 0, 47, 481554)
(481296, 0, 258, 481554)
(481343, 0, 211, 481554)
(481554, 0, 0, 481554)
(481343, 0, 211, 481554)
(481342, 0, 212, 481554)
(481553, 0, 1, 481554)
(481554, 0, 0, 481554)
(481343, 0, 211, 481554)
(481342, 0, 212, 481554)
(481553, 0, 1, 481554)
(481342, 0, 212, 481554)
(481343, 0, 211, 481554)
(481296, 0, 258, 481554)
(481507, 0, 47, 481554)
(481296, 0, 258, 481554)
(481507, 0, 47, 481554)
(481693, 0, 48, 481741)
(481692, 0, 49, 481741)
(481481, 0, 260, 481741)
(481482, 0, 259, 481741)
(481483, 0, 258, 481741)
(481694, 0, 47, 481741)
(481693, 0, 48, 481741)
(481692, 0, 49, 481741)
(481481, 0, 260, 481741)
(481482, 0, 259, 481741)
(481693, 0, 48, 481741)
(481482, 0, 259, 481741)
(481693, 0, 48, 481741)
(481482, 0, 259, 481741)
(481693, 0, 48, 481741)
(481482, 0, 259, 481741)
(481693, 0, 48, 481741)
(481694, 0, 47, 481741)
(481693, 0, 48, 481741)
(481694, 0, 47, 481741)
(481741, 0, 0, 481741)
(481740, 0, 1, 481741)
(481739, 0, 2, 481741)
(481528, 0, 213, 481741)
(481529, 0, 212, 481741)
(481740, 0, 1, 481741)
(481739, 0, 2, 481741)
(481740, 0, 1, 481741)
(481529, 0, 212, 481741)
(481528, 0, 213, 481741)
(481739, 0, 2, 481741)
(481528, 0, 213, 481741)
(481529, 0, 212, 481741)
(481528, 0, 213, 481741)
(481529, 0, 212, 481741)
(481740, 0, 1, 481741)
(481529, 0, 212, 481741)
(481528, 0, 213, 481741)
(481529, 0, 212, 481741)
(481530, 0, 211, 481741)
(481529, 0, 212, 481741)
(481740, 0, 1, 481741)
(481741, 0, 0, 481741)
(480856, 0, 885, 481741)
(480645, 0, 1096, 481741)
(480598, 0, 1143, 481741)
(480809, 0, 932, 481741)
(480598, 0, 1143, 481741)
(480597, 0, 1144, 481741)
(480808, 0, 933, 481741)
(480809, 0, 932, 481741)
(480808, 0, 933, 481741)
(480597, 0, 1144, 481741)
(480808, 0, 933, 481741)
(480807, 0, 934, 481741)
(480808, 0, 933, 481741)
(480807, 0, 934, 481741)
(480596, 0, 1145, 481741)
(480807, 0, 934, 481741)
(480596, 0, 1145, 481741)
(480807, 0, 934, 481741)
(480596, 0, 1145, 481741)
(480807, 0, 934, 481741)
(480808, 0, 933, 481741)
(480597, 0, 1144, 481741)
(480808, 0, 933, 481741)
(480807, 0, 934, 481741)
(480808, 0, 933, 481741)
(480597, 0, 1144, 481741)
(480808, 0, 933, 481741)
(480807, 0, 934, 481741)
(480596, 0, 1145, 481741)
(480807, 0, 934, 481741)
(480808, 0, 933, 481741)
(480597, 0, 1144, 481741)
(480808, 0, 933, 481741)
(480597, 0, 1144, 481741)
(480596, 0, 1145, 481741)
(480807, 0, 934, 481741)
(480596, 0, 1145, 481741)
(480597, 0, 1144, 481741)
(480808, 0, 933, 481741)
(480597, 0, 1144, 481741)
(480808, 0, 933, 481741)
(480809, 0, 932, 481741)
(480623, 0, 1118, 481741)
(480809, 0, 932, 481741)
(480623, 0, 1118, 481741)
(480412, 0, 1329, 481741)
(480623, 0, 1118, 481741)
(480622, 0, 932, 481554)
(480411, 0, 1143, 481554)
(480622, 0, 932, 481554)
(480669, 0, 885, 481554)
(480458, 0, 1096, 481554)
(480411, 0, 1143, 481554)
(480622, 0, 932, 481554)
(480411, 0, 1143, 481554)
(480458, 0, 1096, 481554)
(480411, 0, 1143, 481554)
(480622, 0, 932, 481554)
(480669, 0, 885, 481554)
(480668, 0, 886, 481554)
(480457, 0, 1097, 481554)
(480458, 0, 1096, 481554)
(480669, 0, 885, 481554)
(480458, 0, 1096, 481554)
(480411, 0, 1143, 481554)
(480622, 0, 932, 481554)
(480669, 0, 885, 481554)
(480622, 0, 932, 481554)
(480669, 0, 885, 481554)
(480622, 0, 932, 481554)
(480669, 0, 885, 481554)
(480458, 0, 1096, 481554)
(480669, 0, 885, 481554)
(480458, 0, 1096, 481554)
(480669, 0, 885, 481554)
(480622, 0, 932, 481554)
(480411, 0, 1143, 481554)
(480458, 0, 1096, 481554)
(480669, 0, 885, 481554)
(480622, 0, 932, 481554)
(480669, 0, 885, 481554)
(480458, 0, 1096, 481554)
(480669, 0, 885, 481554)
(480458, 0, 1096, 481554)
(480505, 0, 1097, 481602)
(480552, 0, 1098, 481650)
(480599, 0, 1099, 481698)
(480552, 0, 1098, 481650)
(480763, 0, 887, 481650)
(480552, 0, 1098, 481650)
(480505, 0, 1097, 481602)
(480859, 0, 1185, 482044)
(480771, 0, 1273, 482044)
(480859, 0, 1185, 482044)
(480771, 0, 1273, 482044)
(480859, 0, 1185, 482044)
(480771, 0, 1273, 482044)
(480859, 0, 1185, 482044)
(480947, 0, 1097, 482044)
(481158, 0, 886, 482044)
(481070, 0, 974, 482044)
(480982, 0, 1062, 482044)
(481070, 0, 974, 482044)
(480982, 0, 1062, 482044)
(481070, 0, 974, 482044)
(480982, 0, 1062, 482044)
(481070, 0, 974, 482044)
(480982, 0, 1062, 482044)
(481070, 0, 974, 482044)
(481158, 0, 886, 482044)
(481070, 0, 974, 482044)
(480982, 0, 1062, 482044)
(481070, 0, 974, 482044)
(481158, 0, 886, 482044)
(480804, 0, 1240, 482044)
(480716, 0, 886, 481602)
(480717, 0, 1072, 481789)
(480903, 0, 886, 481789)
(480717, 0, 1072, 481789)
(480903, 0, 886, 481789)
(480902, 0, 887, 481789)
(480903, 0, 886, 481789)
(480692, 0, 1097, 481789)
(480903, 0, 886, 481789)
(480692, 0, 1097, 481789)
(480903, 0, 886, 481789)
(480692, 0, 1097, 481789)
(480691, 0, 1098, 481789)
(480902, 0, 887, 481789)
(480691, 0, 1098, 481789)
(480902, 0, 887, 481789)
(480903, 0, 886, 481789)
(480692, 0, 1097, 481789)
(480691, 0, 1098, 481789)
(480902, 0, 887, 481789)
(480901, 0, 888, 481789)
(480902, 0, 887, 481789)
(480691, 0, 1098, 481789)
(480690, 0, 1099, 481789)
(480691, 0, 1098, 481789)
(480692, 0, 1097, 481789)
(480691, 0, 1098, 481789)
(480692, 0, 1097, 481789)
(480903, 0, 886, 481789)
(480950, 0, 887, 481837)
(480951, 0, 1073, 482024)
(480950, 0, 887, 481837)
(480951, 0, 1073, 482024)
(480765, 0, 1259, 482024)
(480764, 0, 1073, 481837)
(480553, 0, 1284, 481837)
(480764, 0, 1073, 481837)
(480553, 0, 1284, 481837)
(480764, 0, 1073, 481837)
(480553, 0, 1284, 481837)
(480764, 0, 1073, 481837)
(480553, 0, 1284, 481837)
(480739, 0, 1098, 481837)
(480553, 0, 1284, 481837)
(480552, 0, 1098, 481650)
(480763, 0, 887, 481650)
(480552, 0, 1098, 481650)
(480763, 0, 887, 481650)
(480552, 0, 1098, 481650)
(480505, 0, 1097, 481602)
(480458, 0, 1096, 481554)
(480411, 0, 1143, 481554)
(480458, 0, 1096, 481554)
(480457, 0, 1097, 481554)
(480504, 0, 1098, 481602)
(480715, 0, 887, 481602)
(480668, 0, 886, 481554)
(480669, 0, 885, 481554)
(480668, 0, 886, 481554)
(480457, 0, 1097, 481554)
(480458, 0, 1096, 481554)
(480459, 0, 1143, 481602)
(480412, 0, 1190, 481602)
(480623, 0, 979, 481602)
(480670, 0, 932, 481602)
(480717, 0, 885, 481602)
(480716, 0, 886, 481602)
(480505, 0, 1097, 481602)
(480458, 0, 1096, 481554)
(480411, 0, 1143, 481554)
(480458, 0, 1096, 481554)
(480411, 0, 1143, 481554)
(480458, 0, 1096, 481554)
(481343, 0, 211, 481554)
(481296, 0, 258, 481554)
(481507, 0, 47, 481554)
(481554, 0, 0, 481554)
(481343, 0, 211, 481554)
(481296, 0, 258, 481554)
(481507, 0, 47, 481554)
(481296, 0, 258, 481554)
(481343, 0, 211, 481554)
(481342, 0, 212, 481554)
(481553, 0, 1, 481554)
(481342, 0, 212, 481554)
(481553, 0, 1, 481554)
(481554, 0, 0, 481554)
(481601, 0, 1, 481602)
(481600, 0, 2, 481602)
(481601, 0, 1, 481602)
(481554, 0, 0, 481554)
(481423, 0, 131, 481554)
(481212, 0, 342, 481554)
(481343, 0, 211, 481554)
(481554, 0, 0, 481554)
(480669, 0, 885, 481554)
(480458, 0, 1096, 481554)
(480669, 0, 885, 481554)
(480622, 0, 932, 481554)
(480411, 0, 1143, 481554)
(480458, 0, 1096, 481554)
(480411, 0, 1143, 481554)
(480622, 0, 932, 481554)
(480411, 0, 1143, 481554)
(480622, 0, 932, 481554)
(480669, 0, 885, 481554)
(480458, 0, 1096, 481554)
(480669, 0, 885, 481554)
(480668, 0, 886, 481554)
(480457, 0, 1097, 481554)
(480668, 0, 886, 481554)
(480669, 0, 885, 481554)
(480458, 0, 1096, 481554)
(480411, 0, 1143, 481554)
(480622, 0, 932, 481554)
(480669, 0, 885, 481554)
(481554, 0, 0, 481554)
(481507, 0, 47, 481554)
(481554, 0, 0, 481554)
(481601, 0, 1, 481602)
(481390, 0, 212, 481602)
(481391, 0, 211, 481602)
(481602, 0, 0, 481602)
(481555, 0, 47, 481602)
(481508, 0, 94, 481602)
(481297, 0, 305, 481602)
(481508, 0, 94, 481602)
(481555, 0, 47, 481602)
(481344, 0, 258, 481602)
(481555, 0, 47, 481602)
(481344, 0, 258, 481602)
(481297, 0, 305, 481602)
(481508, 0, 94, 481602)
(481297, 0, 305, 481602)
(481344, 0, 258, 481602)
(481297, 0, 305, 481602)
(481344, 0, 258, 481602)
(481555, 0, 47, 481602)
(481344, 0, 258, 481602)
(481391, 0, 211, 481602)
(481344, 0, 258, 481602)
(481391, 0, 211, 481602)
(481602, 0, 0, 481602)
(481391, 0, 211, 481602)
(481344, 0, 258, 481602)
(481391, 0, 211, 481602)
(481344, 0, 258, 481602)
(481297, 0, 305, 481602)
(481344, 0, 258, 481602)
(481297, 0, 305, 481602)
(481344, 0, 258, 481602)
(481555, 0, 47, 481602)
(481344, 0, 258, 481602)
(481555, 0, 47, 481602)
(481344, 0, 258, 481602)
(481297, 0, 305, 481602)
(481508, 0, 94, 481602)
(481297, 0, 305, 481602)
(481508, 0, 94, 481602)
(481297, 0, 305, 481602)
(481508, 0, 94, 481602)
(481555, 0, 47, 481602)
(481344, 0, 258, 481602)
(481391, 0, 211, 481602)
(481260, 0, 342, 481602)
(481391, 0, 211, 481602)
(481344, 0, 258, 481602)
(481297, 0, 305, 481602)
(481344, 0, 258, 481602)
(481555, 0, 47, 481602)
(481508, 0, 94, 481602)
(481297, 0, 305, 481602)
(481344, 0, 258, 481602)
(481555, 0, 47, 481602)
(481344, 0, 258, 481602)
(481297, 0, 305, 481602)
(481344, 0, 258, 481602)
(481391, 0, 211, 481602)
(481602, 0, 0, 481602)
(481471, 0, 131, 481602)
(481260, 0, 342, 481602)
(481213, 0, 389, 481602)
(481166, 0, 436, 481602)
(481213, 0, 389, 481602)
(481424, 0, 178, 481602)
(481377, 0, 225, 481602)
(481424, 0, 178, 481602)
(481213, 0, 389, 481602)
(481424, 0, 178, 481602)
(481213, 0, 389, 481602)
(481424, 0, 178, 481602)
(481213, 0, 389, 481602)
(481424, 0, 178, 481602)
(481377, 0, 225, 481602)
(481424, 0, 178, 481602)
(481213, 0, 389, 481602)
(481424, 0, 178, 481602)
(481213, 0, 389, 481602)
(481399, 0, 390, 481789)
(481610, 0, 179, 481789)
(481399, 0, 390, 481789)
(481610, 0, 179, 481789)
(481399, 0, 390, 481789)
(481398, 0, 391, 481789)
(481399, 0, 390, 481789)
(481610, 0, 179, 481789)
(481399, 0, 390, 481789)
(481398, 0, 391, 481789)
(481399, 0, 390, 481789)
(481398, 0, 391, 481789)
(481399, 0, 390, 481789)
(481398, 0, 391, 481789)
(481399, 0, 390, 481789)
(481400, 0, 389, 481789)
(481399, 0, 390, 481789)
(481610, 0, 179, 481789)
(481611, 0, 178, 481789)
(481610, 0, 179, 481789)
(481399, 0, 390, 481789)
(481398, 0, 391, 481789)
(481609, 0, 180, 481789)
(481398, 0, 391, 481789)
(481399, 0, 390, 481789)
(481400, 0, 389, 481789)
(481447, 0, 342, 481789)
(481658, 0, 131, 481789)
(481657, 0, 132, 481789)
(481446, 0, 343, 481789)
(481445, 0, 344, 481789)
(481446, 0, 343, 481789)
(481445, 0, 344, 481789)
(481656, 0, 133, 481789)
(481657, 0, 132, 481789)
(481446, 0, 343, 481789)
(481445, 0, 344, 481789)
(481446, 0, 343, 481789)
(481657, 0, 132, 481789)
(481446, 0, 343, 481789)
(481447, 0, 342, 481789)
(481446, 0, 343, 481789)
(481657, 0, 132, 481789)
(481446, 0, 343, 481789)
(481447, 0, 342, 481789)
(481446, 0, 343, 481789)
(481447, 0, 342, 481789)
(481261, 0, 528, 481789)
(481260, 0, 342, 481602)
(481471, 0, 131, 481602)
(481260, 0, 342, 481602)
(481471, 0, 131, 481602)
(481260, 0, 342, 481602)
(481259, 0, 343, 481602)
(481212, 0, 342, 481554)
(481423, 0, 131, 481554)
(481376, 0, 178, 481554)
(481423, 0, 131, 481554)
(481212, 0, 342, 481554)
(481423, 0, 131, 481554)
(481376, 0, 178, 481554)
(481165, 0, 389, 481554)
(481166, 0, 575, 481741)
(481165, 0, 389, 481554)
(481376, 0, 178, 481554)
(481423, 0, 131, 481554)
(481212, 0, 342, 481554)
(481423, 0, 131, 481554)
(481212, 0, 342, 481554)
(481423, 0, 131, 481554)
(481376, 0, 178, 481554)
(481165, 0, 389, 481554)
(481212, 0, 342, 481554)
(481259, 0, 343, 481602)
(481470, 0, 132, 481602)
(481517, 0, 133, 481650)
(481306, 0, 344, 481650)
(481517, 0, 133, 481650)
(481470, 0, 132, 481602)
(481259, 0, 343, 481602)
(481470, 0, 132, 481602)
(481471, 0, 131, 481602)
(481260, 0, 342, 481602)
(481471, 0, 131, 481602)
(481470, 0, 132, 481602)
(481259, 0, 343, 481602)
(481258, 0, 344, 481602)
(481469, 0, 133, 481602)
(481422, 0, 132, 481554)
(481423, 0, 131, 481554)
(481212, 0, 342, 481554)
(481165, 0, 389, 481554)
(481376, 0, 178, 481554)
(481165, 0, 389, 481554)
(481376, 0, 178, 481554)
(481423, 0, 131, 481554)
(481424, 0, 178, 481602)
(481377, 0, 225, 481602)
(481424, 0, 178, 481602)
(481377, 0, 225, 481602)
(481424, 0, 178, 481602)
(481377, 0, 225, 481602)
(481166, 0, 436, 481602)
(481377, 0, 225, 481602)
(481166, 0, 436, 481602)
(481213, 0, 389, 481602)
(481424, 0, 178, 481602)
(481213, 0, 389, 481602)
(481166, 0, 436, 481602)
(481213, 0, 389, 481602)
(481166, 0, 436, 481602)
(481213, 0, 389, 481602)
(481424, 0, 178, 481602)
(481471, 0, 131, 481602)
(481260, 0, 342, 481602)
(481259, 0, 343, 481602)
(481212, 0, 342, 481554)
(481343, 0, 211, 481554)
(481554, 0, 0, 481554)
(481507, 0, 47, 481554)
(481554, 0, 0, 481554)
(481553, 0, 1, 481554)
(481600, 0, 2, 481602)
(481389, 0, 213, 481602)
(481342, 0, 212, 481554)
(481553, 0, 1, 481554)
(481342, 0, 212, 481554)
(481553, 0, 1, 481554)
(481554, 0, 0, 481554)
(481553, 0, 1, 481554)
(481554, 0, 0, 481554)
(481343, 0, 211, 481554)
(481296, 0, 258, 481554)
(481343, 0, 211, 481554)
(480896, 0, 658, 481554)
(480849, 0, 705, 481554)
(480896, 0, 658, 481554)
(481107, 0, 447, 481554)
(480896, 0, 658, 481554)
(481107, 0, 447, 481554)
(480896, 0, 658, 481554)
(480895, 0, 659, 481554)
(481106, 0, 448, 481554)
(481107, 0, 447, 481554)
(480896, 0, 658, 481554)
(480895, 0, 659, 481554)
(480896, 0, 658, 481554)
(481107, 0, 447, 481554)
(480896, 0, 658, 481554)
(480849, 0, 705, 481554)
(481060, 0, 494, 481554)
(480849, 0, 705, 481554)
(480896, 0, 658, 481554)
(480011, 0, 1543, 481554)
(480222, 0, 1332, 481554)
(480011, 0, 1543, 481554)
(479880, 0, 1674, 481554)
(479833, 0, 1721, 481554)
(480044, 0, 1510, 481554)
(480091, 0, 1463, 481554)
(479880, 0, 1674, 481554)
(480091, 0, 1463, 481554)
(479880, 0, 1674, 481554)
(480011, 0, 1543, 481554)
(480010, 0, 1544, 481554)
(480221, 0, 1333, 481554)
(480010, 0, 1544, 481554)
(480221, 0, 1333, 481554)
(480010, 0, 1544, 481554)
(480221, 0, 1333, 481554)
(480222, 0, 1332, 481554)
(480221, 0, 1333, 481554)
(480222, 0, 1332, 481554)
(480011, 0, 1543, 481554)
(480222, 0, 1332, 481554)
(480011, 0, 1543, 481554)
(480222, 0, 1332, 481554)
(480269, 0, 1333, 481602)
(480268, 0, 1334, 481602)
(480057, 0, 1545, 481602)
(480010, 0, 1544, 481554)
(480057, 0, 1545, 481602)
(480010, 0, 1544, 481554)
(480011, 0, 1543, 481554)
(480010, 0, 1544, 481554)
(480221, 0, 1333, 481554)
(480222, 0, 1332, 481554)
(480175, 0, 1379, 481554)
(479964, 0, 1590, 481554)
(480175, 0, 1379, 481554)
(479964, 0, 1590, 481554)
(480011, 0, 1543, 481554)
(479964, 0, 1590, 481554)
(480175, 0, 1379, 481554)
(479964, 0, 1590, 481554)
(480175, 0, 1379, 481554)
(479964, 0, 1590, 481554)
(480011, 0, 1543, 481554)
(480222, 0, 1332, 481554)
(481107, 0, 447, 481554)
(481060, 0, 494, 481554)
(480849, 0, 705, 481554)
(480896, 0, 658, 481554)
(481107, 0, 447, 481554)
(481060, 0, 494, 481554)
(481107, 0, 447, 481554)
(481060, 0, 494, 481554)
(480849, 0, 705, 481554)
(480896, 0, 658, 481554)
(481107, 0, 447, 481554)
(480896, 0, 658, 481554)
(481107, 0, 447, 481554)
(480896, 0, 658, 481554)
(480849, 0, 705, 481554)
(480896, 0, 658, 481554)
(480849, 0, 705, 481554)
(480896, 0, 658, 481554)
(480849, 0, 705, 481554)
(481060, 0, 494, 481554)
(480849, 0, 705, 481554)
(480896, 0, 658, 481554)
(481107, 0, 447, 481554)
(480896, 0, 658, 481554)
(481107, 0, 447, 481554)
(481060, 0, 494, 481554)
(481107, 0, 447, 481554)
(481060, 0, 494, 481554)
(481107, 0, 447, 481554)
(481060, 0, 494, 481554)
(481414, 0, 582, 481996)
(481326, 0, 670, 481996)
(481414, 0, 582, 481996)
(481326, 0, 670, 481996)
(481414, 0, 582, 481996)
(481502, 0, 494, 481996)
(481549, 0, 447, 481996)
(481195, 0, 801, 481996)
(481549, 0, 447, 481996)
(481195, 0, 801, 481996)
(481549, 0, 447, 481996)
(481461, 0, 535, 481996)
(481373, 0, 623, 481996)
(481461, 0, 535, 481996)
(481549, 0, 447, 481996)
(481195, 0, 801, 481996)
(481549, 0, 447, 481996)
(481461, 0, 535, 481996)
(481549, 0, 447, 481996)
(481502, 0, 494, 481996)
(481414, 0, 582, 481996)
(481326, 0, 670, 481996)
(481414, 0, 582, 481996)
(481326, 0, 670, 481996)
(481414, 0, 582, 481996)
(481326, 0, 670, 481996)
(481414, 0, 582, 481996)
(481502, 0, 494, 481996)
(481414, 0, 582, 481996)
(481326, 0, 670, 481996)
(481414, 0, 582, 481996)
(481326, 0, 670, 481996)
(481414, 0, 582, 481996)
(481326, 0, 670, 481996)
(481414, 0, 582, 481996)
(481502, 0, 494, 481996)
(481414, 0, 582, 481996)
(481502, 0, 494, 481996)
(481148, 0, 848, 481996)
(481060, 0, 494, 481554)
(480849, 0, 705, 481554)
(480896, 0, 658, 481554)
(481107, 0, 447, 481554)
(480222, 0, 1332, 481554)
(480011, 0, 1543, 481554)
(480012, 0, 1590, 481602)
(480013, 0, 1776, 481789)
(480199, 0, 1590, 481789)
(480198, 0, 1591, 481789)
(480199, 0, 1590, 481789)
(480198, 0, 1591, 481789)
(480409, 0, 1380, 481789)
(480410, 0, 1379, 481789)
(480409, 0, 1380, 481789)
(480410, 0, 1379, 481789)
(480411, 0, 1565, 481976)
(480200, 0, 1776, 481976)
(480411, 0, 1565, 481976)
(480410, 0, 1379, 481789)
(480457, 0, 1332, 481789)
(480504, 0, 1333, 481837)
(480318, 0, 1519, 481837)
(480317, 0, 1333, 481650)
(480106, 0, 1544, 481650)
(480317, 0, 1333, 481650)
(480270, 0, 1332, 481602)
(480223, 0, 1379, 481602)
(480270, 0, 1332, 481602)
(480271, 0, 1379, 481650)
(480060, 0, 1590, 481650)
(480271, 0, 1379, 481650)
(480060, 0, 1590, 481650)
(480107, 0, 1543, 481650)
(480060, 0, 1590, 481650)
(480107, 0, 1543, 481650)
(480060, 0, 1590, 481650)
(480271, 0, 1379, 481650)
(480318, 0, 1332, 481650)
(480317, 0, 1333, 481650)
(480106, 0, 1544, 481650)
(480059, 0, 1543, 481602)
(480270, 0, 1332, 481602)
(480059, 0, 1543, 481602)
(480012, 0, 1590, 481602)
(480223, 0, 1379, 481602)
(480270, 0, 1332, 481602)
(480059, 0, 1543, 481602)
(480058, 0, 1544, 481602)
(480059, 0, 1543, 481602)
(480012, 0, 1590, 481602)
(480059, 0, 1543, 481602)
(480270, 0, 1332, 481602)
(480059, 0, 1543, 481602)
(480270, 0, 1332, 481602)
(480223, 0, 1379, 481602)
(480012, 0, 1590, 481602)
(480059, 0, 1543, 481602)
(480012, 0, 1590, 481602)
(480059, 0, 1543, 481602)
(480012, 0, 1590, 481602)
(480223, 0, 1379, 481602)
(480270, 0, 1332, 481602)
(480223, 0, 1379, 481602)
(480012, 0, 1590, 481602)
(479965, 0, 1637, 481602)
(480176, 0, 1426, 481602)
(479965, 0, 1637, 481602)
(480176, 0, 1426, 481602)
(479965, 0, 1637, 481602)
(480012, 0, 1590, 481602)
(480223, 0, 1379, 481602)
(480012, 0, 1590, 481602)
(479965, 0, 1637, 481602)
(480176, 0, 1426, 481602)
(479965, 0, 1637, 481602)
(480176, 0, 1426, 481602)
(480223, 0, 1379, 481602)
(480012, 0, 1590, 481602)
(479965, 0, 1637, 481602)
(480176, 0, 1426, 481602)
(479965, 0, 1637, 481602)
(480176, 0, 1426, 481602)
(480223, 0, 1379, 481602)
(480012, 0, 1590, 481602)
(480059, 0, 1543, 481602)
(480012, 0, 1590, 481602)
(480223, 0, 1379, 481602)
(480012, 0, 1590, 481602)
(480223, 0, 1379, 481602)
(480012, 0, 1590, 481602)
(480223, 0, 1379, 481602)
(480270, 0, 1332, 481602)
(480059, 0, 1543, 481602)
(480270, 0, 1332, 481602)
