(813768, 0, 0, 813768)
(813544, 0, 0, 813544)
(813361, 0, 0, 813361)
(813061, 0, 0, 813061)
(813045, 0, 0, 813045)
(812506, 0, 0, 812506)
(812148, 0, 0, 812148)
(811740, 0, 0, 811740)
(811126, 0, 0, 811126)
(810766, 0, 0, 810766)
(810368, 0, 0, 810368)
(810116, 0, 0, 810116)
(809289, 0, 0, 809289)
(809280, 0, 0, 809280)
(808926, 0, 0, 808926)
(808499, 0, 0, 808499)
(808193, 0, 0, 808193)
(808045, 0, 0, 808045)
(807468, 0, 0, 807468)
(807280, 0, 0, 807280)
(807144, 0, 0, 807144)
(806569, 0, 0, 806569)
(806358, 0, 0, 806358)
(806190, 0, 0, 806190)
(805868, 0, 0, 805868)
(805623, 0, 0, 805623)
(804996, 0, 0, 804996)
(804454, 0, 0, 804454)
(803976, 0, 0, 803976)
(803638, 0, 0, 803638)
(803308, 0, 0, 803308)
(802996, 0, 0, 802996)
(802552, 0, 0, 802552)
(802441, 0, 0, 802441)
(802083, 0, 0, 802083)
(801725, 0, 0, 801725)
(801557, 0, 0, 801557)
(801268, 0, 0, 801268)
(801253, 0, 0, 801253)
(800876, 0, 0, 800876)
(800639, 0, 0, 800639)
(800332, 0, 0, 800332)
(800038, 0, 0, 800038)
(799808, 0, 0, 799808)
(799313, 0, 0, 799313)
(798680, 0, 0, 798680)
(798488, 0, 0, 798488)
(798276, 0, 0, 798276)
(797929, 0, 0, 797929)
(797595, 0, 0, 797595)
(797189, 0, 0, 797189)
(797132, 0, 0, 797132)
(796717, 0, 0, 796717)
(796648, 0, 0, 796648)
(796343, 0, 0, 796343)
(796197, 0, 0, 796197)
(795979, 0, 0, 795979)
(795631, 0, 0, 795631)
(795331, 0, 0, 795331)
(795308, 0, 0, 795308)
(795232, 0, 0, 795232)
(795091, 0, 0, 795091)
(795062, 0, 0, 795062)
(794925, 0, 0, 794925)
(794193, 0, 0, 794193)
(793601, 0, 0, 793601)
(792778, 0, 0, 792778)
(792594, 0, 0, 792594)
(792330, 0, 0, 792330)
(792189, 0, 0, 792189)
(791974, 0, 0, 791974)
(791573, 0, 0, 791573)
(791260, 0, 0, 791260)
(790436, 0, 0, 790436)
(789792, 0, 0, 789792)
(789667, 0, 0, 789667)
(789407, 0, 0, 789407)
(789304, 0, 0, 789304)
(789036, 0, 0, 789036)
(788887, 0, 0, 788887)
(788384, 0, 0, 788384)
(788010, 0, 0, 788010)
(787937, 0, 0, 787937)
(787778, 0, 0, 787778)
(787442, 0, 0, 787442)
(787318, 0, 0, 787318)
(786635, 0, 0, 786635)
(786382, 0, 0, 786382)
(786328, 0, 0, 786328)
(786162, 0, 0, 786162)
(785789, 0, 0, 785789)
(785788, 0, 0, 785788)
(785633, 0, 0, 785633)
(785370, 0, 0, 785370)
(785217, 0, 0, 785217)
(785133, 0, 0, 785133)
(784324, 0, 0, 784324)
(784094, 0, 0, 784094)
(783771, 0, 0, 783771)
(783610, 0, 0, 783610)
(782942, 0, 0, 782942)
(782509, 0, 0, 782509)
(782429, 0, 0, 782429)
(781877, 0, 0, 781877)
(781505, 0, 0, 781505)
(781087, 0, 0, 781087)
(780859, 0, 0, 780859)
(780653, 0, 0, 780653)
(780096, 0, 0, 780096)
(779860, 0, 0, 779860)
(779817, 0, 0, 779817)
(778797, 0, 0, 778797)
(778523, 0, 0, 778523)
