(649785, 0, 0, 649785)
(649689, 0, 0, 649689)
(649688, 0, 0, 649688)
(649621, 0, 0, 649621)
(649574, 0, 0, 649574)
(649305, 0, 0, 649305)
(649304, 0, 0, 649304)
(649108, 0, 0, 649108)
(649107, 0, 0, 649107)
(648816, 0, 0, 648816)
(648472, 0, 0, 648472)
(648399, 0, 0, 648399)
(647659, 0, 0, 647659)
(647472, 0, 0, 647472)
(647424, 0, 0, 647424)
(646984, 0, 0, 646984)
(646857, 0, 0, 646857)
(646276, 0, 0, 646276)
(646275, 0, 0, 646275)
(646274, 0, 0, 646274)
(645959, 0, 0, 645959)
(645880, 0, 0, 645880)
(645879, 0, 0, 645879)
(645878, 0, 0, 645878)
(645716, 0, 0, 645716)
(645372, 0, 0, 645372)
(645110, 0, 0, 645110)
(645053, 0, 0, 645053)
(644569, 0, 0, 644569)
(644568, 0, 0, 644568)
(644217, 0, 0, 644217)
(643872, 0, 0, 643872)
(643415, 0, 0, 643415)
(643414, 0, 0, 643414)
(642962, 0, 0, 642962)
(642119, 0, 0, 642119)
(641711, 0, 0, 641711)
(641448, 0, 0, 641448)
(641347, 0, 0, 641347)
(640792, 0, 0, 640792)
(640677, 0, 0, 640677)
(640676, 0, 0, 640676)
(640154, 0, 0, 640154)
(639819, 0, 0, 639819)
(639818, 0, 0, 639818)
(639502, 0, 0, 639502)
(639265, 0, 0, 639265)
(638910, 0, 0, 638910)
(638909, 0, 0, 638909)
(638287, 0, 0, 638287)
(638203, 0, 0, 638203)
(637762, 0, 0, 637762)
(636981, 0, 0, 636981)
(636745, 0, 0, 636745)
(636451, 0, 0, 636451)
(635294, 0, 0, 635294)
(635210, 0, 0, 635210)
(635164, 0, 0, 635164)
(634922, 0, 0, 634922)
(634809, 0, 0, 634809)
(634790, 0, 0, 634790)
(634734, 0, 0, 634734)
(634544, 0, 0, 634544)
(634253, 0, 0, 634253)
(634252, 0, 0, 634252)
(634032, 0, 0, 634032)
(634024, 0, 0, 634024)
(634016, 0, 0, 634016)
(633584, 0, 0, 633584)
(633534, 0, 0, 633534)
(633400, 0, 0, 633400)
(633375, 0, 0, 633375)
(632913, 0, 0, 632913)
(631878, 0, 0, 631878)
(631578, 0, 0, 631578)
(631084, 0, 0, 631084)
(630537, 0, 0, 630537)
(630423, 0, 0, 630423)
(630068, 0, 0, 630068)
(629722, 0, 0, 629722)
(629721, 0, 0, 629721)
(629607, 0, 0, 629607)
(629272, 0, 0, 629272)
(628671, 0, 0, 628671)
(628339, 0, 0, 628339)
(628080, 0, 0, 628080)
(628079, 0, 0, 628079)
(628067, 0, 0, 628067)
(628066, 0, 0, 628066)
(628025, 0, 0, 628025)
(627868, 0, 0, 627868)
(627269, 0, 0, 627269)
(626632, 0, 0, 626632)
(626228, 0, 0, 626228)
(626099, 0, 0, 626099)
(625996, 0, 0, 625996)
(625719, 0, 0, 625719)
(625441, 0, 0, 625441)
(625440, 0, 0, 625440)
(625439, 0, 0, 625439)
(625438, 0, 0, 625438)
(625307, 0, 0, 625307)
(625043, 0, 0, 625043)
(625042, 0, 0, 625042)
(624510, 0, 0, 624510)
(624416, 0, 0, 624416)
(624415, 0, 0, 624415)
(624104, 0, 0, 624104)
(623936, 0, 0, 623936)
(623813, 0, 0, 623813)
(623387, 0, 0, 623387)
(622975, 0, 0, 622975)
(622670, 0, 0, 622670)
(621682, 0, 0, 621682)
(621463, 0, 0, 621463)
(621079, 0, 0, 621079)
(620651, 0, 0, 620651)
(620333, 0, 0, 620333)
(620223, 0, 0, 620223)
(619962, 0, 0, 619962)
(619961, 0, 0, 619961)
(619521, 0, 0, 619521)
(619520, 0, 0, 619520)
(619519, 0, 0, 619519)
(619518, 0, 0, 619518)
(619509, 0, 0, 619509)
(618640, 0, 0, 618640)
(618455, 0, 0, 618455)
(618270, 0, 0, 618270)
(618108, 0, 0, 618108)
(617730, 0, 0, 617730)
(617633, 0, 0, 617633)
(617477, 0, 0, 617477)
(617297, 0, 0, 617297)
(617044, 0, 0, 617044)
(616771, 0, 0, 616771)
(616709, 0, 0, 616709)
(616708, 0, 0, 616708)
(616707, 0, 0, 616707)
