(577557, 0, 0, 577557)
(577415, 0, 0, 577415)
(576673, 0, 0, 576673)
(576283, 0, 0, 576283)
(575746, 0, 0, 575746)
(575060, 0, 0, 575060)
(574243, 0, 0, 574243)
(573921, 0, 0, 573921)
(573709, 0, 0, 573709)
(573708, 0, 0, 573708)
(573108, 0, 0, 573108)
(572709, 0, 0, 572709)
(572695, 0, 0, 572695)
(572437, 0, 0, 572437)
(571945, 0, 0, 571945)
(571353, 0, 0, 571353)
(571136, 0, 0, 571136)
(570936, 0, 0, 570936)
(570736, 0, 0, 570736)
(570735, 0, 0, 570735)
(570734, 0, 0, 570734)
(570359, 0, 0, 570359)
(570221, 0, 0, 570221)
(570130, 0, 0, 570130)
(569567, 0, 0, 569567)
(568985, 0, 0, 568985)
(568579, 0, 0, 568579)
(568090, 0, 0, 568090)
(567789, 0, 0, 567789)
(567034, 0, 0, 567034)
(566529, 0, 0, 566529)
(565602, 0, 0, 565602)
(564573, 0, 0, 564573)
(563906, 0, 0, 563906)
(563552, 0, 0, 563552)
(562557, 0, 0, 562557)
(561601, 0, 0, 561601)
(561063, 0, 0, 561063)
(560318, 0, 0, 560318)
(560079, 0, 0, 560079)
(559225, 0, 0, 559225)
(559219, 0, 0, 559219)
(558581, 0, 0, 558581)
(558470, 0, 0, 558470)
(558185, 0, 0, 558185)
(557538, 0, 0, 557538)
(557507, 0, 0, 557507)
(557424, 0, 0, 557424)
(556713, 0, 0, 556713)
(555787, 0, 0, 555787)
(555254, 0, 0, 555254)
(554913, 0, 0, 554913)
(554419, 0, 0, 554419)
(554418, 0, 0, 554418)
(553915, 0, 0, 553915)
(553394, 0, 0, 553394)
(553311, 0, 0, 553311)
(553259, 0, 0, 553259)
(553077, 0, 0, 553077)
(552939, 0, 0, 552939)
(552840, 0, 0, 552840)
(552741, 0, 0, 552741)
(552580, 0, 0, 552580)
(552579, 0, 0, 552579)
(552578, 0, 0, 552578)
(552577, 0, 0, 552577)
(552515, 0, 0, 552515)
(551890, 0, 0, 551890)
(551843, 0, 0, 551843)
(551783, 0, 0, 551783)
(551624, 0, 0, 551624)
(551593, 0, 0, 551593)
(551592, 0, 0, 551592)
(551315, 0, 0, 551315)
(551140, 0, 0, 551140)
(550375, 0, 0, 550375)
(550352, 0, 0, 550352)
(549361, 0, 0, 549361)
(549152, 0, 0, 549152)
(548072, 0, 0, 548072)
(547980, 0, 0, 547980)
(547867, 0, 0, 547867)
(547673, 0, 0, 547673)
(547105, 0, 0, 547105)
(546898, 0, 0, 546898)
(546377, 0, 0, 546377)
(546044, 0, 0, 546044)
(546018, 0, 0, 546018)
(545992, 0, 0, 545992)
(545966, 0, 0, 545966)
(545651, 0, 0, 545651)
(545503, 0, 0, 545503)
(545347, 0, 0, 545347)
(545107, 0, 0, 545107)
(544814, 0, 0, 544814)
(544248, 0, 0, 544248)
(543737, 0, 0, 543737)
(543584, 0, 0, 543584)
(542976, 0, 0, 542976)
(542707, 0, 0, 542707)
(542706, 0, 0, 542706)
(542705, 0, 0, 542705)
(542526, 0, 0, 542526)
(541594, 0, 0, 541594)
(541593, 0, 0, 541593)
(540922, 0, 0, 540922)
(540658, 0, 0, 540658)
(539796, 0, 0, 539796)
(539795, 0, 0, 539795)
(539627, 0, 0, 539627)
(538901, 0, 0, 538901)
(538838, 0, 0, 538838)
(538534, 0, 0, 538534)
(538378, 0, 0, 538378)
(537921, 0, 0, 537921)
(537362, 0, 0, 537362)
(536547, 0, 0, 536547)
(536142, 0, 0, 536142)
(536141, 0, 0, 536141)
(535767, 0, 0, 535767)
(535719, 0, 0, 535719)
(535671, 0, 0, 535671)
(535623, 0, 0, 535623)
(535575, 0, 0, 535575)
(535126, 0, 0, 535126)
(534328, 0, 0, 534328)
(534327, 0, 0, 534327)
(534210, 0, 0, 534210)
(534016, 0, 0, 534016)
(533659, 0, 0, 533659)
(533260, 0, 0, 533260)
(533004, 0, 0, 533004)
(532910, 0, 0, 532910)
(532272, 0, 0, 532272)
(532155, 0, 0, 532155)
(531733, 0, 0, 531733)
(530826, 0, 0, 530826)
(530443, 0, 0, 530443)
(529948, 0, 0, 529948)
(529594, 0, 0, 529594)
(529593, 0, 0, 529593)
(529252, 0, 0, 529252)
(529135, 0, 0, 529135)
(528184, 0, 0, 528184)
(528053, 0, 0, 528053)
(527362, 0, 0, 527362)
(526657, 0, 0, 526657)
(526644, 0, 0, 526644)
(526093, 0, 0, 526093)
(525955, 0, 0, 525955)
(525523, 0, 0, 525523)
(525489, 0, 0, 525489)
(525488, 0, 0, 525488)
(525108, 0, 0, 525108)
(525107, 0, 0, 525107)
(525000, 0, 0, 525000)
