(582057, 0, 0, 582057)
(582057, 0, 0, 582057)
(581283, 0, 0, 581283)
(581148, 0, 0, 581148)
(580249, 0, 0, 580249)
(579870, 0, 0, 579870)
(578662, 0, 0, 578662)
(578235, 0, 0, 578235)
(577296, 0, 0, 577296)
(576336, 0, 0, 576336)
(578680, 0, 4928, 583608)
(578680, 0, 4928, 583608)
(576333, 1510, 4928, 582771)
(576333, 1510, 4928, 582771)
(574934, 1510, 4928, 581372)
(574934, 1510, 4928, 581372)
(574396, 1510, 4928, 580834)
(574396, 1510, 4928, 580834)
(572837, 1510, 4928, 579275)
(580898, 0, 4928, 585826)
