(496806, 0, 898, 497704)
(497704, 0, 0, 497704)
(496676, 0, 1028, 497704)
(497704, 0, 0, 497704)
(497197, 0, 507, 497704)
(496481, 0, 1223, 497704)
(495453, 0, 2251, 497704)
(496481, 0, 1223, 497704)
(495583, 0, 2121, 497704)
(496481, 0, 1223, 497704)
(497197, 0, 507, 497704)
(496299, 0, 1405, 497704)
(497197, 0, 507, 497704)
(497342, 0, 634, 497976)
(496444, 0, 1532, 497976)
(497342, 0, 634, 497976)
(496444, 0, 1532, 497976)
(497342, 0, 634, 497976)
(496314, 0, 1662, 497976)
(497342, 0, 634, 497976)
(496626, 0, 1350, 497976)
(497342, 0, 634, 497976)
(497197, 0, 507, 497704)
(496564, 0, 1140, 497704)
(497197, 0, 507, 497704)
(496299, 0, 1405, 497704)
(497197, 0, 507, 497704)
(496169, 0, 1535, 497704)
(497197, 0, 507, 497704)
(496299, 0, 1405, 497704)
(497197, 0, 507, 497704)
(496299, 0, 1405, 497704)
(497197, 0, 507, 497704)
(496299, 0, 1405, 497704)
(497197, 0, 507, 497704)
(496299, 0, 1405, 497704)
(497197, 0, 507, 497704)
(496299, 0, 1405, 497704)
(497197, 0, 507, 497704)
(496169, 0, 1535, 497704)
(497197, 0, 507, 497704)
(496299, 0, 1405, 497704)
(497197, 0, 507, 497704)
(496299, 0, 1405, 497704)
(497197, 0, 507, 497704)
(497704, 0, 0, 497704)
(496676, 0, 1028, 497704)
(497704, 0, 0, 497704)
(496676, 0, 1028, 497704)
(497704, 0, 0, 497704)
(496676, 0, 1028, 497704)
(497704, 0, 0, 497704)
(496676, 0, 1028, 497704)
(497704, 0, 0, 497704)
(496806, 0, 898, 497704)
(497704, 0, 0, 497704)
(497332, 0, 372, 497704)
(496434, 0, 1270, 497704)
(497332, 0, 372, 497704)
(496699, 0, 1005, 497704)
(497332, 0, 372, 497704)
(496434, 0, 1270, 497704)
(497332, 0, 372, 497704)
(496304, 0, 1400, 497704)
(497332, 0, 372, 497704)
(496434, 0, 1270, 497704)
(497332, 0, 372, 497704)
(496434, 0, 1270, 497704)
(497332, 0, 372, 497704)
(496304, 0, 1400, 497704)
(497332, 0, 372, 497704)
(496304, 0, 1400, 497704)
(497332, 0, 372, 497704)
(497704, 0, 0, 497704)
(496806, 0, 898, 497704)
(497704, 0, 0, 497704)
(496806, 0, 898, 497704)
(497704, 0, 0, 497704)
(496676, 0, 1028, 497704)
(497704, 0, 0, 497704)
(496806, 0, 898, 497704)
(497704, 0, 0, 497704)
(496806, 0, 898, 497704)
(497704, 0, 0, 497704)
(496806, 0, 898, 497704)
(497704, 0, 0, 497704)
(496806, 0, 898, 497704)
(497704, 0, 0, 497704)
(496988, 0, 716, 497704)
(496090, 0, 1614, 497704)
(496988, 0, 716, 497704)
(496090, 0, 1614, 497704)
(496988, 0, 716, 497704)
(495960, 0, 1744, 497704)
(496988, 0, 716, 497704)
(497704, 0, 0, 497704)
(496806, 0, 898, 497704)
(497704, 0, 0, 497704)
(496676, 0, 1028, 497704)
(497704, 0, 0, 497704)
(496988, 0, 716, 497704)
(496090, 0, 1614, 497704)
(496988, 0, 716, 497704)
(495960, 0, 1744, 497704)
(496988, 0, 716, 497704)
(496090, 0, 1614, 497704)
(496988, 0, 716, 497704)
(497704, 0, 0, 497704)
(496806, 0, 898, 497704)
(497704, 0, 0, 497704)
(497071, 0, 633, 497704)
(496173, 0, 1531, 497704)
(497071, 0, 633, 497704)
(496043, 0, 1661, 497704)
(497071, 0, 633, 497704)
(497704, 0, 0, 497704)
(496806, 0, 898, 497704)
(497704, 0, 0, 497704)
(496806, 0, 898, 497704)
(497704, 0, 0, 497704)
(496676, 0, 1028, 497704)
(497704, 0, 0, 497704)
(496806, 0, 898, 497704)
(497704, 0, 0, 497704)
(496676, 0, 1028, 497704)
(497704, 0, 0, 497704)
(497071, 0, 633, 497704)
(496173, 0, 1531, 497704)
(497071, 0, 633, 497704)
(497704, 0, 0, 497704)
(496676, 0, 1028, 497704)
(497704, 0, 0, 497704)
(497530, 0, 174, 497704)
(496814, 0, 890, 497704)
(495786, 0, 1918, 497704)
(496814, 0, 890, 497704)
(495786, 0, 1918, 497704)
(496814, 0, 890, 497704)
(495916, 0, 1788, 497704)
(496814, 0, 890, 497704)
(495786, 0, 1918, 497704)
(496814, 0, 890, 497704)
(497530, 0, 174, 497704)
(496632, 0, 1072, 497704)
(497530, 0, 174, 497704)
(496632, 0, 1072, 497704)
(497530, 0, 174, 497704)
(496632, 0, 1072, 497704)
(497530, 0, 174, 497704)
(496632, 0, 1072, 497704)
(497530, 0, 174, 497704)
(497158, 0, 546, 497704)
(496130, 0, 1574, 497704)
(497158, 0, 546, 497704)
(496130, 0, 1574, 497704)
(497158, 0, 546, 497704)
(496260, 0, 1444, 497704)
(497158, 0, 546, 497704)
(496260, 0, 1444, 497704)
(497158, 0, 546, 497704)
(496260, 0, 1444, 497704)
(497158, 0, 546, 497704)
(496130, 0, 1574, 497704)
(497158, 0, 546, 497704)
(496442, 0, 1262, 497704)
(495544, 0, 2160, 497704)
(496442, 0, 1262, 497704)
(495414, 0, 2290, 497704)
(496442, 0, 1262, 497704)
(495544, 0, 2160, 497704)
(496442, 0, 1262, 497704)
(497158, 0, 546, 497704)
(496260, 0, 1444, 497704)
(497158, 0, 546, 497704)
(496130, 0, 1574, 497704)
(497158, 0, 546, 497704)
(496260, 0, 1444, 497704)
(497158, 0, 546, 497704)
(496260, 0, 1444, 497704)
(497158, 0, 546, 497704)
(496260, 0, 1444, 497704)
(497158, 0, 546, 497704)
(496260, 0, 1444, 497704)
(497158, 0, 546, 497704)
(496130, 0, 1574, 497704)
(497158, 0, 546, 497704)
(496130, 0, 1574, 497704)
(497158, 0, 546, 497704)
(496130, 0, 1574, 497704)
(497158, 0, 546, 497704)
(496260, 0, 1444, 497704)
(497158, 0, 546, 497704)
(496442, 0, 1262, 497704)
(495414, 0, 2290, 497704)
(496442, 0, 1262, 497704)
(497158, 0, 546, 497704)
(496130, 0, 1574, 497704)
(497158, 0, 546, 497704)
(496525, 0, 1179, 497704)
(495627, 0, 2077, 497704)
(496525, 0, 1179, 497704)
(495497, 0, 2207, 497704)
(496525, 0, 1179, 497704)
(495497, 0, 2207, 497704)
(496525, 0, 1179, 497704)
(495497, 0, 2207, 497704)
(496525, 0, 1179, 497704)
(495627, 0, 2077, 497704)
(496525, 0, 1179, 497704)
(497158, 0, 546, 497704)
(496260, 0, 1444, 497704)
(497158, 0, 546, 497704)
(496260, 0, 1444, 497704)
(497158, 0, 546, 497704)
(496130, 0, 1574, 497704)
(497158, 0, 546, 497704)
(496260, 0, 1444, 497704)
(497158, 0, 546, 497704)
(496260, 0, 1444, 497704)
(497158, 0, 546, 497704)
(496130, 0, 1574, 497704)
(497158, 0, 546, 497704)
(496130, 0, 1574, 497704)
(497158, 0, 546, 497704)
(496260, 0, 1444, 497704)
(497158, 0, 546, 497704)
(496260, 0, 1444, 497704)
(497158, 0, 546, 497704)
(496260, 0, 1444, 497704)
(497158, 0, 546, 497704)
(496260, 0, 1444, 497704)
(497158, 0, 546, 497704)
(496260, 0, 1444, 497704)
(497158, 0, 546, 497704)
(496260, 0, 1444, 497704)
(497158, 0, 546, 497704)
(496130, 0, 1574, 497704)
(497158, 0, 546, 497704)
(496260, 0, 1444, 497704)
(497158, 0, 546, 497704)
(497530, 0, 174, 497704)
(497158, 0, 546, 497704)
(497530, 0, 174, 497704)
(496502, 0, 1202, 497704)
(497530, 0, 174, 497704)
(496897, 0, 807, 497704)
(495999, 0, 1705, 497704)
(496897, 0, 807, 497704)
(495999, 0, 1705, 497704)
(496897, 0, 807, 497704)
(495999, 0, 1705, 497704)
(496897, 0, 807, 497704)
(497530, 0, 174, 497704)
(496632, 0, 1072, 497704)
(497530, 0, 174, 497704)
(496502, 0, 1202, 497704)
(497530, 0, 174, 497704)
(497657, 0, 319, 497976)
(496941, 0, 1035, 497976)
(496043, 0, 1933, 497976)
(496941, 0, 1035, 497976)
(496043, 0, 1933, 497976)
(496941, 0, 1035, 497976)
(495913, 0, 2063, 497976)
(496941, 0, 1035, 497976)
(497657, 0, 319, 497976)
(496629, 0, 1347, 497976)
(497657, 0, 319, 497976)
(496759, 0, 1217, 497976)
(497657, 0, 319, 497976)
(496759, 0, 1217, 497976)
(497657, 0, 319, 497976)
(497024, 0, 952, 497976)
(497657, 0, 319, 497976)
(496759, 0, 1217, 497976)
(497657, 0, 319, 497976)
(496759, 0, 1217, 497976)
(497657, 0, 319, 497976)
(496759, 0, 1217, 497976)
(497657, 0, 319, 497976)
(496941, 0, 1035, 497976)
(496043, 0, 1933, 497976)
(496941, 0, 1035, 497976)
(497657, 0, 319, 497976)
(496759, 0, 1217, 497976)
(497657, 0, 319, 497976)
(497024, 0, 952, 497976)
(497657, 0, 319, 497976)
(496629, 0, 1347, 497976)
(497657, 0, 319, 497976)
(496941, 0, 1035, 497976)
(497657, 0, 319, 497976)
(496759, 0, 1217, 497976)
(497657, 0, 319, 497976)
(496759, 0, 1217, 497976)
(497657, 0, 319, 497976)
(496629, 0, 1347, 497976)
(497657, 0, 319, 497976)
(497512, 0, 464, 497976)
(496796, 0, 1180, 497976)
(495898, 0, 2078, 497976)
(496796, 0, 1180, 497976)
(497512, 0, 464, 497976)
(496614, 0, 1362, 497976)
(497512, 0, 464, 497976)
(496614, 0, 1362, 497976)
(497512, 0, 464, 497976)
(496614, 0, 1362, 497976)
(497512, 0, 464, 497976)
(496484, 0, 1492, 497976)
(497512, 0, 464, 497976)
(496614, 0, 1362, 497976)
(497512, 0, 464, 497976)
(496484, 0, 1492, 497976)
(497512, 0, 464, 497976)
(496614, 0, 1362, 497976)
(497512, 0, 464, 497976)
(496614, 0, 1362, 497976)
(497512, 0, 464, 497976)
(497657, 0, 319, 497976)
(496759, 0, 1217, 497976)
(497657, 0, 319, 497976)
(496629, 0, 1347, 497976)
(497657, 0, 319, 497976)
(496629, 0, 1347, 497976)
(497657, 0, 319, 497976)
(496629, 0, 1347, 497976)
(497657, 0, 319, 497976)
(496759, 0, 1217, 497976)
(497657, 0, 319, 497976)
(496759, 0, 1217, 497976)
(497657, 0, 319, 497976)
(496759, 0, 1217, 497976)
(497657, 0, 319, 497976)
(496941, 0, 1035, 497976)
(496043, 0, 1933, 497976)
(496941, 0, 1035, 497976)
(496043, 0, 1933, 497976)
(496941, 0, 1035, 497976)
(497657, 0, 319, 497976)
(496759, 0, 1217, 497976)
(497657, 0, 319, 497976)
(496759, 0, 1217, 497976)
(497657, 0, 319, 497976)
(497802, 0, 174, 497976)
(497086, 0, 890, 497976)
(496188, 0, 1788, 497976)
(497086, 0, 890, 497976)
(496188, 0, 1788, 497976)
(497086, 0, 890, 497976)
(496058, 0, 1918, 497976)
(497086, 0, 890, 497976)
(497802, 0, 174, 497976)
(497086, 0, 890, 497976)
(496058, 0, 1918, 497976)
(497086, 0, 890, 497976)
(497802, 0, 174, 497976)
(496774, 0, 1202, 497976)
(497802, 0, 174, 497976)
(497169, 0, 807, 497976)
(496271, 0, 1705, 497976)
(497169, 0, 807, 497976)
(496141, 0, 1835, 497976)
(497169, 0, 807, 497976)
(497802, 0, 174, 497976)
(497657, 0, 319, 497976)
(496941, 0, 1035, 497976)
(496043, 0, 1933, 497976)
(496941, 0, 1035, 497976)
(497657, 0, 319, 497976)
(496759, 0, 1217, 497976)
(497657, 0, 319, 497976)
(496759, 0, 1217, 497976)
(497657, 0, 319, 497976)
(496759, 0, 1217, 497976)
(497657, 0, 319, 497976)
(496759, 0, 1217, 497976)
(497657, 0, 319, 497976)
(496759, 0, 1217, 497976)
(497657, 0, 319, 497976)
(496759, 0, 1217, 497976)
(497657, 0, 319, 497976)
(496629, 0, 1347, 497976)
(497657, 0, 319, 497976)
(496759, 0, 1217, 497976)
(497657, 0, 319, 497976)
(496759, 0, 1217, 497976)
(497657, 0, 319, 497976)
(496629, 0, 1347, 497976)
(497657, 0, 319, 497976)
(496759, 0, 1217, 497976)
(497657, 0, 319, 497976)
(496629, 0, 1347, 497976)
(497657, 0, 319, 497976)
(497512, 0, 464, 497976)
(496614, 0, 1362, 497976)
(497512, 0, 464, 497976)
(496879, 0, 1097, 497976)
(495851, 0, 2125, 497976)
(496879, 0, 1097, 497976)
(495981, 0, 1995, 497976)
(496879, 0, 1097, 497976)
(495851, 0, 2125, 497976)
(496879, 0, 1097, 497976)
(495981, 0, 1995, 497976)
(496879, 0, 1097, 497976)
(495851, 0, 2125, 497976)
(496879, 0, 1097, 497976)
(495981, 0, 1995, 497976)
(496879, 0, 1097, 497976)
(495851, 0, 2125, 497976)
(496879, 0, 1097, 497976)
(495981, 0, 1995, 497976)
(496879, 0, 1097, 497976)
(495981, 0, 1995, 497976)
(496879, 0, 1097, 497976)
(495981, 0, 1995, 497976)
(496879, 0, 1097, 497976)
(497512, 0, 464, 497976)
(496614, 0, 1362, 497976)
(497512, 0, 464, 497976)
(496484, 0, 1492, 497976)
(497512, 0, 464, 497976)
(496614, 0, 1362, 497976)
(497512, 0, 464, 497976)
(496484, 0, 1492, 497976)
(497512, 0, 464, 497976)
(496796, 0, 1180, 497976)
(495898, 0, 2078, 497976)
(496796, 0, 1180, 497976)
(497512, 0, 464, 497976)
(497657, 0, 319, 497976)
(496759, 0, 1217, 497976)
(497657, 0, 319, 497976)
(496759, 0, 1217, 497976)
(497657, 0, 319, 497976)
(496759, 0, 1217, 497976)
(497657, 0, 319, 497976)
(496759, 0, 1217, 497976)
(497657, 0, 319, 497976)
(496629, 0, 1347, 497976)
(497657, 0, 319, 497976)
(496759, 0, 1217, 497976)
(497657, 0, 319, 497976)
(496759, 0, 1217, 497976)
(497657, 0, 319, 497976)
(496759, 0, 1217, 497976)
(497657, 0, 319, 497976)
(496629, 0, 1347, 497976)
(497657, 0, 319, 497976)
(496759, 0, 1217, 497976)
(497657, 0, 319, 497976)
(496759, 0, 1217, 497976)
(497657, 0, 319, 497976)
(496759, 0, 1217, 497976)
(497657, 0, 319, 497976)
(496759, 0, 1217, 497976)
(497657, 0, 319, 497976)
(496629, 0, 1347, 497976)
(497657, 0, 319, 497976)
(496629, 0, 1347, 497976)
(497657, 0, 319, 497976)
(496759, 0, 1217, 497976)
(497657, 0, 319, 497976)
(496759, 0, 1217, 497976)
(497657, 0, 319, 497976)
(496759, 0, 1217, 497976)
(497657, 0, 319, 497976)
(496759, 0, 1217, 497976)
(497657, 0, 319, 497976)
(496759, 0, 1217, 497976)
(497657, 0, 319, 497976)
(496759, 0, 1217, 497976)
(497657, 0, 319, 497976)
(497512, 0, 464, 497976)
(496614, 0, 1362, 497976)
(497512, 0, 464, 497976)
(496796, 0, 1180, 497976)
(495898, 0, 2078, 497976)
(496796, 0, 1180, 497976)
(497512, 0, 464, 497976)
(496614, 0, 1362, 497976)
(497512, 0, 464, 497976)
(496796, 0, 1180, 497976)
(497512, 0, 464, 497976)
(496484, 0, 1492, 497976)
(497512, 0, 464, 497976)
(496796, 0, 1180, 497976)
(495898, 0, 2078, 497976)
(496796, 0, 1180, 497976)
(497512, 0, 464, 497976)
(496796, 0, 1180, 497976)
(497512, 0, 464, 497976)
(496614, 0, 1362, 497976)
(497512, 0, 464, 497976)
(496614, 0, 1362, 497976)
(497512, 0, 464, 497976)
(496484, 0, 1492, 497976)
(497512, 0, 464, 497976)
(496614, 0, 1362, 497976)
(497512, 0, 464, 497976)
(496614, 0, 1362, 497976)
(497512, 0, 464, 497976)
(496484, 0, 1492, 497976)
(497512, 0, 464, 497976)
(496614, 0, 1362, 497976)
(497512, 0, 464, 497976)
(496614, 0, 1362, 497976)
(497512, 0, 464, 497976)
(496796, 0, 1180, 497976)
(495898, 0, 2078, 497976)
(496796, 0, 1180, 497976)
(497512, 0, 464, 497976)
(496796, 0, 1180, 497976)
(495898, 0, 2078, 497976)
(496796, 0, 1180, 497976)
(495768, 0, 2208, 497976)
(496796, 0, 1180, 497976)
(495898, 0, 2078, 497976)
(496796, 0, 1180, 497976)
(495898, 0, 2078, 497976)
(496796, 0, 1180, 497976)
(497512, 0, 464, 497976)
(496614, 0, 1362, 497976)
(497512, 0, 464, 497976)
(496614, 0, 1362, 497976)
(497512, 0, 464, 497976)
(496614, 0, 1362, 497976)
(497512, 0, 464, 497976)
(496879, 0, 1097, 497976)
(495981, 0, 1995, 497976)
(496879, 0, 1097, 497976)
(495851, 0, 2125, 497976)
(496879, 0, 1097, 497976)
(495981, 0, 1995, 497976)
(496879, 0, 1097, 497976)
(495851, 0, 2125, 497976)
(496879, 0, 1097, 497976)
(495851, 0, 2125, 497976)
(496879, 0, 1097, 497976)
(495851, 0, 2125, 497976)
(496879, 0, 1097, 497976)
(497512, 0, 464, 497976)
(496614, 0, 1362, 497976)
(497512, 0, 464, 497976)
(496614, 0, 1362, 497976)
(497512, 0, 464, 497976)
(496796, 0, 1180, 497976)
(495768, 0, 2208, 497976)
(496796, 0, 1180, 497976)
(495898, 0, 2078, 497976)
(496796, 0, 1180, 497976)
(495768, 0, 2208, 497976)
(496796, 0, 1180, 497976)
(495898, 0, 2078, 497976)
(496796, 0, 1180, 497976)
(495768, 0, 2208, 497976)
(496796, 0, 1180, 497976)
(495768, 0, 2208, 497976)
(496796, 0, 1180, 497976)
(497512, 0, 464, 497976)
(496614, 0, 1362, 497976)
(497512, 0, 464, 497976)
(496484, 0, 1492, 497976)
(497512, 0, 464, 497976)
(496614, 0, 1362, 497976)
(497512, 0, 464, 497976)
(496484, 0, 1492, 497976)
(497512, 0, 464, 497976)
(496614, 0, 1362, 497976)
(497512, 0, 464, 497976)
(496484, 0, 1492, 497976)
(497512, 0, 464, 497976)
(496796, 0, 1180, 497976)
(495898, 0, 2078, 497976)
(496796, 0, 1180, 497976)
(495898, 0, 2078, 497976)
(496796, 0, 1180, 497976)
(495898, 0, 2078, 497976)
(496796, 0, 1180, 497976)
(495898, 0, 2078, 497976)
(496796, 0, 1180, 497976)
(495898, 0, 2078, 497976)
(496796, 0, 1180, 497976)
(495898, 0, 2078, 497976)
(496796, 0, 1180, 497976)
(495898, 0, 2078, 497976)
(496796, 0, 1180, 497976)
(495898, 0, 2078, 497976)
(496796, 0, 1180, 497976)
(495898, 0, 2078, 497976)
(496796, 0, 1180, 497976)
(497512, 0, 464, 497976)
(496614, 0, 1362, 497976)
(497512, 0, 464, 497976)
(496614, 0, 1362, 497976)
(497512, 0, 464, 497976)
(496614, 0, 1362, 497976)
(497512, 0, 464, 497976)
(496796, 0, 1180, 497976)
(495898, 0, 2078, 497976)
(496796, 0, 1180, 497976)
(495768, 0, 2208, 497976)
(496796, 0, 1180, 497976)
(497512, 0, 464, 497976)
(496614, 0, 1362, 497976)
(497512, 0, 464, 497976)
(496879, 0, 1097, 497976)
(495851, 0, 2125, 497976)
(496879, 0, 1097, 497976)
(495981, 0, 1995, 497976)
(496879, 0, 1097, 497976)
(495981, 0, 1995, 497976)
(496879, 0, 1097, 497976)
(495981, 0, 1995, 497976)
(496879, 0, 1097, 497976)
(495981, 0, 1995, 497976)
(496879, 0, 1097, 497976)
(495851, 0, 2125, 497976)
(496879, 0, 1097, 497976)
(495851, 0, 2125, 497976)
(496879, 0, 1097, 497976)
(495851, 0, 2125, 497976)
(496879, 0, 1097, 497976)
(495981, 0, 1995, 497976)
(496879, 0, 1097, 497976)
(495981, 0, 1995, 497976)
(496879, 0, 1097, 497976)
(495851, 0, 2125, 497976)
(496879, 0, 1097, 497976)
(495851, 0, 2125, 497976)
(496879, 0, 1097, 497976)
(497512, 0, 464, 497976)
(496796, 0, 1180, 497976)
(495898, 0, 2078, 497976)
(496796, 0, 1180, 497976)
(495768, 0, 2208, 497976)
(496796, 0, 1180, 497976)
(495898, 0, 2078, 497976)
(496796, 0, 1180, 497976)
(495898, 0, 2078, 497976)
(496796, 0, 1180, 497976)
(495898, 0, 2078, 497976)
(496796, 0, 1180, 497976)
(495898, 0, 2078, 497976)
(496796, 0, 1180, 497976)
(495768, 0, 2208, 497976)
(496796, 0, 1180, 497976)
(495898, 0, 2078, 497976)
(496796, 0, 1180, 497976)
(495768, 0, 2208, 497976)
(496796, 0, 1180, 497976)
(497512, 0, 464, 497976)
(496879, 0, 1097, 497976)
(495981, 0, 1995, 497976)
(496879, 0, 1097, 497976)
(495981, 0, 1995, 497976)
(496879, 0, 1097, 497976)
(497512, 0, 464, 497976)
(496614, 0, 1362, 497976)
(497512, 0, 464, 497976)
(496879, 0, 1097, 497976)
(495981, 0, 1995, 497976)
(496879, 0, 1097, 497976)
(495851, 0, 2125, 497976)
(496879, 0, 1097, 497976)
(495851, 0, 2125, 497976)
(496879, 0, 1097, 497976)
(495981, 0, 1995, 497976)
(496879, 0, 1097, 497976)
(495981, 0, 1995, 497976)
(496879, 0, 1097, 497976)
(495851, 0, 2125, 497976)
(496879, 0, 1097, 497976)
(495981, 0, 1995, 497976)
(496879, 0, 1097, 497976)
(495981, 0, 1995, 497976)
(496879, 0, 1097, 497976)
(495981, 0, 1995, 497976)
(496879, 0, 1097, 497976)
(495851, 0, 2125, 497976)
(496879, 0, 1097, 497976)
(495851, 0, 2125, 497976)
(496879, 0, 1097, 497976)
(495981, 0, 1995, 497976)
(496879, 0, 1097, 497976)
(497512, 0, 464, 497976)
(496796, 0, 1180, 497976)
(497512, 0, 464, 497976)
(496614, 0, 1362, 497976)
(497512, 0, 464, 497976)
(496614, 0, 1362, 497976)
(497512, 0, 464, 497976)
(496614, 0, 1362, 497976)
(497512, 0, 464, 497976)
(496484, 0, 1492, 497976)
(497512, 0, 464, 497976)
(496614, 0, 1362, 497976)
(497512, 0, 464, 497976)
(496484, 0, 1492, 497976)
(497512, 0, 464, 497976)
(496614, 0, 1362, 497976)
(497512, 0, 464, 497976)
(496484, 0, 1492, 497976)
(497512, 0, 464, 497976)
(496614, 0, 1362, 497976)
(497512, 0, 464, 497976)
(496614, 0, 1362, 497976)
(497512, 0, 464, 497976)
(496484, 0, 1492, 497976)
(497512, 0, 464, 497976)
(496614, 0, 1362, 497976)
(497512, 0, 464, 497976)
(497657, 0, 319, 497976)
(496629, 0, 1347, 497976)
(497657, 0, 319, 497976)
(496629, 0, 1347, 497976)
(497657, 0, 319, 497976)
(496759, 0, 1217, 497976)
(497657, 0, 319, 497976)
(496759, 0, 1217, 497976)
(497657, 0, 319, 497976)
(496759, 0, 1217, 497976)
(497657, 0, 319, 497976)
(496629, 0, 1347, 497976)
(497657, 0, 319, 497976)
(496629, 0, 1347, 497976)
(497657, 0, 319, 497976)
(496629, 0, 1347, 497976)
(497657, 0, 319, 497976)
(496759, 0, 1217, 497976)
(497657, 0, 319, 497976)
(496759, 0, 1217, 497976)
(497657, 0, 319, 497976)
(496941, 0, 1035, 497976)
(496043, 0, 1933, 497976)
(496941, 0, 1035, 497976)
(496043, 0, 1933, 497976)
(496941, 0, 1035, 497976)
(495913, 0, 2063, 497976)
(496941, 0, 1035, 497976)
(496043, 0, 1933, 497976)
(496941, 0, 1035, 497976)
(495913, 0, 2063, 497976)
(496941, 0, 1035, 497976)
(495913, 0, 2063, 497976)
(496941, 0, 1035, 497976)
(497657, 0, 319, 497976)
(496629, 0, 1347, 497976)
(497657, 0, 319, 497976)
(496759, 0, 1217, 497976)
(497657, 0, 319, 497976)
(496941, 0, 1035, 497976)
(497657, 0, 319, 497976)
(496759, 0, 1217, 497976)
(497657, 0, 319, 497976)
(496629, 0, 1347, 497976)
(497657, 0, 319, 497976)
(496629, 0, 1347, 497976)
(497657, 0, 319, 497976)
(496759, 0, 1217, 497976)
(497657, 0, 319, 497976)
(497024, 0, 952, 497976)
(496126, 0, 1850, 497976)
(497024, 0, 952, 497976)
(496126, 0, 1850, 497976)
(497024, 0, 952, 497976)
(496126, 0, 1850, 497976)
(497024, 0, 952, 497976)
(497657, 0, 319, 497976)
(497512, 0, 464, 497976)
(496796, 0, 1180, 497976)
(497512, 0, 464, 497976)
(496796, 0, 1180, 497976)
(495768, 0, 2208, 497976)
(496796, 0, 1180, 497976)
(495898, 0, 2078, 497976)
(496796, 0, 1180, 497976)
(495768, 0, 2208, 497976)
(496796, 0, 1180, 497976)
(497512, 0, 464, 497976)
(496614, 0, 1362, 497976)
(497512, 0, 464, 497976)
(496796, 0, 1180, 497976)
(495898, 0, 2078, 497976)
(496796, 0, 1180, 497976)
(495898, 0, 2078, 497976)
(496796, 0, 1180, 497976)
(495898, 0, 2078, 497976)
(496796, 0, 1180, 497976)
(495898, 0, 2078, 497976)
(496796, 0, 1180, 497976)
(497512, 0, 464, 497976)
(496614, 0, 1362, 497976)
(497512, 0, 464, 497976)
(496614, 0, 1362, 497976)
(497512, 0, 464, 497976)
(496614, 0, 1362, 497976)
(497512, 0, 464, 497976)
(496796, 0, 1180, 497976)
(495768, 0, 2208, 497976)
(496796, 0, 1180, 497976)
(495768, 0, 2208, 497976)
(496796, 0, 1180, 497976)
(497512, 0, 464, 497976)
(496614, 0, 1362, 497976)
(497512, 0, 464, 497976)
(496484, 0, 1492, 497976)
(497512, 0, 464, 497976)
(496614, 0, 1362, 497976)
(497512, 0, 464, 497976)
(497657, 0, 319, 497976)
(497802, 0, 174, 497976)
(496904, 0, 1072, 497976)
(497802, 0, 174, 497976)
(496904, 0, 1072, 497976)
(497802, 0, 174, 497976)
(496904, 0, 1072, 497976)
(497802, 0, 174, 497976)
(496904, 0, 1072, 497976)
(497802, 0, 174, 497976)
(496774, 0, 1202, 497976)
(497802, 0, 174, 497976)
(496904, 0, 1072, 497976)
(497802, 0, 174, 497976)
(496904, 0, 1072, 497976)
(497802, 0, 174, 497976)
(496904, 0, 1072, 497976)
(497802, 0, 174, 497976)
(496774, 0, 1202, 497976)
(497802, 0, 174, 497976)
(496904, 0, 1072, 497976)
(497802, 0, 174, 497976)
(497976, 0, 0, 497976)
(497078, 0, 898, 497976)
(497976, 0, 0, 497976)
(497260, 0, 716, 497976)
(496362, 0, 1614, 497976)
(497260, 0, 716, 497976)
(497976, 0, 0, 497976)
(497078, 0, 898, 497976)
(497976, 0, 0, 497976)
(497343, 0, 633, 497976)
(496445, 0, 1531, 497976)
(497343, 0, 633, 497976)
(497976, 0, 0, 497976)
(496948, 0, 1028, 497976)
(497976, 0, 0, 497976)
(497078, 0, 898, 497976)
(497976, 0, 0, 497976)
(497078, 0, 898, 497976)
(497976, 0, 0, 497976)
(497078, 0, 898, 497976)
(497976, 0, 0, 497976)
(497078, 0, 898, 497976)
(497976, 0, 0, 497976)
(497849, 0, 127, 497976)
(496821, 0, 1155, 497976)
(497849, 0, 127, 497976)
(496951, 0, 1025, 497976)
(497849, 0, 127, 497976)
(497216, 0, 760, 497976)
(496318, 0, 1658, 497976)
(497216, 0, 760, 497976)
(496318, 0, 1658, 497976)
(497216, 0, 760, 497976)
(496188, 0, 1788, 497976)
(497216, 0, 760, 497976)
(496318, 0, 1658, 497976)
(497216, 0, 760, 497976)
(496318, 0, 1658, 497976)
(497216, 0, 760, 497976)
(496318, 0, 1658, 497976)
(497216, 0, 760, 497976)
(496318, 0, 1658, 497976)
(497216, 0, 760, 497976)
(496188, 0, 1788, 497976)
(497216, 0, 760, 497976)
(496318, 0, 1658, 497976)
(497216, 0, 760, 497976)
(497849, 0, 127, 497976)
(497133, 0, 843, 497976)
(497849, 0, 127, 497976)
(496821, 0, 1155, 497976)
(497849, 0, 127, 497976)
(497704, 0, 0, 497704)
(496806, 0, 898, 497704)
(497704, 0, 0, 497704)
(496676, 0, 1028, 497704)
(497704, 0, 0, 497704)
(496806, 0, 898, 497704)
(497704, 0, 0, 497704)
(496806, 0, 898, 497704)
(497704, 0, 0, 497704)
(496988, 0, 716, 497704)
(495960, 0, 1744, 497704)
(496988, 0, 716, 497704)
(496090, 0, 1614, 497704)
(496988, 0, 716, 497704)
(496090, 0, 1614, 497704)
(496988, 0, 716, 497704)
(496090, 0, 1614, 497704)
(496988, 0, 716, 497704)
(497704, 0, 0, 497704)
(496676, 0, 1028, 497704)
(497704, 0, 0, 497704)
(496806, 0, 898, 497704)
(497704, 0, 0, 497704)
(496676, 0, 1028, 497704)
(497704, 0, 0, 497704)
(496988, 0, 716, 497704)
(495960, 0, 1744, 497704)
(496988, 0, 716, 497704)
(496090, 0, 1614, 497704)
(496988, 0, 716, 497704)
(496090, 0, 1614, 497704)
(496988, 0, 716, 497704)
(495960, 0, 1744, 497704)
(496988, 0, 716, 497704)
(495960, 0, 1744, 497704)
(496988, 0, 716, 497704)
(496090, 0, 1614, 497704)
(496988, 0, 716, 497704)
(497704, 0, 0, 497704)
(497071, 0, 633, 497704)
(496043, 0, 1661, 497704)
(497071, 0, 633, 497704)
(496043, 0, 1661, 497704)
(497071, 0, 633, 497704)
(496173, 0, 1531, 497704)
(497071, 0, 633, 497704)
(496173, 0, 1531, 497704)
(497071, 0, 633, 497704)
(497704, 0, 0, 497704)
(496806, 0, 898, 497704)
(497704, 0, 0, 497704)
(496806, 0, 898, 497704)
(497704, 0, 0, 497704)
(496806, 0, 898, 497704)
(497704, 0, 0, 497704)
(496988, 0, 716, 497704)
(496090, 0, 1614, 497704)
(496988, 0, 716, 497704)
(495960, 0, 1744, 497704)
(496988, 0, 716, 497704)
(497704, 0, 0, 497704)
(496676, 0, 1028, 497704)
(497704, 0, 0, 497704)
(496806, 0, 898, 497704)
(497704, 0, 0, 497704)
(496806, 0, 898, 497704)
(497704, 0, 0, 497704)
(496806, 0, 898, 497704)
(497704, 0, 0, 497704)
(496806, 0, 898, 497704)
(497704, 0, 0, 497704)
(496806, 0, 898, 497704)
(497704, 0, 0, 497704)
(496806, 0, 898, 497704)
(497704, 0, 0, 497704)
(496676, 0, 1028, 497704)
(497704, 0, 0, 497704)
(496806, 0, 898, 497704)
(497704, 0, 0, 497704)
(496806, 0, 898, 497704)
(497704, 0, 0, 497704)
(496806, 0, 898, 497704)
(497704, 0, 0, 497704)
(496806, 0, 898, 497704)
(497704, 0, 0, 497704)
(496806, 0, 898, 497704)
(497704, 0, 0, 497704)
(496806, 0, 898, 497704)
(497704, 0, 0, 497704)
(496806, 0, 898, 497704)
(497704, 0, 0, 497704)
(496806, 0, 898, 497704)
(497704, 0, 0, 497704)
(496988, 0, 716, 497704)
(495960, 0, 1744, 497704)
(496988, 0, 716, 497704)
(496090, 0, 1614, 497704)
(496988, 0, 716, 497704)
(497704, 0, 0, 497704)
(496806, 0, 898, 497704)
(497704, 0, 0, 497704)
(496676, 0, 1028, 497704)
(497704, 0, 0, 497704)
(496806, 0, 898, 497704)
(497704, 0, 0, 497704)
(496676, 0, 1028, 497704)
(497704, 0, 0, 497704)
(497071, 0, 633, 497704)
(496173, 0, 1531, 497704)
(497071, 0, 633, 497704)
(496043, 0, 1661, 497704)
(497071, 0, 633, 497704)
(496043, 0, 1661, 497704)
(497071, 0, 633, 497704)
(496043, 0, 1661, 497704)
(497071, 0, 633, 497704)
(496043, 0, 1661, 497704)
(497071, 0, 633, 497704)
(496173, 0, 1531, 497704)
(497071, 0, 633, 497704)
(496043, 0, 1661, 497704)
(497071, 0, 633, 497704)
(497704, 0, 0, 497704)
(497332, 0, 372, 497704)
(496434, 0, 1270, 497704)
(497332, 0, 372, 497704)
(496304, 0, 1400, 497704)
(497332, 0, 372, 497704)
(497704, 0, 0, 497704)
(496806, 0, 898, 497704)
(497704, 0, 0, 497704)
(496988, 0, 716, 497704)
(495960, 0, 1744, 497704)
(496988, 0, 716, 497704)
(496090, 0, 1614, 497704)
(496988, 0, 716, 497704)
(496090, 0, 1614, 497704)
(496988, 0, 716, 497704)
(496090, 0, 1614, 497704)
(496988, 0, 716, 497704)
(497704, 0, 0, 497704)
(497071, 0, 633, 497704)
(496173, 0, 1531, 497704)
(497071, 0, 633, 497704)
(496173, 0, 1531, 497704)
(497071, 0, 633, 497704)
(496173, 0, 1531, 497704)
(497071, 0, 633, 497704)
(496173, 0, 1531, 497704)
(497071, 0, 633, 497704)
(496173, 0, 1531, 497704)
(497071, 0, 633, 497704)
(496043, 0, 1661, 497704)
(497071, 0, 633, 497704)
(496173, 0, 1531, 497704)
(497071, 0, 633, 497704)
(496173, 0, 1531, 497704)
(497071, 0, 633, 497704)
(496173, 0, 1531, 497704)
(497071, 0, 633, 497704)
(497704, 0, 0, 497704)
(496988, 0, 716, 497704)
(497704, 0, 0, 497704)
(496676, 0, 1028, 497704)
(497704, 0, 0, 497704)
(496676, 0, 1028, 497704)
(497704, 0, 0, 497704)
(496806, 0, 898, 497704)
(497704, 0, 0, 497704)
(496806, 0, 898, 497704)
(497704, 0, 0, 497704)
(496806, 0, 898, 497704)
(497704, 0, 0, 497704)
(496676, 0, 1028, 497704)
(497704, 0, 0, 497704)
(496806, 0, 898, 497704)
(497704, 0, 0, 497704)
(497071, 0, 633, 497704)
(496173, 0, 1531, 497704)
(497071, 0, 633, 497704)
(496173, 0, 1531, 497704)
(497071, 0, 633, 497704)
(496173, 0, 1531, 497704)
(497071, 0, 633, 497704)
(496043, 0, 1661, 497704)
(497071, 0, 633, 497704)
(496043, 0, 1661, 497704)
(497071, 0, 633, 497704)
(496173, 0, 1531, 497704)
(497071, 0, 633, 497704)
(497704, 0, 0, 497704)
(496988, 0, 716, 497704)
(495960, 0, 1744, 497704)
(496988, 0, 716, 497704)
(496090, 0, 1614, 497704)
(496988, 0, 716, 497704)
(496090, 0, 1614, 497704)
(496988, 0, 716, 497704)
(497704, 0, 0, 497704)
(496988, 0, 716, 497704)
(497704, 0, 0, 497704)
(496806, 0, 898, 497704)
(497704, 0, 0, 497704)
(496988, 0, 716, 497704)
(495960, 0, 1744, 497704)
(496988, 0, 716, 497704)
(495960, 0, 1744, 497704)
(496988, 0, 716, 497704)
(496090, 0, 1614, 497704)
(496988, 0, 716, 497704)
(495960, 0, 1744, 497704)
(496988, 0, 716, 497704)
(497704, 0, 0, 497704)
(496806, 0, 898, 497704)
(497704, 0, 0, 497704)
(497197, 0, 507, 497704)
(496169, 0, 1535, 497704)
(497197, 0, 507, 497704)
(496169, 0, 1535, 497704)
(497197, 0, 507, 497704)
(496299, 0, 1405, 497704)
(497197, 0, 507, 497704)
(496169, 0, 1535, 497704)
(497197, 0, 507, 497704)
(496169, 0, 1535, 497704)
(497197, 0, 507, 497704)
(496299, 0, 1405, 497704)
(497197, 0, 507, 497704)
(497704, 0, 0, 497704)
(496676, 0, 1028, 497704)
(497704, 0, 0, 497704)
(496806, 0, 898, 497704)
(497704, 0, 0, 497704)
(496806, 0, 898, 497704)
(497704, 0, 0, 497704)
(496806, 0, 898, 497704)
(497704, 0, 0, 497704)
(496806, 0, 898, 497704)
(497704, 0, 0, 497704)
(496806, 0, 898, 497704)
(497704, 0, 0, 497704)
(496988, 0, 716, 497704)
(497704, 0, 0, 497704)
(496676, 0, 1028, 497704)
(497704, 0, 0, 497704)
