(530782, 0, 0, 530782)
(530771, 0, 0, 530771)
(530118, 0, 0, 530118)
(528592, 0, 0, 528592)
(527122, 666, 0, 527788)
(525596, 666, 0, 526262)
(523630, 666, 0, 524296)
(523412, 666, 0, 524078)
(523124, 666, 0, 523790)
(522776, 666, 0, 523442)
(525213, 666, 17345, 543224)
(524627, 666, 17345, 542638)
(523599, 666, 17345, 541610)
(522961, 666, 17345, 540972)
(521962, 666, 17345, 539973)
(521280, 666, 17345, 539291)
(521280, 666, 17345, 539291)
(521280, 666, 17345, 539291)
(519704, 666, 17345, 537715)
(518907, 666, 17345, 536918)
(520769, 666, 23526, 544961)
(519232, 666, 23526, 543424)
(519026, 666, 23526, 543218)
(518954, 666, 23526, 543146)
(526798, 666, 17345, 544809)
