(681483, 0, 54, 681537)
(681537, 0, 0, 681537)
(681591, 0, 45, 681636)
(681537, 0, 0, 681537)
(681591, 0, 45, 681636)
(681546, 0, 90, 681636)
(681600, 0, 135, 681735)
(681654, 0, 180, 681834)
(681708, 0, 225, 681933)
(681654, 0, 180, 681834)
(681708, 0, 225, 681933)
(681753, 0, 180, 681933)
(681699, 0, 135, 681834)
(681645, 0, 90, 681735)
(681600, 0, 135, 681735)
(681645, 0, 90, 681735)
(681591, 0, 45, 681636)
(681537, 0, 0, 681537)
(681591, 0, 45, 681636)
(681636, 0, 0, 681636)
(681582, 0, 54, 681636)
(681528, 0, 108, 681636)
(681582, 0, 54, 681636)
(681636, 0, 0, 681636)
(681591, 0, 45, 681636)
(681537, 0, 0, 681537)
(681483, 0, 54, 681537)
(681537, 0, 0, 681537)
(681492, 0, 45, 681537)
(681537, 0, 0, 681537)
(681591, 0, 45, 681636)
(681636, 0, 0, 681636)
(681690, 0, 45, 681735)
(681636, 0, 0, 681636)
(681582, 0, 54, 681636)
(681636, 0, 0, 681636)
(681591, 0, 45, 681636)
(681546, 0, 90, 681636)
(681591, 0, 45, 681636)
(681537, 0, 0, 681537)
(681483, 0, 54, 681537)
(681537, 0, 0, 681537)
(681483, 0, 54, 681537)
(681537, 0, 0, 681537)
(681492, 0, 45, 681537)
(681537, 0, 0, 681537)
(681591, 0, 45, 681636)
(681636, 0, 0, 681636)
(681591, 0, 45, 681636)
(681636, 0, 0, 681636)
(681582, 0, 54, 681636)
(681636, 0, 0, 681636)
(681582, 0, 54, 681636)
(681636, 0, 0, 681636)
(681582, 0, 54, 681636)
(681636, 0, 0, 681636)
(681582, 0, 54, 681636)
(681528, 0, 108, 681636)
(681582, 0, 54, 681636)
(681528, 0, 108, 681636)
(681582, 0, 54, 681636)
(681636, 0, 0, 681636)
(681224, 0, 412, 681636)
(681223, 0, 413, 681636)
(681169, 0, 467, 681636)
(681115, 0, 521, 681636)
(681169, 0, 467, 681636)
(681223, 0, 413, 681636)
(681169, 0, 467, 681636)
(681115, 0, 521, 681636)
(681169, 0, 467, 681636)
(681223, 0, 413, 681636)
(681169, 0, 467, 681636)
(681115, 0, 521, 681636)
(681169, 0, 467, 681636)
(681115, 0, 521, 681636)
(681169, 0, 467, 681636)
(681223, 0, 413, 681636)
(681169, 0, 467, 681636)
(681223, 0, 413, 681636)
(681224, 0, 412, 681636)
(681170, 0, 466, 681636)
(681116, 0, 520, 681636)
(681170, 0, 466, 681636)
(681224, 0, 412, 681636)
(681170, 0, 466, 681636)
(681224, 0, 412, 681636)
(681170, 0, 466, 681636)
(681116, 0, 520, 681636)
(681170, 0, 466, 681636)
(681116, 0, 520, 681636)
(681170, 0, 466, 681636)
(681224, 0, 412, 681636)
(681636, 0, 0, 681636)
(681582, 0, 54, 681636)
(681636, 0, 0, 681636)
(681224, 0, 412, 681636)
(681179, 0, 457, 681636)
(681134, 0, 502, 681636)
(681080, 0, 457, 681537)
(681026, 198, 412, 681636)
(681080, 0, 457, 681537)
(681125, 0, 412, 681537)
(681170, 0, 466, 681636)
(681224, 0, 412, 681636)
(681179, 0, 457, 681636)
(681134, 0, 502, 681636)
(681179, 0, 457, 681636)
(681125, 0, 412, 681537)
(681080, 0, 457, 681537)
(681125, 0, 412, 681537)
(681071, 0, 466, 681537)
(681125, 0, 412, 681537)
(681170, 0, 466, 681636)
(681224, 0, 412, 681636)
(681170, 0, 466, 681636)
(681224, 0, 412, 681636)
(681179, 0, 457, 681636)
(681134, 0, 502, 681636)
(681179, 0, 457, 681636)
(681125, 0, 412, 681537)
(681080, 0, 457, 681537)
(681125, 0, 412, 681537)
(681537, 0, 0, 681537)
(681256, 0, 281, 681537)
(681215, 0, 322, 681537)
(681170, 0, 367, 681537)
(681215, 0, 322, 681537)
(681161, 0, 376, 681537)
(681215, 0, 322, 681537)
(681161, 0, 376, 681537)
(681215, 0, 322, 681537)
(681161, 0, 376, 681537)
(681215, 0, 322, 681537)
(681161, 0, 376, 681537)
(681215, 0, 322, 681537)
(681170, 0, 367, 681537)
(681215, 0, 322, 681537)
(681161, 0, 376, 681537)
(681215, 0, 322, 681537)
(681161, 0, 376, 681537)
(681215, 0, 322, 681537)
(681256, 0, 281, 681537)
(681202, 0, 335, 681537)
(681256, 0, 281, 681537)
(681255, 0, 282, 681537)
(681201, 0, 336, 681537)
(681255, 0, 282, 681537)
(680843, 0, 694, 681537)
(680789, 0, 748, 681537)
(680843, 0, 694, 681537)
(680789, 0, 748, 681537)
(680843, 0, 694, 681537)
(680789, 0, 748, 681537)
(680843, 0, 694, 681537)
(680789, 0, 748, 681537)
(680843, 0, 694, 681537)
(681255, 0, 282, 681537)
(681210, 0, 327, 681537)
(681255, 0, 282, 681537)
(680843, 0, 694, 681537)
(680789, 0, 748, 681537)
(680843, 0, 694, 681537)
(680798, 0, 739, 681537)
(680843, 0, 694, 681537)
(680798, 0, 739, 681537)
(680843, 0, 694, 681537)
(680798, 0, 739, 681537)
(680843, 0, 694, 681537)
(680897, 0, 739, 681636)
(680852, 0, 784, 681636)
(680798, 0, 739, 681537)
(680843, 0, 694, 681537)
(680789, 0, 748, 681537)
(680843, 0, 694, 681537)
(680798, 0, 739, 681537)
(680843, 0, 694, 681537)
(681255, 0, 282, 681537)
(681201, 0, 336, 681537)
(681255, 0, 282, 681537)
(681201, 0, 336, 681537)
(681255, 0, 282, 681537)
(681201, 0, 336, 681537)
(681255, 0, 282, 681537)
(681210, 0, 327, 681537)
(681255, 0, 282, 681537)
(680843, 0, 694, 681537)
(680789, 0, 748, 681537)
(680843, 0, 694, 681537)
(680789, 0, 748, 681537)
(680843, 0, 694, 681537)
(680798, 0, 739, 681537)
(680843, 0, 694, 681537)
(681255, 0, 282, 681537)
(681210, 0, 327, 681537)
(681255, 0, 282, 681537)
(681201, 0, 336, 681537)
(681255, 0, 282, 681537)
(681201, 0, 336, 681537)
(681255, 0, 282, 681537)
(681201, 0, 336, 681537)
(681255, 0, 282, 681537)
(681210, 0, 327, 681537)
(681255, 0, 282, 681537)
(681256, 0, 281, 681537)
(681211, 0, 326, 681537)
(681256, 0, 281, 681537)
(681211, 0, 326, 681537)
(681256, 0, 281, 681537)
(680844, 0, 693, 681537)
(680799, 0, 738, 681537)
(680844, 0, 693, 681537)
(680606, 0, 931, 681537)
(680552, 0, 985, 681537)
(680606, 0, 931, 681537)
(680552, 0, 985, 681537)
(680606, 0, 931, 681537)
(681018, 0, 519, 681537)
(680606, 0, 931, 681537)
(681018, 0, 519, 681537)
(680964, 0, 573, 681537)
(681018, 0, 519, 681537)
(680964, 0, 573, 681537)
(681018, 0, 519, 681537)
(680964, 0, 573, 681537)
(681018, 0, 519, 681537)
(680606, 0, 931, 681537)
(680552, 0, 985, 681537)
(680606, 0, 931, 681537)
(680552, 0, 985, 681537)
(680606, 0, 931, 681537)
(681018, 0, 519, 681537)
(681311, 0, 782, 682093)
(681048, 0, 1045, 682093)
(681311, 0, 782, 682093)
(681018, 0, 519, 681537)
(680964, 0, 573, 681537)
(681018, 0, 519, 681537)
(680973, 0, 564, 681537)
(681018, 0, 519, 681537)
(681072, 0, 564, 681636)
(681018, 0, 519, 681537)
(681072, 0, 564, 681636)
(681018, 0, 519, 681537)
(680964, 0, 573, 681537)
(681018, 0, 519, 681537)
(680964, 0, 573, 681537)
(681018, 0, 519, 681537)
(680964, 0, 573, 681537)
(681018, 0, 519, 681537)
(680964, 0, 573, 681537)
(681018, 0, 519, 681537)
(680973, 0, 564, 681537)
(680919, 198, 519, 681636)
(680973, 0, 564, 681537)
(681018, 0, 519, 681537)
(680964, 0, 573, 681537)
(681018, 0, 519, 681537)
(680964, 0, 573, 681537)
