(704183, 0, 0, 704183)
(703940, 0, 0, 703940)
(703596, 0, 0, 703596)
(703444, 0, 0, 703444)
(703139, 0, 0, 703139)
(702734, 0, 0, 702734)
(702611, 0, 0, 702611)
(702538, 0, 0, 702538)
(701963, 0, 0, 701963)
(701850, 0, 0, 701850)
(701727, 0, 0, 701727)
(701560, 0, 0, 701560)
(700825, 0, 0, 700825)
(700794, 0, 0, 700794)
(700506, 0, 0, 700506)
(699785, 0, 0, 699785)
(699157, 0, 0, 699157)
(698856, 0, 0, 698856)
(698258, 0, 0, 698258)
(698105, 0, 0, 698105)
(697739, 0, 0, 697739)
(697738, 0, 0, 697738)
(697737, 0, 0, 697737)
(697736, 0, 0, 697736)
(697735, 0, 0, 697735)
(697453, 0, 0, 697453)
(696987, 0, 0, 696987)
(696611, 0, 0, 696611)
(696349, 0, 0, 696349)
(696069, 0, 0, 696069)
(695994, 0, 0, 695994)
(695386, 0, 0, 695386)
(695347, 0, 0, 695347)
(695209, 0, 0, 695209)
(695036, 0, 0, 695036)
(695035, 0, 0, 695035)
(694875, 0, 0, 694875)
(694297, 0, 0, 694297)
(694080, 0, 0, 694080)
(693053, 0, 0, 693053)
(692967, 0, 0, 692967)
(692608, 0, 0, 692608)
(692069, 0, 0, 692069)
(691768, 0, 0, 691768)
(691569, 0, 0, 691569)
(690878, 0, 0, 690878)
(690244, 0, 0, 690244)
(690112, 0, 0, 690112)
(689452, 0, 0, 689452)
(689419, 0, 0, 689419)
(688673, 0, 0, 688673)
(688469, 0, 0, 688469)
(688254, 0, 0, 688254)
(688100, 0, 0, 688100)
(687764, 0, 0, 687764)
(687406, 0, 0, 687406)
(686446, 0, 0, 686446)
(686445, 0, 0, 686445)
(686444, 0, 0, 686444)
(685607, 0, 0, 685607)
(684942, 0, 0, 684942)
(684893, 0, 0, 684893)
(684097, 0, 0, 684097)
(683190, 0, 0, 683190)
(682631, 0, 0, 682631)
(682277, 0, 0, 682277)
(682060, 0, 0, 682060)
(682040, 0, 0, 682040)
(681749, 0, 0, 681749)
(681181, 0, 0, 681181)
(680873, 0, 0, 680873)
(680284, 0, 0, 680284)
(680025, 0, 0, 680025)
(679282, 0, 0, 679282)
(678767, 0, 0, 678767)
(678527, 0, 0, 678527)
(678144, 0, 0, 678144)
(677576, 0, 0, 677576)
(677364, 0, 0, 677364)
(677363, 0, 0, 677363)
(677200, 0, 0, 677200)
(676622, 0, 0, 676622)
(676199, 0, 0, 676199)
(675710, 0, 0, 675710)
(675051, 0, 0, 675051)
(674855, 0, 0, 674855)
(674692, 0, 0, 674692)
(674657, 0, 0, 674657)
(674567, 0, 0, 674567)
(674460, 0, 0, 674460)
(674107, 0, 0, 674107)
(673664, 0, 0, 673664)
(673646, 0, 0, 673646)
(673628, 0, 0, 673628)
(673403, 0, 0, 673403)
(672781, 0, 0, 672781)
(672621, 0, 0, 672621)
(672210, 0, 0, 672210)
(671830, 0, 0, 671830)
(671718, 0, 0, 671718)
(671305, 0, 0, 671305)
(670559, 0, 0, 670559)
(670224, 0, 0, 670224)
(669985, 0, 0, 669985)
(669758, 0, 0, 669758)
(669295, 0, 0, 669295)
(668728, 0, 0, 668728)
(668088, 0, 0, 668088)
(667906, 0, 0, 667906)
(667497, 0, 0, 667497)
(667294, 0, 0, 667294)
(667119, 0, 0, 667119)
(666773, 0, 0, 666773)
(666619, 0, 0, 666619)
(665952, 0, 0, 665952)
(665745, 0, 0, 665745)
(665391, 0, 0, 665391)
(665260, 0, 0, 665260)
(665073, 0, 0, 665073)
(664477, 0, 0, 664477)
(664220, 0, 0, 664220)
(663605, 0, 0, 663605)
(663364, 0, 0, 663364)
(663269, 0, 0, 663269)
(663033, 0, 0, 663033)
(662744, 0, 0, 662744)
(662514, 0, 0, 662514)
(662047, 0, 0, 662047)
(661870, 0, 0, 661870)
(661704, 0, 0, 661704)
