(945298, 0, 467, 945765)
(945765, 0, 0, 945765)
(944930, 0, 835, 945765)
(944324, 0, 1441, 945765)
(944930, 0, 835, 945765)
(945765, 0, 0, 945765)
(945159, 0, 606, 945765)
(945765, 0, 0, 945765)
(945159, 0, 606, 945765)
(945765, 0, 0, 945765)
(945159, 0, 606, 945765)
(945765, 0, 0, 945765)
(944930, 0, 835, 945765)
(945765, 0, 0, 945765)
(944930, 0, 835, 945765)
(944324, 0, 1441, 945765)
(944930, 0, 835, 945765)
(944324, 0, 1441, 945765)
(944930, 0, 835, 945765)
(944324, 0, 1441, 945765)
(944930, 0, 835, 945765)
(945765, 0, 0, 945765)
(944930, 0, 835, 945765)
(944324, 0, 1441, 945765)
(944930, 0, 835, 945765)
(945765, 0, 0, 945765)
(945159, 0, 606, 945765)
(945765, 0, 0, 945765)
(945159, 0, 606, 945765)
(945765, 0, 0, 945765)
(945159, 0, 606, 945765)
(945765, 0, 0, 945765)
(945159, 0, 606, 945765)
(945765, 0, 0, 945765)
(944873, 0, 892, 945765)
(944267, 0, 1498, 945765)
(944873, 0, 892, 945765)
(944406, 0, 1359, 945765)
(944873, 0, 892, 945765)
(944267, 0, 1498, 945765)
(944873, 0, 892, 945765)
(944267, 0, 1498, 945765)
(944873, 0, 892, 945765)
(945765, 0, 0, 945765)
(944930, 0, 835, 945765)
(944324, 0, 1441, 945765)
(944930, 0, 835, 945765)
(944324, 0, 1441, 945765)
(944930, 0, 835, 945765)
(944324, 0, 1441, 945765)
(944930, 0, 835, 945765)
(944463, 0, 1302, 945765)
(944930, 0, 835, 945765)
(945765, 0, 0, 945765)
(945525, 0, 240, 945765)
(945765, 0, 0, 945765)
(944930, 0, 835, 945765)
(944324, 0, 1441, 945765)
(944930, 0, 835, 945765)
(944324, 0, 1441, 945765)
(944930, 0, 835, 945765)
(945765, 0, 0, 945765)
(944930, 0, 835, 945765)
(944324, 0, 1441, 945765)
(944930, 0, 835, 945765)
(944324, 0, 1441, 945765)
(944930, 0, 835, 945765)
(945765, 0, 0, 945765)
(945298, 0, 467, 945765)
(945765, 0, 0, 945765)
(945159, 0, 606, 945765)
(945765, 0, 0, 945765)
(945298, 0, 467, 945765)
(945765, 0, 0, 945765)
(944873, 0, 892, 945765)
(944267, 0, 1498, 945765)
(944873, 0, 892, 945765)
(944267, 0, 1498, 945765)
(944873, 0, 892, 945765)
(944267, 0, 1498, 945765)
(944873, 0, 892, 945765)
(944267, 0, 1498, 945765)
(944873, 0, 892, 945765)
(944267, 0, 1498, 945765)
(944873, 0, 892, 945765)
(944267, 0, 1498, 945765)
(944873, 0, 892, 945765)
(944267, 0, 1498, 945765)
(944873, 0, 892, 945765)
(944267, 0, 1498, 945765)
(944873, 0, 892, 945765)
(944267, 0, 1498, 945765)
(944873, 0, 892, 945765)
(944267, 0, 1498, 945765)
(944873, 0, 892, 945765)
(944267, 0, 1498, 945765)
(944873, 0, 892, 945765)
(945765, 0, 0, 945765)
(945159, 0, 606, 945765)
(945765, 0, 0, 945765)
(945298, 0, 467, 945765)
(945765, 0, 0, 945765)
(945159, 0, 606, 945765)
(945765, 0, 0, 945765)
(945159, 0, 606, 945765)
(945765, 0, 0, 945765)
(944930, 0, 835, 945765)
(944324, 0, 1441, 945765)
(944930, 0, 835, 945765)
(944463, 0, 1302, 945765)
(944930, 0, 835, 945765)
(944324, 0, 1441, 945765)
(944930, 0, 835, 945765)
(945765, 0, 0, 945765)
(945298, 0, 467, 945765)
(945765, 0, 0, 945765)
(945159, 0, 606, 945765)
(945765, 0, 0, 945765)
(945298, 0, 467, 945765)
(945765, 0, 0, 945765)
(945159, 0, 606, 945765)
(945765, 0, 0, 945765)
(945159, 0, 606, 945765)
(945765, 0, 0, 945765)
(945159, 0, 606, 945765)
(945765, 0, 0, 945765)
(945669, 0, 96, 945765)
(945063, 0, 702, 945765)
(945669, 0, 96, 945765)
(945063, 0, 702, 945765)
(945669, 0, 96, 945765)
(945202, 0, 563, 945765)
(945669, 0, 96, 945765)
(945202, 0, 563, 945765)
(945669, 0, 96, 945765)
(945063, 0, 702, 945765)
(945669, 0, 96, 945765)
(944834, 0, 931, 945765)
(945669, 0, 96, 945765)
(944834, 0, 931, 945765)
(944228, 0, 1537, 945765)
(944834, 0, 931, 945765)
(944228, 0, 1537, 945765)
(944834, 0, 931, 945765)
(944228, 0, 1537, 945765)
(944834, 0, 931, 945765)
(944367, 0, 1398, 945765)
(944834, 0, 931, 945765)
(945669, 0, 96, 945765)
(945202, 0, 563, 945765)
(945669, 0, 96, 945765)
(945063, 0, 702, 945765)
(945669, 0, 96, 945765)
(945063, 0, 702, 945765)
(945669, 0, 96, 945765)
(945063, 0, 702, 945765)
(945669, 0, 96, 945765)
(944777, 0, 988, 945765)
(944310, 0, 1455, 945765)
(944777, 0, 988, 945765)
(944171, 0, 1594, 945765)
(944777, 0, 988, 945765)
(944310, 0, 1455, 945765)
(944777, 0, 988, 945765)
(945669, 0, 96, 945765)
(945063, 0, 702, 945765)
(945669, 0, 96, 945765)
(945063, 0, 702, 945765)
(945669, 0, 96, 945765)
(945063, 0, 702, 945765)
(945669, 0, 96, 945765)
(945765, 0, 0, 945765)
(944873, 0, 892, 945765)
(944267, 0, 1498, 945765)
(944873, 0, 892, 945765)
(944406, 0, 1359, 945765)
(944873, 0, 892, 945765)
(944267, 0, 1498, 945765)
(944873, 0, 892, 945765)
(944267, 0, 1498, 945765)
(944873, 0, 892, 945765)
(944267, 0, 1498, 945765)
(944873, 0, 892, 945765)
(944267, 0, 1498, 945765)
(944873, 0, 892, 945765)
(944267, 0, 1498, 945765)
(944873, 0, 892, 945765)
(944406, 0, 1359, 945765)
(944873, 0, 892, 945765)
(944267, 0, 1498, 945765)
(944873, 0, 892, 945765)
(944267, 0, 1498, 945765)
(944873, 0, 892, 945765)
(945765, 0, 0, 945765)
(945159, 0, 606, 945765)
(945765, 0, 0, 945765)
(945298, 0, 467, 945765)
(945765, 0, 0, 945765)
(945298, 0, 467, 945765)
(945765, 0, 0, 945765)
(945159, 0, 606, 945765)
(945765, 0, 0, 945765)
(945159, 0, 606, 945765)
(945765, 0, 0, 945765)
(944930, 0, 835, 945765)
(944463, 0, 1302, 945765)
(944930, 0, 835, 945765)
(945765, 0, 0, 945765)
(945197, 0, 568, 945765)
(944591, 0, 1174, 945765)
(945197, 0, 568, 945765)
(944591, 0, 1174, 945765)
(945197, 0, 568, 945765)
(945101, 0, 664, 945765)
(944634, 0, 1131, 945765)
(945101, 0, 664, 945765)
(944495, 0, 1270, 945765)
(945101, 0, 664, 945765)
(944495, 0, 1270, 945765)
(945101, 0, 664, 945765)
(944495, 0, 1270, 945765)
(945101, 0, 664, 945765)
(944495, 0, 1270, 945765)
(945101, 0, 664, 945765)
(944634, 0, 1131, 945765)
(945101, 0, 664, 945765)
(944495, 0, 1270, 945765)
(945101, 0, 664, 945765)
(944634, 0, 1131, 945765)
(945101, 0, 664, 945765)
(944634, 0, 1131, 945765)
(945101, 0, 664, 945765)
(944634, 0, 1131, 945765)
(945101, 0, 664, 945765)
(944495, 0, 1270, 945765)
(945101, 0, 664, 945765)
(944495, 0, 1270, 945765)
(945101, 0, 664, 945765)
(945197, 0, 568, 945765)
(944305, 0, 1460, 945765)
(943699, 0, 2066, 945765)
(944305, 0, 1460, 945765)
(943699, 0, 2066, 945765)
(944305, 0, 1460, 945765)
(943699, 0, 2066, 945765)
(944305, 0, 1460, 945765)
(943699, 0, 2066, 945765)
(944305, 0, 1460, 945765)
(943699, 0, 2066, 945765)
(944305, 0, 1460, 945765)
(943699, 0, 2066, 945765)
(944305, 0, 1460, 945765)
(943699, 0, 2066, 945765)
(944305, 0, 1460, 945765)
(943699, 0, 2066, 945765)
(944305, 0, 1460, 945765)
(943838, 0, 1927, 945765)
(944305, 0, 1460, 945765)
(943699, 0, 2066, 945765)
(944305, 0, 1460, 945765)
(943838, 0, 1927, 945765)
(944305, 0, 1460, 945765)
(943838, 0, 1927, 945765)
(944305, 0, 1460, 945765)
(945197, 0, 568, 945765)
(944591, 0, 1174, 945765)
(945197, 0, 568, 945765)
(944591, 0, 1174, 945765)
(945197, 0, 568, 945765)
(944730, 0, 1035, 945765)
(945197, 0, 568, 945765)
(944591, 0, 1174, 945765)
(945197, 0, 568, 945765)
(944362, 0, 1403, 945765)
(945197, 0, 568, 945765)
(945101, 0, 664, 945765)
(944634, 0, 1131, 945765)
(945101, 0, 664, 945765)
(944495, 0, 1270, 945765)
(945101, 0, 664, 945765)
(944634, 0, 1131, 945765)
(945101, 0, 664, 945765)
(944495, 0, 1270, 945765)
(945101, 0, 664, 945765)
(944266, 0, 1499, 945765)
(943660, 0, 2105, 945765)
(944266, 0, 1499, 945765)
(945101, 0, 664, 945765)
(944495, 0, 1270, 945765)
(945101, 0, 664, 945765)
(944495, 0, 1270, 945765)
(945101, 0, 664, 945765)
(944266, 0, 1499, 945765)
(943799, 0, 1966, 945765)
(944266, 0, 1499, 945765)
(943799, 0, 1966, 945765)
(944266, 0, 1499, 945765)
(945101, 0, 664, 945765)
(944266, 0, 1499, 945765)
(943660, 0, 2105, 945765)
(944266, 0, 1499, 945765)
(943799, 0, 1966, 945765)
(944266, 0, 1499, 945765)
(945101, 0, 664, 945765)
(944634, 0, 1131, 945765)
(945101, 0, 664, 945765)
(945197, 0, 568, 945765)
(944362, 0, 1403, 945765)
(945197, 0, 568, 945765)
(944305, 0, 1460, 945765)
(943838, 0, 1927, 945765)
(944305, 0, 1460, 945765)
(943699, 0, 2066, 945765)
(944305, 0, 1460, 945765)
(943699, 0, 2066, 945765)
(944305, 0, 1460, 945765)
(943699, 0, 2066, 945765)
(944305, 0, 1460, 945765)
(945197, 0, 568, 945765)
(945070, 0, 695, 945765)
(944464, 0, 1301, 945765)
(945070, 0, 695, 945765)
(945197, 0, 568, 945765)
(944730, 0, 1035, 945765)
(945197, 0, 568, 945765)
(944730, 0, 1035, 945765)
(945197, 0, 568, 945765)
(944591, 0, 1174, 945765)
(945197, 0, 568, 945765)
(944305, 0, 1460, 945765)
(943838, 0, 1927, 945765)
(944305, 0, 1460, 945765)
(943699, 0, 2066, 945765)
(944305, 0, 1460, 945765)
(943699, 0, 2066, 945765)
(944305, 0, 1460, 945765)
(943699, 0, 2066, 945765)
(944305, 0, 1460, 945765)
(943699, 0, 2066, 945765)
(944305, 0, 1460, 945765)
(943699, 0, 2066, 945765)
(944305, 0, 1460, 945765)
(943699, 0, 2066, 945765)
(944305, 0, 1460, 945765)
(943699, 0, 2066, 945765)
(944305, 0, 1460, 945765)
(943699, 0, 2066, 945765)
(944305, 0, 1460, 945765)
(943699, 0, 2066, 945765)
(944305, 0, 1460, 945765)
(943699, 0, 2066, 945765)
(944305, 0, 1460, 945765)
(943699, 0, 2066, 945765)
(944305, 0, 1460, 945765)
(943699, 0, 2066, 945765)
(944305, 0, 1460, 945765)
(943699, 0, 2066, 945765)
(944305, 0, 1460, 945765)
(943838, 0, 1927, 945765)
(944305, 0, 1460, 945765)
(945197, 0, 568, 945765)
(944362, 0, 1403, 945765)
(943756, 0, 2009, 945765)
(944362, 0, 1403, 945765)
(943756, 0, 2009, 945765)
(944362, 0, 1403, 945765)
(945197, 0, 568, 945765)
(944362, 0, 1403, 945765)
(943756, 0, 2009, 945765)
(944362, 0, 1403, 945765)
(945197, 0, 568, 945765)
(944362, 0, 1403, 945765)
(943756, 0, 2009, 945765)
(944362, 0, 1403, 945765)
(945197, 0, 568, 945765)
(944730, 0, 1035, 945765)
(945197, 0, 568, 945765)
(945101, 0, 664, 945765)
(944495, 0, 1270, 945765)
(945101, 0, 664, 945765)
(944495, 0, 1270, 945765)
(945101, 0, 664, 945765)
(944495, 0, 1270, 945765)
(945101, 0, 664, 945765)
(944266, 0, 1499, 945765)
(943799, 0, 1966, 945765)
(944266, 0, 1499, 945765)
(943660, 0, 2105, 945765)
(944266, 0, 1499, 945765)
(943660, 0, 2105, 945765)
(944266, 0, 1499, 945765)
(943660, 0, 2105, 945765)
(944266, 0, 1499, 945765)
(943660, 0, 2105, 945765)
(944266, 0, 1499, 945765)
(943660, 0, 2105, 945765)
(944266, 0, 1499, 945765)
(943799, 0, 1966, 945765)
(944266, 0, 1499, 945765)
(943660, 0, 2105, 945765)
(944266, 0, 1499, 945765)
(945101, 0, 664, 945765)
(944495, 0, 1270, 945765)
(945101, 0, 664, 945765)
(944495, 0, 1270, 945765)
(945101, 0, 664, 945765)
(944266, 0, 1499, 945765)
(943799, 0, 1966, 945765)
(944266, 0, 1499, 945765)
(943799, 0, 1966, 945765)
(944266, 0, 1499, 945765)
(943660, 0, 2105, 945765)
(944266, 0, 1499, 945765)
(943660, 0, 2105, 945765)
(944266, 0, 1499, 945765)
(943660, 0, 2105, 945765)
(944266, 0, 1499, 945765)
(945101, 0, 664, 945765)
(944495, 0, 1270, 945765)
(945101, 0, 664, 945765)
(944209, 0, 1556, 945765)
(943603, 0, 2162, 945765)
(944209, 0, 1556, 945765)
(945101, 0, 664, 945765)
(944209, 0, 1556, 945765)
(943603, 0, 2162, 945765)
(944209, 0, 1556, 945765)
(945101, 0, 664, 945765)
(944495, 0, 1270, 945765)
(945101, 0, 664, 945765)
(945197, 0, 568, 945765)
(944591, 0, 1174, 945765)
(945197, 0, 568, 945765)
(944591, 0, 1174, 945765)
(945197, 0, 568, 945765)
(944362, 0, 1403, 945765)
(943895, 0, 1870, 945765)
(944362, 0, 1403, 945765)
(943895, 0, 1870, 945765)
(944362, 0, 1403, 945765)
(943756, 0, 2009, 945765)
(944362, 0, 1403, 945765)
(943756, 0, 2009, 945765)
(944362, 0, 1403, 945765)
(943756, 0, 2009, 945765)
(944362, 0, 1403, 945765)
(943756, 0, 2009, 945765)
(944362, 0, 1403, 945765)
(943756, 0, 2009, 945765)
(944362, 0, 1403, 945765)
(945197, 0, 568, 945765)
(944730, 0, 1035, 945765)
(945197, 0, 568, 945765)
(944591, 0, 1174, 945765)
(945197, 0, 568, 945765)
(944591, 0, 1174, 945765)
(945197, 0, 568, 945765)
(944591, 0, 1174, 945765)
(945197, 0, 568, 945765)
(944591, 0, 1174, 945765)
(945197, 0, 568, 945765)
(944730, 0, 1035, 945765)
(945197, 0, 568, 945765)
(944730, 0, 1035, 945765)
(945197, 0, 568, 945765)
(944591, 0, 1174, 945765)
(945197, 0, 568, 945765)
(944591, 0, 1174, 945765)
(945197, 0, 568, 945765)
(944730, 0, 1035, 945765)
(945197, 0, 568, 945765)
(944362, 0, 1403, 945765)
(943756, 0, 2009, 945765)
(944362, 0, 1403, 945765)
(943756, 0, 2009, 945765)
(944362, 0, 1403, 945765)
(945197, 0, 568, 945765)
(944591, 0, 1174, 945765)
(945197, 0, 568, 945765)
(944730, 0, 1035, 945765)
(945197, 0, 568, 945765)
(944591, 0, 1174, 945765)
(945197, 0, 568, 945765)
(944362, 0, 1403, 945765)
(945197, 0, 568, 945765)
(944362, 0, 1403, 945765)
(943756, 0, 2009, 945765)
(944362, 0, 1403, 945765)
(943756, 0, 2009, 945765)
(944362, 0, 1403, 945765)
(943756, 0, 2009, 945765)
(944362, 0, 1403, 945765)
(945197, 0, 568, 945765)
(944730, 0, 1035, 945765)
(945197, 0, 568, 945765)
(944730, 0, 1035, 945765)
(945197, 0, 568, 945765)
(944591, 0, 1174, 945765)
(945197, 0, 568, 945765)
(944591, 0, 1174, 945765)
(945197, 0, 568, 945765)
(944730, 0, 1035, 945765)
(945197, 0, 568, 945765)
(944730, 0, 1035, 945765)
(945197, 0, 568, 945765)
(944362, 0, 1403, 945765)
(943756, 0, 2009, 945765)
(944362, 0, 1403, 945765)
(943756, 0, 2009, 945765)
(944362, 0, 1403, 945765)
(943895, 0, 1870, 945765)
(944362, 0, 1403, 945765)
(943756, 0, 2009, 945765)
(944362, 0, 1403, 945765)
(945197, 0, 568, 945765)
(944362, 0, 1403, 945765)
(943756, 0, 2009, 945765)
(944362, 0, 1403, 945765)
(945197, 0, 568, 945765)
(944730, 0, 1035, 945765)
(945197, 0, 568, 945765)
(944730, 0, 1035, 945765)
(945197, 0, 568, 945765)
(944591, 0, 1174, 945765)
(945197, 0, 568, 945765)
(944730, 0, 1035, 945765)
(945197, 0, 568, 945765)
(944591, 0, 1174, 945765)
(945197, 0, 568, 945765)
(944730, 0, 1035, 945765)
(945197, 0, 568, 945765)
(944591, 0, 1174, 945765)
(945197, 0, 568, 945765)
(944305, 0, 1460, 945765)
(945197, 0, 568, 945765)
(944591, 0, 1174, 945765)
(945197, 0, 568, 945765)
(944730, 0, 1035, 945765)
(945197, 0, 568, 945765)
(944591, 0, 1174, 945765)
(945197, 0, 568, 945765)
(944591, 0, 1174, 945765)
(945197, 0, 568, 945765)
(944591, 0, 1174, 945765)
(945197, 0, 568, 945765)
(944362, 0, 1403, 945765)
(943895, 0, 1870, 945765)
(944362, 0, 1403, 945765)
(943756, 0, 2009, 945765)
(944362, 0, 1403, 945765)
(945197, 0, 568, 945765)
(944362, 0, 1403, 945765)
(943895, 0, 1870, 945765)
(944362, 0, 1403, 945765)
(945197, 0, 568, 945765)
(944730, 0, 1035, 945765)
(945197, 0, 568, 945765)
(944591, 0, 1174, 945765)
(945197, 0, 568, 945765)
(944305, 0, 1460, 945765)
(943838, 0, 1927, 945765)
(944305, 0, 1460, 945765)
(943838, 0, 1927, 945765)
(944305, 0, 1460, 945765)
(945197, 0, 568, 945765)
(944730, 0, 1035, 945765)
(945197, 0, 568, 945765)
(944730, 0, 1035, 945765)
(945197, 0, 568, 945765)
(944591, 0, 1174, 945765)
(945197, 0, 568, 945765)
(944591, 0, 1174, 945765)
(945197, 0, 568, 945765)
(945101, 0, 664, 945765)
(944266, 0, 1499, 945765)
(943660, 0, 2105, 945765)
(944266, 0, 1499, 945765)
(943799, 0, 1966, 945765)
(944266, 0, 1499, 945765)
(943660, 0, 2105, 945765)
(944266, 0, 1499, 945765)
(943799, 0, 1966, 945765)
(944266, 0, 1499, 945765)
(945101, 0, 664, 945765)
(944266, 0, 1499, 945765)
(943799, 0, 1966, 945765)
(944266, 0, 1499, 945765)
(943799, 0, 1966, 945765)
(944266, 0, 1499, 945765)
(943660, 0, 2105, 945765)
(944266, 0, 1499, 945765)
(945101, 0, 664, 945765)
(944495, 0, 1270, 945765)
(945101, 0, 664, 945765)
(944634, 0, 1131, 945765)
(945101, 0, 664, 945765)
(944495, 0, 1270, 945765)
(945101, 0, 664, 945765)
(944495, 0, 1270, 945765)
(945101, 0, 664, 945765)
(944634, 0, 1131, 945765)
(945101, 0, 664, 945765)
(944495, 0, 1270, 945765)
(945101, 0, 664, 945765)
(944495, 0, 1270, 945765)
(945101, 0, 664, 945765)
(944266, 0, 1499, 945765)
(943660, 0, 2105, 945765)
(944266, 0, 1499, 945765)
(943660, 0, 2105, 945765)
(944266, 0, 1499, 945765)
(945101, 0, 664, 945765)
(944495, 0, 1270, 945765)
(945101, 0, 664, 945765)
(944495, 0, 1270, 945765)
(945101, 0, 664, 945765)
(944634, 0, 1131, 945765)
(945101, 0, 664, 945765)
(944495, 0, 1270, 945765)
(945101, 0, 664, 945765)
(944634, 0, 1131, 945765)
(945101, 0, 664, 945765)
(944495, 0, 1270, 945765)
(945101, 0, 664, 945765)
(945197, 0, 568, 945765)
(944730, 0, 1035, 945765)
(945197, 0, 568, 945765)
(944730, 0, 1035, 945765)
(945197, 0, 568, 945765)
(944591, 0, 1174, 945765)
(945197, 0, 568, 945765)
(944362, 0, 1403, 945765)
(943756, 0, 2009, 945765)
(944362, 0, 1403, 945765)
(943756, 0, 2009, 945765)
(944362, 0, 1403, 945765)
(943756, 0, 2009, 945765)
(944362, 0, 1403, 945765)
(945197, 0, 568, 945765)
(944730, 0, 1035, 945765)
(945197, 0, 568, 945765)
(944591, 0, 1174, 945765)
(945197, 0, 568, 945765)
(944591, 0, 1174, 945765)
(945197, 0, 568, 945765)
(944591, 0, 1174, 945765)
(945197, 0, 568, 945765)
(944591, 0, 1174, 945765)
(945197, 0, 568, 945765)
(944305, 0, 1460, 945765)
(943838, 0, 1927, 945765)
(944305, 0, 1460, 945765)
(943838, 0, 1927, 945765)
(944305, 0, 1460, 945765)
(943699, 0, 2066, 945765)
(944305, 0, 1460, 945765)
(943699, 0, 2066, 945765)
(944305, 0, 1460, 945765)
(945197, 0, 568, 945765)
(944730, 0, 1035, 945765)
(945197, 0, 568, 945765)
(944730, 0, 1035, 945765)
(945197, 0, 568, 945765)
(944591, 0, 1174, 945765)
(945197, 0, 568, 945765)
(944730, 0, 1035, 945765)
(945197, 0, 568, 945765)
(944591, 0, 1174, 945765)
(945197, 0, 568, 945765)
(944591, 0, 1174, 945765)
(945197, 0, 568, 945765)
(944362, 0, 1403, 945765)
(943756, 0, 2009, 945765)
(944362, 0, 1403, 945765)
(945197, 0, 568, 945765)
(944305, 0, 1460, 945765)
(943699, 0, 2066, 945765)
(944305, 0, 1460, 945765)
(943838, 0, 1927, 945765)
(944305, 0, 1460, 945765)
(943838, 0, 1927, 945765)
(944305, 0, 1460, 945765)
(945197, 0, 568, 945765)
(944730, 0, 1035, 945765)
(945197, 0, 568, 945765)
(944591, 0, 1174, 945765)
(945197, 0, 568, 945765)
(944591, 0, 1174, 945765)
(945197, 0, 568, 945765)
(944591, 0, 1174, 945765)
(945197, 0, 568, 945765)
(944591, 0, 1174, 945765)
(945197, 0, 568, 945765)
(944305, 0, 1460, 945765)
(943699, 0, 2066, 945765)
(944305, 0, 1460, 945765)
(943699, 0, 2066, 945765)
(944305, 0, 1460, 945765)
(945197, 0, 568, 945765)
(944591, 0, 1174, 945765)
(945197, 0, 568, 945765)
(944591, 0, 1174, 945765)
(945197, 0, 568, 945765)
(944591, 0, 1174, 945765)
(945197, 0, 568, 945765)
(944591, 0, 1174, 945765)
(945197, 0, 568, 945765)
(944591, 0, 1174, 945765)
(945197, 0, 568, 945765)
(944362, 0, 1403, 945765)
(945197, 0, 568, 945765)
(944591, 0, 1174, 945765)
(945197, 0, 568, 945765)
(944362, 0, 1403, 945765)
(945197, 0, 568, 945765)
(944591, 0, 1174, 945765)
(945197, 0, 568, 945765)
(944591, 0, 1174, 945765)
(945197, 0, 568, 945765)
(944362, 0, 1403, 945765)
(943756, 0, 2009, 945765)
(944362, 0, 1403, 945765)
(945197, 0, 568, 945765)
(944362, 0, 1403, 945765)
(943756, 0, 2009, 945765)
(944362, 0, 1403, 945765)
(945197, 0, 568, 945765)
(944591, 0, 1174, 945765)
(945197, 0, 568, 945765)
(944305, 0, 1460, 945765)
(943838, 0, 1927, 945765)
(944305, 0, 1460, 945765)
(943699, 0, 2066, 945765)
(944305, 0, 1460, 945765)
(945197, 0, 568, 945765)
(944591, 0, 1174, 945765)
(945197, 0, 568, 945765)
(944305, 0, 1460, 945765)
(945197, 0, 568, 945765)
(944730, 0, 1035, 945765)
(945197, 0, 568, 945765)
(944591, 0, 1174, 945765)
(945197, 0, 568, 945765)
(944730, 0, 1035, 945765)
(945197, 0, 568, 945765)
(944591, 0, 1174, 945765)
(945197, 0, 568, 945765)
(944362, 0, 1403, 945765)
(945197, 0, 568, 945765)
(944591, 0, 1174, 945765)
(945197, 0, 568, 945765)
(944591, 0, 1174, 945765)
(945197, 0, 568, 945765)
(944591, 0, 1174, 945765)
(945197, 0, 568, 945765)
(944591, 0, 1174, 945765)
(945197, 0, 568, 945765)
(944730, 0, 1035, 945765)
(945197, 0, 568, 945765)
(944591, 0, 1174, 945765)
(945197, 0, 568, 945765)
(945765, 0, 0, 945765)
(945159, 0, 606, 945765)
(945765, 0, 0, 945765)
(945159, 0, 606, 945765)
(945765, 0, 0, 945765)
(945159, 0, 606, 945765)
(945765, 0, 0, 945765)
(945159, 0, 606, 945765)
(945765, 0, 0, 945765)
(945159, 0, 606, 945765)
(945765, 0, 0, 945765)
(945298, 0, 467, 945765)
(945765, 0, 0, 945765)
(945159, 0, 606, 945765)
(945765, 0, 0, 945765)
(945638, 0, 127, 945765)
(945765, 0, 0, 945765)
(945298, 0, 467, 945765)
(945765, 0, 0, 945765)
(945159, 0, 606, 945765)
(945765, 0, 0, 945765)
(945298, 0, 467, 945765)
(945765, 0, 0, 945765)
(945298, 0, 467, 945765)
(945765, 0, 0, 945765)
(945669, 0, 96, 945765)
(945765, 0, 0, 945765)
(944930, 0, 835, 945765)
(944324, 0, 1441, 945765)
(944930, 0, 835, 945765)
(944324, 0, 1441, 945765)
(944930, 0, 835, 945765)
(944324, 0, 1441, 945765)
(944930, 0, 835, 945765)
(945765, 0, 0, 945765)
(944930, 0, 835, 945765)
(944463, 0, 1302, 945765)
(944930, 0, 835, 945765)
(945765, 0, 0, 945765)
(945298, 0, 467, 945765)
(945765, 0, 0, 945765)
(944930, 0, 835, 945765)
(945765, 0, 0, 945765)
(945159, 0, 606, 945765)
(945765, 0, 0, 945765)
(945298, 0, 467, 945765)
(945765, 0, 0, 945765)
(945298, 0, 467, 945765)
(945765, 0, 0, 945765)
(945298, 0, 467, 945765)
(945765, 0, 0, 945765)
(945298, 0, 467, 945765)
(945765, 0, 0, 945765)
(945159, 0, 606, 945765)
(945765, 0, 0, 945765)
(945159, 0, 606, 945765)
(945765, 0, 0, 945765)
(945638, 0, 127, 945765)
(945032, 0, 733, 945765)
(945638, 0, 127, 945765)
(945032, 0, 733, 945765)
(945638, 0, 127, 945765)
(944803, 0, 962, 945765)
(944197, 0, 1568, 945765)
(944803, 0, 962, 945765)
(944197, 0, 1568, 945765)
(944803, 0, 962, 945765)
(944197, 0, 1568, 945765)
(944803, 0, 962, 945765)
(944197, 0, 1568, 945765)
(944803, 0, 962, 945765)
(945638, 0, 127, 945765)
(945171, 0, 594, 945765)
(945638, 0, 127, 945765)
(945032, 0, 733, 945765)
(945638, 0, 127, 945765)
(945032, 0, 733, 945765)
(945638, 0, 127, 945765)
(945171, 0, 594, 945765)
(945638, 0, 127, 945765)
(944803, 0, 962, 945765)
(944197, 0, 1568, 945765)
(944803, 0, 962, 945765)
(944336, 0, 1429, 945765)
(944803, 0, 962, 945765)
(944197, 0, 1568, 945765)
(944803, 0, 962, 945765)
(944336, 0, 1429, 945765)
(944803, 0, 962, 945765)
(944336, 0, 1429, 945765)
(944803, 0, 962, 945765)
(945638, 0, 127, 945765)
(945032, 0, 733, 945765)
(945638, 0, 127, 945765)
(945032, 0, 733, 945765)
(945638, 0, 127, 945765)
(945032, 0, 733, 945765)
(945638, 0, 127, 945765)
(945032, 0, 733, 945765)
(945638, 0, 127, 945765)
(945032, 0, 733, 945765)
(945638, 0, 127, 945765)
(945765, 0, 0, 945765)
(944930, 0, 835, 945765)
(944463, 0, 1302, 945765)
(944930, 0, 835, 945765)
(944463, 0, 1302, 945765)
(944930, 0, 835, 945765)
(945765, 0, 0, 945765)
(945298, 0, 467, 945765)
(945765, 0, 0, 945765)
(945159, 0, 606, 945765)
(945765, 0, 0, 945765)
(945298, 0, 467, 945765)
(945765, 0, 0, 945765)
(945298, 0, 467, 945765)
(945765, 0, 0, 945765)
(945298, 0, 467, 945765)
(945765, 0, 0, 945765)
(944930, 0, 835, 945765)
(944324, 0, 1441, 945765)
(944930, 0, 835, 945765)
(944324, 0, 1441, 945765)
(944930, 0, 835, 945765)
(944324, 0, 1441, 945765)
(944930, 0, 835, 945765)
(944324, 0, 1441, 945765)
(944930, 0, 835, 945765)
(945765, 0, 0, 945765)
(945159, 0, 606, 945765)
(945765, 0, 0, 945765)
(945298, 0, 467, 945765)
(945765, 0, 0, 945765)
(945159, 0, 606, 945765)
(945765, 0, 0, 945765)
(945298, 0, 467, 945765)
(945765, 0, 0, 945765)
(945298, 0, 467, 945765)
(945765, 0, 0, 945765)
(945669, 0, 96, 945765)
(944777, 0, 988, 945765)
(945669, 0, 96, 945765)
(945063, 0, 702, 945765)
(945669, 0, 96, 945765)
(945063, 0, 702, 945765)
(945669, 0, 96, 945765)
(945063, 0, 702, 945765)
(945669, 0, 96, 945765)
(945202, 0, 563, 945765)
(945669, 0, 96, 945765)
(944834, 0, 931, 945765)
(945669, 0, 96, 945765)
(944834, 0, 931, 945765)
(944228, 0, 1537, 945765)
(944834, 0, 931, 945765)
(944367, 0, 1398, 945765)
(944834, 0, 931, 945765)
(944367, 0, 1398, 945765)
(944834, 0, 931, 945765)
(944367, 0, 1398, 945765)
(944834, 0, 931, 945765)
(944367, 0, 1398, 945765)
(944834, 0, 931, 945765)
(944228, 0, 1537, 945765)
(944834, 0, 931, 945765)
(944228, 0, 1537, 945765)
(944834, 0, 931, 945765)
(945669, 0, 96, 945765)
(944834, 0, 931, 945765)
(944228, 0, 1537, 945765)
(944834, 0, 931, 945765)
(944367, 0, 1398, 945765)
(944834, 0, 931, 945765)
(944228, 0, 1537, 945765)
(944834, 0, 931, 945765)
(944367, 0, 1398, 945765)
(944834, 0, 931, 945765)
(944367, 0, 1398, 945765)
(944834, 0, 931, 945765)
(944228, 0, 1537, 945765)
(944834, 0, 931, 945765)
(944228, 0, 1537, 945765)
(944834, 0, 931, 945765)
(944367, 0, 1398, 945765)
(944834, 0, 931, 945765)
(944228, 0, 1537, 945765)
(944834, 0, 931, 945765)
(944367, 0, 1398, 945765)
(944834, 0, 931, 945765)
(944228, 0, 1537, 945765)
(944834, 0, 931, 945765)
(944367, 0, 1398, 945765)
(944834, 0, 931, 945765)
(944228, 0, 1537, 945765)
(944834, 0, 931, 945765)
(944228, 0, 1537, 945765)
(944834, 0, 931, 945765)
(944367, 0, 1398, 945765)
(944834, 0, 931, 945765)
(945669, 0, 96, 945765)
(945202, 0, 563, 945765)
(945669, 0, 96, 945765)
(945202, 0, 563, 945765)
(945669, 0, 96, 945765)
(945202, 0, 563, 945765)
(945669, 0, 96, 945765)
(944777, 0, 988, 945765)
(945669, 0, 96, 945765)
(945063, 0, 702, 945765)
(945669, 0, 96, 945765)
(945202, 0, 563, 945765)
(945669, 0, 96, 945765)
(945202, 0, 563, 945765)
(945669, 0, 96, 945765)
(945063, 0, 702, 945765)
(945669, 0, 96, 945765)
(945202, 0, 563, 945765)
(945669, 0, 96, 945765)
(945202, 0, 563, 945765)
(945669, 0, 96, 945765)
(945063, 0, 702, 945765)
(945669, 0, 96, 945765)
(945063, 0, 702, 945765)
(945669, 0, 96, 945765)
(944777, 0, 988, 945765)
(944171, 0, 1594, 945765)
(944777, 0, 988, 945765)
(945669, 0, 96, 945765)
(945063, 0, 702, 945765)
(945669, 0, 96, 945765)
(945202, 0, 563, 945765)
(945669, 0, 96, 945765)
(944834, 0, 931, 945765)
(944228, 0, 1537, 945765)
(944834, 0, 931, 945765)
(944228, 0, 1537, 945765)
(944834, 0, 931, 945765)
(945669, 0, 96, 945765)
(945202, 0, 563, 945765)
(945669, 0, 96, 945765)
(945063, 0, 702, 945765)
(945669, 0, 96, 945765)
(945202, 0, 563, 945765)
(945669, 0, 96, 945765)
(945202, 0, 563, 945765)
(945669, 0, 96, 945765)
(945063, 0, 702, 945765)
(945669, 0, 96, 945765)
(945063, 0, 702, 945765)
(945669, 0, 96, 945765)
(944834, 0, 931, 945765)
(944228, 0, 1537, 945765)
(944834, 0, 931, 945765)
(945669, 0, 96, 945765)
(945063, 0, 702, 945765)
(945669, 0, 96, 945765)
(945202, 0, 563, 945765)
(945669, 0, 96, 945765)
(945063, 0, 702, 945765)
(945669, 0, 96, 945765)
(945063, 0, 702, 945765)
(945669, 0, 96, 945765)
(945063, 0, 702, 945765)
(945669, 0, 96, 945765)
(945202, 0, 563, 945765)
(945669, 0, 96, 945765)
(944777, 0, 988, 945765)
(944310, 0, 1455, 945765)
(944777, 0, 988, 945765)
(944171, 0, 1594, 945765)
(944777, 0, 988, 945765)
(944171, 0, 1594, 945765)
(944777, 0, 988, 945765)
(945669, 0, 96, 945765)
(945765, 0, 0, 945765)
(945669, 0, 96, 945765)
(945202, 0, 563, 945765)
(945669, 0, 96, 945765)
(944834, 0, 931, 945765)
(944367, 0, 1398, 945765)
(944834, 0, 931, 945765)
(944228, 0, 1537, 945765)
(944834, 0, 931, 945765)
(944228, 0, 1537, 945765)
(944834, 0, 931, 945765)
(945669, 0, 96, 945765)
(945063, 0, 702, 945765)
(945669, 0, 96, 945765)
(945765, 0, 0, 945765)
(945159, 0, 606, 945765)
(945765, 0, 0, 945765)
(945159, 0, 606, 945765)
(945765, 0, 0, 945765)
(945298, 0, 467, 945765)
(945765, 0, 0, 945765)
(945159, 0, 606, 945765)
(945765, 0, 0, 945765)
(945159, 0, 606, 945765)
(945765, 0, 0, 945765)
(945298, 0, 467, 945765)
(945765, 0, 0, 945765)
(945159, 0, 606, 945765)
(945765, 0, 0, 945765)
(945159, 0, 606, 945765)
(945765, 0, 0, 945765)
(945298, 0, 467, 945765)
(945765, 0, 0, 945765)
(945159, 0, 606, 945765)
(945765, 0, 0, 945765)
(945159, 0, 606, 945765)
(945765, 0, 0, 945765)
(945159, 0, 606, 945765)
(945765, 0, 0, 945765)
(945298, 0, 467, 945765)
(945765, 0, 0, 945765)
(945298, 0, 467, 945765)
(945765, 0, 0, 945765)
(945159, 0, 606, 945765)
(945765, 0, 0, 945765)
(945298, 0, 467, 945765)
(945765, 0, 0, 945765)
(945159, 0, 606, 945765)
(945765, 0, 0, 945765)
(945159, 0, 606, 945765)
(945765, 0, 0, 945765)
(945159, 0, 606, 945765)
(945765, 0, 0, 945765)
(945159, 0, 606, 945765)
(945765, 0, 0, 945765)
(944873, 0, 892, 945765)
(944267, 0, 1498, 945765)
(944873, 0, 892, 945765)
(945765, 0, 0, 945765)
(945159, 0, 606, 945765)
(945765, 0, 0, 945765)
(945298, 0, 467, 945765)
(945765, 0, 0, 945765)
(944930, 0, 835, 945765)
(944324, 0, 1441, 945765)
(944930, 0, 835, 945765)
(944324, 0, 1441, 945765)
(944930, 0, 835, 945765)
(944463, 0, 1302, 945765)
(944930, 0, 835, 945765)
(944324, 0, 1441, 945765)
(944930, 0, 835, 945765)
(944324, 0, 1441, 945765)
(944930, 0, 835, 945765)
(944324, 0, 1441, 945765)
(944930, 0, 835, 945765)
(944324, 0, 1441, 945765)
(944930, 0, 835, 945765)
(945765, 0, 0, 945765)
(945159, 0, 606, 945765)
(945765, 0, 0, 945765)
(944873, 0, 892, 945765)
(944267, 0, 1498, 945765)
(944873, 0, 892, 945765)
(944406, 0, 1359, 945765)
(944873, 0, 892, 945765)
(945765, 0, 0, 945765)
(945159, 0, 606, 945765)
(945765, 0, 0, 945765)
(944930, 0, 835, 945765)
(944324, 0, 1441, 945765)
(944930, 0, 835, 945765)
(944463, 0, 1302, 945765)
(944930, 0, 835, 945765)
(944324, 0, 1441, 945765)
(944930, 0, 835, 945765)
(945765, 0, 0, 945765)
(945159, 0, 606, 945765)
(945765, 0, 0, 945765)
(945159, 0, 606, 945765)
(945765, 0, 0, 945765)
(945298, 0, 467, 945765)
(945765, 0, 0, 945765)
(945159, 0, 606, 945765)
(945765, 0, 0, 945765)
(945159, 0, 606, 945765)
(945765, 0, 0, 945765)
(945159, 0, 606, 945765)
(945765, 0, 0, 945765)
(945298, 0, 467, 945765)
(945765, 0, 0, 945765)
(945159, 0, 606, 945765)
(945765, 0, 0, 945765)
(945159, 0, 606, 945765)
(945765, 0, 0, 945765)
(945159, 0, 606, 945765)
(945765, 0, 0, 945765)
(944873, 0, 892, 945765)
(944267, 0, 1498, 945765)
(944873, 0, 892, 945765)
(944267, 0, 1498, 945765)
(944873, 0, 892, 945765)
(944267, 0, 1498, 945765)
(944873, 0, 892, 945765)
(944267, 0, 1498, 945765)
(944873, 0, 892, 945765)
(944267, 0, 1498, 945765)
(944873, 0, 892, 945765)
(944406, 0, 1359, 945765)
(944873, 0, 892, 945765)
(944267, 0, 1498, 945765)
(944873, 0, 892, 945765)
(945765, 0, 0, 945765)
(945298, 0, 467, 945765)
(945765, 0, 0, 945765)
(945669, 0, 96, 945765)
(945063, 0, 702, 945765)
(945669, 0, 96, 945765)
(945063, 0, 702, 945765)
(945669, 0, 96, 945765)
(945063, 0, 702, 945765)
(945669, 0, 96, 945765)
(945063, 0, 702, 945765)
(945669, 0, 96, 945765)
(945063, 0, 702, 945765)
(945669, 0, 96, 945765)
(945063, 0, 702, 945765)
(945669, 0, 96, 945765)
(945202, 0, 563, 945765)
(945669, 0, 96, 945765)
(944834, 0, 931, 945765)
(945669, 0, 96, 945765)
(944777, 0, 988, 945765)
(944171, 0, 1594, 945765)
(944777, 0, 988, 945765)
(944171, 0, 1594, 945765)
(944777, 0, 988, 945765)
(945669, 0, 96, 945765)
(945063, 0, 702, 945765)
(945669, 0, 96, 945765)
(945063, 0, 702, 945765)
(945669, 0, 96, 945765)
(945063, 0, 702, 945765)
(945669, 0, 96, 945765)
(945765, 0, 0, 945765)
(945669, 0, 96, 945765)
(945063, 0, 702, 945765)
(945669, 0, 96, 945765)
(945063, 0, 702, 945765)
(945669, 0, 96, 945765)
(945202, 0, 563, 945765)
(945669, 0, 96, 945765)
(945202, 0, 563, 945765)
(945669, 0, 96, 945765)
(945202, 0, 563, 945765)
(945669, 0, 96, 945765)
(945063, 0, 702, 945765)
(945669, 0, 96, 945765)
(945063, 0, 702, 945765)
(945669, 0, 96, 945765)
(945202, 0, 563, 945765)
(945669, 0, 96, 945765)
(945063, 0, 702, 945765)
(945669, 0, 96, 945765)
(945202, 0, 563, 945765)
(945669, 0, 96, 945765)
(945202, 0, 563, 945765)
(945669, 0, 96, 945765)
(945063, 0, 702, 945765)
(945669, 0, 96, 945765)
(945063, 0, 702, 945765)
(945669, 0, 96, 945765)
(945063, 0, 702, 945765)
(945669, 0, 96, 945765)
(945063, 0, 702, 945765)
(945669, 0, 96, 945765)
(945202, 0, 563, 945765)
(945669, 0, 96, 945765)
(945765, 0, 0, 945765)
(945298, 0, 467, 945765)
(945765, 0, 0, 945765)
(945159, 0, 606, 945765)
(945765, 0, 0, 945765)
(945298, 0, 467, 945765)
(945765, 0, 0, 945765)
(945159, 0, 606, 945765)
(945765, 0, 0, 945765)
(944930, 0, 835, 945765)
(945765, 0, 0, 945765)
(945159, 0, 606, 945765)
(945765, 0, 0, 945765)
(945159, 0, 606, 945765)
(945765, 0, 0, 945765)
(945159, 0, 606, 945765)
(945765, 0, 0, 945765)
(945159, 0, 606, 945765)
(945765, 0, 0, 945765)
(945298, 0, 467, 945765)
(945765, 0, 0, 945765)
(945159, 0, 606, 945765)
(945765, 0, 0, 945765)
(945298, 0, 467, 945765)
(945765, 0, 0, 945765)
(945159, 0, 606, 945765)
(945765, 0, 0, 945765)
(944930, 0, 835, 945765)
(944324, 0, 1441, 945765)
(944930, 0, 835, 945765)
(944463, 0, 1302, 945765)
(944930, 0, 835, 945765)
(945765, 0, 0, 945765)
(945298, 0, 467, 945765)
(945765, 0, 0, 945765)
(944930, 0, 835, 945765)
(944324, 0, 1441, 945765)
(944930, 0, 835, 945765)
(945765, 0, 0, 945765)
(945298, 0, 467, 945765)
(945765, 0, 0, 945765)
(945298, 0, 467, 945765)
(945765, 0, 0, 945765)
(944930, 0, 835, 945765)
(944463, 0, 1302, 945765)
(944930, 0, 835, 945765)
(944324, 0, 1441, 945765)
(944930, 0, 835, 945765)
(944463, 0, 1302, 945765)
(944930, 0, 835, 945765)
(944463, 0, 1302, 945765)
(944930, 0, 835, 945765)
(945765, 0, 0, 945765)
(945159, 0, 606, 945765)
(945765, 0, 0, 945765)
(945766, 0, 1, 945767)
(944874, 0, 893, 945767)
(945766, 0, 1, 945767)
(945160, 0, 607, 945767)
(945766, 0, 1, 945767)
(945160, 0, 607, 945767)
(945766, 0, 1, 945767)
(944931, 0, 836, 945767)
(945766, 0, 1, 945767)
(945160, 0, 607, 945767)
(945766, 0, 1, 945767)
(945299, 0, 468, 945767)
(945766, 0, 1, 945767)
(945299, 0, 468, 945767)
(945766, 0, 1, 945767)
(945299, 0, 468, 945767)
(945766, 0, 1, 945767)
(945299, 0, 468, 945767)
(945766, 0, 1, 945767)
(945160, 0, 607, 945767)
(945766, 0, 1, 945767)
(944931, 0, 836, 945767)
(944325, 0, 1442, 945767)
(944931, 0, 836, 945767)
(945766, 0, 1, 945767)
(945299, 0, 468, 945767)
(945766, 0, 1, 945767)
(945299, 0, 468, 945767)
(945766, 0, 1, 945767)
(945160, 0, 607, 945767)
(945766, 0, 1, 945767)
(945160, 0, 607, 945767)
(945766, 0, 1, 945767)
(944931, 0, 836, 945767)
(944325, 0, 1442, 945767)
(944931, 0, 836, 945767)
(944325, 0, 1442, 945767)
(944931, 0, 836, 945767)
(944325, 0, 1442, 945767)
(944931, 0, 836, 945767)
(944325, 0, 1442, 945767)
(944931, 0, 836, 945767)
(944325, 0, 1442, 945767)
(944931, 0, 836, 945767)
(944325, 0, 1442, 945767)
(944931, 0, 836, 945767)
(944325, 0, 1442, 945767)
(944931, 0, 836, 945767)
(944325, 0, 1442, 945767)
(944931, 0, 836, 945767)
(944325, 0, 1442, 945767)
(944931, 0, 836, 945767)
(945766, 0, 1, 945767)
(945299, 0, 468, 945767)
(945766, 0, 1, 945767)
(945299, 0, 468, 945767)
(945766, 0, 1, 945767)
(945299, 0, 468, 945767)
(945766, 0, 1, 945767)
(945299, 0, 468, 945767)
(945766, 0, 1, 945767)
(945160, 0, 607, 945767)
(945766, 0, 1, 945767)
(945160, 0, 607, 945767)
(945766, 0, 1, 945767)
(945299, 0, 468, 945767)
(945766, 0, 1, 945767)
(944931, 0, 836, 945767)
(945766, 0, 1, 945767)
(945160, 0, 607, 945767)
(945766, 0, 1, 945767)
(945299, 0, 468, 945767)
(945766, 0, 1, 945767)
(945299, 0, 468, 945767)
(945766, 0, 1, 945767)
(945160, 0, 607, 945767)
(945766, 0, 1, 945767)
(945160, 0, 607, 945767)
(945766, 0, 1, 945767)
(944931, 0, 836, 945767)
(944325, 0, 1442, 945767)
(944931, 0, 836, 945767)
(944464, 0, 1303, 945767)
(944931, 0, 836, 945767)
(944325, 0, 1442, 945767)
(944931, 0, 836, 945767)
(944325, 0, 1442, 945767)
(944931, 0, 836, 945767)
(945766, 0, 1, 945767)
(945160, 0, 607, 945767)
(945766, 0, 1, 945767)
(945299, 0, 468, 945767)
(945766, 0, 1, 945767)
(945160, 0, 607, 945767)
(945766, 0, 1, 945767)
(945160, 0, 607, 945767)
(945766, 0, 1, 945767)
(945160, 0, 607, 945767)
(945766, 0, 1, 945767)
(945160, 0, 607, 945767)
(945766, 0, 1, 945767)
(945160, 0, 607, 945767)
(945766, 0, 1, 945767)
(945299, 0, 468, 945767)
(945766, 0, 1, 945767)
(945160, 0, 607, 945767)
(945766, 0, 1, 945767)
(945160, 0, 607, 945767)
(945766, 0, 1, 945767)
(945160, 0, 607, 945767)
(945766, 0, 1, 945767)
(945160, 0, 607, 945767)
(945766, 0, 1, 945767)
(945299, 0, 468, 945767)
(945766, 0, 1, 945767)
(945767, 0, 2, 945769)
(945300, 0, 469, 945769)
(945767, 0, 2, 945769)
(945161, 0, 608, 945769)
(945767, 0, 2, 945769)
(945161, 0, 608, 945769)
(945767, 0, 2, 945769)
(944932, 0, 837, 945769)
(944326, 0, 1443, 945769)
(944932, 0, 837, 945769)
(944326, 0, 1443, 945769)
(944932, 0, 837, 945769)
(944326, 0, 1443, 945769)
(944932, 0, 837, 945769)
(944326, 0, 1443, 945769)
(944932, 0, 837, 945769)
(944326, 0, 1443, 945769)
(944932, 0, 837, 945769)
(945767, 0, 2, 945769)
(945300, 0, 469, 945769)
(945767, 0, 2, 945769)
(945671, 0, 98, 945769)
(945065, 0, 704, 945769)
(945671, 0, 98, 945769)
(945065, 0, 704, 945769)
(945671, 0, 98, 945769)
(945065, 0, 704, 945769)
(945671, 0, 98, 945769)
(945204, 0, 565, 945769)
(945671, 0, 98, 945769)
(945204, 0, 565, 945769)
(945671, 0, 98, 945769)
(945767, 0, 2, 945769)
(945161, 0, 608, 945769)
(945767, 0, 2, 945769)
(945161, 0, 608, 945769)
(945767, 0, 2, 945769)
(944932, 0, 837, 945769)
(944465, 0, 1304, 945769)
(944932, 0, 837, 945769)
(944465, 0, 1304, 945769)
(944932, 0, 837, 945769)
(944326, 0, 1443, 945769)
(944932, 0, 837, 945769)
(944326, 0, 1443, 945769)
(944932, 0, 837, 945769)
(944465, 0, 1304, 945769)
(944932, 0, 837, 945769)
(944326, 0, 1443, 945769)
(944932, 0, 837, 945769)
(944326, 0, 1443, 945769)
(944932, 0, 837, 945769)
(944465, 0, 1304, 945769)
(944932, 0, 837, 945769)
(944326, 0, 1443, 945769)
(944932, 0, 837, 945769)
(944326, 0, 1443, 945769)
(944932, 0, 837, 945769)
(944465, 0, 1304, 945769)
(944932, 0, 837, 945769)
(945767, 0, 2, 945769)
(945161, 0, 608, 945769)
(945767, 0, 2, 945769)
(945161, 0, 608, 945769)
(945767, 0, 2, 945769)
(945300, 0, 469, 945769)
(945767, 0, 2, 945769)
(945161, 0, 608, 945769)
(945767, 0, 2, 945769)
(944932, 0, 837, 945769)
(944326, 0, 1443, 945769)
(944932, 0, 837, 945769)
(944465, 0, 1304, 945769)
(944932, 0, 837, 945769)
(944326, 0, 1443, 945769)
(944932, 0, 837, 945769)
(944326, 0, 1443, 945769)
(944932, 0, 837, 945769)
(944465, 0, 1304, 945769)
(944932, 0, 837, 945769)
(944326, 0, 1443, 945769)
(944932, 0, 837, 945769)
(945767, 0, 2, 945769)
(945161, 0, 608, 945769)
(945767, 0, 2, 945769)
(944932, 0, 837, 945769)
(944326, 0, 1443, 945769)
(944932, 0, 837, 945769)
(944465, 0, 1304, 945769)
(944932, 0, 837, 945769)
(944465, 0, 1304, 945769)
(944932, 0, 837, 945769)
(944465, 0, 1304, 945769)
(944932, 0, 837, 945769)
(944326, 0, 1443, 945769)
(944932, 0, 837, 945769)
(944465, 0, 1304, 945769)
(944932, 0, 837, 945769)
(944326, 0, 1443, 945769)
(944932, 0, 837, 945769)
(945767, 0, 2, 945769)
(945161, 0, 608, 945769)
(945767, 0, 2, 945769)
(945300, 0, 469, 945769)
(945767, 0, 2, 945769)
(945161, 0, 608, 945769)
(945767, 0, 2, 945769)
(945161, 0, 608, 945769)
(945767, 0, 2, 945769)
(945300, 0, 469, 945769)
(945767, 0, 2, 945769)
(945161, 0, 608, 945769)
(945767, 0, 2, 945769)
(945640, 0, 129, 945769)
(945034, 0, 735, 945769)
(945640, 0, 129, 945769)
(945034, 0, 735, 945769)
(945640, 0, 129, 945769)
(945034, 0, 735, 945769)
(945640, 0, 129, 945769)
(944805, 0, 964, 945769)
(945640, 0, 129, 945769)
(945173, 0, 596, 945769)
(945640, 0, 129, 945769)
(945034, 0, 735, 945769)
(945640, 0, 129, 945769)
(945173, 0, 596, 945769)
(945640, 0, 129, 945769)
(944805, 0, 964, 945769)
(944199, 0, 1570, 945769)
(944805, 0, 964, 945769)
(944199, 0, 1570, 945769)
(944805, 0, 964, 945769)
(945640, 0, 129, 945769)
(945173, 0, 596, 945769)
(945640, 0, 129, 945769)
(945173, 0, 596, 945769)
(945640, 0, 129, 945769)
(944805, 0, 964, 945769)
(944199, 0, 1570, 945769)
(944805, 0, 964, 945769)
(944338, 0, 1431, 945769)
(944805, 0, 964, 945769)
(945640, 0, 129, 945769)
(945034, 0, 735, 945769)
(945640, 0, 129, 945769)
(945173, 0, 596, 945769)
(945640, 0, 129, 945769)
(945173, 0, 596, 945769)
(945640, 0, 129, 945769)
(944805, 0, 964, 945769)
(944199, 0, 1570, 945769)
(944805, 0, 964, 945769)
(944338, 0, 1431, 945769)
(944805, 0, 964, 945769)
(945640, 0, 129, 945769)
(945034, 0, 735, 945769)
(945640, 0, 129, 945769)
(945034, 0, 735, 945769)
(945640, 0, 129, 945769)
(944805, 0, 964, 945769)
(945640, 0, 129, 945769)
(945034, 0, 735, 945769)
(945640, 0, 129, 945769)
(945034, 0, 735, 945769)
(945640, 0, 129, 945769)
(945034, 0, 735, 945769)
(945640, 0, 129, 945769)
(944805, 0, 964, 945769)
(944338, 0, 1431, 945769)
(944805, 0, 964, 945769)
(945640, 0, 129, 945769)
(944748, 0, 1021, 945769)
(944142, 0, 1627, 945769)
(944748, 0, 1021, 945769)
(945640, 0, 129, 945769)
(945034, 0, 735, 945769)
(945640, 0, 129, 945769)
(945034, 0, 735, 945769)
(945640, 0, 129, 945769)
(945173, 0, 596, 945769)
(945640, 0, 129, 945769)
(945173, 0, 596, 945769)
(945640, 0, 129, 945769)
(945173, 0, 596, 945769)
(945640, 0, 129, 945769)
(945173, 0, 596, 945769)
(945640, 0, 129, 945769)
(945173, 0, 596, 945769)
(945640, 0, 129, 945769)
(945034, 0, 735, 945769)
(945640, 0, 129, 945769)
(945034, 0, 735, 945769)
(945640, 0, 129, 945769)
(945173, 0, 596, 945769)
(945640, 0, 129, 945769)
(945173, 0, 596, 945769)
(945640, 0, 129, 945769)
(945173, 0, 596, 945769)
(945640, 0, 129, 945769)
(944805, 0, 964, 945769)
(944338, 0, 1431, 945769)
