(1426686, 0, 0, 1426686)
(1426651, 0, 0, 1426651)
(1426374, 0, 0, 1426374)
(1426121, 0, 0, 1426121)
(1425895, 0, 0, 1425895)
(1425328, 0, 0, 1425328)
(1425079, 0, 0, 1425079)
(1424654, 0, 0, 1424654)
(1424537, 0, 0, 1424537)
(1424358, 0, 0, 1424358)
(1423794, 0, 0, 1423794)
(1423412, 0, 0, 1423412)
(1423211, 0, 0, 1423211)
(1422866, 0, 0, 1422866)
(1422292, 0, 0, 1422292)
(1422063, 0, 0, 1422063)
(1421747, 0, 0, 1421747)
(1421391, 0, 0, 1421391)
(1421168, 0, 0, 1421168)
(1420691, 0, 0, 1420691)
(1420642, 0, 0, 1420642)
(1420521, 0, 0, 1420521)
(1420247, 0, 0, 1420247)
(1419556, 0, 0, 1419556)
(1419311, 0, 0, 1419311)
(1418479, 0, 0, 1418479)
(1418402, 0, 0, 1418402)
(1417842, 0, 0, 1417842)
(1417466, 0, 0, 1417466)
(1417199, 0, 0, 1417199)
(1416987, 0, 0, 1416987)
(1416882, 0, 0, 1416882)
(1416562, 0, 0, 1416562)
(1416489, 0, 0, 1416489)
(1415912, 0, 0, 1415912)
(1415630, 0, 0, 1415630)
(1415400, 0, 0, 1415400)
(1415036, 0, 0, 1415036)
(1414714, 0, 0, 1414714)
(1414384, 0, 0, 1414384)
(1413957, 0, 0, 1413957)
(1413673, 0, 0, 1413673)
(1413546, 0, 0, 1413546)
(1413454, 0, 0, 1413454)
(1413453, 0, 0, 1413453)
(1413452, 0, 0, 1413452)
(1413451, 0, 0, 1413451)
(1413394, 0, 0, 1413394)
(1412961, 0, 0, 1412961)
(1412623, 0, 0, 1412623)
(1412102, 0, 0, 1412102)
(1411825, 0, 0, 1411825)
(1411592, 0, 0, 1411592)
(1411366, 0, 0, 1411366)
(1411184, 0, 0, 1411184)
(1410924, 0, 0, 1410924)
(1410829, 0, 0, 1410829)
(1410540, 0, 0, 1410540)
(1410271, 0, 0, 1410271)
(1410110, 0, 0, 1410110)
(1409496, 0, 0, 1409496)
(1409332, 0, 0, 1409332)
(1408938, 0, 0, 1408938)
(1408871, 0, 0, 1408871)
(1408384, 0, 0, 1408384)
(1408293, 0, 0, 1408293)
(1407954, 0, 0, 1407954)
(1407927, 0, 0, 1407927)
(1407809, 0, 0, 1407809)
(1407555, 0, 0, 1407555)
(1407396, 0, 0, 1407396)
(1406974, 0, 0, 1406974)
(1406428, 0, 0, 1406428)
(1405865, 0, 0, 1405865)
(1405623, 0, 0, 1405623)
(1405470, 0, 0, 1405470)
(1404850, 0, 0, 1404850)
(1404673, 0, 0, 1404673)
(1404593, 0, 0, 1404593)
(1404388, 0, 0, 1404388)
(1403973, 0, 0, 1403973)
(1403775, 0, 0, 1403775)
(1403493, 0, 0, 1403493)
(1403020, 0, 0, 1403020)
(1402829, 0, 0, 1402829)
(1402064, 0, 0, 1402064)
(1401893, 0, 0, 1401893)
(1401425, 0, 0, 1401425)
(1401335, 0, 0, 1401335)
(1400845, 0, 0, 1400845)
(1400753, 0, 0, 1400753)
(1400601, 0, 0, 1400601)
(1400557, 0, 0, 1400557)
(1400175, 0, 0, 1400175)
(1400001, 0, 0, 1400001)
(1399601, 0, 0, 1399601)
(1399271, 0, 0, 1399271)
(1399122, 0, 0, 1399122)
(1398446, 0, 0, 1398446)
(1397752, 0, 0, 1397752)
(1397611, 0, 0, 1397611)
(1397367, 0, 0, 1397367)
(1397203, 0, 0, 1397203)
(1396690, 0, 0, 1396690)
(1396476, 0, 0, 1396476)
(1396072, 0, 0, 1396072)
(1396000, 0, 0, 1396000)
(1395527, 0, 0, 1395527)
(1395396, 0, 0, 1395396)
(1395171, 0, 0, 1395171)
(1394032, 0, 0, 1394032)
(1393361, 0, 0, 1393361)
(1392403, 0, 0, 1392403)
(1392007, 0, 0, 1392007)
(1391864, 0, 0, 1391864)
(1391759, 0, 0, 1391759)
(1391439, 0, 0, 1391439)
(1391155, 0, 0, 1391155)
(1390946, 0, 0, 1390946)
(1390691, 0, 0, 1390691)
(1389950, 0, 0, 1389950)
(1389564, 0, 0, 1389564)
(1389408, 0, 0, 1389408)
(1389249, 0, 0, 1389249)
(1388629, 0, 0, 1388629)
(1388217, 0, 0, 1388217)
(1388141, 0, 0, 1388141)
(1387554, 0, 0, 1387554)
(1387510, 0, 0, 1387510)
(1387320, 0, 0, 1387320)
(1386694, 0, 0, 1386694)
(1385774, 0, 0, 1385774)
(1385436, 0, 0, 1385436)
