(945765, 0, 0, 945765)
(945159, 0, 0, 945159)
(944324, 0, 0, 944324)
(944228, 0, 0, 944228)
(943660, 0, 0, 943660)
(943033, 0, 0, 943033)
(942307, 0, 0, 942307)
(941832, 0, 0, 941832)
(941469, 0, 0, 941469)
(941264, 0, 0, 941264)
(941162, 0, 0, 941162)
(941060, 0, 0, 941060)
(940626, 0, 0, 940626)
(940240, 0, 0, 940240)
(940239, 0, 0, 940239)
(940098, 0, 0, 940098)
(940058, 0, 0, 940058)
(939688, 0, 0, 939688)
(939370, 0, 0, 939370)
(938989, 0, 0, 938989)
(938988, 0, 0, 938988)
(938987, 0, 0, 938987)
(938854, 0, 0, 938854)
(938169, 0, 0, 938169)
(937480, 0, 0, 937480)
(937318, 0, 0, 937318)
(937218, 0, 0, 937218)
(936785, 0, 0, 936785)
(936433, 0, 0, 936433)
(936036, 0, 0, 936036)
(935744, 0, 0, 935744)
(935278, 0, 0, 935278)
(935277, 0, 0, 935277)
(935061, 0, 0, 935061)
(934549, 0, 0, 934549)
(934548, 0, 0, 934548)
(933631, 0, 0, 933631)
(933422, 0, 0, 933422)
(932604, 0, 0, 932604)
(932563, 0, 0, 932563)
(931952, 0, 0, 931952)
(931417, 0, 0, 931417)
(930830, 0, 0, 930830)
(930177, 0, 0, 930177)
(929784, 0, 0, 929784)
(929783, 0, 0, 929783)
(929461, 0, 0, 929461)
(928445, 0, 0, 928445)
(928011, 0, 0, 928011)
(928010, 0, 0, 928010)
(928009, 0, 0, 928009)
(927911, 0, 0, 927911)
(927781, 0, 0, 927781)
(927311, 0, 0, 927311)
(926763, 0, 0, 926763)
(926453, 0, 0, 926453)
(926111, 0, 0, 926111)
(925854, 0, 0, 925854)
(925428, 0, 0, 925428)
(924852, 0, 0, 924852)
(924558, 0, 0, 924558)
(924164, 0, 0, 924164)
(924147, 0, 0, 924147)
(923681, 0, 0, 923681)
(923680, 0, 0, 923680)
(923679, 0, 0, 923679)
(923678, 0, 0, 923678)
(923677, 0, 0, 923677)
(923013, 0, 0, 923013)
(922582, 0, 0, 922582)
(921883, 0, 0, 921883)
(921526, 0, 0, 921526)
(921004, 0, 0, 921004)
(921003, 0, 0, 921003)
(920107, 0, 0, 920107)
(919913, 0, 0, 919913)
(919530, 0, 0, 919530)
(919232, 0, 0, 919232)
(918861, 0, 0, 918861)
(918492, 0, 0, 918492)
(918291, 0, 0, 918291)
(917870, 0, 0, 917870)
(917869, 0, 0, 917869)
(917592, 0, 0, 917592)
(917419, 0, 0, 917419)
(917418, 0, 0, 917418)
(917114, 0, 0, 917114)
(916223, 0, 0, 916223)
(915706, 0, 0, 915706)
(915537, 0, 0, 915537)
(915536, 0, 0, 915536)
(914949, 0, 0, 914949)
(914214, 0, 0, 914214)
(913635, 0, 0, 913635)
(913634, 0, 0, 913634)
(912722, 0, 0, 912722)
(912242, 0, 0, 912242)
(912013, 0, 0, 912013)
(911492, 0, 0, 911492)
(911491, 0, 0, 911491)
(911030, 0, 0, 911030)
(910194, 0, 0, 910194)
(909728, 0, 0, 909728)
(909479, 0, 0, 909479)
(909478, 0, 0, 909478)
(909417, 0, 0, 909417)
(908423, 0, 0, 908423)
(907879, 0, 0, 907879)
(907601, 0, 0, 907601)
(907482, 0, 0, 907482)
(907360, 0, 0, 907360)
(907120, 0, 0, 907120)
(906665, 0, 0, 906665)
(906167, 0, 0, 906167)
(906001, 0, 0, 906001)
(905545, 0, 0, 905545)
(904733, 0, 0, 904733)
(904575, 0, 0, 904575)
(904442, 0, 0, 904442)
(904353, 0, 0, 904353)
(904331, 0, 0, 904331)
(904271, 0, 0, 904271)
(903863, 0, 0, 903863)
(903608, 0, 0, 903608)
(903396, 0, 0, 903396)
(903149, 0, 0, 903149)
(902668, 0, 0, 902668)
(902542, 0, 0, 902542)
(902331, 0, 0, 902331)
(902144, 0, 0, 902144)
(902143, 0, 0, 902143)
(901575, 0, 0, 901575)
(900729, 0, 0, 900729)
(900304, 0, 0, 900304)
(899429, 0, 0, 899429)
(898606, 0, 0, 898606)
(898337, 0, 0, 898337)
(898036, 0, 0, 898036)
(897389, 0, 0, 897389)
(896807, 0, 0, 896807)
(896059, 0, 0, 896059)
(895386, 0, 0, 895386)
(895247, 0, 0, 895247)
(894855, 0, 0, 894855)
(894475, 0, 0, 894475)
(893673, 0, 0, 893673)
(893116, 0, 0, 893116)
(892996, 0, 0, 892996)
(892936, 0, 0, 892936)
(891876, 0, 0, 891876)
(891823, 0, 0, 891823)
(891653, 0, 0, 891653)
(891232, 0, 0, 891232)
(891215, 0, 0, 891215)
(890750, 0, 0, 890750)
(890467, 0, 0, 890467)
(889976, 0, 0, 889976)
(889666, 0, 0, 889666)
(888505, 0, 0, 888505)
(888433, 0, 0, 888433)
(888432, 0, 0, 888432)
(887847, 0, 0, 887847)
(887767, 0, 0, 887767)
(887564, 0, 0, 887564)
(886760, 0, 0, 886760)
(886661, 0, 0, 886661)
(886562, 0, 0, 886562)
(886463, 0, 0, 886463)
(886462, 0, 0, 886462)
(886253, 0, 0, 886253)
(886159, 0, 0, 886159)
(885892, 0, 0, 885892)
(885421, 0, 0, 885421)
(885309, 0, 0, 885309)
(884424, 0, 0, 884424)
(884321, 0, 0, 884321)
(883876, 0, 0, 883876)
(882913, 0, 0, 882913)
(882232, 0, 0, 882232)
(881773, 0, 0, 881773)
(881514, 0, 0, 881514)
(880876, 0, 0, 880876)
(880498, 0, 0, 880498)
(879911, 0, 0, 879911)
(879108, 0, 0, 879108)
(878901, 0, 0, 878901)
(878775, 0, 0, 878775)
(878373, 0, 0, 878373)
(878058, 0, 0, 878058)
(877305, 0, 0, 877305)
(876912, 0, 0, 876912)
(876124, 0, 0, 876124)
(875589, 0, 0, 875589)
(875520, 0, 0, 875520)
(875439, 0, 0, 875439)
(874988, 0, 0, 874988)
(874094, 0, 0, 874094)
(873795, 0, 0, 873795)
(873500, 0, 0, 873500)
(872882, 0, 0, 872882)
(872170, 0, 0, 872170)
(871991, 0, 0, 871991)
(871965, 0, 0, 871965)
(871065, 0, 0, 871065)
(870296, 0, 0, 870296)
(869655, 0, 0, 869655)
(869605, 0, 0, 869605)
(869604, 0, 0, 869604)
(869377, 0, 0, 869377)
(868715, 0, 0, 868715)
(868545, 0, 0, 868545)
(868112, 0, 0, 868112)
(867853, 0, 0, 867853)
(867852, 0, 0, 867852)
(867600, 0, 0, 867600)
(867510, 0, 0, 867510)
(867197, 0, 0, 867197)
(866660, 0, 0, 866660)
