(1102635, 0, 0, 1102635)
(1101798, 0, 0, 1101798)
(1101330, 0, 0, 1101330)
(1101329, 0, 0, 1101329)
(1101234, 0, 0, 1101234)
(1100668, 0, 0, 1100668)
(1100151, 0, 0, 1100151)
(1099842, 0, 0, 1099842)
(1099578, 0, 0, 1099578)
(1099573, 0, 0, 1099573)
(1099568, 0, 0, 1099568)
(1099567, 0, 0, 1099567)
(1098932, 0, 0, 1098932)
(1098281, 0, 0, 1098281)
(1097605, 0, 0, 1097605)
(1097128, 0, 0, 1097128)
(1096855, 0, 0, 1096855)
(1096825, 0, 0, 1096825)
(1096706, 0, 0, 1096706)
(1096422, 0, 0, 1096422)
(1096384, 0, 0, 1096384)
(1095649, 0, 0, 1095649)
(1095485, 0, 0, 1095485)
(1095484, 0, 0, 1095484)
(1095070, 0, 0, 1095070)
(1094787, 0, 0, 1094787)
(1094503, 0, 0, 1094503)
(1093552, 0, 0, 1093552)
(1092718, 0, 0, 1092718)
(1092398, 0, 0, 1092398)
(1092074, 0, 0, 1092074)
(1091720, 0, 0, 1091720)
(1090691, 0, 0, 1090691)
(1090514, 0, 0, 1090514)
(1090237, 0, 0, 1090237)
(1089893, 0, 0, 1089893)
(1089674, 0, 0, 1089674)
(1089571, 0, 0, 1089571)
(1089037, 0, 0, 1089037)
(1088543, 0, 0, 1088543)
(1087661, 0, 0, 1087661)
(1087660, 0, 0, 1087660)
(1086912, 0, 0, 1086912)
(1085783, 0, 0, 1085783)
(1085705, 0, 0, 1085705)
(1085316, 0, 0, 1085316)
(1085133, 0, 0, 1085133)
(1085132, 0, 0, 1085132)
(1084410, 0, 0, 1084410)
(1084296, 0, 0, 1084296)
(1084295, 0, 0, 1084295)
(1084148, 0, 0, 1084148)
(1084147, 0, 0, 1084147)
(1084146, 0, 0, 1084146)
(1084145, 0, 0, 1084145)
(1084025, 0, 0, 1084025)
(1083370, 0, 0, 1083370)
(1083207, 0, 0, 1083207)
(1082976, 0, 0, 1082976)
(1082828, 0, 0, 1082828)
(1082591, 0, 0, 1082591)
(1081974, 0, 0, 1081974)
(1081905, 0, 0, 1081905)
(1081904, 0, 0, 1081904)
(1081251, 0, 0, 1081251)
(1081142, 0, 0, 1081142)
(1081058, 0, 0, 1081058)
(1081041, 0, 0, 1081041)
(1080879, 0, 0, 1080879)
(1080558, 0, 0, 1080558)
(1080516, 0, 0, 1080516)
(1079746, 0, 0, 1079746)
(1079553, 0, 0, 1079553)
(1079489, 0, 0, 1079489)
(1079470, 0, 0, 1079470)
(1079451, 0, 0, 1079451)
(1079021, 0, 0, 1079021)
(1078183, 0, 0, 1078183)
(1077878, 0, 0, 1077878)
(1077467, 0, 0, 1077467)
(1077422, 0, 0, 1077422)
(1077137, 0, 0, 1077137)
(1076696, 0, 0, 1076696)
(1076655, 0, 0, 1076655)
(1075837, 0, 0, 1075837)
(1075733, 0, 0, 1075733)
(1075646, 0, 0, 1075646)
(1075600, 0, 0, 1075600)
(1075546, 0, 0, 1075546)
(1075536, 0, 0, 1075536)
(1075508, 0, 0, 1075508)
(1074465, 0, 0, 1074465)
(1074333, 0, 0, 1074333)
(1073932, 0, 0, 1073932)
(1073666, 0, 0, 1073666)
(1072800, 0, 0, 1072800)
(1072555, 0, 0, 1072555)
(1072531, 0, 0, 1072531)
(1072507, 0, 0, 1072507)
(1072499, 0, 0, 1072499)
(1072262, 0, 0, 1072262)
(1072133, 0, 0, 1072133)
(1071814, 0, 0, 1071814)
(1071392, 0, 0, 1071392)
(1071012, 0, 0, 1071012)
(1070847, 0, 0, 1070847)
(1070619, 0, 0, 1070619)
(1070153, 0, 0, 1070153)
(1069571, 0, 0, 1069571)
(1069106, 0, 0, 1069106)
(1068277, 0, 0, 1068277)
(1067940, 0, 0, 1067940)
(1067804, 0, 0, 1067804)
(1067803, 0, 0, 1067803)
(1067802, 0, 0, 1067802)
(1067558, 0, 0, 1067558)
(1066663, 0, 0, 1066663)
(1066662, 0, 0, 1066662)
(1066512, 0, 0, 1066512)
(1065762, 0, 0, 1065762)
(1065686, 0, 0, 1065686)
(1065197, 0, 0, 1065197)
(1064235, 0, 0, 1064235)
(1063762, 0, 0, 1063762)
(1063734, 0, 0, 1063734)
(1062758, 0, 0, 1062758)
(1062067, 0, 0, 1062067)
(1061391, 0, 0, 1061391)
(1061058, 0, 0, 1061058)
(1060268, 0, 0, 1060268)
(1059649, 0, 0, 1059649)
(1059248, 0, 0, 1059248)
(1058859, 0, 0, 1058859)
(1058816, 0, 0, 1058816)
(1058785, 0, 0, 1058785)
(1058754, 0, 0, 1058754)
(1058701, 0, 0, 1058701)
(1058518, 0, 0, 1058518)
(1058502, 0, 0, 1058502)
(1058480, 0, 0, 1058480)
(1057939, 0, 0, 1057939)
(1057679, 0, 0, 1057679)
(1057344, 0, 0, 1057344)
(1056416, 0, 0, 1056416)
(1055818, 0, 0, 1055818)
(1055670, 0, 0, 1055670)
(1054902, 0, 0, 1054902)
(1054901, 0, 0, 1054901)
(1054502, 0, 0, 1054502)
(1054135, 0, 0, 1054135)
(1053781, 0, 0, 1053781)
(1053500, 0, 0, 1053500)
(1053234, 0, 0, 1053234)
(1053154, 0, 0, 1053154)
(1052885, 0, 0, 1052885)
(1052710, 0, 0, 1052710)
(1051806, 0, 0, 1051806)
(1051675, 0, 0, 1051675)
(1051213, 0, 0, 1051213)
(1050941, 0, 0, 1050941)
(1050909, 0, 0, 1050909)
(1050741, 0, 0, 1050741)
(1050524, 0, 0, 1050524)
(1050523, 0, 0, 1050523)
(1049454, 0, 0, 1049454)
(1048696, 0, 0, 1048696)
(1047904, 0, 0, 1047904)
(1047291, 0, 0, 1047291)
