(1184835, 0, 0, 1184835)
(1184558, 0, 0, 1184558)
(1184420, 0, 0, 1184420)
(1184039, 0, 0, 1184039)
(1183486, 0, 0, 1183486)
(1183421, 0, 0, 1183421)
(1182871, 0, 0, 1182871)
(1182366, 0, 0, 1182366)
(1181997, 0, 0, 1181997)
(1181665, 0, 0, 1181665)
(1181374, 0, 0, 1181374)
(1180890, 0, 0, 1180890)
(1180522, 0, 0, 1180522)
(1180050, 0, 0, 1180050)
(1179881, 0, 0, 1179881)
(1179682, 0, 0, 1179682)
(1179355, 0, 0, 1179355)
(1179011, 0, 0, 1179011)
(1178543, 0, 0, 1178543)
(1177628, 0, 0, 1177628)
(1177612, 0, 0, 1177612)
(1177276, 0, 0, 1177276)
(1176771, 0, 0, 1176771)
(1176725, 0, 0, 1176725)
(1176442, 0, 0, 1176442)
(1176411, 0, 0, 1176411)
(1176143, 0, 0, 1176143)
(1175852, 0, 0, 1175852)
(1175653, 0, 0, 1175653)
(1175424, 0, 0, 1175424)
(1175023, 0, 0, 1175023)
(1174640, 0, 0, 1174640)
(1173912, 0, 0, 1173912)
(1173531, 0, 0, 1173531)
(1173149, 0, 0, 1173149)
(1173040, 0, 0, 1173040)
(1172787, 0, 0, 1172787)
(1172531, 0, 0, 1172531)
(1171631, 0, 0, 1171631)
(1171346, 0, 0, 1171346)
(1171051, 0, 0, 1171051)
(1170498, 0, 0, 1170498)
(1170264, 0, 0, 1170264)
(1170073, 0, 0, 1170073)
(1169806, 0, 0, 1169806)
(1169447, 0, 0, 1169447)
(1169049, 0, 0, 1169049)
(1168858, 0, 0, 1168858)
(1168361, 0, 0, 1168361)
(1168003, 0, 0, 1168003)
(1167580, 0, 0, 1167580)
(1167020, 0, 0, 1167020)
(1166530, 0, 0, 1166530)
(1166248, 0, 0, 1166248)
(1165796, 0, 0, 1165796)
(1165538, 0, 0, 1165538)
(1165244, 0, 0, 1165244)
(1165006, 0, 0, 1165006)
(1164028, 0, 0, 1164028)
(1163505, 0, 0, 1163505)
(1163142, 0, 0, 1163142)
(1162746, 0, 0, 1162746)
(1162317, 0, 0, 1162317)
(1162315, 0, 0, 1162315)
(1161557, 0, 0, 1161557)
(1161379, 0, 0, 1161379)
(1161114, 0, 0, 1161114)
(1160893, 0, 0, 1160893)
(1160467, 0, 0, 1160467)
(1160227, 0, 0, 1160227)
(1159664, 0, 0, 1159664)
(1159490, 0, 0, 1159490)
(1159277, 0, 0, 1159277)
(1158688, 0, 0, 1158688)
(1157862, 0, 0, 1157862)
(1156906, 0, 0, 1156906)
(1156715, 0, 0, 1156715)
(1156400, 0, 0, 1156400)
(1156009, 0, 0, 1156009)
(1155629, 0, 0, 1155629)
(1155138, 0, 0, 1155138)
(1154902, 0, 0, 1154902)
(1154621, 0, 0, 1154621)
(1154212, 0, 0, 1154212)
(1153532, 0, 0, 1153532)
(1153144, 0, 0, 1153144)
(1153049, 0, 0, 1153049)
(1152659, 0, 0, 1152659)
(1152282, 0, 0, 1152282)
(1151921, 0, 0, 1151921)
(1151312, 0, 0, 1151312)
(1151136, 0, 0, 1151136)
(1150722, 0, 0, 1150722)
(1150033, 0, 0, 1150033)
(1149887, 0, 0, 1149887)
(1149616, 0, 0, 1149616)
(1149043, 0, 0, 1149043)
(1148528, 0, 0, 1148528)
(1148527, 0, 0, 1148527)
(1148155, 0, 0, 1148155)
(1147719, 0, 0, 1147719)
(1147336, 0, 0, 1147336)
(1146880, 0, 0, 1146880)
(1146508, 0, 0, 1146508)
(1146218, 0, 0, 1146218)
(1145696, 0, 0, 1145696)
(1145500, 0, 0, 1145500)
(1145403, 0, 0, 1145403)
(1144884, 0, 0, 1144884)
(1144585, 0, 0, 1144585)
(1144368, 0, 0, 1144368)
(1144100, 0, 0, 1144100)
(1143697, 0, 0, 1143697)
(1143389, 0, 0, 1143389)
(1143206, 0, 0, 1143206)
(1142751, 0, 0, 1142751)
(1142334, 0, 0, 1142334)
(1141976, 0, 0, 1141976)
(1141912, 0, 0, 1141912)
(1141762, 0, 0, 1141762)
(1141198, 0, 0, 1141198)
(1141042, 0, 0, 1141042)
(1140687, 0, 0, 1140687)
(1140637, 0, 0, 1140637)
(1140090, 0, 0, 1140090)
(1139545, 0, 0, 1139545)
(1139346, 0, 0, 1139346)
(1139119, 0, 0, 1139119)
(1138975, 0, 0, 1138975)
(1138632, 0, 0, 1138632)
(1138134, 0, 0, 1138134)
(1137611, 0, 0, 1137611)
(1137029, 0, 0, 1137029)
(1136716, 0, 0, 1136716)
(1135720, 0, 0, 1135720)
(1135058, 0, 0, 1135058)
(1134756, 0, 0, 1134756)
(1134418, 0, 0, 1134418)
(1134194, 0, 0, 1134194)
(1133676, 0, 0, 1133676)
(1133496, 0, 0, 1133496)
(1133336, 0, 0, 1133336)
(1132845, 0, 0, 1132845)
(1132798, 0, 0, 1132798)
(1132101, 0, 0, 1132101)
(1131957, 0, 0, 1131957)
(1131494, 0, 0, 1131494)
(1131430, 0, 0, 1131430)
(1131101, 0, 0, 1131101)
(1130540, 0, 0, 1130540)
(1130092, 0, 0, 1130092)
(1129682, 0, 0, 1129682)
(1129539, 0, 0, 1129539)
(1129166, 0, 0, 1129166)
(1129074, 0, 0, 1129074)
(1128759, 0, 0, 1128759)
(1128238, 0, 0, 1128238)
(1128113, 0, 0, 1128113)
