(1391149, 0, 0, 1391149)
(1390890, 0, 0, 1390890)
(1390277, 0, 0, 1390277)
(1389542, 0, 0, 1389542)
(1389374, 0, 0, 1389374)
(1388610, 0, 0, 1388610)
(1388529, 0, 0, 1388529)
(1387964, 0, 0, 1387964)
(1387730, 0, 0, 1387730)
(1387242, 0, 0, 1387242)
(1387002, 0, 0, 1387002)
(1386629, 0, 0, 1386629)
(1386628, 0, 0, 1386628)
(1386580, 0, 0, 1386580)
(1386396, 0, 0, 1386396)
(1386266, 0, 0, 1386266)
(1386187, 0, 0, 1386187)
(1385489, 0, 0, 1385489)
(1385367, 0, 0, 1385367)
(1385191, 0, 0, 1385191)
(1384948, 0, 0, 1384948)
(1384537, 0, 0, 1384537)
(1384336, 0, 0, 1384336)
(1384116, 0, 0, 1384116)
(1383946, 0, 0, 1383946)
(1383685, 0, 0, 1383685)
(1383473, 0, 0, 1383473)
(1383080, 0, 0, 1383080)
(1382585, 0, 0, 1382585)
(1382244, 0, 0, 1382244)
(1382125, 0, 0, 1382125)
(1382018, 0, 0, 1382018)
(1381781, 0, 0, 1381781)
(1381741, 0, 0, 1381741)
(1381380, 0, 0, 1381380)
(1381146, 0, 0, 1381146)
(1380909, 0, 0, 1380909)
(1380714, 0, 0, 1380714)
(1380349, 0, 0, 1380349)
(1380327, 0, 0, 1380327)
(1380315, 0, 0, 1380315)
(1380109, 0, 0, 1380109)
(1379611, 0, 0, 1379611)
(1379335, 0, 0, 1379335)
(1378817, 0, 0, 1378817)
(1378607, 0, 0, 1378607)
(1378515, 0, 0, 1378515)
(1378277, 0, 0, 1378277)
(1377594, 0, 0, 1377594)
(1377554, 0, 0, 1377554)
(1377434, 0, 0, 1377434)
(1377230, 0, 0, 1377230)
(1377022, 0, 0, 1377022)
(1376649, 0, 0, 1376649)
(1376177, 0, 0, 1376177)
(1376019, 0, 0, 1376019)
(1375851, 0, 0, 1375851)
(1375232, 0, 0, 1375232)
(1374866, 0, 0, 1374866)
(1374712, 0, 0, 1374712)
(1374560, 0, 0, 1374560)
(1373818, 0, 0, 1373818)
(1373712, 0, 0, 1373712)
(1373685, 0, 0, 1373685)
(1373420, 0, 0, 1373420)
(1373211, 0, 0, 1373211)
(1372864, 0, 0, 1372864)
(1372566, 0, 0, 1372566)
(1371879, 0, 0, 1371879)
(1371756, 0, 0, 1371756)
(1371530, 0, 0, 1371530)
(1370808, 0, 0, 1370808)
(1370317, 0, 0, 1370317)
(1370131, 0, 0, 1370131)
(1370130, 0, 0, 1370130)
(1369551, 0, 0, 1369551)
(1368477, 0, 0, 1368477)
(1367803, 0, 0, 1367803)
(1367796, 0, 0, 1367796)
(1367104, 0, 0, 1367104)
(1366678, 0, 0, 1366678)
(1366530, 0, 0, 1366530)
(1366387, 0, 0, 1366387)
(1365994, 0, 0, 1365994)
(1365943, 0, 0, 1365943)
(1365640, 0, 0, 1365640)
(1365559, 0, 0, 1365559)
(1365253, 0, 0, 1365253)
(1364576, 0, 0, 1364576)
(1364179, 0, 0, 1364179)
(1363689, 0, 0, 1363689)
(1363226, 0, 0, 1363226)
(1362772, 0, 0, 1362772)
(1362449, 0, 0, 1362449)
(1361807, 0, 0, 1361807)
(1361669, 0, 0, 1361669)
(1361668, 0, 0, 1361668)
(1361667, 0, 0, 1361667)
(1361531, 0, 0, 1361531)
(1361356, 0, 0, 1361356)
(1361176, 0, 0, 1361176)
(1360837, 0, 0, 1360837)
(1360742, 0, 0, 1360742)
(1360535, 0, 0, 1360535)
(1360488, 0, 0, 1360488)
(1360265, 0, 0, 1360265)
(1359722, 0, 0, 1359722)
(1359418, 0, 0, 1359418)
(1359330, 0, 0, 1359330)
(1359126, 0, 0, 1359126)
(1358395, 0, 0, 1358395)
(1358338, 0, 0, 1358338)
(1358063, 0, 0, 1358063)
(1357677, 0, 0, 1357677)
(1356669, 0, 0, 1356669)
(1356421, 0, 0, 1356421)
(1356025, 0, 0, 1356025)
(1355940, 0, 0, 1355940)
(1355420, 0, 0, 1355420)
(1355061, 0, 0, 1355061)
(1354603, 0, 0, 1354603)
(1353798, 0, 0, 1353798)
(1353590, 0, 0, 1353590)
(1353131, 0, 0, 1353131)
(1353130, 0, 0, 1353130)
(1353129, 0, 0, 1353129)
(1353128, 0, 0, 1353128)
(1352758, 0, 0, 1352758)
(1352428, 0, 0, 1352428)
(1352278, 0, 0, 1352278)
(1351572, 0, 0, 1351572)
(1351341, 0, 0, 1351341)
