(1561330, 0, 0, 1561330)
(1561062, 0, 0, 1561062)
(1560442, 0, 0, 1560442)
(1560313, 0, 0, 1560313)
(1560272, 0, 0, 1560272)
(1560231, 0, 0, 1560231)
(1559696, 0, 0, 1559696)
(1559536, 0, 0, 1559536)
(1559172, 0, 0, 1559172)
(1558584, 0, 0, 1558584)
(1558441, 0, 0, 1558441)
(1558224, 0, 0, 1558224)
(1557942, 0, 0, 1557942)
(1557841, 0, 0, 1557841)
(1557726, 0, 0, 1557726)
(1557683, 0, 0, 1557683)
(1557556, 0, 0, 1557556)
(1556774, 0, 0, 1556774)
(1556123, 0, 0, 1556123)
(1556002, 0, 0, 1556002)
(1555470, 0, 0, 1555470)
(1555179, 0, 0, 1555179)
(1554804, 0, 0, 1554804)
(1554602, 0, 0, 1554602)
(1554601, 0, 0, 1554601)
(1554276, 0, 0, 1554276)
(1554033, 0, 0, 1554033)
(1553522, 0, 0, 1553522)
(1553165, 0, 0, 1553165)
(1552855, 0, 0, 1552855)
(1552663, 0, 0, 1552663)
(1552412, 0, 0, 1552412)
(1552182, 0, 0, 1552182)
(1552154, 0, 0, 1552154)
(1552045, 0, 0, 1552045)
(1551725, 0, 0, 1551725)
(1551499, 0, 0, 1551499)
(1551129, 0, 0, 1551129)
(1550688, 0, 0, 1550688)
(1550507, 0, 0, 1550507)
(1550011, 0, 0, 1550011)
(1549736, 0, 0, 1549736)
(1549308, 0, 0, 1549308)
(1548867, 0, 0, 1548867)
(1548596, 0, 0, 1548596)
(1548235, 0, 0, 1548235)
(1548144, 0, 0, 1548144)
(1547881, 0, 0, 1547881)
(1547591, 0, 0, 1547591)
(1547066, 0, 0, 1547066)
(1546314, 0, 0, 1546314)
(1545695, 0, 0, 1545695)
(1545333, 0, 0, 1545333)
(1545142, 0, 0, 1545142)
(1544965, 0, 0, 1544965)
(1544811, 0, 0, 1544811)
(1544697, 0, 0, 1544697)
(1544670, 0, 0, 1544670)
(1544246, 0, 0, 1544246)
(1543375, 0, 0, 1543375)
(1543119, 0, 0, 1543119)
(1543088, 0, 0, 1543088)
(1542963, 0, 0, 1542963)
(1542673, 0, 0, 1542673)
(1542487, 0, 0, 1542487)
(1542250, 0, 0, 1542250)
(1542168, 0, 0, 1542168)
(1541848, 0, 0, 1541848)
(1541615, 0, 0, 1541615)
(1541291, 0, 0, 1541291)
(1541244, 0, 0, 1541244)
(1541031, 0, 0, 1541031)
(1540513, 0, 0, 1540513)
(1540298, 0, 0, 1540298)
(1540179, 0, 0, 1540179)
(1539951, 0, 0, 1539951)
(1539490, 0, 0, 1539490)
(1539416, 0, 0, 1539416)
(1538857, 0, 0, 1538857)
(1538565, 0, 0, 1538565)
(1538239, 0, 0, 1538239)
(1537701, 0, 0, 1537701)
(1537107, 0, 0, 1537107)
(1536547, 0, 0, 1536547)
(1536369, 0, 0, 1536369)
(1536097, 0, 0, 1536097)
(1535958, 0, 0, 1535958)
(1535682, 0, 0, 1535682)
(1535480, 0, 0, 1535480)
(1535405, 0, 0, 1535405)
(1535404, 0, 0, 1535404)
(1535403, 0, 0, 1535403)
(1535267, 0, 0, 1535267)
(1535075, 0, 0, 1535075)
(1534462, 0, 0, 1534462)
(1533813, 0, 0, 1533813)
(1533682, 0, 0, 1533682)
(1533386, 0, 0, 1533386)
(1532822, 0, 0, 1532822)
(1532720, 0, 0, 1532720)
(1532717, 0, 0, 1532717)
(1532714, 0, 0, 1532714)
(1532586, 0, 0, 1532586)
(1532391, 0, 0, 1532391)
(1531870, 0, 0, 1531870)
