(2211740, 0, 0, 2211740)
(2211468, 0, 0, 2211468)
(2211189, 0, 0, 2211189)
(2210777, 0, 0, 2210777)
(2210776, 0, 0, 2210776)
(2210775, 0, 0, 2210775)
(2209950, 0, 0, 2209950)
(2209773, 0, 0, 2209773)
(2209755, 0, 0, 2209755)
(2209737, 0, 0, 2209737)
(2209590, 0, 0, 2209590)
(2209395, 0, 0, 2209395)
(2209320, 0, 0, 2209320)
(2209184, 0, 0, 2209184)
(2209166, 0, 0, 2209166)
(2209148, 0, 0, 2209148)
(2208865, 0, 0, 2208865)
(2208833, 0, 0, 2208833)
(2208823, 0, 0, 2208823)
(2208729, 0, 0, 2208729)
(2208406, 0, 0, 2208406)
(2208276, 0, 0, 2208276)
(2207952, 0, 0, 2207952)
(2207845, 0, 0, 2207845)
(2207844, 0, 0, 2207844)
(2207507, 0, 0, 2207507)
(2207158, 0, 0, 2207158)
(2207063, 0, 0, 2207063)
(2207019, 0, 0, 2207019)
(2206952, 0, 0, 2206952)
(2206719, 0, 0, 2206719)
(2206357, 0, 0, 2206357)
(2205971, 0, 0, 2205971)
(2205768, 0, 0, 2205768)
(2205767, 0, 0, 2205767)
(2205749, 0, 0, 2205749)
(2205332, 0, 0, 2205332)
(2204940, 0, 0, 2204940)
(2204705, 0, 0, 2204705)
(2204548, 0, 0, 2204548)
(2204345, 0, 0, 2204345)
(2204184, 0, 0, 2204184)
(2203896, 0, 0, 2203896)
(2203895, 0, 0, 2203895)
(2203749, 0, 0, 2203749)
(2203748, 0, 0, 2203748)
(2203679, 0, 0, 2203679)
(2203558, 0, 0, 2203558)
(2203141, 0, 0, 2203141)
(2203027, 0, 0, 2203027)
(2202913, 0, 0, 2202913)
(2202488, 0, 0, 2202488)
(2202270, 0, 0, 2202270)
(2202269, 0, 0, 2202269)
(2202268, 0, 0, 2202268)
(2202267, 0, 0, 2202267)
(2202266, 0, 0, 2202266)
(2201967, 0, 0, 2201967)
(2201420, 0, 0, 2201420)
(2201419, 0, 0, 2201419)
(2201272, 0, 0, 2201272)
(2201125, 0, 0, 2201125)
(2200890, 0, 0, 2200890)
(2200606, 0, 0, 2200606)
(2200386, 0, 0, 2200386)
(2200266, 0, 0, 2200266)
(2200121, 0, 0, 2200121)
(2199879, 0, 0, 2199879)
(2199207, 0, 0, 2199207)
(2199050, 0, 0, 2199050)
(2198903, 0, 0, 2198903)
(2198902, 0, 0, 2198902)
(2198702, 0, 0, 2198702)
(2198690, 0, 0, 2198690)
(2198689, 0, 0, 2198689)
(2198688, 0, 0, 2198688)
(2198687, 0, 0, 2198687)
(2198686, 0, 0, 2198686)
(2198169, 0, 0, 2198169)
(2197873, 0, 0, 2197873)
(2197695, 0, 0, 2197695)
(2197694, 0, 0, 2197694)
(2197693, 0, 0, 2197693)
(2197374, 0, 0, 2197374)
(2197373, 0, 0, 2197373)
(2196950, 0, 0, 2196950)
(2196949, 0, 0, 2196949)
(2196948, 0, 0, 2196948)
(2196734, 0, 0, 2196734)
(2196669, 0, 0, 2196669)
(2196452, 0, 0, 2196452)
(2196260, 0, 0, 2196260)
(2196259, 0, 0, 2196259)
(2196245, 0, 0, 2196245)
(2196054, 0, 0, 2196054)
(2195954, 0, 0, 2195954)
(2195730, 0, 0, 2195730)
(2195532, 0, 0, 2195532)
(2195351, 0, 0, 2195351)
(2195350, 0, 0, 2195350)
(2195349, 0, 0, 2195349)
(2194830, 0, 0, 2194830)
(2194829, 0, 0, 2194829)
(2194828, 0, 0, 2194828)
(2194827, 0, 0, 2194827)
(2194691, 0, 0, 2194691)
(2194150, 0, 0, 2194150)
(2194084, 0, 0, 2194084)
(2193408, 0, 0, 2193408)
(2193143, 0, 0, 2193143)
(2192852, 0, 0, 2192852)
(2192621, 0, 0, 2192621)
(2192617, 0, 0, 2192617)
(2192442, 0, 0, 2192442)
(2191530, 0, 0, 2191530)
(2190980, 0, 0, 2190980)
