(1790071, 0, 0, 1790071)
(1789502, 0, 0, 1789502)
(1788926, 0, 0, 1788926)
(1788302, 0, 0, 1788302)
(1788179, 0, 0, 1788179)
(1787493, 0, 0, 1787493)
(1787043, 0, 0, 1787043)
(1786638, 0, 0, 1786638)
(1786402, 0, 0, 1786402)
(1785808, 0, 0, 1785808)
(1785427, 0, 0, 1785427)
(1785305, 0, 0, 1785305)
(1784452, 0, 0, 1784452)
(1784380, 0, 0, 1784380)
(1784155, 0, 0, 1784155)
(1784004, 0, 0, 1784004)
(1783899, 0, 0, 1783899)
(1783511, 0, 0, 1783511)
(1783318, 0, 0, 1783318)
(1782954, 0, 0, 1782954)
(1782690, 0, 0, 1782690)
(1782476, 0, 0, 1782476)
(1782364, 0, 0, 1782364)
(1781740, 0, 0, 1781740)
(1781611, 0, 0, 1781611)
(1781082, 0, 0, 1781082)
(1780565, 0, 0, 1780565)
(1779772, 0, 0, 1779772)
(1779602, 0, 0, 1779602)
(1779497, 0, 0, 1779497)
(1779362, 0, 0, 1779362)
(1778827, 0, 0, 1778827)
(1778430, 0, 0, 1778430)
(1777888, 0, 0, 1777888)
(1777564, 0, 0, 1777564)
(1777264, 0, 0, 1777264)
(1776635, 0, 0, 1776635)
(1775812, 0, 0, 1775812)
(1775691, 0, 0, 1775691)
(1775566, 0, 0, 1775566)
(1775265, 0, 0, 1775265)
(1774867, 0, 0, 1774867)
(1774576, 0, 0, 1774576)
(1773877, 0, 0, 1773877)
(1773529, 0, 0, 1773529)
(1773081, 0, 0, 1773081)
(1773010, 0, 0, 1773010)
(1772443, 0, 0, 1772443)
(1772058, 0, 0, 1772058)
(1771521, 0, 0, 1771521)
(1771082, 0, 0, 1771082)
(1770338, 0, 0, 1770338)
(1769402, 0, 0, 1769402)
(1769242, 0, 0, 1769242)
(1768642, 0, 0, 1768642)
(1768529, 0, 0, 1768529)
(1768262, 0, 0, 1768262)
(1768206, 0, 0, 1768206)
(1767908, 0, 0, 1767908)
(1767709, 0, 0, 1767709)
(1766774, 0, 0, 1766774)
(1766493, 0, 0, 1766493)
(1766263, 0, 0, 1766263)
(1765657, 0, 0, 1765657)
(1765627, 0, 0, 1765627)
(1764907, 0, 0, 1764907)
(1764648, 0, 0, 1764648)
(1764308, 0, 0, 1764308)
(1763609, 0, 0, 1763609)
(1762834, 0, 0, 1762834)
(1762660, 0, 0, 1762660)
(1762578, 0, 0, 1762578)
(1762274, 0, 0, 1762274)
(1761944, 0, 0, 1761944)
(1761588, 0, 0, 1761588)
(1761587, 0, 0, 1761587)
(1761285, 0, 0, 1761285)
(1760564, 0, 0, 1760564)
(1760182, 0, 0, 1760182)
(1760064, 0, 0, 1760064)
(1760047, 0, 0, 1760047)
(1759446, 0, 0, 1759446)
(1759158, 0, 0, 1759158)
(1758729, 0, 0, 1758729)
(1758226, 0, 0, 1758226)
(1758062, 0, 0, 1758062)
(1757665, 0, 0, 1757665)
(1757135, 0, 0, 1757135)
(1756875, 0, 0, 1756875)
(1756244, 0, 0, 1756244)
(1756000, 0, 0, 1756000)
(1755729, 0, 0, 1755729)
(1755665, 0, 0, 1755665)
(1755648, 0, 0, 1755648)
(1755010, 0, 0, 1755010)
(1753997, 0, 0, 1753997)
(1753448, 0, 0, 1753448)
(1753321, 0, 0, 1753321)
(1753047, 0, 0, 1753047)
(1752271, 0, 0, 1752271)
(1752128, 0, 0, 1752128)
(1751732, 0, 0, 1751732)
(1751382, 0, 0, 1751382)
(1750925, 0, 0, 1750925)
(1750431, 0, 0, 1750431)
(1749852, 0, 0, 1749852)
(1749182, 0, 0, 1749182)
(1749159, 0, 0, 1749159)
(1748996, 0, 0, 1748996)
(1748662, 0, 0, 1748662)
(1747983, 0, 0, 1747983)
(1747930, 0, 0, 1747930)
(1747264, 0, 0, 1747264)
(1747052, 0, 0, 1747052)
(1746766, 0, 0, 1746766)
(1746330, 0, 0, 1746330)
(1746125, 0, 0, 1746125)
(1745582, 0, 0, 1745582)
(1744951, 0, 0, 1744951)
(1744659, 0, 0, 1744659)
(1744399, 0, 0, 1744399)
(1743797, 0, 0, 1743797)
(1743223, 0, 0, 1743223)
(1742976, 0, 0, 1742976)
(1742948, 0, 0, 1742948)
(1742729, 0, 0, 1742729)
(1741893, 0, 0, 1741893)
(1741441, 0, 0, 1741441)
(1741077, 0, 0, 1741077)
(1741076, 0, 0, 1741076)
(1740794, 0, 0, 1740794)
(1740272, 0, 0, 1740272)
(1739823, 0, 0, 1739823)
(1739500, 0, 0, 1739500)
(1739389, 0, 0, 1739389)
(1739009, 0, 0, 1739009)
(1738781, 0, 0, 1738781)
(1737820, 0, 0, 1737820)
(1737644, 0, 0, 1737644)
(1737309, 0, 0, 1737309)
(1736594, 0, 0, 1736594)
(1736488, 0, 0, 1736488)
(1735889, 0, 0, 1735889)
(1735216, 0, 0, 1735216)
(1734970, 0, 0, 1734970)
(1734733, 0, 0, 1734733)
(1734356, 0, 0, 1734356)
(1733950, 0, 0, 1733950)
(1733802, 0, 0, 1733802)
(1733784, 0, 0, 1733784)
(1733470, 0, 0, 1733470)
(1732881, 0, 0, 1732881)
(1732583, 0, 0, 1732583)
(1732521, 0, 0, 1732521)
(1732428, 0, 0, 1732428)
(1732199, 0, 0, 1732199)
(1732049, 0, 0, 1732049)
