(1546268, 0, 0, 1546268)
(1545556, 0, 0, 1545556)
(1544964, 0, 0, 1544964)
(1544720, 0, 0, 1544720)
(1544348, 0, 0, 1544348)
(1543817, 0, 0, 1543817)
(1543047, 0, 0, 1543047)
(1542786, 0, 0, 1542786)
(1542061, 0, 0, 1542061)
(1541505, 0, 0, 1541505)
(1540847, 0, 0, 1540847)
(1540760, 0, 0, 1540760)
(1540572, 0, 0, 1540572)
(1539809, 0, 0, 1539809)
(1539070, 0, 0, 1539070)
(1538821, 0, 0, 1538821)
(1538652, 0, 0, 1538652)
(1537933, 0, 0, 1537933)
(1537300, 0, 0, 1537300)
(1537280, 0, 0, 1537280)
(1536850, 0, 0, 1536850)
(1535954, 0, 0, 1535954)
(1535222, 0, 0, 1535222)
(1535018, 0, 0, 1535018)
(1534827, 0, 0, 1534827)
(1534578, 0, 0, 1534578)
(1533987, 0, 0, 1533987)
(1533519, 0, 0, 1533519)
(1533356, 0, 0, 1533356)
(1532802, 0, 0, 1532802)
(1532032, 0, 0, 1532032)
(1531347, 0, 0, 1531347)
(1531258, 0, 0, 1531258)
(1530803, 0, 0, 1530803)
(1530312, 0, 0, 1530312)
(1529713, 0, 0, 1529713)
(1529278, 0, 0, 1529278)
(1528701, 0, 0, 1528701)
(1527778, 0, 0, 1527778)
(1527561, 0, 0, 1527561)
(1527081, 0, 0, 1527081)
(1526670, 0, 0, 1526670)
(1526427, 0, 0, 1526427)
(1525797, 0, 0, 1525797)
(1525445, 0, 0, 1525445)
(1524842, 0, 0, 1524842)
(1524391, 0, 0, 1524391)
(1523592, 0, 0, 1523592)
(1522662, 0, 0, 1522662)
(1521908, 0, 0, 1521908)
(1521617, 0, 0, 1521617)
(1520941, 0, 0, 1520941)
(1520488, 0, 0, 1520488)
(1520120, 0, 0, 1520120)
(1519277, 0, 0, 1519277)
(1518715, 0, 0, 1518715)
(1518192, 0, 0, 1518192)
(1517823, 0, 0, 1517823)
(1517269, 0, 0, 1517269)
(1516866, 0, 0, 1516866)
(1516421, 0, 0, 1516421)
(1516020, 0, 0, 1516020)
(1515819, 0, 0, 1515819)
(1515658, 0, 0, 1515658)
(1515606, 0, 0, 1515606)
(1515507, 0, 0, 1515507)
(1515451, 0, 0, 1515451)
(1515358, 0, 0, 1515358)
(1514995, 0, 0, 1514995)
(1514507, 0, 0, 1514507)
(1514027, 0, 0, 1514027)
(1513778, 0, 0, 1513778)
(1513135, 0, 0, 1513135)
(1512376, 0, 0, 1512376)
(1512063, 0, 0, 1512063)
(1511598, 0, 0, 1511598)
(1511249, 0, 0, 1511249)
(1510761, 0, 0, 1510761)
(1510373, 0, 0, 1510373)
(1509718, 0, 0, 1509718)
(1509118, 0, 0, 1509118)
(1508332, 0, 0, 1508332)
(1508231, 0, 0, 1508231)
(1507750, 0, 0, 1507750)
(1506988, 0, 0, 1506988)
(1506818, 0, 0, 1506818)
(1505792, 0, 0, 1505792)
(1505409, 0, 0, 1505409)
(1504814, 0, 0, 1504814)
(1504502, 0, 0, 1504502)
(1504198, 0, 0, 1504198)
(1503839, 0, 0, 1503839)
(1503455, 0, 0, 1503455)
(1502806, 0, 0, 1502806)
(1502019, 0, 0, 1502019)
(1501362, 0, 0, 1501362)
(1500622, 0, 0, 1500622)
(1500408, 0, 0, 1500408)
(1500280, 0, 0, 1500280)
(1499607, 0, 0, 1499607)
(1499410, 0, 0, 1499410)
(1498785, 0, 0, 1498785)
(1498429, 0, 0, 1498429)
(1498071, 0, 0, 1498071)
(1497870, 0, 0, 1497870)
(1496844, 0, 0, 1496844)
(1496431, 0, 0, 1496431)
(1495687, 0, 0, 1495687)
(1495533, 0, 0, 1495533)
(1494834, 0, 0, 1494834)
(1494468, 0, 0, 1494468)
(1494094, 0, 0, 1494094)
(1493923, 0, 0, 1493923)
(1493437, 0, 0, 1493437)
(1492605, 0, 0, 1492605)
(1491887, 0, 0, 1491887)
(1491489, 0, 0, 1491489)
(1490868, 0, 0, 1490868)
(1490819, 0, 0, 1490819)
(1490262, 0, 0, 1490262)
(1490106, 0, 0, 1490106)
(1489706, 0, 0, 1489706)
(1489267, 0, 0, 1489267)
(1488772, 0, 0, 1488772)
(1488621, 0, 0, 1488621)
(1488046, 0, 0, 1488046)
(1487163, 0, 0, 1487163)
(1486639, 0, 0, 1486639)
(1486604, 0, 0, 1486604)
(1486327, 0, 0, 1486327)
(1485878, 0, 0, 1485878)
(1485237, 0, 0, 1485237)
(1484895, 0, 0, 1484895)
(1484666, 0, 0, 1484666)
(1484390, 0, 0, 1484390)
(1484098, 0, 0, 1484098)
(1483877, 0, 0, 1483877)
(1483410, 0, 0, 1483410)
(1482988, 0, 0, 1482988)
(1482901, 0, 0, 1482901)
(1482806, 0, 0, 1482806)
(1482753, 0, 0, 1482753)
(1482207, 0, 0, 1482207)
(1481884, 0, 0, 1481884)
(1480963, 0, 0, 1480963)
(1480509, 0, 0, 1480509)
(1479988, 0, 0, 1479988)
(1479428, 0, 0, 1479428)
(1478893, 0, 0, 1478893)
(1478106, 0, 0, 1478106)
(1477877, 0, 0, 1477877)
(1477719, 0, 0, 1477719)
(1477219, 0, 0, 1477219)
(1476490, 0, 0, 1476490)
(1476030, 0, 0, 1476030)
(1475507, 0, 0, 1475507)
(1475398, 0, 0, 1475398)
(1475234, 0, 0, 1475234)
(1475003, 0, 0, 1475003)
(1474614, 0, 0, 1474614)
(1474510, 0, 0, 1474510)
(1474262, 0, 0, 1474262)
(1474052, 0, 0, 1474052)
(1474006, 0, 0, 1474006)
(1473777, 0, 0, 1473777)
(1472901, 0, 0, 1472901)
(1472308, 0, 0, 1472308)
(1471878, 0, 0, 1471878)
(1471825, 0, 0, 1471825)
(1471561, 0, 0, 1471561)
(1470697, 0, 0, 1470697)
(1470178, 0, 0, 1470178)
(1469969, 0, 0, 1469969)
(1469042, 0, 0, 1469042)
(1468263, 0, 0, 1468263)
(1468239, 0, 0, 1468239)
(1468007, 0, 0, 1468007)
(1467396, 0, 0, 1467396)
(1466974, 0, 0, 1466974)
(1466651, 0, 0, 1466651)
(1466307, 0, 0, 1466307)
(1465989, 0, 0, 1465989)
(1465765, 0, 0, 1465765)
(1465533, 0, 0, 1465533)
(1465294, 0, 0, 1465294)
(1464887, 0, 0, 1464887)
(1464659, 0, 0, 1464659)
(1464460, 0, 0, 1464460)
(1463890, 0, 0, 1463890)
(1463228, 0, 0, 1463228)
(1463205, 0, 0, 1463205)
(1462342, 0, 0, 1462342)
(1461877, 0, 0, 1461877)
(1461827, 0, 0, 1461827)
(1461223, 0, 0, 1461223)
(1460994, 0, 0, 1460994)
(1460871, 0, 0, 1460871)
(1460720, 0, 0, 1460720)
(1460252, 0, 0, 1460252)
