(1937021, 0, 0, 1937021)
(1936330, 0, 0, 1936330)
(1936243, 0, 0, 1936243)
(1936156, 0, 0, 1936156)
(1936155, 0, 0, 1936155)
(1936154, 0, 0, 1936154)
(1935872, 0, 0, 1935872)
(1935600, 0, 0, 1935600)
(1935266, 0, 0, 1935266)
(1934620, 0, 0, 1934620)
(1934372, 0, 0, 1934372)
(1934035, 0, 0, 1934035)
(1933718, 0, 0, 1933718)
(1933386, 0, 0, 1933386)
(1933385, 0, 0, 1933385)
(1933111, 0, 0, 1933111)
(1933110, 0, 0, 1933110)
(1932618, 0, 0, 1932618)
(1932247, 0, 0, 1932247)
(1931683, 0, 0, 1931683)
(1931356, 0, 0, 1931356)
(1931040, 0, 0, 1931040)
(1930867, 0, 0, 1930867)
(1930622, 0, 0, 1930622)
(1930611, 0, 0, 1930611)
(1930091, 0, 0, 1930091)
(1930036, 0, 0, 1930036)
(1930035, 0, 0, 1930035)
(1929856, 0, 0, 1929856)
(1929401, 0, 0, 1929401)
(1929310, 0, 0, 1929310)
(1928976, 0, 0, 1928976)
(1928904, 0, 0, 1928904)
(1928878, 0, 0, 1928878)
(1928214, 0, 0, 1928214)
(1928136, 0, 0, 1928136)
(1927299, 0, 0, 1927299)
(1927298, 0, 0, 1927298)
(1927037, 0, 0, 1927037)
(1926309, 0, 0, 1926309)
(1925884, 0, 0, 1925884)
(1925410, 0, 0, 1925410)
(1924962, 0, 0, 1924962)
(1924667, 0, 0, 1924667)
(1924500, 0, 0, 1924500)
(1924112, 0, 0, 1924112)
(1923390, 0, 0, 1923390)
(1922898, 0, 0, 1922898)
(1922529, 0, 0, 1922529)
(1922238, 0, 0, 1922238)
(1921374, 0, 0, 1921374)
(1920667, 0, 0, 1920667)
(1920049, 0, 0, 1920049)
(1919866, 0, 0, 1919866)
(1919747, 0, 0, 1919747)
(1918991, 0, 0, 1918991)
(1918806, 0, 0, 1918806)
(1918805, 0, 0, 1918805)
(1918694, 0, 0, 1918694)
(1918320, 0, 0, 1918320)
(1917548, 0, 0, 1917548)
(1917217, 0, 0, 1917217)
(1916756, 0, 0, 1916756)
(1916755, 0, 0, 1916755)
(1916744, 0, 0, 1916744)
(1916743, 0, 0, 1916743)
(1916742, 0, 0, 1916742)
(1916741, 0, 0, 1916741)
(1916740, 0, 0, 1916740)
(1916613, 0, 0, 1916613)
(1916393, 0, 0, 1916393)
(1916020, 0, 0, 1916020)
(1915581, 0, 0, 1915581)
(1915083, 0, 0, 1915083)
(1914739, 0, 0, 1914739)
(1914601, 0, 0, 1914601)
(1914304, 0, 0, 1914304)
(1914232, 0, 0, 1914232)
(1913641, 0, 0, 1913641)
(1913190, 0, 0, 1913190)
(1912983, 0, 0, 1912983)
(1912799, 0, 0, 1912799)
(1912505, 0, 0, 1912505)
(1912312, 0, 0, 1912312)
(1911978, 0, 0, 1911978)
(1911613, 0, 0, 1911613)
(1911612, 0, 0, 1911612)
(1911302, 0, 0, 1911302)
(1911288, 0, 0, 1911288)
(1910946, 0, 0, 1910946)
(1910945, 0, 0, 1910945)
(1910044, 0, 0, 1910044)
(1909988, 0, 0, 1909988)
(1909618, 0, 0, 1909618)
(1908988, 0, 0, 1908988)
(1908488, 0, 0, 1908488)
(1908130, 0, 0, 1908130)
(1908005, 0, 0, 1908005)
(1907716, 0, 0, 1907716)
(1907085, 0, 0, 1907085)
(1906784, 0, 0, 1906784)
(1906594, 0, 0, 1906594)
(1906593, 0, 0, 1906593)
(1906592, 0, 0, 1906592)
(1906591, 0, 0, 1906591)
(1906590, 0, 0, 1906590)
(1906589, 0, 0, 1906589)
(1906588, 0, 0, 1906588)
(1906315, 0, 0, 1906315)
(1905645, 0, 0, 1905645)
(1905576, 0, 0, 1905576)
(1905548, 0, 0, 1905548)
(1905056, 0, 0, 1905056)
(1904402, 0, 0, 1904402)
(1903815, 0, 0, 1903815)
(1903785, 0, 0, 1903785)
(1903755, 0, 0, 1903755)
(1903558, 0, 0, 1903558)
(1902986, 0, 0, 1902986)
(1902762, 0, 0, 1902762)
(1902572, 0, 0, 1902572)
(1902553, 0, 0, 1902553)
(1902534, 0, 0, 1902534)
(1902235, 0, 0, 1902235)
(1901911, 0, 0, 1901911)
(1901187, 0, 0, 1901187)
(1900955, 0, 0, 1900955)
(1900716, 0, 0, 1900716)
(1900343, 0, 0, 1900343)
(1900178, 0, 0, 1900178)
(1899341, 0, 0, 1899341)
(1899340, 0, 0, 1899340)
(1899183, 0, 0, 1899183)
(1898921, 0, 0, 1898921)
(1898521, 0, 0, 1898521)
(1898093, 0, 0, 1898093)
(1898082, 0, 0, 1898082)
(1898071, 0, 0, 1898071)
(1897792, 0, 0, 1897792)
(1897183, 0, 0, 1897183)
(1897035, 0, 0, 1897035)
(1896543, 0, 0, 1896543)
(1896122, 0, 0, 1896122)
