(1610525, 0, 0, 1610525)
(1610369, 0, 0, 1610369)
(1610085, 0, 0, 1610085)
(1609964, 0, 0, 1609964)
(1609024, 0, 0, 1609024)
(1608300, 0, 0, 1608300)
(1607832, 0, 0, 1607832)
(1607704, 0, 0, 1607704)
(1607385, 0, 0, 1607385)
(1607142, 0, 0, 1607142)
(1607047, 0, 0, 1607047)
(1606952, 0, 0, 1606952)
(1606827, 0, 0, 1606827)
(1606816, 0, 0, 1606816)
(1606242, 0, 0, 1606242)
(1605992, 0, 0, 1605992)
(1605441, 0, 0, 1605441)
(1605405, 0, 0, 1605405)
(1604608, 0, 0, 1604608)
(1604278, 0, 0, 1604278)
(1604277, 0, 0, 1604277)
(1604276, 0, 0, 1604276)
(1604171, 0, 0, 1604171)
(1603640, 0, 0, 1603640)
(1603616, 0, 0, 1603616)
(1603450, 0, 0, 1603450)
(1603345, 0, 0, 1603345)
(1603085, 0, 0, 1603085)
(1602664, 0, 0, 1602664)
(1602502, 0, 0, 1602502)
(1602163, 0, 0, 1602163)
(1602008, 0, 0, 1602008)
(1601401, 0, 0, 1601401)
(1601013, 0, 0, 1601013)
(1600740, 0, 0, 1600740)
(1600577, 0, 0, 1600577)
(1600379, 0, 0, 1600379)
(1599838, 0, 0, 1599838)
(1599403, 0, 0, 1599403)
(1598979, 0, 0, 1598979)
(1597976, 0, 0, 1597976)
(1597717, 0, 0, 1597717)
(1597677, 0, 0, 1597677)
(1597215, 0, 0, 1597215)
(1596933, 0, 0, 1596933)
(1596590, 0, 0, 1596590)
(1596513, 0, 0, 1596513)
(1596377, 0, 0, 1596377)
(1596208, 0, 0, 1596208)
(1595803, 0, 0, 1595803)
(1595709, 0, 0, 1595709)
(1595285, 0, 0, 1595285)
(1594998, 0, 0, 1594998)
(1594724, 0, 0, 1594724)
(1594224, 0, 0, 1594224)
(1594004, 0, 0, 1594004)
(1593597, 0, 0, 1593597)
(1593596, 0, 0, 1593596)
(1593164, 0, 0, 1593164)
(1593163, 0, 0, 1593163)
(1593065, 0, 0, 1593065)
(1592613, 0, 0, 1592613)
(1592612, 0, 0, 1592612)
(1592212, 0, 0, 1592212)
(1591847, 0, 0, 1591847)
(1591515, 0, 0, 1591515)
(1591514, 0, 0, 1591514)
(1591353, 0, 0, 1591353)
(1590984, 0, 0, 1590984)
(1590779, 0, 0, 1590779)
(1590130, 0, 0, 1590130)
(1589984, 0, 0, 1589984)
(1589983, 0, 0, 1589983)
(1589982, 0, 0, 1589982)
(1589981, 0, 0, 1589981)
(1589752, 0, 0, 1589752)
(1589572, 0, 0, 1589572)
(1588770, 0, 0, 1588770)
(1588699, 0, 0, 1588699)
(1587974, 0, 0, 1587974)
(1587240, 0, 0, 1587240)
(1586960, 0, 0, 1586960)
(1586600, 0, 0, 1586600)
(1586132, 0, 0, 1586132)
(1585825, 0, 0, 1585825)
(1585779, 0, 0, 1585779)
(1585733, 0, 0, 1585733)
(1585263, 0, 0, 1585263)
(1584887, 0, 0, 1584887)
(1584792, 0, 0, 1584792)
(1584581, 0, 0, 1584581)
(1584514, 0, 0, 1584514)
(1584117, 0, 0, 1584117)
(1583876, 0, 0, 1583876)
(1583126, 0, 0, 1583126)
(1582659, 0, 0, 1582659)
(1582215, 0, 0, 1582215)
(1581579, 0, 0, 1581579)
(1581578, 0, 0, 1581578)
(1580698, 0, 0, 1580698)
(1579295, 0, 0, 1579295)
(1578818, 0, 0, 1578818)
(1578030, 0, 0, 1578030)
(1577707, 0, 0, 1577707)
(1577261, 0, 0, 1577261)
(1577173, 0, 0, 1577173)
(1577130, 0, 0, 1577130)
(1577001, 0, 0, 1577001)
(1576883, 0, 0, 1576883)
(1576711, 0, 0, 1576711)
(1576231, 0, 0, 1576231)
(1575996, 0, 0, 1575996)
(1575995, 0, 0, 1575995)
(1575588, 0, 0, 1575588)
(1575414, 0, 0, 1575414)
(1575059, 0, 0, 1575059)
(1574924, 0, 0, 1574924)
(1574789, 0, 0, 1574789)
(1574029, 0, 0, 1574029)
(1573557, 0, 0, 1573557)
(1573283, 0, 0, 1573283)
(1572083, 0, 0, 1572083)
(1572054, 0, 0, 1572054)
(1572025, 0, 0, 1572025)
(1571363, 0, 0, 1571363)
(1571079, 0, 0, 1571079)
(1571078, 0, 0, 1571078)
(1570724, 0, 0, 1570724)
(1570070, 0, 0, 1570070)
(1569713, 0, 0, 1569713)
(1569269, 0, 0, 1569269)
(1569202, 0, 0, 1569202)
(1568996, 0, 0, 1568996)
(1568482, 0, 0, 1568482)
(1567689, 0, 0, 1567689)
(1567657, 0, 0, 1567657)
(1567607, 0, 0, 1567607)
(1567199, 0, 0, 1567199)
(1566784, 0, 0, 1566784)
(1566409, 0, 0, 1566409)
(1565783, 0, 0, 1565783)
(1565494, 0, 0, 1565494)
(1564676, 0, 0, 1564676)
(1564571, 0, 0, 1564571)
(1564173, 0, 0, 1564173)
(1563973, 0, 0, 1563973)
(1563666, 0, 0, 1563666)
(1562938, 0, 0, 1562938)
(1562598, 0, 0, 1562598)
(1562317, 0, 0, 1562317)
(1561411, 0, 0, 1561411)
(1561224, 0, 0, 1561224)
(1560979, 0, 0, 1560979)
(1560802, 0, 0, 1560802)
(1560540, 0, 0, 1560540)
(1560115, 0, 0, 1560115)
