(3230047, 0, 0, 3230047)
(3229851, 0, 0, 3229851)
(3229753, 0, 0, 3229753)
(3229698, 0, 0, 3229698)
(3229593, 0, 0, 3229593)
(3229067, 0, 0, 3229067)
(3229040, 0, 0, 3229040)
(3228985, 0, 0, 3228985)
(3228415, 0, 0, 3228415)
(3227981, 0, 0, 3227981)
(3227852, 0, 0, 3227852)
(3227713, 0, 0, 3227713)
(3227338, 0, 0, 3227338)
(3227033, 0, 0, 3227033)
(3226842, 0, 0, 3226842)
(3226740, 0, 0, 3226740)
(3226455, 0, 0, 3226455)
(3225939, 0, 0, 3225939)
(3225818, 0, 0, 3225818)
(3225714, 0, 0, 3225714)
(3225628, 0, 0, 3225628)
(3225279, 0, 0, 3225279)
(3225211, 0, 0, 3225211)
(3224942, 0, 0, 3224942)
(3224896, 0, 0, 3224896)
(3224844, 0, 0, 3224844)
(3224157, 0, 0, 3224157)
(3223902, 0, 0, 3223902)
(3223406, 0, 0, 3223406)
(3222997, 0, 0, 3222997)
(3222512, 0, 0, 3222512)
(3222410, 0, 0, 3222410)
(3222226, 0, 0, 3222226)
(3222083, 0, 0, 3222083)
(3222025, 0, 0, 3222025)
(3221812, 0, 0, 3221812)
(3221630, 0, 0, 3221630)
(3220950, 0, 0, 3220950)
(3220609, 0, 0, 3220609)
(3220268, 0, 0, 3220268)
(3219907, 0, 0, 3219907)
(3219344, 0, 0, 3219344)
(3219320, 0, 0, 3219320)
(3219282, 0, 0, 3219282)
(3219123, 0, 0, 3219123)
(3218771, 0, 0, 3218771)
(3218540, 0, 0, 3218540)
(3218129, 0, 0, 3218129)
(3217897, 0, 0, 3217897)
(3217462, 0, 0, 3217462)
(3217158, 0, 0, 3217158)
(3216822, 0, 0, 3216822)
(3216576, 0, 0, 3216576)
(3216191, 0, 0, 3216191)
(3215919, 0, 0, 3215919)
(3215815, 0, 0, 3215815)
(3215612, 0, 0, 3215612)
(3215447, 0, 0, 3215447)
(3215446, 0, 0, 3215446)
(3215445, 0, 0, 3215445)
(3214801, 0, 0, 3214801)
(3214429, 0, 0, 3214429)
(3213883, 0, 0, 3213883)
(3213421, 0, 0, 3213421)
(3213420, 0, 0, 3213420)
(3212768, 0, 0, 3212768)
(3212702, 0, 0, 3212702)
(3212428, 0, 0, 3212428)
(3212244, 0, 0, 3212244)
(3212079, 0, 0, 3212079)
(3211805, 0, 0, 3211805)
(3211714, 0, 0, 3211714)
(3211161, 0, 0, 3211161)
(3211023, 0, 0, 3211023)
(3210831, 0, 0, 3210831)
(3210637, 0, 0, 3210637)
(3210464, 0, 0, 3210464)
(3210222, 0, 0, 3210222)
(3209555, 0, 0, 3209555)
(3209020, 0, 0, 3209020)
(3208768, 0, 0, 3208768)
(3208643, 0, 0, 3208643)
(3208174, 0, 0, 3208174)
(3207987, 0, 0, 3207987)
(3207221, 0, 0, 3207221)
(3206775, 0, 0, 3206775)
(3206470, 0, 0, 3206470)
(3206375, 0, 0, 3206375)
(3205504, 0, 0, 3205504)
(3204828, 0, 0, 3204828)
(3204094, 0, 0, 3204094)
(3203791, 0, 0, 3203791)
(3203624, 0, 0, 3203624)
(3203551, 0, 0, 3203551)
(3203421, 0, 0, 3203421)
(3203039, 0, 0, 3203039)
(3203038, 0, 0, 3203038)
(3202677, 0, 0, 3202677)
(3202202, 0, 0, 3202202)
(3202081, 0, 0, 3202081)
(3201262, 0, 0, 3201262)
(3201225, 0, 0, 3201225)
(3200821, 0, 0, 3200821)
(3200599, 0, 0, 3200599)
(3200455, 0, 0, 3200455)
(3199865, 0, 0, 3199865)
(3199673, 0, 0, 3199673)
(3199205, 0, 0, 3199205)
(3198906, 0, 0, 3198906)
