(2213670, 0, 0, 2213670)
(2213419, 0, 0, 2213419)
(2213160, 0, 0, 2213160)
(2213113, 0, 0, 2213113)
(2213007, 0, 0, 2213007)
(2212558, 0, 0, 2212558)
(2211565, 0, 0, 2211565)
(2211564, 0, 0, 2211564)
(2211518, 0, 0, 2211518)
(2211473, 0, 0, 2211473)
(2210901, 0, 0, 2210901)
(2210488, 0, 0, 2210488)
(2210487, 0, 0, 2210487)
(2210187, 0, 0, 2210187)
(2209597, 0, 0, 2209597)
(2208798, 0, 0, 2208798)
(2208265, 0, 0, 2208265)
(2208251, 0, 0, 2208251)
(2208019, 0, 0, 2208019)
(2207236, 0, 0, 2207236)
(2207022, 0, 0, 2207022)
(2206682, 0, 0, 2206682)
(2206349, 0, 0, 2206349)
(2206174, 0, 0, 2206174)
(2205978, 0, 0, 2205978)
(2205920, 0, 0, 2205920)
(2205386, 0, 0, 2205386)
(2205069, 0, 0, 2205069)
(2205016, 0, 0, 2205016)
(2204653, 0, 0, 2204653)
(2204331, 0, 0, 2204331)
(2203722, 0, 0, 2203722)
(2203348, 0, 0, 2203348)
(2203347, 0, 0, 2203347)
(2202777, 0, 0, 2202777)
(2202412, 0, 0, 2202412)
(2201632, 0, 0, 2201632)
(2201631, 0, 0, 2201631)
(2201539, 0, 0, 2201539)
(2200935, 0, 0, 2200935)
(2200519, 0, 0, 2200519)
(2199514, 0, 0, 2199514)
(2199248, 0, 0, 2199248)
(2199108, 0, 0, 2199108)
(2198582, 0, 0, 2198582)
(2198150, 0, 0, 2198150)
(2198021, 0, 0, 2198021)
(2197439, 0, 0, 2197439)
(2197300, 0, 0, 2197300)
(2196954, 0, 0, 2196954)
(2196499, 0, 0, 2196499)
(2196383, 0, 0, 2196383)
(2196316, 0, 0, 2196316)
(2195833, 0, 0, 2195833)
(2195281, 0, 0, 2195281)
(2195145, 0, 0, 2195145)
(2195144, 0, 0, 2195144)
(2195143, 0, 0, 2195143)
(2195142, 0, 0, 2195142)
(2193981, 0, 0, 2193981)
(2193659, 0, 0, 2193659)
(2193365, 0, 0, 2193365)
(2193310, 0, 0, 2193310)
(2193068, 0, 0, 2193068)
(2192514, 0, 0, 2192514)
(2191951, 0, 0, 2191951)
(2191461, 0, 0, 2191461)
(2191460, 0, 0, 2191460)
(2191432, 0, 0, 2191432)
(2191205, 0, 0, 2191205)
(2190985, 0, 0, 2190985)
(2190648, 0, 0, 2190648)
(2190204, 0, 0, 2190204)
(2189762, 0, 0, 2189762)
(2189232, 0, 0, 2189232)
(2188983, 0, 0, 2188983)
(2187868, 0, 0, 2187868)
(2187564, 0, 0, 2187564)
(2187541, 0, 0, 2187541)
(2187405, 0, 0, 2187405)
(2187269, 0, 0, 2187269)
(2187196, 0, 0, 2187196)
(2186679, 0, 0, 2186679)
(2186491, 0, 0, 2186491)
(2186490, 0, 0, 2186490)
(2185597, 0, 0, 2185597)
(2185265, 0, 0, 2185265)
(2184499, 0, 0, 2184499)
(2184103, 0, 0, 2184103)
(2184084, 0, 0, 2184084)
(2183858, 0, 0, 2183858)
(2183017, 0, 0, 2183017)
(2183016, 0, 0, 2183016)
(2182851, 0, 0, 2182851)
(2182306, 0, 0, 2182306)
(2182273, 0, 0, 2182273)
(2181748, 0, 0, 2181748)
(2181358, 0, 0, 2181358)
(2181261, 0, 0, 2181261)
(2181167, 0, 0, 2181167)
(2181166, 0, 0, 2181166)
(2181087, 0, 0, 2181087)
(2180570, 0, 0, 2180570)
(2180361, 0, 0, 2180361)
(2180119, 0, 0, 2180119)
(2179806, 0, 0, 2179806)
(2179709, 0, 0, 2179709)
(2179612, 0, 0, 2179612)
(2179515, 0, 0, 2179515)
(2179441, 0, 0, 2179441)
(2179440, 0, 0, 2179440)
(2179439, 0, 0, 2179439)
(2178601, 0, 0, 2178601)
(2178284, 0, 0, 2178284)
(2177926, 0, 0, 2177926)
(2177925, 0, 0, 2177925)
(2177246, 0, 0, 2177246)
(2176922, 0, 0, 2176922)
(2176690, 0, 0, 2176690)
(2176518, 0, 0, 2176518)
(2176008, 0, 0, 2176008)
(2175444, 0, 0, 2175444)
(2174866, 0, 0, 2174866)
(2174642, 0, 0, 2174642)
(2174431, 0, 0, 2174431)
(2173764, 0, 0, 2173764)
(2173763, 0, 0, 2173763)
(2173732, 0, 0, 2173732)
(2173701, 0, 0, 2173701)
(2173462, 0, 0, 2173462)
(2173101, 0, 0, 2173101)
(2172289, 0, 0, 2172289)
(2172124, 0, 0, 2172124)
(2171940, 0, 0, 2171940)
(2171610, 0, 0, 2171610)
(2171507, 0, 0, 2171507)
(2171041, 0, 0, 2171041)
(2170690, 0, 0, 2170690)
(2170567, 0, 0, 2170567)
(2170222, 0, 0, 2170222)
(2169450, 0, 0, 2169450)
(2169017, 0, 0, 2169017)
(2168922, 0, 0, 2168922)
(2168726, 0, 0, 2168726)
(2168417, 0, 0, 2168417)
(2167867, 0, 0, 2167867)
(2167703, 0, 0, 2167703)
(2167702, 0, 0, 2167702)
(2167331, 0, 0, 2167331)
(2167160, 0, 0, 2167160)
(2166855, 0, 0, 2166855)
(2166751, 0, 0, 2166751)
(2166647, 0, 0, 2166647)
(2166543, 0, 0, 2166543)
(2165658, 0, 0, 2165658)
