(2045536, 0, 0, 2045536)
(2045096, 0, 0, 2045096)
(2044957, 0, 0, 2044957)
(2044347, 0, 0, 2044347)
(2043424, 0, 0, 2043424)
(2042894, 0, 0, 2042894)
(2042737, 0, 0, 2042737)
(2042434, 0, 0, 2042434)
(2041664, 0, 0, 2041664)
(2041120, 0, 0, 2041120)
(2040615, 0, 0, 2040615)
(2040511, 0, 0, 2040511)
(2040458, 0, 0, 2040458)
(2040283, 0, 0, 2040283)
(2039582, 0, 0, 2039582)
(2039006, 0, 0, 2039006)
(2038452, 0, 0, 2038452)
(2038044, 0, 0, 2038044)
(2037866, 0, 0, 2037866)
(2037284, 0, 0, 2037284)
(2036816, 0, 0, 2036816)
(2036724, 0, 0, 2036724)
(2035837, 0, 0, 2035837)
(2035273, 0, 0, 2035273)
(2035026, 0, 0, 2035026)
(2034407, 0, 0, 2034407)
(2033976, 0, 0, 2033976)
(2033975, 0, 0, 2033975)
(2033222, 0, 0, 2033222)
(2032180, 0, 0, 2032180)
(2031206, 0, 0, 2031206)
(2030873, 0, 0, 2030873)
(2030589, 0, 0, 2030589)
(2030490, 0, 0, 2030490)
(2030117, 0, 0, 2030117)
(2030116, 0, 0, 2030116)
(2029758, 0, 0, 2029758)
(2029134, 0, 0, 2029134)
(2028841, 0, 0, 2028841)
(2028262, 0, 0, 2028262)
(2028142, 0, 0, 2028142)
(2027808, 0, 0, 2027808)
(2027372, 0, 0, 2027372)
(2026861, 0, 0, 2026861)
(2026621, 0, 0, 2026621)
(2025984, 0, 0, 2025984)
(2025288, 0, 0, 2025288)
(2024594, 0, 0, 2024594)
(2024196, 0, 0, 2024196)
(2023873, 0, 0, 2023873)
(2023613, 0, 0, 2023613)
(2023432, 0, 0, 2023432)
(2023101, 0, 0, 2023101)
(2022617, 0, 0, 2022617)
(2022139, 0, 0, 2022139)
(2021467, 0, 0, 2021467)
(2021154, 0, 0, 2021154)
(2021047, 0, 0, 2021047)
(2020268, 0, 0, 2020268)
(2019394, 0, 0, 2019394)
(2019297, 0, 0, 2019297)
(2019089, 0, 0, 2019089)
(2018561, 0, 0, 2018561)
(2018074, 0, 0, 2018074)
(2017749, 0, 0, 2017749)
(2017633, 0, 0, 2017633)
(2016969, 0, 0, 2016969)
(2016744, 0, 0, 2016744)
(2016088, 0, 0, 2016088)
(2015910, 0, 0, 2015910)
(2015719, 0, 0, 2015719)
(2015138, 0, 0, 2015138)
(2014698, 0, 0, 2014698)
(2014433, 0, 0, 2014433)
(2014266, 0, 0, 2014266)
(2013618, 0, 0, 2013618)
(2012727, 0, 0, 2012727)
(2012113, 0, 0, 2012113)
(2011735, 0, 0, 2011735)
(2011134, 0, 0, 2011134)
(2010172, 0, 0, 2010172)
(2009648, 0, 0, 2009648)
(2009371, 0, 0, 2009371)
(2008664, 0, 0, 2008664)
(2008252, 0, 0, 2008252)
(2008183, 0, 0, 2008183)
(2007625, 0, 0, 2007625)
(2006873, 0, 0, 2006873)
(2006438, 0, 0, 2006438)
(2006090, 0, 0, 2006090)
(2005853, 0, 0, 2005853)
(2005484, 0, 0, 2005484)
(2004825, 0, 0, 2004825)
(2004111, 0, 0, 2004111)
(2003790, 0, 0, 2003790)
(2003598, 0, 0, 2003598)
(2002719, 0, 0, 2002719)
(2002259, 0, 0, 2002259)
(2002011, 0, 0, 2002011)
(2001426, 0, 0, 2001426)
(2000627, 0, 0, 2000627)
(2000368, 0, 0, 2000368)
(1999943, 0, 0, 1999943)
(1999710, 0, 0, 1999710)
(1999186, 0, 0, 1999186)
(1998543, 0, 0, 1998543)
(1998411, 0, 0, 1998411)
(1998035, 0, 0, 1998035)
(1996993, 0, 0, 1996993)
(1996706, 0, 0, 1996706)
(1995981, 0, 0, 1995981)
(1995168, 0, 0, 1995168)
(1994771, 0, 0, 1994771)
(1994493, 0, 0, 1994493)
(1993991, 0, 0, 1993991)
(1993178, 0, 0, 1993178)
(1992782, 0, 0, 1992782)
(1991710, 0, 0, 1991710)
(1991700, 0, 0, 1991700)
(1991494, 0, 0, 1991494)
(1991005, 0, 0, 1991005)
(1990525, 0, 0, 1990525)
(1990094, 0, 0, 1990094)
(1989567, 0, 0, 1989567)
(1989225, 0, 0, 1989225)
(1988901, 0, 0, 1988901)
(1988491, 0, 0, 1988491)
(1988347, 0, 0, 1988347)
(1987930, 0, 0, 1987930)
(1987752, 0, 0, 1987752)
(1987072, 0, 0, 1987072)
(1986702, 0, 0, 1986702)
(1986244, 0, 0, 1986244)
(1985388, 0, 0, 1985388)
(1984472, 0, 0, 1984472)
(1983891, 0, 0, 1983891)
(1983656, 0, 0, 1983656)
(1982857, 0, 0, 1982857)
(1982769, 0, 0, 1982769)
(1982280, 0, 0, 1982280)
(1982034, 0, 0, 1982034)
(1981679, 0, 0, 1981679)
(1981077, 0, 0, 1981077)
(1980663, 0, 0, 1980663)
(1980342, 0, 0, 1980342)
(1980130, 0, 0, 1980130)
(1979775, 0, 0, 1979775)
(1979042, 0, 0, 1979042)
(1979012, 0, 0, 1979012)
(1978035, 0, 0, 1978035)
(1977278, 0, 0, 1977278)
(1976617, 0, 0, 1976617)
(1976164, 0, 0, 1976164)
(1975916, 0, 0, 1975916)
(1975571, 0, 0, 1975571)
(1975089, 0, 0, 1975089)
(1974202, 0, 0, 1974202)
(1973488, 0, 0, 1973488)
(1973024, 0, 0, 1973024)
(1972470, 0, 0, 1972470)
(1971931, 0, 0, 1971931)
(1971588, 0, 0, 1971588)
(1970763, 0, 0, 1970763)
(1970074, 0, 0, 1970074)
(1969652, 0, 0, 1969652)
(1969273, 0, 0, 1969273)
(1969136, 0, 0, 1969136)
(1968709, 0, 0, 1968709)
(1968469, 0, 0, 1968469)
(1967817, 0, 0, 1967817)
(1967554, 0, 0, 1967554)
(1967150, 0, 0, 1967150)
(1965970, 0, 0, 1965970)
(1964970, 0, 0, 1964970)
(1964658, 0, 0, 1964658)
(1964219, 0, 0, 1964219)
(1963843, 0, 0, 1963843)
(1963805, 0, 0, 1963805)
(1963739, 0, 0, 1963739)
(1962752, 0, 0, 1962752)
(1961560, 0, 0, 1961560)
(1960636, 0, 0, 1960636)
(1960089, 0, 0, 1960089)
(1959805, 0, 0, 1959805)
(1959157, 0, 0, 1959157)
(1958264, 0, 0, 1958264)
(1957292, 0, 0, 1957292)
(1957213, 0, 0, 1957213)
(1956264, 0, 0, 1956264)
(1955712, 0, 0, 1955712)
(1955211, 0, 0, 1955211)
(1954853, 0, 0, 1954853)
(1954360, 0, 0, 1954360)
(1954265, 0, 0, 1954265)
(1954168, 0, 0, 1954168)
(1953494, 0, 0, 1953494)
(1952965, 0, 0, 1952965)
(1952797, 0, 0, 1952797)
(1952259, 0, 0, 1952259)
(1951583, 0, 0, 1951583)
(1951486, 0, 0, 1951486)
(1950691, 0, 0, 1950691)
(1950149, 0, 0, 1950149)
(1949965, 0, 0, 1949965)
(1949828, 0, 0, 1949828)
(1949554, 0, 0, 1949554)
