(2345151, 0, 0, 2345151)
(2344617, 0, 0, 2344617)
(2344591, 0, 0, 2344591)
(2344367, 0, 0, 2344367)
(2344008, 0, 0, 2344008)
(2343464, 0, 0, 2343464)
(2343087, 0, 0, 2343087)
(2342851, 0, 0, 2342851)
(2342631, 0, 0, 2342631)
(2342203, 0, 0, 2342203)
(2342088, 0, 0, 2342088)
(2341572, 0, 0, 2341572)
(2341472, 0, 0, 2341472)
(2341306, 0, 0, 2341306)
(2340490, 0, 0, 2340490)
(2339875, 0, 0, 2339875)
(2339139, 0, 0, 2339139)
(2338732, 0, 0, 2338732)
(2338564, 0, 0, 2338564)
(2338242, 0, 0, 2338242)
(2338064, 0, 0, 2338064)
(2337890, 0, 0, 2337890)
(2337624, 0, 0, 2337624)
(2337564, 0, 0, 2337564)
(2337484, 0, 0, 2337484)
(2336688, 0, 0, 2336688)
(2336446, 0, 0, 2336446)
(2336099, 0, 0, 2336099)
(2335489, 0, 0, 2335489)
(2335012, 0, 0, 2335012)
(2334120, 0, 0, 2334120)
(2333365, 0, 0, 2333365)
(2333110, 0, 0, 2333110)
(2333089, 0, 0, 2333089)
(2332993, 0, 0, 2332993)
(2332371, 0, 0, 2332371)
(2331948, 0, 0, 2331948)
(2331664, 0, 0, 2331664)
(2331260, 0, 0, 2331260)
(2331044, 0, 0, 2331044)
(2330739, 0, 0, 2330739)
(2330315, 0, 0, 2330315)
(2329775, 0, 0, 2329775)
(2329552, 0, 0, 2329552)
(2329180, 0, 0, 2329180)
(2328332, 0, 0, 2328332)
(2328004, 0, 0, 2328004)
(2327874, 0, 0, 2327874)
(2327690, 0, 0, 2327690)
(2327250, 0, 0, 2327250)
(2326922, 0, 0, 2326922)
(2325884, 0, 0, 2325884)
(2325188, 0, 0, 2325188)
(2324711, 0, 0, 2324711)
(2323821, 0, 0, 2323821)
(2322786, 0, 0, 2322786)
(2321978, 0, 0, 2321978)
(2321755, 0, 0, 2321755)
(2321583, 0, 0, 2321583)
(2321279, 0, 0, 2321279)
(2321114, 0, 0, 2321114)
(2320426, 0, 0, 2320426)
(2319932, 0, 0, 2319932)
(2319796, 0, 0, 2319796)
(2319545, 0, 0, 2319545)
(2318984, 0, 0, 2318984)
(2318646, 0, 0, 2318646)
(2318269, 0, 0, 2318269)
(2318130, 0, 0, 2318130)
(2317689, 0, 0, 2317689)
(2317290, 0, 0, 2317290)
(2316975, 0, 0, 2316975)
(2316763, 0, 0, 2316763)
(2316360, 0, 0, 2316360)
(2316129, 0, 0, 2316129)
(2315861, 0, 0, 2315861)
(2315658, 0, 0, 2315658)
(2314910, 0, 0, 2314910)
(2314787, 0, 0, 2314787)
(2314323, 0, 0, 2314323)
(2314082, 0, 0, 2314082)
(2313500, 0, 0, 2313500)
(2313418, 0, 0, 2313418)
(2313354, 0, 0, 2313354)
(2313081, 0, 0, 2313081)
(2312618, 0, 0, 2312618)
(2312617, 0, 0, 2312617)
(2312589, 0, 0, 2312589)
(2311907, 0, 0, 2311907)
(2311255, 0, 0, 2311255)
(2311254, 0, 0, 2311254)
(2311032, 0, 0, 2311032)
(2310677, 0, 0, 2310677)
(2310170, 0, 0, 2310170)
(2309822, 0, 0, 2309822)
(2309741, 0, 0, 2309741)
(2309620, 0, 0, 2309620)
(2309188, 0, 0, 2309188)
(2308908, 0, 0, 2308908)
(2308586, 0, 0, 2308586)
(2308363, 0, 0, 2308363)
(2308222, 0, 0, 2308222)
(2307871, 0, 0, 2307871)
(2307714, 0, 0, 2307714)
(2307537, 0, 0, 2307537)
(2306798, 0, 0, 2306798)
(2306077, 0, 0, 2306077)
(2305967, 0, 0, 2305967)
(2305536, 0, 0, 2305536)
(2304976, 0, 0, 2304976)
(2304791, 0, 0, 2304791)
(2304463, 0, 0, 2304463)
(2304138, 0, 0, 2304138)
(2303552, 0, 0, 2303552)
(2302907, 0, 0, 2302907)
(2302646, 0, 0, 2302646)
(2302397, 0, 0, 2302397)
(2302293, 0, 0, 2302293)
(2302054, 0, 0, 2302054)
(2301682, 0, 0, 2301682)
(2301424, 0, 0, 2301424)
(2300786, 0, 0, 2300786)
(2300174, 0, 0, 2300174)
(2299638, 0, 0, 2299638)
(2299608, 0, 0, 2299608)
(2299597, 0, 0, 2299597)
(2299596, 0, 0, 2299596)
(2299171, 0, 0, 2299171)
(2298448, 0, 0, 2298448)
(2298282, 0, 0, 2298282)
(2297954, 0, 0, 2297954)
(2297146, 0, 0, 2297146)
(2296653, 0, 0, 2296653)
(2296509, 0, 0, 2296509)
(2295911, 0, 0, 2295911)
(2295141, 0, 0, 2295141)
(2294925, 0, 0, 2294925)
(2294529, 0, 0, 2294529)
(2294116, 0, 0, 2294116)
(2293476, 0, 0, 2293476)
