(3007948, 0, 0, 3007948)
(3007755, 0, 0, 3007755)
(3007754, 0, 0, 3007754)
(3007753, 0, 0, 3007753)
(3007752, 0, 0, 3007752)
(3007454, 0, 0, 3007454)
(3007048, 0, 0, 3007048)
(3007047, 0, 0, 3007047)
(3007046, 0, 0, 3007046)
(3006918, 0, 0, 3006918)
(3006682, 0, 0, 3006682)
(3006396, 0, 0, 3006396)
(3006372, 0, 0, 3006372)
(3006371, 0, 0, 3006371)
(3006143, 0, 0, 3006143)
(3005956, 0, 0, 3005956)
(3005836, 0, 0, 3005836)
(3005623, 0, 0, 3005623)
(3005576, 0, 0, 3005576)
(3005445, 0, 0, 3005445)
(3005153, 0, 0, 3005153)
(3004991, 0, 0, 3004991)
(3004811, 0, 0, 3004811)
(3004476, 0, 0, 3004476)
(3003910, 0, 0, 3003910)
(3003773, 0, 0, 3003773)
(3003324, 0, 0, 3003324)
(3003109, 0, 0, 3003109)
(3003108, 0, 0, 3003108)
(3003107, 0, 0, 3003107)
(3002895, 0, 0, 3002895)
(3002680, 0, 0, 3002680)
(3002679, 0, 0, 3002679)
(3002475, 0, 0, 3002475)
(3002104, 0, 0, 3002104)
(3001945, 0, 0, 3001945)
(3001759, 0, 0, 3001759)
(3001729, 0, 0, 3001729)
(3001454, 0, 0, 3001454)
(3000582, 0, 0, 3000582)
(3000076, 0, 0, 3000076)
(2999973, 0, 0, 2999973)
(2999870, 0, 0, 2999870)
(2999358, 0, 0, 2999358)
(2999188, 0, 0, 2999188)
(2998980, 0, 0, 2998980)
(2998979, 0, 0, 2998979)
(2998829, 0, 0, 2998829)
(2997995, 0, 0, 2997995)
(2997756, 0, 0, 2997756)
(2997679, 0, 0, 2997679)
(2997649, 0, 0, 2997649)
(2997591, 0, 0, 2997591)
(2997094, 0, 0, 2997094)
(2997093, 0, 0, 2997093)
(2997092, 0, 0, 2997092)
(2997031, 0, 0, 2997031)
(2996970, 0, 0, 2996970)
(2996704, 0, 0, 2996704)
(2995875, 0, 0, 2995875)
(2995584, 0, 0, 2995584)
(2994736, 0, 0, 2994736)
(2994665, 0, 0, 2994665)
(2994483, 0, 0, 2994483)
(2994073, 0, 0, 2994073)
(2993892, 0, 0, 2993892)
(2993891, 0, 0, 2993891)
(2993279, 0, 0, 2993279)
(2993269, 0, 0, 2993269)
(2993259, 0, 0, 2993259)
(2993174, 0, 0, 2993174)
(2993128, 0, 0, 2993128)
(2993049, 0, 0, 2993049)
(2992596, 0, 0, 2992596)
(2992108, 0, 0, 2992108)
(2991808, 0, 0, 2991808)
(2991544, 0, 0, 2991544)
(2991543, 0, 0, 2991543)
(2991542, 0, 0, 2991542)
(2991057, 0, 0, 2991057)
(2991021, 0, 0, 2991021)
(2990705, 0, 0, 2990705)
(2990561, 0, 0, 2990561)
(2990375, 0, 0, 2990375)
(2989960, 0, 0, 2989960)
(2989719, 0, 0, 2989719)
(2989562, 0, 0, 2989562)
(2989561, 0, 0, 2989561)
(2989080, 0, 0, 2989080)
(2988688, 0, 0, 2988688)
(2988584, 0, 0, 2988584)
(2988354, 0, 0, 2988354)
(2988168, 0, 0, 2988168)
(2988130, 0, 0, 2988130)
(2987760, 0, 0, 2987760)
(2987418, 0, 0, 2987418)
(2987210, 0, 0, 2987210)
(2986255, 0, 0, 2986255)
(2986166, 0, 0, 2986166)
(2985998, 0, 0, 2985998)
(2985997, 0, 0, 2985997)
(2985996, 0, 0, 2985996)
(2985995, 0, 0, 2985995)
(2985994, 0, 0, 2985994)
(2985993, 0, 0, 2985993)
(2985941, 0, 0, 2985941)
(2985927, 0, 0, 2985927)
(2985926, 0, 0, 2985926)
(2985669, 0, 0, 2985669)
(2985407, 0, 0, 2985407)
(2985406, 0, 0, 2985406)
(2984651, 0, 0, 2984651)
(2984348, 0, 0, 2984348)
(2984126, 0, 0, 2984126)
(2984086, 0, 0, 2984086)
(2984046, 0, 0, 2984046)
(2983568, 0, 0, 2983568)
(2983419, 0, 0, 2983419)
(2983122, 0, 0, 2983122)
(2982861, 0, 0, 2982861)
(2982762, 0, 0, 2982762)
