(2780377, 0, 0, 2780377)
(2780124, 0, 0, 2780124)
(2779749, 0, 0, 2779749)
(2779547, 0, 0, 2779547)
(2778965, 0, 0, 2778965)
(2778433, 0, 0, 2778433)
(2778056, 0, 0, 2778056)
(2776862, 0, 0, 2776862)
(2776434, 0, 0, 2776434)
(2775659, 0, 0, 2775659)
(2775276, 0, 0, 2775276)
(2775013, 0, 0, 2775013)
(2774886, 0, 0, 2774886)
(2774329, 0, 0, 2774329)
(2774117, 0, 0, 2774117)
(2773955, 0, 0, 2773955)
(2773549, 0, 0, 2773549)
(2773310, 0, 0, 2773310)
(2773043, 0, 0, 2773043)
(2772784, 0, 0, 2772784)
(2772590, 0, 0, 2772590)
(2772243, 0, 0, 2772243)
(2771414, 0, 0, 2771414)
(2770834, 0, 0, 2770834)
(2770135, 0, 0, 2770135)
(2769904, 0, 0, 2769904)
(2769608, 0, 0, 2769608)
(2769080, 0, 0, 2769080)
(2768688, 0, 0, 2768688)
(2768349, 0, 0, 2768349)
(2767791, 0, 0, 2767791)
(2767497, 0, 0, 2767497)
(2766977, 0, 0, 2766977)
(2766800, 0, 0, 2766800)
(2766515, 0, 0, 2766515)
(2766287, 0, 0, 2766287)
(2765955, 0, 0, 2765955)
(2765878, 0, 0, 2765878)
(2765423, 0, 0, 2765423)
(2765328, 0, 0, 2765328)
(2764754, 0, 0, 2764754)
(2764736, 0, 0, 2764736)
(2764014, 0, 0, 2764014)
(2763398, 0, 0, 2763398)
(2762755, 0, 0, 2762755)
(2762527, 0, 0, 2762527)
(2762061, 0, 0, 2762061)
(2761797, 0, 0, 2761797)
(2761491, 0, 0, 2761491)
(2760981, 0, 0, 2760981)
(2760530, 0, 0, 2760530)
(2760426, 0, 0, 2760426)
(2760313, 0, 0, 2760313)
(2760088, 0, 0, 2760088)
(2759916, 0, 0, 2759916)
(2759370, 0, 0, 2759370)
(2758909, 0, 0, 2758909)
(2758746, 0, 0, 2758746)
(2758697, 0, 0, 2758697)
(2758276, 0, 0, 2758276)
(2758234, 0, 0, 2758234)
(2758064, 0, 0, 2758064)
(2757789, 0, 0, 2757789)
(2757320, 0, 0, 2757320)
(2756356, 0, 0, 2756356)
(2756200, 0, 0, 2756200)
(2756155, 0, 0, 2756155)
(2755872, 0, 0, 2755872)
(2755568, 0, 0, 2755568)
(2754962, 0, 0, 2754962)
(2754693, 0, 0, 2754693)
(2754266, 0, 0, 2754266)
(2754076, 0, 0, 2754076)
(2753609, 0, 0, 2753609)
(2753147, 0, 0, 2753147)
(2753020, 0, 0, 2753020)
(2752856, 0, 0, 2752856)
(2752829, 0, 0, 2752829)
(2752516, 0, 0, 2752516)
(2751903, 0, 0, 2751903)
(2751593, 0, 0, 2751593)
(2751307, 0, 0, 2751307)
(2750758, 0, 0, 2750758)
(2750507, 0, 0, 2750507)
(2750402, 0, 0, 2750402)
(2749580, 0, 0, 2749580)
(2749252, 0, 0, 2749252)
(2749168, 0, 0, 2749168)
(2748977, 0, 0, 2748977)
(2748692, 0, 0, 2748692)
(2748281, 0, 0, 2748281)
(2747623, 0, 0, 2747623)
(2747195, 0, 0, 2747195)
(2746865, 0, 0, 2746865)
(2746681, 0, 0, 2746681)
(2746277, 0, 0, 2746277)
(2746065, 0, 0, 2746065)
(2745598, 0, 0, 2745598)
(2745534, 0, 0, 2745534)
(2745002, 0, 0, 2745002)
(2744710, 0, 0, 2744710)
(2744686, 0, 0, 2744686)
(2743431, 0, 0, 2743431)
(2743372, 0, 0, 2743372)
(2743060, 0, 0, 2743060)
(2742575, 0, 0, 2742575)
(2742302, 0, 0, 2742302)
(2742185, 0, 0, 2742185)
(2742058, 0, 0, 2742058)
(2741940, 0, 0, 2741940)
(2741893, 0, 0, 2741893)
(2741830, 0, 0, 2741830)
(2741555, 0, 0, 2741555)
(2741390, 0, 0, 2741390)
(2741133, 0, 0, 2741133)
(2741074, 0, 0, 2741074)
(2740710, 0, 0, 2740710)
(2740268, 0, 0, 2740268)
(2739996, 0, 0, 2739996)
(2739351, 0, 0, 2739351)
(2739083, 0, 0, 2739083)
(2738650, 0, 0, 2738650)
(2738312, 0, 0, 2738312)
(2738034, 0, 0, 2738034)
(2737577, 0, 0, 2737577)
(2737218, 0, 0, 2737218)
(2737081, 0, 0, 2737081)
(2736739, 0, 0, 2736739)
(2736677, 0, 0, 2736677)
