(3266063, 0, 0, 3266063)
(3265936, 0, 0, 3265936)
(3265758, 0, 0, 3265758)
(3265527, 0, 0, 3265527)
(3265117, 0, 0, 3265117)
(3265080, 0, 0, 3265080)
(3264441, 0, 0, 3264441)
(3264124, 0, 0, 3264124)
(3263599, 0, 0, 3263599)
(3263005, 0, 0, 3263005)
(3262749, 0, 0, 3262749)
(3262109, 0, 0, 3262109)
(3261439, 0, 0, 3261439)
(3261292, 0, 0, 3261292)
(3261008, 0, 0, 3261008)
(3260867, 0, 0, 3260867)
(3260728, 0, 0, 3260728)
(3259867, 0, 0, 3259867)
(3259739, 0, 0, 3259739)
(3259321, 0, 0, 3259321)
(3259143, 0, 0, 3259143)
(3258791, 0, 0, 3258791)
(3258467, 0, 0, 3258467)
(3258233, 0, 0, 3258233)
(3257835, 0, 0, 3257835)
(3257612, 0, 0, 3257612)
(3257290, 0, 0, 3257290)
(3257139, 0, 0, 3257139)
(3256803, 0, 0, 3256803)
(3256781, 0, 0, 3256781)
(3256680, 0, 0, 3256680)
(3256583, 0, 0, 3256583)
(3256365, 0, 0, 3256365)
(3255956, 0, 0, 3255956)
(3255560, 0, 0, 3255560)
(3255357, 0, 0, 3255357)
(3254936, 0, 0, 3254936)
(3254566, 0, 0, 3254566)
(3254346, 0, 0, 3254346)
(3253797, 0, 0, 3253797)
(3253529, 0, 0, 3253529)
(3253314, 0, 0, 3253314)
(3253177, 0, 0, 3253177)
(3252589, 0, 0, 3252589)
(3252243, 0, 0, 3252243)
(3252061, 0, 0, 3252061)
(3251901, 0, 0, 3251901)
(3251793, 0, 0, 3251793)
(3251232, 0, 0, 3251232)
(3250608, 0, 0, 3250608)
(3250453, 0, 0, 3250453)
(3250385, 0, 0, 3250385)
(3249912, 0, 0, 3249912)
(3249414, 0, 0, 3249414)
(3249108, 0, 0, 3249108)
(3248341, 0, 0, 3248341)
(3248126, 0, 0, 3248126)
(3248106, 0, 0, 3248106)
(3247657, 0, 0, 3247657)
(3247434, 0, 0, 3247434)
(3247008, 0, 0, 3247008)
(3246349, 0, 0, 3246349)
(3246056, 0, 0, 3246056)
(3245648, 0, 0, 3245648)
(3245459, 0, 0, 3245459)
(3244898, 0, 0, 3244898)
(3244774, 0, 0, 3244774)
(3244631, 0, 0, 3244631)
(3244212, 0, 0, 3244212)
(3243430, 0, 0, 3243430)
(3243281, 0, 0, 3243281)
(3242776, 0, 0, 3242776)
(3241968, 0, 0, 3241968)
(3241038, 0, 0, 3241038)
(3240792, 0, 0, 3240792)
(3240556, 0, 0, 3240556)
(3240408, 0, 0, 3240408)
(3240297, 0, 0, 3240297)
(3239342, 0, 0, 3239342)
(3239016, 0, 0, 3239016)
(3238255, 0, 0, 3238255)
(3237846, 0, 0, 3237846)
(3237618, 0, 0, 3237618)
(3236830, 0, 0, 3236830)
(3236635, 0, 0, 3236635)
(3236609, 0, 0, 3236609)
(3236167, 0, 0, 3236167)
(3235989, 0, 0, 3235989)
(3235954, 0, 0, 3235954)
(3235926, 0, 0, 3235926)
(3235669, 0, 0, 3235669)
(3235516, 0, 0, 3235516)
(3235057, 0, 0, 3235057)
(3234737, 0, 0, 3234737)
(3234672, 0, 0, 3234672)
(3234658, 0, 0, 3234658)
(3234389, 0, 0, 3234389)
(3234146, 0, 0, 3234146)
(3233175, 0, 0, 3233175)
(3232784, 0, 0, 3232784)
(3232402, 0, 0, 3232402)
(3232204, 0, 0, 3232204)
(3232203, 0, 0, 3232203)
(3232202, 0, 0, 3232202)
(3231485, 0, 0, 3231485)
(3230696, 0, 0, 3230696)
(3230278, 0, 0, 3230278)
(3229793, 0, 0, 3229793)
(3229687, 0, 0, 3229687)
(3229443, 0, 0, 3229443)
