(2846944, 0, 0, 2846944)
(2846503, 0, 0, 2846503)
(2846406, 0, 0, 2846406)
(2845850, 0, 0, 2845850)
(2845177, 0, 0, 2845177)
(2845096, 0, 0, 2845096)
(2844914, 0, 0, 2844914)
(2844588, 0, 0, 2844588)
(2844393, 0, 0, 2844393)
(2844289, 0, 0, 2844289)
(2844241, 0, 0, 2844241)
(2843590, 0, 0, 2843590)
(2842895, 0, 0, 2842895)
(2842650, 0, 0, 2842650)
(2842162, 0, 0, 2842162)
(2842002, 0, 0, 2842002)
(2841426, 0, 0, 2841426)
(2840640, 0, 0, 2840640)
(2840354, 0, 0, 2840354)
(2840147, 0, 0, 2840147)
(2840146, 0, 0, 2840146)
(2839822, 0, 0, 2839822)
(2839380, 0, 0, 2839380)
(2839327, 0, 0, 2839327)
(2839326, 0, 0, 2839326)
(2839325, 0, 0, 2839325)
(2839324, 0, 0, 2839324)
(2839253, 0, 0, 2839253)
(2839094, 0, 0, 2839094)
(2838868, 0, 0, 2838868)
(2838680, 0, 0, 2838680)
(2838311, 0, 0, 2838311)
(2837995, 0, 0, 2837995)
(2837655, 0, 0, 2837655)
(2837414, 0, 0, 2837414)
(2836528, 0, 0, 2836528)
(2835559, 0, 0, 2835559)
(2834855, 0, 0, 2834855)
(2834662, 0, 0, 2834662)
(2833739, 0, 0, 2833739)
(2832839, 0, 0, 2832839)
(2832448, 0, 0, 2832448)
(2831966, 0, 0, 2831966)
(2831698, 0, 0, 2831698)
(2831333, 0, 0, 2831333)
(2830406, 0, 0, 2830406)
(2830213, 0, 0, 2830213)
(2829979, 0, 0, 2829979)
(2829880, 0, 0, 2829880)
(2829715, 0, 0, 2829715)
(2829244, 0, 0, 2829244)
(2828718, 0, 0, 2828718)
(2828717, 0, 0, 2828717)
(2828427, 0, 0, 2828427)
(2828276, 0, 0, 2828276)
(2828137, 0, 0, 2828137)
(2827631, 0, 0, 2827631)
(2827511, 0, 0, 2827511)
(2826733, 0, 0, 2826733)
(2826063, 0, 0, 2826063)
(2825671, 0, 0, 2825671)
(2824980, 0, 0, 2824980)
(2824543, 0, 0, 2824543)
(2824044, 0, 0, 2824044)
(2823737, 0, 0, 2823737)
(2823629, 0, 0, 2823629)
(2822742, 0, 0, 2822742)
(2822362, 0, 0, 2822362)
(2821830, 0, 0, 2821830)
(2821666, 0, 0, 2821666)
(2821297, 0, 0, 2821297)
(2821056, 0, 0, 2821056)
(2820538, 0, 0, 2820538)
(2820362, 0, 0, 2820362)
(2819689, 0, 0, 2819689)
(2819220, 0, 0, 2819220)
(2818791, 0, 0, 2818791)
(2818507, 0, 0, 2818507)
(2818242, 0, 0, 2818242)
(2818053, 0, 0, 2818053)
(2817317, 0, 0, 2817317)
(2816738, 0, 0, 2816738)
(2816423, 0, 0, 2816423)
(2816042, 0, 0, 2816042)
(2815423, 0, 0, 2815423)
(2814528, 0, 0, 2814528)
(2814230, 0, 0, 2814230)
(2814105, 0, 0, 2814105)
(2814089, 0, 0, 2814089)
(2813879, 0, 0, 2813879)
(2813517, 0, 0, 2813517)
(2813120, 0, 0, 2813120)
(2812492, 0, 0, 2812492)
(2811663, 0, 0, 2811663)
(2811112, 0, 0, 2811112)
(2811111, 0, 0, 2811111)
(2810973, 0, 0, 2810973)
(2810460, 0, 0, 2810460)
(2810459, 0, 0, 2810459)
(2810220, 0, 0, 2810220)
(2809621, 0, 0, 2809621)
(2809393, 0, 0, 2809393)
(2809392, 0, 0, 2809392)
(2808355, 0, 0, 2808355)
(2808011, 0, 0, 2808011)
(2806948, 0, 0, 2806948)
(2806623, 0, 0, 2806623)
(2806234, 0, 0, 2806234)
(2805779, 0, 0, 2805779)
(2805714, 0, 0, 2805714)
(2805437, 0, 0, 2805437)
(2804999, 0, 0, 2804999)
(2804190, 0, 0, 2804190)
(2803549, 0, 0, 2803549)
(2802980, 0, 0, 2802980)
(2802721, 0, 0, 2802721)
(2802610, 0, 0, 2802610)
(2801948, 0, 0, 2801948)
(2801635, 0, 0, 2801635)
(2801634, 0, 0, 2801634)
(2800781, 0, 0, 2800781)
(2800110, 0, 0, 2800110)
(2799391, 0, 0, 2799391)
(2798762, 0, 0, 2798762)
(2798522, 0, 0, 2798522)
(2798068, 0, 0, 2798068)
(2797459, 0, 0, 2797459)
(2796887, 0, 0, 2796887)
(2796853, 0, 0, 2796853)
(2796130, 0, 0, 2796130)
(2795794, 0, 0, 2795794)
(2795664, 0, 0, 2795664)
(2795384, 0, 0, 2795384)
(2795288, 0, 0, 2795288)
(2794834, 0, 0, 2794834)
(2794406, 0, 0, 2794406)
(2794125, 0, 0, 2794125)
(2794037, 0, 0, 2794037)
(2793699, 0, 0, 2793699)
(2793570, 0, 0, 2793570)
(2793461, 0, 0, 2793461)
(2793379, 0, 0, 2793379)
(2792527, 0, 0, 2792527)
(2792073, 0, 0, 2792073)
(2791816, 0, 0, 2791816)
(2791076, 0, 0, 2791076)
(2790670, 0, 0, 2790670)
(2790550, 0, 0, 2790550)
(2790107, 0, 0, 2790107)
(2789726, 0, 0, 2789726)
(2789622, 0, 0, 2789622)
(2789621, 0, 0, 2789621)
(2789008, 0, 0, 2789008)
(2789007, 0, 0, 2789007)
(2788288, 0, 0, 2788288)
(2787706, 0, 0, 2787706)
(2787422, 0, 0, 2787422)
(2786677, 0, 0, 2786677)
(2786081, 0, 0, 2786081)
(2785300, 0, 0, 2785300)
(2785299, 0, 0, 2785299)
(2784875, 0, 0, 2784875)
(2784874, 0, 0, 2784874)
(2784873, 0, 0, 2784873)
(2784564, 0, 0, 2784564)
(2783999, 0, 0, 2783999)
(2783821, 0, 0, 2783821)
(2782953, 0, 0, 2782953)
(2782598, 0, 0, 2782598)
(2782597, 0, 0, 2782597)
(2782019, 0, 0, 2782019)
(2781936, 0, 0, 2781936)
(2781853, 0, 0, 2781853)
(2781571, 0, 0, 2781571)
(2780904, 0, 0, 2780904)
(2780900, 0, 0, 2780900)
(2780465, 0, 0, 2780465)
(2780464, 0, 0, 2780464)
(2780179, 0, 0, 2780179)
(2779901, 0, 0, 2779901)
(2779553, 0, 0, 2779553)
(2778863, 0, 0, 2778863)
(2778394, 0, 0, 2778394)
(2778105, 0, 0, 2778105)
(2777741, 0, 0, 2777741)
(2777402, 0, 0, 2777402)
(2777228, 0, 0, 2777228)
(2776820, 0, 0, 2776820)
