(4423770, 0, 0, 4423770)
(4423547, 0, 0, 4423547)
(4423465, 0, 0, 4423465)
(4422869, 0, 0, 4422869)
(4422616, 0, 0, 4422616)
(4422377, 0, 0, 4422377)
(4421855, 0, 0, 4421855)
(4421487, 0, 0, 4421487)
(4420929, 0, 0, 4420929)
(4420730, 0, 0, 4420730)
(4420729, 0, 0, 4420729)
(4420728, 0, 0, 4420728)
(4420557, 0, 0, 4420557)
(4420020, 0, 0, 4420020)
(4419978, 0, 0, 4419978)
(4419499, 0, 0, 4419499)
(4418578, 0, 0, 4418578)
(4418100, 0, 0, 4418100)
(4417975, 0, 0, 4417975)
(4417749, 0, 0, 4417749)
(4417300, 0, 0, 4417300)
(4417275, 0, 0, 4417275)
(4416636, 0, 0, 4416636)
(4416599, 0, 0, 4416599)
(4416562, 0, 0, 4416562)
(4416087, 0, 0, 4416087)
(4415433, 0, 0, 4415433)
(4414974, 0, 0, 4414974)
(4414730, 0, 0, 4414730)
(4414650, 0, 0, 4414650)
(4414323, 0, 0, 4414323)
(4414041, 0, 0, 4414041)
(4413806, 0, 0, 4413806)
(4413628, 0, 0, 4413628)
(4413376, 0, 0, 4413376)
(4412969, 0, 0, 4412969)
(4412558, 0, 0, 4412558)
(4412213, 0, 0, 4412213)
(4412186, 0, 0, 4412186)
(4412185, 0, 0, 4412185)
(4411862, 0, 0, 4411862)
(4411649, 0, 0, 4411649)
(4411576, 0, 0, 4411576)
(4411503, 0, 0, 4411503)
(4411316, 0, 0, 4411316)
(4410415, 0, 0, 4410415)
(4410149, 0, 0, 4410149)
(4410050, 0, 0, 4410050)
(4409724, 0, 0, 4409724)
(4409485, 0, 0, 4409485)
(4409263, 0, 0, 4409263)
(4408607, 0, 0, 4408607)
(4408606, 0, 0, 4408606)
(4408217, 0, 0, 4408217)
(4407698, 0, 0, 4407698)
(4407661, 0, 0, 4407661)
(4407484, 0, 0, 4407484)
(4407252, 0, 0, 4407252)
(4406207, 0, 0, 4406207)
(4406130, 0, 0, 4406130)
(4406073, 0, 0, 4406073)
(4406016, 0, 0, 4406016)
(4405356, 0, 0, 4405356)
(4404740, 0, 0, 4404740)
(4404450, 0, 0, 4404450)
(4404394, 0, 0, 4404394)
(4404393, 0, 0, 4404393)
(4403917, 0, 0, 4403917)
(4403652, 0, 0, 4403652)
(4403538, 0, 0, 4403538)
(4403372, 0, 0, 4403372)
(4402861, 0, 0, 4402861)
(4402860, 0, 0, 4402860)
(4402859, 0, 0, 4402859)
(4402544, 0, 0, 4402544)
(4402530, 0, 0, 4402530)
(4402384, 0, 0, 4402384)
(4401955, 0, 0, 4401955)
(4401901, 0, 0, 4401901)
(4401847, 0, 0, 4401847)
(4401664, 0, 0, 4401664)
(4401569, 0, 0, 4401569)
(4401324, 0, 0, 4401324)
(4400764, 0, 0, 4400764)
(4400008, 0, 0, 4400008)
(4400007, 0, 0, 4400007)
(4399984, 0, 0, 4399984)
(4399866, 0, 0, 4399866)
(4399827, 0, 0, 4399827)
(4399788, 0, 0, 4399788)
(4399787, 0, 0, 4399787)
(4399786, 0, 0, 4399786)
(4399605, 0, 0, 4399605)
(4399230, 0, 0, 4399230)
(4398720, 0, 0, 4398720)
(4398631, 0, 0, 4398631)
(4398630, 0, 0, 4398630)
(4398629, 0, 0, 4398629)
(4398538, 0, 0, 4398538)
(4398108, 0, 0, 4398108)
(4397840, 0, 0, 4397840)
(4397822, 0, 0, 4397822)
(4397747, 0, 0, 4397747)
(4397317, 0, 0, 4397317)
(4397095, 0, 0, 4397095)
(4397035, 0, 0, 4397035)
(4396933, 0, 0, 4396933)
(4396776, 0, 0, 4396776)
(4396765, 0, 0, 4396765)
(4396754, 0, 0, 4396754)
(4396743, 0, 0, 4396743)
(4396438, 0, 0, 4396438)
(4396231, 0, 0, 4396231)
(4395818, 0, 0, 4395818)
