(4238096, 0, 0, 4238096)
(4237866, 0, 0, 4237866)
(4237646, 0, 0, 4237646)
(4237520, 0, 0, 4237520)
(4237422, 0, 0, 4237422)
(4236936, 0, 0, 4236936)
(4236825, 0, 0, 4236825)
(4236685, 0, 0, 4236685)
(4236235, 0, 0, 4236235)
(4236234, 0, 0, 4236234)
(4235947, 0, 0, 4235947)
(4235527, 0, 0, 4235527)
(4234870, 0, 0, 4234870)
(4234509, 0, 0, 4234509)
(4233799, 0, 0, 4233799)
(4233676, 0, 0, 4233676)
(4233389, 0, 0, 4233389)
(4232983, 0, 0, 4232983)
(4232734, 0, 0, 4232734)
(4232456, 0, 0, 4232456)
(4232157, 0, 0, 4232157)
(4231335, 0, 0, 4231335)
(4231175, 0, 0, 4231175)
(4230860, 0, 0, 4230860)
(4230383, 0, 0, 4230383)
(4230017, 0, 0, 4230017)
(4229686, 0, 0, 4229686)
(4229316, 0, 0, 4229316)
(4229186, 0, 0, 4229186)
(4228754, 0, 0, 4228754)
(4228228, 0, 0, 4228228)
(4228099, 0, 0, 4228099)
(4227555, 0, 0, 4227555)
(4227322, 0, 0, 4227322)
(4227055, 0, 0, 4227055)
(4226787, 0, 0, 4226787)
(4226395, 0, 0, 4226395)
(4226251, 0, 0, 4226251)
(4225859, 0, 0, 4225859)
(4225764, 0, 0, 4225764)
(4225666, 0, 0, 4225666)
(4225329, 0, 0, 4225329)
(4225065, 0, 0, 4225065)
(4224350, 0, 0, 4224350)
(4224174, 0, 0, 4224174)
(4223889, 0, 0, 4223889)
(4223356, 0, 0, 4223356)
(4223199, 0, 0, 4223199)
(4223000, 0, 0, 4223000)
(4222897, 0, 0, 4222897)
(4222363, 0, 0, 4222363)
(4221890, 0, 0, 4221890)
(4221371, 0, 0, 4221371)
(4221165, 0, 0, 4221165)
(4220519, 0, 0, 4220519)
(4220334, 0, 0, 4220334)
(4220288, 0, 0, 4220288)
(4220131, 0, 0, 4220131)
(4219621, 0, 0, 4219621)
(4219238, 0, 0, 4219238)
(4218383, 0, 0, 4218383)
(4217832, 0, 0, 4217832)
(4217117, 0, 0, 4217117)
(4216478, 0, 0, 4216478)
(4216209, 0, 0, 4216209)
(4216051, 0, 0, 4216051)
(4215382, 0, 0, 4215382)
(4214980, 0, 0, 4214980)
(4214556, 0, 0, 4214556)
(4214031, 0, 0, 4214031)
(4213834, 0, 0, 4213834)
(4213404, 0, 0, 4213404)
(4213066, 0, 0, 4213066)
(4212777, 0, 0, 4212777)
(4211959, 0, 0, 4211959)
(4211791, 0, 0, 4211791)
(4211475, 0, 0, 4211475)
(4211312, 0, 0, 4211312)
(4211000, 0, 0, 4211000)
(4210994, 0, 0, 4210994)
(4210988, 0, 0, 4210988)
(4210708, 0, 0, 4210708)
(4210637, 0, 0, 4210637)
(4209981, 0, 0, 4209981)
(4209885, 0, 0, 4209885)
(4209325, 0, 0, 4209325)
(4209208, 0, 0, 4209208)
(4208665, 0, 0, 4208665)
(4208526, 0, 0, 4208526)
(4208203, 0, 0, 4208203)
(4207753, 0, 0, 4207753)
(4207548, 0, 0, 4207548)
(4207015, 0, 0, 4207015)
(4206638, 0, 0, 4206638)
(4206008, 0, 0, 4206008)
(4205975, 0, 0, 4205975)
(4205471, 0, 0, 4205471)
(4205127, 0, 0, 4205127)
(4204876, 0, 0, 4204876)
(4204722, 0, 0, 4204722)
(4204564, 0, 0, 4204564)
(4203773, 0, 0, 4203773)
(4203113, 0, 0, 4203113)
(4202900, 0, 0, 4202900)
(4202576, 0, 0, 4202576)
(4202316, 0, 0, 4202316)
(4201825, 0, 0, 4201825)
(4201766, 0, 0, 4201766)
(4201324, 0, 0, 4201324)
(4201044, 0, 0, 4201044)
(4200781, 0, 0, 4200781)
(4200205, 0, 0, 4200205)
(4199613, 0, 0, 4199613)
(4199314, 0, 0, 4199314)
(4199097, 0, 0, 4199097)
(4198804, 0, 0, 4198804)
(4198719, 0, 0, 4198719)
(4197992, 0, 0, 4197992)
(4197904, 0, 0, 4197904)
(4197205, 0, 0, 4197205)
