(3091897, 0, 0, 3091897)
(3091611, 0, 0, 3091611)
(3091355, 0, 0, 3091355)
(3090599, 0, 0, 3090599)
(3090302, 0, 0, 3090302)
(3089449, 0, 0, 3089449)
(3089220, 0, 0, 3089220)
(3089075, 0, 0, 3089075)
(3088890, 0, 0, 3088890)
(3088805, 0, 0, 3088805)
(3088273, 0, 0, 3088273)
(3087514, 0, 0, 3087514)
(3086624, 0, 0, 3086624)
(3085885, 0, 0, 3085885)
(3085772, 0, 0, 3085772)
(3085644, 0, 0, 3085644)
(3084867, 0, 0, 3084867)
(3084186, 0, 0, 3084186)
(3083762, 0, 0, 3083762)
(3083551, 0, 0, 3083551)
(3083129, 0, 0, 3083129)
(3082465, 0, 0, 3082465)
(3081953, 0, 0, 3081953)
(3081148, 0, 0, 3081148)
(3080586, 0, 0, 3080586)
(3079980, 0, 0, 3079980)
(3079312, 0, 0, 3079312)
(3078687, 0, 0, 3078687)
(3078630, 0, 0, 3078630)
(3078299, 0, 0, 3078299)
(3078175, 0, 0, 3078175)
(3078006, 0, 0, 3078006)
(3077767, 0, 0, 3077767)
(3077154, 0, 0, 3077154)
(3076830, 0, 0, 3076830)
(3075732, 0, 0, 3075732)
(3075565, 0, 0, 3075565)
(3075396, 0, 0, 3075396)
(3075337, 0, 0, 3075337)
(3074902, 0, 0, 3074902)
(3074362, 0, 0, 3074362)
(3073502, 0, 0, 3073502)
(3073380, 0, 0, 3073380)
(3073080, 0, 0, 3073080)
(3072638, 0, 0, 3072638)
(3072578, 0, 0, 3072578)
(3072151, 0, 0, 3072151)
(3071391, 0, 0, 3071391)
(3070472, 0, 0, 3070472)
(3070179, 0, 0, 3070179)
(3069310, 0, 0, 3069310)
(3068982, 0, 0, 3068982)
(3068784, 0, 0, 3068784)
(3068076, 0, 0, 3068076)
(3067766, 0, 0, 3067766)
(3067047, 0, 0, 3067047)
(3066084, 0, 0, 3066084)
(3065557, 0, 0, 3065557)
(3065107, 0, 0, 3065107)
(3065095, 0, 0, 3065095)
(3064385, 0, 0, 3064385)
(3063853, 0, 0, 3063853)
(3063487, 0, 0, 3063487)
(3063118, 0, 0, 3063118)
(3062267, 0, 0, 3062267)
(3062000, 0, 0, 3062000)
(3061246, 0, 0, 3061246)
(3061114, 0, 0, 3061114)
(3060838, 0, 0, 3060838)
(3060593, 0, 0, 3060593)
(3060278, 0, 0, 3060278)
(3060008, 0, 0, 3060008)
(3059286, 0, 0, 3059286)
(3058822, 0, 0, 3058822)
(3058302, 0, 0, 3058302)
(3058028, 0, 0, 3058028)
(3057426, 0, 0, 3057426)
(3057004, 0, 0, 3057004)
(3056812, 0, 0, 3056812)
(3056736, 0, 0, 3056736)
(3056436, 0, 0, 3056436)
(3056220, 0, 0, 3056220)
(3055828, 0, 0, 3055828)
(3054863, 0, 0, 3054863)
(3054022, 0, 0, 3054022)
(3053867, 0, 0, 3053867)
(3053450, 0, 0, 3053450)
(3052839, 0, 0, 3052839)
(3052432, 0, 0, 3052432)
(3052031, 0, 0, 3052031)
(3051758, 0, 0, 3051758)
(3051645, 0, 0, 3051645)
(3051142, 0, 0, 3051142)
(3050279, 0, 0, 3050279)
(3049712, 0, 0, 3049712)
(3049603, 0, 0, 3049603)
(3048870, 0, 0, 3048870)
(3048770, 0, 0, 3048770)
(3048329, 0, 0, 3048329)
(3047681, 0, 0, 3047681)
(3047587, 0, 0, 3047587)
(3047336, 0, 0, 3047336)
(3047183, 0, 0, 3047183)
(3046722, 0, 0, 3046722)
(3046384, 0, 0, 3046384)
(3046049, 0, 0, 3046049)
(3045736, 0, 0, 3045736)
(3045538, 0, 0, 3045538)
(3045199, 0, 0, 3045199)
(3044906, 0, 0, 3044906)
(3044520, 0, 0, 3044520)
(3044328, 0, 0, 3044328)
(3044045, 0, 0, 3044045)
(3043282, 0, 0, 3043282)
(3042728, 0, 0, 3042728)
(3042265, 0, 0, 3042265)
(3041703, 0, 0, 3041703)
(3041373, 0, 0, 3041373)
(3040711, 0, 0, 3040711)
(3039742, 0, 0, 3039742)
(3039039, 0, 0, 3039039)
(3039000, 0, 0, 3039000)
(3038820, 0, 0, 3038820)
(3038166, 0, 0, 3038166)
(3037977, 0, 0, 3037977)
(3037172, 0, 0, 3037172)
(3036930, 0, 0, 3036930)
(3036551, 0, 0, 3036551)
(3036334, 0, 0, 3036334)
(3036019, 0, 0, 3036019)
(3035727, 0, 0, 3035727)
(3035250, 0, 0, 3035250)
(3035176, 0, 0, 3035176)
(3034629, 0, 0, 3034629)
(3034442, 0, 0, 3034442)
(3034053, 0, 0, 3034053)
(3033647, 0, 0, 3033647)
(3033302, 0, 0, 3033302)
(3033054, 0, 0, 3033054)
(3032691, 0, 0, 3032691)
(3032527, 0, 0, 3032527)
(3032296, 0, 0, 3032296)
(3031448, 0, 0, 3031448)
(3030927, 0, 0, 3030927)
(3030763, 0, 0, 3030763)
(3030612, 0, 0, 3030612)
(3030062, 0, 0, 3030062)
(3029125, 0, 0, 3029125)
(3028429, 0, 0, 3028429)
(3028229, 0, 0, 3028229)
(3027755, 0, 0, 3027755)
(3027346, 0, 0, 3027346)
(3026355, 0, 0, 3026355)
(3025761, 0, 0, 3025761)
(3025044, 0, 0, 3025044)
(3024425, 0, 0, 3024425)
(3024339, 0, 0, 3024339)
(3024246, 0, 0, 3024246)
(3024079, 0, 0, 3024079)
(3023699, 0, 0, 3023699)
(3023490, 0, 0, 3023490)
(3022841, 0, 0, 3022841)
(3022499, 0, 0, 3022499)
(3021942, 0, 0, 3021942)
(3021803, 0, 0, 3021803)
(3021167, 0, 0, 3021167)
(3020800, 0, 0, 3020800)
(3020569, 0, 0, 3020569)
(3020118, 0, 0, 3020118)
(3019537, 0, 0, 3019537)
(3019291, 0, 0, 3019291)
(3019151, 0, 0, 3019151)
(3018572, 0, 0, 3018572)
(3018336, 0, 0, 3018336)
(3017859, 0, 0, 3017859)
(3017208, 0, 0, 3017208)
(3016956, 0, 0, 3016956)
(3016408, 0, 0, 3016408)
(3016236, 0, 0, 3016236)
(3015472, 0, 0, 3015472)
(3015337, 0, 0, 3015337)
(3014967, 0, 0, 3014967)
(3014767, 0, 0, 3014767)
(3014334, 0, 0, 3014334)
(3013790, 0, 0, 3013790)
(3013500, 0, 0, 3013500)
(3012808, 0, 0, 3012808)
(3011952, 0, 0, 3011952)
(3011619, 0, 0, 3011619)
(3011330, 0, 0, 3011330)
(3011262, 0, 0, 3011262)
(3011051, 0, 0, 3011051)
(3010326, 0, 0, 3010326)
(3010196, 0, 0, 3010196)
(3009799, 0, 0, 3009799)
(3009476, 0, 0, 3009476)
