(3613772, 0, 0, 3613772)
(3613569, 0, 0, 3613569)
(3613420, 0, 0, 3613420)
(3613103, 0, 0, 3613103)
(3612816, 0, 0, 3612816)
(3612573, 0, 0, 3612573)
(3612208, 0, 0, 3612208)
(3611533, 0, 0, 3611533)
(3611324, 0, 0, 3611324)
(3610994, 0, 0, 3610994)
(3610502, 0, 0, 3610502)
(3610281, 0, 0, 3610281)
(3609470, 0, 0, 3609470)
(3609369, 0, 0, 3609369)
(3609125, 0, 0, 3609125)
(3608875, 0, 0, 3608875)
(3608581, 0, 0, 3608581)
(3608381, 0, 0, 3608381)
(3607994, 0, 0, 3607994)
(3607271, 0, 0, 3607271)
(3606609, 0, 0, 3606609)
(3606360, 0, 0, 3606360)
(3605861, 0, 0, 3605861)
(3605539, 0, 0, 3605539)
(3604961, 0, 0, 3604961)
(3604469, 0, 0, 3604469)
(3604046, 0, 0, 3604046)
(3603422, 0, 0, 3603422)
(3602815, 0, 0, 3602815)
(3602609, 0, 0, 3602609)
(3602428, 0, 0, 3602428)
(3602095, 0, 0, 3602095)
(3601860, 0, 0, 3601860)
(3601640, 0, 0, 3601640)
(3601341, 0, 0, 3601341)
(3601340, 0, 0, 3601340)
(3601213, 0, 0, 3601213)
(3600895, 0, 0, 3600895)
(3600558, 0, 0, 3600558)
(3600343, 0, 0, 3600343)
(3599949, 0, 0, 3599949)
(3599658, 0, 0, 3599658)
(3599009, 0, 0, 3599009)
(3598324, 0, 0, 3598324)
(3598171, 0, 0, 3598171)
(3597524, 0, 0, 3597524)
(3597311, 0, 0, 3597311)
(3596609, 0, 0, 3596609)
(3596444, 0, 0, 3596444)
(3596160, 0, 0, 3596160)
(3595607, 0, 0, 3595607)
(3595329, 0, 0, 3595329)
(3595174, 0, 0, 3595174)
(3594559, 0, 0, 3594559)
(3593890, 0, 0, 3593890)
(3593670, 0, 0, 3593670)
(3592581, 0, 0, 3592581)
(3592406, 0, 0, 3592406)
(3592202, 0, 0, 3592202)
(3592033, 0, 0, 3592033)
(3591506, 0, 0, 3591506)
(3591238, 0, 0, 3591238)
(3591101, 0, 0, 3591101)
(3590498, 0, 0, 3590498)
(3590353, 0, 0, 3590353)
(3589581, 0, 0, 3589581)
(3589386, 0, 0, 3589386)
(3588736, 0, 0, 3588736)
(3588503, 0, 0, 3588503)
(3587576, 0, 0, 3587576)
(3587399, 0, 0, 3587399)
(3587333, 0, 0, 3587333)
(3586874, 0, 0, 3586874)
(3586564, 0, 0, 3586564)
(3586315, 0, 0, 3586315)
(3585492, 0, 0, 3585492)
(3584933, 0, 0, 3584933)
(3584667, 0, 0, 3584667)
(3584282, 0, 0, 3584282)
(3584096, 0, 0, 3584096)
(3583706, 0, 0, 3583706)
(3583444, 0, 0, 3583444)
(3582801, 0, 0, 3582801)
(3582501, 0, 0, 3582501)
(3582138, 0, 0, 3582138)
(3581705, 0, 0, 3581705)
(3581428, 0, 0, 3581428)
(3580893, 0, 0, 3580893)
(3580741, 0, 0, 3580741)
(3579932, 0, 0, 3579932)
(3579685, 0, 0, 3579685)
(3579563, 0, 0, 3579563)
(3578968, 0, 0, 3578968)
(3578742, 0, 0, 3578742)
(3578405, 0, 0, 3578405)
(3578153, 0, 0, 3578153)
(3577286, 0, 0, 3577286)
(3577088, 0, 0, 3577088)
(3576825, 0, 0, 3576825)
(3576601, 0, 0, 3576601)
(3576316, 0, 0, 3576316)
(3576098, 0, 0, 3576098)
(3575758, 0, 0, 3575758)
(3575576, 0, 0, 3575576)
(3574803, 0, 0, 3574803)
(3574653, 0, 0, 3574653)
(3574433, 0, 0, 3574433)
(3574071, 0, 0, 3574071)
(3574011, 0, 0, 3574011)
(3573822, 0, 0, 3573822)
(3573542, 0, 0, 3573542)
(3572870, 0, 0, 3572870)
(3572183, 0, 0, 3572183)
(3571324, 0, 0, 3571324)
(3570789, 0, 0, 3570789)
(3570580, 0, 0, 3570580)
(3570130, 0, 0, 3570130)
(3569870, 0, 0, 3569870)
(3568997, 0, 0, 3568997)
(3568784, 0, 0, 3568784)
(3568536, 0, 0, 3568536)
(3568470, 0, 0, 3568470)
(3568041, 0, 0, 3568041)
(3567508, 0, 0, 3567508)
(3567333, 0, 0, 3567333)
(3566907, 0, 0, 3566907)
(3566854, 0, 0, 3566854)
(3566447, 0, 0, 3566447)
(3566002, 0, 0, 3566002)
(3565879, 0, 0, 3565879)
(3565560, 0, 0, 3565560)
(3565358, 0, 0, 3565358)
(3564488, 0, 0, 3564488)
(3564259, 0, 0, 3564259)
(3563335, 0, 0, 3563335)
(3562962, 0, 0, 3562962)
(3562400, 0, 0, 3562400)
(3561774, 0, 0, 3561774)
(3561553, 0, 0, 3561553)
(3561319, 0, 0, 3561319)
(3560771, 0, 0, 3560771)
(3560684, 0, 0, 3560684)
(3560616, 0, 0, 3560616)
(3560128, 0, 0, 3560128)
(3559814, 0, 0, 3559814)
(3559515, 0, 0, 3559515)
(3559215, 0, 0, 3559215)
(3559094, 0, 0, 3559094)
(3558334, 0, 0, 3558334)
(3558149, 0, 0, 3558149)
(3557629, 0, 0, 3557629)
(3557565, 0, 0, 3557565)
(3557553, 0, 0, 3557553)
