(4764824, 0, 0, 4764824)
(4764752, 0, 0, 4764752)
(4764415, 0, 0, 4764415)
(4764357, 0, 0, 4764357)
(4763513, 0, 0, 4763513)
(4762853, 0, 0, 4762853)
(4762451, 0, 0, 4762451)
(4762276, 0, 0, 4762276)
(4762061, 0, 0, 4762061)
(4761855, 0, 0, 4761855)
(4761207, 0, 0, 4761207)
(4761075, 0, 0, 4761075)
(4761041, 0, 0, 4761041)
(4761009, 0, 0, 4761009)
(4760977, 0, 0, 4760977)
(4760671, 0, 0, 4760671)
(4760299, 0, 0, 4760299)
(4760278, 0, 0, 4760278)
(4760131, 0, 0, 4760131)
(4759951, 0, 0, 4759951)
(4759530, 0, 0, 4759530)
(4759391, 0, 0, 4759391)
(4758842, 0, 0, 4758842)
(4758633, 0, 0, 4758633)
(4758170, 0, 0, 4758170)
(4758125, 0, 0, 4758125)
(4757909, 0, 0, 4757909)
(4757338, 0, 0, 4757338)
(4757062, 0, 0, 4757062)
(4756877, 0, 0, 4756877)
(4756568, 0, 0, 4756568)
(4755923, 0, 0, 4755923)
(4755725, 0, 0, 4755725)
(4755723, 0, 0, 4755723)
(4755338, 0, 0, 4755338)
(4755306, 0, 0, 4755306)
(4754860, 0, 0, 4754860)
(4754268, 0, 0, 4754268)
(4754077, 0, 0, 4754077)
(4753819, 0, 0, 4753819)
(4753598, 0, 0, 4753598)
(4753231, 0, 0, 4753231)
(4753170, 0, 0, 4753170)
(4752866, 0, 0, 4752866)
(4752782, 0, 0, 4752782)
(4752717, 0, 0, 4752717)
(4752540, 0, 0, 4752540)
(4752265, 0, 0, 4752265)
(4751816, 0, 0, 4751816)
(4751813, 0, 0, 4751813)
(4751812, 0, 0, 4751812)
(4751811, 0, 0, 4751811)
(4751810, 0, 0, 4751810)
(4751809, 0, 0, 4751809)
(4751808, 0, 0, 4751808)
(4751807, 0, 0, 4751807)
(4751806, 0, 0, 4751806)
(4751805, 0, 0, 4751805)
(4751529, 0, 0, 4751529)
(4751328, 0, 0, 4751328)
(4751073, 0, 0, 4751073)
(4751072, 0, 0, 4751072)
(4750956, 0, 0, 4750956)
(4750941, 0, 0, 4750941)
(4750733, 0, 0, 4750733)
(4750619, 0, 0, 4750619)
(4750492, 0, 0, 4750492)
(4750320, 0, 0, 4750320)
(4750068, 0, 0, 4750068)
(4749456, 0, 0, 4749456)
(4749115, 0, 0, 4749115)
(4748701, 0, 0, 4748701)
(4748446, 0, 0, 4748446)
(4747750, 0, 0, 4747750)
(4747358, 0, 0, 4747358)
(4747009, 0, 0, 4747009)
(4746390, 0, 0, 4746390)
(4745937, 0, 0, 4745937)
(4745631, 0, 0, 4745631)
(4745127, 0, 0, 4745127)
(4744859, 0, 0, 4744859)
(4744832, 0, 0, 4744832)
(4744346, 0, 0, 4744346)
(4743999, 0, 0, 4743999)
(4743805, 0, 0, 4743805)
(4743750, 0, 0, 4743750)
(4743444, 0, 0, 4743444)
(4742933, 0, 0, 4742933)
(4742738, 0, 0, 4742738)
(4742521, 0, 0, 4742521)
(4742276, 0, 0, 4742276)
(4742112, 0, 0, 4742112)
(4741623, 0, 0, 4741623)
(4741188, 0, 0, 4741188)
(4740966, 0, 0, 4740966)
(4740682, 0, 0, 4740682)
(4740403, 0, 0, 4740403)
(4740242, 0, 0, 4740242)
(4740158, 0, 0, 4740158)
(4739780, 0, 0, 4739780)
(4739303, 0, 0, 4739303)
(4739109, 0, 0, 4739109)
(4739108, 0, 0, 4739108)
(4738910, 0, 0, 4738910)
(4738384, 0, 0, 4738384)
(4738069, 0, 0, 4738069)
(4737560, 0, 0, 4737560)
(4737516, 0, 0, 4737516)
(4736936, 0, 0, 4736936)
(4736277, 0, 0, 4736277)
(4735745, 0, 0, 4735745)
(4735549, 0, 0, 4735549)
(4735334, 0, 0, 4735334)
(4735020, 0, 0, 4735020)
(4734591, 0, 0, 4734591)
(4734523, 0, 0, 4734523)
(4734484, 0, 0, 4734484)
(4734047, 0, 0, 4734047)
(4733666, 0, 0, 4733666)
