(44180, 0, 0, 44180)
(44143, 0, 0, 44143)
(44092, 0, 0, 44092)
(44050, 0, 0, 44050)
(43989, 0, 0, 43989)
(43948, 0, 0, 43948)
(43923, 0, 0, 43923)
(43883, 0, 0, 43883)
(43871, 0, 0, 43871)
(43800, 0, 0, 43800)
(43777, 0, 0, 43777)
(43759, 0, 0, 43759)
(43758, 0, 0, 43758)
(43727, 0, 0, 43727)
(43681, 0, 0, 43681)
(43670, 0, 0, 43670)
(43651, 0, 0, 43651)
(43643, 0, 0, 43643)
(43618, 0, 0, 43618)
(43594, 0, 0, 43594)
(43593, 0, 0, 43593)
(43562, 0, 0, 43562)
(43560, 0, 0, 43560)
(43512, 0, 0, 43512)
(43488, 0, 0, 43488)
(43424, 0, 0, 43424)
(43372, 0, 0, 43372)
(43350, 0, 0, 43350)
(43322, 0, 0, 43322)
(43280, 0, 0, 43280)
(43243, 0, 0, 43243)
(43210, 0, 0, 43210)
(43154, 0, 0, 43154)
(43137, 0, 0, 43137)
(43115, 0, 0, 43115)
(43100, 0, 0, 43100)
(43067, 0, 0, 43067)
(43066, 0, 0, 43066)
(43042, 0, 0, 43042)
(42965, 0, 0, 42965)
(42944, 0, 0, 42944)
(42937, 0, 0, 42937)
(42903, 0, 0, 42903)
(42888, 0, 0, 42888)
(42879, 0, 0, 42879)
(42865, 0, 0, 42865)
(42817, 0, 0, 42817)
(42787, 0, 0, 42787)
(42731, 0, 0, 42731)
(42709, 0, 0, 42709)
(42708, 0, 0, 42708)
(42707, 0, 0, 42707)
(42672, 0, 0, 42672)
(42636, 0, 0, 42636)
(42623, 0, 0, 42623)
(42574, 0, 0, 42574)
(42511, 0, 0, 42511)
(42489, 0, 0, 42489)
(42475, 0, 0, 42475)
(42431, 0, 0, 42431)
(42426, 0, 0, 42426)
(42391, 0, 0, 42391)
(42382, 0, 0, 42382)
(42370, 0, 0, 42370)
(42337, 0, 0, 42337)
(42328, 0, 0, 42328)
(42294, 0, 0, 42294)
(42251, 0, 0, 42251)
(42250, 0, 0, 42250)
(42249, 0, 0, 42249)
(42248, 0, 0, 42248)
(42247, 0, 0, 42247)
(42220, 0, 0, 42220)
(42182, 0, 0, 42182)
(42131, 0, 0, 42131)
(42073, 0, 0, 42073)
(42072, 0, 0, 42072)
(42048, 0, 0, 42048)
(42047, 0, 0, 42047)
(42046, 0, 0, 42046)
(42039, 0, 0, 42039)
(41989, 0, 0, 41989)
(41974, 0, 0, 41974)
(41957, 0, 0, 41957)
(41938, 0, 0, 41938)
(41932, 0, 0, 41932)
(41909, 0, 0, 41909)
(41875, 0, 0, 41875)
(41872, 0, 0, 41872)
(41817, 0, 0, 41817)
(41784, 0, 0, 41784)
(41780, 0, 0, 41780)
(41725, 0, 0, 41725)
(41724, 0, 0, 41724)
(41699, 0, 0, 41699)
(41678, 0, 0, 41678)
(41668, 0, 0, 41668)
(41661, 0, 0, 41661)
(41658, 0, 0, 41658)
(41649, 0, 0, 41649)
(41648, 0, 0, 41648)
(41584, 0, 0, 41584)
(41534, 0, 0, 41534)
(41506, 0, 0, 41506)
(41485, 0, 0, 41485)
(41466, 0, 0, 41466)
(41437, 0, 0, 41437)
(41436, 0, 0, 41436)
(41401, 0, 0, 41401)
(41359, 0, 0, 41359)
(41309, 0, 0, 41309)
(41250, 0, 0, 41250)
(41248, 0, 0, 41248)
(41247, 0, 0, 41247)
(41246, 0, 0, 41246)
(41230, 0, 0, 41230)
(41186, 0, 0, 41186)
(41147, 0, 0, 41147)
(41109, 0, 0, 41109)
(41063, 0, 0, 41063)
(41013, 0, 0, 41013)
(41012, 0, 0, 41012)
(41011, 0, 0, 41011)
(41003, 0, 0, 41003)
(41002, 0, 0, 41002)
(41001, 0, 0, 41001)
(40970, 0, 0, 40970)
(40924, 0, 0, 40924)
(40906, 0, 0, 40906)
(40858, 0, 0, 40858)
(40838, 0, 0, 40838)
(40837, 0, 0, 40837)
(40801, 0, 0, 40801)
(40800, 0, 0, 40800)
(40760, 0, 0, 40760)
(40737, 0, 0, 40737)
(40726, 0, 0, 40726)
(40646, 0, 0, 40646)
(40577, 0, 0, 40577)
(40561, 0, 0, 40561)
(40541, 0, 0, 40541)
(40524, 0, 0, 40524)
(40504, 0, 0, 40504)
(40476, 0, 0, 40476)
(40398, 0, 0, 40398)
(40353, 0, 0, 40353)
(40345, 0, 0, 40345)
(40333, 0, 0, 40333)
(40323, 0, 0, 40323)
(40295, 0, 0, 40295)
