(37934, 0, 0, 37934)
(37921, 0, 0, 37921)
(37865, 0, 0, 37865)
(37788, 0, 0, 37788)
(37736, 0, 0, 37736)
(37678, 0, 0, 37678)
(37573, 0, 0, 37573)
(37527, 0, 0, 37527)
(37471, 0, 0, 37471)
(37471, 0, 0, 37471)
(37481, 0, 440, 37921)
(37354, 0, 440, 37794)
(37247, 0, 440, 37687)
(37201, 0, 440, 37641)
(37131, 0, 440, 37571)
(37066, 0, 440, 37506)
(37034, 0, 440, 37474)
(36999, 0, 440, 37439)
(36934, 0, 440, 37374)
(36892, 0, 440, 37332)
(37278, 0, 1180, 38458)
(37262, 0, 1180, 38442)
(37262, 0, 1180, 38442)
(37262, 0, 1180, 38442)
(37236, 0, 1180, 38416)
(37717, 0, 440, 38157)
