(55408, 0, 0, 55408)
(55360, 0, 0, 55360)
(55345, 0, 0, 55345)
(55317, 0, 0, 55317)
(55291, 0, 0, 55291)
(55265, 0, 0, 55265)
(55238, 0, 0, 55238)
(55230, 0, 0, 55230)
(55189, 0, 0, 55189)
(55174, 0, 0, 55174)
(55136, 0, 0, 55136)
(55135, 0, 0, 55135)
(55134, 0, 0, 55134)
(55078, 0, 0, 55078)
(55066, 0, 0, 55066)
(55053, 0, 0, 55053)
(55032, 0, 0, 55032)
(55007, 0, 0, 55007)
(54967, 0, 0, 54967)
(54951, 0, 0, 54951)
(54926, 0, 0, 54926)
(54925, 0, 0, 54925)
(54924, 0, 0, 54924)
(54875, 0, 0, 54875)
(54850, 0, 0, 54850)
(54829, 0, 0, 54829)
(54814, 0, 0, 54814)
(54765, 0, 0, 54765)
(54740, 0, 0, 54740)
(54710, 0, 0, 54710)
(54630, 0, 0, 54630)
(54589, 0, 0, 54589)
(54530, 0, 0, 54530)
(54528, 0, 0, 54528)
(54481, 0, 0, 54481)
(54472, 0, 0, 54472)
(54427, 0, 0, 54427)
(54398, 0, 0, 54398)
(54377, 0, 0, 54377)
(54316, 0, 0, 54316)
(54298, 0, 0, 54298)
(54249, 0, 0, 54249)
(54248, 0, 0, 54248)
(54227, 0, 0, 54227)
(54190, 0, 0, 54190)
(54189, 0, 0, 54189)
(54178, 0, 0, 54178)
(54147, 0, 0, 54147)
(54133, 0, 0, 54133)
(54129, 0, 0, 54129)
(54104, 0, 0, 54104)
(54102, 0, 0, 54102)
(54084, 0, 0, 54084)
(54054, 0, 0, 54054)
(54007, 0, 0, 54007)
(54006, 0, 0, 54006)
(53945, 0, 0, 53945)
(53935, 0, 0, 53935)
(53910, 0, 0, 53910)
(53909, 0, 0, 53909)
(53854, 0, 0, 53854)
(53829, 0, 0, 53829)
(53780, 0, 0, 53780)
(53744, 0, 0, 53744)
(53737, 0, 0, 53737)
(53715, 0, 0, 53715)
(53657, 0, 0, 53657)
(53618, 0, 0, 53618)
(53601, 0, 0, 53601)
(53518, 0, 0, 53518)
(53484, 0, 0, 53484)
(53483, 0, 0, 53483)
(53476, 0, 0, 53476)
(53451, 0, 0, 53451)
(53426, 0, 0, 53426)
(53417, 0, 0, 53417)
(53393, 0, 0, 53393)
(53380, 0, 0, 53380)
(53353, 0, 0, 53353)
(53304, 0, 0, 53304)
(53303, 0, 0, 53303)
(53302, 0, 0, 53302)
(53290, 0, 0, 53290)
(53245, 0, 0, 53245)
(53244, 0, 0, 53244)
(53243, 0, 0, 53243)
(53242, 0, 0, 53242)
(53241, 0, 0, 53241)
(53191, 0, 0, 53191)
(53158, 0, 0, 53158)
(53147, 0, 0, 53147)
(53139, 0, 0, 53139)
(53084, 0, 0, 53084)
(53046, 0, 0, 53046)
(53036, 0, 0, 53036)
(52996, 0, 0, 52996)
(52940, 0, 0, 52940)
(52933, 0, 0, 52933)
(52887, 0, 0, 52887)
(52803, 0, 0, 52803)
(52779, 0, 0, 52779)
(52761, 0, 0, 52761)
(52702, 0, 0, 52702)
(52701, 0, 0, 52701)
(52631, 0, 0, 52631)
(52630, 0, 0, 52630)
(52591, 0, 0, 52591)
(52541, 0, 0, 52541)
(52505, 0, 0, 52505)
(52491, 0, 0, 52491)
(52490, 0, 0, 52490)
(52486, 0, 0, 52486)
(52485, 0, 0, 52485)
(52461, 0, 0, 52461)
(52456, 0, 0, 52456)
(52402, 0, 0, 52402)
(52401, 0, 0, 52401)
(52400, 0, 0, 52400)
(52399, 0, 0, 52399)
(52356, 0, 0, 52356)
(52317, 0, 0, 52317)
(52287, 0, 0, 52287)
(52283, 0, 0, 52283)
(52266, 0, 0, 52266)
(52232, 0, 0, 52232)
(52198, 0, 0, 52198)
(52143, 0, 0, 52143)
(52134, 0, 0, 52134)
