(37954, 0, 0, 37954)
(37942, 0, 0, 37942)
(37942, 0, 0, 37942)
(37910, 0, 0, 37910)
(37847, 0, 0, 37847)
(37731, 0, 0, 37731)
(37721, 0, 0, 37721)
(37611, 0, 0, 37611)
(37583, 0, 0, 37583)
(37560, 0, 0, 37560)
(37750, 0, 531, 38281)
(37738, 0, 531, 38269)
(37633, 0, 531, 38164)
(37633, 0, 531, 38164)
(37571, 0, 531, 38102)
(37522, 0, 531, 38053)
(37522, 0, 531, 38053)
(37522, 0, 531, 38053)
(37447, 0, 531, 37978)
(37391, 0, 531, 37922)
(37733, 0, 827, 38560)
(37590, 0, 827, 38417)
(37589, 0, 827, 38416)
(37553, 0, 827, 38380)
(37531, 0, 827, 38358)
(37796, 0, 543, 38339)
