(47790, 0, 0, 47790)
(47746, 0, 0, 47746)
(47684, 0, 0, 47684)
(47662, 0, 0, 47662)
(47612, 0, 0, 47612)
(47564, 0, 0, 47564)
(47550, 0, 0, 47550)
(47535, 0, 0, 47535)
(47460, 0, 0, 47460)
(47399, 0, 0, 47399)
(47362, 0, 0, 47362)
(47332, 0, 0, 47332)
(47293, 0, 0, 47293)
(47237, 0, 0, 47237)
(47217, 0, 0, 47217)
(47183, 0, 0, 47183)
(47160, 0, 0, 47160)
(47111, 0, 0, 47111)
(47107, 0, 0, 47107)
(47062, 0, 0, 47062)
(47025, 0, 0, 47025)
(46990, 0, 0, 46990)
(46985, 0, 0, 46985)
(46962, 0, 0, 46962)
(46889, 0, 0, 46889)
(46871, 0, 0, 46871)
(46858, 0, 0, 46858)
(46819, 0, 0, 46819)
(46763, 0, 0, 46763)
(46728, 0, 0, 46728)
(46689, 0, 0, 46689)
(46646, 0, 0, 46646)
(46615, 0, 0, 46615)
(46610, 0, 0, 46610)
(46577, 0, 0, 46577)
(46552, 0, 0, 46552)
(46550, 0, 0, 46550)
(46499, 0, 0, 46499)
(46453, 0, 0, 46453)
(46434, 0, 0, 46434)
(46401, 0, 0, 46401)
(46398, 0, 0, 46398)
(46353, 0, 0, 46353)
(46337, 0, 0, 46337)
(46287, 0, 0, 46287)
(46269, 0, 0, 46269)
(46224, 0, 0, 46224)
(46202, 0, 0, 46202)
(46199, 0, 0, 46199)
(46134, 0, 0, 46134)
(46121, 0, 0, 46121)
(46046, 0, 0, 46046)
(46007, 0, 0, 46007)
(45992, 0, 0, 45992)
(45974, 0, 0, 45974)
(45938, 0, 0, 45938)
(45896, 0, 0, 45896)
(45878, 0, 0, 45878)
(45828, 0, 0, 45828)
(45813, 0, 0, 45813)
(45759, 0, 0, 45759)
(45724, 0, 0, 45724)
(45688, 0, 0, 45688)
(45645, 0, 0, 45645)
(45610, 0, 0, 45610)
(45579, 0, 0, 45579)
(45535, 0, 0, 45535)
(45509, 0, 0, 45509)
(45488, 0, 0, 45488)
(45433, 0, 0, 45433)
(45430, 0, 0, 45430)
(45411, 0, 0, 45411)
(45381, 0, 0, 45381)
(45374, 0, 0, 45374)
(45324, 0, 0, 45324)
(45248, 0, 0, 45248)
(45237, 0, 0, 45237)
(45180, 0, 0, 45180)
(45171, 0, 0, 45171)
(45106, 0, 0, 45106)
(45071, 0, 0, 45071)
(45027, 0, 0, 45027)
(44991, 0, 0, 44991)
(44947, 0, 0, 44947)
(44889, 0, 0, 44889)
(44874, 0, 0, 44874)
(44828, 0, 0, 44828)
(44787, 0, 0, 44787)
(44734, 0, 0, 44734)
(44704, 0, 0, 44704)
(44671, 0, 0, 44671)
(44614, 0, 0, 44614)
(44596, 0, 0, 44596)
(44585, 0, 0, 44585)
(44571, 0, 0, 44571)
(44553, 0, 0, 44553)
(44529, 0, 0, 44529)
(44456, 0, 0, 44456)
(44455, 0, 0, 44455)
(44392, 0, 0, 44392)
(44386, 0, 0, 44386)
(44354, 0, 0, 44354)
(44297, 0, 0, 44297)
(44288, 0, 0, 44288)
(44275, 0, 0, 44275)
(44251, 0, 0, 44251)
(44236, 0, 0, 44236)
(44206, 0, 0, 44206)
(44186, 0, 0, 44186)
(44152, 0, 0, 44152)
(44136, 0, 0, 44136)
(44096, 0, 0, 44096)
(44050, 0, 0, 44050)
(44004, 0, 0, 44004)
(43948, 0, 0, 43948)
(43895, 0, 0, 43895)
(43877, 0, 0, 43877)
(43838, 0, 0, 43838)
(43815, 0, 0, 43815)
(43772, 0, 0, 43772)
(43766, 0, 0, 43766)
(43735, 0, 0, 43735)
(43697, 0, 0, 43697)
(43692, 0, 0, 43692)
(43667, 0, 0, 43667)
(43607, 0, 0, 43607)
(43540, 0, 0, 43540)
(43534, 0, 0, 43534)
(43472, 0, 0, 43472)
(43434, 0, 0, 43434)
