(71678, 0, 0, 71678)
(71661, 0, 0, 71661)
(71640, 0, 0, 71640)
(71606, 0, 0, 71606)
(71561, 0, 0, 71561)
(71529, 0, 0, 71529)
(71515, 0, 0, 71515)
(71477, 0, 0, 71477)
(71439, 0, 0, 71439)
(71362, 0, 0, 71362)
(71361, 0, 0, 71361)
(71328, 0, 0, 71328)
(71303, 0, 0, 71303)
(71245, 0, 0, 71245)
(71219, 0, 0, 71219)
(71215, 0, 0, 71215)
(71187, 0, 0, 71187)
(71184, 0, 0, 71184)
(71183, 0, 0, 71183)
(71130, 0, 0, 71130)
(71125, 0, 0, 71125)
(71062, 0, 0, 71062)
(70995, 0, 0, 70995)
(70978, 0, 0, 70978)
(70961, 0, 0, 70961)
(70933, 0, 0, 70933)
(70927, 0, 0, 70927)
(70900, 0, 0, 70900)
(70848, 0, 0, 70848)
(70818, 0, 0, 70818)
(70782, 0, 0, 70782)
(70759, 0, 0, 70759)
(70748, 0, 0, 70748)
(70673, 0, 0, 70673)
(70663, 0, 0, 70663)
(70651, 0, 0, 70651)
(70611, 0, 0, 70611)
(70578, 0, 0, 70578)
(70520, 0, 0, 70520)
(70478, 0, 0, 70478)
(70449, 0, 0, 70449)
(70425, 0, 0, 70425)
(70371, 0, 0, 70371)
(70322, 0, 0, 70322)
(70310, 0, 0, 70310)
(70258, 0, 0, 70258)
(70253, 0, 0, 70253)
(70207, 0, 0, 70207)
(70165, 0, 0, 70165)
(70126, 0, 0, 70126)
(70115, 0, 0, 70115)
(70071, 0, 0, 70071)
(70039, 0, 0, 70039)
(69983, 0, 0, 69983)
(69922, 0, 0, 69922)
(69915, 0, 0, 69915)
(69873, 0, 0, 69873)
(69798, 0, 0, 69798)
(69767, 0, 0, 69767)
(69708, 0, 0, 69708)
(69678, 0, 0, 69678)
(69650, 0, 0, 69650)
(69607, 0, 0, 69607)
(69606, 0, 0, 69606)
(69526, 0, 0, 69526)
(69473, 0, 0, 69473)
(69444, 0, 0, 69444)
(69396, 0, 0, 69396)
(69312, 0, 0, 69312)
(69298, 0, 0, 69298)
(69229, 0, 0, 69229)
(69191, 0, 0, 69191)
(69169, 0, 0, 69169)
(69097, 0, 0, 69097)
(69069, 0, 0, 69069)
(69045, 0, 0, 69045)
(69032, 0, 0, 69032)
(68976, 0, 0, 68976)
(68948, 0, 0, 68948)
(68932, 0, 0, 68932)
(68892, 0, 0, 68892)
(68866, 0, 0, 68866)
(68831, 0, 0, 68831)
(68796, 0, 0, 68796)
(68773, 0, 0, 68773)
(68761, 0, 0, 68761)
(68703, 0, 0, 68703)
(68683, 0, 0, 68683)
(68600, 0, 0, 68600)
(68560, 0, 0, 68560)
(68534, 0, 0, 68534)
(68501, 0, 0, 68501)
(68465, 0, 0, 68465)
(68440, 0, 0, 68440)
(68419, 0, 0, 68419)
(68363, 0, 0, 68363)
(68326, 0, 0, 68326)
(68310, 0, 0, 68310)
(68276, 0, 0, 68276)
(68223, 0, 0, 68223)
(68207, 0, 0, 68207)
(68174, 0, 0, 68174)
(68169, 0, 0, 68169)
(68138, 0, 0, 68138)
(68118, 0, 0, 68118)
(68038, 0, 0, 68038)
(68014, 0, 0, 68014)
(67960, 0, 0, 67960)
