(35508, 0, 0, 35508)
(35492, 0, 0, 35492)
(35433, 0, 0, 35433)
(35402, 0, 0, 35402)
(35359, 0, 0, 35359)
(35300, 0, 0, 35300)
(35261, 0, 0, 35261)
(35251, 0, 0, 35251)
(35241, 0, 0, 35241)
(35238, 0, 0, 35238)
(35219, 0, 0, 35219)
(35150, 0, 0, 35150)
(35142, 0, 0, 35142)
(35121, 0, 0, 35121)
(35061, 0, 0, 35061)
(35030, 0, 0, 35030)
(35008, 0, 0, 35008)
(34959, 0, 0, 34959)
(34906, 0, 0, 34906)
(34892, 0, 0, 34892)
(34836, 0, 0, 34836)
(34821, 0, 0, 34821)
(34774, 0, 0, 34774)
(34752, 0, 0, 34752)
(34700, 0, 0, 34700)
(34646, 0, 0, 34646)
(34598, 0, 0, 34598)
(34584, 0, 0, 34584)
(34581, 0, 0, 34581)
(34544, 0, 0, 34544)
(34511, 0, 0, 34511)
(34478, 0, 0, 34478)
(34467, 0, 0, 34467)
(34402, 0, 0, 34402)
(34394, 0, 0, 34394)
(34362, 0, 0, 34362)
(34361, 0, 0, 34361)
(34336, 0, 0, 34336)
(34296, 0, 0, 34296)
(34287, 0, 0, 34287)
(34226, 0, 0, 34226)
(34225, 0, 0, 34225)
(34224, 0, 0, 34224)
(34223, 0, 0, 34223)
(34208, 0, 0, 34208)
(34171, 0, 0, 34171)
(34162, 0, 0, 34162)
(34125, 0, 0, 34125)
(34118, 0, 0, 34118)
(34086, 0, 0, 34086)
(34043, 0, 0, 34043)
(34040, 0, 0, 34040)
(33983, 0, 0, 33983)
(33946, 0, 0, 33946)
(33923, 0, 0, 33923)
(33922, 0, 0, 33922)
(33921, 0, 0, 33921)
(33916, 0, 0, 33916)
(33874, 0, 0, 33874)
(33863, 0, 0, 33863)
(33818, 0, 0, 33818)
(33745, 0, 0, 33745)
(33724, 0, 0, 33724)
(33695, 0, 0, 33695)
(33676, 0, 0, 33676)
(33665, 0, 0, 33665)
(33597, 0, 0, 33597)
(33531, 0, 0, 33531)
(33472, 0, 0, 33472)
(33442, 0, 0, 33442)
(33432, 0, 0, 33432)
(33383, 0, 0, 33383)
(33339, 0, 0, 33339)
(33313, 0, 0, 33313)
(33270, 0, 0, 33270)
(33224, 0, 0, 33224)
(33200, 0, 0, 33200)
(33188, 0, 0, 33188)
(33130, 0, 0, 33130)
(33115, 0, 0, 33115)
(33075, 0, 0, 33075)
(33033, 0, 0, 33033)
(33006, 0, 0, 33006)
(32987, 0, 0, 32987)
(32986, 0, 0, 32986)
(32985, 0, 0, 32985)
(32984, 0, 0, 32984)
(32935, 0, 0, 32935)
(32896, 0, 0, 32896)
(32865, 0, 0, 32865)
(32804, 0, 0, 32804)
(32789, 0, 0, 32789)
(32776, 0, 0, 32776)
(32720, 0, 0, 32720)
(32683, 0, 0, 32683)
(32662, 0, 0, 32662)
(32605, 0, 0, 32605)
(32553, 0, 0, 32553)
(32512, 0, 0, 32512)
(32447, 0, 0, 32447)
(32416, 0, 0, 32416)
(32348, 0, 0, 32348)
(32276, 0, 0, 32276)
(32255, 0, 0, 32255)
(32224, 0, 0, 32224)
(32171, 0, 0, 32171)
(32166, 0, 0, 32166)
(32154, 0, 0, 32154)
(32145, 0, 0, 32145)
(32065, 0, 0, 32065)
(32017, 0, 0, 32017)
(31948, 0, 0, 31948)
(31933, 0, 0, 31933)
(31919, 0, 0, 31919)
(31889, 0, 0, 31889)
(31836, 0, 0, 31836)
(31790, 0, 0, 31790)
(31766, 0, 0, 31766)
(31756, 0, 0, 31756)
(31705, 0, 0, 31705)
(31693, 0, 0, 31693)
(31668, 0, 0, 31668)
(31654, 0, 0, 31654)
(31653, 0, 0, 31653)
(31614, 0, 0, 31614)
(31571, 0, 0, 31571)
(31570, 0, 0, 31570)
(31513, 0, 0, 31513)
(31453, 0, 0, 31453)
(31437, 0, 0, 31437)
(31398, 0, 0, 31398)
(31321, 0, 0, 31321)
(31310, 0, 0, 31310)
(31273, 0, 0, 31273)
(31259, 0, 0, 31259)
(31258, 0, 0, 31258)
(31212, 0, 0, 31212)
(31211, 0, 0, 31211)
(31210, 0, 0, 31210)
(31181, 0, 0, 31181)
(31155, 0, 0, 31155)
(31154, 0, 0, 31154)
(31126, 0, 0, 31126)
(31096, 0, 0, 31096)
(31055, 0, 0, 31055)
(30996, 0, 0, 30996)
(30988, 0, 0, 30988)
(30941, 0, 0, 30941)
(30865, 0, 0, 30865)
(30824, 0, 0, 30824)
(30812, 0, 0, 30812)
(30792, 0, 0, 30792)
(30778, 0, 0, 30778)
(30777, 0, 0, 30777)
(30742, 0, 0, 30742)
(30669, 0, 0, 30669)
(30623, 0, 0, 30623)
(30575, 0, 0, 30575)
(30551, 0, 0, 30551)
(30539, 0, 0, 30539)
(30515, 0, 0, 30515)
(30501, 0, 0, 30501)
(30489, 0, 0, 30489)
(30440, 0, 0, 30440)
(30420, 0, 0, 30420)
(30413, 0, 0, 30413)
(30406, 0, 0, 30406)
(30403, 0, 0, 30403)
(30390, 0, 0, 30390)
(30342, 0, 0, 30342)
(30323, 0, 0, 30323)
(30322, 0, 0, 30322)
(30287, 0, 0, 30287)
(30256, 0, 0, 30256)
(30230, 0, 0, 30230)
(30197, 0, 0, 30197)
(30148, 0, 0, 30148)
(30138, 0, 0, 30138)
(30137, 0, 0, 30137)
(30092, 0, 0, 30092)
(30078, 0, 0, 30078)
(30049, 0, 0, 30049)
(30048, 0, 0, 30048)
(30027, 0, 0, 30027)
(30006, 0, 0, 30006)
(29942, 0, 0, 29942)
(29904, 0, 0, 29904)
(29864, 0, 0, 29864)
(29847, 0, 0, 29847)
(29804, 0, 0, 29804)
(29803, 0, 0, 29803)
(29796, 0, 0, 29796)
(29787, 0, 0, 29787)
(29766, 0, 0, 29766)
(29754, 0, 0, 29754)
(29742, 0, 0, 29742)
(29722, 0, 0, 29722)
(29719, 0, 0, 29719)
(29678, 0, 0, 29678)
(29643, 0, 0, 29643)
(29615, 0, 0, 29615)
(29584, 0, 0, 29584)
(29567, 0, 0, 29567)
(29557, 0, 0, 29557)
