(59593, 0, 0, 59593)
(59552, 0, 0, 59552)
(59525, 0, 0, 59525)
(59497, 0, 0, 59497)
(59431, 0, 0, 59431)
(59426, 0, 0, 59426)
(59425, 0, 0, 59425)
(59424, 0, 0, 59424)
(59365, 0, 0, 59365)
(59298, 0, 0, 59298)
(59238, 0, 0, 59238)
(59211, 0, 0, 59211)
(59164, 0, 0, 59164)
(59120, 0, 0, 59120)
(59079, 0, 0, 59079)
(58994, 0, 0, 58994)
(58956, 0, 0, 58956)
(58928, 0, 0, 58928)
(58912, 0, 0, 58912)
(58894, 0, 0, 58894)
(58880, 0, 0, 58880)
(58838, 0, 0, 58838)
(58809, 0, 0, 58809)
(58779, 0, 0, 58779)
(58722, 0, 0, 58722)
(58705, 0, 0, 58705)
(58660, 0, 0, 58660)
(58619, 0, 0, 58619)
(58584, 0, 0, 58584)
(58537, 0, 0, 58537)
(58502, 0, 0, 58502)
(58448, 0, 0, 58448)
(58410, 0, 0, 58410)
(58380, 0, 0, 58380)
(58367, 0, 0, 58367)
(58336, 0, 0, 58336)
(58321, 0, 0, 58321)
(58279, 0, 0, 58279)
(58268, 0, 0, 58268)
(58238, 0, 0, 58238)
(58184, 0, 0, 58184)
(58159, 0, 0, 58159)
(58138, 0, 0, 58138)
(58076, 0, 0, 58076)
(58019, 0, 0, 58019)
(57977, 0, 0, 57977)
(57942, 0, 0, 57942)
(57906, 0, 0, 57906)
(57845, 0, 0, 57845)
(57836, 0, 0, 57836)
(57827, 0, 0, 57827)
(57815, 0, 0, 57815)
(57801, 0, 0, 57801)
(57762, 0, 0, 57762)
(57730, 0, 0, 57730)
(57694, 0, 0, 57694)
(57659, 0, 0, 57659)
(57622, 0, 0, 57622)
(57607, 0, 0, 57607)
(57580, 0, 0, 57580)
(57536, 0, 0, 57536)
(57527, 0, 0, 57527)
(57503, 0, 0, 57503)
(57473, 0, 0, 57473)
(57461, 0, 0, 57461)
(57434, 0, 0, 57434)
(57424, 0, 0, 57424)
(57381, 0, 0, 57381)
(57367, 0, 0, 57367)
(57349, 0, 0, 57349)
(57344, 0, 0, 57344)
(57292, 0, 0, 57292)
(57287, 0, 0, 57287)
(57286, 0, 0, 57286)
(57271, 0, 0, 57271)
(57188, 0, 0, 57188)
(57120, 0, 0, 57120)
(57099, 0, 0, 57099)
(57040, 0, 0, 57040)
(57006, 0, 0, 57006)
(56958, 0, 0, 56958)
(56946, 0, 0, 56946)
(56940, 0, 0, 56940)
(56921, 0, 0, 56921)
(56889, 0, 0, 56889)
(56850, 0, 0, 56850)
(56794, 0, 0, 56794)
(56778, 0, 0, 56778)
(56767, 0, 0, 56767)
(56758, 0, 0, 56758)
(56756, 0, 0, 56756)
(56727, 0, 0, 56727)
(56725, 0, 0, 56725)
(56669, 0, 0, 56669)
(56635, 0, 0, 56635)
(56602, 0, 0, 56602)
(56577, 0, 0, 56577)
(56576, 0, 0, 56576)
(56505, 0, 0, 56505)
(56478, 0, 0, 56478)
(56457, 0, 0, 56457)
(56401, 0, 0, 56401)
(56366, 0, 0, 56366)
(56357, 0, 0, 56357)
(56310, 0, 0, 56310)
(56270, 0, 0, 56270)
(56261, 0, 0, 56261)
(56216, 0, 0, 56216)
(56187, 0, 0, 56187)
(56135, 0, 0, 56135)
(56134, 0, 0, 56134)
(56085, 0, 0, 56085)
(56074, 0, 0, 56074)
(56018, 0, 0, 56018)
(56011, 0, 0, 56011)
(55976, 0, 0, 55976)
(55917, 0, 0, 55917)
(55892, 0, 0, 55892)
(55882, 0, 0, 55882)
(55827, 0, 0, 55827)
(55803, 0, 0, 55803)
(55795, 0, 0, 55795)
(55782, 0, 0, 55782)
(55758, 0, 0, 55758)
(55740, 0, 0, 55740)
(55676, 0, 0, 55676)
(55649, 0, 0, 55649)
(55611, 0, 0, 55611)
(55578, 0, 0, 55578)
(55537, 0, 0, 55537)
