(85397, 0, 0, 85397)
(85361, 0, 0, 85361)
(85321, 0, 0, 85321)
(85316, 0, 0, 85316)
(85302, 0, 0, 85302)
(85280, 0, 0, 85280)
(85242, 0, 0, 85242)
(85223, 0, 0, 85223)
(85189, 0, 0, 85189)
(85174, 0, 0, 85174)
(85162, 0, 0, 85162)
(85155, 0, 0, 85155)
(85122, 0, 0, 85122)
(85093, 0, 0, 85093)
(85062, 0, 0, 85062)
(85040, 0, 0, 85040)
(84987, 0, 0, 84987)
(84964, 0, 0, 84964)
(84951, 0, 0, 84951)
(84923, 0, 0, 84923)
(84876, 0, 0, 84876)
(84865, 0, 0, 84865)
(84841, 0, 0, 84841)
(84800, 0, 0, 84800)
(84782, 0, 0, 84782)
(84770, 0, 0, 84770)
(84754, 0, 0, 84754)
(84740, 0, 0, 84740)
(84720, 0, 0, 84720)
(84710, 0, 0, 84710)
(84695, 0, 0, 84695)
(84686, 0, 0, 84686)
(84664, 0, 0, 84664)
(84647, 0, 0, 84647)
(84622, 0, 0, 84622)
(84621, 0, 0, 84621)
(84609, 0, 0, 84609)
(84599, 0, 0, 84599)
(84595, 0, 0, 84595)
(84579, 0, 0, 84579)
(84558, 0, 0, 84558)
(84555, 0, 0, 84555)
(84507, 0, 0, 84507)
(84462, 0, 0, 84462)
(84423, 0, 0, 84423)
(84401, 0, 0, 84401)
(84362, 0, 0, 84362)
(84347, 0, 0, 84347)
(84333, 0, 0, 84333)
(84303, 0, 0, 84303)
(84288, 0, 0, 84288)
(84285, 0, 0, 84285)
(84280, 0, 0, 84280)
(84239, 0, 0, 84239)
(84225, 0, 0, 84225)
(84224, 0, 0, 84224)
(84223, 0, 0, 84223)
(84194, 0, 0, 84194)
(84159, 0, 0, 84159)
(84131, 0, 0, 84131)
(84116, 0, 0, 84116)
(84078, 0, 0, 84078)
(84044, 0, 0, 84044)
(84033, 0, 0, 84033)
(84021, 0, 0, 84021)
(83983, 0, 0, 83983)
(83964, 0, 0, 83964)
(83934, 0, 0, 83934)
(83924, 0, 0, 83924)
(83904, 0, 0, 83904)
(83891, 0, 0, 83891)
(83850, 0, 0, 83850)
(83810, 0, 0, 83810)
(83790, 0, 0, 83790)
(83757, 0, 0, 83757)
(83699, 0, 0, 83699)
(83696, 0, 0, 83696)
(83666, 0, 0, 83666)
(83620, 0, 0, 83620)
(83611, 0, 0, 83611)
(83589, 0, 0, 83589)
(83549, 0, 0, 83549)
(83508, 0, 0, 83508)
(83486, 0, 0, 83486)
(83483, 0, 0, 83483)
(83472, 0, 0, 83472)
(83461, 0, 0, 83461)
(83440, 0, 0, 83440)
(83429, 0, 0, 83429)
(83401, 0, 0, 83401)
(83400, 0, 0, 83400)
(83372, 0, 0, 83372)
(83369, 0, 0, 83369)
(83366, 0, 0, 83366)
(83351, 0, 0, 83351)
(83350, 0, 0, 83350)
(83332, 0, 0, 83332)
(83311, 0, 0, 83311)
(83280, 0, 0, 83280)
(83259, 0, 0, 83259)
(83255, 0, 0, 83255)
(83221, 0, 0, 83221)
(83218, 0, 0, 83218)
(83193, 0, 0, 83193)
(83185, 0, 0, 83185)
(83154, 0, 0, 83154)
(83130, 0, 0, 83130)
(83098, 0, 0, 83098)
(83076, 0, 0, 83076)
(83037, 0, 0, 83037)
(82993, 0, 0, 82993)
(82987, 0, 0, 82987)
(82969, 0, 0, 82969)
(82928, 0, 0, 82928)
(82926, 0, 0, 82926)
(82906, 0, 0, 82906)
(82891, 0, 0, 82891)
(82843, 0, 0, 82843)
(82825, 0, 0, 82825)
(82820, 0, 0, 82820)
