(104554, 0, 0, 104554)
(104553, 0, 0, 104553)
(104523, 0, 0, 104523)
(104507, 0, 0, 104507)
(104502, 0, 0, 104502)
(104501, 0, 0, 104501)
(104487, 0, 0, 104487)
(104457, 0, 0, 104457)
(104418, 0, 0, 104418)
(104396, 0, 0, 104396)
(104362, 0, 0, 104362)
(104344, 0, 0, 104344)
(104336, 0, 0, 104336)
(104313, 0, 0, 104313)
(104303, 0, 0, 104303)
(104276, 0, 0, 104276)
(104259, 0, 0, 104259)
(104253, 0, 0, 104253)
(104237, 0, 0, 104237)
(104229, 0, 0, 104229)
(104182, 0, 0, 104182)
(104159, 0, 0, 104159)
(104119, 0, 0, 104119)
(104106, 0, 0, 104106)
(104097, 0, 0, 104097)
(104064, 0, 0, 104064)
(104032, 0, 0, 104032)
(103997, 0, 0, 103997)
(103981, 0, 0, 103981)
(103980, 0, 0, 103980)
(103964, 0, 0, 103964)
(103934, 0, 0, 103934)
(103905, 0, 0, 103905)
(103863, 0, 0, 103863)
(103856, 0, 0, 103856)
(103841, 0, 0, 103841)
(103802, 0, 0, 103802)
(103762, 0, 0, 103762)
(103733, 0, 0, 103733)
(103708, 0, 0, 103708)
(103683, 0, 0, 103683)
(103643, 0, 0, 103643)
(103630, 0, 0, 103630)
(103627, 0, 0, 103627)
(103593, 0, 0, 103593)
(103586, 0, 0, 103586)
(103544, 0, 0, 103544)
(103530, 0, 0, 103530)
(103502, 0, 0, 103502)
(103469, 0, 0, 103469)
(103454, 0, 0, 103454)
(103421, 0, 0, 103421)
(103380, 0, 0, 103380)
(103364, 0, 0, 103364)
(103355, 0, 0, 103355)
(103354, 0, 0, 103354)
(103316, 0, 0, 103316)
(103275, 0, 0, 103275)
(103260, 0, 0, 103260)
(103246, 0, 0, 103246)
(103220, 0, 0, 103220)
(103207, 0, 0, 103207)
(103179, 0, 0, 103179)
(103157, 0, 0, 103157)
(103123, 0, 0, 103123)
(103093, 0, 0, 103093)
(103071, 0, 0, 103071)
(103055, 0, 0, 103055)
(103016, 0, 0, 103016)
(102987, 0, 0, 102987)
(102975, 0, 0, 102975)
(102949, 0, 0, 102949)
(102910, 0, 0, 102910)
(102871, 0, 0, 102871)
(102865, 0, 0, 102865)
(102843, 0, 0, 102843)
(102819, 0, 0, 102819)
(102796, 0, 0, 102796)
(102763, 0, 0, 102763)
(102754, 0, 0, 102754)
(102751, 0, 0, 102751)
(102726, 0, 0, 102726)
(102692, 0, 0, 102692)
(102667, 0, 0, 102667)
(102651, 0, 0, 102651)
(102640, 0, 0, 102640)
(102622, 0, 0, 102622)
(102612, 0, 0, 102612)
(102608, 0, 0, 102608)
(102597, 0, 0, 102597)
(102592, 0, 0, 102592)
(102555, 0, 0, 102555)
(102554, 0, 0, 102554)
(102506, 0, 0, 102506)
(102478, 0, 0, 102478)
(102455, 0, 0, 102455)
(102435, 0, 0, 102435)
(102398, 0, 0, 102398)
(102382, 0, 0, 102382)
(102374, 0, 0, 102374)
(102316, 0, 0, 102316)
(102260, 0, 0, 102260)
(102229, 0, 0, 102229)
(102222, 0, 0, 102222)
(102211, 0, 0, 102211)
(102202, 0, 0, 102202)
(102158, 0, 0, 102158)
(102135, 0, 0, 102135)
(102117, 0, 0, 102117)
(102097, 0, 0, 102097)
