(86468, 0, 0, 86468)
(86458, 0, 0, 86458)
(86447, 0, 0, 86447)
(86420, 0, 0, 86420)
(86398, 0, 0, 86398)
(86360, 0, 0, 86360)
(86326, 0, 0, 86326)
(86321, 0, 0, 86321)
(86300, 0, 0, 86300)
(86257, 0, 0, 86257)
(86227, 0, 0, 86227)
(86173, 0, 0, 86173)
(86157, 0, 0, 86157)
(86143, 0, 0, 86143)
(86102, 0, 0, 86102)
(86092, 0, 0, 86092)
(86070, 0, 0, 86070)
(86064, 0, 0, 86064)
(86022, 0, 0, 86022)
(85986, 0, 0, 85986)
(85971, 0, 0, 85971)
(85925, 0, 0, 85925)
(85918, 0, 0, 85918)
(85917, 0, 0, 85917)
(85887, 0, 0, 85887)
(85852, 0, 0, 85852)
(85815, 0, 0, 85815)
(85786, 0, 0, 85786)
(85760, 0, 0, 85760)
(85742, 0, 0, 85742)
(85723, 0, 0, 85723)
(85701, 0, 0, 85701)
(85682, 0, 0, 85682)
(85643, 0, 0, 85643)
(85617, 0, 0, 85617)
(85608, 0, 0, 85608)
(85570, 0, 0, 85570)
(85567, 0, 0, 85567)
(85540, 0, 0, 85540)
(85526, 0, 0, 85526)
(85499, 0, 0, 85499)
(85467, 0, 0, 85467)
(85443, 0, 0, 85443)
(85390, 0, 0, 85390)
(85358, 0, 0, 85358)
(85339, 0, 0, 85339)
(85318, 0, 0, 85318)
(85312, 0, 0, 85312)
(85279, 0, 0, 85279)
(85274, 0, 0, 85274)
(85272, 0, 0, 85272)
(85263, 0, 0, 85263)
(85247, 0, 0, 85247)
(85231, 0, 0, 85231)
(85212, 0, 0, 85212)
(85206, 0, 0, 85206)
(85191, 0, 0, 85191)
(85152, 0, 0, 85152)
(85121, 0, 0, 85121)
(85114, 0, 0, 85114)
(85088, 0, 0, 85088)
(85077, 0, 0, 85077)
(85048, 0, 0, 85048)
(85026, 0, 0, 85026)
(85016, 0, 0, 85016)
(84948, 0, 0, 84948)
(84895, 0, 0, 84895)
(84854, 0, 0, 84854)
(84841, 0, 0, 84841)
(84804, 0, 0, 84804)
(84771, 0, 0, 84771)
(84749, 0, 0, 84749)
(84744, 0, 0, 84744)
(84711, 0, 0, 84711)
(84704, 0, 0, 84704)
(84682, 0, 0, 84682)
(84672, 0, 0, 84672)
(84666, 0, 0, 84666)
(84634, 0, 0, 84634)
(84616, 0, 0, 84616)
(84601, 0, 0, 84601)
(84581, 0, 0, 84581)
(84577, 0, 0, 84577)
(84535, 0, 0, 84535)
(84490, 0, 0, 84490)
(84483, 0, 0, 84483)
(84434, 0, 0, 84434)
(84417, 0, 0, 84417)
(84378, 0, 0, 84378)
(84335, 0, 0, 84335)
(84300, 0, 0, 84300)
(84276, 0, 0, 84276)
(84271, 0, 0, 84271)
(84244, 0, 0, 84244)
(84233, 0, 0, 84233)
(84216, 0, 0, 84216)
(84192, 0, 0, 84192)
(84168, 0, 0, 84168)
(84154, 0, 0, 84154)
(84136, 0, 0, 84136)
(84128, 0, 0, 84128)
(84080, 0, 0, 84080)
(84053, 0, 0, 84053)
(84015, 0, 0, 84015)
(84004, 0, 0, 84004)
(84003, 0, 0, 84003)
(83972, 0, 0, 83972)
(83936, 0, 0, 83936)
(83906, 0, 0, 83906)
(83881, 0, 0, 83881)
(83855, 0, 0, 83855)
(83844, 0, 0, 83844)
(83840, 0, 0, 83840)
(83839, 0, 0, 83839)
(83801, 0, 0, 83801)
(83765, 0, 0, 83765)
(83756, 0, 0, 83756)
(83720, 0, 0, 83720)
(83708, 0, 0, 83708)
(83700, 0, 0, 83700)
(83658, 0, 0, 83658)
(83621, 0, 0, 83621)
(83556, 0, 0, 83556)
