(105959, 0, 0, 105959)
(105949, 0, 0, 105949)
(105927, 0, 0, 105927)
(105861, 0, 0, 105861)
(105824, 0, 0, 105824)
(105797, 0, 0, 105797)
(105761, 0, 0, 105761)
(105756, 0, 0, 105756)
(105741, 0, 0, 105741)
(105706, 0, 0, 105706)
(105690, 0, 0, 105690)
(105669, 0, 0, 105669)
(105654, 0, 0, 105654)
(105652, 0, 0, 105652)
(105643, 0, 0, 105643)
(105614, 0, 0, 105614)
(105552, 0, 0, 105552)
(105503, 0, 0, 105503)
(105500, 0, 0, 105500)
(105471, 0, 0, 105471)
(105446, 0, 0, 105446)
(105410, 0, 0, 105410)
(105392, 0, 0, 105392)
(105378, 0, 0, 105378)
(105366, 0, 0, 105366)
(105339, 0, 0, 105339)
(105316, 0, 0, 105316)
(105272, 0, 0, 105272)
(105270, 0, 0, 105270)
(105253, 0, 0, 105253)
(105220, 0, 0, 105220)
(105196, 0, 0, 105196)
(105185, 0, 0, 105185)
(105145, 0, 0, 105145)
(105127, 0, 0, 105127)
(105118, 0, 0, 105118)
(105111, 0, 0, 105111)
(105089, 0, 0, 105089)
(105050, 0, 0, 105050)
(105010, 0, 0, 105010)
(104986, 0, 0, 104986)
(104952, 0, 0, 104952)
(104939, 0, 0, 104939)
(104899, 0, 0, 104899)
(104872, 0, 0, 104872)
(104833, 0, 0, 104833)
(104807, 0, 0, 104807)
(104763, 0, 0, 104763)
(104733, 0, 0, 104733)
(104702, 0, 0, 104702)
(104670, 0, 0, 104670)
(104649, 0, 0, 104649)
(104621, 0, 0, 104621)
(104594, 0, 0, 104594)
(104557, 0, 0, 104557)
(104540, 0, 0, 104540)
(104528, 0, 0, 104528)
(104509, 0, 0, 104509)
(104486, 0, 0, 104486)
(104456, 0, 0, 104456)
(104414, 0, 0, 104414)
(104395, 0, 0, 104395)
(104384, 0, 0, 104384)
(104326, 0, 0, 104326)
(104281, 0, 0, 104281)
(104253, 0, 0, 104253)
(104251, 0, 0, 104251)
(104236, 0, 0, 104236)
(104223, 0, 0, 104223)
(104216, 0, 0, 104216)
(104195, 0, 0, 104195)
(104181, 0, 0, 104181)
(104143, 0, 0, 104143)
(104136, 0, 0, 104136)
(104108, 0, 0, 104108)
(104086, 0, 0, 104086)
(104054, 0, 0, 104054)
(104033, 0, 0, 104033)
(104006, 0, 0, 104006)
(103998, 0, 0, 103998)
(103961, 0, 0, 103961)
(103926, 0, 0, 103926)
(103907, 0, 0, 103907)
(103903, 0, 0, 103903)
(103874, 0, 0, 103874)
(103867, 0, 0, 103867)
(103856, 0, 0, 103856)
(103831, 0, 0, 103831)
(103814, 0, 0, 103814)
(103783, 0, 0, 103783)
(103764, 0, 0, 103764)
(103717, 0, 0, 103717)
(103664, 0, 0, 103664)
(103645, 0, 0, 103645)
(103623, 0, 0, 103623)
