(53079, 0, 0, 53079)
(53062, 0, 0, 53062)
(53056, 0, 0, 53056)
(53048, 0, 0, 53048)
(53020, 0, 0, 53020)
(53012, 0, 0, 53012)
(52977, 0, 0, 52977)
(52960, 0, 0, 52960)
(52948, 0, 0, 52948)
(52937, 0, 0, 52937)
(52928, 0, 0, 52928)
(52903, 0, 0, 52903)
(52873, 0, 0, 52873)
(52869, 0, 0, 52869)
(52855, 0, 0, 52855)
(52830, 0, 0, 52830)
(52804, 0, 0, 52804)
(52787, 0, 0, 52787)
(52771, 0, 0, 52771)
(52731, 0, 0, 52731)
(52700, 0, 0, 52700)
(52694, 0, 0, 52694)
(52667, 0, 0, 52667)
(52661, 0, 0, 52661)
(52641, 0, 0, 52641)
(52606, 0, 0, 52606)
(52577, 0, 0, 52577)
(52573, 0, 0, 52573)
(52553, 0, 0, 52553)
(52519, 0, 0, 52519)
(52480, 0, 0, 52480)
(52448, 0, 0, 52448)
(52422, 0, 0, 52422)
(52402, 0, 0, 52402)
(52383, 0, 0, 52383)
(52362, 0, 0, 52362)
(52316, 0, 0, 52316)
(52272, 0, 0, 52272)
(52265, 0, 0, 52265)
(52227, 0, 0, 52227)
(52219, 0, 0, 52219)
(52196, 0, 0, 52196)
(52168, 0, 0, 52168)
(52165, 0, 0, 52165)
(52151, 0, 0, 52151)
(52141, 0, 0, 52141)
(52119, 0, 0, 52119)
(52092, 0, 0, 52092)
(52072, 0, 0, 52072)
(52048, 0, 0, 52048)
(52019, 0, 0, 52019)
(52013, 0, 0, 52013)
(51968, 0, 0, 51968)
(51926, 0, 0, 51926)
(51897, 0, 0, 51897)
(51892, 0, 0, 51892)
(51885, 0, 0, 51885)
(51855, 0, 0, 51855)
(51835, 0, 0, 51835)
(51809, 0, 0, 51809)
(51770, 0, 0, 51770)
(51759, 0, 0, 51759)
(51752, 0, 0, 51752)
(51709, 0, 0, 51709)
(51679, 0, 0, 51679)
(51622, 0, 0, 51622)
(51606, 0, 0, 51606)
(51574, 0, 0, 51574)
(51550, 0, 0, 51550)
(51536, 0, 0, 51536)
(51514, 0, 0, 51514)
(51490, 0, 0, 51490)
(51478, 0, 0, 51478)
(51475, 0, 0, 51475)
(51437, 0, 0, 51437)
(51411, 0, 0, 51411)
(51373, 0, 0, 51373)
(51343, 0, 0, 51343)
(51317, 0, 0, 51317)
(51313, 0, 0, 51313)
(51300, 0, 0, 51300)
(51235, 0, 0, 51235)
(51213, 0, 0, 51213)
(51152, 0, 0, 51152)
(51128, 0, 0, 51128)
(51113, 0, 0, 51113)
(51099, 0, 0, 51099)
(51067, 0, 0, 51067)
(51049, 0, 0, 51049)
(51033, 0, 0, 51033)
(50978, 0, 0, 50978)
(50946, 0, 0, 50946)
(50913, 0, 0, 50913)
(50892, 0, 0, 50892)
(50879, 0, 0, 50879)
(50853, 0, 0, 50853)
(50843, 0, 0, 50843)
(50815, 0, 0, 50815)
(50775, 0, 0, 50775)
(50752, 0, 0, 50752)
(50738, 0, 0, 50738)
(50719, 0, 0, 50719)
(50701, 0, 0, 50701)
(50664, 0, 0, 50664)
(50638, 0, 0, 50638)
(50627, 0, 0, 50627)
(50614, 0, 0, 50614)
(50579, 0, 0, 50579)
(50554, 0, 0, 50554)
(50552, 0, 0, 50552)
(50535, 0, 0, 50535)
(50508, 0, 0, 50508)
(50481, 0, 0, 50481)
(50457, 0, 0, 50457)
(50430, 0, 0, 50430)
(50429, 0, 0, 50429)
(50411, 0, 0, 50411)
(50405, 0, 0, 50405)
(50365, 0, 0, 50365)
(50353, 0, 0, 50353)
(50323, 0, 0, 50323)
(50320, 0, 0, 50320)
(50303, 0, 0, 50303)
(50295, 0, 0, 50295)
(50250, 0, 0, 50250)
(50207, 0, 0, 50207)
(50196, 0, 0, 50196)
(50192, 0, 0, 50192)
(50158, 0, 0, 50158)
(50145, 0, 0, 50145)
(50129, 0, 0, 50129)
(50091, 0, 0, 50091)
(50060, 0, 0, 50060)
(50039, 0, 0, 50039)
(50030, 0, 0, 50030)
(49997, 0, 0, 49997)
(49994, 0, 0, 49994)
(49959, 0, 0, 49959)
(49920, 0, 0, 49920)
(49914, 0, 0, 49914)
(49877, 0, 0, 49877)
(49842, 0, 0, 49842)
(49838, 0, 0, 49838)
(49825, 0, 0, 49825)
(49797, 0, 0, 49797)
(49760, 0, 0, 49760)
(49725, 0, 0, 49725)
(49701, 0, 0, 49701)
(49676, 0, 0, 49676)
(49660, 0, 0, 49660)
(49620, 0, 0, 49620)
(49601, 0, 0, 49601)
(49583, 0, 0, 49583)
(49544, 0, 0, 49544)
(49539, 0, 0, 49539)
(49508, 0, 0, 49508)
(49467, 0, 0, 49467)
(49458, 0, 0, 49458)
(49428, 0, 0, 49428)
(49409, 0, 0, 49409)
(49395, 0, 0, 49395)
(49388, 0, 0, 49388)
(49372, 0, 0, 49372)
(49337, 0, 0, 49337)
(49305, 0, 0, 49305)
(49295, 0, 0, 49295)
(49279, 0, 0, 49279)
(49247, 0, 0, 49247)
(49237, 0, 0, 49237)
(49201, 0, 0, 49201)
(49165, 0, 0, 49165)
(49162, 0, 0, 49162)
(49134, 0, 0, 49134)
(49130, 0, 0, 49130)
(49091, 0, 0, 49091)
(49082, 0, 0, 49082)
(49059, 0, 0, 49059)
(49034, 0, 0, 49034)
(48989, 0, 0, 48989)
(48960, 0, 0, 48960)
(48942, 0, 0, 48942)
(48913, 0, 0, 48913)
(48886, 0, 0, 48886)
(48858, 0, 0, 48858)
(48832, 0, 0, 48832)
(48808, 0, 0, 48808)
(48774, 0, 0, 48774)
(48763, 0, 0, 48763)
(48736, 0, 0, 48736)
(48696, 0, 0, 48696)
(48674, 0, 0, 48674)
(48643, 0, 0, 48643)
(48633, 0, 0, 48633)
(48616, 0, 0, 48616)
(48588, 0, 0, 48588)
(48577, 0, 0, 48577)
(48568, 0, 0, 48568)
