(81865, 0, 0, 81865)
(81845, 0, 0, 81845)
(81815, 0, 0, 81815)
(81803, 0, 0, 81803)
(81785, 0, 0, 81785)
(81775, 0, 0, 81775)
(81754, 0, 0, 81754)
(81735, 0, 0, 81735)
(81721, 0, 0, 81721)
(81702, 0, 0, 81702)
(81695, 0, 0, 81695)
(81681, 0, 0, 81681)
(81655, 0, 0, 81655)
(81653, 0, 0, 81653)
(81637, 0, 0, 81637)
(81619, 0, 0, 81619)
(81592, 0, 0, 81592)
(81573, 0, 0, 81573)
(81547, 0, 0, 81547)
(81533, 0, 0, 81533)
(81510, 0, 0, 81510)
(81498, 0, 0, 81498)
(81476, 0, 0, 81476)
(81470, 0, 0, 81470)
(81466, 0, 0, 81466)
(81464, 0, 0, 81464)
(81460, 0, 0, 81460)
(81443, 0, 0, 81443)
(81413, 0, 0, 81413)
(81404, 0, 0, 81404)
(81386, 0, 0, 81386)
(81371, 0, 0, 81371)
(81361, 0, 0, 81361)
(81335, 0, 0, 81335)
(81308, 0, 0, 81308)
(81294, 0, 0, 81294)
(81273, 0, 0, 81273)
(81266, 0, 0, 81266)
(81245, 0, 0, 81245)
(81241, 0, 0, 81241)
(81216, 0, 0, 81216)
(81181, 0, 0, 81181)
(81157, 0, 0, 81157)
(81138, 0, 0, 81138)
(81117, 0, 0, 81117)
(81096, 0, 0, 81096)
(81076, 0, 0, 81076)
(81070, 0, 0, 81070)
(81042, 0, 0, 81042)
(81026, 0, 0, 81026)
(80991, 0, 0, 80991)
(80969, 0, 0, 80969)
(80930, 0, 0, 80930)
(80919, 0, 0, 80919)
(80904, 0, 0, 80904)
(80899, 0, 0, 80899)
(80888, 0, 0, 80888)
(80887, 0, 0, 80887)
(80854, 0, 0, 80854)
(80837, 0, 0, 80837)
(80819, 0, 0, 80819)
(80778, 0, 0, 80778)
(80774, 0, 0, 80774)
(80735, 0, 0, 80735)
(80723, 0, 0, 80723)
(80702, 0, 0, 80702)
(80676, 0, 0, 80676)
(80652, 0, 0, 80652)
(80624, 0, 0, 80624)
(80610, 0, 0, 80610)
(80584, 0, 0, 80584)
(80573, 0, 0, 80573)
(80548, 0, 0, 80548)
(80546, 0, 0, 80546)
(80517, 0, 0, 80517)
(80511, 0, 0, 80511)
(80499, 0, 0, 80499)
(80467, 0, 0, 80467)
(80446, 0, 0, 80446)
(80435, 0, 0, 80435)
(80422, 0, 0, 80422)
(80395, 0, 0, 80395)
(80378, 0, 0, 80378)
(80356, 0, 0, 80356)
(80316, 0, 0, 80316)
(80301, 0, 0, 80301)
(80296, 0, 0, 80296)
(80292, 0, 0, 80292)
(80270, 0, 0, 80270)
(80264, 0, 0, 80264)
(80251, 0, 0, 80251)
(80239, 0, 0, 80239)
(80237, 0, 0, 80237)
(80218, 0, 0, 80218)
(80206, 0, 0, 80206)
(80179, 0, 0, 80179)
(80176, 0, 0, 80176)
(80152, 0, 0, 80152)
(80135, 0, 0, 80135)
(80113, 0, 0, 80113)
(80111, 0, 0, 80111)
(80087, 0, 0, 80087)
(80078, 0, 0, 80078)
(80049, 0, 0, 80049)
(80031, 0, 0, 80031)
(80019, 0, 0, 80019)
(80009, 0, 0, 80009)
(79986, 0, 0, 79986)
(79962, 0, 0, 79962)
(79953, 0, 0, 79953)
(79934, 0, 0, 79934)
(79909, 0, 0, 79909)
(79899, 0, 0, 79899)
(79859, 0, 0, 79859)
(79839, 0, 0, 79839)
(79826, 0, 0, 79826)
(79811, 0, 0, 79811)
(79802, 0, 0, 79802)
(79768, 0, 0, 79768)
(79749, 0, 0, 79749)
(79725, 0, 0, 79725)
(79683, 0, 0, 79683)
(79672, 0, 0, 79672)
(79656, 0, 0, 79656)
(79649, 0, 0, 79649)
(79635, 0, 0, 79635)
(79607, 0, 0, 79607)
(79599, 0, 0, 79599)
(79581, 0, 0, 79581)
(79554, 0, 0, 79554)
(79521, 0, 0, 79521)
