(128244, 0, 0, 128244)
(128238, 0, 0, 128238)
(128213, 0, 0, 128213)
(128207, 0, 0, 128207)
(128184, 0, 0, 128184)
(128182, 0, 0, 128182)
(128180, 0, 0, 128180)
(128141, 0, 0, 128141)
(128131, 0, 0, 128131)
(128125, 0, 0, 128125)
(128115, 0, 0, 128115)
(128103, 0, 0, 128103)
(128090, 0, 0, 128090)
(128073, 0, 0, 128073)
(128063, 0, 0, 128063)
(128043, 0, 0, 128043)
(128014, 0, 0, 128014)
(127994, 0, 0, 127994)
(127985, 0, 0, 127985)
(127960, 0, 0, 127960)
(127912, 0, 0, 127912)
(127905, 0, 0, 127905)
(127893, 0, 0, 127893)
(127855, 0, 0, 127855)
(127842, 0, 0, 127842)
(127822, 0, 0, 127822)
(127812, 0, 0, 127812)
(127771, 0, 0, 127771)
(127744, 0, 0, 127744)
(127704, 0, 0, 127704)
(127677, 0, 0, 127677)
(127655, 0, 0, 127655)
(127634, 0, 0, 127634)
(127587, 0, 0, 127587)
(127566, 0, 0, 127566)
(127557, 0, 0, 127557)
(127526, 0, 0, 127526)
(127503, 0, 0, 127503)
(127470, 0, 0, 127470)
(127435, 0, 0, 127435)
(127409, 0, 0, 127409)
(127391, 0, 0, 127391)
(127378, 0, 0, 127378)
(127349, 0, 0, 127349)
(127317, 0, 0, 127317)
(127297, 0, 0, 127297)
(127276, 0, 0, 127276)
(127250, 0, 0, 127250)
(127237, 0, 0, 127237)
(127208, 0, 0, 127208)
(127181, 0, 0, 127181)
(127176, 0, 0, 127176)
(127174, 0, 0, 127174)
(127152, 0, 0, 127152)
(127130, 0, 0, 127130)
(127105, 0, 0, 127105)
(127084, 0, 0, 127084)
(127049, 0, 0, 127049)
(127039, 0, 0, 127039)
(127010, 0, 0, 127010)
(126993, 0, 0, 126993)
(126955, 0, 0, 126955)
(126940, 0, 0, 126940)
(126927, 0, 0, 126927)
(126925, 0, 0, 126925)
(126921, 0, 0, 126921)
(126876, 0, 0, 126876)
(126871, 0, 0, 126871)
(126858, 0, 0, 126858)
(126843, 0, 0, 126843)
(126816, 0, 0, 126816)
(126790, 0, 0, 126790)
(126764, 0, 0, 126764)
(126728, 0, 0, 126728)
(126724, 0, 0, 126724)
(126694, 0, 0, 126694)
(126654, 0, 0, 126654)
(126608, 0, 0, 126608)
(126599, 0, 0, 126599)
(126578, 0, 0, 126578)
(126562, 0, 0, 126562)
(126547, 0, 0, 126547)
(126511, 0, 0, 126511)
(126510, 0, 0, 126510)
(126469, 0, 0, 126469)
(126456, 0, 0, 126456)
(126452, 0, 0, 126452)
(126442, 0, 0, 126442)
(126410, 0, 0, 126410)
(126406, 0, 0, 126406)
(126389, 0, 0, 126389)
(126381, 0, 0, 126381)
(126364, 0, 0, 126364)
(126342, 0, 0, 126342)
(126329, 0, 0, 126329)
(126312, 0, 0, 126312)
(126284, 0, 0, 126284)
(126276, 0, 0, 126276)
(126262, 0, 0, 126262)
(126250, 0, 0, 126250)
(126234, 0, 0, 126234)
(126218, 0, 0, 126218)
(126203, 0, 0, 126203)
(126181, 0, 0, 126181)
(126174, 0, 0, 126174)
(126166, 0, 0, 126166)
(126160, 0, 0, 126160)
