(63324, 0, 0, 63324)
(63302, 0, 0, 63302)
(63276, 0, 0, 63276)
(63264, 0, 0, 63264)
(63237, 0, 0, 63237)
(63212, 0, 0, 63212)
(63199, 0, 0, 63199)
(63196, 0, 0, 63196)
(63164, 0, 0, 63164)
(63151, 0, 0, 63151)
(63132, 0, 0, 63132)
(63119, 0, 0, 63119)
(63094, 0, 0, 63094)
(63090, 0, 0, 63090)
(63082, 0, 0, 63082)
(63051, 0, 0, 63051)
(63026, 0, 0, 63026)
(63018, 0, 0, 63018)
(62979, 0, 0, 62979)
(62938, 0, 0, 62938)
(62934, 0, 0, 62934)
(62903, 0, 0, 62903)
(62873, 0, 0, 62873)
(62855, 0, 0, 62855)
(62846, 0, 0, 62846)
(62836, 0, 0, 62836)
(62819, 0, 0, 62819)
(62813, 0, 0, 62813)
(62792, 0, 0, 62792)
(62780, 0, 0, 62780)
(62760, 0, 0, 62760)
(62744, 0, 0, 62744)
(62719, 0, 0, 62719)
(62695, 0, 0, 62695)
(62681, 0, 0, 62681)
(62667, 0, 0, 62667)
(62645, 0, 0, 62645)
(62638, 0, 0, 62638)
(62616, 0, 0, 62616)
(62591, 0, 0, 62591)
(62579, 0, 0, 62579)
(62543, 0, 0, 62543)
(62512, 0, 0, 62512)
(62492, 0, 0, 62492)
(62466, 0, 0, 62466)
(62444, 0, 0, 62444)
(62407, 0, 0, 62407)
(62398, 0, 0, 62398)
(62382, 0, 0, 62382)
(62364, 0, 0, 62364)
(62357, 0, 0, 62357)
(62355, 0, 0, 62355)
(62337, 0, 0, 62337)
(62310, 0, 0, 62310)
(62285, 0, 0, 62285)
(62267, 0, 0, 62267)
(62253, 0, 0, 62253)
(62228, 0, 0, 62228)
(62218, 0, 0, 62218)
(62202, 0, 0, 62202)
(62178, 0, 0, 62178)
(62167, 0, 0, 62167)
(62157, 0, 0, 62157)
(62138, 0, 0, 62138)
(62123, 0, 0, 62123)
(62111, 0, 0, 62111)
(62076, 0, 0, 62076)
(62059, 0, 0, 62059)
(62042, 0, 0, 62042)
(62017, 0, 0, 62017)
(62009, 0, 0, 62009)
(61982, 0, 0, 61982)
(61955, 0, 0, 61955)
(61932, 0, 0, 61932)
(61913, 0, 0, 61913)
(61900, 0, 0, 61900)
(61893, 0, 0, 61893)
(61890, 0, 0, 61890)
(61879, 0, 0, 61879)
(61859, 0, 0, 61859)
(61846, 0, 0, 61846)
(61816, 0, 0, 61816)
(61786, 0, 0, 61786)
(61752, 0, 0, 61752)
(61727, 0, 0, 61727)
(61710, 0, 0, 61710)
(61693, 0, 0, 61693)
(61671, 0, 0, 61671)
(61610, 0, 0, 61610)
(61594, 0, 0, 61594)
(61577, 0, 0, 61577)
(61566, 0, 0, 61566)
(61553, 0, 0, 61553)
(61538, 0, 0, 61538)
(61524, 0, 0, 61524)
(61494, 0, 0, 61494)
(61478, 0, 0, 61478)
(61468, 0, 0, 61468)
(61455, 0, 0, 61455)
(61426, 0, 0, 61426)
(61412, 0, 0, 61412)
(61393, 0, 0, 61393)
(61369, 0, 0, 61369)
(61326, 0, 0, 61326)
(61312, 0, 0, 61312)
(61290, 0, 0, 61290)
(61275, 0, 0, 61275)
(61241, 0, 0, 61241)
(61216, 0, 0, 61216)
(61185, 0, 0, 61185)
(61172, 0, 0, 61172)
(61169, 0, 0, 61169)
(61137, 0, 0, 61137)
(61134, 0, 0, 61134)
(61116, 0, 0, 61116)
(61094, 0, 0, 61094)
(61074, 0, 0, 61074)
(61059, 0, 0, 61059)
(61031, 0, 0, 61031)
(61018, 0, 0, 61018)
(61011, 0, 0, 61011)
(60990, 0, 0, 60990)
(60983, 0, 0, 60983)
(60960, 0, 0, 60960)
(60914, 0, 0, 60914)
(60897, 0, 0, 60897)
(60880, 0, 0, 60880)
(60861, 0, 0, 60861)
(60843, 0, 0, 60843)
(60835, 0, 0, 60835)
(60821, 0, 0, 60821)
(60786, 0, 0, 60786)
(60760, 0, 0, 60760)
(60742, 0, 0, 60742)
(60727, 0, 0, 60727)
(60701, 0, 0, 60701)
(60683, 0, 0, 60683)
(60678, 0, 0, 60678)
(60662, 0, 0, 60662)
(60653, 0, 0, 60653)
(60638, 0, 0, 60638)
(60606, 0, 0, 60606)
(60588, 0, 0, 60588)
(60563, 0, 0, 60563)
(60548, 0, 0, 60548)
(60523, 0, 0, 60523)
(60494, 0, 0, 60494)
(60478, 0, 0, 60478)
(60463, 0, 0, 60463)
(60442, 0, 0, 60442)
(60419, 0, 0, 60419)
(60411, 0, 0, 60411)
(60395, 0, 0, 60395)
(60388, 0, 0, 60388)
(60367, 0, 0, 60367)
(60341, 0, 0, 60341)
(60315, 0, 0, 60315)
(60302, 0, 0, 60302)
(60278, 0, 0, 60278)
(60254, 0, 0, 60254)
(60238, 0, 0, 60238)
(60224, 0, 0, 60224)
(60199, 0, 0, 60199)
(60170, 0, 0, 60170)
(60153, 0, 0, 60153)
(60123, 0, 0, 60123)
(60113, 0, 0, 60113)
(60078, 0, 0, 60078)
(60048, 0, 0, 60048)
(60020, 0, 0, 60020)
(60001, 0, 0, 60001)
(59971, 0, 0, 59971)
(59948, 0, 0, 59948)
(59935, 0, 0, 59935)
(59925, 0, 0, 59925)
(59912, 0, 0, 59912)
(59911, 0, 0, 59911)
(59901, 0, 0, 59901)
(59897, 0, 0, 59897)
(59861, 0, 0, 59861)
(59853, 0, 0, 59853)
(59833, 0, 0, 59833)
(59806, 0, 0, 59806)
(59794, 0, 0, 59794)
(59783, 0, 0, 59783)
(59780, 0, 0, 59780)
(59750, 0, 0, 59750)
(59735, 0, 0, 59735)
(59719, 0, 0, 59719)
(59680, 0, 0, 59680)
(59651, 0, 0, 59651)
(59628, 0, 0, 59628)
(59601, 0, 0, 59601)
(59593, 0, 0, 59593)
(59591, 0, 0, 59591)
(59572, 0, 0, 59572)
(59565, 0, 0, 59565)
(59561, 0, 0, 59561)
(59537, 0, 0, 59537)
(59517, 0, 0, 59517)
