(77396, 0, 0, 77396)
(77357, 0, 0, 77357)
(77346, 0, 0, 77346)
(77333, 0, 0, 77333)
(77317, 0, 0, 77317)
(77311, 0, 0, 77311)
(77302, 0, 0, 77302)
(77288, 0, 0, 77288)
(77287, 0, 0, 77287)
(77274, 0, 0, 77274)
(77270, 0, 0, 77270)
(77247, 0, 0, 77247)
(77240, 0, 0, 77240)
(77238, 0, 0, 77238)
(77205, 0, 0, 77205)
(77177, 0, 0, 77177)
(77149, 0, 0, 77149)
(77148, 0, 0, 77148)
(77110, 0, 0, 77110)
(77105, 0, 0, 77105)
(77104, 0, 0, 77104)
(77103, 0, 0, 77103)
(77090, 0, 0, 77090)
(77077, 0, 0, 77077)
(77051, 0, 0, 77051)
(77035, 0, 0, 77035)
(77026, 0, 0, 77026)
(77018, 0, 0, 77018)
(76983, 0, 0, 76983)
(76957, 0, 0, 76957)
(76948, 0, 0, 76948)
(76947, 0, 0, 76947)
(76908, 0, 0, 76908)
(76898, 0, 0, 76898)
(76869, 0, 0, 76869)
(76856, 0, 0, 76856)
(76847, 0, 0, 76847)
(76822, 0, 0, 76822)
(76802, 0, 0, 76802)
(76800, 0, 0, 76800)
(76787, 0, 0, 76787)
(76773, 0, 0, 76773)
(76772, 0, 0, 76772)
(76769, 0, 0, 76769)
(76749, 0, 0, 76749)
(76744, 0, 0, 76744)
(76738, 0, 0, 76738)
(76704, 0, 0, 76704)
(76679, 0, 0, 76679)
(76658, 0, 0, 76658)
(76635, 0, 0, 76635)
(76626, 0, 0, 76626)
(76612, 0, 0, 76612)
(76605, 0, 0, 76605)
(76604, 0, 0, 76604)
(76574, 0, 0, 76574)
(76572, 0, 0, 76572)
(76567, 0, 0, 76567)
(76565, 0, 0, 76565)
(76562, 0, 0, 76562)
(76534, 0, 0, 76534)
(76511, 0, 0, 76511)
(76509, 0, 0, 76509)
(76484, 0, 0, 76484)
(76458, 0, 0, 76458)
(76424, 0, 0, 76424)
(76407, 0, 0, 76407)
(76397, 0, 0, 76397)
(76382, 0, 0, 76382)
(76379, 0, 0, 76379)
(76357, 0, 0, 76357)
(76334, 0, 0, 76334)
(76319, 0, 0, 76319)
(76296, 0, 0, 76296)
(76277, 0, 0, 76277)
(76267, 0, 0, 76267)
(76243, 0, 0, 76243)
(76231, 0, 0, 76231)
(76212, 0, 0, 76212)
(76207, 0, 0, 76207)
(76197, 0, 0, 76197)
(76192, 0, 0, 76192)
(76168, 0, 0, 76168)
(76149, 0, 0, 76149)
(76132, 0, 0, 76132)
(76131, 0, 0, 76131)
(76116, 0, 0, 76116)
(76102, 0, 0, 76102)
(76074, 0, 0, 76074)
(76042, 0, 0, 76042)
(76030, 0, 0, 76030)
(76007, 0, 0, 76007)
(75981, 0, 0, 75981)
(75966, 0, 0, 75966)
(75958, 0, 0, 75958)
(75950, 0, 0, 75950)
(75930, 0, 0, 75930)
(75917, 0, 0, 75917)
(75890, 0, 0, 75890)
(75872, 0, 0, 75872)
(75856, 0, 0, 75856)
(75836, 0, 0, 75836)
(75829, 0, 0, 75829)
(75801, 0, 0, 75801)
(75800, 0, 0, 75800)
(75784, 0, 0, 75784)
(75751, 0, 0, 75751)
(75723, 0, 0, 75723)
(75716, 0, 0, 75716)
(75709, 0, 0, 75709)
(75708, 0, 0, 75708)
(75683, 0, 0, 75683)
(75651, 0, 0, 75651)
(75644, 0, 0, 75644)
(75621, 0, 0, 75621)
(75613, 0, 0, 75613)
(75592, 0, 0, 75592)
(75577, 0, 0, 75577)
(75535, 0, 0, 75535)
(75506, 0, 0, 75506)
(75495, 0, 0, 75495)
(75484, 0, 0, 75484)
(75471, 0, 0, 75471)
(75446, 0, 0, 75446)
(75405, 0, 0, 75405)
(75400, 0, 0, 75400)
(75399, 0, 0, 75399)
(75398, 0, 0, 75398)
(75387, 0, 0, 75387)
(75386, 0, 0, 75386)
(75385, 0, 0, 75385)
(75363, 0, 0, 75363)
(75360, 0, 0, 75360)
(75346, 0, 0, 75346)
(75344, 0, 0, 75344)
(75329, 0, 0, 75329)
(75310, 0, 0, 75310)
(75287, 0, 0, 75287)
(75267, 0, 0, 75267)
(75250, 0, 0, 75250)
(75229, 0, 0, 75229)
