(107286, 0, 0, 107286)
(107256, 0, 0, 107256)
(107231, 0, 0, 107231)
(107225, 0, 0, 107225)
(107196, 0, 0, 107196)
(107162, 0, 0, 107162)
(107147, 0, 0, 107147)
(107123, 0, 0, 107123)
(107103, 0, 0, 107103)
(107080, 0, 0, 107080)
(107078, 0, 0, 107078)
(107061, 0, 0, 107061)
(107028, 0, 0, 107028)
(107009, 0, 0, 107009)
(106993, 0, 0, 106993)
(106991, 0, 0, 106991)
(106984, 0, 0, 106984)
(106964, 0, 0, 106964)
(106944, 0, 0, 106944)
(106935, 0, 0, 106935)
(106901, 0, 0, 106901)
(106887, 0, 0, 106887)
(106866, 0, 0, 106866)
(106858, 0, 0, 106858)
(106824, 0, 0, 106824)
(106808, 0, 0, 106808)
(106771, 0, 0, 106771)
(106748, 0, 0, 106748)
(106741, 0, 0, 106741)
(106729, 0, 0, 106729)
(106725, 0, 0, 106725)
(106711, 0, 0, 106711)
(106689, 0, 0, 106689)
(106659, 0, 0, 106659)
(106657, 0, 0, 106657)
(106648, 0, 0, 106648)
(106644, 0, 0, 106644)
(106605, 0, 0, 106605)
(106583, 0, 0, 106583)
(106562, 0, 0, 106562)
(106549, 0, 0, 106549)
(106546, 0, 0, 106546)
(106529, 0, 0, 106529)
(106514, 0, 0, 106514)
(106488, 0, 0, 106488)
(106454, 0, 0, 106454)
(106423, 0, 0, 106423)
(106401, 0, 0, 106401)
(106385, 0, 0, 106385)
(106351, 0, 0, 106351)
(106332, 0, 0, 106332)
(106325, 0, 0, 106325)
(106323, 0, 0, 106323)
(106296, 0, 0, 106296)
(106285, 0, 0, 106285)
(106259, 0, 0, 106259)
(106252, 0, 0, 106252)
(106225, 0, 0, 106225)
(106217, 0, 0, 106217)
(106189, 0, 0, 106189)
(106162, 0, 0, 106162)
(106150, 0, 0, 106150)
(106147, 0, 0, 106147)
(106129, 0, 0, 106129)
(106120, 0, 0, 106120)
(106116, 0, 0, 106116)
(106090, 0, 0, 106090)
(106082, 0, 0, 106082)
(106077, 0, 0, 106077)
(106067, 0, 0, 106067)
(106058, 0, 0, 106058)
(106035, 0, 0, 106035)
(106019, 0, 0, 106019)
(106017, 0, 0, 106017)
(105987, 0, 0, 105987)
(105948, 0, 0, 105948)
(105934, 0, 0, 105934)
(105920, 0, 0, 105920)
(105889, 0, 0, 105889)
(105882, 0, 0, 105882)
(105858, 0, 0, 105858)
(105833, 0, 0, 105833)
(105798, 0, 0, 105798)
(105788, 0, 0, 105788)
(105768, 0, 0, 105768)
(105732, 0, 0, 105732)
(105722, 0, 0, 105722)
(105719, 0, 0, 105719)
(105673, 0, 0, 105673)
(105656, 0, 0, 105656)
(105640, 0, 0, 105640)
(105628, 0, 0, 105628)
(105614, 0, 0, 105614)
(105607, 0, 0, 105607)
(105585, 0, 0, 105585)
(105570, 0, 0, 105570)
(105544, 0, 0, 105544)
(105519, 0, 0, 105519)
(105507, 0, 0, 105507)
(105484, 0, 0, 105484)
(105448, 0, 0, 105448)
(105431, 0, 0, 105431)
(105404, 0, 0, 105404)
(105374, 0, 0, 105374)
(105354, 0, 0, 105354)
(105325, 0, 0, 105325)
(105302, 0, 0, 105302)
(105293, 0, 0, 105293)
(105248, 0, 0, 105248)
(105234, 0, 0, 105234)
(105212, 0, 0, 105212)
(105207, 0, 0, 105207)
(105196, 0, 0, 105196)
(105179, 0, 0, 105179)
(105163, 0, 0, 105163)
(105140, 0, 0, 105140)
(105120, 0, 0, 105120)
(105094, 0, 0, 105094)
(105073, 0, 0, 105073)
(105071, 0, 0, 105071)
(105065, 0, 0, 105065)
(105059, 0, 0, 105059)
(105057, 0, 0, 105057)
