(83148, 0, 0, 83148)
(83136, 0, 0, 83136)
(83106, 0, 0, 83106)
(83090, 0, 0, 83090)
(83064, 0, 0, 83064)
(83055, 0, 0, 83055)
(83022, 0, 0, 83022)
(83015, 0, 0, 83015)
(83003, 0, 0, 83003)
(82987, 0, 0, 82987)
(82974, 0, 0, 82974)
(82947, 0, 0, 82947)
(82930, 0, 0, 82930)
(82918, 0, 0, 82918)
(82910, 0, 0, 82910)
(82898, 0, 0, 82898)
(82876, 0, 0, 82876)
(82855, 0, 0, 82855)
(82819, 0, 0, 82819)
(82794, 0, 0, 82794)
(82771, 0, 0, 82771)
(82756, 0, 0, 82756)
(82744, 0, 0, 82744)
(82722, 0, 0, 82722)
(82691, 0, 0, 82691)
(82665, 0, 0, 82665)
(82649, 0, 0, 82649)
(82632, 0, 0, 82632)
(82599, 0, 0, 82599)
(82577, 0, 0, 82577)
(82561, 0, 0, 82561)
(82555, 0, 0, 82555)
(82524, 0, 0, 82524)
(82508, 0, 0, 82508)
(82497, 0, 0, 82497)
(82471, 0, 0, 82471)
(82461, 0, 0, 82461)
(82444, 0, 0, 82444)
(82434, 0, 0, 82434)
(82409, 0, 0, 82409)
(82383, 0, 0, 82383)
(82364, 0, 0, 82364)
(82347, 0, 0, 82347)
(82314, 0, 0, 82314)
(82294, 0, 0, 82294)
(82272, 0, 0, 82272)
(82252, 0, 0, 82252)
(82230, 0, 0, 82230)
(82222, 0, 0, 82222)
(82196, 0, 0, 82196)
(82169, 0, 0, 82169)
(82163, 0, 0, 82163)
(82141, 0, 0, 82141)
(82125, 0, 0, 82125)
(82097, 0, 0, 82097)
(82071, 0, 0, 82071)
(82051, 0, 0, 82051)
(82044, 0, 0, 82044)
(82025, 0, 0, 82025)
(82000, 0, 0, 82000)
(81966, 0, 0, 81966)
(81961, 0, 0, 81961)
(81955, 0, 0, 81955)
(81928, 0, 0, 81928)
(81903, 0, 0, 81903)
(81879, 0, 0, 81879)
(81877, 0, 0, 81877)
(81861, 0, 0, 81861)
(81838, 0, 0, 81838)
(81828, 0, 0, 81828)
(81801, 0, 0, 81801)
(81782, 0, 0, 81782)
(81753, 0, 0, 81753)
(81749, 0, 0, 81749)
(81720, 0, 0, 81720)
(81709, 0, 0, 81709)
(81685, 0, 0, 81685)
(81670, 0, 0, 81670)
(81659, 0, 0, 81659)
(81632, 0, 0, 81632)
(81606, 0, 0, 81606)
(81572, 0, 0, 81572)
(81550, 0, 0, 81550)
(81548, 0, 0, 81548)
(81521, 0, 0, 81521)
(81518, 0, 0, 81518)
(81483, 0, 0, 81483)
(81465, 0, 0, 81465)
(81447, 0, 0, 81447)
(81419, 0, 0, 81419)
(81401, 0, 0, 81401)
(81374, 0, 0, 81374)
(81370, 0, 0, 81370)
(81348, 0, 0, 81348)
(81346, 0, 0, 81346)
(81327, 0, 0, 81327)
(81302, 0, 0, 81302)
(81298, 0, 0, 81298)
(81285, 0, 0, 81285)
(81279, 0, 0, 81279)
(81270, 0, 0, 81270)
(81254, 0, 0, 81254)
(81239, 0, 0, 81239)
(81222, 0, 0, 81222)
(81201, 0, 0, 81201)
(81187, 0, 0, 81187)
(81166, 0, 0, 81166)
(81139, 0, 0, 81139)
(81112, 0, 0, 81112)
(81084, 0, 0, 81084)
(81063, 0, 0, 81063)
(81045, 0, 0, 81045)
(81040, 0, 0, 81040)
(81002, 0, 0, 81002)
(80999, 0, 0, 80999)
(80982, 0, 0, 80982)
(80944, 0, 0, 80944)
(80919, 0, 0, 80919)
(80902, 0, 0, 80902)
(80865, 0, 0, 80865)
(80831, 0, 0, 80831)
(80789, 0, 0, 80789)
(80749, 0, 0, 80749)
(80724, 0, 0, 80724)
(80685, 0, 0, 80685)
(80645, 0, 0, 80645)
(80640, 0, 0, 80640)
(80629, 0, 0, 80629)
(80616, 0, 0, 80616)
(80594, 0, 0, 80594)
(80568, 0, 0, 80568)
(80550, 0, 0, 80550)
(80539, 0, 0, 80539)
(80505, 0, 0, 80505)
(80493, 0, 0, 80493)
(80479, 0, 0, 80479)
