(74559, 0, 0, 74559)
(74530, 0, 0, 74530)
(74525, 0, 0, 74525)
(74516, 0, 0, 74516)
(74505, 0, 0, 74505)
(74480, 0, 0, 74480)
(74451, 0, 0, 74451)
(74432, 0, 0, 74432)
(74426, 0, 0, 74426)
(74416, 0, 0, 74416)
(74398, 0, 0, 74398)
(74376, 0, 0, 74376)
(74368, 0, 0, 74368)
(74357, 0, 0, 74357)
(74331, 0, 0, 74331)
(74316, 0, 0, 74316)
(74315, 0, 0, 74315)
(74306, 0, 0, 74306)
(74275, 0, 0, 74275)
(74250, 0, 0, 74250)
(74229, 0, 0, 74229)
(74204, 0, 0, 74204)
(74175, 0, 0, 74175)
(74148, 0, 0, 74148)
(74138, 0, 0, 74138)
(74131, 0, 0, 74131)
(74118, 0, 0, 74118)
(74086, 0, 0, 74086)
(74082, 0, 0, 74082)
(74073, 0, 0, 74073)
(74054, 0, 0, 74054)
(74038, 0, 0, 74038)
(74021, 0, 0, 74021)
(74006, 0, 0, 74006)
(73974, 0, 0, 73974)
(73964, 0, 0, 73964)
(73945, 0, 0, 73945)
(73936, 0, 0, 73936)
(73922, 0, 0, 73922)
(73907, 0, 0, 73907)
(73886, 0, 0, 73886)
(73874, 0, 0, 73874)
(73842, 0, 0, 73842)
(73824, 0, 0, 73824)
(73819, 0, 0, 73819)
(73808, 0, 0, 73808)
(73789, 0, 0, 73789)
(73776, 0, 0, 73776)
(73756, 0, 0, 73756)
(73748, 0, 0, 73748)
(73729, 0, 0, 73729)
(73704, 0, 0, 73704)
(73683, 0, 0, 73683)
(73645, 0, 0, 73645)
(73630, 0, 0, 73630)
(73616, 0, 0, 73616)
(73598, 0, 0, 73598)
(73584, 0, 0, 73584)
(73556, 0, 0, 73556)
(73536, 0, 0, 73536)
(73531, 0, 0, 73531)
(73514, 0, 0, 73514)
(73495, 0, 0, 73495)
(73475, 0, 0, 73475)
(73464, 0, 0, 73464)
(73458, 0, 0, 73458)
(73453, 0, 0, 73453)
(73427, 0, 0, 73427)
(73408, 0, 0, 73408)
(73397, 0, 0, 73397)
(73396, 0, 0, 73396)
(73385, 0, 0, 73385)
(73374, 0, 0, 73374)
(73360, 0, 0, 73360)
(73332, 0, 0, 73332)
(73309, 0, 0, 73309)
(73288, 0, 0, 73288)
(73280, 0, 0, 73280)
(73278, 0, 0, 73278)
(73253, 0, 0, 73253)
(73233, 0, 0, 73233)
(73204, 0, 0, 73204)
(73178, 0, 0, 73178)
(73164, 0, 0, 73164)
(73151, 0, 0, 73151)
(73146, 0, 0, 73146)
(73132, 0, 0, 73132)
(73118, 0, 0, 73118)
(73100, 0, 0, 73100)
(73076, 0, 0, 73076)
(73073, 0, 0, 73073)
(73063, 0, 0, 73063)
(73036, 0, 0, 73036)
(73004, 0, 0, 73004)
(72995, 0, 0, 72995)
(72991, 0, 0, 72991)
(72969, 0, 0, 72969)
(72945, 0, 0, 72945)
(72918, 0, 0, 72918)
(72900, 0, 0, 72900)
(72889, 0, 0, 72889)
(72882, 0, 0, 72882)
(72871, 0, 0, 72871)
(72855, 0, 0, 72855)
(72840, 0, 0, 72840)
(72827, 0, 0, 72827)
(72802, 0, 0, 72802)
(72789, 0, 0, 72789)
(72770, 0, 0, 72770)
(72761, 0, 0, 72761)
(72750, 0, 0, 72750)
(72719, 0, 0, 72719)
(72708, 0, 0, 72708)
(72698, 0, 0, 72698)
(72683, 0, 0, 72683)
(72672, 0, 0, 72672)
(72653, 0, 0, 72653)
(72637, 0, 0, 72637)
(72618, 0, 0, 72618)
(72605, 0, 0, 72605)
(72595, 0, 0, 72595)
(72570, 0, 0, 72570)
(72560, 0, 0, 72560)
(72540, 0, 0, 72540)
(72521, 0, 0, 72521)
(72509, 0, 0, 72509)
(72496, 0, 0, 72496)
(72485, 0, 0, 72485)
(72475, 0, 0, 72475)
(72460, 0, 0, 72460)
(72456, 0, 0, 72456)
(72440, 0, 0, 72440)
(72432, 0, 0, 72432)
(72414, 0, 0, 72414)
(72403, 0, 0, 72403)
(72394, 0, 0, 72394)
(72375, 0, 0, 72375)
(72345, 0, 0, 72345)
(72316, 0, 0, 72316)
(72303, 0, 0, 72303)
(72291, 0, 0, 72291)
(72267, 0, 0, 72267)
(72247, 0, 0, 72247)
(72226, 0, 0, 72226)
(72211, 0, 0, 72211)
(72202, 0, 0, 72202)
(72183, 0, 0, 72183)
(72165, 0, 0, 72165)
(72152, 0, 0, 72152)
(72128, 0, 0, 72128)
(72112, 0, 0, 72112)
(72100, 0, 0, 72100)
(72086, 0, 0, 72086)
(72083, 0, 0, 72083)
(72065, 0, 0, 72065)
(72046, 0, 0, 72046)
(72032, 0, 0, 72032)
(72012, 0, 0, 72012)
(71991, 0, 0, 71991)
(71978, 0, 0, 71978)
(71971, 0, 0, 71971)
(71958, 0, 0, 71958)
(71956, 0, 0, 71956)
(71951, 0, 0, 71951)
(71937, 0, 0, 71937)
(71922, 0, 0, 71922)
(71915, 0, 0, 71915)
(71889, 0, 0, 71889)
(71877, 0, 0, 71877)
(71860, 0, 0, 71860)
(71842, 0, 0, 71842)
(71817, 0, 0, 71817)
(71814, 0, 0, 71814)
(71812, 0, 0, 71812)
(71803, 0, 0, 71803)
(71782, 0, 0, 71782)
(71768, 0, 0, 71768)
(71743, 0, 0, 71743)
(71726, 0, 0, 71726)
(71680, 0, 0, 71680)
(71667, 0, 0, 71667)
(71647, 0, 0, 71647)
(71634, 0, 0, 71634)
(71621, 0, 0, 71621)
(71616, 0, 0, 71616)
(71592, 0, 0, 71592)
(71589, 0, 0, 71589)
