(69053, 0, 0, 69053)
(69046, 0, 0, 69046)
(69022, 0, 0, 69022)
(69013, 0, 0, 69013)
(68996, 0, 0, 68996)
(68990, 0, 0, 68990)
(68970, 0, 0, 68970)
(68966, 0, 0, 68966)
(68942, 0, 0, 68942)
(68941, 0, 0, 68941)
(68915, 0, 0, 68915)
(68894, 0, 0, 68894)
(68893, 0, 0, 68893)
(68887, 0, 0, 68887)
(68863, 0, 0, 68863)
(68861, 0, 0, 68861)
(68854, 0, 0, 68854)
(68846, 0, 0, 68846)
(68835, 0, 0, 68835)
(68822, 0, 0, 68822)
(68805, 0, 0, 68805)
(68800, 0, 0, 68800)
(68788, 0, 0, 68788)
(68780, 0, 0, 68780)
(68760, 0, 0, 68760)
(68736, 0, 0, 68736)
(68727, 0, 0, 68727)
(68724, 0, 0, 68724)
(68721, 0, 0, 68721)
(68710, 0, 0, 68710)
(68694, 0, 0, 68694)
(68673, 0, 0, 68673)
(68651, 0, 0, 68651)
(68637, 0, 0, 68637)
(68616, 0, 0, 68616)
(68598, 0, 0, 68598)
(68579, 0, 0, 68579)
(68572, 0, 0, 68572)
(68554, 0, 0, 68554)
(68541, 0, 0, 68541)
(68516, 0, 0, 68516)
(68514, 0, 0, 68514)
(68508, 0, 0, 68508)
(68489, 0, 0, 68489)
(68456, 0, 0, 68456)
(68443, 0, 0, 68443)
(68442, 0, 0, 68442)
(68405, 0, 0, 68405)
(68404, 0, 0, 68404)
(68401, 0, 0, 68401)
(68395, 0, 0, 68395)
(68391, 0, 0, 68391)
(68367, 0, 0, 68367)
(68363, 0, 0, 68363)
(68350, 0, 0, 68350)
(68328, 0, 0, 68328)
(68327, 0, 0, 68327)
(68298, 0, 0, 68298)
(68284, 0, 0, 68284)
(68273, 0, 0, 68273)
(68263, 0, 0, 68263)
(68221, 0, 0, 68221)
(68220, 0, 0, 68220)
(68198, 0, 0, 68198)
(68197, 0, 0, 68197)
(68172, 0, 0, 68172)
(68168, 0, 0, 68168)
(68147, 0, 0, 68147)
(68128, 0, 0, 68128)
(68118, 0, 0, 68118)
(68117, 0, 0, 68117)
(68100, 0, 0, 68100)
(68081, 0, 0, 68081)
(68058, 0, 0, 68058)
(68050, 0, 0, 68050)
(68028, 0, 0, 68028)
(68027, 0, 0, 68027)
(68005, 0, 0, 68005)
(67995, 0, 0, 67995)
(67991, 0, 0, 67991)
(67990, 0, 0, 67990)
(67974, 0, 0, 67974)
(67937, 0, 0, 67937)
(67915, 0, 0, 67915)
(67902, 0, 0, 67902)
(67885, 0, 0, 67885)
(67866, 0, 0, 67866)
(67852, 0, 0, 67852)
(67841, 0, 0, 67841)
(67834, 0, 0, 67834)
(67823, 0, 0, 67823)
(67818, 0, 0, 67818)
(67792, 0, 0, 67792)
(67774, 0, 0, 67774)
(67747, 0, 0, 67747)
(67741, 0, 0, 67741)
(67704, 0, 0, 67704)
(67701, 0, 0, 67701)
(67692, 0, 0, 67692)
(67684, 0, 0, 67684)
(67683, 0, 0, 67683)
(67682, 0, 0, 67682)
(67681, 0, 0, 67681)
(67680, 0, 0, 67680)
(67662, 0, 0, 67662)
(67648, 0, 0, 67648)
(67626, 0, 0, 67626)
(67617, 0, 0, 67617)
(67614, 0, 0, 67614)
(67611, 0, 0, 67611)
(67610, 0, 0, 67610)
(67595, 0, 0, 67595)
(67580, 0, 0, 67580)
(67556, 0, 0, 67556)
(67539, 0, 0, 67539)
(67509, 0, 0, 67509)
(67480, 0, 0, 67480)
(67454, 0, 0, 67454)
(67427, 0, 0, 67427)
(67404, 0, 0, 67404)
(67384, 0, 0, 67384)
(67381, 0, 0, 67381)
(67372, 0, 0, 67372)
(67353, 0, 0, 67353)
(67324, 0, 0, 67324)
(67314, 0, 0, 67314)
(67284, 0, 0, 67284)
(67275, 0, 0, 67275)
(67271, 0, 0, 67271)
(67267, 0, 0, 67267)
(67249, 0, 0, 67249)
(67225, 0, 0, 67225)
(67219, 0, 0, 67219)
(67189, 0, 0, 67189)
(67172, 0, 0, 67172)
(67160, 0, 0, 67160)
(67150, 0, 0, 67150)
(67143, 0, 0, 67143)
(67125, 0, 0, 67125)
(67095, 0, 0, 67095)
(67082, 0, 0, 67082)
(67080, 0, 0, 67080)
(67066, 0, 0, 67066)
(67046, 0, 0, 67046)
(67038, 0, 0, 67038)
(67035, 0, 0, 67035)
(67015, 0, 0, 67015)
(67001, 0, 0, 67001)
(66974, 0, 0, 66974)
(66963, 0, 0, 66963)
(66949, 0, 0, 66949)
(66935, 0, 0, 66935)
(66926, 0, 0, 66926)
(66907, 0, 0, 66907)
(66878, 0, 0, 66878)
(66857, 0, 0, 66857)
(66834, 0, 0, 66834)
(66805, 0, 0, 66805)
(66780, 0, 0, 66780)
(66775, 0, 0, 66775)
(66764, 0, 0, 66764)
(66755, 0, 0, 66755)
(66738, 0, 0, 66738)
(66721, 0, 0, 66721)
(66719, 0, 0, 66719)
(66705, 0, 0, 66705)
(66677, 0, 0, 66677)
(66647, 0, 0, 66647)
(66620, 0, 0, 66620)
(66603, 0, 0, 66603)
(66597, 0, 0, 66597)
(66596, 0, 0, 66596)
(66575, 0, 0, 66575)
(66558, 0, 0, 66558)
(66530, 0, 0, 66530)
(66520, 0, 0, 66520)
(66513, 0, 0, 66513)
(66507, 0, 0, 66507)
(66499, 0, 0, 66499)
(66498, 0, 0, 66498)
(66491, 0, 0, 66491)
(66464, 0, 0, 66464)
(66454, 0, 0, 66454)
(66446, 0, 0, 66446)
(66429, 0, 0, 66429)
(66410, 0, 0, 66410)
(66381, 0, 0, 66381)
(66369, 0, 0, 66369)
(66361, 0, 0, 66361)
(66360, 0, 0, 66360)
(66352, 0, 0, 66352)
(66326, 0, 0, 66326)
(66309, 0, 0, 66309)
(66292, 0, 0, 66292)
(66287, 0, 0, 66287)
(66269, 0, 0, 66269)
(66252, 0, 0, 66252)
(66225, 0, 0, 66225)
(66214, 0, 0, 66214)
(66205, 0, 0, 66205)
(66184, 0, 0, 66184)
(66164, 0, 0, 66164)
