(95601, 0, 0, 95601)
(95592, 0, 0, 95592)
(95570, 0, 0, 95570)
(95557, 0, 0, 95557)
(95537, 0, 0, 95537)
(95530, 0, 0, 95530)
(95516, 0, 0, 95516)
(95499, 0, 0, 95499)
(95478, 0, 0, 95478)
(95466, 0, 0, 95466)
(95448, 0, 0, 95448)
(95419, 0, 0, 95419)
(95416, 0, 0, 95416)
(95399, 0, 0, 95399)
(95365, 0, 0, 95365)
(95345, 0, 0, 95345)
(95331, 0, 0, 95331)
(95308, 0, 0, 95308)
(95291, 0, 0, 95291)
(95277, 0, 0, 95277)
(95271, 0, 0, 95271)
(95248, 0, 0, 95248)
(95227, 0, 0, 95227)
(95198, 0, 0, 95198)
(95197, 0, 0, 95197)
(95186, 0, 0, 95186)
(95164, 0, 0, 95164)
(95150, 0, 0, 95150)
(95131, 0, 0, 95131)
(95124, 0, 0, 95124)
(95107, 0, 0, 95107)
(95082, 0, 0, 95082)
(95061, 0, 0, 95061)
(95039, 0, 0, 95039)
(95028, 0, 0, 95028)
(95018, 0, 0, 95018)
(94988, 0, 0, 94988)
(94966, 0, 0, 94966)
(94952, 0, 0, 94952)
(94927, 0, 0, 94927)
(94910, 0, 0, 94910)
(94895, 0, 0, 94895)
(94883, 0, 0, 94883)
(94873, 0, 0, 94873)
(94869, 0, 0, 94869)
(94862, 0, 0, 94862)
(94844, 0, 0, 94844)
(94822, 0, 0, 94822)
(94818, 0, 0, 94818)
(94798, 0, 0, 94798)
(94775, 0, 0, 94775)
(94755, 0, 0, 94755)
(94723, 0, 0, 94723)
(94702, 0, 0, 94702)
(94693, 0, 0, 94693)
(94685, 0, 0, 94685)
(94677, 0, 0, 94677)
(94664, 0, 0, 94664)
(94641, 0, 0, 94641)
(94633, 0, 0, 94633)
(94610, 0, 0, 94610)
(94582, 0, 0, 94582)
(94554, 0, 0, 94554)
(94545, 0, 0, 94545)
(94539, 0, 0, 94539)
(94519, 0, 0, 94519)
(94497, 0, 0, 94497)
(94474, 0, 0, 94474)
(94446, 0, 0, 94446)
(94429, 0, 0, 94429)
(94413, 0, 0, 94413)
(94386, 0, 0, 94386)
(94361, 0, 0, 94361)
(94350, 0, 0, 94350)
(94346, 0, 0, 94346)
(94325, 0, 0, 94325)
(94316, 0, 0, 94316)
(94262, 0, 0, 94262)
(94234, 0, 0, 94234)
(94217, 0, 0, 94217)
(94189, 0, 0, 94189)
(94185, 0, 0, 94185)
(94177, 0, 0, 94177)
(94150, 0, 0, 94150)
(94132, 0, 0, 94132)
(94112, 0, 0, 94112)
(94094, 0, 0, 94094)
(94077, 0, 0, 94077)
(94073, 0, 0, 94073)
(94050, 0, 0, 94050)
(94035, 0, 0, 94035)
(94024, 0, 0, 94024)
(94019, 0, 0, 94019)
(94001, 0, 0, 94001)
(93989, 0, 0, 93989)
(93958, 0, 0, 93958)
(93929, 0, 0, 93929)
(93917, 0, 0, 93917)
(93893, 0, 0, 93893)
(93890, 0, 0, 93890)
(93870, 0, 0, 93870)
(93864, 0, 0, 93864)
(93853, 0, 0, 93853)
(93842, 0, 0, 93842)
(93841, 0, 0, 93841)
(93832, 0, 0, 93832)
(93808, 0, 0, 93808)
(93804, 0, 0, 93804)
(93787, 0, 0, 93787)
(93782, 0, 0, 93782)
(93778, 0, 0, 93778)
(93767, 0, 0, 93767)
(93739, 0, 0, 93739)
(93729, 0, 0, 93729)
(93711, 0, 0, 93711)
(93710, 0, 0, 93710)
(93701, 0, 0, 93701)
(93691, 0, 0, 93691)
(93679, 0, 0, 93679)
(93666, 0, 0, 93666)
(93641, 0, 0, 93641)
(93628, 0, 0, 93628)
(93614, 0, 0, 93614)
(93592, 0, 0, 93592)
(93582, 0, 0, 93582)
(93570, 0, 0, 93570)
(93553, 0, 0, 93553)
(93528, 0, 0, 93528)
(93500, 0, 0, 93500)
(93495, 0, 0, 93495)
(93470, 0, 0, 93470)
