(143977, 0, 0, 143977)
(143970, 0, 0, 143970)
(143934, 0, 0, 143934)
(143931, 0, 0, 143931)
(143906, 0, 0, 143906)
(143889, 0, 0, 143889)
(143884, 0, 0, 143884)
(143850, 0, 0, 143850)
(143847, 0, 0, 143847)
(143843, 0, 0, 143843)
(143829, 0, 0, 143829)
(143816, 0, 0, 143816)
(143795, 0, 0, 143795)
(143776, 0, 0, 143776)
(143768, 0, 0, 143768)
(143754, 0, 0, 143754)
(143742, 0, 0, 143742)
(143730, 0, 0, 143730)
(143723, 0, 0, 143723)
(143699, 0, 0, 143699)
(143681, 0, 0, 143681)
(143669, 0, 0, 143669)
(143637, 0, 0, 143637)
(143608, 0, 0, 143608)
(143585, 0, 0, 143585)
(143573, 0, 0, 143573)
(143563, 0, 0, 143563)
(143546, 0, 0, 143546)
(143528, 0, 0, 143528)
(143500, 0, 0, 143500)
(143494, 0, 0, 143494)
(143493, 0, 0, 143493)
(143476, 0, 0, 143476)
(143458, 0, 0, 143458)
(143457, 0, 0, 143457)
(143435, 0, 0, 143435)
(143413, 0, 0, 143413)
(143406, 0, 0, 143406)
(143374, 0, 0, 143374)
(143343, 0, 0, 143343)
(143334, 0, 0, 143334)
(143324, 0, 0, 143324)
(143308, 0, 0, 143308)
(143291, 0, 0, 143291)
(143290, 0, 0, 143290)
(143287, 0, 0, 143287)
(143260, 0, 0, 143260)
(143224, 0, 0, 143224)
(143203, 0, 0, 143203)
(143190, 0, 0, 143190)
(143169, 0, 0, 143169)
(143166, 0, 0, 143166)
(143152, 0, 0, 143152)
(143138, 0, 0, 143138)
(143136, 0, 0, 143136)
(143108, 0, 0, 143108)
(143081, 0, 0, 143081)
(143051, 0, 0, 143051)
(143044, 0, 0, 143044)
(143043, 0, 0, 143043)
(143039, 0, 0, 143039)
(143027, 0, 0, 143027)
(143025, 0, 0, 143025)
(142998, 0, 0, 142998)
(142982, 0, 0, 142982)
(142967, 0, 0, 142967)
(142928, 0, 0, 142928)
(142906, 0, 0, 142906)
(142885, 0, 0, 142885)
(142870, 0, 0, 142870)
(142865, 0, 0, 142865)
(142826, 0, 0, 142826)
(142814, 0, 0, 142814)
(142809, 0, 0, 142809)
(142785, 0, 0, 142785)
(142766, 0, 0, 142766)
(142745, 0, 0, 142745)
(142731, 0, 0, 142731)
(142723, 0, 0, 142723)
(142710, 0, 0, 142710)
(142708, 0, 0, 142708)
(142687, 0, 0, 142687)
(142673, 0, 0, 142673)
(142661, 0, 0, 142661)
(142638, 0, 0, 142638)
(142637, 0, 0, 142637)
(142627, 0, 0, 142627)
(142624, 0, 0, 142624)
(142585, 0, 0, 142585)
(142570, 0, 0, 142570)
(142545, 0, 0, 142545)
(142526, 0, 0, 142526)
(142523, 0, 0, 142523)
(142521, 0, 0, 142521)
(142502, 0, 0, 142502)
(142483, 0, 0, 142483)
(142470, 0, 0, 142470)
(142443, 0, 0, 142443)
(142433, 0, 0, 142433)
(142420, 0, 0, 142420)
(142405, 0, 0, 142405)
(142374, 0, 0, 142374)
(142372, 0, 0, 142372)
(142348, 0, 0, 142348)
(142334, 0, 0, 142334)
(142323, 0, 0, 142323)
(142322, 0, 0, 142322)
