(159314, 0, 0, 159314)
(159303, 0, 0, 159303)
(159292, 0, 0, 159292)
(159291, 0, 0, 159291)
(159290, 0, 0, 159290)
(159288, 0, 0, 159288)
(159280, 0, 0, 159280)
(159248, 0, 0, 159248)
(159247, 0, 0, 159247)
(159233, 0, 0, 159233)
(159220, 0, 0, 159220)
(159216, 0, 0, 159216)
(159206, 0, 0, 159206)
(159198, 0, 0, 159198)
(159180, 0, 0, 159180)
(159179, 0, 0, 159179)
(159178, 0, 0, 159178)
(159175, 0, 0, 159175)
(159168, 0, 0, 159168)
(159167, 0, 0, 159167)
(159166, 0, 0, 159166)
(159157, 0, 0, 159157)
(159148, 0, 0, 159148)
(159133, 0, 0, 159133)
(159132, 0, 0, 159132)
(159117, 0, 0, 159117)
(159113, 0, 0, 159113)
(159108, 0, 0, 159108)
(159090, 0, 0, 159090)
(159089, 0, 0, 159089)
(159082, 0, 0, 159082)
(159081, 0, 0, 159081)
(159071, 0, 0, 159071)
(159067, 0, 0, 159067)
(159053, 0, 0, 159053)
(159052, 0, 0, 159052)
(159035, 0, 0, 159035)
(159034, 0, 0, 159034)
(159033, 0, 0, 159033)
(159009, 0, 0, 159009)
(158974, 0, 0, 158974)
(158963, 0, 0, 158963)
(158962, 0, 0, 158962)
(158944, 0, 0, 158944)
(158928, 0, 0, 158928)
(158918, 0, 0, 158918)
(158905, 0, 0, 158905)
(158904, 0, 0, 158904)
(158885, 0, 0, 158885)
(158869, 0, 0, 158869)
(158864, 0, 0, 158864)
(158863, 0, 0, 158863)
(158837, 0, 0, 158837)
(158830, 0, 0, 158830)
(158825, 0, 0, 158825)
(158824, 0, 0, 158824)
(158812, 0, 0, 158812)
(158787, 0, 0, 158787)
(158760, 0, 0, 158760)
(158759, 0, 0, 158759)
(158750, 0, 0, 158750)
(158735, 0, 0, 158735)
(158734, 0, 0, 158734)
(158719, 0, 0, 158719)
(158698, 0, 0, 158698)
(158690, 0, 0, 158690)
(158660, 0, 0, 158660)
(158652, 0, 0, 158652)
(158645, 0, 0, 158645)
(158644, 0, 0, 158644)
(158643, 0, 0, 158643)
(158635, 0, 0, 158635)
(158612, 0, 0, 158612)
(158599, 0, 0, 158599)
(158584, 0, 0, 158584)
(158575, 0, 0, 158575)
(158572, 0, 0, 158572)
(158553, 0, 0, 158553)
(158524, 0, 0, 158524)
(158514, 0, 0, 158514)
(158510, 0, 0, 158510)
(158509, 0, 0, 158509)
(158508, 0, 0, 158508)
(158500, 0, 0, 158500)
(158488, 0, 0, 158488)
(158487, 0, 0, 158487)
(158477, 0, 0, 158477)
(158456, 0, 0, 158456)
(158455, 0, 0, 158455)
(158432, 0, 0, 158432)
(158429, 0, 0, 158429)
(158428, 0, 0, 158428)
(158426, 0, 0, 158426)
(158408, 0, 0, 158408)
(158398, 0, 0, 158398)
(158387, 0, 0, 158387)
(158386, 0, 0, 158386)
(158371, 0, 0, 158371)
(158350, 0, 0, 158350)
(158334, 0, 0, 158334)
(158326, 0, 0, 158326)
(158324, 0, 0, 158324)
(158308, 0, 0, 158308)
(158293, 0, 0, 158293)
(158281, 0, 0, 158281)
(158269, 0, 0, 158269)
(158257, 0, 0, 158257)
(158250, 0, 0, 158250)
(158241, 0, 0, 158241)
(158240, 0, 0, 158240)
(158239, 0, 0, 158239)
(158236, 0, 0, 158236)
(158235, 0, 0, 158235)
(158233, 0, 0, 158233)
(158225, 0, 0, 158225)
(158224, 0, 0, 158224)
(158220, 0, 0, 158220)
(158198, 0, 0, 158198)
(158190, 0, 0, 158190)
(158175, 0, 0, 158175)
(158165, 0, 0, 158165)
(158156, 0, 0, 158156)
(158122, 0, 0, 158122)
(158109, 0, 0, 158109)
