(87954, 0, 0, 87954)
(87940, 0, 0, 87940)
(87928, 0, 0, 87928)
(87914, 0, 0, 87914)
(87907, 0, 0, 87907)
(87905, 0, 0, 87905)
(87902, 0, 0, 87902)
(87889, 0, 0, 87889)
(87875, 0, 0, 87875)
(87869, 0, 0, 87869)
(87843, 0, 0, 87843)
(87834, 0, 0, 87834)
(87819, 0, 0, 87819)
(87797, 0, 0, 87797)
(87790, 0, 0, 87790)
(87772, 0, 0, 87772)
(87754, 0, 0, 87754)
(87738, 0, 0, 87738)
(87730, 0, 0, 87730)
(87721, 0, 0, 87721)
(87707, 0, 0, 87707)
(87700, 0, 0, 87700)
(87689, 0, 0, 87689)
(87666, 0, 0, 87666)
(87643, 0, 0, 87643)
(87622, 0, 0, 87622)
(87611, 0, 0, 87611)
(87592, 0, 0, 87592)
(87578, 0, 0, 87578)
(87567, 0, 0, 87567)
(87541, 0, 0, 87541)
(87519, 0, 0, 87519)
(87498, 0, 0, 87498)
(87490, 0, 0, 87490)
(87478, 0, 0, 87478)
(87463, 0, 0, 87463)
(87454, 0, 0, 87454)
(87441, 0, 0, 87441)
(87434, 0, 0, 87434)
(87412, 0, 0, 87412)
(87404, 0, 0, 87404)
(87397, 0, 0, 87397)
(87379, 0, 0, 87379)
(87374, 0, 0, 87374)
(87357, 0, 0, 87357)
(87350, 0, 0, 87350)
(87340, 0, 0, 87340)
(87327, 0, 0, 87327)
(87314, 0, 0, 87314)
(87303, 0, 0, 87303)
(87278, 0, 0, 87278)
(87259, 0, 0, 87259)
(87256, 0, 0, 87256)
(87248, 0, 0, 87248)
(87231, 0, 0, 87231)
(87221, 0, 0, 87221)
(87201, 0, 0, 87201)
(87178, 0, 0, 87178)
(87160, 0, 0, 87160)
(87151, 0, 0, 87151)
(87144, 0, 0, 87144)
(87142, 0, 0, 87142)
(87125, 0, 0, 87125)
(87123, 0, 0, 87123)
(87101, 0, 0, 87101)
(87085, 0, 0, 87085)
(87068, 0, 0, 87068)
(87048, 0, 0, 87048)
(87033, 0, 0, 87033)
(87022, 0, 0, 87022)
(87001, 0, 0, 87001)
(86979, 0, 0, 86979)
(86963, 0, 0, 86963)
(86952, 0, 0, 86952)
(86940, 0, 0, 86940)
(86926, 0, 0, 86926)
(86918, 0, 0, 86918)
(86904, 0, 0, 86904)
(86888, 0, 0, 86888)
(86877, 0, 0, 86877)
(86860, 0, 0, 86860)
(86847, 0, 0, 86847)
(86829, 0, 0, 86829)
(86800, 0, 0, 86800)
(86795, 0, 0, 86795)
(86791, 0, 0, 86791)
(86782, 0, 0, 86782)
(86759, 0, 0, 86759)
(86744, 0, 0, 86744)
(86738, 0, 0, 86738)
(86732, 0, 0, 86732)
(86710, 0, 0, 86710)
(86690, 0, 0, 86690)
(86667, 0, 0, 86667)
(86654, 0, 0, 86654)
(86646, 0, 0, 86646)
(86640, 0, 0, 86640)
(86625, 0, 0, 86625)
(86612, 0, 0, 86612)
(86597, 0, 0, 86597)
(86578, 0, 0, 86578)
(86571, 0, 0, 86571)
(86545, 0, 0, 86545)
(86529, 0, 0, 86529)
(86518, 0, 0, 86518)
(86500, 0, 0, 86500)
(86495, 0, 0, 86495)
(86484, 0, 0, 86484)
(86472, 0, 0, 86472)
(86464, 0, 0, 86464)
(86457, 0, 0, 86457)
(86436, 0, 0, 86436)
(86426, 0, 0, 86426)
(86406, 0, 0, 86406)
(86391, 0, 0, 86391)
(86372, 0, 0, 86372)
(86357, 0, 0, 86357)
(86349, 0, 0, 86349)
(86323, 0, 0, 86323)
(86310, 0, 0, 86310)
(86288, 0, 0, 86288)
(86259, 0, 0, 86259)
(86240, 0, 0, 86240)
(86232, 0, 0, 86232)
(86224, 0, 0, 86224)
(86209, 0, 0, 86209)
(86197, 0, 0, 86197)
(86191, 0, 0, 86191)
(86170, 0, 0, 86170)
(86150, 0, 0, 86150)
(86126, 0, 0, 86126)
(86109, 0, 0, 86109)
(86091, 0, 0, 86091)
(86085, 0, 0, 86085)
(86067, 0, 0, 86067)
(86060, 0, 0, 86060)
(86033, 0, 0, 86033)
(86023, 0, 0, 86023)
(86009, 0, 0, 86009)
(85994, 0, 0, 85994)
(85985, 0, 0, 85985)
(85975, 0, 0, 85975)
(85965, 0, 0, 85965)
(85942, 0, 0, 85942)
(85926, 0, 0, 85926)
(85901, 0, 0, 85901)
(85898, 0, 0, 85898)
(85878, 0, 0, 85878)
(85856, 0, 0, 85856)
(85832, 0, 0, 85832)
(85817, 0, 0, 85817)
(85804, 0, 0, 85804)
(85801, 0, 0, 85801)
(85789, 0, 0, 85789)
(85776, 0, 0, 85776)
(85765, 0, 0, 85765)
(85753, 0, 0, 85753)
(85745, 0, 0, 85745)
(85729, 0, 0, 85729)
(85718, 0, 0, 85718)
(85713, 0, 0, 85713)
(85705, 0, 0, 85705)
(85688, 0, 0, 85688)
(85676, 0, 0, 85676)
(85660, 0, 0, 85660)
(85652, 0, 0, 85652)
(85633, 0, 0, 85633)
(85624, 0, 0, 85624)
(85608, 0, 0, 85608)
(85600, 0, 0, 85600)
(85592, 0, 0, 85592)
(85586, 0, 0, 85586)
(85583, 0, 0, 85583)
(85573, 0, 0, 85573)
(85569, 0, 0, 85569)
(85552, 0, 0, 85552)
(85551, 0, 0, 85551)
(85539, 0, 0, 85539)
(85521, 0, 0, 85521)
(85510, 0, 0, 85510)
(85505, 0, 0, 85505)
(85496, 0, 0, 85496)
(85475, 0, 0, 85475)
(85449, 0, 0, 85449)
(85421, 0, 0, 85421)
(85388, 0, 0, 85388)
(85373, 0, 0, 85373)
(85353, 0, 0, 85353)
(85340, 0, 0, 85340)
(85337, 0, 0, 85337)
(85329, 0, 0, 85329)
(85301, 0, 0, 85301)
(85292, 0, 0, 85292)
(85277, 0, 0, 85277)
(85263, 0, 0, 85263)
(85236, 0, 0, 85236)
