(141528, 0, 0, 141528)
(141522, 0, 0, 141522)
(141507, 0, 0, 141507)
(141501, 0, 0, 141501)
(141487, 0, 0, 141487)
(141465, 0, 0, 141465)
(141455, 0, 0, 141455)
(141443, 0, 0, 141443)
(141430, 0, 0, 141430)
(141423, 0, 0, 141423)
(141398, 0, 0, 141398)
(141395, 0, 0, 141395)
(141387, 0, 0, 141387)
(141375, 0, 0, 141375)
(141363, 0, 0, 141363)
(141359, 0, 0, 141359)
(141347, 0, 0, 141347)
(141338, 0, 0, 141338)
(141318, 0, 0, 141318)
(141303, 0, 0, 141303)
(141293, 0, 0, 141293)
(141281, 0, 0, 141281)
(141261, 0, 0, 141261)
(141246, 0, 0, 141246)
(141216, 0, 0, 141216)
(141191, 0, 0, 141191)
(141184, 0, 0, 141184)
(141179, 0, 0, 141179)
(141168, 0, 0, 141168)
(141145, 0, 0, 141145)
(141135, 0, 0, 141135)
(141111, 0, 0, 141111)
(141089, 0, 0, 141089)
(141083, 0, 0, 141083)
(141082, 0, 0, 141082)
(141066, 0, 0, 141066)
(141058, 0, 0, 141058)
(141054, 0, 0, 141054)
(141040, 0, 0, 141040)
(141009, 0, 0, 141009)
(141008, 0, 0, 141008)
(141001, 0, 0, 141001)
(141000, 0, 0, 141000)
(140995, 0, 0, 140995)
(140977, 0, 0, 140977)
(140963, 0, 0, 140963)
(140949, 0, 0, 140949)
(140943, 0, 0, 140943)
(140928, 0, 0, 140928)
(140911, 0, 0, 140911)
(140909, 0, 0, 140909)
(140900, 0, 0, 140900)
(140879, 0, 0, 140879)
(140878, 0, 0, 140878)
(140861, 0, 0, 140861)
(140841, 0, 0, 140841)
(140840, 0, 0, 140840)
(140825, 0, 0, 140825)
(140815, 0, 0, 140815)
(140793, 0, 0, 140793)
(140771, 0, 0, 140771)
(140762, 0, 0, 140762)
(140751, 0, 0, 140751)
(140737, 0, 0, 140737)
(140726, 0, 0, 140726)
(140704, 0, 0, 140704)
(140695, 0, 0, 140695)
(140686, 0, 0, 140686)
(140672, 0, 0, 140672)
(140649, 0, 0, 140649)
(140639, 0, 0, 140639)
(140616, 0, 0, 140616)
(140608, 0, 0, 140608)
(140592, 0, 0, 140592)
(140571, 0, 0, 140571)
(140553, 0, 0, 140553)
(140548, 0, 0, 140548)
(140531, 0, 0, 140531)
(140529, 0, 0, 140529)
(140512, 0, 0, 140512)
(140496, 0, 0, 140496)
(140476, 0, 0, 140476)
(140443, 0, 0, 140443)
(140441, 0, 0, 140441)
(140420, 0, 0, 140420)
(140403, 0, 0, 140403)
(140379, 0, 0, 140379)
(140360, 0, 0, 140360)
(140353, 0, 0, 140353)
(140336, 0, 0, 140336)
(140325, 0, 0, 140325)
(140323, 0, 0, 140323)
(140317, 0, 0, 140317)
(140316, 0, 0, 140316)
(140302, 0, 0, 140302)
(140296, 0, 0, 140296)
(140285, 0, 0, 140285)
(140267, 0, 0, 140267)
(140260, 0, 0, 140260)
(140242, 0, 0, 140242)
(140231, 0, 0, 140231)
(140210, 0, 0, 140210)
(140206, 0, 0, 140206)
(140190, 0, 0, 140190)
(140172, 0, 0, 140172)
(140155, 0, 0, 140155)
(140151, 0, 0, 140151)
(140134, 0, 0, 140134)
(140115, 0, 0, 140115)
(140105, 0, 0, 140105)
(140095, 0, 0, 140095)
(140089, 0, 0, 140089)
(140072, 0, 0, 140072)
(140059, 0, 0, 140059)
(140027, 0, 0, 140027)
(140020, 0, 0, 140020)
(140013, 0, 0, 140013)
(140001, 0, 0, 140001)
(139985, 0, 0, 139985)
(139967, 0, 0, 139967)
(139946, 0, 0, 139946)
(139924, 0, 0, 139924)
(139907, 0, 0, 139907)
(139888, 0, 0, 139888)
(139878, 0, 0, 139878)
