(178377, 0, 0, 178377)
(178368, 0, 0, 178368)
(178356, 0, 0, 178356)
(178343, 0, 0, 178343)
(178329, 0, 0, 178329)
(178319, 0, 0, 178319)
(178278, 0, 0, 178278)
(178256, 0, 0, 178256)
(178230, 0, 0, 178230)
(178218, 0, 0, 178218)
(178203, 0, 0, 178203)
(178199, 0, 0, 178199)
(178170, 0, 0, 178170)
(178146, 0, 0, 178146)
(178134, 0, 0, 178134)
(178107, 0, 0, 178107)
(178091, 0, 0, 178091)
(178073, 0, 0, 178073)
(178062, 0, 0, 178062)
(178043, 0, 0, 178043)
(178031, 0, 0, 178031)
(178004, 0, 0, 178004)
(177990, 0, 0, 177990)
(177987, 0, 0, 177987)
(177976, 0, 0, 177976)
(177973, 0, 0, 177973)
(177950, 0, 0, 177950)
(177927, 0, 0, 177927)
(177913, 0, 0, 177913)
(177899, 0, 0, 177899)
(177895, 0, 0, 177895)
(177878, 0, 0, 177878)
(177874, 0, 0, 177874)
(177857, 0, 0, 177857)
(177836, 0, 0, 177836)
(177812, 0, 0, 177812)
(177788, 0, 0, 177788)
(177774, 0, 0, 177774)
(177769, 0, 0, 177769)
(177755, 0, 0, 177755)
(177731, 0, 0, 177731)
(177713, 0, 0, 177713)
(177701, 0, 0, 177701)
(177698, 0, 0, 177698)
(177671, 0, 0, 177671)
(177670, 0, 0, 177670)
(177645, 0, 0, 177645)
(177628, 0, 0, 177628)
(177621, 0, 0, 177621)
(177601, 0, 0, 177601)
(177595, 0, 0, 177595)
(177586, 0, 0, 177586)
(177574, 0, 0, 177574)
(177570, 0, 0, 177570)
(177548, 0, 0, 177548)
(177524, 0, 0, 177524)
(177499, 0, 0, 177499)
(177473, 0, 0, 177473)
(177465, 0, 0, 177465)
(177458, 0, 0, 177458)
(177443, 0, 0, 177443)
(177424, 0, 0, 177424)
(177413, 0, 0, 177413)
(177402, 0, 0, 177402)
(177394, 0, 0, 177394)
(177375, 0, 0, 177375)
(177370, 0, 0, 177370)
(177348, 0, 0, 177348)
(177331, 0, 0, 177331)
(177311, 0, 0, 177311)
(177295, 0, 0, 177295)
(177270, 0, 0, 177270)
(177249, 0, 0, 177249)
(177236, 0, 0, 177236)
(177220, 0, 0, 177220)
(177216, 0, 0, 177216)
(177195, 0, 0, 177195)
(177170, 0, 0, 177170)
(177150, 0, 0, 177150)
(177142, 0, 0, 177142)
(177122, 0, 0, 177122)
(177114, 0, 0, 177114)
(177096, 0, 0, 177096)
(177074, 0, 0, 177074)
(177058, 0, 0, 177058)
(177054, 0, 0, 177054)
(177023, 0, 0, 177023)
(177003, 0, 0, 177003)
(176993, 0, 0, 176993)
(176978, 0, 0, 176978)
(176961, 0, 0, 176961)
(176949, 0, 0, 176949)
(176928, 0, 0, 176928)
(176912, 0, 0, 176912)
(176891, 0, 0, 176891)
(176890, 0, 0, 176890)
(176887, 0, 0, 176887)
(176869, 0, 0, 176869)
(176851, 0, 0, 176851)
(176847, 0, 0, 176847)
(176836, 0, 0, 176836)
(176816, 0, 0, 176816)
(176806, 0, 0, 176806)
(176800, 0, 0, 176800)
(176782, 0, 0, 176782)
(176763, 0, 0, 176763)
