(177322, 0, 0, 177322)
(177297, 0, 0, 177297)
(177294, 0, 0, 177294)
(177286, 0, 0, 177286)
(177272, 0, 0, 177272)
(177261, 0, 0, 177261)
(177250, 0, 0, 177250)
(177222, 0, 0, 177222)
(177211, 0, 0, 177211)
(177189, 0, 0, 177189)
(177178, 0, 0, 177178)
(177155, 0, 0, 177155)
(177144, 0, 0, 177144)
(177134, 0, 0, 177134)
(177132, 0, 0, 177132)
(177123, 0, 0, 177123)
(177122, 0, 0, 177122)
(177104, 0, 0, 177104)
(177091, 0, 0, 177091)
(177085, 0, 0, 177085)
(177074, 0, 0, 177074)
(177062, 0, 0, 177062)
(177041, 0, 0, 177041)
(177029, 0, 0, 177029)
(177025, 0, 0, 177025)
(176998, 0, 0, 176998)
(176982, 0, 0, 176982)
(176969, 0, 0, 176969)
(176966, 0, 0, 176966)
(176941, 0, 0, 176941)
(176919, 0, 0, 176919)
(176917, 0, 0, 176917)
(176888, 0, 0, 176888)
(176867, 0, 0, 176867)
(176847, 0, 0, 176847)
(176845, 0, 0, 176845)
(176834, 0, 0, 176834)
(176829, 0, 0, 176829)
(176806, 0, 0, 176806)
(176785, 0, 0, 176785)
(176770, 0, 0, 176770)
(176753, 0, 0, 176753)
(176747, 0, 0, 176747)
(176738, 0, 0, 176738)
(176724, 0, 0, 176724)
(176714, 0, 0, 176714)
(176704, 0, 0, 176704)
(176700, 0, 0, 176700)
(176698, 0, 0, 176698)
(176680, 0, 0, 176680)
(176667, 0, 0, 176667)
(176664, 0, 0, 176664)
(176644, 0, 0, 176644)
(176639, 0, 0, 176639)
(176613, 0, 0, 176613)
(176604, 0, 0, 176604)
(176585, 0, 0, 176585)
(176572, 0, 0, 176572)
(176561, 0, 0, 176561)
(176541, 0, 0, 176541)
(176528, 0, 0, 176528)
(176522, 0, 0, 176522)
(176511, 0, 0, 176511)
(176508, 0, 0, 176508)
(176493, 0, 0, 176493)
(176482, 0, 0, 176482)
(176468, 0, 0, 176468)
(176444, 0, 0, 176444)
(176440, 0, 0, 176440)
(176436, 0, 0, 176436)
(176418, 0, 0, 176418)
(176412, 0, 0, 176412)
(176396, 0, 0, 176396)
(176364, 0, 0, 176364)
(176359, 0, 0, 176359)
(176333, 0, 0, 176333)
(176325, 0, 0, 176325)
(176315, 0, 0, 176315)
(176302, 0, 0, 176302)
(176290, 0, 0, 176290)
(176273, 0, 0, 176273)
(176259, 0, 0, 176259)
(176248, 0, 0, 176248)
(176228, 0, 0, 176228)
(176203, 0, 0, 176203)
(176200, 0, 0, 176200)
(176183, 0, 0, 176183)
(176176, 0, 0, 176176)
(176150, 0, 0, 176150)
(176136, 0, 0, 176136)
(176107, 0, 0, 176107)
(176101, 0, 0, 176101)
(176086, 0, 0, 176086)
(176072, 0, 0, 176072)
(176061, 0, 0, 176061)
(176041, 0, 0, 176041)
(176023, 0, 0, 176023)
(175996, 0, 0, 175996)
(175989, 0, 0, 175989)
(175984, 0, 0, 175984)
(175968, 0, 0, 175968)
(175946, 0, 0, 175946)
(175938, 0, 0, 175938)
(175935, 0, 0, 175935)
(175921, 0, 0, 175921)
(175913, 0, 0, 175913)
(175903, 0, 0, 175903)
(175891, 0, 0, 175891)
(175868, 0, 0, 175868)
(175862, 0, 0, 175862)
(175849, 0, 0, 175849)
(175847, 0, 0, 175847)
