(148440, 0, 0, 148440)
(148432, 0, 0, 148432)
(148423, 0, 0, 148423)
(148413, 0, 0, 148413)
(148388, 0, 0, 148388)
(148356, 0, 0, 148356)
(148351, 0, 0, 148351)
(148344, 0, 0, 148344)
(148323, 0, 0, 148323)
(148309, 0, 0, 148309)
(148296, 0, 0, 148296)
(148266, 0, 0, 148266)
(148265, 0, 0, 148265)
(148251, 0, 0, 148251)
(148227, 0, 0, 148227)
(148224, 0, 0, 148224)
(148210, 0, 0, 148210)
(148207, 0, 0, 148207)
(148203, 0, 0, 148203)
(148194, 0, 0, 148194)
(148189, 0, 0, 148189)
(148179, 0, 0, 148179)
(148167, 0, 0, 148167)
(148147, 0, 0, 148147)
(148127, 0, 0, 148127)
(148120, 0, 0, 148120)
(148112, 0, 0, 148112)
(148098, 0, 0, 148098)
(148088, 0, 0, 148088)
(148081, 0, 0, 148081)
(148070, 0, 0, 148070)
(148056, 0, 0, 148056)
(148044, 0, 0, 148044)
(148020, 0, 0, 148020)
(148009, 0, 0, 148009)
(147997, 0, 0, 147997)
(147984, 0, 0, 147984)
(147974, 0, 0, 147974)
(147967, 0, 0, 147967)
(147956, 0, 0, 147956)
(147953, 0, 0, 147953)
(147938, 0, 0, 147938)
(147913, 0, 0, 147913)
(147906, 0, 0, 147906)
(147902, 0, 0, 147902)
(147884, 0, 0, 147884)
(147875, 0, 0, 147875)
(147866, 0, 0, 147866)
(147849, 0, 0, 147849)
(147837, 0, 0, 147837)
(147815, 0, 0, 147815)
(147800, 0, 0, 147800)
(147790, 0, 0, 147790)
(147780, 0, 0, 147780)
(147775, 0, 0, 147775)
(147774, 0, 0, 147774)
(147763, 0, 0, 147763)
(147761, 0, 0, 147761)
(147740, 0, 0, 147740)
(147734, 0, 0, 147734)
(147721, 0, 0, 147721)
(147702, 0, 0, 147702)
(147686, 0, 0, 147686)
(147669, 0, 0, 147669)
(147640, 0, 0, 147640)
(147622, 0, 0, 147622)
(147612, 0, 0, 147612)
(147609, 0, 0, 147609)
(147597, 0, 0, 147597)
(147589, 0, 0, 147589)
(147570, 0, 0, 147570)
(147563, 0, 0, 147563)
(147543, 0, 0, 147543)
(147530, 0, 0, 147530)
(147505, 0, 0, 147505)
(147477, 0, 0, 147477)
(147461, 0, 0, 147461)
(147443, 0, 0, 147443)
(147417, 0, 0, 147417)
(147401, 0, 0, 147401)
(147378, 0, 0, 147378)
(147365, 0, 0, 147365)
(147337, 0, 0, 147337)
(147329, 0, 0, 147329)
(147305, 0, 0, 147305)
(147287, 0, 0, 147287)
(147257, 0, 0, 147257)
(147222, 0, 0, 147222)
(147216, 0, 0, 147216)
(147200, 0, 0, 147200)
(147186, 0, 0, 147186)
(147167, 0, 0, 147167)
(147133, 0, 0, 147133)
(147128, 0, 0, 147128)
(147110, 0, 0, 147110)
(147108, 0, 0, 147108)
(147099, 0, 0, 147099)
(147082, 0, 0, 147082)
(147073, 0, 0, 147073)
(147046, 0, 0, 147046)
(147029, 0, 0, 147029)
(147023, 0, 0, 147023)
(147006, 0, 0, 147006)
(146990, 0, 0, 146990)
(146967, 0, 0, 146967)
(146962, 0, 0, 146962)
(146957, 0, 0, 146957)
(146934, 0, 0, 146934)
(146919, 0, 0, 146919)
(146905, 0, 0, 146905)
(146895, 0, 0, 146895)
(146886, 0, 0, 146886)
(146869, 0, 0, 146869)
(146858, 0, 0, 146858)
(146855, 0, 0, 146855)
(146834, 0, 0, 146834)
(146819, 0, 0, 146819)
(146814, 0, 0, 146814)
(146793, 0, 0, 146793)
(146769, 0, 0, 146769)
(146760, 0, 0, 146760)
(146741, 0, 0, 146741)
