(852585, 0, 646, 853231)
(853231, 0, 0, 853231)
(852585, 0, 646, 853231)
(853231, 0, 0, 853231)
(852585, 0, 646, 853231)
(853231, 0, 0, 853231)
(852829, 0, 402, 853231)
(853231, 0, 0, 853231)
(852585, 0, 646, 853231)
(853231, 0, 0, 853231)
(853230, 0, 1, 853231)
(852584, 0, 647, 853231)
(853230, 0, 1, 853231)
(852730, 0, 501, 853231)
(852731, 0, 500, 853231)
(852329, 0, 902, 853231)
(852731, 0, 500, 853231)
(852329, 0, 902, 853231)
(852731, 0, 500, 853231)
(852329, 0, 902, 853231)
(852731, 0, 500, 853231)
(852575, 0, 656, 853231)
(852173, 0, 1058, 853231)
(852575, 0, 656, 853231)
(852731, 0, 500, 853231)
(852558, 0, 673, 853231)
(851912, 0, 1319, 853231)
(852558, 0, 673, 853231)
(851912, 0, 1319, 853231)
(852558, 0, 673, 853231)
(852385, 0, 846, 853231)
(851739, 0, 1492, 853231)
(852385, 0, 846, 853231)
(851983, 0, 1248, 853231)
(852385, 0, 846, 853231)
(851739, 0, 1492, 853231)
(852385, 0, 846, 853231)
(852558, 0, 673, 853231)
(852156, 0, 1075, 853231)
(852558, 0, 673, 853231)
(851912, 0, 1319, 853231)
(852558, 0, 673, 853231)
(852156, 0, 1075, 853231)
(852558, 0, 673, 853231)
(852731, 0, 500, 853231)
(852575, 0, 656, 853231)
(852173, 0, 1058, 853231)
(852575, 0, 656, 853231)
(852402, 0, 829, 853231)
(851756, 0, 1475, 853231)
(852402, 0, 829, 853231)
(851756, 0, 1475, 853231)
(852402, 0, 829, 853231)
(851756, 0, 1475, 853231)
(852402, 0, 829, 853231)
(852575, 0, 656, 853231)
(852173, 0, 1058, 853231)
(852575, 0, 656, 853231)
(852173, 0, 1058, 853231)
(852575, 0, 656, 853231)
(852173, 0, 1058, 853231)
(852575, 0, 656, 853231)
(852574, 0, 657, 853231)
(852172, 0, 1059, 853231)
(852574, 0, 657, 853231)
(852630, 0, 663, 853293)
(852228, 0, 1065, 853293)
(852630, 0, 663, 853293)
(852457, 0, 836, 853293)
(851811, 0, 1482, 853293)
(852457, 0, 836, 853293)
(852055, 0, 1238, 853293)
(852457, 0, 836, 853293)
(851811, 0, 1482, 853293)
(852457, 0, 836, 853293)
(852055, 0, 1238, 853293)
(852457, 0, 836, 853293)
(851811, 0, 1482, 853293)
(852457, 0, 836, 853293)
(852055, 0, 1238, 853293)
(852457, 0, 836, 853293)
(852284, 0, 1009, 853293)
(851638, 0, 1655, 853293)
(852284, 0, 1009, 853293)
(851882, 0, 1411, 853293)
(852284, 0, 1009, 853293)
(851638, 0, 1655, 853293)
(852284, 0, 1009, 853293)
(851882, 0, 1411, 853293)
(852284, 0, 1009, 853293)
(851882, 0, 1411, 853293)
(852284, 0, 1009, 853293)
(851638, 0, 1655, 853293)
(852284, 0, 1009, 853293)
(851638, 0, 1655, 853293)
(852284, 0, 1009, 853293)
(852457, 0, 836, 853293)
(851811, 0, 1482, 853293)
(852457, 0, 836, 853293)
(852284, 0, 1009, 853293)
(851882, 0, 1411, 853293)
(852284, 0, 1009, 853293)
(852111, 0, 1182, 853293)
(851709, 0, 1584, 853293)
(852111, 0, 1182, 853293)
(851465, 0, 1828, 853293)
(852111, 0, 1182, 853293)
(851709, 0, 1584, 853293)
(852111, 0, 1182, 853293)
(851465, 0, 1828, 853293)
(852111, 0, 1182, 853293)
(851465, 0, 1828, 853293)
(852111, 0, 1182, 853293)
(851465, 0, 1828, 853293)
(852111, 0, 1182, 853293)
(851465, 0, 1828, 853293)
(852111, 0, 1182, 853293)
(851709, 0, 1584, 853293)
(852111, 0, 1182, 853293)
(851938, 0, 1355, 853293)
(851292, 0, 2001, 853293)
(851938, 0, 1355, 853293)
(851882, 0, 1349, 853231)
(851480, 0, 1751, 853231)
(851882, 0, 1349, 853231)
(851883, 0, 1348, 853231)
(852056, 0, 1175, 853231)
(851883, 0, 1348, 853231)
(851237, 0, 1994, 853231)
(851883, 0, 1348, 853231)
(851237, 0, 1994, 853231)
(851883, 0, 1348, 853231)
(851237, 0, 1994, 853231)
(851883, 0, 1348, 853231)
(851237, 0, 1994, 853231)
(851883, 0, 1348, 853231)
(851882, 0, 1349, 853231)
(851480, 0, 1751, 853231)
(851882, 0, 1349, 853231)
(851236, 0, 1995, 853231)
(851882, 0, 1349, 853231)
(851480, 0, 1751, 853231)
(851882, 0, 1349, 853231)
(851236, 0, 1995, 853231)
(851882, 0, 1349, 853231)
(851236, 0, 1995, 853231)
(851882, 0, 1349, 853231)
(852055, 0, 1176, 853231)
(851882, 0, 1349, 853231)
(852055, 0, 1176, 853231)
(851409, 0, 1822, 853231)
(852055, 0, 1176, 853231)
(851653, 0, 1578, 853231)
(852055, 0, 1176, 853231)
(851882, 0, 1349, 853231)
(851236, 0, 1995, 853231)
(851882, 0, 1349, 853231)
(851480, 0, 1751, 853231)
(851882, 0, 1349, 853231)
(851236, 0, 1995, 853231)
(851882, 0, 1349, 853231)
(851236, 0, 1995, 853231)
(851882, 0, 1349, 853231)
(851480, 0, 1751, 853231)
(851882, 0, 1349, 853231)
(852055, 0, 1176, 853231)
(852228, 0, 1003, 853231)
(851582, 0, 1649, 853231)
(852228, 0, 1003, 853231)
(852401, 0, 830, 853231)
(851755, 0, 1476, 853231)
(852401, 0, 830, 853231)
(852228, 0, 1003, 853231)
(851582, 0, 1649, 853231)
(852228, 0, 1003, 853231)
(852401, 0, 830, 853231)
(851755, 0, 1476, 853231)
(852401, 0, 830, 853231)
(851755, 0, 1476, 853231)
(852401, 0, 830, 853231)
(851755, 0, 1476, 853231)
(852401, 0, 830, 853231)
(851999, 0, 1232, 853231)
(852401, 0, 830, 853231)
(852228, 0, 1003, 853231)
(851826, 0, 1405, 853231)
(852228, 0, 1003, 853231)
(851826, 0, 1405, 853231)
(852228, 0, 1003, 853231)
(852055, 0, 1176, 853231)
(851409, 0, 1822, 853231)
(852055, 0, 1176, 853231)
(851653, 0, 1578, 853231)
(852055, 0, 1176, 853231)
(851882, 0, 1349, 853231)
(851236, 0, 1995, 853231)
(851882, 0, 1349, 853231)
(852038, 0, 1193, 853231)
(851392, 0, 1839, 853231)
(852038, 0, 1193, 853231)
(851392, 0, 1839, 853231)
(852038, 0, 1193, 853231)
(851392, 0, 1839, 853231)
(852038, 0, 1193, 853231)
(851882, 0, 1349, 853231)
(851480, 0, 1751, 853231)
(851882, 0, 1349, 853231)
(851480, 0, 1751, 853231)
(851882, 0, 1349, 853231)
(852055, 0, 1176, 853231)
(851409, 0, 1822, 853231)
(852055, 0, 1176, 853231)
(851653, 0, 1578, 853231)
(852055, 0, 1176, 853231)
(851409, 0, 1822, 853231)
(852055, 0, 1176, 853231)
(851882, 0, 1349, 853231)
(851236, 0, 1995, 853231)
(851882, 0, 1349, 853231)
(851236, 0, 1995, 853231)
(851882, 0, 1349, 853231)
(852055, 0, 1176, 853231)
(851653, 0, 1578, 853231)
(852055, 0, 1176, 853231)
(851409, 0, 1822, 853231)
(852055, 0, 1176, 853231)
(851409, 0, 1822, 853231)
(852055, 0, 1176, 853231)
(851409, 0, 1822, 853231)
(852055, 0, 1176, 853231)
(851409, 0, 1822, 853231)
(852055, 0, 1176, 853231)
(851653, 0, 1578, 853231)
(852055, 0, 1176, 853231)
(851409, 0, 1822, 853231)
(852055, 0, 1176, 853231)
(851409, 0, 1822, 853231)
(852055, 0, 1176, 853231)
(851653, 0, 1578, 853231)
(852055, 0, 1176, 853231)
(851409, 0, 1822, 853231)
(852055, 0, 1176, 853231)
(851409, 0, 1822, 853231)
(852055, 0, 1176, 853231)
(852228, 0, 1003, 853231)
(851826, 0, 1405, 853231)
(852228, 0, 1003, 853231)
(852401, 0, 830, 853231)
(851755, 0, 1476, 853231)
(852401, 0, 830, 853231)
(851999, 0, 1232, 853231)
(852401, 0, 830, 853231)
(851755, 0, 1476, 853231)
(852401, 0, 830, 853231)
(851999, 0, 1232, 853231)
(852401, 0, 830, 853231)
(851755, 0, 1476, 853231)
(852401, 0, 830, 853231)
(851999, 0, 1232, 853231)
(852401, 0, 830, 853231)
(851999, 0, 1232, 853231)
(852401, 0, 830, 853231)
(851755, 0, 1476, 853231)
(852401, 0, 830, 853231)
(851999, 0, 1232, 853231)
(852401, 0, 830, 853231)
(852228, 0, 1003, 853231)
(851582, 0, 1649, 853231)
(852228, 0, 1003, 853231)
(852401, 0, 830, 853231)
(851755, 0, 1476, 853231)
(852401, 0, 830, 853231)
(851999, 0, 1232, 853231)
(852401, 0, 830, 853231)
(851999, 0, 1232, 853231)
(852401, 0, 830, 853231)
(851999, 0, 1232, 853231)
(852401, 0, 830, 853231)
(851755, 0, 1476, 853231)
(852401, 0, 830, 853231)
(851755, 0, 1476, 853231)
(852401, 0, 830, 853231)
(851999, 0, 1232, 853231)
(852401, 0, 830, 853231)
(851755, 0, 1476, 853231)
(852401, 0, 830, 853231)
(851755, 0, 1476, 853231)
(852401, 0, 830, 853231)
(851999, 0, 1232, 853231)
(852401, 0, 830, 853231)
(851755, 0, 1476, 853231)
(852401, 0, 830, 853231)
(852574, 0, 657, 853231)
(852172, 0, 1059, 853231)
(852574, 0, 657, 853231)
(852172, 0, 1059, 853231)
(852574, 0, 657, 853231)
(852172, 0, 1059, 853231)
(852574, 0, 657, 853231)
(852401, 0, 830, 853231)
(851755, 0, 1476, 853231)
(852401, 0, 830, 853231)
(852228, 0, 1003, 853231)
(852401, 0, 830, 853231)
(851999, 0, 1232, 853231)
(852401, 0, 830, 853231)
(851755, 0, 1476, 853231)
(852401, 0, 830, 853231)
(852228, 0, 1003, 853231)
(851826, 0, 1405, 853231)
(852228, 0, 1003, 853231)
(851582, 0, 1649, 853231)
(852228, 0, 1003, 853231)
(852055, 0, 1176, 853231)
(851409, 0, 1822, 853231)
(852055, 0, 1176, 853231)
(851653, 0, 1578, 853231)
(852055, 0, 1176, 853231)
(851409, 0, 1822, 853231)
(852055, 0, 1176, 853231)
(851653, 0, 1578, 853231)
(852055, 0, 1176, 853231)
(851653, 0, 1578, 853231)
(852055, 0, 1176, 853231)
(851409, 0, 1822, 853231)
(852055, 0, 1176, 853231)
(851882, 0, 1349, 853231)
(851480, 0, 1751, 853231)
(851882, 0, 1349, 853231)
(852055, 0, 1176, 853231)
(851653, 0, 1578, 853231)
(852055, 0, 1176, 853231)
(852228, 0, 1003, 853231)
(851826, 0, 1405, 853231)
(852228, 0, 1003, 853231)
(851582, 0, 1649, 853231)
(852228, 0, 1003, 853231)
(851582, 0, 1649, 853231)
(852228, 0, 1003, 853231)
(852401, 0, 830, 853231)
(851999, 0, 1232, 853231)
(852401, 0, 830, 853231)
(851999, 0, 1232, 853231)
(852401, 0, 830, 853231)
(851755, 0, 1476, 853231)
(852401, 0, 830, 853231)
(851755, 0, 1476, 853231)
(852401, 0, 830, 853231)
(852228, 0, 1003, 853231)
(852055, 0, 1176, 853231)
(851409, 0, 1822, 853231)
(852055, 0, 1176, 853231)
(851409, 0, 1822, 853231)
(852055, 0, 1176, 853231)
(851882, 0, 1349, 853231)
(851480, 0, 1751, 853231)
(851882, 0, 1349, 853231)
(851883, 0, 1348, 853231)
(851237, 0, 1994, 853231)
(851883, 0, 1348, 853231)
(851237, 0, 1994, 853231)
(851883, 0, 1348, 853231)
(851237, 0, 1994, 853231)
(851883, 0, 1348, 853231)
(851237, 0, 1994, 853231)
(851883, 0, 1348, 853231)
(851237, 0, 1994, 853231)
(851883, 0, 1348, 853231)
(851237, 0, 1994, 853231)
(851883, 0, 1348, 853231)
(851237, 0, 1994, 853231)
(851883, 0, 1348, 853231)
(851237, 0, 1994, 853231)
(851883, 0, 1348, 853231)
(851237, 0, 1994, 853231)
(851883, 0, 1348, 853231)
(852056, 0, 1175, 853231)
(851410, 0, 1821, 853231)
(852056, 0, 1175, 853231)
(852229, 0, 1002, 853231)
(851583, 0, 1648, 853231)
(852229, 0, 1002, 853231)
(852402, 0, 829, 853231)
(852575, 0, 656, 853231)
(852173, 0, 1058, 853231)
(852575, 0, 656, 853231)
(852173, 0, 1058, 853231)
(852575, 0, 656, 853231)
(852173, 0, 1058, 853231)
(852575, 0, 656, 853231)
(852173, 0, 1058, 853231)
(852575, 0, 656, 853231)
(852402, 0, 829, 853231)
(851756, 0, 1475, 853231)
(852402, 0, 829, 853231)
(852575, 0, 656, 853231)
(852173, 0, 1058, 853231)
(852575, 0, 656, 853231)
(853075, 0, 156, 853231)
(852673, 0, 558, 853231)
(853075, 0, 156, 853231)
(853074, 0, 157, 853231)
(852672, 0, 559, 853231)
(853074, 0, 157, 853231)
(852428, 0, 803, 853231)
(853074, 0, 157, 853231)
(852428, 0, 803, 853231)
(853074, 0, 157, 853231)
(852428, 0, 803, 853231)
(853074, 0, 157, 853231)
(852428, 0, 803, 853231)
(853074, 0, 157, 853231)
(853075, 0, 156, 853231)
(852575, 0, 656, 853231)
(852402, 0, 829, 853231)
(852000, 0, 1231, 853231)
(852402, 0, 829, 853231)
(851756, 0, 1475, 853231)
(852402, 0, 829, 853231)
(851756, 0, 1475, 853231)
(852402, 0, 829, 853231)
(851756, 0, 1475, 853231)
(852402, 0, 829, 853231)
(851756, 0, 1475, 853231)
(852402, 0, 829, 853231)
(851756, 0, 1475, 853231)
(852402, 0, 829, 853231)
(852229, 0, 1002, 853231)
(851583, 0, 1648, 853231)
(852229, 0, 1002, 853231)
(851583, 0, 1648, 853231)
(852229, 0, 1002, 853231)
(851583, 0, 1648, 853231)
(852229, 0, 1002, 853231)
(852056, 0, 1175, 853231)
(851410, 0, 1821, 853231)
(852056, 0, 1175, 853231)
(851654, 0, 1577, 853231)
(852056, 0, 1175, 853231)
(851883, 0, 1348, 853231)
(851237, 0, 1994, 853231)
(851883, 0, 1348, 853231)
(851481, 0, 1750, 853231)
(851883, 0, 1348, 853231)
(851237, 0, 1994, 853231)
(851883, 0, 1348, 853231)
(851481, 0, 1750, 853231)
(851883, 0, 1348, 853231)
(852056, 0, 1175, 853231)
(851410, 0, 1821, 853231)
(852056, 0, 1175, 853231)
(851654, 0, 1577, 853231)
(852056, 0, 1175, 853231)
(851410, 0, 1821, 853231)
(852056, 0, 1175, 853231)
(851654, 0, 1577, 853231)
(852056, 0, 1175, 853231)
(851410, 0, 1821, 853231)
(852056, 0, 1175, 853231)
(851410, 0, 1821, 853231)
(852056, 0, 1175, 853231)
(851410, 0, 1821, 853231)
(852056, 0, 1175, 853231)
(851410, 0, 1821, 853231)
(852056, 0, 1175, 853231)
(852229, 0, 1002, 853231)
(851583, 0, 1648, 853231)
(852229, 0, 1002, 853231)
(851583, 0, 1648, 853231)
(852229, 0, 1002, 853231)
(851827, 0, 1404, 853231)
(852229, 0, 1002, 853231)
(851583, 0, 1648, 853231)
(852229, 0, 1002, 853231)
(852056, 0, 1175, 853231)
(852229, 0, 1002, 853231)
(851583, 0, 1648, 853231)
(852229, 0, 1002, 853231)
(851827, 0, 1404, 853231)
(852229, 0, 1002, 853231)
(851583, 0, 1648, 853231)
(852229, 0, 1002, 853231)
(851583, 0, 1648, 853231)
(852229, 0, 1002, 853231)
(851827, 0, 1404, 853231)
(852229, 0, 1002, 853231)
(851583, 0, 1648, 853231)
(852229, 0, 1002, 853231)
(851827, 0, 1404, 853231)
(852229, 0, 1002, 853231)
(851583, 0, 1648, 853231)
(852229, 0, 1002, 853231)
(852402, 0, 829, 853231)
(851756, 0, 1475, 853231)
(852402, 0, 829, 853231)
(852575, 0, 656, 853231)
(852402, 0, 829, 853231)
(851756, 0, 1475, 853231)
(852402, 0, 829, 853231)
(851756, 0, 1475, 853231)
(852402, 0, 829, 853231)
(852575, 0, 656, 853231)
(852731, 0, 500, 853231)
(852575, 0, 656, 853231)
(852173, 0, 1058, 853231)
(852575, 0, 656, 853231)
(852173, 0, 1058, 853231)
(852575, 0, 656, 853231)
(852173, 0, 1058, 853231)
(852575, 0, 656, 853231)
(852173, 0, 1058, 853231)
(852575, 0, 656, 853231)
(852173, 0, 1058, 853231)
(852575, 0, 656, 853231)
(852574, 0, 657, 853231)
(852630, 0, 663, 853293)
(852228, 0, 1065, 853293)
(852630, 0, 663, 853293)
(852457, 0, 836, 853293)
(852055, 0, 1238, 853293)
(852457, 0, 836, 853293)
(852055, 0, 1238, 853293)
(852457, 0, 836, 853293)
(852284, 0, 1009, 853293)
(851882, 0, 1411, 853293)
(852284, 0, 1009, 853293)
(851638, 0, 1655, 853293)
(852284, 0, 1009, 853293)
(851882, 0, 1411, 853293)
(852284, 0, 1009, 853293)
(851638, 0, 1655, 853293)
(852284, 0, 1009, 853293)
(851638, 0, 1655, 853293)
(852284, 0, 1009, 853293)
(852111, 0, 1182, 853293)
(851465, 0, 1828, 853293)
(852111, 0, 1182, 853293)
(851709, 0, 1584, 853293)
(852111, 0, 1182, 853293)
(851465, 0, 1828, 853293)
(852111, 0, 1182, 853293)
(852284, 0, 1009, 853293)
(851882, 0, 1411, 853293)
(852284, 0, 1009, 853293)
(851638, 0, 1655, 853293)
(852284, 0, 1009, 853293)
(851638, 0, 1655, 853293)
(852284, 0, 1009, 853293)
(851882, 0, 1411, 853293)
(852284, 0, 1009, 853293)
(851882, 0, 1411, 853293)
(852284, 0, 1009, 853293)
(851882, 0, 1411, 853293)
(852284, 0, 1009, 853293)
(851638, 0, 1655, 853293)
(852284, 0, 1009, 853293)
(851638, 0, 1655, 853293)
(852284, 0, 1009, 853293)
(851638, 0, 1655, 853293)
(852284, 0, 1009, 853293)
(851638, 0, 1655, 853293)
(852284, 0, 1009, 853293)
(851882, 0, 1411, 853293)
(852284, 0, 1009, 853293)
(852457, 0, 836, 853293)
(852630, 0, 663, 853293)
(852457, 0, 836, 853293)
(852284, 0, 1009, 853293)
(851882, 0, 1411, 853293)
(852284, 0, 1009, 853293)
(852111, 0, 1182, 853293)
(852284, 0, 1009, 853293)
(851638, 0, 1655, 853293)
(852284, 0, 1009, 853293)
(851638, 0, 1655, 853293)
(852284, 0, 1009, 853293)
(852111, 0, 1182, 853293)
(851465, 0, 1828, 853293)
(852111, 0, 1182, 853293)
(851465, 0, 1828, 853293)
(852111, 0, 1182, 853293)
(851709, 0, 1584, 853293)
(852111, 0, 1182, 853293)
(851709, 0, 1584, 853293)
(852111, 0, 1182, 853293)
(851465, 0, 1828, 853293)
(852111, 0, 1182, 853293)
(851465, 0, 1828, 853293)
(852111, 0, 1182, 853293)
(851938, 0, 1355, 853293)
(852111, 0, 1182, 853293)
(851709, 0, 1584, 853293)
(852111, 0, 1182, 853293)
(851709, 0, 1584, 853293)
(852111, 0, 1182, 853293)
(851465, 0, 1828, 853293)
(852111, 0, 1182, 853293)
(851709, 0, 1584, 853293)
(852111, 0, 1182, 853293)
(851465, 0, 1828, 853293)
(852111, 0, 1182, 853293)
(851465, 0, 1828, 853293)
(852111, 0, 1182, 853293)
(851465, 0, 1828, 853293)
(852111, 0, 1182, 853293)
(851465, 0, 1828, 853293)
(852111, 0, 1182, 853293)
(851465, 0, 1828, 853293)
(852111, 0, 1182, 853293)
(851465, 0, 1828, 853293)
(852111, 0, 1182, 853293)
(851465, 0, 1828, 853293)
(852111, 0, 1182, 853293)
(851465, 0, 1828, 853293)
(852111, 0, 1182, 853293)
(851465, 0, 1828, 853293)
(852111, 0, 1182, 853293)
(851465, 0, 1828, 853293)
(852111, 0, 1182, 853293)
(851465, 0, 1828, 853293)
(852111, 0, 1182, 853293)
(851465, 0, 1828, 853293)
(852111, 0, 1182, 853293)
(851465, 0, 1828, 853293)
(852111, 0, 1182, 853293)
(851709, 0, 1584, 853293)
(852111, 0, 1182, 853293)
(851465, 0, 1828, 853293)
(852111, 0, 1182, 853293)
