(852652, 0, 0, 852652)
(851889, 0, 0, 851889)
(851680, 0, 0, 851680)
(851680, 0, 0, 851680)
(849056, 0, 0, 849056)
(849056, 0, 0, 849056)
(847249, 0, 0, 847249)
(847249, 0, 0, 847249)
(846471, 0, 0, 846471)
(845498, 0, 0, 845498)
(849227, 0, 2932, 852159)
(847047, 844, 2932, 850823)
(847047, 844, 2932, 850823)
(845214, 844, 2932, 848990)
(843449, 844, 2932, 847225)
(843449, 844, 2932, 847225)
(841299, 844, 2932, 845075)
(839426, 844, 2932, 843202)
(837840, 844, 2932, 841616)
(837681, 844, 2932, 841457)
(847072, 1688, 7990, 856750)
(844818, 3940, 7990, 856748)
(844482, 1688, 7990, 854160)
(841281, 3940, 7990, 853211)
(841281, 3940, 7990, 853211)
(839967, 3940, 7990, 851897)
(838544, 3940, 7990, 850474)
(836945, 3940, 7990, 848875)
(836945, 3940, 7990, 848875)
(831474, 3940, 7990, 843404)
(844554, 3940, 9827, 858321)
(843661, 3940, 9827, 857428)
(843029, 3940, 9827, 856796)
(842886, 3940, 9827, 856653)
(840270, 3940, 9827, 854037)
(840270, 3940, 9827, 854037)
(839172, 3940, 9827, 852939)
(837181, 3940, 9827, 850948)
(837181, 3940, 9827, 850948)
(836448, 3940, 9827, 850215)
(844509, 3940, 13635, 862084)
(841353, 3940, 13635, 858928)
(840698, 3940, 13635, 858273)
(840209, 3940, 13635, 857784)
(851495, 0, 0, 851495)
(850843, 0, 0, 850843)
(849372, 0, 0, 849372)
(847690, 0, 0, 847690)
(847417, 0, 0, 847417)
(847384, 0, 0, 847384)
(850969, 0, 2262, 853231)
(850734, 0, 1891, 852625)
(849348, 0, 1891, 851239)
(848898, 0, 1891, 850789)
(848898, 0, 1891, 850789)
(847769, 0, 1891, 849660)
(847764, 0, 1891, 849655)
(845949, 0, 1891, 847840)
(845949, 0, 1891, 847840)
(845104, 0, 1891, 846995)
(850522, 0, 3206, 853728)
(849478, 0, 3584, 853062)
(849376, 0, 3584, 852960)
(846341, 0, 3584, 849925)
(846341, 0, 3584, 849925)
(845086, 0, 3584, 848670)
(843032, 0, 3584, 846616)
(841446, 0, 3584, 845030)
(841446, 0, 3584, 845030)
(839898, 0, 3584, 843482)
(845537, 0, 8336, 853873)
(845537, 0, 8336, 853873)
(843930, 0, 8336, 852266)
(843309, 0, 8336, 851645)
(842037, 0, 8336, 850373)
(841416, 0, 8336, 849752)
(840288, 0, 8336, 848624)
(838048, 0, 8336, 846384)
(836577, 0, 8336, 844913)
(836577, 0, 8336, 844913)
(843317, 0, 18053, 861370)
(842535, 0, 18053, 860588)
(842535, 0, 18053, 860588)
(842270, 0, 18053, 860323)
(840853, 0, 18053, 858906)
(840187, 0, 18053, 858240)
(840187, 0, 18053, 858240)
(837950, 0, 18053, 856003)
(836996, 0, 18053, 855049)
(850488, 0, 0, 850488)
(848283, 0, 2205, 850488)
(848283, 0, 0, 848283)
(848283, 0, 0, 848283)
(847023, 0, 0, 847023)
(847023, 0, 0, 847023)
(845821, 0, 0, 845821)
(843868, 0, 0, 843868)
(843474, 0, 0, 843474)
(842024, 0, 0, 842024)
(839030, 0, 0, 839030)
(845624, 0, 11554, 857178)
(844049, 0, 12252, 856301)
(844049, 0, 12252, 856301)
(842098, 0, 12252, 854350)
(851788, 0, 0, 851788)
(851399, 0, 0, 851399)
(850467, 0, 0, 850467)
(848071, 2190, 0, 850261)
(849669, 542, 0, 850211)
(846833, 2190, 0, 849023)
(851226, 1084, 2311, 854621)
(849742, 1084, 2311, 853137)
(849235, 1084, 2311, 852630)
(847318, 1084, 2311, 850713)
(845901, 1084, 2311, 849296)
(845901, 1084, 2311, 849296)
(845340, 1084, 2311, 848735)
(844927, 1084, 2311, 848322)
(842815, 2692, 2311, 847818)
(844270, 1084, 2311, 847665)
(849670, 1084, 6247, 857001)
(848960, 1084, 6247, 856291)
(845730, 1084, 6247, 853061)
(845068, 1084, 6247, 852399)
(843723, 1084, 6247, 851054)
(853231, 0, 0, 853231)
