(729417, 0, 308, 729725)
(729725, 0, 0, 729725)
(729629, 0, 96, 729725)
(728911, 0, 814, 729725)
(728193, 0, 1532, 729725)
(728911, 0, 814, 729725)
(728193, 0, 1532, 729725)
(728911, 0, 814, 729725)
(728193, 0, 1532, 729725)
(728911, 0, 814, 729725)
(729629, 0, 96, 729725)
(729725, 0, 0, 729725)
(729417, 0, 308, 729725)
(728699, 0, 1026, 729725)
(729417, 0, 308, 729725)
(728699, 0, 1026, 729725)
(729417, 0, 308, 729725)
(729725, 0, 0, 729725)
(729417, 0, 308, 729725)
(728699, 0, 1026, 729725)
(729417, 0, 308, 729725)
(728699, 0, 1026, 729725)
(727981, 0, 1744, 729725)
(728699, 0, 1026, 729725)
(727981, 0, 1744, 729725)
(728289, 0, 1436, 729725)
(729007, 0, 718, 729725)
(729725, 0, 0, 729725)
(729007, 0, 718, 729725)
(729725, 0, 0, 729725)
(729007, 0, 718, 729725)
(729725, 0, 0, 729725)
(729417, 0, 308, 729725)
(729725, 0, 0, 729725)
(729732, 0, 1, 729733)
(729424, 0, 309, 729733)
(728706, 0, 1027, 729733)
(729424, 0, 309, 729733)
(728706, 0, 1027, 729733)
(729424, 0, 309, 729733)
(729732, 0, 1, 729733)
(729636, 0, 97, 729733)
(729732, 0, 1, 729733)
(729424, 0, 309, 729733)
(729732, 0, 1, 729733)
(729424, 0, 309, 729733)
(729732, 0, 1, 729733)
(729014, 0, 719, 729733)
(728296, 0, 1437, 729733)
(729014, 0, 719, 729733)
(729732, 0, 1, 729733)
(729636, 0, 97, 729733)
(728918, 0, 815, 729733)
(728200, 0, 1533, 729733)
(728918, 0, 815, 729733)
(728200, 0, 1533, 729733)
(728918, 0, 815, 729733)
(728200, 0, 1533, 729733)
(728918, 0, 815, 729733)
(729636, 0, 97, 729733)
(728918, 0, 815, 729733)
(729636, 0, 97, 729733)
(728918, 0, 815, 729733)
(728200, 0, 1533, 729733)
(728296, 0, 1437, 729733)
(728295, 0, 1438, 729733)
(727987, 0, 1746, 729733)
(728705, 0, 1028, 729733)
(727987, 0, 1746, 729733)
(728295, 0, 1438, 729733)
(728294, 0, 1439, 729733)
(729012, 0, 721, 729733)
(729730, 0, 3, 729733)
(729012, 0, 721, 729733)
(729730, 0, 3, 729733)
(729422, 0, 311, 729733)
(728704, 0, 1029, 729733)
(727986, 0, 1747, 729733)
(728704, 0, 1029, 729733)
(727986, 0, 1747, 729733)
(728704, 0, 1029, 729733)
(729422, 0, 311, 729733)
(729730, 0, 3, 729733)
(729729, 0, 4, 729733)
(729011, 0, 722, 729733)
(728293, 0, 1440, 729733)
(728294, 0, 1439, 729733)
(729012, 0, 721, 729733)
(729730, 0, 3, 729733)
(729634, 0, 99, 729733)
(728916, 0, 817, 729733)
(729634, 0, 99, 729733)
(728916, 0, 817, 729733)
(728198, 0, 1535, 729733)
(728916, 0, 817, 729733)
(728198, 0, 1535, 729733)
(728294, 0, 1439, 729733)
(729012, 0, 721, 729733)
(729730, 0, 3, 729733)
(729422, 0, 311, 729733)
(728704, 0, 1029, 729733)
(729422, 0, 311, 729733)
(728704, 0, 1029, 729733)
(729422, 0, 311, 729733)
(728704, 0, 1029, 729733)
(729422, 0, 311, 729733)
(728704, 0, 1029, 729733)
(727986, 0, 1747, 729733)
(728704, 0, 1029, 729733)
(727986, 0, 1747, 729733)
(728704, 0, 1029, 729733)
(729422, 0, 311, 729733)
(728704, 0, 1029, 729733)
(729422, 0, 311, 729733)
(728704, 0, 1029, 729733)
(729422, 0, 311, 729733)
(729730, 0, 3, 729733)
(729422, 0, 311, 729733)
(728704, 0, 1029, 729733)
(729422, 0, 311, 729733)
(728704, 0, 1029, 729733)
(727986, 0, 1747, 729733)
(728294, 0, 1439, 729733)
(729012, 0, 721, 729733)
(728294, 0, 1439, 729733)
(729012, 0, 721, 729733)
(728294, 0, 1439, 729733)
(728198, 0, 1535, 729733)
(728294, 0, 1439, 729733)
(729012, 0, 721, 729733)
(728294, 0, 1439, 729733)
(729012, 0, 721, 729733)
(729730, 0, 3, 729733)
(729422, 0, 311, 729733)
(729730, 0, 3, 729733)
(729634, 0, 99, 729733)
(728916, 0, 817, 729733)
(729634, 0, 99, 729733)
(728916, 0, 817, 729733)
(729634, 0, 99, 729733)
(728916, 0, 817, 729733)
(728198, 0, 1535, 729733)
(728916, 0, 817, 729733)
(728198, 0, 1535, 729733)
(728294, 0, 1439, 729733)
(727986, 0, 1747, 729733)
(728704, 0, 1029, 729733)
(727986, 0, 1747, 729733)
(728704, 0, 1029, 729733)
(727986, 0, 1747, 729733)
(728294, 0, 1439, 729733)
(728198, 0, 1535, 729733)
(728294, 0, 1439, 729733)
(727986, 0, 1747, 729733)
(728704, 0, 1029, 729733)
(727986, 0, 1747, 729733)
(728704, 0, 1029, 729733)
(729422, 0, 311, 729733)
(728704, 0, 1029, 729733)
(727986, 0, 1747, 729733)
(728294, 0, 1439, 729733)
(729012, 0, 721, 729733)
(728294, 0, 1439, 729733)
(729012, 0, 721, 729733)
(728294, 0, 1439, 729733)
(728198, 0, 1535, 729733)
(728294, 0, 1439, 729733)
(727986, 0, 1747, 729733)
(728704, 0, 1029, 729733)
(727986, 0, 1747, 729733)
(728294, 0, 1439, 729733)
(729012, 0, 721, 729733)
(728294, 0, 1439, 729733)
(729012, 0, 721, 729733)
(728294, 0, 1439, 729733)
(729012, 0, 721, 729733)
(729730, 0, 3, 729733)
(729012, 0, 721, 729733)
(729730, 0, 3, 729733)
(729012, 0, 721, 729733)
(729730, 0, 3, 729733)
(729012, 0, 721, 729733)
(728294, 0, 1439, 729733)
(728198, 0, 1535, 729733)
(728294, 0, 1439, 729733)
(729012, 0, 721, 729733)
(729730, 0, 3, 729733)
(729422, 0, 311, 729733)
(728704, 0, 1029, 729733)
(727986, 0, 1747, 729733)
(728704, 0, 1029, 729733)
(729422, 0, 311, 729733)
(729730, 0, 3, 729733)
(729012, 0, 721, 729733)
(729730, 0, 3, 729733)
(729012, 0, 721, 729733)
(729730, 0, 3, 729733)
(729422, 0, 311, 729733)
(729730, 0, 3, 729733)
(729422, 0, 311, 729733)
(728704, 0, 1029, 729733)
(729422, 0, 311, 729733)
(728704, 0, 1029, 729733)
(727986, 0, 1747, 729733)
(728294, 0, 1439, 729733)
(729012, 0, 721, 729733)
(729730, 0, 3, 729733)
(729012, 0, 721, 729733)
(728294, 0, 1439, 729733)
(729012, 0, 721, 729733)
(729730, 0, 3, 729733)
(729012, 0, 721, 729733)
(728294, 0, 1439, 729733)
(729012, 0, 721, 729733)
(729730, 0, 3, 729733)
(729634, 0, 99, 729733)
(729730, 0, 3, 729733)
(729634, 0, 99, 729733)
(728916, 0, 817, 729733)
(729634, 0, 99, 729733)
(728916, 0, 817, 729733)
(729634, 0, 99, 729733)
(729730, 0, 3, 729733)
(729634, 0, 99, 729733)
(729730, 0, 3, 729733)
(729422, 0, 311, 729733)
(728704, 0, 1029, 729733)
(729422, 0, 311, 729733)
(729730, 0, 3, 729733)
(729634, 0, 99, 729733)
(729730, 0, 3, 729733)
(729634, 0, 99, 729733)
(728916, 0, 817, 729733)
(728198, 0, 1535, 729733)
(728294, 0, 1439, 729733)
(728295, 0, 1438, 729733)
(729013, 0, 720, 729733)
(728295, 0, 1438, 729733)
(729013, 0, 720, 729733)
(728295, 0, 1438, 729733)
(729013, 0, 720, 729733)
(729731, 0, 2, 729733)
(729013, 0, 720, 729733)
(728295, 0, 1438, 729733)
(728294, 0, 1439, 729733)
(729012, 0, 721, 729733)
(728294, 0, 1439, 729733)
(727986, 0, 1747, 729733)
(728704, 0, 1029, 729733)
(729422, 0, 311, 729733)
(728704, 0, 1029, 729733)
(729422, 0, 311, 729733)
(728704, 0, 1029, 729733)
(727986, 0, 1747, 729733)
(728704, 0, 1029, 729733)
(727986, 0, 1747, 729733)
(728294, 0, 1439, 729733)
(729012, 0, 721, 729733)
(729730, 0, 3, 729733)
(729731, 0, 2, 729733)
(729013, 0, 720, 729733)
(729731, 0, 2, 729733)
(729013, 0, 720, 729733)
(728295, 0, 1438, 729733)
(727987, 0, 1746, 729733)
(728295, 0, 1438, 729733)
(729013, 0, 720, 729733)
(728295, 0, 1438, 729733)
(729013, 0, 720, 729733)
(729731, 0, 2, 729733)
(729013, 0, 720, 729733)
(729731, 0, 2, 729733)
(729013, 0, 720, 729733)
(729731, 0, 2, 729733)
(729732, 0, 1, 729733)
(729424, 0, 309, 729733)
(728706, 0, 1027, 729733)
(729424, 0, 309, 729733)
(728706, 0, 1027, 729733)
(727988, 0, 1745, 729733)
(728296, 0, 1437, 729733)
(729014, 0, 719, 729733)
(729732, 0, 1, 729733)
(729424, 0, 309, 729733)
(729732, 0, 1, 729733)
(729424, 0, 309, 729733)
(729732, 0, 1, 729733)
(729014, 0, 719, 729733)
(728296, 0, 1437, 729733)
(727988, 0, 1745, 729733)
(728296, 0, 1437, 729733)
(728295, 0, 1438, 729733)
(727987, 0, 1746, 729733)
(728295, 0, 1438, 729733)
(729013, 0, 720, 729733)
(728295, 0, 1438, 729733)
(727987, 0, 1746, 729733)
(728295, 0, 1438, 729733)
(729013, 0, 720, 729733)
(728295, 0, 1438, 729733)
(729013, 0, 720, 729733)
(729731, 0, 2, 729733)
(729635, 0, 98, 729733)
(728917, 0, 816, 729733)
(729635, 0, 98, 729733)
(728917, 0, 816, 729733)
(729635, 0, 98, 729733)
(728917, 0, 816, 729733)
(728199, 0, 1534, 729733)
(728295, 0, 1438, 729733)
(729013, 0, 720, 729733)
(728295, 0, 1438, 729733)
(729013, 0, 720, 729733)
(728295, 0, 1438, 729733)
(728199, 0, 1534, 729733)
(728917, 0, 816, 729733)
(728199, 0, 1534, 729733)
(728917, 0, 816, 729733)
(729635, 0, 98, 729733)
(728917, 0, 816, 729733)
(729635, 0, 98, 729733)
(729731, 0, 2, 729733)
(729013, 0, 720, 729733)
(729731, 0, 2, 729733)
(729423, 0, 310, 729733)
(729731, 0, 2, 729733)
(729013, 0, 720, 729733)
(728295, 0, 1438, 729733)
(728296, 0, 1437, 729733)
(729014, 0, 719, 729733)
(729732, 0, 1, 729733)
(729014, 0, 719, 729733)
(729732, 0, 1, 729733)
(729731, 0, 2, 729733)
(729013, 0, 720, 729733)
(729731, 0, 2, 729733)
(729013, 0, 720, 729733)
(728295, 0, 1438, 729733)
(729013, 0, 720, 729733)
(729731, 0, 2, 729733)
(729013, 0, 720, 729733)
(728295, 0, 1438, 729733)
(728199, 0, 1534, 729733)
(728295, 0, 1438, 729733)
(728296, 0, 1437, 729733)
(729014, 0, 719, 729733)
(729732, 0, 1, 729733)
(729636, 0, 97, 729733)
(729732, 0, 1, 729733)
(729014, 0, 719, 729733)
(729732, 0, 1, 729733)
(729424, 0, 309, 729733)
(728706, 0, 1027, 729733)
(727988, 0, 1745, 729733)
(728706, 0, 1027, 729733)
(727988, 0, 1745, 729733)
(728706, 0, 1027, 729733)
(729424, 0, 309, 729733)
(728706, 0, 1027, 729733)
(729424, 0, 309, 729733)
(728706, 0, 1027, 729733)
(727988, 0, 1745, 729733)
(728296, 0, 1437, 729733)
(728200, 0, 1533, 729733)
(728918, 0, 815, 729733)
(729636, 0, 97, 729733)
(729732, 0, 1, 729733)
(729014, 0, 719, 729733)
(729732, 0, 1, 729733)
(729424, 0, 309, 729733)
(729732, 0, 1, 729733)
(729014, 0, 719, 729733)
(729732, 0, 1, 729733)
(729014, 0, 719, 729733)
(729732, 0, 1, 729733)
(729014, 0, 719, 729733)
(729732, 0, 1, 729733)
(729731, 0, 2, 729733)
(729013, 0, 720, 729733)
(728295, 0, 1438, 729733)
(729013, 0, 720, 729733)
(729731, 0, 2, 729733)
(729423, 0, 310, 729733)
(728705, 0, 1028, 729733)
(729423, 0, 310, 729733)
(728705, 0, 1028, 729733)
(727987, 0, 1746, 729733)
(728295, 0, 1438, 729733)
(727987, 0, 1746, 729733)
(728705, 0, 1028, 729733)
(729423, 0, 310, 729733)
(728705, 0, 1028, 729733)
(727987, 0, 1746, 729733)
(728295, 0, 1438, 729733)
(728199, 0, 1534, 729733)
(728917, 0, 816, 729733)
(729635, 0, 98, 729733)
(728917, 0, 816, 729733)
(728199, 0, 1534, 729733)
(728295, 0, 1438, 729733)
(729013, 0, 720, 729733)
(729731, 0, 2, 729733)
(729423, 0, 310, 729733)
(729731, 0, 2, 729733)
(729013, 0, 720, 729733)
(729731, 0, 2, 729733)
(729013, 0, 720, 729733)
(729731, 0, 2, 729733)
(729423, 0, 310, 729733)
(728705, 0, 1028, 729733)
(727987, 0, 1746, 729733)
(728295, 0, 1438, 729733)
(727987, 0, 1746, 729733)
(728295, 0, 1438, 729733)
(728199, 0, 1534, 729733)
(728917, 0, 816, 729733)
(729635, 0, 98, 729733)
(728917, 0, 816, 729733)
(729635, 0, 98, 729733)
(729731, 0, 2, 729733)
(729013, 0, 720, 729733)
(728295, 0, 1438, 729733)
(728199, 0, 1534, 729733)
(728917, 0, 816, 729733)
(729635, 0, 98, 729733)
(728917, 0, 816, 729733)
(728199, 0, 1534, 729733)
(728917, 0, 816, 729733)
(728199, 0, 1534, 729733)
(728295, 0, 1438, 729733)
(727987, 0, 1746, 729733)
(728705, 0, 1028, 729733)
(727987, 0, 1746, 729733)
(728295, 0, 1438, 729733)
(729013, 0, 720, 729733)
(729731, 0, 2, 729733)
(729013, 0, 720, 729733)
(729731, 0, 2, 729733)
(729013, 0, 720, 729733)
(728295, 0, 1438, 729733)
(727987, 0, 1746, 729733)
(728705, 0, 1028, 729733)
(729423, 0, 310, 729733)
(729731, 0, 2, 729733)
(729635, 0, 98, 729733)
(728917, 0, 816, 729733)
(729635, 0, 98, 729733)
(729731, 0, 2, 729733)
(729635, 0, 98, 729733)
(728917, 0, 816, 729733)
(728199, 0, 1534, 729733)
(728295, 0, 1438, 729733)
(729013, 0, 720, 729733)
(728295, 0, 1438, 729733)
(729013, 0, 720, 729733)
(729731, 0, 2, 729733)
(729635, 0, 98, 729733)
(729731, 0, 2, 729733)
(729423, 0, 310, 729733)
(728705, 0, 1028, 729733)
(727987, 0, 1746, 729733)
(728295, 0, 1438, 729733)
(729013, 0, 720, 729733)
(729731, 0, 2, 729733)
(729423, 0, 310, 729733)
(729731, 0, 2, 729733)
(729013, 0, 720, 729733)
(728295, 0, 1438, 729733)
(727987, 0, 1746, 729733)
(728295, 0, 1438, 729733)
(729013, 0, 720, 729733)
(729731, 0, 2, 729733)
(729732, 0, 1, 729733)
(729424, 0, 309, 729733)
(729732, 0, 1, 729733)
(729014, 0, 719, 729733)
(729732, 0, 1, 729733)
(729636, 0, 97, 729733)
(728918, 0, 815, 729733)
(728200, 0, 1533, 729733)
(728918, 0, 815, 729733)
(729636, 0, 97, 729733)
(728918, 0, 815, 729733)
(729636, 0, 97, 729733)
(728918, 0, 815, 729733)
(728200, 0, 1533, 729733)
(728296, 0, 1437, 729733)
(727988, 0, 1745, 729733)
(728296, 0, 1437, 729733)
(727988, 0, 1745, 729733)
(728706, 0, 1027, 729733)
(729424, 0, 309, 729733)
(729732, 0, 1, 729733)
(729424, 0, 309, 729733)
(729732, 0, 1, 729733)
(729731, 0, 2, 729733)
(729013, 0, 720, 729733)
(729731, 0, 2, 729733)
(729423, 0, 310, 729733)
(729731, 0, 2, 729733)
(729013, 0, 720, 729733)
(729731, 0, 2, 729733)
(729423, 0, 310, 729733)
(728705, 0, 1028, 729733)
(729423, 0, 310, 729733)
(729731, 0, 2, 729733)
(729635, 0, 98, 729733)
(728917, 0, 816, 729733)
(729635, 0, 98, 729733)
(729731, 0, 2, 729733)
(729013, 0, 720, 729733)
(728295, 0, 1438, 729733)
(729013, 0, 720, 729733)
(728295, 0, 1438, 729733)
(727987, 0, 1746, 729733)
(728295, 0, 1438, 729733)
(727987, 0, 1746, 729733)
(728705, 0, 1028, 729733)
(727987, 0, 1746, 729733)
(728705, 0, 1028, 729733)
(727987, 0, 1746, 729733)
(728705, 0, 1028, 729733)
(729423, 0, 310, 729733)
(729731, 0, 2, 729733)
(729013, 0, 720, 729733)
(729731, 0, 2, 729733)
(729013, 0, 720, 729733)
(729731, 0, 2, 729733)
(729423, 0, 310, 729733)
(729731, 0, 2, 729733)
(729423, 0, 310, 729733)
(728705, 0, 1028, 729733)
(729423, 0, 310, 729733)
(728705, 0, 1028, 729733)
(729423, 0, 310, 729733)
(729731, 0, 2, 729733)
(729423, 0, 310, 729733)
(729731, 0, 2, 729733)
(729013, 0, 720, 729733)
(728295, 0, 1438, 729733)
(729013, 0, 720, 729733)
(729731, 0, 2, 729733)
(729423, 0, 310, 729733)
(728705, 0, 1028, 729733)
(729423, 0, 310, 729733)
(729731, 0, 2, 729733)
(729013, 0, 720, 729733)
(728295, 0, 1438, 729733)
(729013, 0, 720, 729733)
(728295, 0, 1438, 729733)
(727987, 0, 1746, 729733)
(728705, 0, 1028, 729733)
(727987, 0, 1746, 729733)
(728295, 0, 1438, 729733)
(728199, 0, 1534, 729733)
(728295, 0, 1438, 729733)
(729013, 0, 720, 729733)
(729731, 0, 2, 729733)
(729013, 0, 720, 729733)
(728295, 0, 1438, 729733)
(727987, 0, 1746, 729733)
(728705, 0, 1028, 729733)
(727987, 0, 1746, 729733)
(728295, 0, 1438, 729733)
(729013, 0, 720, 729733)
(729731, 0, 2, 729733)
(729013, 0, 720, 729733)
(728295, 0, 1438, 729733)
(727987, 0, 1746, 729733)
(728295, 0, 1438, 729733)
(728199, 0, 1534, 729733)
(728295, 0, 1438, 729733)
(727987, 0, 1746, 729733)
(728705, 0, 1028, 729733)
(727987, 0, 1746, 729733)
(728705, 0, 1028, 729733)
(727987, 0, 1746, 729733)
(728705, 0, 1028, 729733)
(727987, 0, 1746, 729733)
(728705, 0, 1028, 729733)
(729423, 0, 310, 729733)
(729731, 0, 2, 729733)
(729732, 0, 1, 729733)
(729636, 0, 97, 729733)
(729732, 0, 1, 729733)
(729014, 0, 719, 729733)
(729732, 0, 1, 729733)
(729636, 0, 97, 729733)
(729732, 0, 1, 729733)
(729014, 0, 719, 729733)
(729732, 0, 1, 729733)
(729731, 0, 2, 729733)
(729635, 0, 98, 729733)
(729731, 0, 2, 729733)
(729423, 0, 310, 729733)
(728705, 0, 1028, 729733)
(727987, 0, 1746, 729733)
(728705, 0, 1028, 729733)
(727987, 0, 1746, 729733)
(728705, 0, 1028, 729733)
(727987, 0, 1746, 729733)
(728295, 0, 1438, 729733)
(728294, 0, 1439, 729733)
(727986, 0, 1747, 729733)
(728704, 0, 1029, 729733)
(727986, 0, 1747, 729733)
(728704, 0, 1029, 729733)
(727986, 0, 1747, 729733)
(728704, 0, 1029, 729733)
(729422, 0, 311, 729733)
(728704, 0, 1029, 729733)
(727986, 0, 1747, 729733)
(728294, 0, 1439, 729733)
(728198, 0, 1535, 729733)
(728916, 0, 817, 729733)
(729634, 0, 99, 729733)
(729730, 0, 3, 729733)
(729729, 0, 4, 729733)
(729011, 0, 722, 729733)
(728293, 0, 1440, 729733)
(729011, 0, 722, 729733)
(728293, 0, 1440, 729733)
(727985, 0, 1748, 729733)
(728293, 0, 1440, 729733)
(728197, 0, 1536, 729733)
(728293, 0, 1440, 729733)
(728294, 0, 1439, 729733)
(729012, 0, 721, 729733)
(728294, 0, 1439, 729733)
(728198, 0, 1535, 729733)
(728294, 0, 1439, 729733)
(729012, 0, 721, 729733)
(729730, 0, 3, 729733)
(729012, 0, 721, 729733)
(728294, 0, 1439, 729733)
(729012, 0, 721, 729733)
(729730, 0, 3, 729733)
(729012, 0, 721, 729733)
(729730, 0, 3, 729733)
(729422, 0, 311, 729733)
(729730, 0, 3, 729733)
(729731, 0, 2, 729733)
(729013, 0, 720, 729733)
(728295, 0, 1438, 729733)
(729013, 0, 720, 729733)
(728295, 0, 1438, 729733)
(729013, 0, 720, 729733)
(728295, 0, 1438, 729733)
(729013, 0, 720, 729733)
(729731, 0, 2, 729733)
(729423, 0, 310, 729733)
(729731, 0, 2, 729733)
(729013, 0, 720, 729733)
(728295, 0, 1438, 729733)
(729013, 0, 720, 729733)
(728295, 0, 1438, 729733)
(727987, 0, 1746, 729733)
(728705, 0, 1028, 729733)
(729423, 0, 310, 729733)
(728705, 0, 1028, 729733)
(727987, 0, 1746, 729733)
(728705, 0, 1028, 729733)
(727987, 0, 1746, 729733)
(728705, 0, 1028, 729733)
(727987, 0, 1746, 729733)
(728295, 0, 1438, 729733)
(727987, 0, 1746, 729733)
(728705, 0, 1028, 729733)
(727987, 0, 1746, 729733)
(728705, 0, 1028, 729733)
(727987, 0, 1746, 729733)
(728705, 0, 1028, 729733)
(729423, 0, 310, 729733)
(729731, 0, 2, 729733)
(729423, 0, 310, 729733)
(729731, 0, 2, 729733)
(729013, 0, 720, 729733)
(728295, 0, 1438, 729733)
(728199, 0, 1534, 729733)
(728917, 0, 816, 729733)
(728199, 0, 1534, 729733)
(728917, 0, 816, 729733)
(728199, 0, 1534, 729733)
(728295, 0, 1438, 729733)
(729013, 0, 720, 729733)
(728295, 0, 1438, 729733)
(727987, 0, 1746, 729733)
(728295, 0, 1438, 729733)
(727987, 0, 1746, 729733)
(728295, 0, 1438, 729733)
(729013, 0, 720, 729733)
(729731, 0, 2, 729733)
(729013, 0, 720, 729733)
(728295, 0, 1438, 729733)
(727987, 0, 1746, 729733)
(728705, 0, 1028, 729733)
(729423, 0, 310, 729733)
(728705, 0, 1028, 729733)
(727987, 0, 1746, 729733)
(728705, 0, 1028, 729733)
(729423, 0, 310, 729733)
(729731, 0, 2, 729733)
(729013, 0, 720, 729733)
(729731, 0, 2, 729733)
(729013, 0, 720, 729733)
(729731, 0, 2, 729733)
(729423, 0, 310, 729733)
(728705, 0, 1028, 729733)
(729423, 0, 310, 729733)
(728705, 0, 1028, 729733)
(727987, 0, 1746, 729733)
(728295, 0, 1438, 729733)
(728603, 0, 1534, 730137)
(728699, 0, 1438, 730137)
(729417, 0, 720, 730137)
(728699, 0, 1438, 730137)
(729417, 0, 720, 730137)
(730135, 0, 2, 730137)
(730039, 0, 98, 730137)
(729943, 0, 194, 730137)
(730039, 0, 98, 730137)
(729731, 0, 2, 729733)
(729013, 0, 720, 729733)
(728295, 0, 1438, 729733)
(729013, 0, 720, 729733)
(728295, 0, 1438, 729733)
(729013, 0, 720, 729733)
(728295, 0, 1438, 729733)
(729013, 0, 720, 729733)
(729731, 0, 2, 729733)
(729013, 0, 720, 729733)
(728295, 0, 1438, 729733)
(727987, 0, 1746, 729733)
(728705, 0, 1028, 729733)
(727987, 0, 1746, 729733)
(728705, 0, 1028, 729733)
(727987, 0, 1746, 729733)
(728705, 0, 1028, 729733)
(727987, 0, 1746, 729733)
(728705, 0, 1028, 729733)
(729423, 0, 310, 729733)
(729731, 0, 2, 729733)
(729635, 0, 98, 729733)
(729731, 0, 2, 729733)
(729423, 0, 310, 729733)
(729731, 0, 2, 729733)
(729423, 0, 310, 729733)
(728705, 0, 1028, 729733)
(729423, 0, 310, 729733)
(728705, 0, 1028, 729733)
(727987, 0, 1746, 729733)
(728705, 0, 1028, 729733)
(727987, 0, 1746, 729733)
(728705, 0, 1028, 729733)
(729423, 0, 310, 729733)
(728705, 0, 1028, 729733)
(727987, 0, 1746, 729733)
(728295, 0, 1438, 729733)
(728296, 0, 1437, 729733)
(728200, 0, 1533, 729733)
(728296, 0, 1437, 729733)
(728200, 0, 1533, 729733)
(728296, 0, 1437, 729733)
(729014, 0, 719, 729733)
(729732, 0, 1, 729733)
(729014, 0, 719, 729733)
(729732, 0, 1, 729733)
(729014, 0, 719, 729733)
(728296, 0, 1437, 729733)
(727988, 0, 1745, 729733)
(728706, 0, 1027, 729733)
(729424, 0, 309, 729733)
(729732, 0, 1, 729733)
(729014, 0, 719, 729733)
(728296, 0, 1437, 729733)
(728200, 0, 1533, 729733)
(728296, 0, 1437, 729733)
(728303, 0, 1438, 729741)
(729021, 0, 720, 729741)
(728303, 0, 1438, 729741)
(729021, 0, 720, 729741)
(728303, 0, 1438, 729741)
(727995, 0, 1746, 729741)
(728303, 0, 1438, 729741)
(727995, 0, 1746, 729741)
(728303, 0, 1438, 729741)
(727995, 0, 1746, 729741)
(728303, 0, 1438, 729741)
(727995, 0, 1746, 729741)
(728303, 0, 1438, 729741)
(729021, 0, 720, 729741)
(729739, 0, 2, 729741)
(729021, 0, 720, 729741)
(729739, 0, 2, 729741)
(729021, 0, 720, 729741)
(729739, 0, 2, 729741)
(729021, 0, 720, 729741)
(728303, 0, 1438, 729741)
(727995, 0, 1746, 729741)
(728713, 0, 1028, 729741)
(727995, 0, 1746, 729741)
(728303, 0, 1438, 729741)
(727995, 0, 1746, 729741)
(728713, 0, 1028, 729741)
(727995, 0, 1746, 729741)
(728303, 0, 1438, 729741)
(729021, 0, 720, 729741)
(728303, 0, 1438, 729741)
(727995, 0, 1746, 729741)
(728303, 0, 1438, 729741)
(729021, 0, 720, 729741)
(729739, 0, 2, 729741)
(729431, 0, 310, 729741)
(728713, 0, 1028, 729741)
(727995, 0, 1746, 729741)
(728713, 0, 1028, 729741)
(729431, 0, 310, 729741)
(728713, 0, 1028, 729741)
(729431, 0, 310, 729741)
(728713, 0, 1028, 729741)
(729431, 0, 310, 729741)
(728713, 0, 1028, 729741)
(727995, 0, 1746, 729741)
(728303, 0, 1438, 729741)
(729021, 0, 720, 729741)
(729739, 0, 2, 729741)
(729021, 0, 720, 729741)
(728303, 0, 1438, 729741)
(727995, 0, 1746, 729741)
(728713, 0, 1028, 729741)
(727995, 0, 1746, 729741)
(728303, 0, 1438, 729741)
(729021, 0, 720, 729741)
(729739, 0, 2, 729741)
(729643, 0, 98, 729741)
(729739, 0, 2, 729741)
(729732, 0, 1, 729733)
(729014, 0, 719, 729733)
(728296, 0, 1437, 729733)
(728303, 0, 1438, 729741)
(729021, 0, 720, 729741)
(728303, 0, 1438, 729741)
(729021, 0, 720, 729741)
(729739, 0, 2, 729741)
(729738, 0, 3, 729741)
(729739, 0, 2, 729741)
(729732, 0, 1, 729733)
(729014, 0, 719, 729733)
(728296, 0, 1437, 729733)
(729014, 0, 719, 729733)
(729732, 0, 1, 729733)
(729739, 0, 2, 729741)
(729021, 0, 720, 729741)
(728303, 0, 1438, 729741)
(729021, 0, 720, 729741)
(729739, 0, 2, 729741)
(729021, 0, 720, 729741)
(728303, 0, 1438, 729741)
(729021, 0, 720, 729741)
(728303, 0, 1438, 729741)
(729021, 0, 720, 729741)
(729739, 0, 2, 729741)
(729732, 0, 1, 729733)
(729014, 0, 719, 729733)
(729732, 0, 1, 729733)
(729739, 0, 2, 729741)
(729431, 0, 310, 729741)
(729739, 0, 2, 729741)
(729021, 0, 720, 729741)
(729739, 0, 2, 729741)
(729021, 0, 720, 729741)
(728303, 0, 1438, 729741)
(729021, 0, 720, 729741)
(729739, 0, 2, 729741)
(729021, 0, 720, 729741)
(729739, 0, 2, 729741)
(729643, 0, 98, 729741)
(729739, 0, 2, 729741)
(729643, 0, 98, 729741)
(729739, 0, 2, 729741)
(729738, 0, 3, 729741)
(729430, 0, 311, 729741)
(729738, 0, 3, 729741)
(729430, 0, 311, 729741)
(728712, 0, 1029, 729741)
(727994, 0, 1747, 729741)
(728712, 0, 1029, 729741)
(729430, 0, 311, 729741)
(728712, 0, 1029, 729741)
(727994, 0, 1747, 729741)
(728712, 0, 1029, 729741)
(729430, 0, 311, 729741)
(729738, 0, 3, 729741)
(729430, 0, 311, 729741)
(728712, 0, 1029, 729741)
(729430, 0, 311, 729741)
(728712, 0, 1029, 729741)
(729430, 0, 311, 729741)
(728712, 0, 1029, 729741)
(727994, 0, 1747, 729741)
(728302, 0, 1439, 729741)
(728301, 0, 1440, 729741)
(728300, 0, 1441, 729741)
(729018, 0, 723, 729741)
(729736, 0, 5, 729741)
(729018, 0, 723, 729741)
(728300, 0, 1441, 729741)
(729018, 0, 723, 729741)
(728300, 0, 1441, 729741)
(728204, 0, 1537, 729741)
(728300, 0, 1441, 729741)
(728293, 0, 1440, 729733)
(729011, 0, 722, 729733)
(728293, 0, 1440, 729733)
(727985, 0, 1748, 729733)
(728703, 0, 1030, 729733)
(729421, 0, 312, 729733)
(729729, 0, 4, 729733)
(729011, 0, 722, 729733)
(728293, 0, 1440, 729733)
(727985, 0, 1748, 729733)
(728293, 0, 1440, 729733)
(729011, 0, 722, 729733)
(728293, 0, 1440, 729733)
(727985, 0, 1748, 729733)
(728703, 0, 1030, 729733)
(729421, 0, 312, 729733)
(729729, 0, 4, 729733)
(729011, 0, 722, 729733)
(729729, 0, 4, 729733)
(729421, 0, 312, 729733)
(729729, 0, 4, 729733)
(729421, 0, 312, 729733)
(728703, 0, 1030, 729733)
(727985, 0, 1748, 729733)
(728703, 0, 1030, 729733)
(729421, 0, 312, 729733)
(729729, 0, 4, 729733)
(729421, 0, 312, 729733)
(728703, 0, 1030, 729733)
(727985, 0, 1748, 729733)
(728293, 0, 1440, 729733)
