(589188, 0, 0, 589188)
(588435, 0, 0, 588435)
(587748, 0, 0, 587748)
(587364, 0, 0, 587364)
(586997, 0, 0, 586997)
(586433, 0, 0, 586433)
(585650, 0, 0, 585650)
(584848, 0, 0, 584848)
(584614, 0, 0, 584614)
(583967, 0, 0, 583967)
(583443, 0, 0, 583443)
(582711, 0, 0, 582711)
(582349, 0, 0, 582349)
(581939, 0, 0, 581939)
(581318, 0, 0, 581318)
(580452, 0, 0, 580452)
(579895, 0, 0, 579895)
(579139, 0, 0, 579139)
(578874, 0, 0, 578874)
(578843, 0, 0, 578843)
(578680, 0, 0, 578680)
(578595, 0, 0, 578595)
(578100, 0, 0, 578100)
(577948, 0, 0, 577948)
(577336, 0, 0, 577336)
(577025, 0, 0, 577025)
(576340, 0, 0, 576340)
(575995, 0, 0, 575995)
(575737, 0, 0, 575737)
(574918, 0, 0, 574918)
(574245, 0, 0, 574245)
(573333, 0, 0, 573333)
(572938, 0, 0, 572938)
(572142, 0, 0, 572142)
(571800, 0, 0, 571800)
(570755, 0, 0, 570755)
(570583, 0, 0, 570583)
(570192, 0, 0, 570192)
(569738, 0, 0, 569738)
(569435, 0, 0, 569435)
(569132, 0, 0, 569132)
(568503, 0, 0, 568503)
(568136, 0, 0, 568136)
(566785, 0, 0, 566785)
(566005, 0, 0, 566005)
(565607, 0, 0, 565607)
(565156, 0, 0, 565156)
(564436, 0, 0, 564436)
(564150, 0, 0, 564150)
(563790, 0, 0, 563790)
(563358, 0, 0, 563358)
(563110, 0, 0, 563110)
(562532, 0, 0, 562532)
(561954, 0, 0, 561954)
(561681, 0, 0, 561681)
(560967, 0, 0, 560967)
(560525, 0, 0, 560525)
(560017, 0, 0, 560017)
(559426, 0, 0, 559426)
(559136, 0, 0, 559136)
(558834, 0, 0, 558834)
(558683, 0, 0, 558683)
(558532, 0, 0, 558532)
(558151, 0, 0, 558151)
(557770, 0, 0, 557770)
(557423, 0, 0, 557423)
(557260, 0, 0, 557260)
(556657, 0, 0, 556657)
(556489, 0, 0, 556489)
(556035, 0, 0, 556035)
(555538, 0, 0, 555538)
(555034, 0, 0, 555034)
(554623, 0, 0, 554623)
(554212, 0, 0, 554212)
(554156, 0, 0, 554156)
(553722, 0, 0, 553722)
(553287, 0, 0, 553287)
(552758, 0, 0, 552758)
(552371, 0, 0, 552371)
(551766, 0, 0, 551766)
(551453, 0, 0, 551453)
(551111, 0, 0, 551111)
(550670, 0, 0, 550670)
(550295, 0, 0, 550295)
(549803, 0, 0, 549803)
(548968, 0, 0, 548968)
(548423, 0, 0, 548423)
(548325, 0, 0, 548325)
(547981, 0, 0, 547981)
(547369, 0, 0, 547369)
(546875, 0, 0, 546875)
(546331, 0, 0, 546331)
(546088, 0, 0, 546088)
(545693, 0, 0, 545693)
(545281, 0, 0, 545281)
(545222, 0, 0, 545222)
(545052, 0, 0, 545052)
(544399, 0, 0, 544399)
(544056, 0, 0, 544056)
(543600, 0, 0, 543600)
(543134, 0, 0, 543134)
(542918, 0, 0, 542918)
(542372, 0, 0, 542372)
(541147, 0, 0, 541147)
(540721, 0, 0, 540721)
(540407, 0, 0, 540407)
(540185, 0, 0, 540185)
(539758, 0, 0, 539758)
(539228, 0, 0, 539228)
(538715, 0, 0, 538715)
(538278, 0, 0, 538278)
(537756, 0, 0, 537756)
(537612, 0, 0, 537612)
(537067, 0, 0, 537067)
(536505, 0, 0, 536505)
(536241, 0, 0, 536241)
(535569, 0, 0, 535569)
(534997, 0, 0, 534997)
(534361, 0, 0, 534361)
(534055, 0, 0, 534055)
(533191, 0, 0, 533191)
(532972, 0, 0, 532972)
(532803, 0, 0, 532803)
(532130, 0, 0, 532130)
(531856, 0, 0, 531856)
(531687, 0, 0, 531687)
(531553, 0, 0, 531553)
(531025, 0, 0, 531025)
(530554, 0, 0, 530554)
(530037, 0, 0, 530037)
(529430, 0, 0, 529430)
(528760, 0, 0, 528760)
(528146, 0, 0, 528146)
(527990, 0, 0, 527990)
(527691, 0, 0, 527691)
(527343, 0, 0, 527343)
(526845, 0, 0, 526845)
(526249, 0, 0, 526249)
(525566, 0, 0, 525566)
(525089, 0, 0, 525089)
(524729, 0, 0, 524729)
(524325, 0, 0, 524325)
(524122, 0, 0, 524122)
(523935, 0, 0, 523935)
(523532, 0, 0, 523532)
(523344, 0, 0, 523344)
(523172, 0, 0, 523172)
(522775, 0, 0, 522775)
(522131, 0, 0, 522131)
(521967, 0, 0, 521967)
(521803, 0, 0, 521803)
(521659, 0, 0, 521659)
(521324, 0, 0, 521324)
(520532, 0, 0, 520532)
(520189, 0, 0, 520189)
(519775, 0, 0, 519775)
(519148, 0, 0, 519148)
(518768, 0, 0, 518768)
(518524, 0, 0, 518524)
(518321, 0, 0, 518321)
(517804, 0, 0, 517804)
(517367, 0, 0, 517367)
(516957, 0, 0, 516957)
(516535, 0, 0, 516535)
(516317, 0, 0, 516317)
(516312, 0, 0, 516312)
(516307, 0, 0, 516307)
(516302, 0, 0, 516302)
(515556, 0, 0, 515556)
(515211, 0, 0, 515211)
(514821, 0, 0, 514821)
(514117, 0, 0, 514117)
(513620, 0, 0, 513620)
(513272, 0, 0, 513272)
(512306, 0, 0, 512306)
(511634, 0, 0, 511634)
(511143, 0, 0, 511143)
(509981, 0, 0, 509981)
(509469, 0, 0, 509469)
(509425, 0, 0, 509425)
(509381, 0, 0, 509381)
(508875, 0, 0, 508875)
(508712, 0, 0, 508712)
(508485, 0, 0, 508485)
(508279, 0, 0, 508279)
(508118, 0, 0, 508118)
(507940, 0, 0, 507940)
(507409, 0, 0, 507409)
(506600, 0, 0, 506600)
(506260, 0, 0, 506260)
(505920, 0, 0, 505920)
(505374, 0, 0, 505374)
(504723, 0, 0, 504723)
(504285, 0, 0, 504285)
(503149, 0, 0, 503149)
(502745, 0, 0, 502745)
(502042, 0, 0, 502042)
(501590, 0, 0, 501590)
(500982, 0, 0, 500982)
(500693, 0, 0, 500693)
(500090, 0, 0, 500090)
(499369, 0, 0, 499369)
(498741, 0, 0, 498741)
(498569, 0, 0, 498569)
(498056, 0, 0, 498056)
(497628, 0, 0, 497628)
(497385, 0, 0, 497385)
(496615, 0, 0, 496615)
(496148, 0, 0, 496148)
(495986, 0, 0, 495986)
(495579, 0, 0, 495579)
(495107, 0, 0, 495107)
(494995, 0, 0, 494995)
(494872, 0, 0, 494872)
(494749, 0, 0, 494749)
(494626, 0, 0, 494626)
(494158, 0, 0, 494158)
(493639, 0, 0, 493639)
(493108, 0, 0, 493108)
(492915, 0, 0, 492915)
(492345, 0, 0, 492345)
(491627, 0, 0, 491627)
(490838, 0, 0, 490838)
(490719, 0, 0, 490719)
(490600, 0, 0, 490600)
(490054, 0, 0, 490054)
(489354, 0, 0, 489354)
(488879, 0, 0, 488879)
(488488, 0, 0, 488488)
(487918, 0, 0, 487918)
(487659, 0, 0, 487659)
(487037, 0, 0, 487037)
(486517, 0, 0, 486517)
(485883, 0, 0, 485883)
(485599, 0, 0, 485599)
(485266, 0, 0, 485266)
(485090, 0, 0, 485090)
(484594, 0, 0, 484594)
(483948, 0, 0, 483948)
(483731, 0, 0, 483731)
(482851, 0, 0, 482851)
(482060, 0, 0, 482060)
(481525, 0, 0, 481525)
(481331, 0, 0, 481331)
(480707, 0, 0, 480707)
(480074, 0, 0, 480074)
(479788, 0, 0, 479788)
(478979, 0, 0, 478979)
(478676, 0, 0, 478676)
(478140, 0, 0, 478140)
(477365, 0, 0, 477365)
(476784, 0, 0, 476784)
(476560, 0, 0, 476560)
(476002, 0, 0, 476002)
(475421, 0, 0, 475421)
(475102, 0, 0, 475102)
(474806, 0, 0, 474806)
(474676, 0, 0, 474676)
(474236, 0, 0, 474236)
(474069, 0, 0, 474069)
(473847, 0, 0, 473847)
(473212, 0, 0, 473212)
(472756, 0, 0, 472756)
(472183, 0, 0, 472183)
(472137, 0, 0, 472137)
(471347, 0, 0, 471347)
(471190, 0, 0, 471190)
(470759, 0, 0, 470759)
(470268, 0, 0, 470268)
(470129, 0, 0, 470129)
(469633, 0, 0, 469633)
(469452, 0, 0, 469452)
(469311, 0, 0, 469311)
(468948, 0, 0, 468948)
(467999, 0, 0, 467999)
(467717, 0, 0, 467717)
(467033, 0, 0, 467033)
(466355, 0, 0, 466355)
(465548, 0, 0, 465548)
(465350, 0, 0, 465350)
(465152, 0, 0, 465152)
(464241, 0, 0, 464241)
(463810, 0, 0, 463810)
(463457, 0, 0, 463457)
(463141, 0, 0, 463141)
(462740, 0, 0, 462740)
(462248, 0, 0, 462248)
(461862, 0, 0, 461862)
(461426, 0, 0, 461426)
(461260, 0, 0, 461260)
(460695, 0, 0, 460695)
(460408, 0, 0, 460408)
(460157, 0, 0, 460157)
(459501, 0, 0, 459501)
(459299, 0, 0, 459299)
(459097, 0, 0, 459097)
(458551, 0, 0, 458551)
(458336, 0, 0, 458336)
(457846, 0, 0, 457846)
(457561, 0, 0, 457561)
(457042, 0, 0, 457042)
(456809, 0, 0, 456809)
(456388, 0, 0, 456388)
(455477, 0, 0, 455477)
(455004, 0, 0, 455004)
(454500, 0, 0, 454500)
(453967, 0, 0, 453967)
(453320, 0, 0, 453320)
(452452, 0, 0, 452452)
(452170, 0, 0, 452170)
(451928, 0, 0, 451928)
(451106, 0, 0, 451106)
(450589, 0, 0, 450589)
(449800, 0, 0, 449800)
(449095, 0, 0, 449095)
(448665, 0, 0, 448665)
(448028, 0, 0, 448028)
(447881, 0, 0, 447881)
(447447, 0, 0, 447447)
(446565, 0, 0, 446565)
(446402, 0, 0, 446402)
