(558013, 0, 0, 558013)
(557578, 0, 0, 557578)
(557428, 0, 0, 557428)
(554715, 1759, 0, 556474)
(555760, 0, 0, 555760)
(554262, 0, 0, 554262)
(548984, 4699, 0, 553683)
(552664, 0, 0, 552664)
(552664, 0, 0, 552664)
(549150, 0, 0, 549150)
(554547, 0, 3904, 558451)
(553737, 0, 3904, 557641)
(551193, 0, 3904, 555097)
(550383, 0, 3904, 554287)
(548892, 0, 3904, 552796)
(545757, 3128, 3904, 552789)
(544143, 3128, 3904, 551175)
(543419, 3128, 3904, 550451)
(542579, 3128, 3904, 549611)
(540655, 4947, 3904, 549506)
(550715, 3128, 10299, 564142)
(549286, 3128, 10299, 562713)
(549286, 3128, 10299, 562713)
(547468, 3370, 10299, 561137)
(546593, 3128, 10299, 560020)
(544341, 4181, 10299, 558821)
(542654, 4181, 10299, 557134)
(542654, 4181, 10299, 557134)
(541272, 4181, 10299, 555752)
(539708, 4181, 10299, 554188)
(553937, 0, 6366, 560303)
(553501, 0, 6366, 559867)
(552693, 0, 6366, 559059)
(552578, 0, 6366, 558944)
(551690, 0, 6366, 558056)
(549878, 589, 6366, 556833)
(550329, 0, 6366, 556695)
(548401, 589, 6366, 555356)
(548398, 589, 6366, 555353)
(547228, 589, 6366, 554183)
(549496, 1178, 14071, 564745)
(549496, 1178, 14071, 564745)
(547614, 1178, 14071, 562863)
(546745, 1178, 14071, 561994)
(553937, 0, 0, 553937)
(553937, 0, 0, 553937)
(553094, 0, 0, 553094)
(553094, 0, 0, 553094)
(550773, 0, 0, 550773)
(548516, 0, 0, 548516)
(548653, 0, 15612, 564265)
(548653, 0, 15612, 564265)
(546901, 922, 15612, 563435)
(546256, 0, 15612, 561868)
(545399, 0, 15612, 561011)
(545117, 0, 15612, 560729)
(544057, 0, 15612, 559669)
(542862, 0, 15612, 558474)
(541614, 0, 15612, 557226)
(540475, 0, 15612, 556087)
(554749, 0, 3567, 558316)
(553488, 0, 3567, 557055)
(553488, 0, 3567, 557055)
(552505, 0, 3567, 556072)
(549890, 2021, 3567, 555478)
(548424, 2021, 3567, 554012)
(547512, 2021, 3567, 553100)
(547093, 2021, 3567, 552681)
(546181, 2021, 3567, 551769)
(545062, 2021, 3567, 550650)
(547329, 5639, 13588, 566556)
(548311, 4042, 13588, 565941)
(546340, 5639, 13588, 565567)
(546340, 5639, 13588, 565567)
(555203, 0, 0, 555203)
(553114, 1488, 0, 554602)
(552535, 1488, 0, 554023)
(552146, 1488, 0, 553634)
(552146, 1488, 0, 553634)
(551488, 1980, 0, 553468)
(550062, 2512, 12236, 564810)
(550841, 1488, 12236, 564565)
(548997, 2512, 12236, 563745)
(548245, 2512, 12236, 562993)
(546903, 2512, 12236, 561651)
(546579, 2512, 12236, 561327)
(545913, 2512, 12236, 560661)
(545219, 2512, 12236, 559967)
(545219, 2512, 12236, 559967)
(555258, 1488, 0, 556746)
(556887, 0, 460, 557347)
(556283, 0, 460, 556743)
(556283, 0, 460, 556743)
(554785, 0, 460, 555245)
(552558, 1364, 460, 554382)
(552081, 1364, 460, 553905)
(552081, 1364, 460, 553905)
(552081, 1364, 460, 553905)
(551044, 1364, 460, 552868)
(550462, 1364, 460, 552286)
(550181, 1800, 16971, 568952)
(549964, 1800, 16971, 568735)
(548772, 1800, 16971, 567543)
(548759, 1800, 16971, 567530)
(556516, 0, 0, 556516)
(556516, 0, 0, 556516)
(555762, 0, 0, 555762)
(554714, 0, 0, 554714)
(554301, 0, 0, 554301)
(553734, 0, 0, 553734)
(555087, 0, 2500, 557587)
(553863, 0, 2500, 556363)
(553489, 0, 2500, 555989)
(552326, 0, 2500, 554826)
(551272, 0, 2500, 553772)
(550380, 0, 2500, 552880)
(549302, 0, 2500, 551802)
(548297, 0, 2500, 550797)
(547135, 0, 2500, 549635)
(545261, 0, 2500, 547761)
(551292, 0, 7950, 559242)
(550722, 0, 7357, 558079)
(549643, 0, 7950, 557593)
(548494, 0, 7950, 556444)
(547568, 0, 7950, 555518)
(546380, 0, 7950, 554330)
(545419, 0, 7950, 553369)
(544822, 0, 7950, 552772)
(544595, 0, 7950, 552545)
(544019, 0, 7950, 551969)
(544964, 0, 20068, 565032)
(544753, 0, 20068, 564821)
(543348, 0, 20068, 563416)
(541790, 0, 20068, 561858)
(555228, 0, 0, 555228)
(552577, 0, 0, 552577)
(552571, 0, 0, 552571)
(549786, 0, 0, 549786)
(549786, 0, 0, 549786)
(549148, 0, 0, 549148)
(549324, 0, 11536, 560860)
(547776, 0, 12265, 560041)
(548450, 0, 11536, 559986)
(546130, 0, 11536, 557666)
(545193, 0, 11536, 556729)
(542615, 0, 11536, 554151)
(541210, 0, 11536, 552746)
(541210, 0, 11536, 552746)
(540983, 0, 11536, 552519)
(540953, 0, 11536, 552489)
(540394, 0, 22984, 563378)
(540394, 0, 22984, 563378)
(539830, 0, 22984, 562814)
(538757, 0, 22984, 561741)
(537112, 0, 22984, 560096)
(536222, 0, 22984, 559206)
(534403, 0, 22984, 557387)
(533355, 0, 22984, 556339)
(533355, 0, 22984, 556339)
(532791, 0, 22984, 555775)
(535459, 0, 33511, 568970)
(535459, 0, 33511, 568970)
(534198, 0, 33511, 567709)
(533580, 0, 33511, 567091)
(553818, 0, 0, 553818)
(553082, 0, 0, 553082)
(553082, 0, 0, 553082)
(552157, 0, 0, 552157)
(552157, 0, 0, 552157)
(551879, 0, 0, 551879)
(551267, 0, 10403, 561670)
(549178, 1333, 10403, 560914)
(547324, 1333, 10403, 559060)
(546283, 1333, 10403, 558019)
(546283, 1333, 10403, 558019)
(544594, 1333, 10403, 556330)
(544594, 1333, 10403, 556330)
(543104, 1333, 10403, 554840)
(542941, 1333, 10403, 554677)
(541216, 1333, 10403, 552952)
(552861, 0, 6297, 559158)
(552861, 0, 6297, 559158)
(552048, 0, 6297, 558345)
(552048, 0, 6297, 558345)
(550486, 492, 6297, 557275)
(550486, 492, 6297, 557275)
(549216, 492, 6297, 556005)
(549063, 492, 6297, 555852)
(547336, 492, 6297, 554125)
(546508, 492, 6297, 553297)
(544264, 2548, 11597, 558409)
(544264, 2548, 11597, 558409)
(544264, 2548, 11597, 558409)
(542781, 2548, 11597, 556926)
(553943, 0, 0, 553943)
(553943, 0, 0, 553943)
(552501, 0, 0, 552501)
(551792, 0, 0, 551792)
(551377, 0, 0, 551377)
(545332, 5149, 0, 550481)
(552680, 0, 9085, 561765)
(551807, 0, 9085, 560892)
(550339, 0, 9085, 559424)
(550268, 0, 9085, 559353)
(548715, 0, 9085, 557800)
(548131, 0, 9085, 557216)
(547897, 0, 9085, 556982)
(545991, 0, 9085, 555076)
(545991, 0, 9085, 555076)
(545517, 0, 9085, 554602)
(547975, 0, 18375, 566350)
(547975, 0, 18375, 566350)
(547969, 0, 18375, 566344)
(547143, 0, 18375, 565518)
(546441, 0, 18375, 564816)
(546332, 0, 18375, 564707)
(545321, 0, 18375, 563696)
(544686, 0, 18375, 563061)
(543653, 0, 18375, 562028)
(543653, 0, 18375, 562028)
(543590, 0, 22740, 566330)
(542917, 0, 22740, 565657)
(540640, 1987, 22740, 565367)
(539800, 1091, 22740, 563631)
(556158, 0, 0, 556158)
(555364, 0, 0, 555364)
(554196, 0, 0, 554196)
(552708, 0, 0, 552708)
(552163, 0, 0, 552163)
(552079, 0, 0, 552079)
(550060, 0, 6427, 556487)
(550060, 0, 6427, 556487)
(548775, 0, 6427, 555202)
(548522, 0, 6427, 554949)
(547111, 991, 6427, 554529)
(547592, 0, 6427, 554019)
(547318, 0, 6427, 553745)
(547318, 0, 6427, 553745)
(546145, 0, 6427, 552572)
(542141, 0, 6427, 548568)
(549845, 0, 9581, 559426)
(549845, 0, 9581, 559426)
(549026, 0, 9581, 558607)
(548148, 0, 9581, 557729)
(547606, 0, 9581, 557187)
(546450, 0, 9581, 556031)
(546450, 0, 9581, 556031)
(545409, 0, 9581, 554990)
(544345, 0, 9581, 553926)
(542988, 0, 9581, 552569)
(544661, 0, 16545, 561206)
(543040, 0, 16545, 559585)
(543040, 0, 16545, 559585)
(540956, 0, 16545, 557501)
(555219, 0, 0, 555219)
(554968, 0, 0, 554968)
(553566, 0, 0, 553566)
(552939, 0, 0, 552939)
(551678, 0, 0, 551678)
(550678, 0, 0, 550678)
(549723, 0, 8726, 558449)
(548281, 0, 8726, 557007)
(548166, 0, 8726, 556892)
(547035, 0, 8726, 555761)
(558013, 0, 0, 558013)
