(588435, 0, 753, 589188)
(589188, 0, 0, 589188)
(588501, 0, 687, 589188)
(587695, 0, 1493, 589188)
(588501, 0, 687, 589188)
(587695, 0, 1493, 589188)
(588501, 0, 687, 589188)
(589188, 0, 0, 589188)
(588435, 0, 753, 589188)
(589188, 0, 0, 589188)
(588435, 0, 753, 589188)
(589188, 0, 0, 589188)
(588382, 0, 806, 589188)
(589188, 0, 0, 589188)
(588382, 0, 806, 589188)
(589188, 0, 0, 589188)
(588738, 0, 450, 589188)
(588051, 0, 1137, 589188)
(587298, 0, 1890, 589188)
(588051, 0, 1137, 589188)
(587245, 0, 1943, 589188)
(588051, 0, 1137, 589188)
(588738, 0, 450, 589188)
(588066, 0, 1122, 589188)
(587260, 0, 1928, 589188)
(588066, 0, 1122, 589188)
(587313, 0, 1875, 589188)
(588066, 0, 1122, 589188)
(587260, 0, 1928, 589188)
(588066, 0, 1122, 589188)
(587313, 0, 1875, 589188)
(588066, 0, 1122, 589188)
(588738, 0, 450, 589188)
(587985, 0, 1203, 589188)
(588738, 0, 450, 589188)
(589188, 0, 0, 589188)
(588382, 0, 806, 589188)
(589188, 0, 0, 589188)
(588435, 0, 753, 589188)
(589188, 0, 0, 589188)
(588435, 0, 753, 589188)
(589188, 0, 0, 589188)
(588821, 0, 367, 589188)
(588015, 0, 1173, 589188)
(588821, 0, 367, 589188)
(589188, 0, 0, 589188)
(588435, 0, 753, 589188)
(589188, 0, 0, 589188)
(588435, 0, 753, 589188)
(589188, 0, 0, 589188)
(588435, 0, 753, 589188)
(589188, 0, 0, 589188)
(588435, 0, 753, 589188)
(589188, 0, 0, 589188)
(588435, 0, 753, 589188)
(589188, 0, 0, 589188)
(588435, 0, 753, 589188)
(589188, 0, 0, 589188)
(588804, 0, 384, 589188)
(588051, 0, 1137, 589188)
(588804, 0, 384, 589188)
(588117, 0, 1071, 589188)
(587364, 0, 1824, 589188)
(588117, 0, 1071, 589188)
(587364, 0, 1824, 589188)
(588117, 0, 1071, 589188)
(587364, 0, 1824, 589188)
(588117, 0, 1071, 589188)
(588804, 0, 384, 589188)
(588051, 0, 1137, 589188)
(588804, 0, 384, 589188)
(588117, 0, 1071, 589188)
(587364, 0, 1824, 589188)
(588117, 0, 1071, 589188)
(587364, 0, 1824, 589188)
(588117, 0, 1071, 589188)
(587364, 0, 1824, 589188)
(588117, 0, 1071, 589188)
(587364, 0, 1824, 589188)
(588117, 0, 1071, 589188)
(587364, 0, 1824, 589188)
(588117, 0, 1071, 589188)
(588804, 0, 384, 589188)
(588051, 0, 1137, 589188)
(588804, 0, 384, 589188)
(587998, 0, 1190, 589188)
(588804, 0, 384, 589188)
(588051, 0, 1137, 589188)
(588804, 0, 384, 589188)
(587998, 0, 1190, 589188)
(588804, 0, 384, 589188)
(588132, 0, 1056, 589188)
(588804, 0, 384, 589188)
(587998, 0, 1190, 589188)
(588804, 0, 384, 589188)
(587998, 0, 1190, 589188)
(588804, 0, 384, 589188)
(588051, 0, 1137, 589188)
(588804, 0, 384, 589188)
(589188, 0, 0, 589188)
(588435, 0, 753, 589188)
(589188, 0, 0, 589188)
(588435, 0, 753, 589188)
(589188, 0, 0, 589188)
(588435, 0, 753, 589188)
(589188, 0, 0, 589188)
(588501, 0, 687, 589188)
(587748, 0, 1440, 589188)
(588501, 0, 687, 589188)
(587748, 0, 1440, 589188)
(588501, 0, 687, 589188)
(587748, 0, 1440, 589188)
(588501, 0, 687, 589188)
(587748, 0, 1440, 589188)
(588501, 0, 687, 589188)
(587748, 0, 1440, 589188)
(588501, 0, 687, 589188)
(587748, 0, 1440, 589188)
(588501, 0, 687, 589188)
(587695, 0, 1493, 589188)
(588501, 0, 687, 589188)
(589188, 0, 0, 589188)
(588435, 0, 753, 589188)
(589188, 0, 0, 589188)
(588435, 0, 753, 589188)
(589188, 0, 0, 589188)
(588501, 0, 687, 589188)
(587695, 0, 1493, 589188)
(588501, 0, 687, 589188)
(587695, 0, 1493, 589188)
(588501, 0, 687, 589188)
(587695, 0, 1493, 589188)
(588501, 0, 687, 589188)
(587748, 0, 1440, 589188)
(588501, 0, 687, 589188)
(589188, 0, 0, 589188)
(588435, 0, 753, 589188)
(589188, 0, 0, 589188)
(588435, 0, 753, 589188)
(589188, 0, 0, 589188)
(588435, 0, 753, 589188)
(589188, 0, 0, 589188)
(588382, 0, 806, 589188)
(589188, 0, 0, 589188)
(588382, 0, 806, 589188)
(589188, 0, 0, 589188)
(588501, 0, 687, 589188)
(587748, 0, 1440, 589188)
(588501, 0, 687, 589188)
(587695, 0, 1493, 589188)
(588501, 0, 687, 589188)
(589188, 0, 0, 589188)
(588435, 0, 753, 589188)
(589188, 0, 0, 589188)
(588435, 0, 753, 589188)
(589188, 0, 0, 589188)
(588435, 0, 753, 589188)
(589188, 0, 0, 589188)
(588435, 0, 753, 589188)
(589188, 0, 0, 589188)
(588516, 0, 672, 589188)
(587710, 0, 1478, 589188)
(588516, 0, 672, 589188)
(589188, 0, 0, 589188)
(588435, 0, 753, 589188)
(589188, 0, 0, 589188)
(588382, 0, 806, 589188)
(589188, 0, 0, 589188)
(588435, 0, 753, 589188)
(589188, 0, 0, 589188)
(588516, 0, 672, 589188)
(587763, 0, 1425, 589188)
(588516, 0, 672, 589188)
(587763, 0, 1425, 589188)
(588516, 0, 672, 589188)
(589188, 0, 0, 589188)
(588501, 0, 687, 589188)
(587695, 0, 1493, 589188)
(588501, 0, 687, 589188)
(589188, 0, 0, 589188)
(588501, 0, 687, 589188)
(587748, 0, 1440, 589188)
(588501, 0, 687, 589188)
(589188, 0, 0, 589188)
(588435, 0, 753, 589188)
(589188, 0, 0, 589188)
(588382, 0, 806, 589188)
(589188, 0, 0, 589188)
(588435, 0, 753, 589188)
(589188, 0, 0, 589188)
(588435, 0, 753, 589188)
(589188, 0, 0, 589188)
(588382, 0, 806, 589188)
(589188, 0, 0, 589188)
(588435, 0, 753, 589188)
(589188, 0, 0, 589188)
(588501, 0, 687, 589188)
(587695, 0, 1493, 589188)
(588501, 0, 687, 589188)
(587748, 0, 1440, 589188)
(588501, 0, 687, 589188)
(587748, 0, 1440, 589188)
(588501, 0, 687, 589188)
(587748, 0, 1440, 589188)
(588501, 0, 687, 589188)
(587748, 0, 1440, 589188)
(588501, 0, 687, 589188)
(587748, 0, 1440, 589188)
(588501, 0, 687, 589188)
(589188, 0, 0, 589188)
(588382, 0, 806, 589188)
(589188, 0, 0, 589188)
(588382, 0, 806, 589188)
(589188, 0, 0, 589188)
(588382, 0, 806, 589188)
(589188, 0, 0, 589188)
(588382, 0, 806, 589188)
(589188, 0, 0, 589188)
(588435, 0, 753, 589188)
(589188, 0, 0, 589188)
(588435, 0, 753, 589188)
(589188, 0, 0, 589188)
(588435, 0, 753, 589188)
(589188, 0, 0, 589188)
(588435, 0, 753, 589188)
(589188, 0, 0, 589188)
(588435, 0, 753, 589188)
(589188, 0, 0, 589188)
(588435, 0, 753, 589188)
(589188, 0, 0, 589188)
(588435, 0, 753, 589188)
(589188, 0, 0, 589188)
(588382, 0, 806, 589188)
(589188, 0, 0, 589188)
(588435, 0, 753, 589188)
(589188, 0, 0, 589188)
(588435, 0, 753, 589188)
(589188, 0, 0, 589188)
(588382, 0, 806, 589188)
(589188, 0, 0, 589188)
(588738, 0, 450, 589188)
(587985, 0, 1203, 589188)
(588738, 0, 450, 589188)
(587985, 0, 1203, 589188)
(588738, 0, 450, 589188)
(587985, 0, 1203, 589188)
(588738, 0, 450, 589188)
(587985, 0, 1203, 589188)
(588738, 0, 450, 589188)
(588066, 0, 1122, 589188)
(587313, 0, 1875, 589188)
(588066, 0, 1122, 589188)
(587313, 0, 1875, 589188)
(588066, 0, 1122, 589188)
(587260, 0, 1928, 589188)
(588066, 0, 1122, 589188)
(587260, 0, 1928, 589188)
(588066, 0, 1122, 589188)
(587313, 0, 1875, 589188)
(588066, 0, 1122, 589188)
(587313, 0, 1875, 589188)
(588066, 0, 1122, 589188)
(588738, 0, 450, 589188)
(588066, 0, 1122, 589188)
(587313, 0, 1875, 589188)
(588066, 0, 1122, 589188)
(588738, 0, 450, 589188)
(587985, 0, 1203, 589188)
(588738, 0, 450, 589188)
(587985, 0, 1203, 589188)
(588738, 0, 450, 589188)
(587985, 0, 1203, 589188)
(588738, 0, 450, 589188)
(587932, 0, 1256, 589188)
(588738, 0, 450, 589188)
(587985, 0, 1203, 589188)
(588738, 0, 450, 589188)
(589188, 0, 0, 589188)
(588435, 0, 753, 589188)
(589188, 0, 0, 589188)
(588516, 0, 672, 589188)
(589188, 0, 0, 589188)
(588501, 0, 687, 589188)
(587748, 0, 1440, 589188)
(588501, 0, 687, 589188)
(587748, 0, 1440, 589188)
(588501, 0, 687, 589188)
(587695, 0, 1493, 589188)
(588501, 0, 687, 589188)
(589188, 0, 0, 589188)
(588382, 0, 806, 589188)
(589188, 0, 0, 589188)
(588435, 0, 753, 589188)
(589188, 0, 0, 589188)
(588501, 0, 687, 589188)
(589188, 0, 0, 589188)
(588382, 0, 806, 589188)
(589188, 0, 0, 589188)
(588435, 0, 753, 589188)
(589188, 0, 0, 589188)
(588435, 0, 753, 589188)
(589188, 0, 0, 589188)
(588382, 0, 806, 589188)
(589188, 0, 0, 589188)
(588435, 0, 753, 589188)
(589188, 0, 0, 589188)
(588382, 0, 806, 589188)
(589188, 0, 0, 589188)
(588501, 0, 687, 589188)
(587695, 0, 1493, 589188)
(588501, 0, 687, 589188)
(587695, 0, 1493, 589188)
(588501, 0, 687, 589188)
(587748, 0, 1440, 589188)
(588501, 0, 687, 589188)
(587748, 0, 1440, 589188)
(588501, 0, 687, 589188)
(587695, 0, 1493, 589188)
(588501, 0, 687, 589188)
(587695, 0, 1493, 589188)
(588501, 0, 687, 589188)
(589188, 0, 0, 589188)
(588382, 0, 806, 589188)
(589188, 0, 0, 589188)
(588382, 0, 806, 589188)
(589188, 0, 0, 589188)
(588516, 0, 672, 589188)
(587710, 0, 1478, 589188)
(588516, 0, 672, 589188)
(587763, 0, 1425, 589188)
(588516, 0, 672, 589188)
(587763, 0, 1425, 589188)
(588516, 0, 672, 589188)
(587763, 0, 1425, 589188)
(588516, 0, 672, 589188)
(589188, 0, 0, 589188)
(588382, 0, 806, 589188)
(589188, 0, 0, 589188)
(588435, 0, 753, 589188)
(589188, 0, 0, 589188)
(588804, 0, 384, 589188)
(588051, 0, 1137, 589188)
(588804, 0, 384, 589188)
(587998, 0, 1190, 589188)
(588804, 0, 384, 589188)
(588051, 0, 1137, 589188)
(588804, 0, 384, 589188)
(588051, 0, 1137, 589188)
(588804, 0, 384, 589188)
(588051, 0, 1137, 589188)
(588804, 0, 384, 589188)
(588051, 0, 1137, 589188)
(588804, 0, 384, 589188)
(587998, 0, 1190, 589188)
(588804, 0, 384, 589188)
(588051, 0, 1137, 589188)
(588804, 0, 384, 589188)
(587998, 0, 1190, 589188)
(588804, 0, 384, 589188)
(588051, 0, 1137, 589188)
(588804, 0, 384, 589188)
(588051, 0, 1137, 589188)
(588804, 0, 384, 589188)
(588051, 0, 1137, 589188)
(588804, 0, 384, 589188)
(587998, 0, 1190, 589188)
(588804, 0, 384, 589188)
(588051, 0, 1137, 589188)
(588804, 0, 384, 589188)
(587998, 0, 1190, 589188)
(588804, 0, 384, 589188)
(587998, 0, 1190, 589188)
(588804, 0, 384, 589188)
(588117, 0, 1071, 589188)
(587311, 0, 1877, 589188)
(588117, 0, 1071, 589188)
(587364, 0, 1824, 589188)
(588117, 0, 1071, 589188)
(587311, 0, 1877, 589188)
(588117, 0, 1071, 589188)
(587311, 0, 1877, 589188)
(588117, 0, 1071, 589188)
(587364, 0, 1824, 589188)
(588117, 0, 1071, 589188)
(588804, 0, 384, 589188)
(588051, 0, 1137, 589188)
(588804, 0, 384, 589188)
(587998, 0, 1190, 589188)
(588804, 0, 384, 589188)
(588051, 0, 1137, 589188)
(588804, 0, 384, 589188)
(589188, 0, 0, 589188)
(588382, 0, 806, 589188)
(589188, 0, 0, 589188)
(588435, 0, 753, 589188)
(589188, 0, 0, 589188)
(588435, 0, 753, 589188)
(589188, 0, 0, 589188)
(588382, 0, 806, 589188)
(589188, 0, 0, 589188)
(588501, 0, 687, 589188)
(587748, 0, 1440, 589188)
(588501, 0, 687, 589188)
(587695, 0, 1493, 589188)
(588501, 0, 687, 589188)
(587748, 0, 1440, 589188)
(588501, 0, 687, 589188)
(587748, 0, 1440, 589188)
(588501, 0, 687, 589188)
(587748, 0, 1440, 589188)
(588501, 0, 687, 589188)
(587748, 0, 1440, 589188)
(588501, 0, 687, 589188)
(587748, 0, 1440, 589188)
(588501, 0, 687, 589188)
(587748, 0, 1440, 589188)
(588501, 0, 687, 589188)
(587748, 0, 1440, 589188)
(588501, 0, 687, 589188)
(589188, 0, 0, 589188)
(588382, 0, 806, 589188)
(589188, 0, 0, 589188)
(588435, 0, 753, 589188)
(589188, 0, 0, 589188)
(588435, 0, 753, 589188)
(589188, 0, 0, 589188)
(588804, 0, 384, 589188)
(588117, 0, 1071, 589188)
(587364, 0, 1824, 589188)
(588117, 0, 1071, 589188)
(587311, 0, 1877, 589188)
(588117, 0, 1071, 589188)
(587364, 0, 1824, 589188)
(588117, 0, 1071, 589188)
(587364, 0, 1824, 589188)
(588117, 0, 1071, 589188)
(587311, 0, 1877, 589188)
(588117, 0, 1071, 589188)
(587364, 0, 1824, 589188)
(588117, 0, 1071, 589188)
(587364, 0, 1824, 589188)
(588117, 0, 1071, 589188)
(588804, 0, 384, 589188)
(588117, 0, 1071, 589188)
(587364, 0, 1824, 589188)
(588117, 0, 1071, 589188)
(588804, 0, 384, 589188)
(588051, 0, 1137, 589188)
(588804, 0, 384, 589188)
(588051, 0, 1137, 589188)
(588804, 0, 384, 589188)
(588117, 0, 1071, 589188)
(587364, 0, 1824, 589188)
(588117, 0, 1071, 589188)
(588804, 0, 384, 589188)
(587998, 0, 1190, 589188)
(588804, 0, 384, 589188)
(588051, 0, 1137, 589188)
(588804, 0, 384, 589188)
(588051, 0, 1137, 589188)
(588804, 0, 384, 589188)
(588117, 0, 1071, 589188)
(587311, 0, 1877, 589188)
(588117, 0, 1071, 589188)
(587364, 0, 1824, 589188)
(588117, 0, 1071, 589188)
(587311, 0, 1877, 589188)
(588117, 0, 1071, 589188)
(587364, 0, 1824, 589188)
(588117, 0, 1071, 589188)
(587311, 0, 1877, 589188)
(588117, 0, 1071, 589188)
(588804, 0, 384, 589188)
(588051, 0, 1137, 589188)
(588804, 0, 384, 589188)
(588051, 0, 1137, 589188)
(588804, 0, 384, 589188)
(587998, 0, 1190, 589188)
(588804, 0, 384, 589188)
(588117, 0, 1071, 589188)
(587364, 0, 1824, 589188)
(588117, 0, 1071, 589188)
(587364, 0, 1824, 589188)
(588117, 0, 1071, 589188)
(587311, 0, 1877, 589188)
(588117, 0, 1071, 589188)
(587364, 0, 1824, 589188)
(588117, 0, 1071, 589188)
(587364, 0, 1824, 589188)
(588117, 0, 1071, 589188)
(587364, 0, 1824, 589188)
(588117, 0, 1071, 589188)
(587311, 0, 1877, 589188)
(588117, 0, 1071, 589188)
(587311, 0, 1877, 589188)
(588117, 0, 1071, 589188)
(587364, 0, 1824, 589188)
(588117, 0, 1071, 589188)
(588804, 0, 384, 589188)
(587998, 0, 1190, 589188)
(588804, 0, 384, 589188)
(588051, 0, 1137, 589188)
(588804, 0, 384, 589188)
(589188, 0, 0, 589188)
(588738, 0, 450, 589188)
(587985, 0, 1203, 589188)
(588738, 0, 450, 589188)
(587985, 0, 1203, 589188)
(588738, 0, 450, 589188)
(587985, 0, 1203, 589188)
(588738, 0, 450, 589188)
(587932, 0, 1256, 589188)
(588738, 0, 450, 589188)
(589188, 0, 0, 589188)
(588501, 0, 687, 589188)
(587748, 0, 1440, 589188)
(588501, 0, 687, 589188)
(587748, 0, 1440, 589188)
(588501, 0, 687, 589188)
(587695, 0, 1493, 589188)
(588501, 0, 687, 589188)
(587748, 0, 1440, 589188)
(588501, 0, 687, 589188)
(587748, 0, 1440, 589188)
(588501, 0, 687, 589188)
(589188, 0, 0, 589188)
(588516, 0, 672, 589188)
(589188, 0, 0, 589188)
(588435, 0, 753, 589188)
(589188, 0, 0, 589188)
(588382, 0, 806, 589188)
(589188, 0, 0, 589188)
(588435, 0, 753, 589188)
(589188, 0, 0, 589188)
(588435, 0, 753, 589188)
(589188, 0, 0, 589188)
(588501, 0, 687, 589188)
(587695, 0, 1493, 589188)
(588501, 0, 687, 589188)
(589188, 0, 0, 589188)
(588435, 0, 753, 589188)
(589188, 0, 0, 589188)
(588435, 0, 753, 589188)
(589188, 0, 0, 589188)
(588382, 0, 806, 589188)
(589188, 0, 0, 589188)
(588435, 0, 753, 589188)
(589188, 0, 0, 589188)
(588435, 0, 753, 589188)
(589188, 0, 0, 589188)
(588501, 0, 687, 589188)
(587695, 0, 1493, 589188)
(588501, 0, 687, 589188)
(587695, 0, 1493, 589188)
(588501, 0, 687, 589188)
(587748, 0, 1440, 589188)
(588501, 0, 687, 589188)
(587748, 0, 1440, 589188)
(588501, 0, 687, 589188)
(589188, 0, 0, 589188)
(588501, 0, 687, 589188)
(589188, 0, 0, 589188)
(588435, 0, 753, 589188)
(589188, 0, 0, 589188)
(588382, 0, 806, 589188)
(589188, 0, 0, 589188)
(588435, 0, 753, 589188)
(589188, 0, 0, 589188)
(588804, 0, 384, 589188)
(588051, 0, 1137, 589188)
(588804, 0, 384, 589188)
(587998, 0, 1190, 589188)
(588804, 0, 384, 589188)
(587998, 0, 1190, 589188)
(588804, 0, 384, 589188)
(587998, 0, 1190, 589188)
(588804, 0, 384, 589188)
(587998, 0, 1190, 589188)
(588804, 0, 384, 589188)
(587998, 0, 1190, 589188)
(588804, 0, 384, 589188)
(588051, 0, 1137, 589188)
(588804, 0, 384, 589188)
(588051, 0, 1137, 589188)
(588804, 0, 384, 589188)
(588051, 0, 1137, 589188)
(588804, 0, 384, 589188)
(588051, 0, 1137, 589188)
(588804, 0, 384, 589188)
(588051, 0, 1137, 589188)
(588804, 0, 384, 589188)
(588051, 0, 1137, 589188)
(588804, 0, 384, 589188)
(588051, 0, 1137, 589188)
(588804, 0, 384, 589188)
(588051, 0, 1137, 589188)
(588804, 0, 384, 589188)
(588051, 0, 1137, 589188)
(588804, 0, 384, 589188)
(588117, 0, 1071, 589188)
(587364, 0, 1824, 589188)
(588117, 0, 1071, 589188)
(587364, 0, 1824, 589188)
(588117, 0, 1071, 589188)
(587311, 0, 1877, 589188)
(588117, 0, 1071, 589188)
(587364, 0, 1824, 589188)
(588117, 0, 1071, 589188)
(587364, 0, 1824, 589188)
(588117, 0, 1071, 589188)
(587364, 0, 1824, 589188)
(588117, 0, 1071, 589188)
(587364, 0, 1824, 589188)
(588117, 0, 1071, 589188)
(588804, 0, 384, 589188)
(588051, 0, 1137, 589188)
(588804, 0, 384, 589188)
(587998, 0, 1190, 589188)
(588804, 0, 384, 589188)
(588051, 0, 1137, 589188)
(588804, 0, 384, 589188)
(588051, 0, 1137, 589188)
(588804, 0, 384, 589188)
(588051, 0, 1137, 589188)
(588804, 0, 384, 589188)
(588051, 0, 1137, 589188)
(588804, 0, 384, 589188)
(587998, 0, 1190, 589188)
(588804, 0, 384, 589188)
(588132, 0, 1056, 589188)
(587379, 0, 1809, 589188)
(588132, 0, 1056, 589188)
(587379, 0, 1809, 589188)
(588132, 0, 1056, 589188)
(587326, 0, 1862, 589188)
(588132, 0, 1056, 589188)
(587326, 0, 1862, 589188)
(588132, 0, 1056, 589188)
(587379, 0, 1809, 589188)
(588132, 0, 1056, 589188)
(587379, 0, 1809, 589188)
(588132, 0, 1056, 589188)
(587379, 0, 1809, 589188)
(588132, 0, 1056, 589188)
(587379, 0, 1809, 589188)
(588132, 0, 1056, 589188)
(587379, 0, 1809, 589188)
(588132, 0, 1056, 589188)
(587379, 0, 1809, 589188)
(588132, 0, 1056, 589188)
(587379, 0, 1809, 589188)
(588132, 0, 1056, 589188)
(587379, 0, 1809, 589188)
(588132, 0, 1056, 589188)
(587379, 0, 1809, 589188)
(588132, 0, 1056, 589188)
(588804, 0, 384, 589188)
(588051, 0, 1137, 589188)
(588804, 0, 384, 589188)
(587998, 0, 1190, 589188)
(588804, 0, 384, 589188)
(587998, 0, 1190, 589188)
(588804, 0, 384, 589188)
(588051, 0, 1137, 589188)
(588804, 0, 384, 589188)
(588051, 0, 1137, 589188)
(588804, 0, 384, 589188)
(588051, 0, 1137, 589188)
(588804, 0, 384, 589188)
(588132, 0, 1056, 589188)
(587379, 0, 1809, 589188)
(588132, 0, 1056, 589188)
(587379, 0, 1809, 589188)
(588132, 0, 1056, 589188)
(587379, 0, 1809, 589188)
(588132, 0, 1056, 589188)
(587379, 0, 1809, 589188)
(588132, 0, 1056, 589188)
(587379, 0, 1809, 589188)
(588132, 0, 1056, 589188)
(588804, 0, 384, 589188)
(587998, 0, 1190, 589188)
(588804, 0, 384, 589188)
(587998, 0, 1190, 589188)
(588804, 0, 384, 589188)
(587998, 0, 1190, 589188)
(588804, 0, 384, 589188)
(588051, 0, 1137, 589188)
(588804, 0, 384, 589188)
(588051, 0, 1137, 589188)
(588804, 0, 384, 589188)
(588051, 0, 1137, 589188)
(588804, 0, 384, 589188)
(587998, 0, 1190, 589188)
(588804, 0, 384, 589188)
(587998, 0, 1190, 589188)
(588804, 0, 384, 589188)
(588051, 0, 1137, 589188)
(588804, 0, 384, 589188)
(588117, 0, 1071, 589188)
(587364, 0, 1824, 589188)
(588117, 0, 1071, 589188)
(588804, 0, 384, 589188)
(588051, 0, 1137, 589188)
(588804, 0, 384, 589188)
(588051, 0, 1137, 589188)
(588804, 0, 384, 589188)
(588051, 0, 1137, 589188)
(588804, 0, 384, 589188)
(589188, 0, 0, 589188)
(588501, 0, 687, 589188)
(589188, 0, 0, 589188)
(588435, 0, 753, 589188)
(589188, 0, 0, 589188)
(588382, 0, 806, 589188)
(589188, 0, 0, 589188)
(588435, 0, 753, 589188)
(589188, 0, 0, 589188)
(588435, 0, 753, 589188)
(589188, 0, 0, 589188)
(588435, 0, 753, 589188)
(589188, 0, 0, 589188)
(588435, 0, 753, 589188)
(589188, 0, 0, 589188)
(588435, 0, 753, 589188)
(589188, 0, 0, 589188)
(588435, 0, 753, 589188)
(589188, 0, 0, 589188)
(588501, 0, 687, 589188)
(587695, 0, 1493, 589188)
(588501, 0, 687, 589188)
(587748, 0, 1440, 589188)
(588501, 0, 687, 589188)
(589188, 0, 0, 589188)
(588382, 0, 806, 589188)
(589188, 0, 0, 589188)
(588501, 0, 687, 589188)
(587695, 0, 1493, 589188)
(588501, 0, 687, 589188)
(589188, 0, 0, 589188)
(588435, 0, 753, 589188)
(589188, 0, 0, 589188)
(588382, 0, 806, 589188)
(589188, 0, 0, 589188)
(588516, 0, 672, 589188)
(587710, 0, 1478, 589188)
(588516, 0, 672, 589188)
(587710, 0, 1478, 589188)
(588516, 0, 672, 589188)
(587710, 0, 1478, 589188)
(588516, 0, 672, 589188)
(587763, 0, 1425, 589188)
(588516, 0, 672, 589188)
(587763, 0, 1425, 589188)
(588516, 0, 672, 589188)
(587710, 0, 1478, 589188)
(588516, 0, 672, 589188)
(589188, 0, 0, 589188)
(588435, 0, 753, 589188)
(589188, 0, 0, 589188)
(588382, 0, 806, 589188)
(589188, 0, 0, 589188)
(588435, 0, 753, 589188)
(589188, 0, 0, 589188)
(588382, 0, 806, 589188)
(589188, 0, 0, 589188)
(588435, 0, 753, 589188)
(589188, 0, 0, 589188)
(588435, 0, 753, 589188)
(589188, 0, 0, 589188)
(588382, 0, 806, 589188)
(589188, 0, 0, 589188)
(588435, 0, 753, 589188)
(589188, 0, 0, 589188)
(588435, 0, 753, 589188)
(589188, 0, 0, 589188)
(588501, 0, 687, 589188)
(587695, 0, 1493, 589188)
(588501, 0, 687, 589188)
(589188, 0, 0, 589188)
(588382, 0, 806, 589188)
(589188, 0, 0, 589188)
(588516, 0, 672, 589188)
(587763, 0, 1425, 589188)
(588516, 0, 672, 589188)
(587710, 0, 1478, 589188)
(588516, 0, 672, 589188)
(587763, 0, 1425, 589188)
(588516, 0, 672, 589188)
(589188, 0, 0, 589188)
(588435, 0, 753, 589188)
(589188, 0, 0, 589188)
(588804, 0, 384, 589188)
(588051, 0, 1137, 589188)
(588804, 0, 384, 589188)
(588051, 0, 1137, 589188)
(588804, 0, 384, 589188)
(588117, 0, 1071, 589188)
(587364, 0, 1824, 589188)
(588117, 0, 1071, 589188)
(587311, 0, 1877, 589188)
(588117, 0, 1071, 589188)
(587311, 0, 1877, 589188)
(588117, 0, 1071, 589188)
(587364, 0, 1824, 589188)
(588117, 0, 1071, 589188)
(587364, 0, 1824, 589188)
(588117, 0, 1071, 589188)
(587364, 0, 1824, 589188)
(588117, 0, 1071, 589188)
(587364, 0, 1824, 589188)
(588117, 0, 1071, 589188)
(588804, 0, 384, 589188)
(588051, 0, 1137, 589188)
(588804, 0, 384, 589188)
(587998, 0, 1190, 589188)
(588804, 0, 384, 589188)
(587998, 0, 1190, 589188)
(588804, 0, 384, 589188)
(587998, 0, 1190, 589188)
(588804, 0, 384, 589188)
(587998, 0, 1190, 589188)
(588804, 0, 384, 589188)
(588051, 0, 1137, 589188)
(588804, 0, 384, 589188)
(588051, 0, 1137, 589188)
(588804, 0, 384, 589188)
(588051, 0, 1137, 589188)
(588804, 0, 384, 589188)
(587998, 0, 1190, 589188)
(588804, 0, 384, 589188)
(588117, 0, 1071, 589188)
(587364, 0, 1824, 589188)
(588117, 0, 1071, 589188)
(588804, 0, 384, 589188)
(588051, 0, 1137, 589188)
(588804, 0, 384, 589188)
(588051, 0, 1137, 589188)
(588804, 0, 384, 589188)
(588051, 0, 1137, 589188)
(588804, 0, 384, 589188)
(589188, 0, 0, 589188)
(588435, 0, 753, 589188)
(589188, 0, 0, 589188)
(588435, 0, 753, 589188)
(589188, 0, 0, 589188)
(588382, 0, 806, 589188)
(589188, 0, 0, 589188)
(588382, 0, 806, 589188)
(589188, 0, 0, 589188)
(588435, 0, 753, 589188)
(589188, 0, 0, 589188)
(588435, 0, 753, 589188)
(589188, 0, 0, 589188)
(588501, 0, 687, 589188)
(587748, 0, 1440, 589188)
(588501, 0, 687, 589188)
(587748, 0, 1440, 589188)
(588501, 0, 687, 589188)
(587748, 0, 1440, 589188)
(588501, 0, 687, 589188)
(587748, 0, 1440, 589188)
(588501, 0, 687, 589188)
(587748, 0, 1440, 589188)
(588501, 0, 687, 589188)
(587748, 0, 1440, 589188)
(588501, 0, 687, 589188)
(589188, 0, 0, 589188)
(588501, 0, 687, 589188)
(587748, 0, 1440, 589188)
(588501, 0, 687, 589188)
(587748, 0, 1440, 589188)
(588501, 0, 687, 589188)
(587748, 0, 1440, 589188)
(588501, 0, 687, 589188)
(589188, 0, 0, 589188)
(588382, 0, 806, 589188)
(589188, 0, 0, 589188)
(588435, 0, 753, 589188)
(589188, 0, 0, 589188)
(588435, 0, 753, 589188)
(589188, 0, 0, 589188)
(588624, 0, 564, 589188)
(587871, 0, 1317, 589188)
(588624, 0, 564, 589188)
(587871, 0, 1317, 589188)
(588624, 0, 564, 589188)
(587871, 0, 1317, 589188)
(588624, 0, 564, 589188)
(588257, 0, 931, 589188)
(587504, 0, 1684, 589188)
(588257, 0, 931, 589188)
(587451, 0, 1737, 589188)
(588257, 0, 931, 589188)
(587504, 0, 1684, 589188)
(588257, 0, 931, 589188)
(587451, 0, 1737, 589188)
(588257, 0, 931, 589188)
(587570, 0, 1618, 589188)
(586817, 0, 2371, 589188)
(587570, 0, 1618, 589188)
(586817, 0, 2371, 589188)
(587570, 0, 1618, 589188)
(586817, 0, 2371, 589188)
(587570, 0, 1618, 589188)
(586817, 0, 2371, 589188)
(587570, 0, 1618, 589188)
(586817, 0, 2371, 589188)
(587570, 0, 1618, 589188)
(586764, 0, 2424, 589188)
(587570, 0, 1618, 589188)
(586764, 0, 2424, 589188)
(587570, 0, 1618, 589188)
(586764, 0, 2424, 589188)
(587570, 0, 1618, 589188)
(586764, 0, 2424, 589188)
(587570, 0, 1618, 589188)
(588257, 0, 931, 589188)
(587504, 0, 1684, 589188)
(588257, 0, 931, 589188)
(587504, 0, 1684, 589188)
(588257, 0, 931, 589188)
(587504, 0, 1684, 589188)
(588257, 0, 931, 589188)
(587570, 0, 1618, 589188)
(586817, 0, 2371, 589188)
(587570, 0, 1618, 589188)
(586764, 0, 2424, 589188)
(587570, 0, 1618, 589188)
(586817, 0, 2371, 589188)
(587570, 0, 1618, 589188)
(588257, 0, 931, 589188)
(587451, 0, 1737, 589188)
(588257, 0, 931, 589188)
(587451, 0, 1737, 589188)
(588257, 0, 931, 589188)
(587504, 0, 1684, 589188)
(588257, 0, 931, 589188)
(587585, 0, 1603, 589188)
(586832, 0, 2356, 589188)
(587585, 0, 1603, 589188)
(588257, 0, 931, 589188)
(587873, 0, 1315, 589188)
(587120, 0, 2068, 589188)
(587873, 0, 1315, 589188)
(587120, 0, 2068, 589188)
(587873, 0, 1315, 589188)
(587120, 0, 2068, 589188)
(587873, 0, 1315, 589188)
(587120, 0, 2068, 589188)
(587873, 0, 1315, 589188)
(587120, 0, 2068, 589188)
(587873, 0, 1315, 589188)
(587120, 0, 2068, 589188)
(587873, 0, 1315, 589188)
(587120, 0, 2068, 589188)
(587873, 0, 1315, 589188)
(587067, 0, 2121, 589188)
(587873, 0, 1315, 589188)
(587120, 0, 2068, 589188)
(587873, 0, 1315, 589188)
(587186, 0, 2002, 589188)
(586380, 0, 2808, 589188)
(587186, 0, 2002, 589188)
(587873, 0, 1315, 589188)
(588257, 0, 931, 589188)
(587504, 0, 1684, 589188)
(588257, 0, 931, 589188)
(587504, 0, 1684, 589188)
(588257, 0, 931, 589188)
(587504, 0, 1684, 589188)
(588257, 0, 931, 589188)
(587504, 0, 1684, 589188)
(588257, 0, 931, 589188)
(587504, 0, 1684, 589188)
(588257, 0, 931, 589188)
(587504, 0, 1684, 589188)
(588257, 0, 931, 589188)
(587570, 0, 1618, 589188)
(586817, 0, 2371, 589188)
(587570, 0, 1618, 589188)
(588257, 0, 931, 589188)
(587570, 0, 1618, 589188)
(588257, 0, 931, 589188)
(587504, 0, 1684, 589188)
(588257, 0, 931, 589188)
(587504, 0, 1684, 589188)
(588257, 0, 931, 589188)
(587570, 0, 1618, 589188)
(588257, 0, 931, 589188)
(587873, 0, 1315, 589188)
(587067, 0, 2121, 589188)
(587873, 0, 1315, 589188)
(587120, 0, 2068, 589188)
(587873, 0, 1315, 589188)
(587067, 0, 2121, 589188)
(587873, 0, 1315, 589188)
(587067, 0, 2121, 589188)
(587873, 0, 1315, 589188)
(588257, 0, 931, 589188)
(587451, 0, 1737, 589188)
(588257, 0, 931, 589188)
(587873, 0, 1315, 589188)
(587120, 0, 2068, 589188)
(587873, 0, 1315, 589188)
(587120, 0, 2068, 589188)
(587873, 0, 1315, 589188)
(587120, 0, 2068, 589188)
(587873, 0, 1315, 589188)
(587186, 0, 2002, 589188)
(586433, 0, 2755, 589188)
(587186, 0, 2002, 589188)
(586433, 0, 2755, 589188)
(587186, 0, 2002, 589188)
(586433, 0, 2755, 589188)
(587186, 0, 2002, 589188)
(587873, 0, 1315, 589188)
(587067, 0, 2121, 589188)
(587873, 0, 1315, 589188)
(588257, 0, 931, 589188)
(587451, 0, 1737, 589188)
(588257, 0, 931, 589188)
(587504, 0, 1684, 589188)
(588257, 0, 931, 589188)
(587451, 0, 1737, 589188)
(588257, 0, 931, 589188)
(587873, 0, 1315, 589188)
(587120, 0, 2068, 589188)
(587873, 0, 1315, 589188)
(587120, 0, 2068, 589188)
(587873, 0, 1315, 589188)
(588257, 0, 931, 589188)
(587504, 0, 1684, 589188)
(588257, 0, 931, 589188)
(587504, 0, 1684, 589188)
(588257, 0, 931, 589188)
(587451, 0, 1737, 589188)
(588257, 0, 931, 589188)
(587504, 0, 1684, 589188)
(588257, 0, 931, 589188)
(587504, 0, 1684, 589188)
(588257, 0, 931, 589188)
(587451, 0, 1737, 589188)
(588257, 0, 931, 589188)
(587504, 0, 1684, 589188)
(588257, 0, 931, 589188)
(587504, 0, 1684, 589188)
(588257, 0, 931, 589188)
(587451, 0, 1737, 589188)
(588257, 0, 931, 589188)
(587451, 0, 1737, 589188)
(588257, 0, 931, 589188)
(587451, 0, 1737, 589188)
(588257, 0, 931, 589188)
(587504, 0, 1684, 589188)
(588257, 0, 931, 589188)
(587570, 0, 1618, 589188)
(588257, 0, 931, 589188)
(587451, 0, 1737, 589188)
(588257, 0, 931, 589188)
(587451, 0, 1737, 589188)
(588257, 0, 931, 589188)
(587504, 0, 1684, 589188)
(588257, 0, 931, 589188)
(587585, 0, 1603, 589188)
(586832, 0, 2356, 589188)
(587585, 0, 1603, 589188)
(586779, 0, 2409, 589188)
(587585, 0, 1603, 589188)
(588257, 0, 931, 589188)
(587451, 0, 1737, 589188)
(588257, 0, 931, 589188)
(587504, 0, 1684, 589188)
(588257, 0, 931, 589188)
(587504, 0, 1684, 589188)
(588257, 0, 931, 589188)
(587570, 0, 1618, 589188)
(586764, 0, 2424, 589188)
(587570, 0, 1618, 589188)
(588257, 0, 931, 589188)
(587451, 0, 1737, 589188)
(588257, 0, 931, 589188)
(587451, 0, 1737, 589188)
(588257, 0, 931, 589188)
(587504, 0, 1684, 589188)
(588257, 0, 931, 589188)
(587504, 0, 1684, 589188)
(588257, 0, 931, 589188)
(587873, 0, 1315, 589188)
(587120, 0, 2068, 589188)
(587873, 0, 1315, 589188)
(587120, 0, 2068, 589188)
(587873, 0, 1315, 589188)
(587186, 0, 2002, 589188)
(587873, 0, 1315, 589188)
(588257, 0, 931, 589188)
(587451, 0, 1737, 589188)
(588257, 0, 931, 589188)
(587585, 0, 1603, 589188)
(586832, 0, 2356, 589188)
(587585, 0, 1603, 589188)
(588257, 0, 931, 589188)
(587504, 0, 1684, 589188)
(588257, 0, 931, 589188)
(587504, 0, 1684, 589188)
(588257, 0, 931, 589188)
(587570, 0, 1618, 589188)
(586817, 0, 2371, 589188)
(587570, 0, 1618, 589188)
(586764, 0, 2424, 589188)
(587570, 0, 1618, 589188)
(586817, 0, 2371, 589188)
(587570, 0, 1618, 589188)
(588257, 0, 931, 589188)
(587504, 0, 1684, 589188)
(588257, 0, 931, 589188)
(587504, 0, 1684, 589188)
(588257, 0, 931, 589188)
(587451, 0, 1737, 589188)
(588257, 0, 931, 589188)
(587451, 0, 1737, 589188)
(588257, 0, 931, 589188)
(587451, 0, 1737, 589188)
(588257, 0, 931, 589188)
(587451, 0, 1737, 589188)
(588257, 0, 931, 589188)
(587504, 0, 1684, 589188)
(588257, 0, 931, 589188)
(587570, 0, 1618, 589188)
(586764, 0, 2424, 589188)
(587570, 0, 1618, 589188)
(586817, 0, 2371, 589188)
(587570, 0, 1618, 589188)
(586764, 0, 2424, 589188)
(587570, 0, 1618, 589188)
(586764, 0, 2424, 589188)
(587570, 0, 1618, 589188)
(586817, 0, 2371, 589188)
(587570, 0, 1618, 589188)
(586764, 0, 2424, 589188)
(587570, 0, 1618, 589188)
(586764, 0, 2424, 589188)
(587570, 0, 1618, 589188)
(586764, 0, 2424, 589188)
(587570, 0, 1618, 589188)
(586764, 0, 2424, 589188)
(587570, 0, 1618, 589188)
(588257, 0, 931, 589188)
(587504, 0, 1684, 589188)
(588257, 0, 931, 589188)
(588624, 0, 564, 589188)
(587871, 0, 1317, 589188)
(588624, 0, 564, 589188)
(587871, 0, 1317, 589188)
(588624, 0, 564, 589188)
(587818, 0, 1370, 589188)
(588624, 0, 564, 589188)
(587871, 0, 1317, 589188)
(588624, 0, 564, 589188)
(587818, 0, 1370, 589188)
(588624, 0, 564, 589188)
(587871, 0, 1317, 589188)
(588624, 0, 564, 589188)
(587937, 0, 1251, 589188)
(587184, 0, 2004, 589188)
(587937, 0, 1251, 589188)
(587131, 0, 2057, 589188)
(587937, 0, 1251, 589188)
(588624, 0, 564, 589188)
(587937, 0, 1251, 589188)
(588624, 0, 564, 589188)
(587871, 0, 1317, 589188)
(588624, 0, 564, 589188)
(587952, 0, 1236, 589188)
(588624, 0, 564, 589188)
(587937, 0, 1251, 589188)
(587184, 0, 2004, 589188)
(587937, 0, 1251, 589188)
(587184, 0, 2004, 589188)
(587937, 0, 1251, 589188)
(587131, 0, 2057, 589188)
(587937, 0, 1251, 589188)
(588624, 0, 564, 589188)
(587818, 0, 1370, 589188)
(588624, 0, 564, 589188)
(587937, 0, 1251, 589188)
(587184, 0, 2004, 589188)
(587937, 0, 1251, 589188)
(587184, 0, 2004, 589188)
(587937, 0, 1251, 589188)
(587184, 0, 2004, 589188)
(587937, 0, 1251, 589188)
(588624, 0, 564, 589188)
(587818, 0, 1370, 589188)
(588624, 0, 564, 589188)
(587952, 0, 1236, 589188)
(587199, 0, 1989, 589188)
(587952, 0, 1236, 589188)
(587199, 0, 1989, 589188)
(587952, 0, 1236, 589188)
(587199, 0, 1989, 589188)
(587952, 0, 1236, 589188)
(588624, 0, 564, 589188)
(587871, 0, 1317, 589188)
(588624, 0, 564, 589188)
(587871, 0, 1317, 589188)
(588624, 0, 564, 589188)
(587818, 0, 1370, 589188)
(588624, 0, 564, 589188)
(587818, 0, 1370, 589188)
(588624, 0, 564, 589188)
(588240, 0, 948, 589188)
(587568, 0, 1620, 589188)
(586815, 0, 2373, 589188)
(587568, 0, 1620, 589188)
(586815, 0, 2373, 589188)
(587568, 0, 1620, 589188)
(586815, 0, 2373, 589188)
(587568, 0, 1620, 589188)
(586762, 0, 2426, 589188)
(587568, 0, 1620, 589188)
(586815, 0, 2373, 589188)
(587568, 0, 1620, 589188)
(588240, 0, 948, 589188)
(588624, 0, 564, 589188)
(587952, 0, 1236, 589188)
(587199, 0, 1989, 589188)
(587952, 0, 1236, 589188)
(587146, 0, 2042, 589188)
(587952, 0, 1236, 589188)
(587199, 0, 1989, 589188)
(587952, 0, 1236, 589188)
(587199, 0, 1989, 589188)
(587952, 0, 1236, 589188)
(587199, 0, 1989, 589188)
(587952, 0, 1236, 589188)
(587199, 0, 1989, 589188)
(587952, 0, 1236, 589188)
(587146, 0, 2042, 589188)
(587952, 0, 1236, 589188)
(587199, 0, 1989, 589188)
(587952, 0, 1236, 589188)
(587199, 0, 1989, 589188)
(587952, 0, 1236, 589188)
(588624, 0, 564, 589188)
(587818, 0, 1370, 589188)
(588624, 0, 564, 589188)
(587952, 0, 1236, 589188)
(587199, 0, 1989, 589188)
(587952, 0, 1236, 589188)
(587146, 0, 2042, 589188)
(587952, 0, 1236, 589188)
(587199, 0, 1989, 589188)
(587952, 0, 1236, 589188)
(588624, 0, 564, 589188)
(587937, 0, 1251, 589188)
(587184, 0, 2004, 589188)
(587937, 0, 1251, 589188)
(588624, 0, 564, 589188)
(587871, 0, 1317, 589188)
(588624, 0, 564, 589188)
(587871, 0, 1317, 589188)
(588624, 0, 564, 589188)
(587871, 0, 1317, 589188)
(588624, 0, 564, 589188)
(587871, 0, 1317, 589188)
(588624, 0, 564, 589188)
(587818, 0, 1370, 589188)
(588624, 0, 564, 589188)
(587952, 0, 1236, 589188)
(588624, 0, 564, 589188)
(587818, 0, 1370, 589188)
(588624, 0, 564, 589188)
(587937, 0, 1251, 589188)
(587131, 0, 2057, 589188)
(587937, 0, 1251, 589188)
(587184, 0, 2004, 589188)
(587937, 0, 1251, 589188)
(587131, 0, 2057, 589188)
(587937, 0, 1251, 589188)
(587131, 0, 2057, 589188)
(587937, 0, 1251, 589188)
(587184, 0, 2004, 589188)
(587937, 0, 1251, 589188)
(588624, 0, 564, 589188)
(587818, 0, 1370, 589188)
(588624, 0, 564, 589188)
(587818, 0, 1370, 589188)
(588624, 0, 564, 589188)
(587937, 0, 1251, 589188)
(587184, 0, 2004, 589188)
(587937, 0, 1251, 589188)
(587184, 0, 2004, 589188)
(587937, 0, 1251, 589188)
(587184, 0, 2004, 589188)
(587937, 0, 1251, 589188)
(587184, 0, 2004, 589188)
(587937, 0, 1251, 589188)
(587131, 0, 2057, 589188)
(587937, 0, 1251, 589188)
(587184, 0, 2004, 589188)
(587937, 0, 1251, 589188)
(588624, 0, 564, 589188)
(587871, 0, 1317, 589188)
(588624, 0, 564, 589188)
(587952, 0, 1236, 589188)
(587199, 0, 1989, 589188)
(587952, 0, 1236, 589188)
(587199, 0, 1989, 589188)
(587952, 0, 1236, 589188)
(587199, 0, 1989, 589188)
(587952, 0, 1236, 589188)
(588624, 0, 564, 589188)
(587871, 0, 1317, 589188)
(588624, 0, 564, 589188)
(587818, 0, 1370, 589188)
(588624, 0, 564, 589188)
(587818, 0, 1370, 589188)
(588624, 0, 564, 589188)
(587871, 0, 1317, 589188)
(588624, 0, 564, 589188)
(587818, 0, 1370, 589188)
(588624, 0, 564, 589188)
(587937, 0, 1251, 589188)
(587184, 0, 2004, 589188)
(587937, 0, 1251, 589188)
(588624, 0, 564, 589188)
(587871, 0, 1317, 589188)
(588624, 0, 564, 589188)
(587871, 0, 1317, 589188)
(588624, 0, 564, 589188)
(587871, 0, 1317, 589188)
(588624, 0, 564, 589188)
(587937, 0, 1251, 589188)
(587184, 0, 2004, 589188)
(587937, 0, 1251, 589188)
(587131, 0, 2057, 589188)
(587937, 0, 1251, 589188)
(587131, 0, 2057, 589188)
(587937, 0, 1251, 589188)
(587184, 0, 2004, 589188)
(587937, 0, 1251, 589188)
(587184, 0, 2004, 589188)
(587937, 0, 1251, 589188)
(588624, 0, 564, 589188)
(587871, 0, 1317, 589188)
(588624, 0, 564, 589188)
(587818, 0, 1370, 589188)
(588624, 0, 564, 589188)
(587871, 0, 1317, 589188)
(588624, 0, 564, 589188)
(587871, 0, 1317, 589188)
(588624, 0, 564, 589188)
(588174, 0, 1014, 589188)
(587421, 0, 1767, 589188)
(588174, 0, 1014, 589188)
(587368, 0, 1820, 589188)
(588174, 0, 1014, 589188)
(587368, 0, 1820, 589188)
(588174, 0, 1014, 589188)
(587421, 0, 1767, 589188)
(588174, 0, 1014, 589188)
(587368, 0, 1820, 589188)
(588174, 0, 1014, 589188)
(587421, 0, 1767, 589188)
(588174, 0, 1014, 589188)
(587368, 0, 1820, 589188)
(588174, 0, 1014, 589188)
(587421, 0, 1767, 589188)
(588174, 0, 1014, 589188)
(587421, 0, 1767, 589188)
(588174, 0, 1014, 589188)
(587487, 0, 1701, 589188)
(588174, 0, 1014, 589188)
(587421, 0, 1767, 589188)
(588174, 0, 1014, 589188)
(587487, 0, 1701, 589188)
(588174, 0, 1014, 589188)
(587421, 0, 1767, 589188)
(588174, 0, 1014, 589188)
(587421, 0, 1767, 589188)
(588174, 0, 1014, 589188)
(587421, 0, 1767, 589188)
(588174, 0, 1014, 589188)
(587421, 0, 1767, 589188)
(588174, 0, 1014, 589188)
(587421, 0, 1767, 589188)
(588174, 0, 1014, 589188)
(587487, 0, 1701, 589188)
(586734, 0, 2454, 589188)
(587487, 0, 1701, 589188)
(586734, 0, 2454, 589188)
(587487, 0, 1701, 589188)
(586734, 0, 2454, 589188)
(587487, 0, 1701, 589188)
(586734, 0, 2454, 589188)
(587487, 0, 1701, 589188)
(586734, 0, 2454, 589188)
(587487, 0, 1701, 589188)
(586734, 0, 2454, 589188)
(587487, 0, 1701, 589188)
(586681, 0, 2507, 589188)
(587487, 0, 1701, 589188)
(586734, 0, 2454, 589188)
(587487, 0, 1701, 589188)
(586734, 0, 2454, 589188)
(587487, 0, 1701, 589188)
(586734, 0, 2454, 589188)
(587487, 0, 1701, 589188)
(588174, 0, 1014, 589188)
(587502, 0, 1686, 589188)
(586696, 0, 2492, 589188)
(587502, 0, 1686, 589188)
(586749, 0, 2439, 589188)
(587502, 0, 1686, 589188)
(586696, 0, 2492, 589188)
(587502, 0, 1686, 589188)
(586749, 0, 2439, 589188)
(587502, 0, 1686, 589188)
(586749, 0, 2439, 589188)
(587502, 0, 1686, 589188)
(588174, 0, 1014, 589188)
(587421, 0, 1767, 589188)
(588174, 0, 1014, 589188)
(587421, 0, 1767, 589188)
(588174, 0, 1014, 589188)
(588624, 0, 564, 589188)
(587818, 0, 1370, 589188)
(588624, 0, 564, 589188)
(587818, 0, 1370, 589188)
(588624, 0, 564, 589188)
(587818, 0, 1370, 589188)
(588624, 0, 564, 589188)
(588174, 0, 1014, 589188)
(587487, 0, 1701, 589188)
(586734, 0, 2454, 589188)
(587487, 0, 1701, 589188)
(586734, 0, 2454, 589188)
(587487, 0, 1701, 589188)
(586681, 0, 2507, 589188)
(587487, 0, 1701, 589188)
(588174, 0, 1014, 589188)
(587502, 0, 1686, 589188)
(586749, 0, 2439, 589188)
(587502, 0, 1686, 589188)
(588174, 0, 1014, 589188)
(587368, 0, 1820, 589188)
(588174, 0, 1014, 589188)
(587421, 0, 1767, 589188)
(588174, 0, 1014, 589188)
(588624, 0, 564, 589188)
(587871, 0, 1317, 589188)
(588624, 0, 564, 589188)
(587871, 0, 1317, 589188)
(588624, 0, 564, 589188)
(587871, 0, 1317, 589188)
(588624, 0, 564, 589188)
(587937, 0, 1251, 589188)
(587184, 0, 2004, 589188)
(587937, 0, 1251, 589188)
(587131, 0, 2057, 589188)
(587937, 0, 1251, 589188)
(587131, 0, 2057, 589188)
(587937, 0, 1251, 589188)
(587184, 0, 2004, 589188)
(587937, 0, 1251, 589188)
(587184, 0, 2004, 589188)
(587937, 0, 1251, 589188)
(587131, 0, 2057, 589188)
(587937, 0, 1251, 589188)
(587184, 0, 2004, 589188)
(587937, 0, 1251, 589188)
(587184, 0, 2004, 589188)
(587937, 0, 1251, 589188)
(587184, 0, 2004, 589188)
(587937, 0, 1251, 589188)
(588624, 0, 564, 589188)
(587937, 0, 1251, 589188)
(587184, 0, 2004, 589188)
(587937, 0, 1251, 589188)
(587131, 0, 2057, 589188)
(587937, 0, 1251, 589188)
(587184, 0, 2004, 589188)
(587937, 0, 1251, 589188)
(587131, 0, 2057, 589188)
(587937, 0, 1251, 589188)
(587131, 0, 2057, 589188)
(587937, 0, 1251, 589188)
(587184, 0, 2004, 589188)
(587937, 0, 1251, 589188)
(587184, 0, 2004, 589188)
(587937, 0, 1251, 589188)
(587184, 0, 2004, 589188)
(587937, 0, 1251, 589188)
(587131, 0, 2057, 589188)
(587937, 0, 1251, 589188)
(587184, 0, 2004, 589188)
(587937, 0, 1251, 589188)
(588624, 0, 564, 589188)
(587937, 0, 1251, 589188)
(587184, 0, 2004, 589188)
(587937, 0, 1251, 589188)
(587184, 0, 2004, 589188)
(587937, 0, 1251, 589188)
(587131, 0, 2057, 589188)
(587937, 0, 1251, 589188)
(587184, 0, 2004, 589188)
(587937, 0, 1251, 589188)
(587131, 0, 2057, 589188)
(587937, 0, 1251, 589188)
(587184, 0, 2004, 589188)
(587937, 0, 1251, 589188)
(588624, 0, 564, 589188)
(587871, 0, 1317, 589188)
(588624, 0, 564, 589188)
(587871, 0, 1317, 589188)
(588624, 0, 564, 589188)
(587871, 0, 1317, 589188)
(588624, 0, 564, 589188)
(587937, 0, 1251, 589188)
(587131, 0, 2057, 589188)
(587937, 0, 1251, 589188)
(587184, 0, 2004, 589188)
(587937, 0, 1251, 589188)
(588624, 0, 564, 589188)
(587818, 0, 1370, 589188)
(588624, 0, 564, 589188)
(587871, 0, 1317, 589188)
(588624, 0, 564, 589188)
(587937, 0, 1251, 589188)
(587131, 0, 2057, 589188)
(587937, 0, 1251, 589188)
(587184, 0, 2004, 589188)
(587937, 0, 1251, 589188)
(588624, 0, 564, 589188)
(588240, 0, 948, 589188)
(587487, 0, 1701, 589188)
(588240, 0, 948, 589188)
(587568, 0, 1620, 589188)
(586815, 0, 2373, 589188)
(587568, 0, 1620, 589188)
(586762, 0, 2426, 589188)
(587568, 0, 1620, 589188)
(586762, 0, 2426, 589188)
(587568, 0, 1620, 589188)
(586815, 0, 2373, 589188)
(587568, 0, 1620, 589188)
(586815, 0, 2373, 589188)
(587568, 0, 1620, 589188)
(586762, 0, 2426, 589188)
(587568, 0, 1620, 589188)
(586815, 0, 2373, 589188)
(587568, 0, 1620, 589188)
(586815, 0, 2373, 589188)
(587568, 0, 1620, 589188)
(586762, 0, 2426, 589188)
(587568, 0, 1620, 589188)
(588240, 0, 948, 589188)
(587487, 0, 1701, 589188)
(588240, 0, 948, 589188)
(587487, 0, 1701, 589188)
(588240, 0, 948, 589188)
(587434, 0, 1754, 589188)
(588240, 0, 948, 589188)
(587487, 0, 1701, 589188)
(588240, 0, 948, 589188)
(587487, 0, 1701, 589188)
(588240, 0, 948, 589188)
(588624, 0, 564, 589188)
(587952, 0, 1236, 589188)
(587199, 0, 1989, 589188)
(587952, 0, 1236, 589188)
(587146, 0, 2042, 589188)
(587952, 0, 1236, 589188)
(587199, 0, 1989, 589188)
(587952, 0, 1236, 589188)
(587199, 0, 1989, 589188)
(587952, 0, 1236, 589188)
(587199, 0, 1989, 589188)
(587952, 0, 1236, 589188)
(587146, 0, 2042, 589188)
(587952, 0, 1236, 589188)
(587146, 0, 2042, 589188)
(587952, 0, 1236, 589188)
(588624, 0, 564, 589188)
(587871, 0, 1317, 589188)
(588624, 0, 564, 589188)
(587871, 0, 1317, 589188)
(588624, 0, 564, 589188)
(587871, 0, 1317, 589188)
(588624, 0, 564, 589188)
(587937, 0, 1251, 589188)
(587184, 0, 2004, 589188)
(587937, 0, 1251, 589188)
(587131, 0, 2057, 589188)
(587937, 0, 1251, 589188)
(588624, 0, 564, 589188)
(587871, 0, 1317, 589188)
(588624, 0, 564, 589188)
(587952, 0, 1236, 589188)
(587199, 0, 1989, 589188)
(587952, 0, 1236, 589188)
(587199, 0, 1989, 589188)
(587952, 0, 1236, 589188)
(587199, 0, 1989, 589188)
(587952, 0, 1236, 589188)
(587199, 0, 1989, 589188)
(587952, 0, 1236, 589188)
(587199, 0, 1989, 589188)
(587952, 0, 1236, 589188)
(588624, 0, 564, 589188)
(587937, 0, 1251, 589188)
(587131, 0, 2057, 589188)
(587937, 0, 1251, 589188)
(587184, 0, 2004, 589188)
(587937, 0, 1251, 589188)
(587184, 0, 2004, 589188)
(587937, 0, 1251, 589188)
(587131, 0, 2057, 589188)
(587937, 0, 1251, 589188)
(587131, 0, 2057, 589188)
(587937, 0, 1251, 589188)
(588624, 0, 564, 589188)
(587818, 0, 1370, 589188)
(588624, 0, 564, 589188)
(587871, 0, 1317, 589188)
(588624, 0, 564, 589188)
(587871, 0, 1317, 589188)
(588624, 0, 564, 589188)
(587818, 0, 1370, 589188)
(588624, 0, 564, 589188)
(587871, 0, 1317, 589188)
(588624, 0, 564, 589188)
(587937, 0, 1251, 589188)
(587184, 0, 2004, 589188)
(587937, 0, 1251, 589188)
(588624, 0, 564, 589188)
(588240, 0, 948, 589188)
(587434, 0, 1754, 589188)
(588240, 0, 948, 589188)
(587553, 0, 1635, 589188)
(586747, 0, 2441, 589188)
(587553, 0, 1635, 589188)
(586800, 0, 2388, 589188)
(587553, 0, 1635, 589188)
(586800, 0, 2388, 589188)
(587553, 0, 1635, 589188)
(588240, 0, 948, 589188)
(587434, 0, 1754, 589188)
(588240, 0, 948, 589188)
(587434, 0, 1754, 589188)
(588240, 0, 948, 589188)
(588624, 0, 564, 589188)
(587937, 0, 1251, 589188)
(587184, 0, 2004, 589188)
(587937, 0, 1251, 589188)
(588624, 0, 564, 589188)
(587871, 0, 1317, 589188)
(588624, 0, 564, 589188)
(587937, 0, 1251, 589188)
(587184, 0, 2004, 589188)
(587937, 0, 1251, 589188)
(587131, 0, 2057, 589188)
(587937, 0, 1251, 589188)
(588624, 0, 564, 589188)
(587871, 0, 1317, 589188)
(588624, 0, 564, 589188)
(587818, 0, 1370, 589188)
(588624, 0, 564, 589188)
(587818, 0, 1370, 589188)
(588624, 0, 564, 589188)
(587871, 0, 1317, 589188)
(588624, 0, 564, 589188)
(587871, 0, 1317, 589188)
(588624, 0, 564, 589188)
(587871, 0, 1317, 589188)
(588624, 0, 564, 589188)
(587871, 0, 1317, 589188)
(588624, 0, 564, 589188)
(587871, 0, 1317, 589188)
(588624, 0, 564, 589188)
(587871, 0, 1317, 589188)
(588624, 0, 564, 589188)
(587818, 0, 1370, 589188)
(588624, 0, 564, 589188)
(587818, 0, 1370, 589188)
(588624, 0, 564, 589188)
(587871, 0, 1317, 589188)
(588624, 0, 564, 589188)
(587937, 0, 1251, 589188)
(587184, 0, 2004, 589188)
(587937, 0, 1251, 589188)
(588624, 0, 564, 589188)
(588240, 0, 948, 589188)
(587487, 0, 1701, 589188)
(588240, 0, 948, 589188)
(587434, 0, 1754, 589188)
(588240, 0, 948, 589188)
(587434, 0, 1754, 589188)
(588240, 0, 948, 589188)
(587568, 0, 1620, 589188)
(586762, 0, 2426, 589188)
(587568, 0, 1620, 589188)
(586762, 0, 2426, 589188)
(587568, 0, 1620, 589188)
(586762, 0, 2426, 589188)
(587568, 0, 1620, 589188)
(586815, 0, 2373, 589188)
(587568, 0, 1620, 589188)
(586815, 0, 2373, 589188)
(587568, 0, 1620, 589188)
(586815, 0, 2373, 589188)
(587568, 0, 1620, 589188)
(586815, 0, 2373, 589188)
(587568, 0, 1620, 589188)
(586762, 0, 2426, 589188)
(587568, 0, 1620, 589188)
(586762, 0, 2426, 589188)
(587568, 0, 1620, 589188)
(586815, 0, 2373, 589188)
(587568, 0, 1620, 589188)
(586815, 0, 2373, 589188)
(587568, 0, 1620, 589188)
(586815, 0, 2373, 589188)
(587568, 0, 1620, 589188)
(586762, 0, 2426, 589188)
(587568, 0, 1620, 589188)
(588240, 0, 948, 589188)
(587434, 0, 1754, 589188)
(588240, 0, 948, 589188)
(587434, 0, 1754, 589188)
(588240, 0, 948, 589188)
(587434, 0, 1754, 589188)
(588240, 0, 948, 589188)
(587434, 0, 1754, 589188)
(588240, 0, 948, 589188)
(587487, 0, 1701, 589188)
(588240, 0, 948, 589188)
(587568, 0, 1620, 589188)
(586815, 0, 2373, 589188)
(587568, 0, 1620, 589188)
(586815, 0, 2373, 589188)
(587568, 0, 1620, 589188)
(586762, 0, 2426, 589188)
(587568, 0, 1620, 589188)
(586815, 0, 2373, 589188)
(587568, 0, 1620, 589188)
(586815, 0, 2373, 589188)
(587568, 0, 1620, 589188)
(586815, 0, 2373, 589188)
(587568, 0, 1620, 589188)
(586815, 0, 2373, 589188)
(587568, 0, 1620, 589188)
(588240, 0, 948, 589188)
(587553, 0, 1635, 589188)
(586800, 0, 2388, 589188)
(587553, 0, 1635, 589188)
(586800, 0, 2388, 589188)
(587553, 0, 1635, 589188)
(586800, 0, 2388, 589188)
(587553, 0, 1635, 589188)
(586747, 0, 2441, 589188)
(587553, 0, 1635, 589188)
(586747, 0, 2441, 589188)
(587553, 0, 1635, 589188)
(586800, 0, 2388, 589188)
(587553, 0, 1635, 589188)
(588240, 0, 948, 589188)
(587487, 0, 1701, 589188)
(588240, 0, 948, 589188)
(587487, 0, 1701, 589188)
(588240, 0, 948, 589188)
(587553, 0, 1635, 589188)
(588240, 0, 948, 589188)
(587487, 0, 1701, 589188)
(588240, 0, 948, 589188)
(587487, 0, 1701, 589188)
(588240, 0, 948, 589188)
(588624, 0, 564, 589188)
(587818, 0, 1370, 589188)
(588624, 0, 564, 589188)
(587871, 0, 1317, 589188)
(588624, 0, 564, 589188)
(588240, 0, 948, 589188)
(587487, 0, 1701, 589188)
(588240, 0, 948, 589188)
(587553, 0, 1635, 589188)
(588240, 0, 948, 589188)
(587568, 0, 1620, 589188)
(586815, 0, 2373, 589188)
(587568, 0, 1620, 589188)
(588240, 0, 948, 589188)
(587553, 0, 1635, 589188)
(586800, 0, 2388, 589188)
(587553, 0, 1635, 589188)
(586800, 0, 2388, 589188)
(587553, 0, 1635, 589188)
(588240, 0, 948, 589188)
(587487, 0, 1701, 589188)
(588240, 0, 948, 589188)
(587487, 0, 1701, 589188)
(588240, 0, 948, 589188)
(587434, 0, 1754, 589188)
(588240, 0, 948, 589188)
(587553, 0, 1635, 589188)
(588240, 0, 948, 589188)
(587487, 0, 1701, 589188)
(588240, 0, 948, 589188)
(587487, 0, 1701, 589188)
(588240, 0, 948, 589188)
(587434, 0, 1754, 589188)
(588240, 0, 948, 589188)
(588624, 0, 564, 589188)
(587952, 0, 1236, 589188)
(587146, 0, 2042, 589188)
(587952, 0, 1236, 589188)
(587146, 0, 2042, 589188)
(587952, 0, 1236, 589188)
(587199, 0, 1989, 589188)
(587952, 0, 1236, 589188)
(587199, 0, 1989, 589188)
(587952, 0, 1236, 589188)
(587199, 0, 1989, 589188)
(587952, 0, 1236, 589188)
(587146, 0, 2042, 589188)
(587952, 0, 1236, 589188)
(587199, 0, 1989, 589188)
(587952, 0, 1236, 589188)
(588624, 0, 564, 589188)
(587937, 0, 1251, 589188)
(588624, 0, 564, 589188)
(587871, 0, 1317, 589188)
(588624, 0, 564, 589188)
(587871, 0, 1317, 589188)
(588624, 0, 564, 589188)
(587818, 0, 1370, 589188)
(588624, 0, 564, 589188)
(587937, 0, 1251, 589188)
(587131, 0, 2057, 589188)
(587937, 0, 1251, 589188)
(587184, 0, 2004, 589188)
(587937, 0, 1251, 589188)
(587184, 0, 2004, 589188)
(587937, 0, 1251, 589188)
(588624, 0, 564, 589188)
(587937, 0, 1251, 589188)
(588624, 0, 564, 589188)
(587952, 0, 1236, 589188)
(587199, 0, 1989, 589188)
(587952, 0, 1236, 589188)
(587199, 0, 1989, 589188)
(587952, 0, 1236, 589188)
(588624, 0, 564, 589188)
(587871, 0, 1317, 589188)
(588624, 0, 564, 589188)
(587818, 0, 1370, 589188)
(588624, 0, 564, 589188)
(587871, 0, 1317, 589188)
(588624, 0, 564, 589188)
(587818, 0, 1370, 589188)
(588624, 0, 564, 589188)
(587871, 0, 1317, 589188)
(588624, 0, 564, 589188)
(587871, 0, 1317, 589188)
(588624, 0, 564, 589188)
(587952, 0, 1236, 589188)
(587199, 0, 1989, 589188)
(587952, 0, 1236, 589188)
(588624, 0, 564, 589188)
(587818, 0, 1370, 589188)
(588624, 0, 564, 589188)
(588174, 0, 1014, 589188)
(587421, 0, 1767, 589188)
(588174, 0, 1014, 589188)
(587421, 0, 1767, 589188)
(588174, 0, 1014, 589188)
(587487, 0, 1701, 589188)
(586681, 0, 2507, 589188)
(587487, 0, 1701, 589188)
(588174, 0, 1014, 589188)
(587368, 0, 1820, 589188)
(588174, 0, 1014, 589188)
(587487, 0, 1701, 589188)
(586681, 0, 2507, 589188)
(587487, 0, 1701, 589188)
(586734, 0, 2454, 589188)
(587487, 0, 1701, 589188)
(586681, 0, 2507, 589188)
(587487, 0, 1701, 589188)
(588174, 0, 1014, 589188)
(587421, 0, 1767, 589188)
(588174, 0, 1014, 589188)
(587421, 0, 1767, 589188)
(588174, 0, 1014, 589188)
(587421, 0, 1767, 589188)
(588174, 0, 1014, 589188)
(588624, 0, 564, 589188)
(587937, 0, 1251, 589188)
(587184, 0, 2004, 589188)
(587937, 0, 1251, 589188)
(588624, 0, 564, 589188)
(587871, 0, 1317, 589188)
(588624, 0, 564, 589188)
(587818, 0, 1370, 589188)
(588624, 0, 564, 589188)
(587952, 0, 1236, 589188)
(587199, 0, 1989, 589188)
(587952, 0, 1236, 589188)
(587199, 0, 1989, 589188)
(587952, 0, 1236, 589188)
(587199, 0, 1989, 589188)
(587952, 0, 1236, 589188)
(588624, 0, 564, 589188)
(588240, 0, 948, 589188)
(587434, 0, 1754, 589188)
(588240, 0, 948, 589188)
(587487, 0, 1701, 589188)
(588240, 0, 948, 589188)
(587487, 0, 1701, 589188)
(588240, 0, 948, 589188)
(587568, 0, 1620, 589188)
(586762, 0, 2426, 589188)
(587568, 0, 1620, 589188)
(586815, 0, 2373, 589188)
(587568, 0, 1620, 589188)
(588240, 0, 948, 589188)
(587434, 0, 1754, 589188)
(588240, 0, 948, 589188)
(587487, 0, 1701, 589188)
(588240, 0, 948, 589188)
(588624, 0, 564, 589188)
(587818, 0, 1370, 589188)
(588624, 0, 564, 589188)
(587952, 0, 1236, 589188)
(587199, 0, 1989, 589188)
(587952, 0, 1236, 589188)
(588624, 0, 564, 589188)
(587871, 0, 1317, 589188)
(588624, 0, 564, 589188)
(587871, 0, 1317, 589188)
(588624, 0, 564, 589188)
(587937, 0, 1251, 589188)
(587131, 0, 2057, 589188)
(587937, 0, 1251, 589188)
(588624, 0, 564, 589188)
(587818, 0, 1370, 589188)
(588624, 0, 564, 589188)
(588267, 0, 921, 589188)
(587514, 0, 1674, 589188)
(588267, 0, 921, 589188)
(587817, 0, 1371, 589188)
(587011, 0, 2177, 589188)
(587817, 0, 1371, 589188)
(587011, 0, 2177, 589188)
(587817, 0, 1371, 589188)
(587011, 0, 2177, 589188)
(587817, 0, 1371, 589188)
(587064, 0, 2124, 589188)
(587817, 0, 1371, 589188)
(587064, 0, 2124, 589188)
(587817, 0, 1371, 589188)
(587011, 0, 2177, 589188)
(587817, 0, 1371, 589188)
(587064, 0, 2124, 589188)
(587817, 0, 1371, 589188)
(587064, 0, 2124, 589188)
(587817, 0, 1371, 589188)
(587064, 0, 2124, 589188)
(587817, 0, 1371, 589188)
(587064, 0, 2124, 589188)
(587817, 0, 1371, 589188)
(587064, 0, 2124, 589188)
(587817, 0, 1371, 589188)
(587145, 0, 2043, 589188)
(587817, 0, 1371, 589188)
(587064, 0, 2124, 589188)
(587817, 0, 1371, 589188)
(587130, 0, 2058, 589188)
(586377, 0, 2811, 589188)
(587130, 0, 2058, 589188)
(586324, 0, 2864, 589188)
(587130, 0, 2058, 589188)
(586377, 0, 2811, 589188)
(587130, 0, 2058, 589188)
(586377, 0, 2811, 589188)
(587130, 0, 2058, 589188)
(586324, 0, 2864, 589188)
(587130, 0, 2058, 589188)
(586324, 0, 2864, 589188)
(587130, 0, 2058, 589188)
(586324, 0, 2864, 589188)
(587130, 0, 2058, 589188)
(586324, 0, 2864, 589188)
(587130, 0, 2058, 589188)
(586377, 0, 2811, 589188)
(587130, 0, 2058, 589188)
(586377, 0, 2811, 589188)
(587130, 0, 2058, 589188)
(586324, 0, 2864, 589188)
(587130, 0, 2058, 589188)
(586324, 0, 2864, 589188)
(587130, 0, 2058, 589188)
(586377, 0, 2811, 589188)
(587130, 0, 2058, 589188)
(586377, 0, 2811, 589188)
(587130, 0, 2058, 589188)
(587817, 0, 1371, 589188)
(587011, 0, 2177, 589188)
(587817, 0, 1371, 589188)
(587011, 0, 2177, 589188)
(587817, 0, 1371, 589188)
(587011, 0, 2177, 589188)
(587817, 0, 1371, 589188)
(587064, 0, 2124, 589188)
(587817, 0, 1371, 589188)
(587064, 0, 2124, 589188)
(587817, 0, 1371, 589188)
(588267, 0, 921, 589188)
(587461, 0, 1727, 589188)
(588267, 0, 921, 589188)
(587461, 0, 1727, 589188)
(588267, 0, 921, 589188)
(587461, 0, 1727, 589188)
(588267, 0, 921, 589188)
(587514, 0, 1674, 589188)
(588267, 0, 921, 589188)
(587595, 0, 1593, 589188)
(586789, 0, 2399, 589188)
(587595, 0, 1593, 589188)
(586789, 0, 2399, 589188)
(587595, 0, 1593, 589188)
(586789, 0, 2399, 589188)
(587595, 0, 1593, 589188)
(586789, 0, 2399, 589188)
(587595, 0, 1593, 589188)
(588267, 0, 921, 589188)
(587461, 0, 1727, 589188)
(588267, 0, 921, 589188)
(587514, 0, 1674, 589188)
(588267, 0, 921, 589188)
(587514, 0, 1674, 589188)
(588267, 0, 921, 589188)
(587514, 0, 1674, 589188)
(588267, 0, 921, 589188)
(587595, 0, 1593, 589188)
(588267, 0, 921, 589188)
(587514, 0, 1674, 589188)
(588267, 0, 921, 589188)
(587461, 0, 1727, 589188)
(588267, 0, 921, 589188)
(587461, 0, 1727, 589188)
(588267, 0, 921, 589188)
(587580, 0, 1608, 589188)
(586827, 0, 2361, 589188)
(587580, 0, 1608, 589188)
(586827, 0, 2361, 589188)
(587580, 0, 1608, 589188)
(586827, 0, 2361, 589188)
(587580, 0, 1608, 589188)
(588267, 0, 921, 589188)
(587514, 0, 1674, 589188)
(588267, 0, 921, 589188)
(587514, 0, 1674, 589188)
(588267, 0, 921, 589188)
(587514, 0, 1674, 589188)
(588267, 0, 921, 589188)
(587514, 0, 1674, 589188)
(588267, 0, 921, 589188)
(587461, 0, 1727, 589188)
(588267, 0, 921, 589188)
(587514, 0, 1674, 589188)
(588267, 0, 921, 589188)
(587580, 0, 1608, 589188)
(586827, 0, 2361, 589188)
(587580, 0, 1608, 589188)
(586774, 0, 2414, 589188)
(587580, 0, 1608, 589188)
(586774, 0, 2414, 589188)
(587580, 0, 1608, 589188)
(588267, 0, 921, 589188)
(587514, 0, 1674, 589188)
(588267, 0, 921, 589188)
(587514, 0, 1674, 589188)
(588267, 0, 921, 589188)
(587461, 0, 1727, 589188)
(588267, 0, 921, 589188)
(587461, 0, 1727, 589188)
(588267, 0, 921, 589188)
(587461, 0, 1727, 589188)
(588267, 0, 921, 589188)
(587595, 0, 1593, 589188)
(586789, 0, 2399, 589188)
(587595, 0, 1593, 589188)
(586842, 0, 2346, 589188)
(587595, 0, 1593, 589188)
(586789, 0, 2399, 589188)
(587595, 0, 1593, 589188)
(586842, 0, 2346, 589188)
(587595, 0, 1593, 589188)
(586842, 0, 2346, 589188)
(587595, 0, 1593, 589188)
(586842, 0, 2346, 589188)
(587595, 0, 1593, 589188)
(586789, 0, 2399, 589188)
(587595, 0, 1593, 589188)
(586842, 0, 2346, 589188)
(587595, 0, 1593, 589188)
(586789, 0, 2399, 589188)
(587595, 0, 1593, 589188)
(588267, 0, 921, 589188)
(587514, 0, 1674, 589188)
(588267, 0, 921, 589188)
(587461, 0, 1727, 589188)
(588267, 0, 921, 589188)
(587461, 0, 1727, 589188)
(588267, 0, 921, 589188)
(587514, 0, 1674, 589188)
(588267, 0, 921, 589188)
(587595, 0, 1593, 589188)
(586789, 0, 2399, 589188)
(587595, 0, 1593, 589188)
(586789, 0, 2399, 589188)
(587595, 0, 1593, 589188)
(586789, 0, 2399, 589188)
(587595, 0, 1593, 589188)
(588267, 0, 921, 589188)
(587461, 0, 1727, 589188)
(588267, 0, 921, 589188)
(587817, 0, 1371, 589188)
(587011, 0, 2177, 589188)
(587817, 0, 1371, 589188)
(587130, 0, 2058, 589188)
(586377, 0, 2811, 589188)
(587130, 0, 2058, 589188)
(587817, 0, 1371, 589188)
(587011, 0, 2177, 589188)
(587817, 0, 1371, 589188)
(587130, 0, 2058, 589188)
(586324, 0, 2864, 589188)
(587130, 0, 2058, 589188)
(586324, 0, 2864, 589188)
(587130, 0, 2058, 589188)
(586324, 0, 2864, 589188)
(587130, 0, 2058, 589188)
(586377, 0, 2811, 589188)
(587130, 0, 2058, 589188)
(587817, 0, 1371, 589188)
(587064, 0, 2124, 589188)
(587817, 0, 1371, 589188)
(587064, 0, 2124, 589188)
(587817, 0, 1371, 589188)
(587145, 0, 2043, 589188)
(586392, 0, 2796, 589188)
(587145, 0, 2043, 589188)
(586392, 0, 2796, 589188)
(587145, 0, 2043, 589188)
(586392, 0, 2796, 589188)
(587145, 0, 2043, 589188)
(586392, 0, 2796, 589188)
(587145, 0, 2043, 589188)
(587817, 0, 1371, 589188)
(587064, 0, 2124, 589188)
(587817, 0, 1371, 589188)
(587064, 0, 2124, 589188)
(587817, 0, 1371, 589188)
(587011, 0, 2177, 589188)
(587817, 0, 1371, 589188)
(587064, 0, 2124, 589188)
(587817, 0, 1371, 589188)
(587011, 0, 2177, 589188)
(587817, 0, 1371, 589188)
(587064, 0, 2124, 589188)
(587817, 0, 1371, 589188)
(587011, 0, 2177, 589188)
(587817, 0, 1371, 589188)
(588267, 0, 921, 589188)
(587883, 0, 1305, 589188)
(587130, 0, 2058, 589188)
(587883, 0, 1305, 589188)
(587077, 0, 2111, 589188)
(587883, 0, 1305, 589188)
(587077, 0, 2111, 589188)
(587883, 0, 1305, 589188)
(587196, 0, 1992, 589188)
(587883, 0, 1305, 589188)
(587130, 0, 2058, 589188)
(587883, 0, 1305, 589188)
(587130, 0, 2058, 589188)
(587883, 0, 1305, 589188)
(587130, 0, 2058, 589188)
(587883, 0, 1305, 589188)
(587077, 0, 2111, 589188)
(587883, 0, 1305, 589188)
(587130, 0, 2058, 589188)
(587883, 0, 1305, 589188)
(587077, 0, 2111, 589188)
(587883, 0, 1305, 589188)
(587130, 0, 2058, 589188)
(587883, 0, 1305, 589188)
(587130, 0, 2058, 589188)
(587883, 0, 1305, 589188)
(587130, 0, 2058, 589188)
(587883, 0, 1305, 589188)
(587077, 0, 2111, 589188)
(587883, 0, 1305, 589188)
(587130, 0, 2058, 589188)
(587883, 0, 1305, 589188)
(587077, 0, 2111, 589188)
(587883, 0, 1305, 589188)
(587211, 0, 1977, 589188)
(587883, 0, 1305, 589188)
(587130, 0, 2058, 589188)
(587883, 0, 1305, 589188)
(587211, 0, 1977, 589188)
(586405, 0, 2783, 589188)
(587211, 0, 1977, 589188)
(586405, 0, 2783, 589188)
(587211, 0, 1977, 589188)
(586458, 0, 2730, 589188)
(587211, 0, 1977, 589188)
(587883, 0, 1305, 589188)
(587077, 0, 2111, 589188)
(587883, 0, 1305, 589188)
(587077, 0, 2111, 589188)
(587883, 0, 1305, 589188)
(587130, 0, 2058, 589188)
(587883, 0, 1305, 589188)
(588267, 0, 921, 589188)
(587514, 0, 1674, 589188)
(588267, 0, 921, 589188)
(587514, 0, 1674, 589188)
(588267, 0, 921, 589188)
(587514, 0, 1674, 589188)
(588267, 0, 921, 589188)
(587461, 0, 1727, 589188)
(588267, 0, 921, 589188)
(587461, 0, 1727, 589188)
(588267, 0, 921, 589188)
(587514, 0, 1674, 589188)
(588267, 0, 921, 589188)
(587514, 0, 1674, 589188)
(588267, 0, 921, 589188)
(587461, 0, 1727, 589188)
(588267, 0, 921, 589188)
(587514, 0, 1674, 589188)
(588267, 0, 921, 589188)
(587514, 0, 1674, 589188)
(588267, 0, 921, 589188)
(587514, 0, 1674, 589188)
(588267, 0, 921, 589188)
(587595, 0, 1593, 589188)
(586842, 0, 2346, 589188)
(587595, 0, 1593, 589188)
(586842, 0, 2346, 589188)
(587595, 0, 1593, 589188)
(586842, 0, 2346, 589188)
(587595, 0, 1593, 589188)
(586842, 0, 2346, 589188)
(587595, 0, 1593, 589188)
(586789, 0, 2399, 589188)
(587595, 0, 1593, 589188)
(586789, 0, 2399, 589188)
(587595, 0, 1593, 589188)
(588267, 0, 921, 589188)
(587883, 0, 1305, 589188)
(588267, 0, 921, 589188)
(587514, 0, 1674, 589188)
(588267, 0, 921, 589188)
(587461, 0, 1727, 589188)
(588267, 0, 921, 589188)
(587595, 0, 1593, 589188)
(588267, 0, 921, 589188)
(587514, 0, 1674, 589188)
(588267, 0, 921, 589188)
(587514, 0, 1674, 589188)
(588267, 0, 921, 589188)
(587883, 0, 1305, 589188)
(587130, 0, 2058, 589188)
(587883, 0, 1305, 589188)
(587077, 0, 2111, 589188)
(587883, 0, 1305, 589188)
(587077, 0, 2111, 589188)
(587883, 0, 1305, 589188)
(587196, 0, 1992, 589188)
(586443, 0, 2745, 589188)
(587196, 0, 1992, 589188)
(586443, 0, 2745, 589188)
(587196, 0, 1992, 589188)
(586443, 0, 2745, 589188)
(587196, 0, 1992, 589188)
(586443, 0, 2745, 589188)
(587196, 0, 1992, 589188)
(586443, 0, 2745, 589188)
(587196, 0, 1992, 589188)
(587883, 0, 1305, 589188)
(588267, 0, 921, 589188)
(587580, 0, 1608, 589188)
(586827, 0, 2361, 589188)
(587580, 0, 1608, 589188)
(586827, 0, 2361, 589188)
(587580, 0, 1608, 589188)
(586827, 0, 2361, 589188)
(587580, 0, 1608, 589188)
(586827, 0, 2361, 589188)
(587580, 0, 1608, 589188)
(586827, 0, 2361, 589188)
(587580, 0, 1608, 589188)
(586774, 0, 2414, 589188)
(587580, 0, 1608, 589188)
(586827, 0, 2361, 589188)
(587580, 0, 1608, 589188)
(586827, 0, 2361, 589188)
(587580, 0, 1608, 589188)
(586827, 0, 2361, 589188)
(587580, 0, 1608, 589188)
(588267, 0, 921, 589188)
(587595, 0, 1593, 589188)
(586842, 0, 2346, 589188)
(587595, 0, 1593, 589188)
(586789, 0, 2399, 589188)
(587595, 0, 1593, 589188)
(588267, 0, 921, 589188)
(587514, 0, 1674, 589188)
(588267, 0, 921, 589188)
(587514, 0, 1674, 589188)
(588267, 0, 921, 589188)
(587461, 0, 1727, 589188)
(588267, 0, 921, 589188)
(587461, 0, 1727, 589188)
(588267, 0, 921, 589188)
(587461, 0, 1727, 589188)
(588267, 0, 921, 589188)
(587461, 0, 1727, 589188)
(588267, 0, 921, 589188)
(587461, 0, 1727, 589188)
(588267, 0, 921, 589188)
(587514, 0, 1674, 589188)
(588267, 0, 921, 589188)
(587461, 0, 1727, 589188)
(588267, 0, 921, 589188)
(587580, 0, 1608, 589188)
(588267, 0, 921, 589188)
(587461, 0, 1727, 589188)
(588267, 0, 921, 589188)
(587514, 0, 1674, 589188)
(588267, 0, 921, 589188)
(587514, 0, 1674, 589188)
(588267, 0, 921, 589188)
(587514, 0, 1674, 589188)
(588267, 0, 921, 589188)
(587580, 0, 1608, 589188)
(586827, 0, 2361, 589188)
(587580, 0, 1608, 589188)
(586827, 0, 2361, 589188)
(587580, 0, 1608, 589188)
(586827, 0, 2361, 589188)
(587580, 0, 1608, 589188)
(586827, 0, 2361, 589188)
(587580, 0, 1608, 589188)
(586774, 0, 2414, 589188)
(587580, 0, 1608, 589188)
(588267, 0, 921, 589188)
(587595, 0, 1593, 589188)
(586842, 0, 2346, 589188)
(587595, 0, 1593, 589188)
(588267, 0, 921, 589188)
(587461, 0, 1727, 589188)
(588267, 0, 921, 589188)
(587514, 0, 1674, 589188)
(588267, 0, 921, 589188)
(587514, 0, 1674, 589188)
(588267, 0, 921, 589188)
(587514, 0, 1674, 589188)
(588267, 0, 921, 589188)
(587514, 0, 1674, 589188)
(588267, 0, 921, 589188)
(588624, 0, 564, 589188)
(588257, 0, 931, 589188)
(587504, 0, 1684, 589188)
(588257, 0, 931, 589188)
(587570, 0, 1618, 589188)
(588257, 0, 931, 589188)
(587504, 0, 1684, 589188)
(588257, 0, 931, 589188)
(587504, 0, 1684, 589188)
(588257, 0, 931, 589188)
(587451, 0, 1737, 589188)
(588257, 0, 931, 589188)
(587504, 0, 1684, 589188)
(588257, 0, 931, 589188)
(587504, 0, 1684, 589188)
(588257, 0, 931, 589188)
(587585, 0, 1603, 589188)
(588257, 0, 931, 589188)
(587451, 0, 1737, 589188)
(588257, 0, 931, 589188)
(587873, 0, 1315, 589188)
(587120, 0, 2068, 589188)
(587873, 0, 1315, 589188)
(587120, 0, 2068, 589188)
(587873, 0, 1315, 589188)
(587120, 0, 2068, 589188)
(587873, 0, 1315, 589188)
(587120, 0, 2068, 589188)
(587873, 0, 1315, 589188)
(588257, 0, 931, 589188)
(587504, 0, 1684, 589188)
(588257, 0, 931, 589188)
(587504, 0, 1684, 589188)
(588257, 0, 931, 589188)
(587451, 0, 1737, 589188)
(588257, 0, 931, 589188)
(587585, 0, 1603, 589188)
(586832, 0, 2356, 589188)
(587585, 0, 1603, 589188)
(586832, 0, 2356, 589188)
(587585, 0, 1603, 589188)
(586832, 0, 2356, 589188)
(587585, 0, 1603, 589188)
(586779, 0, 2409, 589188)
(587585, 0, 1603, 589188)
(586779, 0, 2409, 589188)
(587585, 0, 1603, 589188)
(586832, 0, 2356, 589188)
(587585, 0, 1603, 589188)
(586832, 0, 2356, 589188)
(587585, 0, 1603, 589188)
(586832, 0, 2356, 589188)
(587585, 0, 1603, 589188)
(586832, 0, 2356, 589188)
(587585, 0, 1603, 589188)
(586832, 0, 2356, 589188)
(587585, 0, 1603, 589188)
(586779, 0, 2409, 589188)
(587585, 0, 1603, 589188)
(588257, 0, 931, 589188)
(587451, 0, 1737, 589188)
(588257, 0, 931, 589188)
(587504, 0, 1684, 589188)
(588257, 0, 931, 589188)
(587570, 0, 1618, 589188)
(586764, 0, 2424, 589188)
(587570, 0, 1618, 589188)
(586817, 0, 2371, 589188)
(587570, 0, 1618, 589188)
(586817, 0, 2371, 589188)
(587570, 0, 1618, 589188)
(586817, 0, 2371, 589188)
(587570, 0, 1618, 589188)
(588257, 0, 931, 589188)
(587873, 0, 1315, 589188)
(587120, 0, 2068, 589188)
(587873, 0, 1315, 589188)
(587067, 0, 2121, 589188)
(587873, 0, 1315, 589188)
(587120, 0, 2068, 589188)
(587873, 0, 1315, 589188)
(587120, 0, 2068, 589188)
(587873, 0, 1315, 589188)
(587120, 0, 2068, 589188)
(587873, 0, 1315, 589188)
(587120, 0, 2068, 589188)
(587873, 0, 1315, 589188)
(587067, 0, 2121, 589188)
(587873, 0, 1315, 589188)
(587067, 0, 2121, 589188)
(587873, 0, 1315, 589188)
(587067, 0, 2121, 589188)
(587873, 0, 1315, 589188)
(587120, 0, 2068, 589188)
(587873, 0, 1315, 589188)
(587120, 0, 2068, 589188)
(587873, 0, 1315, 589188)
(587120, 0, 2068, 589188)
(587873, 0, 1315, 589188)
(587120, 0, 2068, 589188)
(587873, 0, 1315, 589188)
(587120, 0, 2068, 589188)
(587873, 0, 1315, 589188)
(587186, 0, 2002, 589188)
(587873, 0, 1315, 589188)
(587067, 0, 2121, 589188)
(587873, 0, 1315, 589188)
(587120, 0, 2068, 589188)
(587873, 0, 1315, 589188)
(587120, 0, 2068, 589188)
(587873, 0, 1315, 589188)
(588257, 0, 931, 589188)
(587504, 0, 1684, 589188)
(588257, 0, 931, 589188)
(587570, 0, 1618, 589188)
(586817, 0, 2371, 589188)
