(915257, 0, 0, 915257)
(915257, 0, 0, 915257)
(915257, 0, 0, 915257)
(914906, 0, 0, 914906)
(911728, 0, 0, 911728)
(910281, 0, 0, 910281)
(910281, 0, 0, 910281)
(910281, 0, 0, 910281)
(909537, 0, 0, 909537)
(909127, 0, 0, 909127)
(912767, 0, 4117, 916884)
(908422, 3314, 4117, 915853)
(908422, 3314, 4117, 915853)
(908123, 3314, 4117, 915554)
(908094, 3314, 4117, 915525)
(905967, 3314, 4117, 913398)
(905967, 3314, 4117, 913398)
(905519, 3314, 4117, 912950)
(905203, 3314, 4117, 912634)
(904491, 3314, 4117, 911922)
(909407, 3314, 8767, 921488)
(908776, 3314, 8767, 920857)
(908560, 3314, 8767, 920641)
(907646, 3314, 8767, 919727)
(906015, 3314, 8767, 918096)
(906015, 3314, 8767, 918096)
(905098, 3314, 8767, 917179)
(903495, 3314, 8767, 915576)
(903495, 3314, 8767, 915576)
(914585, 0, 0, 914585)
(913990, 0, 1435, 915425)
(913075, 0, 2027, 915102)
(913075, 0, 1435, 914510)
(911546, 0, 2027, 913573)
(911381, 0, 1435, 912816)
(908436, 0, 1435, 909871)
(907632, 0, 1435, 909067)
(907241, 0, 1435, 908676)
(905701, 0, 1435, 907136)
(903319, 1063, 1435, 905817)
(910527, 0, 8132, 918659)
(910527, 0, 8132, 918659)
(908434, 1710, 8132, 918276)
(909458, 0, 8132, 917590)
(915132, 0, 0, 915132)
(914217, 0, 0, 914217)
(913447, 0, 0, 913447)
(909720, 0, 0, 909720)
(909720, 0, 0, 909720)
(909720, 0, 0, 909720)
(911378, 0, 4358, 915736)
(908714, 0, 4358, 913072)
(908388, 0, 4358, 912746)
(907268, 0, 4358, 911626)
(907268, 0, 4358, 911626)
(906888, 0, 4358, 911246)
(905134, 0, 4358, 909492)
(903594, 0, 4358, 907952)
(902213, 0, 4358, 906571)
(900494, 0, 4358, 904852)
(907999, 0, 14082, 922081)
(907525, 0, 14082, 921607)
(907279, 0, 14082, 921361)
(906306, 0, 14082, 920388)
(905735, 0, 14082, 919817)
(904267, 0, 14082, 918349)
(899322, 3650, 14082, 917054)
(898142, 3650, 14082, 915874)
(898142, 3650, 14082, 915874)
(897389, 3650, 14082, 915121)
(905311, 3650, 18759, 927720)
(904619, 3650, 18759, 927028)
(903622, 3650, 18759, 926031)
(902306, 3650, 18759, 924715)
(915445, 0, 0, 915445)
(911459, 3650, 0, 915109)
(911015, 3650, 0, 914665)
(909647, 3650, 0, 913297)
(907370, 3650, 0, 911020)
(907259, 3650, 0, 910909)
(909570, 3650, 8217, 921437)
(905822, 5608, 8217, 919647)
(905446, 5608, 8217, 919271)
(904787, 5608, 8217, 918612)
(904162, 5608, 8217, 917987)
(903603, 5608, 8217, 917428)
(903603, 5608, 8217, 917428)
(901592, 5608, 8217, 915417)
(901502, 5608, 8217, 915327)
(914305, 0, 0, 914305)
(913610, 0, 2097, 915707)
(913610, 0, 2097, 915707)
(913500, 0, 2097, 915597)
(913182, 0, 2097, 915279)
(912798, 0, 2097, 914895)
(911980, 0, 2097, 914077)
(911349, 0, 2097, 913446)
(911349, 0, 2097, 913446)
(909785, 0, 2097, 911882)
(909785, 0, 2097, 911882)
(912803, 0, 4593, 917396)
(912210, 0, 4593, 916803)
(911604, 0, 4593, 916197)
(910688, 0, 4593, 915281)
(909805, 0, 4593, 914398)
(909349, 0, 4593, 913942)
(908941, 0, 4593, 913534)
(906643, 656, 4593, 911892)
(905779, 656, 4593, 911028)
(905779, 656, 4593, 911028)
(910178, 1312, 13714, 925204)
(910178, 1312, 13714, 925204)
(908439, 1312, 13714, 923465)
(908356, 1312, 13714, 923382)
(907652, 1312, 13714, 922678)
(906329, 1312, 13714, 921355)
(905827, 1312, 13714, 920853)
(905260, 1312, 13714, 920286)
(905108, 1312, 13714, 920134)
(912808, 0, 0, 912808)
(914453, 0, 695, 915148)
(914453, 0, 695, 915148)
(914453, 0, 695, 915148)
(914408, 0, 695, 915103)
(913025, 0, 695, 913720)
(913005, 0, 695, 913700)
(912781, 0, 695, 913476)
(912372, 0, 695, 913067)
(916402, 0, 0, 916402)
