(893385, 0, 586, 893971)
(892922, 0, 1049, 893971)
(893508, 0, 463, 893971)
(892922, 0, 1049, 893971)
(893508, 0, 463, 893971)
(892922, 0, 1049, 893971)
(893508, 0, 463, 893971)
(893971, 0, 0, 893971)
(893385, 0, 586, 893971)
(892894, 0, 1077, 893971)
(893480, 0, 491, 893971)
(892894, 0, 1077, 893971)
(893385, 0, 586, 893971)
(893527, 0, 599, 894126)
(894113, 0, 13, 894126)
(893527, 0, 599, 894126)
(893540, 0, 586, 894126)
(894126, 0, 0, 894126)
(893635, 0, 491, 894126)
(894126, 0, 0, 894126)
(893540, 0, 586, 894126)
(894126, 0, 0, 894126)
(893635, 0, 491, 894126)
(894126, 0, 0, 894126)
(894113, 0, 13, 894126)
(893650, 0, 476, 894126)
(894113, 0, 13, 894126)
(893622, 0, 504, 894126)
(894113, 0, 13, 894126)
(893622, 0, 504, 894126)
(894113, 0, 13, 894126)
(893650, 0, 476, 894126)
(893064, 0, 1062, 894126)
(893650, 0, 476, 894126)
(894113, 0, 13, 894126)
(893527, 0, 599, 894126)
(893036, 0, 1090, 894126)
(893622, 0, 504, 894126)
(894113, 0, 13, 894126)
(893622, 0, 504, 894126)
(894113, 0, 13, 894126)
(893527, 0, 599, 894126)
(894113, 0, 13, 894126)
(893527, 0, 599, 894126)
(893064, 0, 1062, 894126)
(893650, 0, 476, 894126)
(894113, 0, 13, 894126)
(893622, 0, 504, 894126)
(893036, 0, 1090, 894126)
(893527, 0, 599, 894126)
(894113, 0, 13, 894126)
(893527, 0, 599, 894126)
(894113, 0, 13, 894126)
(893527, 0, 599, 894126)
(894113, 0, 13, 894126)
(894126, 0, 0, 894126)
(893635, 0, 491, 894126)
(894126, 0, 0, 894126)
(893540, 0, 586, 894126)
(893382, 0, 744, 894126)
(892891, 0, 1235, 894126)
(893477, 0, 649, 894126)
(892891, 0, 1235, 894126)
(893382, 0, 744, 894126)
(893968, 0, 158, 894126)
(893382, 0, 744, 894126)
(893968, 0, 158, 894126)
(893955, 0, 171, 894126)
(893369, 0, 757, 894126)
(893382, 0, 744, 894126)
(893968, 0, 158, 894126)
(893382, 0, 744, 894126)
(892919, 0, 1207, 894126)
(893382, 0, 744, 894126)
(893968, 0, 158, 894126)
(894126, 0, 0, 894126)
(893663, 0, 463, 894126)
(894126, 0, 0, 894126)
(893635, 0, 491, 894126)
(893049, 0, 1077, 894126)
(893635, 0, 491, 894126)
(894126, 0, 0, 894126)
(893663, 0, 463, 894126)
(894126, 0, 0, 894126)
(893540, 0, 586, 894126)
(893398, 0, 728, 894126)
(893984, 0, 142, 894126)
(893398, 0, 728, 894126)
(893984, 0, 142, 894126)
(893398, 0, 728, 894126)
(893984, 0, 142, 894126)
(893521, 0, 605, 894126)
(892935, 0, 1191, 894126)
(893398, 0, 728, 894126)
(893540, 0, 586, 894126)
(894126, 0, 0, 894126)
(893540, 0, 586, 894126)
(894126, 0, 0, 894126)
(893540, 0, 586, 894126)
(894126, 0, 0, 894126)
(893540, 0, 586, 894126)
(894126, 0, 0, 894126)
(893663, 0, 463, 894126)
(893077, 0, 1049, 894126)
(893540, 0, 586, 894126)
(893049, 0, 1077, 894126)
(893635, 0, 491, 894126)
(893049, 0, 1077, 894126)
(893540, 0, 586, 894126)
(894126, 0, 0, 894126)
(893663, 0, 463, 894126)
(893077, 0, 1049, 894126)
(893540, 0, 586, 894126)
(894126, 0, 0, 894126)
(893635, 0, 491, 894126)
(894126, 0, 0, 894126)
(893635, 0, 491, 894126)
(894126, 0, 0, 894126)
(893663, 0, 463, 894126)
(893077, 0, 1049, 894126)
(893663, 0, 463, 894126)
(894126, 0, 0, 894126)
(893540, 0, 586, 894126)
(894126, 0, 0, 894126)
(893635, 0, 491, 894126)
(894126, 0, 0, 894126)
(893540, 0, 586, 894126)
(894126, 0, 0, 894126)
(893540, 0, 586, 894126)
(894126, 0, 0, 894126)
(893635, 0, 491, 894126)
(894126, 0, 0, 894126)
(894113, 0, 13, 894126)
(894100, 0, 26, 894126)
(893514, 0, 612, 894126)
(894100, 0, 26, 894126)
(893514, 0, 612, 894126)
(893527, 0, 599, 894126)
(894113, 0, 13, 894126)
(893527, 0, 599, 894126)
(893540, 0, 586, 894126)
(893049, 0, 1077, 894126)
(893635, 0, 491, 894126)
(893049, 0, 1077, 894126)
(893635, 0, 491, 894126)
(893049, 0, 1077, 894126)
(893540, 0, 586, 894126)
(894126, 0, 0, 894126)
(893540, 0, 586, 894126)
(893049, 0, 1077, 894126)
(893540, 0, 586, 894126)
(893049, 0, 1077, 894126)
(893540, 0, 586, 894126)
(893077, 0, 1049, 894126)
(893540, 0, 586, 894126)
(893049, 0, 1077, 894126)
(893635, 0, 491, 894126)
(894126, 0, 0, 894126)
(893540, 0, 586, 894126)
(894126, 0, 0, 894126)
(893540, 0, 586, 894126)
(894126, 0, 0, 894126)
(893540, 0, 586, 894126)
(893049, 0, 1077, 894126)
(893540, 0, 586, 894126)
(893049, 0, 1077, 894126)
(893540, 0, 586, 894126)
(893077, 0, 1049, 894126)
(893663, 0, 463, 894126)
(893077, 0, 1049, 894126)
(893540, 0, 586, 894126)
(893140, 0, 986, 894126)
(893726, 0, 400, 894126)
(893140, 0, 986, 894126)
(892677, 0, 1449, 894126)
(893140, 0, 986, 894126)
(893726, 0, 400, 894126)
(893235, 0, 891, 894126)
(893726, 0, 400, 894126)
(893713, 0, 413, 894126)
(893222, 0, 904, 894126)
(893713, 0, 413, 894126)
(893726, 0, 400, 894126)
(893140, 0, 986, 894126)
(893726, 0, 400, 894126)
(893235, 0, 891, 894126)
(893726, 0, 400, 894126)
(893263, 0, 863, 894126)
(893726, 0, 400, 894126)
(893263, 0, 863, 894126)
(893726, 0, 400, 894126)
(893140, 0, 986, 894126)
(892998, 0, 1128, 894126)
(893584, 0, 542, 894126)
(893726, 0, 400, 894126)
(893140, 0, 986, 894126)
(892649, 0, 1477, 894126)
(893140, 0, 986, 894126)
(892608, 0, 1518, 894126)
(893194, 0, 932, 894126)
(892703, 0, 1423, 894126)
(893194, 0, 932, 894126)
(892608, 0, 1518, 894126)
(892117, 0, 2009, 894126)
(892608, 0, 1518, 894126)
(893194, 0, 932, 894126)
(892608, 0, 1518, 894126)
(892595, 0, 1531, 894126)
(892132, 0, 1994, 894126)
(892718, 0, 1408, 894126)
(892132, 0, 1994, 894126)
(892718, 0, 1408, 894126)
(893181, 0, 945, 894126)
(892690, 0, 1436, 894126)
(892104, 0, 2022, 894126)
(892690, 0, 1436, 894126)
(893181, 0, 945, 894126)
(892595, 0, 1531, 894126)
(892132, 0, 1994, 894126)
(892718, 0, 1408, 894126)
(892132, 0, 1994, 894126)
(892595, 0, 1531, 894126)
(892104, 0, 2022, 894126)
(892690, 0, 1436, 894126)
(893181, 0, 945, 894126)
(892595, 0, 1531, 894126)
(893181, 0, 945, 894126)
(892595, 0, 1531, 894126)
(892132, 0, 1994, 894126)
(892595, 0, 1531, 894126)
(893181, 0, 945, 894126)
(892595, 0, 1531, 894126)
(892104, 0, 2022, 894126)
(892690, 0, 1436, 894126)
(893181, 0, 945, 894126)
(892595, 0, 1531, 894126)
(892132, 0, 1994, 894126)
(892595, 0, 1531, 894126)
(892132, 0, 1994, 894126)
(892595, 0, 1531, 894126)
(892132, 0, 1994, 894126)
(892595, 0, 1531, 894126)
(892104, 0, 2022, 894126)
(892690, 0, 1436, 894126)
(892104, 0, 2022, 894126)
(892595, 0, 1531, 894126)
(892608, 0, 1518, 894126)
(892117, 0, 2009, 894126)
(892608, 0, 1518, 894126)
(893194, 0, 932, 894126)
(892608, 0, 1518, 894126)
(893194, 0, 932, 894126)
(892608, 0, 1518, 894126)
(893194, 0, 932, 894126)
(892703, 0, 1423, 894126)
(892117, 0, 2009, 894126)
(892703, 0, 1423, 894126)
(893194, 0, 932, 894126)
(892608, 0, 1518, 894126)
(892595, 0, 1531, 894126)
(892132, 0, 1994, 894126)
(892595, 0, 1531, 894126)
(893181, 0, 945, 894126)
(892690, 0, 1436, 894126)
(892104, 0, 2022, 894126)
(892595, 0, 1531, 894126)
(892132, 0, 1994, 894126)
(892595, 0, 1531, 894126)
(893181, 0, 945, 894126)
(892690, 0, 1436, 894126)
(892104, 0, 2022, 894126)
(892690, 0, 1436, 894126)
(893181, 0, 945, 894126)
(893168, 0, 958, 894126)
(892582, 0, 1544, 894126)
(893168, 0, 958, 894126)
(893181, 0, 945, 894126)
(893194, 0, 932, 894126)
(892608, 0, 1518, 894126)
(893194, 0, 932, 894126)
(892608, 0, 1518, 894126)
(892117, 0, 2009, 894126)
(892608, 0, 1518, 894126)
(893194, 0, 932, 894126)
(892608, 0, 1518, 894126)
(892466, 0, 1660, 894126)
(893052, 0, 1074, 894126)
(892561, 0, 1565, 894126)
(891975, 0, 2151, 894126)
(892561, 0, 1565, 894126)
(893052, 0, 1074, 894126)
(892561, 0, 1565, 894126)
(893052, 0, 1074, 894126)
(892589, 0, 1537, 894126)
(892003, 0, 2123, 894126)
(892466, 0, 1660, 894126)
(893052, 0, 1074, 894126)
(892466, 0, 1660, 894126)
(893052, 0, 1074, 894126)
(893039, 0, 932, 893971)
(892453, 0, 1518, 893971)
(891962, 0, 2009, 893971)
(892453, 0, 1518, 893971)
(891962, 0, 2009, 893971)
(892548, 0, 1423, 893971)
(891962, 0, 2009, 893971)
(892548, 0, 1423, 893971)
(893039, 0, 932, 893971)
(892453, 0, 1518, 893971)
(892985, 0, 986, 893971)
(893571, 0, 400, 893971)
(892985, 0, 986, 893971)
(893571, 0, 400, 893971)
(893713, 0, 413, 894126)
(893700, 0, 426, 894126)
(893713, 0, 413, 894126)
(893127, 0, 999, 894126)
(893713, 0, 413, 894126)
(893127, 0, 999, 894126)
(893713, 0, 413, 894126)
(893222, 0, 904, 894126)
(893713, 0, 413, 894126)
(893222, 0, 904, 894126)
(892636, 0, 1490, 894126)
(893127, 0, 999, 894126)
(892636, 0, 1490, 894126)
(893222, 0, 904, 894126)
(893713, 0, 413, 894126)
(893222, 0, 904, 894126)
(892636, 0, 1490, 894126)
(893222, 0, 904, 894126)
(893713, 0, 413, 894126)
(893127, 0, 999, 894126)
(892636, 0, 1490, 894126)
(893127, 0, 999, 894126)
(892636, 0, 1490, 894126)
(893222, 0, 904, 894126)
(893713, 0, 413, 894126)
(893127, 0, 999, 894126)
(893713, 0, 413, 894126)
(893127, 0, 999, 894126)
(893713, 0, 413, 894126)
(893222, 0, 904, 894126)
(893713, 0, 413, 894126)
(893127, 0, 999, 894126)
(892636, 0, 1490, 894126)
(893222, 0, 904, 894126)
(893713, 0, 413, 894126)
(893222, 0, 904, 894126)
(893713, 0, 413, 894126)
(893127, 0, 999, 894126)
(893713, 0, 413, 894126)
(893250, 0, 876, 894126)
(892664, 0, 1462, 894126)
(893250, 0, 876, 894126)
(893713, 0, 413, 894126)
(893222, 0, 904, 894126)
(893713, 0, 413, 894126)
(893250, 0, 876, 894126)
(893713, 0, 413, 894126)
(893222, 0, 904, 894126)
(892636, 0, 1490, 894126)
(893127, 0, 999, 894126)
(892636, 0, 1490, 894126)
(893127, 0, 999, 894126)
(893140, 0, 986, 894126)
(892677, 0, 1449, 894126)
(893263, 0, 863, 894126)
(892677, 0, 1449, 894126)
(893140, 0, 986, 894126)
(893127, 0, 999, 894126)
(893713, 0, 413, 894126)
(893127, 0, 999, 894126)
(893713, 0, 413, 894126)
(893222, 0, 904, 894126)
(892636, 0, 1490, 894126)
(893222, 0, 904, 894126)
(892636, 0, 1490, 894126)
(893222, 0, 904, 894126)
(892636, 0, 1490, 894126)
(893222, 0, 904, 894126)
(893713, 0, 413, 894126)
(893222, 0, 904, 894126)
(892636, 0, 1490, 894126)
(893127, 0, 999, 894126)
(892636, 0, 1490, 894126)
(893127, 0, 999, 894126)
(892636, 0, 1490, 894126)
(893222, 0, 904, 894126)
(893713, 0, 413, 894126)
(893222, 0, 904, 894126)
(892636, 0, 1490, 894126)
(893127, 0, 999, 894126)
(892664, 0, 1462, 894126)
(893250, 0, 876, 894126)
(893713, 0, 413, 894126)
(893127, 0, 999, 894126)
(893114, 0, 1012, 894126)
(893700, 0, 426, 894126)
(893114, 0, 1012, 894126)
(893700, 0, 426, 894126)
(893237, 0, 889, 894126)
(892651, 0, 1475, 894126)
(893237, 0, 889, 894126)
(893700, 0, 426, 894126)
(893209, 0, 917, 894126)
(892623, 0, 1503, 894126)
(893209, 0, 917, 894126)
(893700, 0, 426, 894126)
(893209, 0, 917, 894126)
(892623, 0, 1503, 894126)
(893209, 0, 917, 894126)
(892623, 0, 1503, 894126)
(893114, 0, 1012, 894126)
(893127, 0, 999, 894126)
(893114, 0, 1012, 894126)
(893700, 0, 426, 894126)
(893237, 0, 889, 894126)
(892651, 0, 1475, 894126)
(893114, 0, 1012, 894126)
(893127, 0, 999, 894126)
(893713, 0, 413, 894126)
(893726, 0, 400, 894126)
(893140, 0, 986, 894126)
(893726, 0, 400, 894126)
(893140, 0, 986, 894126)
(892649, 0, 1477, 894126)
(893235, 0, 891, 894126)
(893726, 0, 400, 894126)
(893235, 0, 891, 894126)
(893726, 0, 400, 894126)
(893140, 0, 986, 894126)
(893726, 0, 400, 894126)
(893235, 0, 891, 894126)
(893726, 0, 400, 894126)
(893457, 0, 669, 894126)
(892966, 0, 1160, 894126)
(893457, 0, 669, 894126)
(892966, 0, 1160, 894126)
(893457, 0, 669, 894126)
(892871, 0, 1255, 894126)
(893457, 0, 669, 894126)
(892871, 0, 1255, 894126)
(893457, 0, 669, 894126)
(892966, 0, 1160, 894126)
(893457, 0, 669, 894126)
(892966, 0, 1160, 894126)
(893457, 0, 669, 894126)
(892871, 0, 1255, 894126)
(892380, 0, 1746, 894126)
(892966, 0, 1160, 894126)
(892380, 0, 1746, 894126)
(892871, 0, 1255, 894126)
(893457, 0, 669, 894126)
(892871, 0, 1255, 894126)
(892380, 0, 1746, 894126)
(892871, 0, 1255, 894126)
(893271, 0, 855, 894126)
(893857, 0, 269, 894126)
(893271, 0, 855, 894126)
(892808, 0, 1318, 894126)
(893271, 0, 855, 894126)
(892780, 0, 1346, 894126)
(893366, 0, 760, 894126)
(893857, 0, 269, 894126)
(893366, 0, 760, 894126)
(892780, 0, 1346, 894126)
(893366, 0, 760, 894126)
(892780, 0, 1346, 894126)
(893366, 0, 760, 894126)
(893857, 0, 269, 894126)
(893271, 0, 855, 894126)
(893857, 0, 269, 894126)
(893271, 0, 855, 894126)
(892808, 0, 1318, 894126)
(893394, 0, 732, 894126)
(893857, 0, 269, 894126)
(893366, 0, 760, 894126)
(893857, 0, 269, 894126)
(893394, 0, 732, 894126)
(893857, 0, 269, 894126)
(893271, 0, 855, 894126)
(893258, 0, 868, 894126)
(892767, 0, 1359, 894126)
(893258, 0, 868, 894126)
(892767, 0, 1359, 894126)
(893258, 0, 868, 894126)
(893844, 0, 282, 894126)
(893353, 0, 773, 894126)
(893844, 0, 282, 894126)
(893258, 0, 868, 894126)
(892795, 0, 1331, 894126)
(893258, 0, 868, 894126)
(893844, 0, 282, 894126)
(893381, 0, 745, 894126)
(893844, 0, 282, 894126)
(893258, 0, 868, 894126)
(893844, 0, 282, 894126)
(893258, 0, 868, 894126)
(892767, 0, 1359, 894126)
(893353, 0, 773, 894126)
(893844, 0, 282, 894126)
(893258, 0, 868, 894126)
(892795, 0, 1331, 894126)
(893381, 0, 745, 894126)
(892795, 0, 1331, 894126)
(893381, 0, 745, 894126)
(892795, 0, 1331, 894126)
(893258, 0, 868, 894126)
(892767, 0, 1359, 894126)
(893258, 0, 868, 894126)
(893271, 0, 855, 894126)
(893857, 0, 269, 894126)
(893366, 0, 760, 894126)
(892780, 0, 1346, 894126)
(893366, 0, 760, 894126)
(892780, 0, 1346, 894126)
(893271, 0, 855, 894126)
(893857, 0, 269, 894126)
(893271, 0, 855, 894126)
(892808, 0, 1318, 894126)
(893394, 0, 732, 894126)
(892808, 0, 1318, 894126)
(893394, 0, 732, 894126)
(893857, 0, 269, 894126)
(893271, 0, 855, 894126)
(892808, 0, 1318, 894126)
(893394, 0, 732, 894126)
(892808, 0, 1318, 894126)
(893271, 0, 855, 894126)
(893857, 0, 269, 894126)
(893715, 0, 411, 894126)
(893129, 0, 997, 894126)
(892638, 0, 1488, 894126)
(893129, 0, 997, 894126)
(892666, 0, 1460, 894126)
(893252, 0, 874, 894126)
(893715, 0, 411, 894126)
(893129, 0, 997, 894126)
(892638, 0, 1488, 894126)
(893129, 0, 997, 894126)
(893715, 0, 411, 894126)
(893224, 0, 902, 894126)
(892638, 0, 1488, 894126)
(893129, 0, 997, 894126)
(892638, 0, 1488, 894126)
(893224, 0, 902, 894126)
(893715, 0, 411, 894126)
(893252, 0, 874, 894126)
(892666, 0, 1460, 894126)
(893129, 0, 997, 894126)
(893715, 0, 411, 894126)
(893129, 0, 997, 894126)
(893715, 0, 411, 894126)
(893129, 0, 997, 894126)
(893116, 0, 855, 893971)
(892716, 0, 1255, 893971)
(892225, 0, 1746, 893971)
(892811, 0, 1160, 893971)
(892225, 0, 1746, 893971)
(892811, 0, 1160, 893971)
(892225, 0, 1746, 893971)
(892811, 0, 1160, 893971)
(893302, 0, 669, 893971)
(892716, 0, 1255, 893971)
(893302, 0, 669, 893971)
(892839, 0, 1132, 893971)
(892253, 0, 1718, 893971)
(892839, 0, 1132, 893971)
(893302, 0, 669, 893971)
(892716, 0, 1255, 893971)
(892985, 0, 986, 893971)
(893571, 0, 400, 893971)
(893971, 0, 0, 893971)
(893385, 0, 586, 893971)
(893971, 0, 0, 893971)
(893385, 0, 586, 893971)
(893971, 0, 0, 893971)
(893385, 0, 586, 893971)
(892922, 0, 1049, 893971)
(893508, 0, 463, 893971)
(892922, 0, 1049, 893971)
(893385, 0, 586, 893971)
(893971, 0, 0, 893971)
(893385, 0, 586, 893971)
(893971, 0, 0, 893971)
(893385, 0, 586, 893971)
(893971, 0, 0, 893971)
(893385, 0, 586, 893971)
(893971, 0, 0, 893971)
(893480, 0, 491, 893971)
(892894, 0, 1077, 893971)
(893480, 0, 491, 893971)
(892894, 0, 1077, 893971)
(893385, 0, 586, 893971)
(892894, 0, 1077, 893971)
(893385, 0, 586, 893971)
(893971, 0, 0, 893971)
(893813, 0, 158, 893971)
(893227, 0, 744, 893971)
(893813, 0, 158, 893971)
(893227, 0, 744, 893971)
(893813, 0, 158, 893971)
(893350, 0, 621, 893971)
(892764, 0, 1207, 893971)
(893227, 0, 744, 893971)
(892827, 0, 1144, 893971)
(892336, 0, 1635, 893971)
(892922, 0, 1049, 893971)
(892336, 0, 1635, 893971)
(892922, 0, 1049, 893971)
(893413, 0, 558, 893971)
(892922, 0, 1049, 893971)
(893413, 0, 558, 893971)
(892950, 0, 1021, 893971)
(892364, 0, 1607, 893971)
(892950, 0, 1021, 893971)
(892364, 0, 1607, 893971)
(892950, 0, 1021, 893971)
(893413, 0, 558, 893971)
(892922, 0, 1049, 893971)
(893413, 0, 558, 893971)
(892827, 0, 1144, 893971)
(892336, 0, 1635, 893971)
(892922, 0, 1049, 893971)
(893413, 0, 558, 893971)
(892827, 0, 1144, 893971)
(893413, 0, 558, 893971)
(892827, 0, 1144, 893971)
(892336, 0, 1635, 893971)
(892922, 0, 1049, 893971)
(892336, 0, 1635, 893971)
(892922, 0, 1049, 893971)
(892336, 0, 1635, 893971)
(892922, 0, 1049, 893971)
(892336, 0, 1635, 893971)
(892922, 0, 1049, 893971)
(893413, 0, 558, 893971)
(893571, 0, 400, 893971)
(893013, 0, 958, 893971)
(892522, 0, 1449, 893971)
(893013, 0, 958, 893971)
(892427, 0, 1544, 893971)
(891964, 0, 2007, 893971)
(892427, 0, 1544, 893971)
(891936, 0, 2035, 893971)
(892522, 0, 1449, 893971)
(893013, 0, 958, 893971)
(892855, 0, 1116, 893971)
(893255, 0, 716, 893971)
(892764, 0, 1207, 893971)
(892178, 0, 1793, 893971)
(892669, 0, 1302, 893971)
(893255, 0, 716, 893971)
(892792, 0, 1179, 893971)
(893255, 0, 716, 893971)
(892764, 0, 1207, 893971)
(893255, 0, 716, 893971)
(893413, 0, 558, 893971)
(892827, 0, 1144, 893971)
(893413, 0, 558, 893971)
(892922, 0, 1049, 893971)
(893413, 0, 558, 893971)
(892827, 0, 1144, 893971)
(892427, 0, 1544, 893971)
(893013, 0, 958, 893971)
(892427, 0, 1544, 893971)
(893013, 0, 958, 893971)
(892427, 0, 1544, 893971)
(892827, 0, 1144, 893971)
(892364, 0, 1607, 893971)
(892950, 0, 1021, 893971)
(892364, 0, 1607, 893971)
(892827, 0, 1144, 893971)
(892336, 0, 1635, 893971)
(892922, 0, 1049, 893971)
(892336, 0, 1635, 893971)
(892827, 0, 1144, 893971)
(892336, 0, 1635, 893971)
(892922, 0, 1049, 893971)
(893413, 0, 558, 893971)
(893144, 0, 827, 893971)
(892558, 0, 1413, 893971)
(893144, 0, 827, 893971)
(892558, 0, 1413, 893971)
(892067, 0, 1904, 893971)
(892558, 0, 1413, 893971)
(892067, 0, 1904, 893971)
(892558, 0, 1413, 893971)
(892067, 0, 1904, 893971)
(892558, 0, 1413, 893971)
(892827, 0, 1144, 893971)
(892336, 0, 1635, 893971)
(892922, 0, 1049, 893971)
(892336, 0, 1635, 893971)
(892922, 0, 1049, 893971)
(892336, 0, 1635, 893971)
(892922, 0, 1049, 893971)
(893413, 0, 558, 893971)
(892827, 0, 1144, 893971)
(893413, 0, 558, 893971)
(892922, 0, 1049, 893971)
(893413, 0, 558, 893971)
(892827, 0, 1144, 893971)
(893413, 0, 558, 893971)
(892950, 0, 1021, 893971)
(893413, 0, 558, 893971)
(892827, 0, 1144, 893971)
(892427, 0, 1544, 893971)
(891964, 0, 2007, 893971)
(892550, 0, 1421, 893971)
(891964, 0, 2007, 893971)
(892550, 0, 1421, 893971)
(891964, 0, 2007, 893971)
(892427, 0, 1544, 893971)
(891936, 0, 2035, 893971)
(892522, 0, 1449, 893971)
(891936, 0, 2035, 893971)
(892522, 0, 1449, 893971)
(893013, 0, 958, 893971)
(892550, 0, 1421, 893971)
(891964, 0, 2007, 893971)
(892427, 0, 1544, 893971)
(891964, 0, 2007, 893971)
(892550, 0, 1421, 893971)
(891964, 0, 2007, 893971)
(892550, 0, 1421, 893971)
(891964, 0, 2007, 893971)
(892427, 0, 1544, 893971)
(893013, 0, 958, 893971)
(892522, 0, 1449, 893971)
(893013, 0, 958, 893971)
(892427, 0, 1544, 893971)
(892985, 0, 986, 893971)
(893571, 0, 400, 893971)
(893080, 0, 891, 893971)
(893571, 0, 400, 893971)
(893108, 0, 863, 893971)
(892522, 0, 1449, 893971)
(892985, 0, 986, 893971)
(893571, 0, 400, 893971)
(892985, 0, 986, 893971)
(892494, 0, 1477, 893971)
(892985, 0, 986, 893971)
(892522, 0, 1449, 893971)
(893108, 0, 863, 893971)
(893571, 0, 400, 893971)
(893971, 0, 0, 893971)
(894113, 0, 13, 894126)
(893527, 0, 599, 894126)
(894113, 0, 13, 894126)
(893527, 0, 599, 894126)
(893514, 0, 612, 894126)
(893023, 0, 1103, 894126)
(893514, 0, 612, 894126)
(893527, 0, 599, 894126)
(894113, 0, 13, 894126)
(894126, 0, 0, 894126)
(893540, 0, 586, 894126)
(893140, 0, 986, 894126)
(892649, 0, 1477, 894126)
(893140, 0, 986, 894126)
(892998, 0, 1128, 894126)
(892507, 0, 1619, 894126)
(893093, 0, 1033, 894126)
(893584, 0, 542, 894126)
(893093, 0, 1033, 894126)
(893584, 0, 542, 894126)
(893093, 0, 1033, 894126)
(892507, 0, 1619, 894126)
(893093, 0, 1033, 894126)
(892507, 0, 1619, 894126)
(892998, 0, 1128, 894126)
(893140, 0, 986, 894126)
(893726, 0, 400, 894126)
(893235, 0, 891, 894126)
(892649, 0, 1477, 894126)
(893140, 0, 986, 894126)
(893726, 0, 400, 894126)
(893140, 0, 986, 894126)
(892998, 0, 1128, 894126)
(893584, 0, 542, 894126)
(892998, 0, 1128, 894126)
(893584, 0, 542, 894126)
(893726, 0, 400, 894126)
(893140, 0, 986, 894126)
(892677, 0, 1449, 894126)
(893263, 0, 863, 894126)
(892677, 0, 1449, 894126)
(893263, 0, 863, 894126)
(892677, 0, 1449, 894126)
(893140, 0, 986, 894126)
(892677, 0, 1449, 894126)
(893140, 0, 986, 894126)
(893127, 0, 999, 894126)
(893713, 0, 413, 894126)
(893127, 0, 999, 894126)
(893713, 0, 413, 894126)
(893250, 0, 876, 894126)
(893713, 0, 413, 894126)
(893726, 0, 400, 894126)
(893140, 0, 986, 894126)
(893127, 0, 999, 894126)
(893713, 0, 413, 894126)
(893222, 0, 904, 894126)
(892636, 0, 1490, 894126)
(893222, 0, 904, 894126)
(893713, 0, 413, 894126)
(893250, 0, 876, 894126)
(893713, 0, 413, 894126)
(893250, 0, 876, 894126)
(893713, 0, 413, 894126)
(893127, 0, 999, 894126)
(893140, 0, 986, 894126)
(893726, 0, 400, 894126)
(893235, 0, 891, 894126)
(893726, 0, 400, 894126)
(893140, 0, 986, 894126)
(893726, 0, 400, 894126)
(893140, 0, 986, 894126)
(893726, 0, 400, 894126)
(893235, 0, 891, 894126)
(892649, 0, 1477, 894126)
(893235, 0, 891, 894126)
(893726, 0, 400, 894126)
(893235, 0, 891, 894126)
(893726, 0, 400, 894126)
(893235, 0, 891, 894126)
(892649, 0, 1477, 894126)
(893140, 0, 986, 894126)
(893726, 0, 400, 894126)
(893140, 0, 986, 894126)
(892677, 0, 1449, 894126)
(893140, 0, 986, 894126)
(892649, 0, 1477, 894126)
(893235, 0, 891, 894126)
(892649, 0, 1477, 894126)
(893140, 0, 986, 894126)
(893726, 0, 400, 894126)
(893235, 0, 891, 894126)
(893726, 0, 400, 894126)
(893140, 0, 986, 894126)
(893726, 0, 400, 894126)
(893235, 0, 891, 894126)
(892649, 0, 1477, 894126)
(893140, 0, 986, 894126)
(893726, 0, 400, 894126)
(893235, 0, 891, 894126)
(892649, 0, 1477, 894126)
(893235, 0, 891, 894126)
(893726, 0, 400, 894126)
(893140, 0, 986, 894126)
(892677, 0, 1449, 894126)
(893140, 0, 986, 894126)
(892677, 0, 1449, 894126)
(893263, 0, 863, 894126)
(893726, 0, 400, 894126)
(893140, 0, 986, 894126)
(893540, 0, 586, 894126)
(893049, 0, 1077, 894126)
(893635, 0, 491, 894126)
(893049, 0, 1077, 894126)
(893540, 0, 586, 894126)
(893398, 0, 728, 894126)
(892907, 0, 1219, 894126)
(893493, 0, 633, 894126)
(893984, 0, 142, 894126)
(893521, 0, 605, 894126)
(893984, 0, 142, 894126)
(893398, 0, 728, 894126)
(893984, 0, 142, 894126)
(893493, 0, 633, 894126)
(893984, 0, 142, 894126)
(893493, 0, 633, 894126)
(893984, 0, 142, 894126)
(893521, 0, 605, 894126)
(892935, 0, 1191, 894126)
(893521, 0, 605, 894126)
(893984, 0, 142, 894126)
(893398, 0, 728, 894126)
(892935, 0, 1191, 894126)
(893398, 0, 728, 894126)
(893984, 0, 142, 894126)
(893521, 0, 605, 894126)
(893984, 0, 142, 894126)
(893398, 0, 728, 894126)
(892907, 0, 1219, 894126)
(893398, 0, 728, 894126)
(893984, 0, 142, 894126)
(893398, 0, 728, 894126)
(893984, 0, 142, 894126)
(893493, 0, 633, 894126)
(892907, 0, 1219, 894126)
(893493, 0, 633, 894126)
(893984, 0, 142, 894126)
(893398, 0, 728, 894126)
(892907, 0, 1219, 894126)
(893398, 0, 728, 894126)
(892907, 0, 1219, 894126)
(893398, 0, 728, 894126)
(892907, 0, 1219, 894126)
(893398, 0, 728, 894126)
(893984, 0, 142, 894126)
(893398, 0, 728, 894126)
(893984, 0, 142, 894126)
(893493, 0, 633, 894126)
(893984, 0, 142, 894126)
(893398, 0, 728, 894126)
(893984, 0, 142, 894126)
(893398, 0, 728, 894126)
(893984, 0, 142, 894126)
(893398, 0, 728, 894126)
(893984, 0, 142, 894126)
(893493, 0, 633, 894126)
(892907, 0, 1219, 894126)
(893398, 0, 728, 894126)
(892907, 0, 1219, 894126)
(893398, 0, 728, 894126)
(892907, 0, 1219, 894126)
(893398, 0, 728, 894126)
(892935, 0, 1191, 894126)
(893521, 0, 605, 894126)
(892935, 0, 1191, 894126)
(893521, 0, 605, 894126)
(893984, 0, 142, 894126)
(893521, 0, 605, 894126)
(892935, 0, 1191, 894126)
(893521, 0, 605, 894126)
(892935, 0, 1191, 894126)
(893398, 0, 728, 894126)
(892907, 0, 1219, 894126)
(893493, 0, 633, 894126)
(893984, 0, 142, 894126)
(893398, 0, 728, 894126)
(893984, 0, 142, 894126)
(893971, 0, 0, 893971)
(893480, 0, 491, 893971)
(892894, 0, 1077, 893971)
(893385, 0, 586, 893971)
(893971, 0, 0, 893971)
(893480, 0, 491, 893971)
(893971, 0, 0, 893971)
(893385, 0, 586, 893971)
(893971, 0, 0, 893971)
(893385, 0, 586, 893971)
(892894, 0, 1077, 893971)
(893480, 0, 491, 893971)
(893971, 0, 0, 893971)
(893385, 0, 586, 893971)
(893971, 0, 0, 893971)
(893385, 0, 586, 893971)
(893971, 0, 0, 893971)
(893385, 0, 586, 893971)
(893971, 0, 0, 893971)
(893480, 0, 491, 893971)
(892894, 0, 1077, 893971)
(893385, 0, 586, 893971)
(892894, 0, 1077, 893971)
(893480, 0, 491, 893971)
(893971, 0, 0, 893971)
(893413, 0, 558, 893971)
(892827, 0, 1144, 893971)
(893413, 0, 558, 893971)
(892922, 0, 1049, 893971)
(892336, 0, 1635, 893971)
(892922, 0, 1049, 893971)
(892336, 0, 1635, 893971)
(892827, 0, 1144, 893971)
(892364, 0, 1607, 893971)
(892950, 0, 1021, 893971)
(892364, 0, 1607, 893971)
(892950, 0, 1021, 893971)
(892364, 0, 1607, 893971)
(892950, 0, 1021, 893971)
(892364, 0, 1607, 893971)
(892827, 0, 1144, 893971)
(893413, 0, 558, 893971)
