(765748, 0, 0, 765748)
(765054, 0, 0, 765054)
(764600, 0, 0, 764600)
(764260, 0, 0, 764260)
(763032, 0, 0, 763032)
(762675, 0, 0, 762675)
(761877, 0, 0, 761877)
(761595, 0, 0, 761595)
(758469, 1924, 0, 760393)
(760343, 0, 0, 760343)
(764886, 0, 2996, 767882)
(761967, 0, 2996, 764963)
(760819, 0, 2996, 763815)
(758466, 1960, 2996, 763422)
(758466, 1960, 2996, 763422)
(756021, 1960, 2996, 760977)
(755850, 1960, 2996, 760806)
(754944, 1960, 2996, 759900)
(753552, 1960, 2996, 758508)
(752498, 1960, 2996, 757454)
(759112, 3920, 11544, 774576)
(757985, 3920, 11544, 773449)
(757985, 3920, 11544, 773449)
(757669, 3920, 11544, 773133)
(756277, 3920, 11544, 771741)
(755593, 3920, 11544, 771057)
(754061, 3920, 11544, 769525)
(754061, 3920, 11544, 769525)
(749184, 3920, 11544, 764648)
(747705, 3920, 11544, 763169)
(762194, 0, 2672, 764866)
(757297, 0, 2672, 759969)
(754061, 0, 2672, 756733)
(754061, 0, 2672, 756733)
(753167, 0, 2672, 755839)
(752619, 0, 2672, 755291)
(750924, 0, 2672, 753596)
(750924, 0, 2672, 753596)
(749244, 0, 2672, 751916)
(749244, 0, 2672, 751916)
(757353, 0, 11469, 768822)
(756499, 0, 11469, 767968)
(756499, 0, 11469, 767968)
(756447, 0, 11469, 767916)
(762194, 0, 0, 762194)
(762194, 0, 0, 762194)
(756569, 1456, 0, 758025)
(756249, 1456, 0, 757705)
(755846, 1456, 0, 757302)
(755561, 1456, 0, 757017)
(758533, 1456, 10552, 770541)
(758158, 1456, 10552, 770166)
(757895, 1456, 10552, 769903)
(756356, 2939, 10552, 769847)
(756932, 1456, 10552, 768940)
(755578, 1456, 10552, 767586)
(755309, 1456, 10552, 767317)
(755266, 1456, 10552, 767274)
(752712, 1456, 10552, 764720)
(752184, 1456, 10552, 764192)
(761818, 1456, 2832, 766106)
(761619, 1456, 2832, 765907)
(761619, 1456, 2832, 765907)
(761164, 1456, 2832, 765452)
(761164, 1456, 2832, 765452)
(761164, 1456, 2832, 765452)
(759640, 2294, 2832, 764766)
(759172, 2294, 2832, 764298)
(758779, 2294, 2832, 763905)
(757569, 2294, 2832, 762695)
(758695, 3132, 11943, 773770)
(758695, 3132, 11943, 773770)
(757792, 3132, 11943, 772867)
(757792, 3132, 11943, 772867)
(763019, 1676, 0, 764695)
(763019, 1676, 0, 764695)
(762508, 1676, 0, 764184)
(761785, 1676, 0, 763461)
(761785, 1676, 0, 763461)
(759721, 1676, 0, 761397)
(762010, 1676, 5611, 769297)
(762266, 1676, 4957, 768899)
(760627, 1676, 4957, 767260)
(760449, 1676, 4957, 767082)
(759001, 1676, 4957, 765634)
(758027, 1676, 4957, 764660)
(757699, 1676, 4957, 764332)
(757699, 1676, 4957, 764332)
(757699, 1676, 4957, 764332)
(757699, 1676, 4957, 764332)
(758847, 1676, 12560, 773083)
(758214, 1676, 12560, 772450)
(758214, 1676, 12560, 772450)
(758188, 1676, 12560, 772424)
(755728, 1676, 12560, 769964)
(754694, 1676, 12560, 768930)
(754494, 1676, 12560, 768730)
(752933, 1676, 12560, 767169)
(752375, 1676, 12560, 766611)
(751639, 1676, 12560, 765875)
(756496, 1676, 15678, 773850)
(756220, 1676, 15678, 773574)
(754156, 1676, 15678, 771510)
(753055, 1676, 15678, 770409)
(763350, 1676, 0, 765026)
(763272, 0, 0, 763272)
(759461, 1676, 0, 761137)
(759461, 1676, 0, 761137)
(756328, 4025, 0, 760353)
(754968, 4025, 0, 758993)
(757965, 6374, 8747, 773086)
(756461, 6374, 8747, 771582)
(756010, 6374, 8747, 771131)
(755297, 6374, 8747, 770418)
(754650, 6374, 8747, 769771)
(753181, 6374, 8747, 768302)
(752640, 6374, 8747, 767761)
(751388, 6374, 8747, 766509)
(749827, 6374, 8747, 764948)
(748520, 6374, 8747, 763641)
(754867, 6374, 15725, 776966)
(754667, 6374, 15725, 776766)
(753773, 6374, 15725, 775872)
(753434, 6374, 15725, 775533)
(753266, 6374, 15725, 775365)
(750992, 6374, 15725, 773091)
(750657, 6374, 15725, 772756)
(750046, 6374, 15725, 772145)
(750046, 6374, 15725, 772145)
(749890, 6374, 15725, 771989)
(751965, 6374, 22304, 780643)
(751346, 6374, 22304, 780024)
(749511, 6374, 22304, 778189)
(749511, 6374, 22304, 778189)
(762399, 1676, 0, 764075)
(761733, 1676, 0, 763409)
(761251, 1676, 0, 762927)
(760469, 1676, 0, 762145)
(758779, 1676, 0, 760455)
(758779, 1676, 0, 760455)
(761244, 1676, 5185, 768105)
(761233, 1676, 5185, 768094)
(759857, 1676, 5185, 766718)
(758726, 1676, 5185, 765587)
(758004, 1676, 5185, 764865)
(758004, 1676, 5185, 764865)
(757088, 1676, 5185, 763949)
(756095, 1676, 5185, 762956)
(755652, 1676, 5185, 762513)
(753627, 1676, 5185, 760488)
(757793, 1676, 6960, 766429)
(757793, 1676, 6960, 766429)
(756770, 1676, 6960, 765406)
(755687, 1676, 6960, 764323)
(750157, 6954, 6960, 764071)
(748908, 6954, 6960, 762822)
(748180, 6954, 6960, 762094)
(766345, 0, 0, 766345)
