(893971, 0, 0, 893971)
(893385, 0, 0, 893385)
(892894, 0, 0, 892894)
(892494, 0, 0, 892494)
(892336, 0, 0, 892336)
(891778, 0, 0, 891778)
(891094, 0, 0, 891094)
(890895, 0, 0, 890895)
(890831, 0, 0, 890831)
(890420, 0, 0, 890420)
(889942, 0, 0, 889942)
(889464, 0, 0, 889464)
(889153, 0, 0, 889153)
(888952, 0, 0, 888952)
(888831, 0, 0, 888831)
(888437, 0, 0, 888437)
(888176, 0, 0, 888176)
(887989, 0, 0, 887989)
(887693, 0, 0, 887693)
(887035, 0, 0, 887035)
(886613, 0, 0, 886613)
(886191, 0, 0, 886191)
(885888, 0, 0, 885888)
(885585, 0, 0, 885585)
(885370, 0, 0, 885370)
(885037, 0, 0, 885037)
(884704, 0, 0, 884704)
(884371, 0, 0, 884371)
(884038, 0, 0, 884038)
(883622, 0, 0, 883622)
(883206, 0, 0, 883206)
(882828, 0, 0, 882828)
(882305, 0, 0, 882305)
(881643, 0, 0, 881643)
(881302, 0, 0, 881302)
(880961, 0, 0, 880961)
(880620, 0, 0, 880620)
(880566, 0, 0, 880566)
(880342, 0, 0, 880342)
(880159, 0, 0, 880159)
(879589, 0, 0, 879589)
(879460, 0, 0, 879460)
(878968, 0, 0, 878968)
(878589, 0, 0, 878589)
(878275, 0, 0, 878275)
(877961, 0, 0, 877961)
(877459, 0, 0, 877459)
(877356, 0, 0, 877356)
(877105, 0, 0, 877105)
(876602, 0, 0, 876602)
(876065, 0, 0, 876065)
(875968, 0, 0, 875968)
(875871, 0, 0, 875871)
(875443, 0, 0, 875443)
(875015, 0, 0, 875015)
(874587, 0, 0, 874587)
(874395, 0, 0, 874395)
(874203, 0, 0, 874203)
(874011, 0, 0, 874011)
(873819, 0, 0, 873819)
(873627, 0, 0, 873627)
(873435, 0, 0, 873435)
(873402, 0, 0, 873402)
(873369, 0, 0, 873369)
(873336, 0, 0, 873336)
(873303, 0, 0, 873303)
(873270, 0, 0, 873270)
(873191, 0, 0, 873191)
(872819, 0, 0, 872819)
(872524, 0, 0, 872524)
(872229, 0, 0, 872229)
(871337, 0, 0, 871337)
(870445, 0, 0, 870445)
(870437, 0, 0, 870437)
(870429, 0, 0, 870429)
(870421, 0, 0, 870421)
(870413, 0, 0, 870413)
(870405, 0, 0, 870405)
(870397, 0, 0, 870397)
(870389, 0, 0, 870389)
(869928, 0, 0, 869928)
(869551, 0, 0, 869551)
(869129, 0, 0, 869129)
(868707, 0, 0, 868707)
(868538, 0, 0, 868538)
(868268, 0, 0, 868268)
(867918, 0, 0, 867918)
(867130, 0, 0, 867130)
(866655, 0, 0, 866655)
(866197, 0, 0, 866197)
(865759, 0, 0, 865759)
(865544, 0, 0, 865544)
(864713, 0, 0, 864713)
(864348, 0, 0, 864348)
(863764, 0, 0, 863764)
(863600, 0, 0, 863600)
(862794, 0, 0, 862794)
(862312, 0, 0, 862312)
(861950, 0, 0, 861950)
(860995, 0, 0, 860995)
(860878, 0, 0, 860878)
(860761, 0, 0, 860761)
(860551, 0, 0, 860551)
(860341, 0, 0, 860341)
(860131, 0, 0, 860131)
(859921, 0, 0, 859921)
(859459, 0, 0, 859459)
(858997, 0, 0, 858997)
(858728, 0, 0, 858728)
(858255, 0, 0, 858255)
(858120, 0, 0, 858120)
(857761, 0, 0, 857761)
(857150, 0, 0, 857150)
(856700, 0, 0, 856700)
(856110, 0, 0, 856110)
(855991, 0, 0, 855991)
(855497, 0, 0, 855497)
(855034, 0, 0, 855034)
(854753, 0, 0, 854753)
(854607, 0, 0, 854607)
(854492, 0, 0, 854492)
(854235, 0, 0, 854235)
(853872, 0, 0, 853872)
(853583, 0, 0, 853583)
(853516, 0, 0, 853516)
(852968, 0, 0, 852968)
(852805, 0, 0, 852805)
(852398, 0, 0, 852398)
(851392, 0, 0, 851392)
(851163, 0, 0, 851163)
(850864, 0, 0, 850864)
(850658, 0, 0, 850658)
(849976, 0, 0, 849976)
(849775, 0, 0, 849775)
(849528, 0, 0, 849528)
(849281, 0, 0, 849281)
(849090, 0, 0, 849090)
(848187, 0, 0, 848187)
(847951, 0, 0, 847951)
(847757, 0, 0, 847757)
(847021, 0, 0, 847021)
(846729, 0, 0, 846729)
(846405, 0, 0, 846405)
(845901, 0, 0, 845901)
(845653, 0, 0, 845653)
(845379, 0, 0, 845379)
(844727, 0, 0, 844727)
(844726, 0, 0, 844726)
(844076, 0, 0, 844076)
(843776, 0, 0, 843776)
(843476, 0, 0, 843476)
(843398, 0, 0, 843398)
(843397, 0, 0, 843397)
(843396, 0, 0, 843396)
(843395, 0, 0, 843395)
(843150, 0, 0, 843150)
(842759, 0, 0, 842759)
(842612, 0, 0, 842612)
(842165, 0, 0, 842165)
(842015, 0, 0, 842015)
(841842, 0, 0, 841842)
(841669, 0, 0, 841669)
(841079, 0, 0, 841079)
(840903, 0, 0, 840903)
(840677, 0, 0, 840677)
(840451, 0, 0, 840451)
(840146, 0, 0, 840146)
(839841, 0, 0, 839841)
(839524, 0, 0, 839524)
(839118, 0, 0, 839118)
(838582, 0, 0, 838582)
(838305, 0, 0, 838305)
(838079, 0, 0, 838079)
(837793, 0, 0, 837793)
(837663, 0, 0, 837663)
(837533, 0, 0, 837533)
(837403, 0, 0, 837403)
(837299, 0, 0, 837299)
(837261, 0, 0, 837261)
(836783, 0, 0, 836783)
(836491, 0, 0, 836491)
(836183, 0, 0, 836183)
(836035, 0, 0, 836035)
(835887, 0, 0, 835887)
(835615, 0, 0, 835615)
(835360, 0, 0, 835360)
(835004, 0, 0, 835004)
(834930, 0, 0, 834930)
(834497, 0, 0, 834497)
(834210, 0, 0, 834210)
(833656, 0, 0, 833656)
(833266, 0, 0, 833266)
(832597, 0, 0, 832597)
(832370, 0, 0, 832370)
(832044, 0, 0, 832044)
(831865, 0, 0, 831865)
(831565, 0, 0, 831565)
(831452, 0, 0, 831452)
(831339, 0, 0, 831339)
(831226, 0, 0, 831226)
(830943, 0, 0, 830943)
(830777, 0, 0, 830777)
(830683, 0, 0, 830683)
(830171, 0, 0, 830171)
(830011, 0, 0, 830011)
(829901, 0, 0, 829901)
(829730, 0, 0, 829730)
(829073, 0, 0, 829073)
(828215, 0, 0, 828215)
(827519, 0, 0, 827519)
(826887, 0, 0, 826887)
(826880, 0, 0, 826880)
(826485, 0, 0, 826485)
(826185, 0, 0, 826185)
(826010, 0, 0, 826010)
(825941, 0, 0, 825941)
(825832, 0, 0, 825832)
(825688, 0, 0, 825688)
(825544, 0, 0, 825544)
(825127, 0, 0, 825127)
(824971, 0, 0, 824971)
(824619, 0, 0, 824619)
(824365, 0, 0, 824365)
(824027, 0, 0, 824027)
(823784, 0, 0, 823784)
(823541, 0, 0, 823541)
(823453, 0, 0, 823453)
(823365, 0, 0, 823365)
(823277, 0, 0, 823277)
(822832, 0, 0, 822832)
(822387, 0, 0, 822387)
(822117, 0, 0, 822117)
(821718, 0, 0, 821718)
(821410, 0, 0, 821410)
(820901, 0, 0, 820901)
(820799, 0, 0, 820799)
(820697, 0, 0, 820697)
(820595, 0, 0, 820595)
(820033, 0, 0, 820033)
(819471, 0, 0, 819471)
(818909, 0, 0, 818909)
(818892, 0, 0, 818892)
(818875, 0, 0, 818875)
(818858, 0, 0, 818858)
(818444, 0, 0, 818444)
(818009, 0, 0, 818009)
(817860, 0, 0, 817860)
(817415, 0, 0, 817415)
(816771, 0, 0, 816771)
(816603, 0, 0, 816603)
(816292, 0, 0, 816292)
(816101, 0, 0, 816101)
(815822, 0, 0, 815822)
(815545, 0, 0, 815545)
(815268, 0, 0, 815268)
(814991, 0, 0, 814991)
(814486, 0, 0, 814486)
(813718, 0, 0, 813718)
(813360, 0, 0, 813360)
(813043, 0, 0, 813043)
(812948, 0, 0, 812948)
(812853, 0, 0, 812853)
(812156, 0, 0, 812156)
(811748, 0, 0, 811748)
(811747, 0, 0, 811747)
(811301, 0, 0, 811301)
(810871, 0, 0, 810871)
(810460, 0, 0, 810460)
(810292, 0, 0, 810292)
(810168, 0, 0, 810168)
(809854, 0, 0, 809854)
(809630, 0, 0, 809630)
(809231, 0, 0, 809231)
(809008, 0, 0, 809008)
(808666, 0, 0, 808666)
(808491, 0, 0, 808491)
(808091, 0, 0, 808091)
(807740, 0, 0, 807740)
(807596, 0, 0, 807596)
(807388, 0, 0, 807388)
(806983, 0, 0, 806983)
(806836, 0, 0, 806836)
(806536, 0, 0, 806536)
(806141, 0, 0, 806141)
(806056, 0, 0, 806056)
(805773, 0, 0, 805773)
(805666, 0, 0, 805666)
(805559, 0, 0, 805559)
(805452, 0, 0, 805452)
(805345, 0, 0, 805345)
(804823, 0, 0, 804823)
(804069, 0, 0, 804069)
(803315, 0, 0, 803315)
(802590, 0, 0, 802590)
(802138, 0, 0, 802138)
(801821, 0, 0, 801821)
(801497, 0, 0, 801497)
(801173, 0, 0, 801173)
(800470, 0, 0, 800470)
(800244, 0, 0, 800244)
(800018, 0, 0, 800018)
(799797, 0, 0, 799797)
(799217, 0, 0, 799217)
(798591, 0, 0, 798591)
(798297, 0, 0, 798297)
(798194, 0, 0, 798194)
(798091, 0, 0, 798091)
(797416, 0, 0, 797416)
(797228, 0, 0, 797228)
(797027, 0, 0, 797027)
(796665, 0, 0, 796665)
(795781, 0, 0, 795781)
(795635, 0, 0, 795635)
(795489, 0, 0, 795489)
(795036, 0, 0, 795036)
(794856, 0, 0, 794856)
(794594, 0, 0, 794594)
(793808, 0, 0, 793808)
(793759, 0, 0, 793759)
(793527, 0, 0, 793527)
(793295, 0, 0, 793295)
(793063, 0, 0, 793063)
(792821, 0, 0, 792821)
(792516, 0, 0, 792516)
(792246, 0, 0, 792246)
(792077, 0, 0, 792077)
(791908, 0, 0, 791908)
(791646, 0, 0, 791646)
(790897, 0, 0, 790897)
(790536, 0, 0, 790536)
(790175, 0, 0, 790175)
(789709, 0, 0, 789709)
(789243, 0, 0, 789243)
(788336, 0, 0, 788336)
(788138, 0, 0, 788138)
(788095, 0, 0, 788095)
(787542, 0, 0, 787542)
(787168, 0, 0, 787168)
(786609, 0, 0, 786609)
(786304, 0, 0, 786304)
(786137, 0, 0, 786137)
(785554, 0, 0, 785554)
(785266, 0, 0, 785266)
(784942, 0, 0, 784942)
(784736, 0, 0, 784736)
(784530, 0, 0, 784530)
(784241, 0, 0, 784241)
(784172, 0, 0, 784172)
(783991, 0, 0, 783991)
(783966, 0, 0, 783966)
(783440, 0, 0, 783440)
(782961, 0, 0, 782961)
(782417, 0, 0, 782417)
(781873, 0, 0, 781873)
(781695, 0, 0, 781695)
(781517, 0, 0, 781517)
(781339, 0, 0, 781339)
(780828, 0, 0, 780828)
(780322, 0, 0, 780322)
(779849, 0, 0, 779849)
(779668, 0, 0, 779668)
(779488, 0, 0, 779488)
(779137, 0, 0, 779137)
(778786, 0, 0, 778786)
(777879, 0, 0, 777879)
(777696, 0, 0, 777696)
(777411, 0, 0, 777411)
(777126, 0, 0, 777126)
(776927, 0, 0, 776927)
(776728, 0, 0, 776728)
(776481, 0, 0, 776481)
(776234, 0, 0, 776234)
(775581, 0, 0, 775581)
(775357, 0, 0, 775357)
(775133, 0, 0, 775133)
(774570, 0, 0, 774570)
(773867, 0, 0, 773867)
(773422, 0, 0, 773422)
(773146, 0, 0, 773146)
(773080, 0, 0, 773080)
(772780, 0, 0, 772780)
(772719, 0, 0, 772719)
(772357, 0, 0, 772357)
(772050, 0, 0, 772050)
(771761, 0, 0, 771761)
(771543, 0, 0, 771543)
(771325, 0, 0, 771325)
(770505, 0, 0, 770505)
(769685, 0, 0, 769685)
(769086, 0, 0, 769086)
(768900, 0, 0, 768900)
(768685, 0, 0, 768685)
(768464, 0, 0, 768464)
(767856, 0, 0, 767856)
(767807, 0, 0, 767807)
(767462, 0, 0, 767462)
(767324, 0, 0, 767324)
(767041, 0, 0, 767041)
(766744, 0, 0, 766744)
(766447, 0, 0, 766447)
(766126, 0, 0, 766126)
(765541, 0, 0, 765541)
(765116, 0, 0, 765116)
(764691, 0, 0, 764691)
(764359, 0, 0, 764359)
(763904, 0, 0, 763904)
(763449, 0, 0, 763449)
(763059, 0, 0, 763059)
(762916, 0, 0, 762916)
(762636, 0, 0, 762636)
(762356, 0, 0, 762356)
(762076, 0, 0, 762076)
(761900, 0, 0, 761900)
(761717, 0, 0, 761717)
(761534, 0, 0, 761534)
(761415, 0, 0, 761415)
(761344, 0, 0, 761344)
(761273, 0, 0, 761273)
(761055, 0, 0, 761055)
(760820, 0, 0, 760820)
(760585, 0, 0, 760585)
(760350, 0, 0, 760350)
(759452, 0, 0, 759452)
(758901, 0, 0, 758901)
(758220, 0, 0, 758220)
(758078, 0, 0, 758078)
(757441, 0, 0, 757441)
(756952, 0, 0, 756952)
(756368, 0, 0, 756368)
(755823, 0, 0, 755823)
(755779, 0, 0, 755779)
