(661393, 0, 711, 662104)
(662104, 0, 0, 662104)
(661729, 0, 375, 662104)
(661018, 0, 1086, 662104)
(661729, 0, 375, 662104)
(661018, 0, 1086, 662104)
(661729, 0, 375, 662104)
(662104, 0, 0, 662104)
(661393, 0, 711, 662104)
(662104, 0, 0, 662104)
(661393, 0, 711, 662104)
(662104, 0, 0, 662104)
(661379, 0, 725, 662104)
(662104, 0, 0, 662104)
(661379, 0, 725, 662104)
(662104, 0, 0, 662104)
(661379, 0, 725, 662104)
(662104, 0, 0, 662104)
(661379, 0, 725, 662104)
(662104, 0, 0, 662104)
(661336, 0, 768, 662104)
(660713, 0, 1391, 662104)
(660002, 0, 2102, 662104)
(660713, 0, 1391, 662104)
(659988, 0, 2116, 662104)
(660713, 0, 1391, 662104)
(659988, 0, 2116, 662104)
(660713, 0, 1391, 662104)
(660002, 0, 2102, 662104)
(660713, 0, 1391, 662104)
(661336, 0, 768, 662104)
(660611, 0, 1493, 662104)
(661336, 0, 768, 662104)
(660625, 0, 1479, 662104)
(661336, 0, 768, 662104)
(660611, 0, 1493, 662104)
(661336, 0, 768, 662104)
(660713, 0, 1391, 662104)
(661481, 0, 623, 662104)
(660756, 0, 1348, 662104)
(661481, 0, 623, 662104)
(660756, 0, 1348, 662104)
(661481, 0, 623, 662104)
(660770, 0, 1334, 662104)
(661481, 0, 623, 662104)
(660756, 0, 1348, 662104)
(661481, 0, 623, 662104)
(660756, 0, 1348, 662104)
(661481, 0, 623, 662104)
(660756, 0, 1348, 662104)
(661481, 0, 623, 662104)
(660756, 0, 1348, 662104)
(661481, 0, 623, 662104)
(662104, 0, 0, 662104)
(661393, 0, 711, 662104)
(662104, 0, 0, 662104)
(661379, 0, 725, 662104)
(662104, 0, 0, 662104)
(661393, 0, 711, 662104)
(662104, 0, 0, 662104)
(661481, 0, 623, 662104)
(660756, 0, 1348, 662104)
(661481, 0, 623, 662104)
(660756, 0, 1348, 662104)
(661481, 0, 623, 662104)
(662104, 0, 0, 662104)
(661379, 0, 725, 662104)
(662104, 0, 0, 662104)
(661481, 0, 623, 662104)
(662104, 0, 0, 662104)
(661379, 0, 725, 662104)
(662104, 0, 0, 662104)
(661379, 0, 725, 662104)
(662104, 0, 0, 662104)
(661481, 0, 623, 662104)
(660770, 0, 1334, 662104)
(661481, 0, 623, 662104)
(660770, 0, 1334, 662104)
(661481, 0, 623, 662104)
(660770, 0, 1334, 662104)
(661481, 0, 623, 662104)
(660756, 0, 1348, 662104)
(661481, 0, 623, 662104)
(660756, 0, 1348, 662104)
(661481, 0, 623, 662104)
(660756, 0, 1348, 662104)
(661481, 0, 623, 662104)
(662104, 0, 0, 662104)
(661379, 0, 725, 662104)
(662104, 0, 0, 662104)
(661379, 0, 725, 662104)
(662104, 0, 0, 662104)
(661379, 0, 725, 662104)
(662104, 0, 0, 662104)
(661674, 0, 430, 662104)
(660949, 0, 1155, 662104)
(661674, 0, 430, 662104)
(662104, 0, 0, 662104)
(661481, 0, 623, 662104)
(660756, 0, 1348, 662104)
(661481, 0, 623, 662104)
(660770, 0, 1334, 662104)
(661481, 0, 623, 662104)
(660756, 0, 1348, 662104)
(661481, 0, 623, 662104)
(660756, 0, 1348, 662104)
(661481, 0, 623, 662104)
(660713, 0, 1391, 662104)
(661336, 0, 768, 662104)
(660625, 0, 1479, 662104)
(661336, 0, 768, 662104)
(660625, 0, 1479, 662104)
(661336, 0, 768, 662104)
(660625, 0, 1479, 662104)
(661336, 0, 768, 662104)
(660611, 0, 1493, 662104)
(661336, 0, 768, 662104)
(660611, 0, 1493, 662104)
(661336, 0, 768, 662104)
(660625, 0, 1479, 662104)
(661336, 0, 768, 662104)
(660961, 0, 1143, 662104)
(660250, 0, 1854, 662104)
(660961, 0, 1143, 662104)
(661336, 0, 768, 662104)
(660611, 0, 1493, 662104)
(661336, 0, 768, 662104)
(660611, 0, 1493, 662104)
(661336, 0, 768, 662104)
(660611, 0, 1493, 662104)
(661336, 0, 768, 662104)
(662104, 0, 0, 662104)
(661379, 0, 725, 662104)
(662104, 0, 0, 662104)
(661379, 0, 725, 662104)
(662104, 0, 0, 662104)
(661379, 0, 725, 662104)
(662104, 0, 0, 662104)
(661729, 0, 375, 662104)
(662104, 0, 0, 662104)
(661379, 0, 725, 662104)
(662104, 0, 0, 662104)
(661379, 0, 725, 662104)
(662104, 0, 0, 662104)
(661729, 0, 375, 662104)
(661004, 0, 1100, 662104)
(661729, 0, 375, 662104)
(661004, 0, 1100, 662104)
(661729, 0, 375, 662104)
(661018, 0, 1086, 662104)
(661729, 0, 375, 662104)
(662104, 0, 0, 662104)
(661393, 0, 711, 662104)
(662104, 0, 0, 662104)
(661379, 0, 725, 662104)
(662104, 0, 0, 662104)
(661674, 0, 430, 662104)
(660963, 0, 1141, 662104)
(661674, 0, 430, 662104)
(660949, 0, 1155, 662104)
(661674, 0, 430, 662104)
(660949, 0, 1155, 662104)
(661674, 0, 430, 662104)
(660949, 0, 1155, 662104)
(661674, 0, 430, 662104)
(661051, 0, 1053, 662104)
(660340, 0, 1764, 662104)
(661051, 0, 1053, 662104)
(660340, 0, 1764, 662104)
(661051, 0, 1053, 662104)
(660326, 0, 1778, 662104)
(661051, 0, 1053, 662104)
(660340, 0, 1764, 662104)
(661051, 0, 1053, 662104)
(661481, 0, 623, 662104)
(660756, 0, 1348, 662104)
(661481, 0, 623, 662104)
(660770, 0, 1334, 662104)
(661481, 0, 623, 662104)
(660756, 0, 1348, 662104)
(661481, 0, 623, 662104)
(661106, 0, 998, 662104)
(660381, 0, 1723, 662104)
(661106, 0, 998, 662104)
(661481, 0, 623, 662104)
(660756, 0, 1348, 662104)
(661481, 0, 623, 662104)
(660756, 0, 1348, 662104)
(661481, 0, 623, 662104)
(661106, 0, 998, 662104)
(660395, 0, 1709, 662104)
(661106, 0, 998, 662104)
(661481, 0, 623, 662104)
(660756, 0, 1348, 662104)
(661481, 0, 623, 662104)
(660756, 0, 1348, 662104)
(661481, 0, 623, 662104)
(660756, 0, 1348, 662104)
(661481, 0, 623, 662104)
(660756, 0, 1348, 662104)
(661481, 0, 623, 662104)
(660751, 0, 1353, 662104)
(660026, 0, 2078, 662104)
(660751, 0, 1353, 662104)
(660376, 0, 1728, 662104)
(660751, 0, 1353, 662104)
(660026, 0, 2078, 662104)
(660751, 0, 1353, 662104)
(660026, 0, 2078, 662104)
(660751, 0, 1353, 662104)
(661374, 0, 730, 662104)
(660649, 0, 1455, 662104)
(661374, 0, 730, 662104)
(660663, 0, 1441, 662104)
(661374, 0, 730, 662104)
(660663, 0, 1441, 662104)
(661374, 0, 730, 662104)
(660649, 0, 1455, 662104)
(661374, 0, 730, 662104)
(660663, 0, 1441, 662104)
(661374, 0, 730, 662104)
(660663, 0, 1441, 662104)
(661374, 0, 730, 662104)
(660649, 0, 1455, 662104)
(661374, 0, 730, 662104)
(660649, 0, 1455, 662104)
(661374, 0, 730, 662104)
(660649, 0, 1455, 662104)
(661374, 0, 730, 662104)
(660649, 0, 1455, 662104)
(661374, 0, 730, 662104)
(660999, 0, 1105, 662104)
(660376, 0, 1728, 662104)
(659665, 0, 2439, 662104)
(660376, 0, 1728, 662104)
(659651, 0, 2453, 662104)
(660376, 0, 1728, 662104)
(659651, 0, 2453, 662104)
(660376, 0, 1728, 662104)
(659651, 0, 2453, 662104)
(660376, 0, 1728, 662104)
(660999, 0, 1105, 662104)
(660376, 0, 1728, 662104)
(660751, 0, 1353, 662104)
(660040, 0, 2064, 662104)
(660751, 0, 1353, 662104)
(660040, 0, 2064, 662104)
(660751, 0, 1353, 662104)
(660026, 0, 2078, 662104)
(660751, 0, 1353, 662104)
(660026, 0, 2078, 662104)
(660751, 0, 1353, 662104)
(660040, 0, 2064, 662104)
(660751, 0, 1353, 662104)
(660040, 0, 2064, 662104)
(660751, 0, 1353, 662104)
(660026, 0, 2078, 662104)
(660751, 0, 1353, 662104)
(660040, 0, 2064, 662104)
(660751, 0, 1353, 662104)
(661374, 0, 730, 662104)
(660751, 0, 1353, 662104)
(661481, 0, 623, 662104)
(660770, 0, 1334, 662104)
(661481, 0, 623, 662104)
(660756, 0, 1348, 662104)
(661481, 0, 623, 662104)
(660756, 0, 1348, 662104)
(661481, 0, 623, 662104)
(660756, 0, 1348, 662104)
(661481, 0, 623, 662104)
(660756, 0, 1348, 662104)
(661481, 0, 623, 662104)
(660756, 0, 1348, 662104)
(661481, 0, 623, 662104)
(660756, 0, 1348, 662104)
(661481, 0, 623, 662104)
(660756, 0, 1348, 662104)
(661481, 0, 623, 662104)
(660756, 0, 1348, 662104)
(661481, 0, 623, 662104)
(660770, 0, 1334, 662104)
(661481, 0, 623, 662104)
(660770, 0, 1334, 662104)
(661481, 0, 623, 662104)
(660756, 0, 1348, 662104)
(661481, 0, 623, 662104)
(660756, 0, 1348, 662104)
(661481, 0, 623, 662104)
(662104, 0, 0, 662104)
(661481, 0, 623, 662104)
(662104, 0, 0, 662104)
(661393, 0, 711, 662104)
(662104, 0, 0, 662104)
(661379, 0, 725, 662104)
(662104, 0, 0, 662104)
(661379, 0, 725, 662104)
(662104, 0, 0, 662104)
(661379, 0, 725, 662104)
(662104, 0, 0, 662104)
(661379, 0, 725, 662104)
(662104, 0, 0, 662104)
(661379, 0, 725, 662104)
(662104, 0, 0, 662104)
(661729, 0, 375, 662104)
(661106, 0, 998, 662104)
(660381, 0, 1723, 662104)
(661106, 0, 998, 662104)
(660395, 0, 1709, 662104)
(661106, 0, 998, 662104)
(660395, 0, 1709, 662104)
(661106, 0, 998, 662104)
(660381, 0, 1723, 662104)
(661106, 0, 998, 662104)
(660381, 0, 1723, 662104)
(661106, 0, 998, 662104)
(660395, 0, 1709, 662104)
(661106, 0, 998, 662104)
(660381, 0, 1723, 662104)
(661106, 0, 998, 662104)
(660381, 0, 1723, 662104)
(661106, 0, 998, 662104)
(660395, 0, 1709, 662104)
(661106, 0, 998, 662104)
(660381, 0, 1723, 662104)
(661106, 0, 998, 662104)
(660381, 0, 1723, 662104)
(661106, 0, 998, 662104)
(660395, 0, 1709, 662104)
(661106, 0, 998, 662104)
(660395, 0, 1709, 662104)
(661106, 0, 998, 662104)
(661481, 0, 623, 662104)
(660770, 0, 1334, 662104)
(661481, 0, 623, 662104)
(661106, 0, 998, 662104)
(660381, 0, 1723, 662104)
(661106, 0, 998, 662104)
(660381, 0, 1723, 662104)
(661106, 0, 998, 662104)
(660395, 0, 1709, 662104)
(661106, 0, 998, 662104)
(660381, 0, 1723, 662104)
(661106, 0, 998, 662104)
(660381, 0, 1723, 662104)
(661106, 0, 998, 662104)
(660381, 0, 1723, 662104)
(661106, 0, 998, 662104)
(660381, 0, 1723, 662104)
(661106, 0, 998, 662104)
(660395, 0, 1709, 662104)
(661106, 0, 998, 662104)
(660381, 0, 1723, 662104)
(661106, 0, 998, 662104)
(660395, 0, 1709, 662104)
(661106, 0, 998, 662104)
(661729, 0, 375, 662104)
(661004, 0, 1100, 662104)
(661729, 0, 375, 662104)
(661018, 0, 1086, 662104)
(661729, 0, 375, 662104)
(661106, 0, 998, 662104)
(661481, 0, 623, 662104)
(660756, 0, 1348, 662104)
(661481, 0, 623, 662104)
(660756, 0, 1348, 662104)
(661481, 0, 623, 662104)
(661106, 0, 998, 662104)
(660395, 0, 1709, 662104)
(661106, 0, 998, 662104)
(660381, 0, 1723, 662104)
(661106, 0, 998, 662104)
(660381, 0, 1723, 662104)
(661106, 0, 998, 662104)
(660381, 0, 1723, 662104)
(661106, 0, 998, 662104)
(661729, 0, 375, 662104)
(661018, 0, 1086, 662104)
(661729, 0, 375, 662104)
(661106, 0, 998, 662104)
(661729, 0, 375, 662104)
(662104, 0, 0, 662104)
(661481, 0, 623, 662104)
(660770, 0, 1334, 662104)
(661481, 0, 623, 662104)
(660713, 0, 1391, 662104)
(659988, 0, 2116, 662104)
(660713, 0, 1391, 662104)
(660338, 0, 1766, 662104)
(659613, 0, 2491, 662104)
(660338, 0, 1766, 662104)
(660961, 0, 1143, 662104)
(660250, 0, 1854, 662104)
(660961, 0, 1143, 662104)
(660236, 0, 1868, 662104)
(660961, 0, 1143, 662104)
(660236, 0, 1868, 662104)
(660961, 0, 1143, 662104)
(660250, 0, 1854, 662104)
(660961, 0, 1143, 662104)
(660250, 0, 1854, 662104)
(660961, 0, 1143, 662104)
(660236, 0, 1868, 662104)
(660961, 0, 1143, 662104)
(660236, 0, 1868, 662104)
(660961, 0, 1143, 662104)
(660338, 0, 1766, 662104)
(660713, 0, 1391, 662104)
(659988, 0, 2116, 662104)
(660713, 0, 1391, 662104)
(660002, 0, 2102, 662104)
(660713, 0, 1391, 662104)
(660002, 0, 2102, 662104)
(660713, 0, 1391, 662104)
(659988, 0, 2116, 662104)
(660713, 0, 1391, 662104)
(661336, 0, 768, 662104)
(660611, 0, 1493, 662104)
(661336, 0, 768, 662104)
(660611, 0, 1493, 662104)
(661336, 0, 768, 662104)
(660906, 0, 1198, 662104)
(660181, 0, 1923, 662104)
(660906, 0, 1198, 662104)
(660195, 0, 1909, 662104)
(660906, 0, 1198, 662104)
(660195, 0, 1909, 662104)
(660906, 0, 1198, 662104)
(660283, 0, 1821, 662104)
(659558, 0, 2546, 662104)
(660283, 0, 1821, 662104)
(659558, 0, 2546, 662104)
(660283, 0, 1821, 662104)
(659558, 0, 2546, 662104)
(660283, 0, 1821, 662104)
(659572, 0, 2532, 662104)
(660283, 0, 1821, 662104)
(660713, 0, 1391, 662104)
(659988, 0, 2116, 662104)
(660713, 0, 1391, 662104)
(660338, 0, 1766, 662104)
(659613, 0, 2491, 662104)
(660338, 0, 1766, 662104)
(659613, 0, 2491, 662104)
(660338, 0, 1766, 662104)
(659627, 0, 2477, 662104)
(660338, 0, 1766, 662104)
(659613, 0, 2491, 662104)
(660338, 0, 1766, 662104)
(659627, 0, 2477, 662104)
(660338, 0, 1766, 662104)
(659613, 0, 2491, 662104)
(660338, 0, 1766, 662104)
(660961, 0, 1143, 662104)
(660236, 0, 1868, 662104)
(660961, 0, 1143, 662104)
(661336, 0, 768, 662104)
(660611, 0, 1493, 662104)
(661336, 0, 768, 662104)
(660611, 0, 1493, 662104)
(661336, 0, 768, 662104)
(660611, 0, 1493, 662104)
(661336, 0, 768, 662104)
(660625, 0, 1479, 662104)
(661336, 0, 768, 662104)
(660713, 0, 1391, 662104)
(659988, 0, 2116, 662104)
(660713, 0, 1391, 662104)
(659988, 0, 2116, 662104)
(660713, 0, 1391, 662104)
(659988, 0, 2116, 662104)
(660713, 0, 1391, 662104)
(661336, 0, 768, 662104)
(660625, 0, 1479, 662104)
(661336, 0, 768, 662104)
(660625, 0, 1479, 662104)
(661336, 0, 768, 662104)
(660611, 0, 1493, 662104)
(661336, 0, 768, 662104)
(660625, 0, 1479, 662104)
(661336, 0, 768, 662104)
(660713, 0, 1391, 662104)
(659988, 0, 2116, 662104)
(660713, 0, 1391, 662104)
(661336, 0, 768, 662104)
(660611, 0, 1493, 662104)
(661336, 0, 768, 662104)
(660625, 0, 1479, 662104)
(661336, 0, 768, 662104)
(660611, 0, 1493, 662104)
(661336, 0, 768, 662104)
(660625, 0, 1479, 662104)
(661336, 0, 768, 662104)
(660611, 0, 1493, 662104)
(661336, 0, 768, 662104)
(660611, 0, 1493, 662104)
(661336, 0, 768, 662104)
(660625, 0, 1479, 662104)
(661336, 0, 768, 662104)
(660713, 0, 1391, 662104)
(661336, 0, 768, 662104)
(660611, 0, 1493, 662104)
(661336, 0, 768, 662104)
(660611, 0, 1493, 662104)
(661336, 0, 768, 662104)
(660611, 0, 1493, 662104)
(661336, 0, 768, 662104)
(660611, 0, 1493, 662104)
(661336, 0, 768, 662104)
(660611, 0, 1493, 662104)
(661336, 0, 768, 662104)
(660611, 0, 1493, 662104)
(661336, 0, 768, 662104)
(660713, 0, 1391, 662104)
(659988, 0, 2116, 662104)
(660713, 0, 1391, 662104)
(660002, 0, 2102, 662104)
(660713, 0, 1391, 662104)
(659988, 0, 2116, 662104)
(660713, 0, 1391, 662104)
(659988, 0, 2116, 662104)
(660713, 0, 1391, 662104)
(659988, 0, 2116, 662104)
(660713, 0, 1391, 662104)
(659988, 0, 2116, 662104)
(660713, 0, 1391, 662104)
(660002, 0, 2102, 662104)
(660713, 0, 1391, 662104)
(659988, 0, 2116, 662104)
(660713, 0, 1391, 662104)
(660002, 0, 2102, 662104)
(660713, 0, 1391, 662104)
(659988, 0, 2116, 662104)
(660713, 0, 1391, 662104)
(661336, 0, 768, 662104)
(660611, 0, 1493, 662104)
(661336, 0, 768, 662104)
(660611, 0, 1493, 662104)
(661336, 0, 768, 662104)
(660611, 0, 1493, 662104)
(661336, 0, 768, 662104)
(660611, 0, 1493, 662104)
(661336, 0, 768, 662104)
(660611, 0, 1493, 662104)
(661336, 0, 768, 662104)
(660611, 0, 1493, 662104)
(661336, 0, 768, 662104)
(662104, 0, 0, 662104)
(661393, 0, 711, 662104)
(662104, 0, 0, 662104)
(661393, 0, 711, 662104)
(662104, 0, 0, 662104)
(661379, 0, 725, 662104)
(662104, 0, 0, 662104)
(661379, 0, 725, 662104)
(662104, 0, 0, 662104)
(661393, 0, 711, 662104)
(662104, 0, 0, 662104)
(661379, 0, 725, 662104)
(662104, 0, 0, 662104)
(661379, 0, 725, 662104)
(662104, 0, 0, 662104)
(661379, 0, 725, 662104)
(662104, 0, 0, 662104)
(661379, 0, 725, 662104)
(662104, 0, 0, 662104)
(661393, 0, 711, 662104)
(662104, 0, 0, 662104)
(661674, 0, 430, 662104)
(660949, 0, 1155, 662104)
(661674, 0, 430, 662104)
(660949, 0, 1155, 662104)
(661674, 0, 430, 662104)
(660949, 0, 1155, 662104)
(661674, 0, 430, 662104)
(660949, 0, 1155, 662104)
(661674, 0, 430, 662104)
(660949, 0, 1155, 662104)
(661674, 0, 430, 662104)
(661051, 0, 1053, 662104)
(660326, 0, 1778, 662104)
(661051, 0, 1053, 662104)
(661481, 0, 623, 662104)
(661106, 0, 998, 662104)
(660381, 0, 1723, 662104)
(661106, 0, 998, 662104)
(661481, 0, 623, 662104)
(660756, 0, 1348, 662104)
(661481, 0, 623, 662104)
(660756, 0, 1348, 662104)
(661481, 0, 623, 662104)
(660770, 0, 1334, 662104)
(661481, 0, 623, 662104)
(662104, 0, 0, 662104)
(661379, 0, 725, 662104)
(662104, 0, 0, 662104)
(661379, 0, 725, 662104)
(662104, 0, 0, 662104)
(661331, 0, 773, 662104)
(660708, 0, 1396, 662104)
(660278, 0, 1826, 662104)
(659553, 0, 2551, 662104)
(660278, 0, 1826, 662104)
(659553, 0, 2551, 662104)
(660278, 0, 1826, 662104)
(659553, 0, 2551, 662104)
(660278, 0, 1826, 662104)
(659567, 0, 2537, 662104)
(660278, 0, 1826, 662104)
(660901, 0, 1203, 662104)
(660278, 0, 1826, 662104)
(659553, 0, 2551, 662104)
(660278, 0, 1826, 662104)
(659553, 0, 2551, 662104)
(660278, 0, 1826, 662104)
(659567, 0, 2537, 662104)
(660278, 0, 1826, 662104)
(660901, 0, 1203, 662104)
(660190, 0, 1914, 662104)
(660901, 0, 1203, 662104)
(660278, 0, 1826, 662104)
(659553, 0, 2551, 662104)
(660278, 0, 1826, 662104)
(659567, 0, 2537, 662104)
(660278, 0, 1826, 662104)
(659553, 0, 2551, 662104)
(660278, 0, 1826, 662104)
(659553, 0, 2551, 662104)
(660278, 0, 1826, 662104)
(660708, 0, 1396, 662104)
(659983, 0, 2121, 662104)
(660708, 0, 1396, 662104)
(659983, 0, 2121, 662104)
(660708, 0, 1396, 662104)
(659983, 0, 2121, 662104)
(660708, 0, 1396, 662104)
(659997, 0, 2107, 662104)
(660708, 0, 1396, 662104)
(661331, 0, 773, 662104)
(660606, 0, 1498, 662104)
(661331, 0, 773, 662104)
(660606, 0, 1498, 662104)
(661331, 0, 773, 662104)
(660708, 0, 1396, 662104)
(659983, 0, 2121, 662104)
(660708, 0, 1396, 662104)
(659997, 0, 2107, 662104)
(660708, 0, 1396, 662104)
(659983, 0, 2121, 662104)
(660708, 0, 1396, 662104)
(659997, 0, 2107, 662104)
(660708, 0, 1396, 662104)
(659983, 0, 2121, 662104)
(660708, 0, 1396, 662104)
(661331, 0, 773, 662104)
(660606, 0, 1498, 662104)
(661331, 0, 773, 662104)
(660708, 0, 1396, 662104)
(659978, 0, 2126, 662104)
(659253, 0, 2851, 662104)
(659978, 0, 2126, 662104)
(659267, 0, 2837, 662104)
(659978, 0, 2126, 662104)
(659267, 0, 2837, 662104)
(659978, 0, 2126, 662104)
(659253, 0, 2851, 662104)
(659978, 0, 2126, 662104)
(659603, 0, 2501, 662104)
(658892, 0, 3212, 662104)
(659603, 0, 2501, 662104)
(658878, 0, 3226, 662104)
(659603, 0, 2501, 662104)
(658892, 0, 3212, 662104)
(659603, 0, 2501, 662104)
(658878, 0, 3226, 662104)
(659603, 0, 2501, 662104)
(658892, 0, 3212, 662104)
(659603, 0, 2501, 662104)
(658892, 0, 3212, 662104)
(659603, 0, 2501, 662104)
(658892, 0, 3212, 662104)
(659603, 0, 2501, 662104)
(660226, 0, 1878, 662104)
(659501, 0, 2603, 662104)
(660226, 0, 1878, 662104)
(659515, 0, 2589, 662104)
(660226, 0, 1878, 662104)
(659501, 0, 2603, 662104)
(660226, 0, 1878, 662104)
(659501, 0, 2603, 662104)
(660226, 0, 1878, 662104)
(660601, 0, 1503, 662104)
(659890, 0, 2214, 662104)
(660601, 0, 1503, 662104)
(659978, 0, 2126, 662104)
(659253, 0, 2851, 662104)
(659978, 0, 2126, 662104)
(660601, 0, 1503, 662104)
(659876, 0, 2228, 662104)
(660601, 0, 1503, 662104)
(659890, 0, 2214, 662104)
(660601, 0, 1503, 662104)
(659876, 0, 2228, 662104)
(660601, 0, 1503, 662104)
(659876, 0, 2228, 662104)
(660601, 0, 1503, 662104)
(659876, 0, 2228, 662104)
(660601, 0, 1503, 662104)
(659890, 0, 2214, 662104)
(660601, 0, 1503, 662104)
(661331, 0, 773, 662104)
(660620, 0, 1484, 662104)
(661331, 0, 773, 662104)
(660606, 0, 1498, 662104)
(661331, 0, 773, 662104)
(660606, 0, 1498, 662104)
(661331, 0, 773, 662104)
(660901, 0, 1203, 662104)
(660176, 0, 1928, 662104)
(660901, 0, 1203, 662104)
(660176, 0, 1928, 662104)
(660901, 0, 1203, 662104)
(660176, 0, 1928, 662104)
(660901, 0, 1203, 662104)
(660176, 0, 1928, 662104)
(660901, 0, 1203, 662104)
(660190, 0, 1914, 662104)
(660901, 0, 1203, 662104)
(661331, 0, 773, 662104)
(660606, 0, 1498, 662104)
(661331, 0, 773, 662104)
(660606, 0, 1498, 662104)
(661331, 0, 773, 662104)
(660606, 0, 1498, 662104)
(661331, 0, 773, 662104)
(660620, 0, 1484, 662104)
(661331, 0, 773, 662104)
(660606, 0, 1498, 662104)
(661331, 0, 773, 662104)
(660708, 0, 1396, 662104)
(659983, 0, 2121, 662104)
(660708, 0, 1396, 662104)
(659997, 0, 2107, 662104)
(660708, 0, 1396, 662104)
(660333, 0, 1771, 662104)
(659608, 0, 2496, 662104)
(660333, 0, 1771, 662104)
(659622, 0, 2482, 662104)
(660333, 0, 1771, 662104)
(659622, 0, 2482, 662104)
(660333, 0, 1771, 662104)
(660708, 0, 1396, 662104)
(659997, 0, 2107, 662104)
(660708, 0, 1396, 662104)
(659983, 0, 2121, 662104)
(660708, 0, 1396, 662104)
(659978, 0, 2126, 662104)
(659253, 0, 2851, 662104)
(659978, 0, 2126, 662104)
(659253, 0, 2851, 662104)
(659978, 0, 2126, 662104)
(659267, 0, 2837, 662104)
(659978, 0, 2126, 662104)
(659253, 0, 2851, 662104)
(659978, 0, 2126, 662104)
(660708, 0, 1396, 662104)
(659983, 0, 2121, 662104)
(660708, 0, 1396, 662104)
(659997, 0, 2107, 662104)
(660708, 0, 1396, 662104)
(659983, 0, 2121, 662104)
(660708, 0, 1396, 662104)
(659983, 0, 2121, 662104)
(660708, 0, 1396, 662104)
(659983, 0, 2121, 662104)
(660708, 0, 1396, 662104)
(661331, 0, 773, 662104)
(660606, 0, 1498, 662104)
(661331, 0, 773, 662104)
(660708, 0, 1396, 662104)
(659983, 0, 2121, 662104)
(660708, 0, 1396, 662104)
(659940, 0, 2164, 662104)
(659565, 0, 2539, 662104)
