(662104, 0, 0, 662104)
(662104, 0, 0, 662104)
(660752, 0, 0, 660752)
(660154, 0, 0, 660154)
(658922, 0, 0, 658922)
(658922, 0, 0, 658922)
(658058, 0, 0, 658058)
(656874, 0, 0, 656874)
(656674, 0, 0, 656674)
(655142, 0, 0, 655142)
(656918, 0, 5278, 662196)
(655535, 0, 5863, 661398)
(654789, 0, 5863, 660652)
(653879, 0, 5863, 659742)
(659162, 0, 0, 659162)
(658298, 0, 0, 658298)
(657151, 0, 0, 657151)
(656400, 0, 0, 656400)
(655281, 936, 0, 656217)
(655158, 0, 0, 655158)
(654974, 0, 9338, 664312)
(653934, 0, 9338, 663272)
(651613, 0, 9338, 660951)
(649125, 1872, 9338, 660335)
(648257, 0, 9338, 657595)
(645662, 0, 9338, 655000)
(645662, 0, 9338, 655000)
(645483, 0, 9338, 654821)
(645483, 0, 9338, 654821)
(644107, 0, 9338, 653445)
(652224, 0, 19278, 671502)
(651535, 0, 19278, 670813)
(650574, 0, 19278, 669852)
(650247, 0, 19278, 669525)
(649021, 0, 19278, 668299)
(648987, 0, 19278, 668265)
(646523, 0, 19278, 665801)
(645717, 0, 19278, 664995)
(645717, 0, 19278, 664995)
(645717, 0, 19278, 664995)
(648339, 0, 25950, 674289)
(646526, 1265, 25950, 673741)
(646068, 1265, 25950, 673283)
(645327, 1265, 25950, 672542)
(659884, 0, 0, 659884)
(659795, 0, 0, 659795)
(658520, 0, 0, 658520)
(658378, 0, 0, 658378)
(657451, 0, 0, 657451)
(656706, 0, 0, 656706)
(658621, 0, 7419, 666040)
(658621, 0, 7419, 666040)
(658076, 0, 7419, 665495)
(657676, 0, 7419, 665095)
(656973, 0, 7419, 664392)
(656910, 0, 7419, 664329)
(656071, 0, 7419, 663490)
(655563, 0, 7419, 662982)
(652788, 1750, 7419, 661957)
(659791, 0, 0, 659791)
(660462, 0, 2016, 662478)
(658889, 1398, 2016, 662303)
(658852, 1398, 2016, 662266)
(657019, 1398, 2016, 660433)
(656982, 1398, 2016, 660396)
(655430, 1398, 2016, 658844)
(654807, 1398, 2016, 658221)
(654336, 1398, 2016, 657750)
(652696, 1398, 2016, 656110)
(652256, 1398, 2016, 655670)
(656004, 1398, 13521, 670923)
(655207, 1398, 13521, 670126)
(652022, 1398, 15147, 668567)
(650235, 1398, 15147, 666780)
(658929, 0, 0, 658929)
(658929, 0, 0, 658929)
(658770, 0, 0, 658770)
(658587, 0, 0, 658587)
(657713, 0, 0, 657713)
(656635, 0, 0, 656635)
(656469, 0, 10776, 667245)
(656469, 0, 10776, 667245)
(656306, 0, 10776, 667082)
(656009, 0, 10776, 666785)
(655815, 0, 10776, 666591)
(655479, 0, 10776, 666255)
(655207, 0, 10776, 665983)
(654871, 0, 10776, 665647)
(653843, 0, 10776, 664619)
(661796, 0, 0, 661796)
(660940, 0, 0, 660940)
(660940, 0, 0, 660940)
(660808, 0, 0, 660808)
(659800, 0, 0, 659800)
(659556, 0, 0, 659556)
(658278, 0, 0, 658278)
(655110, 0, 0, 655110)
(654013, 0, 0, 654013)
(654013, 0, 0, 654013)
(650869, 0, 0, 650869)
(657181, 0, 4769, 661950)
(657217, 0, 4041, 661258)
(654532, 1872, 4769, 661173)
(653607, 0, 4041, 657648)
(653607, 0, 4041, 657648)
(652042, 0, 4041, 656083)
(652042, 0, 4041, 656083)
(650477, 0, 4041, 654518)
(650102, 0, 4041, 654143)
(649038, 0, 4041, 653079)
(654414, 0, 9243, 663657)
(649961, 4340, 9243, 663544)
(652649, 0, 9243, 661892)
(651469, 0, 9243, 660712)
(646609, 4225, 9243, 660077)
(646609, 4225, 9243, 660077)
(645238, 4225, 9243, 658706)
(643778, 4225, 9243, 657246)
(643778, 4225, 9243, 657246)
(642586, 4225, 9243, 656054)
(647945, 6236, 18429, 672610)
(646489, 7111, 18429, 672029)
(645192, 7111, 18429, 670732)
(644295, 7111, 18429, 669835)
(644295, 7111, 18429, 669835)
(643712, 7111, 18429, 669252)
(643629, 7111, 18429, 669169)
(642291, 7111, 18429, 667831)
(641913, 7111, 18429, 667453)
(641259, 7111, 18429, 666799)
(644258, 7986, 25207, 677451)
(644258, 7986, 25207, 677451)
(642535, 7986, 25207, 675728)
(641837, 7986, 25207, 675030)
(660781, 0, 0, 660781)
(660781, 0, 0, 660781)
(659690, 0, 0, 659690)
(659690, 0, 0, 659690)
(657671, 0, 0, 657671)
(657196, 0, 0, 657196)
(660226, 0, 2599, 662825)
(659644, 0, 2599, 662243)
(659214, 0, 2599, 661813)
(658286, 0, 2599, 660885)
(658286, 0, 2599, 660885)
(657070, 0, 2599, 659669)
(656178, 0, 2599, 658777)
(655633, 0, 2599, 658232)
(655633, 0, 2599, 658232)
(655253, 0, 2599, 657852)
(657469, 0, 8288, 665757)
(657160, 0, 8288, 665448)
(655828, 0, 8288, 664116)
(654896, 0, 8288, 663184)
(654873, 0, 8288, 663161)
(652981, 0, 8288, 661269)
(652981, 0, 8288, 661269)
(652981, 0, 8288, 661269)
(651766, 0, 8288, 660054)
(650782, 0, 8288, 659070)
(654259, 0, 12748, 667007)
(653876, 0, 12748, 666624)
(653466, 0, 12748, 666214)
(653466, 0, 12748, 666214)
(661447, 0, 0, 661447)
(660352, 0, 0, 660352)
(659695, 0, 0, 659695)
(659695, 0, 0, 659695)
(659082, 0, 0, 659082)
(657812, 0, 0, 657812)
(658736, 0, 2117, 660853)
(658651, 0, 2053, 660704)
(657678, 0, 2053, 659731)
(652680, 3774, 2117, 658571)
(648724, 5691, 2117, 656532)
(649439, 3774, 2117, 655330)
(649439, 3774, 2117, 655330)
(648607, 3774, 2117, 654498)
(648607, 3774, 2117, 654498)
(648593, 3774, 2117, 654484)
(655906, 4628, 11359, 671893)
(652895, 4628, 11359, 668882)
(652895, 4628, 11359, 668882)
(651711, 4628, 11359, 667698)
(650335, 4628, 11359, 666322)
(650335, 4628, 11359, 666322)
(649524, 4628, 11359, 665511)
(649509, 4628, 11359, 665496)
(648985, 4628, 11359, 664972)
(648985, 4628, 11359, 664972)
(652472, 4628, 16695, 673795)
(650672, 4628, 16695, 671995)
(650672, 4628, 16695, 671995)
(649271, 4628, 16695, 670594)
(661131, 0, 0, 661131)
(660382, 0, 0, 660382)
(660037, 0, 0, 660037)
(662104, 0, 0, 662104)
