(765916, 0, 429, 766345)
(765487, 0, 858, 766345)
(765916, 0, 429, 766345)
(766345, 0, 0, 766345)
(765916, 0, 429, 766345)
(765487, 0, 858, 766345)
(765916, 0, 429, 766345)
(766345, 0, 0, 766345)
(765916, 0, 429, 766345)
(766345, 0, 0, 766345)
(765916, 0, 429, 766345)
(766345, 0, 0, 766345)
(766291, 0, 54, 766345)
(766345, 0, 0, 766345)
(766291, 0, 54, 766345)
(766345, 0, 0, 766345)
(765916, 0, 429, 766345)
(765487, 0, 858, 766345)
(765916, 0, 429, 766345)
(766345, 0, 0, 766345)
(766390, 0, 54, 766444)
(766444, 0, 0, 766444)
(766390, 0, 54, 766444)
(765961, 0, 483, 766444)
(765532, 0, 912, 766444)
(765961, 0, 483, 766444)
(765532, 0, 912, 766444)
(765961, 0, 483, 766444)
(766390, 0, 54, 766444)
(766336, 0, 108, 766444)
(766390, 0, 54, 766444)
(766336, 0, 108, 766444)
(765907, 0, 537, 766444)
(766336, 0, 108, 766444)
(765907, 0, 537, 766444)
(765478, 0, 966, 766444)
(765907, 0, 537, 766444)
(765478, 0, 966, 766444)
(765907, 0, 537, 766444)
(765478, 0, 966, 766444)
(765532, 0, 912, 766444)
(765961, 0, 483, 766444)
(766390, 0, 54, 766444)
(766336, 0, 108, 766444)
(766390, 0, 54, 766444)
(766336, 0, 108, 766444)
(766390, 0, 54, 766444)
(765961, 0, 483, 766444)
(766390, 0, 54, 766444)
(765961, 0, 483, 766444)
(765532, 0, 912, 766444)
(765961, 0, 483, 766444)
(765532, 0, 912, 766444)
(765961, 0, 483, 766444)
(765532, 0, 912, 766444)
(765586, 0, 858, 766444)
(765541, 0, 903, 766444)
(765586, 0, 858, 766444)
(766015, 0, 429, 766444)
(765586, 0, 858, 766444)
(765541, 0, 903, 766444)
(765487, 0, 858, 766345)
(765916, 0, 429, 766345)
(765487, 0, 858, 766345)
(765433, 0, 912, 766345)
(765487, 0, 858, 766345)
(765433, 0, 912, 766345)
(765862, 0, 483, 766345)
(766291, 0, 54, 766345)
(765862, 0, 483, 766345)
(766291, 0, 54, 766345)
(766345, 0, 0, 766345)
(765916, 0, 429, 766345)
(765487, 0, 858, 766345)
(765433, 0, 912, 766345)
(765862, 0, 483, 766345)
(765433, 0, 912, 766345)
(765862, 0, 483, 766345)
(766291, 0, 54, 766345)
(765862, 0, 483, 766345)
(765433, 0, 912, 766345)
(765487, 0, 858, 766345)
(765916, 0, 429, 766345)
(766345, 0, 0, 766345)
(765916, 0, 429, 766345)
(766345, 0, 0, 766345)
(766304, 0, 41, 766345)
(765875, 0, 470, 766345)
(766304, 0, 41, 766345)
(766259, 0, 86, 766345)
(765830, 0, 515, 766345)
(765401, 0, 944, 766345)
(765446, 0, 899, 766345)
(765875, 0, 470, 766345)
(765446, 0, 899, 766345)
(765875, 0, 470, 766345)
(766304, 0, 41, 766345)
(766250, 0, 95, 766345)
(766304, 0, 41, 766345)
(766259, 0, 86, 766345)
(765830, 0, 515, 766345)
(765401, 0, 944, 766345)
(765830, 0, 515, 766345)
(766259, 0, 86, 766345)
(765830, 0, 515, 766345)
(766259, 0, 86, 766345)
(765830, 0, 515, 766345)
(765401, 0, 944, 766345)
(765446, 0, 899, 766345)
(765875, 0, 470, 766345)
(765446, 0, 899, 766345)
(765875, 0, 470, 766345)
(765446, 0, 899, 766345)
(765392, 0, 953, 766345)
(765446, 0, 899, 766345)
(765195, 0, 1150, 766345)
(765624, 0, 721, 766345)
(765195, 0, 1150, 766345)
(765141, 0, 1204, 766345)
(765195, 0, 1150, 766345)
(765141, 0, 1204, 766345)
(765195, 0, 1150, 766345)
(765141, 0, 1204, 766345)
(765195, 0, 1150, 766345)
(765624, 0, 721, 766345)
(765195, 0, 1150, 766345)
(765446, 0, 899, 766345)
(765392, 0, 953, 766345)
(765446, 0, 899, 766345)
(765392, 0, 953, 766345)
(765446, 0, 899, 766345)
(765392, 0, 953, 766345)
(765446, 0, 899, 766345)
(765392, 0, 953, 766345)
(765821, 0, 524, 766345)
(765392, 0, 953, 766345)
(765821, 0, 524, 766345)
(766250, 0, 95, 766345)
(766304, 0, 41, 766345)
(766259, 0, 86, 766345)
(766304, 0, 41, 766345)
(766250, 0, 95, 766345)
(766304, 0, 41, 766345)
(765875, 0, 470, 766345)
(766304, 0, 41, 766345)
(766345, 0, 0, 766345)
(765916, 0, 429, 766345)
(766345, 0, 0, 766345)
(766094, 0, 251, 766345)
(765665, 0, 680, 766345)
(766094, 0, 251, 766345)
(765665, 0, 680, 766345)
(766094, 0, 251, 766345)
(765665, 0, 680, 766345)
(765236, 0, 1109, 766345)
(765191, 0, 1154, 766345)
(765236, 0, 1109, 766345)
(765665, 0, 680, 766345)
(766094, 0, 251, 766345)
(765665, 0, 680, 766345)
(765236, 0, 1109, 766345)
(765665, 0, 680, 766345)
(765236, 0, 1109, 766345)
(765487, 0, 858, 766345)
(765916, 0, 429, 766345)
(765487, 0, 858, 766345)
(765916, 0, 429, 766345)
(765487, 0, 858, 766345)
(765236, 0, 1109, 766345)
(765182, 0, 1163, 766345)
(765611, 0, 734, 766345)
(766040, 0, 305, 766345)
(765611, 0, 734, 766345)
(765182, 0, 1163, 766345)
(765611, 0, 734, 766345)
(766040, 0, 305, 766345)
(765611, 0, 734, 766345)
(766040, 0, 305, 766345)
(766094, 0, 251, 766345)
(766040, 0, 305, 766345)
(766094, 0, 251, 766345)
(765665, 0, 680, 766345)
(766094, 0, 251, 766345)
(765665, 0, 680, 766345)
(765236, 0, 1109, 766345)
(765191, 0, 1154, 766345)
(765620, 0, 725, 766345)
(766049, 0, 296, 766345)
(766094, 0, 251, 766345)
(765665, 0, 680, 766345)
(766094, 0, 251, 766345)
(766049, 0, 296, 766345)
(766094, 0, 251, 766345)
(765665, 0, 680, 766345)
(765236, 0, 1109, 766345)
(765665, 0, 680, 766345)
(766094, 0, 251, 766345)
(766040, 0, 305, 766345)
(766094, 0, 251, 766345)
(766040, 0, 305, 766345)
(766094, 0, 251, 766345)
(766345, 0, 0, 766345)
(766344, 0, 1, 766345)
(766290, 0, 55, 766345)
(765861, 0, 484, 766345)
(766290, 0, 55, 766345)
(766344, 0, 1, 766345)
(765915, 0, 430, 766345)
(765486, 0, 859, 766345)
(765915, 0, 430, 766345)
(765486, 0, 859, 766345)
(765432, 0, 913, 766345)
(765861, 0, 484, 766345)
(765432, 0, 913, 766345)
(765861, 0, 484, 766345)
(765432, 0, 913, 766345)
(765486, 0, 859, 766345)
(765441, 0, 904, 766345)
(765486, 0, 859, 766345)
(765441, 0, 904, 766345)
(765870, 0, 475, 766345)
(765441, 0, 904, 766345)
(765486, 0, 859, 766345)
(765915, 0, 430, 766345)
(765486, 0, 859, 766345)
(765487, 0, 858, 766345)
(765916, 0, 429, 766345)
(766345, 0, 0, 766345)
(765916, 0, 429, 766345)
(765487, 0, 858, 766345)
(765433, 0, 912, 766345)
(765862, 0, 483, 766345)
(766291, 0, 54, 766345)
(766345, 0, 0, 766345)
(766399, 0, 45, 766444)
(765970, 0, 474, 766444)
(765541, 0, 903, 766444)
(765970, 0, 474, 766444)
(765541, 0, 903, 766444)
(765487, 0, 858, 766345)
(765916, 0, 429, 766345)
(766345, 0, 0, 766345)
(765916, 0, 429, 766345)
(766345, 0, 0, 766345)
(765916, 0, 429, 766345)
(766345, 0, 0, 766345)
(766291, 0, 54, 766345)
(765862, 0, 483, 766345)
(765433, 0, 912, 766345)
(765862, 0, 483, 766345)
(765433, 0, 912, 766345)
(765487, 0, 858, 766345)
(765541, 0, 903, 766444)
(765970, 0, 474, 766444)
(766399, 0, 45, 766444)
(766345, 0, 0, 766345)
(765916, 0, 429, 766345)
(765487, 0, 858, 766345)
(765916, 0, 429, 766345)
(766345, 0, 0, 766345)
(765916, 0, 429, 766345)
(765487, 0, 858, 766345)
(765486, 0, 859, 766345)
(765540, 0, 904, 766444)
(765969, 0, 475, 766444)
(766398, 0, 46, 766444)
(766353, 0, 91, 766444)
(765924, 0, 520, 766444)
(765495, 0, 949, 766444)
(765540, 0, 904, 766444)
(765969, 0, 475, 766444)
(766398, 0, 46, 766444)
(765969, 0, 475, 766444)
(765540, 0, 904, 766444)
(765486, 0, 859, 766345)
(765432, 0, 913, 766345)
(765861, 0, 484, 766345)
(766290, 0, 55, 766345)
(766344, 0, 1, 766345)
(766299, 0, 46, 766345)
(765870, 0, 475, 766345)
(765441, 0, 904, 766345)
(765486, 0, 859, 766345)
(765540, 0, 904, 766444)
(765594, 0, 949, 766543)
(766023, 0, 520, 766543)
(765594, 0, 949, 766543)
(766023, 0, 520, 766543)
(766452, 0, 91, 766543)
(766023, 0, 520, 766543)
(765594, 0, 949, 766543)
(766023, 0, 520, 766543)
(765594, 0, 949, 766543)
(765540, 0, 904, 766444)
(765486, 0, 859, 766345)
(765915, 0, 430, 766345)
(765486, 0, 859, 766345)
(765432, 0, 913, 766345)
(765861, 0, 484, 766345)
(766290, 0, 55, 766345)
(766344, 0, 1, 766345)
(766290, 0, 55, 766345)
(766344, 0, 1, 766345)
(766290, 0, 55, 766345)
(765861, 0, 484, 766345)
(765432, 0, 913, 766345)
(765861, 0, 484, 766345)
(765432, 0, 913, 766345)
(765861, 0, 484, 766345)
(766290, 0, 55, 766345)
(766344, 0, 1, 766345)
(766290, 0, 55, 766345)
(766344, 0, 1, 766345)
(765915, 0, 430, 766345)
(765486, 0, 859, 766345)
(765915, 0, 430, 766345)
(766344, 0, 1, 766345)
(765915, 0, 430, 766345)
(766344, 0, 1, 766345)
(766299, 0, 46, 766345)
(765870, 0, 475, 766345)
(766299, 0, 46, 766345)
(766344, 0, 1, 766345)
(766299, 0, 46, 766345)
(765870, 0, 475, 766345)
(766299, 0, 46, 766345)
(766344, 0, 1, 766345)
(766290, 0, 55, 766345)
(766344, 0, 1, 766345)
(766290, 0, 55, 766345)
(766344, 0, 1, 766345)
(765915, 0, 430, 766345)
(765486, 0, 859, 766345)
(765915, 0, 430, 766345)
(765486, 0, 859, 766345)
(765915, 0, 430, 766345)
(765486, 0, 859, 766345)
(765915, 0, 430, 766345)
(766344, 0, 1, 766345)
(765915, 0, 430, 766345)
(765486, 0, 859, 766345)
(765441, 0, 904, 766345)
(765870, 0, 475, 766345)
(765441, 0, 904, 766345)
(765486, 0, 859, 766345)
(765915, 0, 430, 766345)
(766344, 0, 1, 766345)
(766290, 0, 55, 766345)
(765861, 0, 484, 766345)
(765432, 0, 913, 766345)
(765486, 0, 859, 766345)
(765915, 0, 430, 766345)
(765486, 0, 859, 766345)
(765915, 0, 430, 766345)
(765486, 0, 859, 766345)
(765432, 0, 913, 766345)
(765861, 0, 484, 766345)
(765432, 0, 913, 766345)
(765486, 0, 859, 766345)
(765432, 0, 913, 766345)
(765486, 0, 859, 766345)
(765915, 0, 430, 766345)
(766344, 0, 1, 766345)
(766290, 0, 55, 766345)
(766344, 0, 1, 766345)
(765915, 0, 430, 766345)
(766344, 0, 1, 766345)
(765915, 0, 430, 766345)
(766344, 0, 1, 766345)
(765915, 0, 430, 766345)
(765486, 0, 859, 766345)
(765915, 0, 430, 766345)
(766344, 0, 1, 766345)
(765915, 0, 430, 766345)
(765486, 0, 859, 766345)
(765915, 0, 430, 766345)
(765486, 0, 859, 766345)
(765915, 0, 430, 766345)
(765486, 0, 859, 766345)
(765441, 0, 904, 766345)
(765486, 0, 859, 766345)
(765432, 0, 913, 766345)
(765861, 0, 484, 766345)
(766290, 0, 55, 766345)
(766344, 0, 1, 766345)
(765915, 0, 430, 766345)
(766344, 0, 1, 766345)
(766299, 0, 46, 766345)
(765870, 0, 475, 766345)
(766299, 0, 46, 766345)
(766344, 0, 1, 766345)
(766299, 0, 46, 766345)
(765870, 0, 475, 766345)
(765441, 0, 904, 766345)
(765486, 0, 859, 766345)
(765432, 0, 913, 766345)
(765861, 0, 484, 766345)
(766290, 0, 55, 766345)
(766344, 0, 1, 766345)
(766290, 0, 55, 766345)
(765861, 0, 484, 766345)
(766290, 0, 55, 766345)
(765861, 0, 484, 766345)
(766290, 0, 55, 766345)
(766344, 0, 1, 766345)
(766299, 0, 46, 766345)
(766344, 0, 1, 766345)
(766290, 0, 55, 766345)
(765861, 0, 484, 766345)
(765432, 0, 913, 766345)
(765861, 0, 484, 766345)
(766290, 0, 55, 766345)
(766344, 0, 1, 766345)
(766299, 0, 46, 766345)
(766344, 0, 1, 766345)
(766093, 0, 252, 766345)
(765664, 0, 681, 766345)
(766093, 0, 252, 766345)
(766344, 0, 1, 766345)
(766290, 0, 55, 766345)
(765861, 0, 484, 766345)
(765432, 0, 913, 766345)
(765861, 0, 484, 766345)
(766290, 0, 55, 766345)
(766344, 0, 1, 766345)
(766299, 0, 46, 766345)
(765870, 0, 475, 766345)
(766299, 0, 46, 766345)
(765870, 0, 475, 766345)
(766299, 0, 46, 766345)
(765870, 0, 475, 766345)
(766299, 0, 46, 766345)
(765870, 0, 475, 766345)
(765441, 0, 904, 766345)
(765486, 0, 859, 766345)
(765915, 0, 430, 766345)
(765486, 0, 859, 766345)
(765915, 0, 430, 766345)
(765486, 0, 859, 766345)
(765915, 0, 430, 766345)
(765486, 0, 859, 766345)
(765915, 0, 430, 766345)
(766344, 0, 1, 766345)
(765915, 0, 430, 766345)
(766344, 0, 1, 766345)
(766299, 0, 46, 766345)
(766344, 0, 1, 766345)
(765915, 0, 430, 766345)
(766344, 0, 1, 766345)
(766299, 0, 46, 766345)
(765870, 0, 475, 766345)
(765441, 0, 904, 766345)
(765486, 0, 859, 766345)
(765915, 0, 430, 766345)
(765486, 0, 859, 766345)
(765915, 0, 430, 766345)
(766344, 0, 1, 766345)
(766290, 0, 55, 766345)
(765861, 0, 484, 766345)
(765432, 0, 913, 766345)
(765486, 0, 859, 766345)
(765432, 0, 913, 766345)
(765861, 0, 484, 766345)
(766290, 0, 55, 766345)
(765861, 0, 484, 766345)
(766290, 0, 55, 766345)
(766344, 0, 1, 766345)
(766290, 0, 55, 766345)
(765861, 0, 484, 766345)
(765432, 0, 913, 766345)
(765486, 0, 859, 766345)
(765540, 0, 904, 766444)
(765969, 0, 475, 766444)
(766398, 0, 46, 766444)
(765969, 0, 475, 766444)
(766398, 0, 46, 766444)
(766353, 0, 91, 766444)
(765924, 0, 520, 766444)
(765495, 0, 949, 766444)
(765924, 0, 520, 766444)
(765495, 0, 949, 766444)
(765441, 0, 904, 766345)
(765870, 0, 475, 766345)
(766299, 0, 46, 766345)
(765870, 0, 475, 766345)
(765441, 0, 904, 766345)
(765486, 0, 859, 766345)
(765235, 0, 1110, 766345)
(765664, 0, 681, 766345)
(765235, 0, 1110, 766345)
(765280, 0, 1164, 766444)
(765709, 0, 735, 766444)
(766138, 0, 306, 766444)
(766192, 0, 252, 766444)
(766138, 0, 306, 766444)
(766084, 0, 360, 766444)
(766138, 0, 306, 766444)
(765709, 0, 735, 766444)
(766138, 0, 306, 766444)
(766084, 0, 360, 766444)
(765655, 0, 789, 766444)
(765226, 0, 1218, 766444)
(765655, 0, 789, 766444)
(766084, 0, 360, 766444)
(766138, 0, 306, 766444)
(765709, 0, 735, 766444)
(765280, 0, 1164, 766444)
(765334, 0, 1110, 766444)
(765585, 0, 859, 766444)
(765531, 0, 913, 766444)
(765585, 0, 859, 766444)
(766014, 0, 430, 766444)
(765585, 0, 859, 766444)
(766014, 0, 430, 766444)
(766443, 0, 1, 766444)
(766389, 0, 55, 766444)
(765960, 0, 484, 766444)
(766389, 0, 55, 766444)
(766335, 0, 109, 766444)
(766389, 0, 55, 766444)
(765960, 0, 484, 766444)
(765531, 0, 913, 766444)
(765960, 0, 484, 766444)
(765531, 0, 913, 766444)
(765960, 0, 484, 766444)
(765531, 0, 913, 766444)
(765960, 0, 484, 766444)
(766389, 0, 55, 766444)
(766335, 0, 109, 766444)
(765906, 0, 538, 766444)
(765477, 0, 967, 766444)
(765906, 0, 538, 766444)
(766335, 0, 109, 766444)
(765906, 0, 538, 766444)
(766335, 0, 109, 766444)
(765906, 0, 538, 766444)
(766335, 0, 109, 766444)
(765906, 0, 538, 766444)
(765477, 0, 967, 766444)
(765531, 0, 913, 766444)
(765585, 0, 859, 766444)
(766014, 0, 430, 766444)
(766443, 0, 1, 766444)
(766014, 0, 430, 766444)
(766443, 0, 1, 766444)
(766444, 0, 0, 766444)
(766399, 0, 45, 766444)
(766354, 0, 90, 766444)
(765925, 0, 519, 766444)
(765496, 0, 948, 766444)
(765925, 0, 519, 766444)
(766354, 0, 90, 766444)
(766408, 0, 135, 766543)
(765979, 0, 564, 766543)
(765550, 0, 993, 766543)
(765979, 0, 564, 766543)
(765550, 0, 993, 766543)
(765979, 0, 564, 766543)
(766408, 0, 135, 766543)
(766453, 0, 90, 766543)
(766024, 0, 519, 766543)
(766453, 0, 90, 766543)
(766498, 0, 45, 766543)
(766069, 0, 474, 766543)
(765640, 0, 903, 766543)
(765685, 0, 858, 766543)
(765631, 0, 912, 766543)
(766060, 0, 483, 766543)
(766489, 0, 54, 766543)
(766060, 0, 483, 766543)
(765631, 0, 912, 766543)
(766060, 0, 483, 766543)
(765631, 0, 912, 766543)
(766060, 0, 483, 766543)
(766489, 0, 54, 766543)
(766060, 0, 483, 766543)
(765631, 0, 912, 766543)
(765577, 0, 966, 766543)
(765523, 0, 1020, 766543)
(765577, 0, 966, 766543)
(765631, 0, 912, 766543)
(765685, 0, 858, 766543)
(766114, 0, 429, 766543)
(766543, 0, 0, 766543)
(766114, 0, 429, 766543)
(765685, 0, 858, 766543)
(766114, 0, 429, 766543)
(766543, 0, 0, 766543)
(766114, 0, 429, 766543)
(766543, 0, 0, 766543)
(766114, 0, 429, 766543)
(766543, 0, 0, 766543)
(766114, 0, 429, 766543)
(765685, 0, 858, 766543)
(766114, 0, 429, 766543)
(766543, 0, 0, 766543)
(766292, 0, 251, 766543)
(766238, 0, 305, 766543)
(766184, 0, 359, 766543)
