(556613, 0, 0, 556613)
(555026, 0, 0, 555026)
(554735, 0, 0, 554735)
(553633, 0, 0, 553633)
(552049, 0, 0, 552049)
(551036, 0, 0, 551036)
(547456, 0, 0, 547456)
(545970, 0, 0, 545970)
(545949, 0, 0, 545949)
(544382, 0, 0, 544382)
(551921, 0, 7328, 559249)
(550949, 0, 7328, 558277)
(550776, 0, 7328, 558104)
(549900, 0, 7328, 557228)
(554602, 0, 0, 554602)
(553891, 0, 0, 553891)
(553654, 0, 0, 553654)
(551639, 0, 0, 551639)
(551639, 0, 0, 551639)
(551281, 0, 0, 551281)
(553023, 0, 3918, 556941)
(551511, 0, 3918, 555429)
(549956, 0, 3918, 553874)
(549770, 0, 3918, 553688)
(547425, 0, 3918, 551343)
(543988, 0, 3918, 547906)
(542296, 0, 3918, 546214)
(541399, 0, 3918, 545317)
(540977, 0, 3918, 544895)
(539021, 0, 3918, 542939)
(547608, 0, 13632, 561240)
(546129, 0, 13632, 559761)
(544136, 0, 13632, 557768)
(543930, 0, 13632, 557562)
(543049, 0, 13632, 556681)
(542283, 0, 13632, 555915)
(542283, 0, 13632, 555915)
(542283, 0, 13632, 555915)
(541377, 0, 13632, 555009)
(540595, 0, 13632, 554227)
(539951, 0, 22045, 561996)
(538651, 0, 22045, 560696)
(535033, 0, 22045, 557078)
(534487, 0, 22045, 556532)
(554167, 0, 0, 554167)
(554167, 0, 0, 554167)
(553480, 0, 0, 553480)
(551335, 0, 0, 551335)
(549247, 0, 0, 549247)
(547988, 0, 0, 547988)
(550050, 0, 7082, 557132)
(549320, 0, 7082, 556402)
(547831, 0, 7082, 554913)
(544392, 0, 7082, 551474)
(544178, 0, 7082, 551260)
(543156, 0, 7082, 550238)
(542616, 0, 7082, 549698)
(533980, 1619, 7082, 542681)
(533980, 1619, 7082, 542681)
(532799, 1619, 7082, 541500)
(543010, 3238, 15320, 561568)
(541201, 3238, 15320, 559759)
(538791, 4180, 15320, 558291)
(538948, 3238, 15320, 557506)
(537570, 4180, 15320, 557070)
(536169, 4180, 15320, 555669)
(534612, 4180, 15320, 554112)
(530219, 4180, 15320, 549719)
(530219, 4180, 15320, 549719)
(530219, 4180, 15320, 549719)
(534658, 5122, 30511, 570291)
(533606, 5122, 30511, 569239)
(532622, 5122, 30511, 568255)
(530886, 5122, 30511, 566519)
(548799, 1884, 0, 550683)
(548725, 1898, 0, 550623)
(543573, 3782, 0, 547355)
(540800, 5410, 0, 546210)
(540800, 5410, 0, 546210)
(539680, 5410, 0, 545090)
(541151, 8936, 21515, 571602)
(541357, 9772, 20203, 571332)
(541357, 9772, 20203, 571332)
(539277, 9772, 20203, 569252)
(539277, 9772, 20203, 569252)
(537073, 9772, 20203, 567048)
(533890, 9772, 20203, 563865)
(532217, 9772, 20203, 562192)
(530262, 9772, 20203, 560237)
(553614, 0, 0, 553614)
(554984, 0, 0, 554984)
(553057, 0, 0, 553057)
(551091, 0, 1370, 552461)
(549301, 0, 1370, 550671)
(548973, 0, 1370, 550343)
(547344, 0, 1370, 548714)
(546394, 0, 1370, 547764)
(545270, 0, 1370, 546640)
(544567, 0, 1370, 545937)
(542411, 0, 1370, 543781)
(539546, 1619, 11245, 552410)
(538882, 1619, 11245, 551746)
(538448, 1619, 11245, 551312)
(537356, 1619, 11245, 550220)
(536243, 1619, 11245, 549107)
(535156, 1619, 11245, 548020)
(532797, 2793, 11245, 546835)
(531729, 2793, 11245, 545767)
(530624, 2793, 11245, 544662)
(528923, 2793, 11245, 542961)
(537468, 5586, 23066, 566120)
(535501, 5586, 23066, 564153)
(534664, 5586, 23820, 564070)
(534747, 5586, 23066, 563399)
(533282, 5586, 23066, 561934)
(533269, 5586, 23066, 561921)
(532223, 5586, 23066, 560875)
(529053, 5586, 23066, 557705)
(526697, 5586, 23066, 555349)
(553181, 0, 0, 553181)
(551476, 0, 2162, 553638)
(548953, 2348, 2162, 553463)
(548717, 2348, 2162, 553227)
(548000, 2348, 2162, 552510)
(547496, 2348, 2162, 552006)
(547496, 2348, 2162, 552006)
(547070, 2348, 2162, 551580)
(546144, 2348, 2162, 550654)
(544883, 2348, 2162, 549393)
(543551, 2348, 2162, 548061)
(542443, 4880, 12226, 559549)
(541796, 4880, 12226, 558902)
(541350, 4880, 12226, 558456)
(540328, 4880, 12226, 557434)
(552000, 0, 0, 552000)
(547607, 0, 0, 547607)
(546299, 0, 0, 546299)
(545444, 0, 0, 545444)
(545444, 0, 0, 545444)
(545444, 0, 0, 545444)
(547625, 0, 11641, 559266)
(546996, 0, 11641, 558637)
(543235, 1952, 11641, 556828)
(543235, 1952, 11641, 556828)
(541882, 1952, 11641, 555475)
(541123, 1952, 11641, 554716)
(538893, 3542, 11641, 554076)
(537361, 3542, 11641, 552544)
(536289, 3542, 11641, 551472)
(532561, 3542, 11641, 547744)
(538010, 5132, 35832, 578974)
(536994, 5132, 35832, 577958)
(533691, 6703, 37237, 577631)
(535293, 5132, 35832, 576257)
(531479, 6703, 37237, 575419)
(532978, 5132, 35832, 573942)
(531903, 5132, 35832, 572867)
(530306, 5132, 35832, 571270)
(529506, 5132, 35832, 570470)
(529009, 5132, 35832, 569973)
(531528, 5132, 54652, 591312)
(530230, 5132, 54802, 590164)
(529639, 5132, 54802, 589573)
(527710, 5875, 54802, 588387)
(554871, 0, 0, 554871)
(553994, 0, 0, 553994)
(552945, 0, 0, 552945)
(552342, 0, 0, 552342)
(550502, 0, 0, 550502)
(549871, 0, 0, 549871)
(551867, 0, 6256, 558123)
(551424, 0, 6256, 557680)
(551424, 0, 6256, 557680)
(549663, 0, 6256, 555919)
(548221, 0, 6256, 554477)
(547082, 0, 6256, 553338)
(545870, 0, 6256, 552126)
(544453, 0, 6256, 550709)
(543756, 0, 6256, 550012)
(541507, 0, 6256, 547763)
(545458, 0, 12917, 558375)
(546070, 0, 11393, 557463)
(545687, 0, 11393, 557080)
(543159, 0, 11393, 554552)
(542676, 0, 11393, 554069)
(542676, 0, 11393, 554069)
(541640, 0, 11393, 553033)
(535180, 5642, 11393, 552215)
(539963, 0, 11393, 551356)
(533736, 5642, 11393, 550771)
(540852, 0, 20733, 561585)
(539165, 0, 20733, 559898)
(539165, 0, 20733, 559898)
(537675, 0, 20733, 558408)
(550947, 0, 0, 550947)
(550947, 0, 0, 550947)
(549839, 0, 0, 549839)
(549761, 0, 0, 549761)
(548535, 0, 0, 548535)
(548230, 0, 0, 548230)
(550050, 0, 9672, 559722)
(547011, 0, 9672, 556683)
(545137, 0, 9672, 554809)
(545137, 0, 9672, 554809)
(543750, 0, 9672, 553422)
(541253, 1637, 9672, 552562)
(542791, 0, 9672, 552463)
(537477, 1637, 9672, 548786)
(535922, 1637, 9672, 547231)
(535922, 1637, 9672, 547231)
(544800, 3274, 14835, 562909)
(543712, 3274, 14835, 561821)
(541241, 3274, 14835, 559350)
(540153, 3274, 14835, 558262)
(540153, 3274, 14835, 558262)
(538392, 3274, 14835, 556501)
(536914, 3274, 14835, 555023)
(536914, 3274, 14835, 555023)
(535427, 3274, 14835, 553536)
(535261, 3274, 14835, 553370)
(539787, 3274, 23856, 566917)
(536041, 6100, 23856, 565997)
(533658, 6100, 23856, 563614)
(533137, 6100, 23856, 563093)
(550157, 0, 0, 550157)
(548297, 0, 0, 548297)
(546773, 0, 0, 546773)
(546773, 0, 0, 546773)
(544735, 0, 0, 544735)
(543774, 0, 0, 543774)
(546359, 0, 8893, 555252)
(544598, 0, 8893, 553491)
(543279, 0, 8893, 552172)
(543279, 0, 8893, 552172)
(542267, 0, 8893, 551160)
(539869, 2180, 8893, 550942)
(534307, 2180, 8893, 545380)
(533219, 2180, 8893, 544292)
(532761, 2180, 8893, 543834)
(531923, 2180, 8893, 542996)
(540301, 3312, 26195, 569808)
(539471, 3312, 26195, 568978)
(537609, 3312, 27025, 567946)
(537533, 3312, 26195, 567040)
(535967, 3312, 26195, 565474)
(535128, 3312, 26195, 564635)
(535128, 3312, 26195, 564635)
(534016, 3312, 26195, 563523)
(532438, 4466, 26195, 563099)
(531701, 4466, 26195, 562362)
(534935, 5620, 30167, 570722)
(534733, 5620, 30167, 570520)
(533901, 5620, 30167, 569688)
(532979, 5620, 30167, 568766)
(549256, 0, 0, 549256)
(549004, 0, 0, 549004)
(556613, 0, 0, 556613)
