(915877, 0, 525, 916402)
(915558, 0, 844, 916402)
(915877, 0, 525, 916402)
(916402, 0, 0, 916402)
(916089, 0, 313, 916402)
(915770, 0, 632, 916402)
(915451, 0, 951, 916402)
(915132, 0, 1270, 916402)
(914813, 0, 1589, 916402)
(914494, 0, 1908, 916402)
(914045, 0, 2357, 916402)
(914494, 0, 1908, 916402)
(914860, 0, 2227, 917087)
(914541, 0, 2546, 917087)
(914860, 0, 2227, 917087)
(914494, 0, 1908, 916402)
(914813, 0, 1589, 916402)
(915132, 0, 1270, 916402)
(914813, 0, 1589, 916402)
(914494, 0, 1908, 916402)
(914813, 0, 1589, 916402)
(914494, 0, 1908, 916402)
(914045, 0, 2357, 916402)
(914364, 0, 2038, 916402)
(914683, 0, 1719, 916402)
(914364, 0, 2038, 916402)
(914683, 0, 1719, 916402)
(915002, 0, 1400, 916402)
(915321, 0, 1081, 916402)
(915640, 0, 762, 916402)
(915321, 0, 1081, 916402)
(915002, 0, 1400, 916402)
(915321, 0, 1081, 916402)
(915002, 0, 1400, 916402)
(915321, 0, 1081, 916402)
(915002, 0, 1400, 916402)
(915321, 0, 1081, 916402)
(915002, 0, 1400, 916402)
(914683, 0, 1719, 916402)
(914364, 0, 2038, 916402)
(914045, 0, 2357, 916402)
(914494, 0, 1908, 916402)
(914045, 0, 2357, 916402)
(914364, 0, 2038, 916402)
(914045, 0, 2357, 916402)
(914494, 0, 1908, 916402)
(914807, 0, 1595, 916402)
(914358, 0, 2044, 916402)
(914807, 0, 1595, 916402)
(915126, 0, 1276, 916402)
(914807, 0, 1595, 916402)
(915126, 0, 1276, 916402)
(914807, 0, 1595, 916402)
(915126, 0, 1276, 916402)
(915445, 0, 957, 916402)
(915126, 0, 1276, 916402)
(915445, 0, 957, 916402)
(915764, 0, 638, 916402)
(916083, 0, 319, 916402)
(916402, 0, 0, 916402)
(916083, 0, 319, 916402)
(916402, 0, 0, 916402)
(915877, 0, 525, 916402)
(915558, 0, 844, 916402)
(915239, 0, 1163, 916402)
(915558, 0, 844, 916402)
(915877, 0, 525, 916402)
(916402, 0, 0, 916402)
(916282, 0, 120, 916402)
(915963, 0, 439, 916402)
(915644, 0, 758, 916402)
(915963, 0, 439, 916402)
(915644, 0, 758, 916402)
(915325, 0, 1077, 916402)
(915644, 0, 758, 916402)
(915325, 0, 1077, 916402)
(915644, 0, 758, 916402)
(915963, 0, 439, 916402)
(915644, 0, 758, 916402)
(915963, 0, 439, 916402)
(916282, 0, 120, 916402)
(915757, 0, 645, 916402)
(915438, 0, 964, 916402)
(915119, 0, 1283, 916402)
(915438, 0, 964, 916402)
(915757, 0, 645, 916402)
(915438, 0, 964, 916402)
(915119, 0, 1283, 916402)
(915438, 0, 964, 916402)
(915119, 0, 1283, 916402)
(914800, 0, 1602, 916402)
(914481, 0, 1921, 916402)
(914162, 0, 2240, 916402)
(914481, 0, 1921, 916402)
(914162, 0, 2240, 916402)
(914687, 0, 1715, 916402)
(915006, 0, 1396, 916402)
(915325, 0, 1077, 916402)
(915644, 0, 758, 916402)
(915963, 0, 439, 916402)
(916282, 0, 120, 916402)
(916402, 0, 0, 916402)
(916083, 0, 319, 916402)
(916402, 0, 0, 916402)
(916089, 0, 313, 916402)
(915770, 0, 632, 916402)
(916089, 0, 313, 916402)
(915564, 0, 838, 916402)
(916089, 0, 313, 916402)
(915770, 0, 632, 916402)
(916089, 0, 313, 916402)
(916402, 0, 0, 916402)
(916083, 0, 319, 916402)
(916402, 0, 0, 916402)
(916083, 0, 319, 916402)
(915764, 0, 638, 916402)
(915445, 0, 957, 916402)
(915126, 0, 1276, 916402)
(914807, 0, 1595, 916402)
(915126, 0, 1276, 916402)
(914807, 0, 1595, 916402)
(914494, 0, 1908, 916402)
(914813, 0, 1589, 916402)
(915132, 0, 1270, 916402)
(915451, 0, 951, 916402)
(915132, 0, 1270, 916402)
(915451, 0, 951, 916402)
(915770, 0, 632, 916402)
(915451, 0, 951, 916402)
(915132, 0, 1270, 916402)
(915451, 0, 951, 916402)
(915132, 0, 1270, 916402)
(915451, 0, 951, 916402)
(915132, 0, 1270, 916402)
(915451, 0, 951, 916402)
(915770, 0, 632, 916402)
(916089, 0, 313, 916402)
(916402, 0, 0, 916402)
(915877, 0, 525, 916402)
(915558, 0, 844, 916402)
(915877, 0, 525, 916402)
(916402, 0, 0, 916402)
(916083, 0, 319, 916402)
(916402, 0, 0, 916402)
(916083, 0, 319, 916402)
(916402, 0, 0, 916402)
(916083, 0, 319, 916402)
(916402, 0, 0, 916402)
(915877, 0, 525, 916402)
(915558, 0, 844, 916402)
(915239, 0, 1163, 916402)
(915558, 0, 844, 916402)
(915239, 0, 1163, 916402)
(914920, 0, 1482, 916402)
(915239, 0, 1163, 916402)
(914920, 0, 1482, 916402)
(914601, 0, 1801, 916402)
(914920, 0, 1482, 916402)
(914601, 0, 1801, 916402)
(914282, 0, 2120, 916402)
(914807, 0, 1595, 916402)
(915126, 0, 1276, 916402)
(914807, 0, 1595, 916402)
(915126, 0, 1276, 916402)
(914807, 0, 1595, 916402)
(915126, 0, 1276, 916402)
(914807, 0, 1595, 916402)
(915126, 0, 1276, 916402)
(915445, 0, 957, 916402)
(915764, 0, 638, 916402)
(915445, 0, 957, 916402)
(915764, 0, 638, 916402)
(916083, 0, 319, 916402)
(915764, 0, 638, 916402)
(915445, 0, 957, 916402)
(915764, 0, 638, 916402)
(916083, 0, 319, 916402)
(915764, 0, 638, 916402)
(915445, 0, 957, 916402)
(915126, 0, 1276, 916402)
(915445, 0, 957, 916402)
(915764, 0, 638, 916402)
(916083, 0, 319, 916402)
(915764, 0, 638, 916402)
(915445, 0, 957, 916402)
(915764, 0, 638, 916402)
(915445, 0, 957, 916402)
(915764, 0, 638, 916402)
(915445, 0, 957, 916402)
(915126, 0, 1276, 916402)
(914807, 0, 1595, 916402)
(915126, 0, 1276, 916402)
(914807, 0, 1595, 916402)
(914508, 0, 1894, 916402)
(913983, 0, 2419, 916402)
(914302, 0, 2100, 916402)
(913983, 0, 2419, 916402)
(914302, 0, 2100, 916402)
(914621, 0, 1781, 916402)
(914940, 0, 1462, 916402)
(915259, 0, 1143, 916402)
(914940, 0, 1462, 916402)
(915259, 0, 1143, 916402)
(915578, 0, 824, 916402)
(916103, 0, 299, 916402)
(915784, 0, 618, 916402)
(915465, 0, 937, 916402)
(915146, 0, 1256, 916402)
(915465, 0, 937, 916402)
(915146, 0, 1256, 916402)
(914827, 0, 1575, 916402)
(915146, 0, 1256, 916402)
(915465, 0, 937, 916402)
(915146, 0, 1256, 916402)
(914827, 0, 1575, 916402)
(915146, 0, 1256, 916402)
(915465, 0, 937, 916402)
(915784, 0, 618, 916402)
(915465, 0, 937, 916402)
(915146, 0, 1256, 916402)
(914827, 0, 1575, 916402)
(914508, 0, 1894, 916402)
(913983, 0, 2419, 916402)
(914302, 0, 2100, 916402)
(913983, 0, 2419, 916402)
(914302, 0, 2100, 916402)
(914621, 0, 1781, 916402)
(914302, 0, 2100, 916402)
(913983, 0, 2419, 916402)
(914508, 0, 1894, 916402)
(914807, 0, 1595, 916402)
(914282, 0, 2120, 916402)
(914807, 0, 1595, 916402)
(915126, 0, 1276, 916402)
(915445, 0, 957, 916402)
(915764, 0, 638, 916402)
(916083, 0, 319, 916402)
(915764, 0, 638, 916402)
(916083, 0, 319, 916402)
(916402, 0, 0, 916402)
(916089, 0, 313, 916402)
(915564, 0, 838, 916402)
(916089, 0, 313, 916402)
(915564, 0, 838, 916402)
(916089, 0, 313, 916402)
(915564, 0, 838, 916402)
(915245, 0, 1157, 916402)
(915564, 0, 838, 916402)
(915245, 0, 1157, 916402)
(914926, 0, 1476, 916402)
(914607, 0, 1795, 916402)
(914926, 0, 1476, 916402)
(915245, 0, 1157, 916402)
(914926, 0, 1476, 916402)
(915245, 0, 1157, 916402)
(914926, 0, 1476, 916402)
(914607, 0, 1795, 916402)
(914926, 0, 1476, 916402)
(914607, 0, 1795, 916402)
(914288, 0, 2114, 916402)
(914607, 0, 1795, 916402)
(914288, 0, 2114, 916402)
(913969, 0, 2433, 916402)
(914494, 0, 1908, 916402)
(913969, 0, 2433, 916402)
(914494, 0, 1908, 916402)
(914045, 0, 2357, 916402)
(914549, 0, 2255, 916804)
(914045, 0, 2357, 916402)
(914494, 0, 1908, 916402)
(914813, 0, 1589, 916402)
(914494, 0, 1908, 916402)
(914813, 0, 1589, 916402)
(914494, 0, 1908, 916402)
(913969, 0, 2433, 916402)
(914288, 0, 2114, 916402)
(913969, 0, 2433, 916402)
(914494, 0, 1908, 916402)
(914813, 0, 1589, 916402)
(914494, 0, 1908, 916402)
(914807, 0, 1595, 916402)
(914282, 0, 2120, 916402)
(914807, 0, 1595, 916402)
(915126, 0, 1276, 916402)
(914807, 0, 1595, 916402)
(915126, 0, 1276, 916402)
(914807, 0, 1595, 916402)
(915126, 0, 1276, 916402)
(915445, 0, 957, 916402)
(915764, 0, 638, 916402)
(916083, 0, 319, 916402)
(916402, 0, 0, 916402)
(915877, 0, 525, 916402)
(915558, 0, 844, 916402)
(915239, 0, 1163, 916402)
(914920, 0, 1482, 916402)
(914601, 0, 1801, 916402)
(914920, 0, 1482, 916402)
(915239, 0, 1163, 916402)
(915558, 0, 844, 916402)
(915877, 0, 525, 916402)
(916402, 0, 0, 916402)
(915877, 0, 525, 916402)
(916402, 0, 0, 916402)
(915877, 0, 525, 916402)
(916402, 0, 0, 916402)
(916089, 0, 313, 916402)
(915564, 0, 838, 916402)
(915245, 0, 1157, 916402)
(914926, 0, 1476, 916402)
(915245, 0, 1157, 916402)
(914926, 0, 1476, 916402)
(914607, 0, 1795, 916402)
(914288, 0, 2114, 916402)
(913969, 0, 2433, 916402)
(914494, 0, 1908, 916402)
(914045, 0, 2357, 916402)
(914364, 0, 2038, 916402)
(914683, 0, 1719, 916402)
(915002, 0, 1400, 916402)
(915321, 0, 1081, 916402)
(915002, 0, 1400, 916402)
(914683, 0, 1719, 916402)
(915002, 0, 1400, 916402)
(915321, 0, 1081, 916402)
(915640, 0, 762, 916402)
(915321, 0, 1081, 916402)
(915002, 0, 1400, 916402)
(914683, 0, 1719, 916402)
(914364, 0, 2038, 916402)
(914683, 0, 1719, 916402)
(915002, 0, 1400, 916402)
(915321, 0, 1081, 916402)
(915640, 0, 762, 916402)
(915321, 0, 1081, 916402)
(915002, 0, 1400, 916402)
(914683, 0, 1719, 916402)
(915002, 0, 1400, 916402)
(915321, 0, 1081, 916402)
(915640, 0, 762, 916402)
(915321, 0, 1081, 916402)
(915002, 0, 1400, 916402)
(914683, 0, 1719, 916402)
(914364, 0, 2038, 916402)
(914683, 0, 1719, 916402)
(915002, 0, 1400, 916402)
(914683, 0, 1719, 916402)
(915002, 0, 1400, 916402)
(914683, 0, 1719, 916402)
(914364, 0, 2038, 916402)
(914045, 0, 2357, 916402)
(914494, 0, 1908, 916402)
(914813, 0, 1589, 916402)
(914494, 0, 1908, 916402)
(914813, 0, 1589, 916402)
(915132, 0, 1270, 916402)
(914813, 0, 1589, 916402)
(915132, 0, 1270, 916402)
(914813, 0, 1589, 916402)
(914494, 0, 1908, 916402)
(914813, 0, 1589, 916402)
(914494, 0, 1908, 916402)
(914807, 0, 1595, 916402)
(915126, 0, 1276, 916402)
(915445, 0, 957, 916402)
(915764, 0, 638, 916402)
(915445, 0, 957, 916402)
(915764, 0, 638, 916402)
(915445, 0, 957, 916402)
(915764, 0, 638, 916402)
(916083, 0, 319, 916402)
(916402, 0, 0, 916402)
(915877, 0, 525, 916402)
(916402, 0, 0, 916402)
(916083, 0, 319, 916402)
(915764, 0, 638, 916402)
(916083, 0, 319, 916402)
(915764, 0, 638, 916402)
(916083, 0, 319, 916402)
(915764, 0, 638, 916402)
(916083, 0, 319, 916402)
(915764, 0, 638, 916402)
(916083, 0, 319, 916402)
(916402, 0, 0, 916402)
(915877, 0, 525, 916402)
(915558, 0, 844, 916402)
(915239, 0, 1163, 916402)
(915558, 0, 844, 916402)
(915239, 0, 1163, 916402)
(915558, 0, 844, 916402)
(915239, 0, 1163, 916402)
(914920, 0, 1482, 916402)
(914601, 0, 1801, 916402)
(914282, 0, 2120, 916402)
(914807, 0, 1595, 916402)
(914282, 0, 2120, 916402)
(914601, 0, 1801, 916402)
(914282, 0, 2120, 916402)
(914807, 0, 1595, 916402)
(915126, 0, 1276, 916402)
(915445, 0, 957, 916402)
(915126, 0, 1276, 916402)
(915445, 0, 957, 916402)
(915126, 0, 1276, 916402)
(915445, 0, 957, 916402)
(915126, 0, 1276, 916402)
(915445, 0, 957, 916402)
(915764, 0, 638, 916402)
(915445, 0, 957, 916402)
(915764, 0, 638, 916402)
(915445, 0, 957, 916402)
(915764, 0, 638, 916402)
(915445, 0, 957, 916402)
(915126, 0, 1276, 916402)
(915445, 0, 957, 916402)
(915126, 0, 1276, 916402)
(914807, 0, 1595, 916402)
(915126, 0, 1276, 916402)
(915445, 0, 957, 916402)
(915764, 0, 638, 916402)
(915445, 0, 957, 916402)
(915764, 0, 638, 916402)
(915445, 0, 957, 916402)
(915764, 0, 638, 916402)
(916083, 0, 319, 916402)
(916402, 0, 0, 916402)
(916083, 0, 319, 916402)
(916402, 0, 0, 916402)
(916089, 0, 313, 916402)
(915770, 0, 632, 916402)
(916089, 0, 313, 916402)
(915770, 0, 632, 916402)
(916089, 0, 313, 916402)
(915640, 0, 762, 916402)
(916089, 0, 313, 916402)
(916402, 0, 0, 916402)
(915877, 0, 525, 916402)
(916402, 0, 0, 916402)
(916083, 0, 319, 916402)
(915764, 0, 638, 916402)
(915445, 0, 957, 916402)
(915126, 0, 1276, 916402)
(914807, 0, 1595, 916402)
(914282, 0, 2120, 916402)
(914807, 0, 1595, 916402)
(914282, 0, 2120, 916402)
(914601, 0, 1801, 916402)
(914282, 0, 2120, 916402)
(914807, 0, 1595, 916402)
(915126, 0, 1276, 916402)
(914807, 0, 1595, 916402)
(914358, 0, 2044, 916402)
(914807, 0, 1595, 916402)
(915126, 0, 1276, 916402)
(914807, 0, 1595, 916402)
(914282, 0, 2120, 916402)
(914807, 0, 1595, 916402)
(915126, 0, 1276, 916402)
(914807, 0, 1595, 916402)
(915126, 0, 1276, 916402)
(915445, 0, 957, 916402)
(915764, 0, 638, 916402)
(916083, 0, 319, 916402)
(916402, 0, 0, 916402)
(916083, 0, 319, 916402)
(916402, 0, 0, 916402)
(916083, 0, 319, 916402)
(916402, 0, 0, 916402)
(916083, 0, 319, 916402)
(915764, 0, 638, 916402)
(916083, 0, 319, 916402)
(915764, 0, 638, 916402)
(916083, 0, 319, 916402)
(916402, 0, 0, 916402)
(915877, 0, 525, 916402)
(915558, 0, 844, 916402)
(915239, 0, 1163, 916402)
(915558, 0, 844, 916402)
(915239, 0, 1163, 916402)
(915558, 0, 844, 916402)
(915877, 0, 525, 916402)
(916402, 0, 0, 916402)
(916089, 0, 313, 916402)
(915640, 0, 762, 916402)
(915321, 0, 1081, 916402)
(915640, 0, 762, 916402)
(915321, 0, 1081, 916402)
(915002, 0, 1400, 916402)
(915321, 0, 1081, 916402)
(915002, 0, 1400, 916402)
(915321, 0, 1081, 916402)
(915640, 0, 762, 916402)
(916089, 0, 313, 916402)
(915770, 0, 632, 916402)
(915451, 0, 951, 916402)
(915132, 0, 1270, 916402)
(915451, 0, 951, 916402)
(915132, 0, 1270, 916402)
(914813, 0, 1589, 916402)
(914494, 0, 1908, 916402)
(914813, 0, 1589, 916402)
(915132, 0, 1270, 916402)
(915451, 0, 951, 916402)
(915770, 0, 632, 916402)
(916089, 0, 313, 916402)
(915770, 0, 632, 916402)
(916089, 0, 313, 916402)
(915770, 0, 632, 916402)
(916089, 0, 313, 916402)
(915564, 0, 838, 916402)
(915245, 0, 1157, 916402)
(915564, 0, 838, 916402)
(916089, 0, 313, 916402)
(915640, 0, 762, 916402)
(916089, 0, 313, 916402)
(915770, 0, 632, 916402)
(915451, 0, 951, 916402)
(915132, 0, 1270, 916402)
(914813, 0, 1589, 916402)
(914494, 0, 1908, 916402)
(913969, 0, 2433, 916402)
(914288, 0, 2114, 916402)
(914607, 0, 1795, 916402)
(914926, 0, 1476, 916402)
(914607, 0, 1795, 916402)
(914926, 0, 1476, 916402)
(915245, 0, 1157, 916402)
(914926, 0, 1476, 916402)
(914607, 0, 1795, 916402)
(914288, 0, 2114, 916402)
(914607, 0, 1795, 916402)
(914288, 0, 2114, 916402)
(913969, 0, 2433, 916402)
(914288, 0, 2114, 916402)
(913969, 0, 2433, 916402)
(914288, 0, 2114, 916402)
(914607, 0, 1795, 916402)
(914288, 0, 2114, 916402)
(913969, 0, 2433, 916402)
(914288, 0, 2114, 916402)
(914607, 0, 1795, 916402)
(914926, 0, 1476, 916402)
(914607, 0, 1795, 916402)
(914288, 0, 2114, 916402)
(914607, 0, 1795, 916402)
(914926, 0, 1476, 916402)
(915245, 0, 1157, 916402)
(915564, 0, 838, 916402)
(916089, 0, 313, 916402)
(915770, 0, 632, 916402)
(916089, 0, 313, 916402)
(916402, 0, 0, 916402)
(916083, 0, 319, 916402)
(915764, 0, 638, 916402)
(915445, 0, 957, 916402)
(915764, 0, 638, 916402)
(915445, 0, 957, 916402)
(915126, 0, 1276, 916402)
(914807, 0, 1595, 916402)
(915126, 0, 1276, 916402)
(914807, 0, 1595, 916402)
(914282, 0, 2120, 916402)
(914601, 0, 1801, 916402)
(914920, 0, 1482, 916402)
(915239, 0, 1163, 916402)
(915558, 0, 844, 916402)
(915239, 0, 1163, 916402)
(914920, 0, 1482, 916402)
(915239, 0, 1163, 916402)
(915558, 0, 844, 916402)
(915239, 0, 1163, 916402)
(915558, 0, 844, 916402)
(915239, 0, 1163, 916402)
(914920, 0, 1482, 916402)
(915239, 0, 1163, 916402)
(914920, 0, 1482, 916402)
(914601, 0, 1801, 916402)
(914920, 0, 1482, 916402)
(915239, 0, 1163, 916402)
(914920, 0, 1482, 916402)
(914601, 0, 1801, 916402)
(914282, 0, 2120, 916402)
(914807, 0, 1595, 916402)
(914358, 0, 2044, 916402)
(914807, 0, 1595, 916402)
(914358, 0, 2044, 916402)
(914677, 0, 1725, 916402)
(914996, 0, 1406, 916402)
(914677, 0, 1725, 916402)
(914996, 0, 1406, 916402)
(914677, 0, 1725, 916402)
(914996, 0, 1406, 916402)
(915315, 0, 1087, 916402)
(914996, 0, 1406, 916402)
(914677, 0, 1725, 916402)
(914996, 0, 1406, 916402)
(915315, 0, 1087, 916402)
(915634, 0, 768, 916402)
(915315, 0, 1087, 916402)
(914996, 0, 1406, 916402)
(914677, 0, 1725, 916402)
(914358, 0, 2044, 916402)
(914677, 0, 1725, 916402)
(914996, 0, 1406, 916402)
(914677, 0, 1725, 916402)
(914996, 0, 1406, 916402)
(915315, 0, 1087, 916402)
(914996, 0, 1406, 916402)
(915315, 0, 1087, 916402)
(914996, 0, 1406, 916402)
(915315, 0, 1087, 916402)
(914996, 0, 1406, 916402)
(915315, 0, 1087, 916402)
(914996, 0, 1406, 916402)
(914677, 0, 1725, 916402)
(914996, 0, 1406, 916402)
(915315, 0, 1087, 916402)
(914996, 0, 1406, 916402)
(915315, 0, 1087, 916402)
(915634, 0, 768, 916402)
(915315, 0, 1087, 916402)
(915634, 0, 768, 916402)
(915953, 0, 449, 916402)
(915634, 0, 768, 916402)
(915953, 0, 449, 916402)
(916402, 0, 0, 916402)
(915953, 0, 449, 916402)
(916402, 0, 0, 916402)
(916083, 0, 319, 916402)
(916402, 0, 0, 916402)
(916089, 0, 313, 916402)
(915770, 0, 632, 916402)
(915451, 0, 951, 916402)
(915132, 0, 1270, 916402)
(914813, 0, 1589, 916402)
(914494, 0, 1908, 916402)
(913969, 0, 2433, 916402)
(914288, 0, 2114, 916402)
(914607, 0, 1795, 916402)
(914288, 0, 2114, 916402)
(913969, 0, 2433, 916402)
(914288, 0, 2114, 916402)
(914607, 0, 1795, 916402)
(914926, 0, 1476, 916402)
(915245, 0, 1157, 916402)
(914926, 0, 1476, 916402)
(915245, 0, 1157, 916402)
(914926, 0, 1476, 916402)
(914607, 0, 1795, 916402)
(914926, 0, 1476, 916402)
(914607, 0, 1795, 916402)
(914288, 0, 2114, 916402)
(913969, 0, 2433, 916402)
(914494, 0, 1908, 916402)
(914045, 0, 2357, 916402)
(914364, 0, 2038, 916402)
(914683, 0, 1719, 916402)
(914364, 0, 2038, 916402)
(914045, 0, 2357, 916402)
(914364, 0, 2038, 916402)
(914683, 0, 1719, 916402)
(914364, 0, 2038, 916402)
(914045, 0, 2357, 916402)
(914494, 0, 1908, 916402)
(914813, 0, 1589, 916402)
(915132, 0, 1270, 916402)
(914813, 0, 1589, 916402)
(914494, 0, 1908, 916402)
(914813, 0, 1589, 916402)
(915132, 0, 1270, 916402)
(914813, 0, 1589, 916402)
(915132, 0, 1270, 916402)
(914813, 0, 1589, 916402)
(914494, 0, 1908, 916402)
(914813, 0, 1589, 916402)
(915132, 0, 1270, 916402)
(914813, 0, 1589, 916402)
(915132, 0, 1270, 916402)
(914813, 0, 1589, 916402)
(914494, 0, 1908, 916402)
(914813, 0, 1589, 916402)
(914494, 0, 1908, 916402)
(913969, 0, 2433, 916402)
(914288, 0, 2114, 916402)
(913969, 0, 2433, 916402)
(914494, 0, 1908, 916402)
(913969, 0, 2433, 916402)
(914288, 0, 2114, 916402)
(913969, 0, 2433, 916402)
(914494, 0, 1908, 916402)
(913969, 0, 2433, 916402)
(914494, 0, 1908, 916402)
(913969, 0, 2433, 916402)
(914494, 0, 1908, 916402)
(914045, 0, 2357, 916402)
(914364, 0, 2038, 916402)
(914045, 0, 2357, 916402)
(914364, 0, 2038, 916402)
(914045, 0, 2357, 916402)
(914494, 0, 1908, 916402)
(914807, 0, 1595, 916402)
(914282, 0, 2120, 916402)
(914734, 0, 1932, 916666)
(915053, 0, 1613, 916666)
(914601, 0, 1801, 916402)
(914282, 0, 2120, 916402)
(914601, 0, 1801, 916402)
(914920, 0, 1482, 916402)
(914601, 0, 1801, 916402)
(914282, 0, 2120, 916402)
(914601, 0, 1801, 916402)
(914282, 0, 2120, 916402)
(914601, 0, 1801, 916402)
(914282, 0, 2120, 916402)
(914601, 0, 1801, 916402)
(914920, 0, 1482, 916402)
(915239, 0, 1163, 916402)
(915558, 0, 844, 916402)
(915877, 0, 525, 916402)
(915558, 0, 844, 916402)
(915877, 0, 525, 916402)
(915558, 0, 844, 916402)
(915239, 0, 1163, 916402)
(915558, 0, 844, 916402)
(915239, 0, 1163, 916402)
(914920, 0, 1482, 916402)
(915239, 0, 1163, 916402)
(915558, 0, 844, 916402)
(915877, 0, 525, 916402)
(915558, 0, 844, 916402)
(915877, 0, 525, 916402)
(916402, 0, 0, 916402)
(916282, 0, 120, 916402)
(915833, 0, 569, 916402)
(916282, 0, 120, 916402)
(915983, 0, 419, 916402)
(916282, 0, 120, 916402)
(915963, 0, 439, 916402)
(915644, 0, 758, 916402)
(915325, 0, 1077, 916402)
(915006, 0, 1396, 916402)
(914687, 0, 1715, 916402)
(914374, 0, 2028, 916402)
(913849, 0, 2553, 916402)
