(556613, 0, 0, 556613)
(556525, 0, 0, 556525)
(556394, 0, 0, 556394)
(556342, 0, 0, 556342)
(555868, 0, 0, 555868)
(555735, 0, 0, 555735)
(555734, 0, 0, 555734)
(555363, 0, 0, 555363)
(554245, 0, 0, 554245)
(554210, 0, 0, 554210)
(553478, 0, 0, 553478)
(552993, 0, 0, 552993)
(552362, 0, 0, 552362)
(552361, 0, 0, 552361)
(551936, 0, 0, 551936)
(551807, 0, 0, 551807)
(551600, 0, 0, 551600)
(551233, 0, 0, 551233)
(551232, 0, 0, 551232)
(550692, 0, 0, 550692)
(550059, 0, 0, 550059)
(549643, 0, 0, 549643)
(549229, 0, 0, 549229)
(548979, 0, 0, 548979)
(548300, 0, 0, 548300)
(548299, 0, 0, 548299)
(547966, 0, 0, 547966)
(547683, 0, 0, 547683)
(547657, 0, 0, 547657)
(547432, 0, 0, 547432)
(547321, 0, 0, 547321)
(547122, 0, 0, 547122)
(546923, 0, 0, 546923)
(546896, 0, 0, 546896)
(546571, 0, 0, 546571)
(545800, 0, 0, 545800)
(545232, 0, 0, 545232)
(544724, 0, 0, 544724)
(544645, 0, 0, 544645)
(543987, 0, 0, 543987)
(543532, 0, 0, 543532)
(542929, 0, 0, 542929)
(542784, 0, 0, 542784)
(542065, 0, 0, 542065)
(541969, 0, 0, 541969)
(541756, 0, 0, 541756)
(541320, 0, 0, 541320)
(541108, 0, 0, 541108)
(540657, 0, 0, 540657)
(540528, 0, 0, 540528)
(540040, 0, 0, 540040)
(539506, 0, 0, 539506)
(538934, 0, 0, 538934)
(538482, 0, 0, 538482)
(538402, 0, 0, 538402)
(537889, 0, 0, 537889)
(537374, 0, 0, 537374)
(536288, 0, 0, 536288)
(535530, 0, 0, 535530)
(535292, 0, 0, 535292)
(535044, 0, 0, 535044)
(534796, 0, 0, 534796)
(534548, 0, 0, 534548)
(534300, 0, 0, 534300)
(534052, 0, 0, 534052)
(533804, 0, 0, 533804)
(533510, 0, 0, 533510)
(533216, 0, 0, 533216)
(532590, 0, 0, 532590)
(532580, 0, 0, 532580)
(532256, 0, 0, 532256)
(531607, 0, 0, 531607)
(531132, 0, 0, 531132)
(531131, 0, 0, 531131)
(531073, 0, 0, 531073)
(530762, 0, 0, 530762)
(530631, 0, 0, 530631)
(530146, 0, 0, 530146)
(529723, 0, 0, 529723)
(529300, 0, 0, 529300)
(528686, 0, 0, 528686)
(528082, 0, 0, 528082)
(527836, 0, 0, 527836)
(527590, 0, 0, 527590)
(527344, 0, 0, 527344)
(527098, 0, 0, 527098)
(526447, 0, 0, 526447)
(526373, 0, 0, 526373)
(526299, 0, 0, 526299)
(526225, 0, 0, 526225)
(526151, 0, 0, 526151)
(526077, 0, 0, 526077)
(526003, 0, 0, 526003)
(525875, 0, 0, 525875)
(525261, 0, 0, 525261)
(525216, 0, 0, 525216)
(524452, 0, 0, 524452)
(524227, 0, 0, 524227)
(524002, 0, 0, 524002)
(523377, 0, 0, 523377)
(522535, 0, 0, 522535)
(522069, 0, 0, 522069)
(521553, 0, 0, 521553)
(520955, 0, 0, 520955)
(520660, 0, 0, 520660)
(519537, 0, 0, 519537)
(519110, 0, 0, 519110)
(518956, 0, 0, 518956)
(518618, 0, 0, 518618)
(518331, 0, 0, 518331)
(517905, 0, 0, 517905)
(517573, 0, 0, 517573)
(517341, 0, 0, 517341)
(516290, 0, 0, 516290)
(515866, 0, 0, 515866)
(515825, 0, 0, 515825)
(515413, 0, 0, 515413)
(515175, 0, 0, 515175)
(514508, 0, 0, 514508)
(514077, 0, 0, 514077)
(513826, 0, 0, 513826)
(513589, 0, 0, 513589)
(512797, 0, 0, 512797)
(512262, 0, 0, 512262)
(511727, 0, 0, 511727)
(510926, 0, 0, 510926)
(510585, 0, 0, 510585)
(510077, 0, 0, 510077)
(509972, 0, 0, 509972)
(509631, 0, 0, 509631)
(509432, 0, 0, 509432)
(508689, 0, 0, 508689)
(508132, 0, 0, 508132)
(507933, 0, 0, 507933)
(507798, 0, 0, 507798)
(507545, 0, 0, 507545)
(507292, 0, 0, 507292)
(507173, 0, 0, 507173)
(506647, 0, 0, 506647)
(506290, 0, 0, 506290)
(506052, 0, 0, 506052)
(505950, 0, 0, 505950)
(505337, 0, 0, 505337)
(504978, 0, 0, 504978)
(504250, 0, 0, 504250)
(503397, 0, 0, 503397)
(502709, 0, 0, 502709)
(502217, 0, 0, 502217)
(501127, 0, 0, 501127)
(500727, 0, 0, 500727)
(500202, 0, 0, 500202)
(499788, 0, 0, 499788)
(499538, 0, 0, 499538)
(499288, 0, 0, 499288)
(499038, 0, 0, 499038)
(498788, 0, 0, 498788)
(498538, 0, 0, 498538)
(498288, 0, 0, 498288)
(498287, 0, 0, 498287)
(498286, 0, 0, 498286)
(498285, 0, 0, 498285)
(498284, 0, 0, 498284)
(498283, 0, 0, 498283)
(498282, 0, 0, 498282)
(498281, 0, 0, 498281)
(498280, 0, 0, 498280)
(498279, 0, 0, 498279)
(498278, 0, 0, 498278)
(497935, 0, 0, 497935)
(497036, 0, 0, 497036)
(496780, 0, 0, 496780)
(495889, 0, 0, 495889)
(495584, 0, 0, 495584)
(495116, 0, 0, 495116)
(494853, 0, 0, 494853)
(494302, 0, 0, 494302)
(494301, 0, 0, 494301)
(493606, 0, 0, 493606)
(492554, 0, 0, 492554)
(492514, 0, 0, 492514)
(491953, 0, 0, 491953)
(491477, 0, 0, 491477)
(491137, 0, 0, 491137)
(491136, 0, 0, 491136)
(491135, 0, 0, 491135)
(490658, 0, 0, 490658)
(490571, 0, 0, 490571)
(489979, 0, 0, 489979)
(489394, 0, 0, 489394)
(489224, 0, 0, 489224)
(488851, 0, 0, 488851)
(488358, 0, 0, 488358)
(488357, 0, 0, 488357)
(488356, 0, 0, 488356)
(488029, 0, 0, 488029)
(487944, 0, 0, 487944)
(487859, 0, 0, 487859)
(487774, 0, 0, 487774)
(487501, 0, 0, 487501)
(487102, 0, 0, 487102)
(487101, 0, 0, 487101)
(487100, 0, 0, 487100)
(487046, 0, 0, 487046)
(486594, 0, 0, 486594)
(486431, 0, 0, 486431)
(486239, 0, 0, 486239)
(485648, 0, 0, 485648)
(485024, 0, 0, 485024)
(484222, 0, 0, 484222)
(483572, 0, 0, 483572)
(483061, 0, 0, 483061)
(482555, 0, 0, 482555)
(481587, 0, 0, 481587)
(481182, 0, 0, 481182)
(481057, 0, 0, 481057)
(480009, 0, 0, 480009)
(479736, 0, 0, 479736)
(479492, 0, 0, 479492)
(479248, 0, 0, 479248)
(478942, 0, 0, 478942)
(478447, 0, 0, 478447)
(477780, 0, 0, 477780)
(477310, 0, 0, 477310)
(476835, 0, 0, 476835)
(476372, 0, 0, 476372)
(475706, 0, 0, 475706)
(475259, 0, 0, 475259)
(475203, 0, 0, 475203)
(474795, 0, 0, 474795)
(474476, 0, 0, 474476)
(473765, 0, 0, 473765)
(473423, 0, 0, 473423)
(473219, 0, 0, 473219)
(473218, 0, 0, 473218)
(473217, 0, 0, 473217)
(472683, 0, 0, 472683)
(472036, 0, 0, 472036)
(471828, 0, 0, 471828)
(471681, 0, 0, 471681)
(471276, 0, 0, 471276)
(470704, 0, 0, 470704)
(470623, 0, 0, 470623)
(470532, 0, 0, 470532)
(470441, 0, 0, 470441)
(469677, 0, 0, 469677)
(469676, 0, 0, 469676)
(469606, 0, 0, 469606)
(469605, 0, 0, 469605)
(469193, 0, 0, 469193)
(468897, 0, 0, 468897)
(468896, 0, 0, 468896)
(468895, 0, 0, 468895)
(468267, 0, 0, 468267)
(467462, 0, 0, 467462)
(467261, 0, 0, 467261)
(466576, 0, 0, 466576)
(465891, 0, 0, 465891)
(465058, 0, 0, 465058)
(464131, 0, 0, 464131)
(463949, 0, 0, 463949)
(463367, 0, 0, 463367)
(463366, 0, 0, 463366)
(462443, 0, 0, 462443)
(462312, 0, 0, 462312)
(462311, 0, 0, 462311)
(461879, 0, 0, 461879)
(461828, 0, 0, 461828)
(461362, 0, 0, 461362)
(461361, 0, 0, 461361)
(460762, 0, 0, 460762)
(460272, 0, 0, 460272)
(460258, 0, 0, 460258)
(459690, 0, 0, 459690)
(459012, 0, 0, 459012)
(458636, 0, 0, 458636)
(458260, 0, 0, 458260)
(457637, 0, 0, 457637)
(457107, 0, 0, 457107)
(456977, 0, 0, 456977)
(456847, 0, 0, 456847)
(455986, 0, 0, 455986)
(455777, 0, 0, 455777)
(455265, 0, 0, 455265)
(454677, 0, 0, 454677)
(454383, 0, 0, 454383)
(454382, 0, 0, 454382)
(453749, 0, 0, 453749)
(453230, 0, 0, 453230)
(452711, 0, 0, 452711)
(452710, 0, 0, 452710)
(452561, 0, 0, 452561)
(451866, 0, 0, 451866)
(451384, 0, 0, 451384)
(450781, 0, 0, 450781)
(450403, 0, 0, 450403)
(449698, 0, 0, 449698)
(449406, 0, 0, 449406)
(448457, 0, 0, 448457)
(448031, 0, 0, 448031)
(447161, 0, 0, 447161)
(446943, 0, 0, 446943)
(445927, 0, 0, 445927)
(445768, 0, 0, 445768)
(445354, 0, 0, 445354)
(444940, 0, 0, 444940)
(444486, 0, 0, 444486)
(444200, 0, 0, 444200)
(443795, 0, 0, 443795)
(443064, 0, 0, 443064)
(442564, 0, 0, 442564)
(441942, 0, 0, 441942)
(441425, 0, 0, 441425)
(441424, 0, 0, 441424)
(441423, 0, 0, 441423)
(440638, 0, 0, 440638)
(440136, 0, 0, 440136)
(439165, 0, 0, 439165)
(438835, 0, 0, 438835)
(438458, 0, 0, 438458)
(438127, 0, 0, 438127)
(438126, 0, 0, 438126)
(438064, 0, 0, 438064)
(438002, 0, 0, 438002)
(437711, 0, 0, 437711)
(437652, 0, 0, 437652)
(437263, 0, 0, 437263)
(436874, 0, 0, 436874)
(436485, 0, 0, 436485)
(436484, 0, 0, 436484)
(435809, 0, 0, 435809)
(434909, 0, 0, 434909)
(434432, 0, 0, 434432)
(433739, 0, 0, 433739)
(433217, 0, 0, 433217)
(433022, 0, 0, 433022)
(433021, 0, 0, 433021)
(432718, 0, 0, 432718)
(431841, 0, 0, 431841)
(430889, 0, 0, 430889)
(430645, 0, 0, 430645)
(430062, 0, 0, 430062)
(429533, 0, 0, 429533)
(429094, 0, 0, 429094)
(428288, 0, 0, 428288)
(427867, 0, 0, 427867)
(427866, 0, 0, 427866)
(427235, 0, 0, 427235)
(426604, 0, 0, 426604)
(425973, 0, 0, 425973)
(425481, 0, 0, 425481)
(424933, 0, 0, 424933)
(424050, 0, 0, 424050)
(424049, 0, 0, 424049)
(423577, 0, 0, 423577)
(423167, 0, 0, 423167)
(422926, 0, 0, 422926)
(422447, 0, 0, 422447)
(421985, 0, 0, 421985)
(421076, 0, 0, 421076)
(420191, 0, 0, 420191)
(419237, 0, 0, 419237)
(418614, 0, 0, 418614)
(418364, 0, 0, 418364)
(417761, 0, 0, 417761)
(417741, 0, 0, 417741)
(417428, 0, 0, 417428)
(417076, 0, 0, 417076)
(416970, 0, 0, 416970)
(416482, 0, 0, 416482)
(415475, 0, 0, 415475)
(414468, 0, 0, 414468)
(414323, 0, 0, 414323)
(413453, 0, 0, 413453)
(413119, 0, 0, 413119)
(412736, 0, 0, 412736)
(412343, 0, 0, 412343)
(412017, 0, 0, 412017)
(411624, 0, 0, 411624)
(411231, 0, 0, 411231)
(410701, 0, 0, 410701)
(409815, 0, 0, 409815)
(408929, 0, 0, 408929)
(408043, 0, 0, 408043)
(407157, 0, 0, 407157)
(406271, 0, 0, 406271)
(405957, 0, 0, 405957)
(405733, 0, 0, 405733)
(405022, 0, 0, 405022)
(404478, 0, 0, 404478)
(404360, 0, 0, 404360)
(403401, 0, 0, 403401)
