(853231, 0, 0, 853231)
(852585, 0, 0, 852585)
(852412, 0, 0, 852412)
(852239, 0, 0, 852239)
(852066, 0, 0, 852066)
(851893, 0, 0, 851893)
(851892, 0, 0, 851892)
(851736, 0, 0, 851736)
(851236, 0, 0, 851236)
(851220, 0, 0, 851220)
(851219, 0, 0, 851219)
(850990, 0, 0, 850990)
(850574, 0, 0, 850574)
(850204, 0, 0, 850204)
(850053, 0, 0, 850053)
(849982, 0, 0, 849982)
(849911, 0, 0, 849911)
(849551, 0, 0, 849551)
(849327, 0, 0, 849327)
(849031, 0, 0, 849031)
(848947, 0, 0, 848947)
(848863, 0, 0, 848863)
(848779, 0, 0, 848779)
(848768, 0, 0, 848768)
(848307, 0, 0, 848307)
(848004, 0, 0, 848004)
(846982, 0, 0, 846982)
(846649, 0, 0, 846649)
(846316, 0, 0, 846316)
(845983, 0, 0, 845983)
(845469, 0, 0, 845469)
(844682, 0, 0, 844682)
(844036, 0, 0, 844036)
(843857, 0, 0, 843857)
(843099, 0, 0, 843099)
(842334, 0, 0, 842334)
(841699, 0, 0, 841699)
(841143, 0, 0, 841143)
(841039, 0, 0, 841039)
(840831, 0, 0, 840831)
(840273, 0, 0, 840273)
(839701, 0, 0, 839701)
(839614, 0, 0, 839614)
(839527, 0, 0, 839527)
(839422, 0, 0, 839422)
(839197, 0, 0, 839197)
(838913, 0, 0, 838913)
(838789, 0, 0, 838789)
(838637, 0, 0, 838637)
(838491, 0, 0, 838491)
(838345, 0, 0, 838345)
(837922, 0, 0, 837922)
(837921, 0, 0, 837921)
(837920, 0, 0, 837920)
(837919, 0, 0, 837919)
(837874, 0, 0, 837874)
(837829, 0, 0, 837829)
(837373, 0, 0, 837373)
(836998, 0, 0, 836998)
(836858, 0, 0, 836858)
(836718, 0, 0, 836718)
(836566, 0, 0, 836566)
(836414, 0, 0, 836414)
(836413, 0, 0, 836413)
(836412, 0, 0, 836412)
(836411, 0, 0, 836411)
(836410, 0, 0, 836410)
(836409, 0, 0, 836409)
(836044, 0, 0, 836044)
(835679, 0, 0, 835679)
(834985, 0, 0, 834985)
(834691, 0, 0, 834691)
(834530, 0, 0, 834530)
(834369, 0, 0, 834369)
(834313, 0, 0, 834313)
(834257, 0, 0, 834257)
(834201, 0, 0, 834201)
(833933, 0, 0, 833933)
(833665, 0, 0, 833665)
(833344, 0, 0, 833344)
(833301, 0, 0, 833301)
(833005, 0, 0, 833005)
(833004, 0, 0, 833004)
(832743, 0, 0, 832743)
(832660, 0, 0, 832660)
(832577, 0, 0, 832577)
(832275, 0, 0, 832275)
(831973, 0, 0, 831973)
(831671, 0, 0, 831671)
(831369, 0, 0, 831369)
(830960, 0, 0, 830960)
(830551, 0, 0, 830551)
(830396, 0, 0, 830396)
(830223, 0, 0, 830223)
(830050, 0, 0, 830050)
(829511, 0, 0, 829511)
(829091, 0, 0, 829091)
(828852, 0, 0, 828852)
(828613, 0, 0, 828613)
(828374, 0, 0, 828374)
(828180, 0, 0, 828180)
(827364, 0, 0, 827364)
(827363, 0, 0, 827363)
(827101, 0, 0, 827101)
(826389, 0, 0, 826389)
(825966, 0, 0, 825966)
(825744, 0, 0, 825744)
(825743, 0, 0, 825743)
(825471, 0, 0, 825471)
(825420, 0, 0, 825420)
(824769, 0, 0, 824769)
(824454, 0, 0, 824454)
(823428, 0, 0, 823428)
(823050, 0, 0, 823050)
(822354, 0, 0, 822354)
(821941, 0, 0, 821941)
(821717, 0, 0, 821717)
(821516, 0, 0, 821516)
(821103, 0, 0, 821103)
(820700, 0, 0, 820700)
(820087, 0, 0, 820087)
(819547, 0, 0, 819547)
(819546, 0, 0, 819546)
(819284, 0, 0, 819284)
(818903, 0, 0, 818903)
(818481, 0, 0, 818481)
(818059, 0, 0, 818059)
(817705, 0, 0, 817705)
(817256, 0, 0, 817256)
(816807, 0, 0, 816807)
(816605, 0, 0, 816605)
(816403, 0, 0, 816403)
(816201, 0, 0, 816201)
(815999, 0, 0, 815999)
(815797, 0, 0, 815797)
(815595, 0, 0, 815595)
(815393, 0, 0, 815393)
(815191, 0, 0, 815191)
(814989, 0, 0, 814989)
(814787, 0, 0, 814787)
(814585, 0, 0, 814585)
(814567, 0, 0, 814567)
(814549, 0, 0, 814549)
(814531, 0, 0, 814531)
(814513, 0, 0, 814513)
(814495, 0, 0, 814495)
(814477, 0, 0, 814477)
(814459, 0, 0, 814459)
(813791, 0, 0, 813791)
(813384, 0, 0, 813384)
(813092, 0, 0, 813092)
(812800, 0, 0, 812800)
(812715, 0, 0, 812715)
(812630, 0, 0, 812630)
(811971, 0, 0, 811971)
(811671, 0, 0, 811671)
(811334, 0, 0, 811334)
(810944, 0, 0, 810944)
(810554, 0, 0, 810554)
(810347, 0, 0, 810347)
(810276, 0, 0, 810276)
(809551, 0, 0, 809551)
(809343, 0, 0, 809343)
(808768, 0, 0, 808768)
(808494, 0, 0, 808494)
(808098, 0, 0, 808098)
(808048, 0, 0, 808048)
(807998, 0, 0, 807998)
(807948, 0, 0, 807948)
(807898, 0, 0, 807898)
(807848, 0, 0, 807848)
(807345, 0, 0, 807345)
(807343, 0, 0, 807343)
(807341, 0, 0, 807341)
(807339, 0, 0, 807339)
(807338, 0, 0, 807338)
(807337, 0, 0, 807337)
(806463, 0, 0, 806463)
(806445, 0, 0, 806445)
(805800, 0, 0, 805800)
(805473, 0, 0, 805473)
(805446, 0, 0, 805446)
(805028, 0, 0, 805028)
(804584, 0, 0, 804584)
(803941, 0, 0, 803941)
(803940, 0, 0, 803940)
(803939, 0, 0, 803939)
(803938, 0, 0, 803938)
(803937, 0, 0, 803937)
(803936, 0, 0, 803936)
(803935, 0, 0, 803935)
(803934, 0, 0, 803934)
(803897, 0, 0, 803897)
(803849, 0, 0, 803849)
(803848, 0, 0, 803848)
(803626, 0, 0, 803626)
(803404, 0, 0, 803404)
(803182, 0, 0, 803182)
(802960, 0, 0, 802960)
(802959, 0, 0, 802959)
(802399, 0, 0, 802399)
(802293, 0, 0, 802293)
(802187, 0, 0, 802187)
(802081, 0, 0, 802081)
(801918, 0, 0, 801918)
(801759, 0, 0, 801759)
(801600, 0, 0, 801600)
(801161, 0, 0, 801161)
(801047, 0, 0, 801047)
(800613, 0, 0, 800613)
(800179, 0, 0, 800179)
(799483, 0, 0, 799483)
(799031, 0, 0, 799031)
(798579, 0, 0, 798579)
(798258, 0, 0, 798258)
(797341, 0, 0, 797341)
(796935, 0, 0, 796935)
(796583, 0, 0, 796583)
(796332, 0, 0, 796332)
(795898, 0, 0, 795898)
(795693, 0, 0, 795693)
(795488, 0, 0, 795488)
(795257, 0, 0, 795257)
(795191, 0, 0, 795191)
(795190, 0, 0, 795190)
(795189, 0, 0, 795189)
(795188, 0, 0, 795188)
(795187, 0, 0, 795187)
(795127, 0, 0, 795127)
(795067, 0, 0, 795067)
(794541, 0, 0, 794541)
(794527, 0, 0, 794527)
(794513, 0, 0, 794513)
(794027, 0, 0, 794027)
(793937, 0, 0, 793937)
(793216, 0, 0, 793216)
(792732, 0, 0, 792732)
(792683, 0, 0, 792683)
(792682, 0, 0, 792682)
(792528, 0, 0, 792528)
(792444, 0, 0, 792444)
(792443, 0, 0, 792443)
(792442, 0, 0, 792442)
(792441, 0, 0, 792441)
(792063, 0, 0, 792063)
(791627, 0, 0, 791627)
(791191, 0, 0, 791191)
(790818, 0, 0, 790818)
(790286, 0, 0, 790286)
(790285, 0, 0, 790285)
(790017, 0, 0, 790017)
(789687, 0, 0, 789687)
(789065, 0, 0, 789065)
(788652, 0, 0, 788652)
(788239, 0, 0, 788239)
(787826, 0, 0, 787826)
(787155, 0, 0, 787155)
(786484, 0, 0, 786484)
(786261, 0, 0, 786261)
(786260, 0, 0, 786260)
(785591, 0, 0, 785591)
(785444, 0, 0, 785444)
(784975, 0, 0, 784975)
(784790, 0, 0, 784790)
(784040, 0, 0, 784040)
(783679, 0, 0, 783679)
(782613, 0, 0, 782613)
(782581, 0, 0, 782581)
(782338, 0, 0, 782338)
(782133, 0, 0, 782133)
(781674, 0, 0, 781674)
(781554, 0, 0, 781554)
(780510, 0, 0, 780510)
(780197, 0, 0, 780197)
(779816, 0, 0, 779816)
(779679, 0, 0, 779679)
(779147, 0, 0, 779147)
(778749, 0, 0, 778749)
(778505, 0, 0, 778505)
(778098, 0, 0, 778098)
(777778, 0, 0, 777778)
(777710, 0, 0, 777710)
(777354, 0, 0, 777354)
(777158, 0, 0, 777158)
(776958, 0, 0, 776958)
(776437, 0, 0, 776437)
(776373, 0, 0, 776373)
(776309, 0, 0, 776309)
(776245, 0, 0, 776245)
(775604, 0, 0, 775604)
(774963, 0, 0, 774963)
(774647, 0, 0, 774647)
(774474, 0, 0, 774474)
(774254, 0, 0, 774254)
(774016, 0, 0, 774016)
(773778, 0, 0, 773778)
(773540, 0, 0, 773540)
(773302, 0, 0, 773302)
(773064, 0, 0, 773064)
(772826, 0, 0, 772826)
(772588, 0, 0, 772588)
(772350, 0, 0, 772350)
(771820, 0, 0, 771820)
(771290, 0, 0, 771290)
(770760, 0, 0, 770760)
(770230, 0, 0, 770230)
(769979, 0, 0, 769979)
(769272, 0, 0, 769272)
(768876, 0, 0, 768876)
(767848, 0, 0, 767848)
(767804, 0, 0, 767804)
(767609, 0, 0, 767609)
(767604, 0, 0, 767604)
(767599, 0, 0, 767599)
(767594, 0, 0, 767594)
(767385, 0, 0, 767385)
(767257, 0, 0, 767257)
(767256, 0, 0, 767256)
(766389, 0, 0, 766389)
(766162, 0, 0, 766162)
(765935, 0, 0, 765935)
(765708, 0, 0, 765708)
(765481, 0, 0, 765481)
(765202, 0, 0, 765202)
(764960, 0, 0, 764960)
(764598, 0, 0, 764598)
(764253, 0, 0, 764253)
(764196, 0, 0, 764196)
(763990, 0, 0, 763990)
(763447, 0, 0, 763447)
(763068, 0, 0, 763068)
(762523, 0, 0, 762523)
(761911, 0, 0, 761911)
(761210, 0, 0, 761210)
(761055, 0, 0, 761055)
(760852, 0, 0, 760852)
(760851, 0, 0, 760851)
(760850, 0, 0, 760850)
(760849, 0, 0, 760849)
(760428, 0, 0, 760428)
(760007, 0, 0, 760007)
(759982, 0, 0, 759982)
(759957, 0, 0, 759957)
(759932, 0, 0, 759932)
(759907, 0, 0, 759907)
(759882, 0, 0, 759882)
(759595, 0, 0, 759595)
(759257, 0, 0, 759257)
(759256, 0, 0, 759256)
(759255, 0, 0, 759255)
(759254, 0, 0, 759254)
(759253, 0, 0, 759253)
(759252, 0, 0, 759252)
(759251, 0, 0, 759251)
(759250, 0, 0, 759250)
(759249, 0, 0, 759249)
(759248, 0, 0, 759248)
(759247, 0, 0, 759247)
(759209, 0, 0, 759209)
(759171, 0, 0, 759171)
(759133, 0, 0, 759133)
(758446, 0, 0, 758446)
(758203, 0, 0, 758203)
(757948, 0, 0, 757948)
(757505, 0, 0, 757505)
(756960, 0, 0, 756960)
(756415, 0, 0, 756415)
(755696, 0, 0, 755696)
(755593, 0, 0, 755593)
(755427, 0, 0, 755427)
(754678, 0, 0, 754678)
(753663, 0, 0, 753663)
(753298, 0, 0, 753298)
(753070, 0, 0, 753070)
(752566, 0, 0, 752566)
(752086, 0, 0, 752086)
(751797, 0, 0, 751797)
(751796, 0, 0, 751796)
(751795, 0, 0, 751795)
(751794, 0, 0, 751794)
(751793, 0, 0, 751793)
(751792, 0, 0, 751792)
(751791, 0, 0, 751791)
(751790, 0, 0, 751790)
(751789, 0, 0, 751789)
(751788, 0, 0, 751788)
(751777, 0, 0, 751777)
(751766, 0, 0, 751766)
(751614, 0, 0, 751614)
(751283, 0, 0, 751283)
(750624, 0, 0, 750624)
(749583, 0, 0, 749583)
(749493, 0, 0, 749493)
(749186, 0, 0, 749186)
(748879, 0, 0, 748879)
(748878, 0, 0, 748878)
(748877, 0, 0, 748877)
(748876, 0, 0, 748876)
(748153, 0, 0, 748153)
(747839, 0, 0, 747839)
(747525, 0, 0, 747525)
(747211, 0, 0, 747211)
(746897, 0, 0, 746897)
(746407, 0, 0, 746407)
(746406, 0, 0, 746406)
(745452, 0, 0, 745452)
(745073, 0, 0, 745073)
(744300, 0, 0, 744300)
(744090, 0, 0, 744090)
(743954, 0, 0, 743954)
(743923, 0, 0, 743923)
(743571, 0, 0, 743571)
(743532, 0, 0, 743532)
(743463, 0, 0, 743463)
(743132, 0, 0, 743132)
(742801, 0, 0, 742801)
(742636, 0, 0, 742636)
(742471, 0, 0, 742471)
(742306, 0, 0, 742306)
(742141, 0, 0, 742141)
(741646, 0, 0, 741646)
(741259, 0, 0, 741259)
(740099, 0, 0, 740099)
(739897, 0, 0, 739897)
(739695, 0, 0, 739695)
(739533, 0, 0, 739533)
(739371, 0, 0, 739371)
(739209, 0, 0, 739209)
(739047, 0, 0, 739047)
(739046, 0, 0, 739046)
(738692, 0, 0, 738692)
(738338, 0, 0, 738338)
(738337, 0, 0, 738337)
(738103, 0, 0, 738103)
(737930, 0, 0, 737930)
(737637, 0, 0, 737637)
(737344, 0, 0, 737344)
(736661, 0, 0, 736661)
(736583, 0, 0, 736583)
(736577, 0, 0, 736577)
(736576, 0, 0, 736576)
(736575, 0, 0, 736575)
(736574, 0, 0, 736574)
(736573, 0, 0, 736573)
(736572, 0, 0, 736572)
(736571, 0, 0, 736571)
(736570, 0, 0, 736570)
(736569, 0, 0, 736569)
(736568, 0, 0, 736568)
(736305, 0, 0, 736305)
(736051, 0, 0, 736051)
(735797, 0, 0, 735797)
(735543, 0, 0, 735543)
(735542, 0, 0, 735542)
(735541, 0, 0, 735541)
(734763, 0, 0, 734763)
(734168, 0, 0, 734168)
(733794, 0, 0, 733794)
(733375, 0, 0, 733375)
(733123, 0, 0, 733123)
(732618, 0, 0, 732618)
(732441, 0, 0, 732441)
(732013, 0, 0, 732013)
(731413, 0, 0, 731413)
(731322, 0, 0, 731322)
(731231, 0, 0, 731231)
(731140, 0, 0, 731140)
(731049, 0, 0, 731049)
(730651, 0, 0, 730651)
(730386, 0, 0, 730386)
(730121, 0, 0, 730121)
(729763, 0, 0, 729763)
(729650, 0, 0, 729650)
(729463, 0, 0, 729463)
(729276, 0, 0, 729276)
(729106, 0, 0, 729106)
(728501, 0, 0, 728501)
(728415, 0, 0, 728415)
(727798, 0, 0, 727798)
(727511, 0, 0, 727511)
(726834, 0, 0, 726834)
(726304, 0, 0, 726304)
(726282, 0, 0, 726282)
(725809, 0, 0, 725809)
(725469, 0, 0, 725469)
(724818, 0, 0, 724818)
(724481, 0, 0, 724481)
(724144, 0, 0, 724144)
(723807, 0, 0, 723807)
(723806, 0, 0, 723806)
(723319, 0, 0, 723319)
(722973, 0, 0, 722973)
(722255, 0, 0, 722255)
(721841, 0, 0, 721841)
(721427, 0, 0, 721427)
(721013, 0, 0, 721013)
(720962, 0, 0, 720962)
(720639, 0, 0, 720639)
(720316, 0, 0, 720316)
(720028, 0, 0, 720028)
