(1482881, 0, 0, 1482881)
(1482508, 0, 0, 1482508)
(1482135, 0, 0, 1482135)
(1481744, 0, 0, 1481744)
(1481534, 0, 0, 1481534)
(1481080, 0, 0, 1481080)
(1481044, 0, 0, 1481044)
(1481008, 0, 0, 1481008)
(1480586, 0, 0, 1480586)
(1480223, 0, 0, 1480223)
(1479555, 0, 0, 1479555)
(1479417, 0, 0, 1479417)
(1479299, 0, 0, 1479299)
(1479181, 0, 0, 1479181)
(1478660, 0, 0, 1478660)
(1478369, 0, 0, 1478369)
(1477969, 0, 0, 1477969)
(1477968, 0, 0, 1477968)
(1477967, 0, 0, 1477967)
(1477555, 0, 0, 1477555)
(1477076, 0, 0, 1477076)
(1476862, 0, 0, 1476862)
(1476526, 0, 0, 1476526)
(1475948, 0, 0, 1475948)
(1475811, 0, 0, 1475811)
(1475766, 0, 0, 1475766)
(1475721, 0, 0, 1475721)
(1475676, 0, 0, 1475676)
(1475631, 0, 0, 1475631)
(1475303, 0, 0, 1475303)
(1474666, 0, 0, 1474666)
(1474223, 0, 0, 1474223)
(1473780, 0, 0, 1473780)
(1473652, 0, 0, 1473652)
(1473524, 0, 0, 1473524)
(1473369, 0, 0, 1473369)
(1473012, 0, 0, 1473012)
(1472655, 0, 0, 1472655)
(1472287, 0, 0, 1472287)
(1472114, 0, 0, 1472114)
(1471528, 0, 0, 1471528)
(1471161, 0, 0, 1471161)
(1471028, 0, 0, 1471028)
(1470895, 0, 0, 1470895)
(1470540, 0, 0, 1470540)
(1470539, 0, 0, 1470539)
(1470538, 0, 0, 1470538)
(1470537, 0, 0, 1470537)
(1470536, 0, 0, 1470536)
(1470535, 0, 0, 1470535)
(1470534, 0, 0, 1470534)
(1470533, 0, 0, 1470533)
(1470532, 0, 0, 1470532)
(1469935, 0, 0, 1469935)
(1469338, 0, 0, 1469338)
(1469002, 0, 0, 1469002)
(1468666, 0, 0, 1468666)
(1468330, 0, 0, 1468330)
(1467994, 0, 0, 1467994)
(1467658, 0, 0, 1467658)
(1467322, 0, 0, 1467322)
(1466986, 0, 0, 1466986)
(1466650, 0, 0, 1466650)
(1466314, 0, 0, 1466314)
(1465978, 0, 0, 1465978)
(1465723, 0, 0, 1465723)
(1465468, 0, 0, 1465468)
(1465213, 0, 0, 1465213)
(1464799, 0, 0, 1464799)
(1464459, 0, 0, 1464459)
(1464273, 0, 0, 1464273)
(1463986, 0, 0, 1463986)
(1463746, 0, 0, 1463746)
(1463727, 0, 0, 1463727)
(1463708, 0, 0, 1463708)
(1463707, 0, 0, 1463707)
(1463246, 0, 0, 1463246)
(1462556, 0, 0, 1462556)
(1461866, 0, 0, 1461866)
(1461648, 0, 0, 1461648)
(1461560, 0, 0, 1461560)
(1460771, 0, 0, 1460771)
(1459982, 0, 0, 1459982)
(1459571, 0, 0, 1459571)
(1459160, 0, 0, 1459160)
(1458298, 0, 0, 1458298)
(1457977, 0, 0, 1457977)
(1457469, 0, 0, 1457469)
(1457300, 0, 0, 1457300)
(1457281, 0, 0, 1457281)
(1456943, 0, 0, 1456943)
(1456287, 0, 0, 1456287)
(1455757, 0, 0, 1455757)
(1455546, 0, 0, 1455546)
(1455318, 0, 0, 1455318)
(1454651, 0, 0, 1454651)
(1453902, 0, 0, 1453902)
(1453586, 0, 0, 1453586)
(1453501, 0, 0, 1453501)
(1452673, 0, 0, 1452673)
(1452521, 0, 0, 1452521)
(1452331, 0, 0, 1452331)
(1452141, 0, 0, 1452141)
(1451902, 0, 0, 1451902)
(1451832, 0, 0, 1451832)
(1451044, 0, 0, 1451044)
(1450266, 0, 0, 1450266)
(1449488, 0, 0, 1449488)
(1449108, 0, 0, 1449108)
(1449107, 0, 0, 1449107)
(1448846, 0, 0, 1448846)
(1448845, 0, 0, 1448845)
(1448292, 0, 0, 1448292)
(1447972, 0, 0, 1447972)
(1447690, 0, 0, 1447690)
(1447408, 0, 0, 1447408)
(1447264, 0, 0, 1447264)
(1446972, 0, 0, 1446972)
(1446827, 0, 0, 1446827)
(1446591, 0, 0, 1446591)
(1446435, 0, 0, 1446435)
(1446293, 0, 0, 1446293)
(1446151, 0, 0, 1446151)
(1446150, 0, 0, 1446150)
(1446149, 0, 0, 1446149)
(1445878, 0, 0, 1445878)
(1445497, 0, 0, 1445497)
(1444885, 0, 0, 1444885)
(1444541, 0, 0, 1444541)
(1444395, 0, 0, 1444395)
(1444048, 0, 0, 1444048)
(1444047, 0, 0, 1444047)
(1443761, 0, 0, 1443761)
(1443243, 0, 0, 1443243)
(1442781, 0, 0, 1442781)
(1442147, 0, 0, 1442147)
(1441371, 0, 0, 1441371)
(1441271, 0, 0, 1441271)
(1441171, 0, 0, 1441171)
(1440871, 0, 0, 1440871)
(1440252, 0, 0, 1440252)
(1440251, 0, 0, 1440251)
(1439330, 0, 0, 1439330)
(1438950, 0, 0, 1438950)
(1438700, 0, 0, 1438700)
(1438450, 0, 0, 1438450)
(1437939, 0, 0, 1437939)
(1437428, 0, 0, 1437428)
(1437366, 0, 0, 1437366)
(1436884, 0, 0, 1436884)
(1436359, 0, 0, 1436359)
(1435643, 0, 0, 1435643)
(1435460, 0, 0, 1435460)
(1434917, 0, 0, 1434917)
(1434916, 0, 0, 1434916)
(1434848, 0, 0, 1434848)
(1434847, 0, 0, 1434847)
(1434846, 0, 0, 1434846)
(1434845, 0, 0, 1434845)
(1434232, 0, 0, 1434232)
(1434161, 0, 0, 1434161)
(1433866, 0, 0, 1433866)
(1433571, 0, 0, 1433571)
(1433115, 0, 0, 1433115)
(1432947, 0, 0, 1432947)
(1432779, 0, 0, 1432779)
(1432651, 0, 0, 1432651)
(1432523, 0, 0, 1432523)
(1432395, 0, 0, 1432395)
(1431416, 0, 0, 1431416)
(1430764, 0, 0, 1430764)
(1430542, 0, 0, 1430542)
(1430046, 0, 0, 1430046)
(1429612, 0, 0, 1429612)
(1428834, 0, 0, 1428834)
(1428056, 0, 0, 1428056)
(1427892, 0, 0, 1427892)
(1427657, 0, 0, 1427657)
(1427422, 0, 0, 1427422)
(1426817, 0, 0, 1426817)
(1426259, 0, 0, 1426259)
(1426258, 0, 0, 1426258)
(1425945, 0, 0, 1425945)
(1425632, 0, 0, 1425632)
(1425345, 0, 0, 1425345)
(1425323, 0, 0, 1425323)
(1425322, 0, 0, 1425322)
(1425280, 0, 0, 1425280)
(1425075, 0, 0, 1425075)
(1424870, 0, 0, 1424870)
(1424665, 0, 0, 1424665)
(1424460, 0, 0, 1424460)
(1424255, 0, 0, 1424255)
(1423993, 0, 0, 1423993)
(1423731, 0, 0, 1423731)
(1423469, 0, 0, 1423469)
(1423207, 0, 0, 1423207)
(1422722, 0, 0, 1422722)
(1422437, 0, 0, 1422437)
(1422151, 0, 0, 1422151)
(1421950, 0, 0, 1421950)
(1421550, 0, 0, 1421550)
(1421314, 0, 0, 1421314)
(1421078, 0, 0, 1421078)
(1420842, 0, 0, 1420842)
(1420606, 0, 0, 1420606)
(1420370, 0, 0, 1420370)
(1419791, 0, 0, 1419791)
(1419790, 0, 0, 1419790)
(1419789, 0, 0, 1419789)
(1419260, 0, 0, 1419260)
(1418980, 0, 0, 1418980)
(1418846, 0, 0, 1418846)
(1418149, 0, 0, 1418149)
(1417499, 0, 0, 1417499)
(1417065, 0, 0, 1417065)
(1416866, 0, 0, 1416866)
(1416606, 0, 0, 1416606)
(1416382, 0, 0, 1416382)
(1416158, 0, 0, 1416158)
(1416157, 0, 0, 1416157)
(1416156, 0, 0, 1416156)
(1416155, 0, 0, 1416155)
(1415908, 0, 0, 1415908)
(1415635, 0, 0, 1415635)
(1415274, 0, 0, 1415274)
(1414893, 0, 0, 1414893)
(1414659, 0, 0, 1414659)
(1414508, 0, 0, 1414508)
(1413831, 0, 0, 1413831)
(1413787, 0, 0, 1413787)
(1413743, 0, 0, 1413743)
(1413477, 0, 0, 1413477)
(1413049, 0, 0, 1413049)
(1413048, 0, 0, 1413048)
(1412786, 0, 0, 1412786)
(1412524, 0, 0, 1412524)
(1412305, 0, 0, 1412305)
(1411989, 0, 0, 1411989)
(1411829, 0, 0, 1411829)
(1411669, 0, 0, 1411669)
(1411509, 0, 0, 1411509)
(1411195, 0, 0, 1411195)
(1410800, 0, 0, 1410800)
(1410799, 0, 0, 1410799)
(1410510, 0, 0, 1410510)
(1410261, 0, 0, 1410261)
(1409936, 0, 0, 1409936)
(1409611, 0, 0, 1409611)
(1409055, 0, 0, 1409055)
(1408886, 0, 0, 1408886)
(1408716, 0, 0, 1408716)
(1408546, 0, 0, 1408546)
(1408376, 0, 0, 1408376)
(1408206, 0, 0, 1408206)
(1407570, 0, 0, 1407570)
(1407470, 0, 0, 1407470)
(1407370, 0, 0, 1407370)
(1407270, 0, 0, 1407270)
(1407170, 0, 0, 1407170)
(1406469, 0, 0, 1406469)
(1406142, 0, 0, 1406142)
(1405693, 0, 0, 1405693)
(1405393, 0, 0, 1405393)
(1405349, 0, 0, 1405349)
(1405284, 0, 0, 1405284)
(1405219, 0, 0, 1405219)
(1404678, 0, 0, 1404678)
(1404559, 0, 0, 1404559)
(1404558, 0, 0, 1404558)
(1404557, 0, 0, 1404557)
(1404027, 0, 0, 1404027)
(1403829, 0, 0, 1403829)
(1403356, 0, 0, 1403356)
(1403311, 0, 0, 1403311)
(1403266, 0, 0, 1403266)
(1403221, 0, 0, 1403221)
(1403176, 0, 0, 1403176)
(1403128, 0, 0, 1403128)
(1403080, 0, 0, 1403080)
(1403032, 0, 0, 1403032)
(1402984, 0, 0, 1402984)
(1402381, 0, 0, 1402381)
(1402294, 0, 0, 1402294)
(1402207, 0, 0, 1402207)
(1401895, 0, 0, 1401895)
(1401583, 0, 0, 1401583)
(1401271, 0, 0, 1401271)
(1401092, 0, 0, 1401092)
(1401091, 0, 0, 1401091)
(1400885, 0, 0, 1400885)
(1400633, 0, 0, 1400633)
(1400463, 0, 0, 1400463)
(1400293, 0, 0, 1400293)
(1399464, 0, 0, 1399464)
(1398635, 0, 0, 1398635)
(1398303, 0, 0, 1398303)
(1398302, 0, 0, 1398302)
(1397488, 0, 0, 1397488)
(1397353, 0, 0, 1397353)
(1396674, 0, 0, 1396674)
(1395783, 0, 0, 1395783)
(1395547, 0, 0, 1395547)
(1395311, 0, 0, 1395311)
(1395279, 0, 0, 1395279)
(1395091, 0, 0, 1395091)
(1393910, 0, 0, 1393910)
(1393752, 0, 0, 1393752)
(1393594, 0, 0, 1393594)
(1393436, 0, 0, 1393436)
(1393435, 0, 0, 1393435)
(1393240, 0, 0, 1393240)
(1392901, 0, 0, 1392901)
(1392553, 0, 0, 1392553)
(1392205, 0, 0, 1392205)
(1392177, 0, 0, 1392177)
(1391765, 0, 0, 1391765)
(1391563, 0, 0, 1391563)
(1390800, 0, 0, 1390800)
(1390081, 0, 0, 1390081)
(1389780, 0, 0, 1389780)
(1389479, 0, 0, 1389479)
(1388922, 0, 0, 1388922)
(1388319, 0, 0, 1388319)
(1388046, 0, 0, 1388046)
(1388045, 0, 0, 1388045)
(1388044, 0, 0, 1388044)
(1388043, 0, 0, 1388043)
(1387629, 0, 0, 1387629)
(1387628, 0, 0, 1387628)
(1386977, 0, 0, 1386977)
(1386686, 0, 0, 1386686)
(1386449, 0, 0, 1386449)
(1386448, 0, 0, 1386448)
(1385665, 0, 0, 1385665)
(1385062, 0, 0, 1385062)
(1384314, 0, 0, 1384314)
(1383618, 0, 0, 1383618)
(1383146, 0, 0, 1383146)
(1382982, 0, 0, 1382982)
(1382423, 0, 0, 1382423)
(1382354, 0, 0, 1382354)
(1382285, 0, 0, 1382285)
(1382216, 0, 0, 1382216)
(1382147, 0, 0, 1382147)
(1381224, 0, 0, 1381224)
(1380663, 0, 0, 1380663)
(1380590, 0, 0, 1380590)
(1379758, 0, 0, 1379758)
(1378473, 0, 0, 1378473)
(1377774, 0, 0, 1377774)
(1377075, 0, 0, 1377075)
(1376804, 0, 0, 1376804)
(1376082, 0, 0, 1376082)
(1375891, 0, 0, 1375891)
(1375184, 0, 0, 1375184)
(1374662, 0, 0, 1374662)
(1374322, 0, 0, 1374322)
(1374321, 0, 0, 1374321)
(1374119, 0, 0, 1374119)
(1373947, 0, 0, 1373947)
(1373775, 0, 0, 1373775)
(1373603, 0, 0, 1373603)
(1373501, 0, 0, 1373501)
(1372982, 0, 0, 1372982)
(1372364, 0, 0, 1372364)
(1372297, 0, 0, 1372297)
(1371563, 0, 0, 1371563)
(1371236, 0, 0, 1371236)
(1371086, 0, 0, 1371086)
(1370936, 0, 0, 1370936)
(1370878, 0, 0, 1370878)
(1370511, 0, 0, 1370511)
(1370144, 0, 0, 1370144)
(1369777, 0, 0, 1369777)
(1369294, 0, 0, 1369294)
(1368831, 0, 0, 1368831)
(1368830, 0, 0, 1368830)
(1368829, 0, 0, 1368829)
(1368828, 0, 0, 1368828)
(1368827, 0, 0, 1368827)
(1368826, 0, 0, 1368826)
(1368744, 0, 0, 1368744)
(1368662, 0, 0, 1368662)
(1368580, 0, 0, 1368580)
(1368498, 0, 0, 1368498)
(1368416, 0, 0, 1368416)
(1368334, 0, 0, 1368334)
(1368241, 0, 0, 1368241)
(1367860, 0, 0, 1367860)
(1367669, 0, 0, 1367669)
(1367253, 0, 0, 1367253)
(1366119, 0, 0, 1366119)
(1365882, 0, 0, 1365882)
(1365629, 0, 0, 1365629)
(1365243, 0, 0, 1365243)
(1365095, 0, 0, 1365095)
(1364267, 0, 0, 1364267)
(1364051, 0, 0, 1364051)
(1363556, 0, 0, 1363556)
(1363268, 0, 0, 1363268)
(1362980, 0, 0, 1362980)
(1362416, 0, 0, 1362416)
(1362213, 0, 0, 1362213)
(1362010, 0, 0, 1362010)
(1361807, 0, 0, 1361807)
(1361604, 0, 0, 1361604)
(1361401, 0, 0, 1361401)
(1360728, 0, 0, 1360728)
(1360681, 0, 0, 1360681)
(1360634, 0, 0, 1360634)
(1360587, 0, 0, 1360587)
(1360540, 0, 0, 1360540)
(1360493, 0, 0, 1360493)
(1359903, 0, 0, 1359903)
(1359643, 0, 0, 1359643)
(1359387, 0, 0, 1359387)
(1359350, 0, 0, 1359350)
(1359313, 0, 0, 1359313)
(1359061, 0, 0, 1359061)
(1358809, 0, 0, 1358809)
(1358658, 0, 0, 1358658)
(1358521, 0, 0, 1358521)
(1357721, 0, 0, 1357721)
(1357641, 0, 0, 1357641)
(1357386, 0, 0, 1357386)
(1357131, 0, 0, 1357131)
(1356888, 0, 0, 1356888)
(1356010, 0, 0, 1356010)
(1355191, 0, 0, 1355191)
(1355143, 0, 0, 1355143)
(1354744, 0, 0, 1354744)
(1354188, 0, 0, 1354188)
(1353253, 0, 0, 1353253)
(1352754, 0, 0, 1352754)
(1352302, 0, 0, 1352302)
(1351815, 0, 0, 1351815)
(1351328, 0, 0, 1351328)
(1350704, 0, 0, 1350704)
(1350574, 0, 0, 1350574)
(1350299, 0, 0, 1350299)
(1350232, 0, 0, 1350232)
(1349881, 0, 0, 1349881)
(1349693, 0, 0, 1349693)
(1349409, 0, 0, 1349409)
(1348418, 0, 0, 1348418)
(1348001, 0, 0, 1348001)
(1347693, 0, 0, 1347693)
(1347692, 0, 0, 1347692)
(1347656, 0, 0, 1347656)
(1346931, 0, 0, 1346931)
(1346206, 0, 0, 1346206)
(1345573, 0, 0, 1345573)
(1345083, 0, 0, 1345083)
(1344775, 0, 0, 1344775)
(1344467, 0, 0, 1344467)
(1344159, 0, 0, 1344159)
(1343759, 0, 0, 1343759)
(1343359, 0, 0, 1343359)
(1342959, 0, 0, 1342959)
(1342559, 0, 0, 1342559)
(1342558, 0, 0, 1342558)
(1342557, 0, 0, 1342557)
(1342315, 0, 0, 1342315)
(1342153, 0, 0, 1342153)
(1341720, 0, 0, 1341720)
(1341287, 0, 0, 1341287)
(1341193, 0, 0, 1341193)
(1341099, 0, 0, 1341099)
(1341005, 0, 0, 1341005)
(1340911, 0, 0, 1340911)
(1340712, 0, 0, 1340712)
(1340711, 0, 0, 1340711)
(1340710, 0, 0, 1340710)
(1340365, 0, 0, 1340365)
(1339396, 0, 0, 1339396)
(1339395, 0, 0, 1339395)
(1339040, 0, 0, 1339040)
(1338770, 0, 0, 1338770)
(1338216, 0, 0, 1338216)
(1337644, 0, 0, 1337644)
(1337214, 0, 0, 1337214)
(1337056, 0, 0, 1337056)
(1336497, 0, 0, 1336497)
(1336391, 0, 0, 1336391)
(1336285, 0, 0, 1336285)
(1335476, 0, 0, 1335476)
(1335475, 0, 0, 1335475)
(1335474, 0, 0, 1335474)
(1335348, 0, 0, 1335348)
(1334995, 0, 0, 1334995)
(1334573, 0, 0, 1334573)
(1334151, 0, 0, 1334151)
(1334049, 0, 0, 1334049)
(1333869, 0, 0, 1333869)
(1333823, 0, 0, 1333823)
(1332888, 0, 0, 1332888)
(1332736, 0, 0, 1332736)
(1332119, 0, 0, 1332119)
(1331914, 0, 0, 1331914)
(1331651, 0, 0, 1331651)
(1330983, 0, 0, 1330983)
(1330402, 0, 0, 1330402)
(1330342, 0, 0, 1330342)
(1330119, 0, 0, 1330119)
(1330118, 0, 0, 1330118)
(1329843, 0, 0, 1329843)
(1329030, 0, 0, 1329030)
(1328779, 0, 0, 1328779)
(1328515, 0, 0, 1328515)
(1328202, 0, 0, 1328202)
(1328098, 0, 0, 1328098)
(1327742, 0, 0, 1327742)
(1327535, 0, 0, 1327535)
(1327534, 0, 0, 1327534)
(1327533, 0, 0, 1327533)
(1327532, 0, 0, 1327532)
(1327531, 0, 0, 1327531)
(1327228, 0, 0, 1327228)
(1326882, 0, 0, 1326882)
(1326026, 0, 0, 1326026)
(1325170, 0, 0, 1325170)
(1325169, 0, 0, 1325169)
(1324976, 0, 0, 1324976)
(1324783, 0, 0, 1324783)
(1324590, 0, 0, 1324590)
(1324397, 0, 0, 1324397)
(1324131, 0, 0, 1324131)
(1324012, 0, 0, 1324012)
(1323656, 0, 0, 1323656)
(1323300, 0, 0, 1323300)
(1323242, 0, 0, 1323242)
(1323184, 0, 0, 1323184)
(1323126, 0, 0, 1323126)
(1323068, 0, 0, 1323068)
(1323010, 0, 0, 1323010)
(1322773, 0, 0, 1322773)
(1322536, 0, 0, 1322536)
(1322299, 0, 0, 1322299)
(1322062, 0, 0, 1322062)
(1321716, 0, 0, 1321716)
(1321387, 0, 0, 1321387)
(1320648, 0, 0, 1320648)
(1320434, 0, 0, 1320434)
(1320243, 0, 0, 1320243)
(1320242, 0, 0, 1320242)
(1319881, 0, 0, 1319881)
(1319086, 0, 0, 1319086)
(1318575, 0, 0, 1318575)
(1318286, 0, 0, 1318286)
(1318091, 0, 0, 1318091)
(1317896, 0, 0, 1317896)
(1317512, 0, 0, 1317512)
(1317128, 0, 0, 1317128)
(1317114, 0, 0, 1317114)
(1317100, 0, 0, 1317100)
(1317086, 0, 0, 1317086)
(1317072, 0, 0, 1317072)
(1317058, 0, 0, 1317058)
(1317044, 0, 0, 1317044)
(1317030, 0, 0, 1317030)
(1316955, 0, 0, 1316955)
(1316689, 0, 0, 1316689)
(1316423, 0, 0, 1316423)
(1316157, 0, 0, 1316157)
(1315891, 0, 0, 1315891)
(1315695, 0, 0, 1315695)
(1315643, 0, 0, 1315643)
(1315512, 0, 0, 1315512)
(1315381, 0, 0, 1315381)
(1315108, 0, 0, 1315108)
(1314674, 0, 0, 1314674)
(1314608, 0, 0, 1314608)
(1314468, 0, 0, 1314468)
(1314026, 0, 0, 1314026)
(1313780, 0, 0, 1313780)
(1313555, 0, 0, 1313555)
(1313330, 0, 0, 1313330)
(1313105, 0, 0, 1313105)
(1312880, 0, 0, 1312880)
(1312365, 0, 0, 1312365)
(1312127, 0, 0, 1312127)
(1311889, 0, 0, 1311889)
(1311673, 0, 0, 1311673)
(1311474, 0, 0, 1311474)
(1311390, 0, 0, 1311390)
(1311292, 0, 0, 1311292)
(1310647, 0, 0, 1310647)
(1310002, 0, 0, 1310002)
(1309920, 0, 0, 1309920)
(1309838, 0, 0, 1309838)
(1309623, 0, 0, 1309623)
(1309366, 0, 0, 1309366)
(1309099, 0, 0, 1309099)
(1308832, 0, 0, 1308832)
(1308687, 0, 0, 1308687)
(1308542, 0, 0, 1308542)
(1308397, 0, 0, 1308397)
(1308252, 0, 0, 1308252)
(1308107, 0, 0, 1308107)
(1307962, 0, 0, 1307962)
(1307817, 0, 0, 1307817)
(1307672, 0, 0, 1307672)
(1307527, 0, 0, 1307527)
(1307526, 0, 0, 1307526)
(1307525, 0, 0, 1307525)
(1307524, 0, 0, 1307524)
(1307523, 0, 0, 1307523)
(1307522, 0, 0, 1307522)
(1307107, 0, 0, 1307107)
(1306931, 0, 0, 1306931)
(1306345, 0, 0, 1306345)
(1306124, 0, 0, 1306124)
(1305939, 0, 0, 1305939)
(1305724, 0, 0, 1305724)
(1305308, 0, 0, 1305308)
(1304892, 0, 0, 1304892)
(1304704, 0, 0, 1304704)
(1304516, 0, 0, 1304516)
(1304328, 0, 0, 1304328)
(1304140, 0, 0, 1304140)
(1303952, 0, 0, 1303952)
(1303744, 0, 0, 1303744)
(1303466, 0, 0, 1303466)
(1303188, 0, 0, 1303188)
(1302910, 0, 0, 1302910)
(1302632, 0, 0, 1302632)
(1302371, 0, 0, 1302371)
(1301945, 0, 0, 1301945)
(1301075, 0, 0, 1301075)
(1300038, 0, 0, 1300038)
(1299179, 0, 0, 1299179)
(1299098, 0, 0, 1299098)
(1298830, 0, 0, 1298830)
(1298675, 0, 0, 1298675)
(1298449, 0, 0, 1298449)
(1298114, 0, 0, 1298114)
(1298113, 0, 0, 1298113)
(1298112, 0, 0, 1298112)
(1298046, 0, 0, 1298046)
(1297788, 0, 0, 1297788)
(1297530, 0, 0, 1297530)
(1297272, 0, 0, 1297272)
(1297138, 0, 0, 1297138)
(1297004, 0, 0, 1297004)
(1296870, 0, 0, 1296870)
(1296736, 0, 0, 1296736)
(1296227, 0, 0, 1296227)
(1295718, 0, 0, 1295718)
(1294810, 0, 0, 1294810)
(1294809, 0, 0, 1294809)
(1294808, 0, 0, 1294808)
(1294616, 0, 0, 1294616)
(1294503, 0, 0, 1294503)
(1294343, 0, 0, 1294343)
(1294042, 0, 0, 1294042)
(1293290, 0, 0, 1293290)
(1292538, 0, 0, 1292538)
(1291786, 0, 0, 1291786)
(1291665, 0, 0, 1291665)
(1291283, 0, 0, 1291283)
(1291199, 0, 0, 1291199)
(1291172, 0, 0, 1291172)
(1290636, 0, 0, 1290636)
(1290138, 0, 0, 1290138)
(1289768, 0, 0, 1289768)
(1289594, 0, 0, 1289594)
(1289593, 0, 0, 1289593)
(1288896, 0, 0, 1288896)
(1288671, 0, 0, 1288671)
(1288446, 0, 0, 1288446)
(1287246, 0, 0, 1287246)
(1286862, 0, 0, 1286862)
(1286478, 0, 0, 1286478)
(1286094, 0, 0, 1286094)
(1285935, 0, 0, 1285935)
(1285776, 0, 0, 1285776)
(1285617, 0, 0, 1285617)
(1285458, 0, 0, 1285458)
(1284668, 0, 0, 1284668)
(1284217, 0, 0, 1284217)
(1284127, 0, 0, 1284127)
(1284037, 0, 0, 1284037)
(1283387, 0, 0, 1283387)
