(1329529, 0, 0, 1329529)
(1329252, 0, 0, 1329252)
(1329060, 0, 0, 1329060)
(1328222, 0, 0, 1328222)
(1328137, 0, 0, 1328137)
(1327530, 0, 0, 1327530)
(1327329, 0, 0, 1327329)
(1326878, 0, 0, 1326878)
(1326328, 0, 0, 1326328)
(1325862, 0, 0, 1325862)
(1325708, 0, 0, 1325708)
(1325570, 0, 0, 1325570)
(1325432, 0, 0, 1325432)
(1325294, 0, 0, 1325294)
(1324744, 0, 0, 1324744)
(1324239, 0, 0, 1324239)
(1323870, 0, 0, 1323870)
(1322875, 0, 0, 1322875)
(1322584, 0, 0, 1322584)
(1322100, 0, 0, 1322100)
(1321732, 0, 0, 1321732)
(1321260, 0, 0, 1321260)
(1320699, 0, 0, 1320699)
(1320563, 0, 0, 1320563)
(1320459, 0, 0, 1320459)
(1320350, 0, 0, 1320350)
(1320044, 0, 0, 1320044)
(1319700, 0, 0, 1319700)
(1319170, 0, 0, 1319170)
(1318255, 0, 0, 1318255)
(1318239, 0, 0, 1318239)
(1317903, 0, 0, 1317903)
(1317206, 0, 0, 1317206)
(1316452, 0, 0, 1316452)
(1315803, 0, 0, 1315803)
(1315444, 0, 0, 1315444)
(1315085, 0, 0, 1315085)
(1314483, 0, 0, 1314483)
(1314417, 0, 0, 1314417)
(1313611, 0, 0, 1313611)
(1313343, 0, 0, 1313343)
(1313052, 0, 0, 1313052)
(1312636, 0, 0, 1312636)
(1312407, 0, 0, 1312407)
(1312006, 0, 0, 1312006)
(1311623, 0, 0, 1311623)
(1311159, 0, 0, 1311159)
(1310695, 0, 0, 1310695)
(1310616, 0, 0, 1310616)
(1310225, 0, 0, 1310225)
(1309843, 0, 0, 1309843)
(1309450, 0, 0, 1309450)
(1309326, 0, 0, 1309326)
(1308755, 0, 0, 1308755)
(1308499, 0, 0, 1308499)
(1307684, 0, 0, 1307684)
(1307366, 0, 0, 1307366)
(1307244, 0, 0, 1307244)
(1307082, 0, 0, 1307082)
(1306797, 0, 0, 1306797)
(1306512, 0, 0, 1306512)
(1306328, 0, 0, 1306328)
(1306251, 0, 0, 1306251)
(1305919, 0, 0, 1305919)
(1305461, 0, 0, 1305461)
(1304607, 0, 0, 1304607)
(1304174, 0, 0, 1304174)
(1303864, 0, 0, 1303864)
(1303247, 0, 0, 1303247)
(1303013, 0, 0, 1303013)
(1302822, 0, 0, 1302822)
(1302631, 0, 0, 1302631)
(1302209, 0, 0, 1302209)
(1301942, 0, 0, 1301942)
(1301583, 0, 0, 1301583)
(1300928, 0, 0, 1300928)
(1300458, 0, 0, 1300458)
(1299991, 0, 0, 1299991)
(1299640, 0, 0, 1299640)
(1299156, 0, 0, 1299156)
(1298870, 0, 0, 1298870)
(1298351, 0, 0, 1298351)
(1298242, 0, 0, 1298242)
(1297949, 0, 0, 1297949)
(1297177, 0, 0, 1297177)
(1296556, 0, 0, 1296556)
(1296333, 0, 0, 1296333)
(1296163, 0, 0, 1296163)
(1295993, 0, 0, 1295993)
(1295710, 0, 0, 1295710)
(1295427, 0, 0, 1295427)
(1295286, 0, 0, 1295286)
(1295139, 0, 0, 1295139)
(1294992, 0, 0, 1294992)
(1294845, 0, 0, 1294845)
(1294285, 0, 0, 1294285)
(1294003, 0, 0, 1294003)
(1293551, 0, 0, 1293551)
(1293293, 0, 0, 1293293)
(1292999, 0, 0, 1292999)
(1292761, 0, 0, 1292761)
(1292440, 0, 0, 1292440)
(1291520, 0, 0, 1291520)
(1290542, 0, 0, 1290542)
(1290070, 0, 0, 1290070)
(1289707, 0, 0, 1289707)
(1289311, 0, 0, 1289311)
(1288892, 0, 0, 1288892)
(1288890, 0, 0, 1288890)
(1288300, 0, 0, 1288300)
(1288105, 0, 0, 1288105)
(1287550, 0, 0, 1287550)
(1286915, 0, 0, 1286915)
(1286694, 0, 0, 1286694)
(1286268, 0, 0, 1286268)
(1286028, 0, 0, 1286028)
(1285508, 0, 0, 1285508)
(1285070, 0, 0, 1285070)
(1284992, 0, 0, 1284992)
(1284789, 0, 0, 1284789)
(1284586, 0, 0, 1284586)
(1283991, 0, 0, 1283991)
(1283363, 0, 0, 1283363)
(1282878, 0, 0, 1282878)
(1282432, 0, 0, 1282432)
(1282241, 0, 0, 1282241)
(1281831, 0, 0, 1281831)
(1280957, 0, 0, 1280957)
(1280207, 0, 0, 1280207)
(1279892, 0, 0, 1279892)
(1279518, 0, 0, 1279518)
(1279206, 0, 0, 1279206)
(1278894, 0, 0, 1278894)
(1278514, 0, 0, 1278514)
(1278023, 0, 0, 1278023)
(1277213, 0, 0, 1277213)
(1276937, 0, 0, 1276937)
(1276661, 0, 0, 1276661)
(1276380, 0, 0, 1276380)
(1276101, 0, 0, 1276101)
(1275738, 0, 0, 1275738)
(1275329, 0, 0, 1275329)
(1274649, 0, 0, 1274649)
(1274305, 0, 0, 1274305)
(1273749, 0, 0, 1273749)
(1273361, 0, 0, 1273361)
(1272903, 0, 0, 1272903)
(1272445, 0, 0, 1272445)
(1272350, 0, 0, 1272350)
(1272125, 0, 0, 1272125)
(1271735, 0, 0, 1271735)
(1271327, 0, 0, 1271327)
(1270919, 0, 0, 1270919)
(1270736, 0, 0, 1270736)
(1270383, 0, 0, 1270383)
(1270006, 0, 0, 1270006)
(1269882, 0, 0, 1269882)
(1269497, 0, 0, 1269497)
(1269410, 0, 0, 1269410)
(1268608, 0, 0, 1268608)
(1267806, 0, 0, 1267806)
(1267392, 0, 0, 1267392)
(1266886, 0, 0, 1266886)
(1266197, 0, 0, 1266197)
(1265636, 0, 0, 1265636)
(1265490, 0, 0, 1265490)
(1265219, 0, 0, 1265219)
(1264646, 0, 0, 1264646)
(1263805, 0, 0, 1263805)
(1263712, 0, 0, 1263712)
(1263690, 0, 0, 1263690)
(1263221, 0, 0, 1263221)
(1262937, 0, 0, 1262937)
(1262653, 0, 0, 1262653)
(1262281, 0, 0, 1262281)
(1261898, 0, 0, 1261898)
(1261432, 0, 0, 1261432)
(1261243, 0, 0, 1261243)
(1260787, 0, 0, 1260787)
(1260415, 0, 0, 1260415)
(1260208, 0, 0, 1260208)
(1260057, 0, 0, 1260057)
(1259535, 0, 0, 1259535)
(1259013, 0, 0, 1259013)
(1258577, 0, 0, 1258577)
(1258381, 0, 0, 1258381)
(1258185, 0, 0, 1258185)
(1257921, 0, 0, 1257921)
(1257724, 0, 0, 1257724)
(1257527, 0, 0, 1257527)
(1256828, 0, 0, 1256828)
(1256066, 0, 0, 1256066)
(1255613, 0, 0, 1255613)
(1254763, 0, 0, 1254763)
(1254305, 0, 0, 1254305)
(1253474, 0, 0, 1253474)
(1252768, 0, 0, 1252768)
(1252249, 0, 0, 1252249)
(1251521, 0, 0, 1251521)
(1251304, 0, 0, 1251304)
(1250884, 0, 0, 1250884)
(1250588, 0, 0, 1250588)
(1250282, 0, 0, 1250282)
(1249997, 0, 0, 1249997)
(1249731, 0, 0, 1249731)
(1249286, 0, 0, 1249286)
(1248840, 0, 0, 1248840)
(1248403, 0, 0, 1248403)
(1247966, 0, 0, 1247966)
(1247427, 0, 0, 1247427)
(1247144, 0, 0, 1247144)
(1246716, 0, 0, 1246716)
(1246061, 0, 0, 1246061)
(1245406, 0, 0, 1245406)
(1245179, 0, 0, 1245179)
(1244952, 0, 0, 1244952)
(1244725, 0, 0, 1244725)
(1244584, 0, 0, 1244584)
(1243884, 0, 0, 1243884)
(1243734, 0, 0, 1243734)
(1242992, 0, 0, 1242992)
(1242863, 0, 0, 1242863)
(1242589, 0, 0, 1242589)
(1242526, 0, 0, 1242526)
(1242464, 0, 0, 1242464)
(1241917, 0, 0, 1241917)
(1241559, 0, 0, 1241559)
(1240954, 0, 0, 1240954)
(1240030, 0, 0, 1240030)
(1239436, 0, 0, 1239436)
(1239176, 0, 0, 1239176)
(1238860, 0, 0, 1238860)
(1238751, 0, 0, 1238751)
(1238235, 0, 0, 1238235)
(1237737, 0, 0, 1237737)
(1237273, 0, 0, 1237273)
(1237142, 0, 0, 1237142)
(1236619, 0, 0, 1236619)
(1236345, 0, 0, 1236345)
(1236071, 0, 0, 1236071)
(1235743, 0, 0, 1235743)
(1234937, 0, 0, 1234937)
(1234692, 0, 0, 1234692)
(1233696, 0, 0, 1233696)
(1233034, 0, 0, 1233034)
(1232732, 0, 0, 1232732)
(1232394, 0, 0, 1232394)
(1231995, 0, 0, 1231995)
(1231681, 0, 0, 1231681)
(1231457, 0, 0, 1231457)
(1231003, 0, 0, 1231003)
(1230532, 0, 0, 1230532)
(1230372, 0, 0, 1230372)
(1229317, 0, 0, 1229317)
(1228826, 0, 0, 1228826)
(1228537, 0, 0, 1228537)
(1228212, 0, 0, 1228212)
(1228097, 0, 0, 1228097)
(1227789, 0, 0, 1227789)
(1227396, 0, 0, 1227396)
(1227003, 0, 0, 1227003)
(1226306, 0, 0, 1226306)
(1226269, 0, 0, 1226269)
(1225873, 0, 0, 1225873)
(1225590, 0, 0, 1225590)
(1225192, 0, 0, 1225192)
(1224855, 0, 0, 1224855)
(1224368, 0, 0, 1224368)
(1223958, 0, 0, 1223958)
(1223709, 0, 0, 1223709)
(1223327, 0, 0, 1223327)
(1222894, 0, 0, 1222894)
(1222737, 0, 0, 1222737)
(1222422, 0, 0, 1222422)
(1222107, 0, 0, 1222107)
(1221669, 0, 0, 1221669)
(1221097, 0, 0, 1221097)
(1220709, 0, 0, 1220709)
(1220068, 0, 0, 1220068)
(1219449, 0, 0, 1219449)
(1218830, 0, 0, 1218830)
(1218705, 0, 0, 1218705)
(1218360, 0, 0, 1218360)
(1217730, 0, 0, 1217730)
(1217309, 0, 0, 1217309)
(1217155, 0, 0, 1217155)
(1216966, 0, 0, 1216966)
(1216610, 0, 0, 1216610)
(1216254, 0, 0, 1216254)
(1215844, 0, 0, 1215844)
(1215434, 0, 0, 1215434)
(1215024, 0, 0, 1215024)
(1214614, 0, 0, 1214614)
(1214204, 0, 0, 1214204)
(1213461, 0, 0, 1213461)
(1212805, 0, 0, 1212805)
(1212675, 0, 0, 1212675)
(1211999, 0, 0, 1211999)
(1211323, 0, 0, 1211323)
(1210647, 0, 0, 1210647)
(1210434, 0, 0, 1210434)
(1210219, 0, 0, 1210219)
(1209444, 0, 0, 1209444)
(1209025, 0, 0, 1209025)
(1208285, 0, 0, 1208285)
(1207937, 0, 0, 1207937)
(1207312, 0, 0, 1207312)
(1207134, 0, 0, 1207134)
(1207047, 0, 0, 1207047)
(1206882, 0, 0, 1206882)
(1206372, 0, 0, 1206372)
(1205621, 0, 0, 1205621)
(1205479, 0, 0, 1205479)
(1204927, 0, 0, 1204927)
(1204860, 0, 0, 1204860)
(1204089, 0, 0, 1204089)
(1203541, 0, 0, 1203541)
(1203162, 0, 0, 1203162)
(1202886, 0, 0, 1202886)
(1202610, 0, 0, 1202610)
(1201824, 0, 0, 1201824)
(1201160, 0, 0, 1201160)
(1200902, 0, 0, 1200902)
(1200743, 0, 0, 1200743)
(1200464, 0, 0, 1200464)
(1199851, 0, 0, 1199851)
(1199276, 0, 0, 1199276)
(1198757, 0, 0, 1198757)
(1198238, 0, 0, 1198238)
(1198016, 0, 0, 1198016)
(1197998, 0, 0, 1197998)
(1197454, 0, 0, 1197454)
(1196910, 0, 0, 1196910)
(1196366, 0, 0, 1196366)
(1195879, 0, 0, 1195879)
(1195500, 0, 0, 1195500)
(1195024, 0, 0, 1195024)
(1194974, 0, 0, 1194974)
(1194924, 0, 0, 1194924)
(1194874, 0, 0, 1194874)
(1194379, 0, 0, 1194379)
(1193680, 0, 0, 1193680)
(1193206, 0, 0, 1193206)
(1193013, 0, 0, 1193013)
(1192786, 0, 0, 1192786)
(1192258, 0, 0, 1192258)
(1191333, 0, 0, 1191333)
(1190489, 0, 0, 1190489)
(1189645, 0, 0, 1189645)
(1189226, 0, 0, 1189226)
(1188790, 0, 0, 1188790)
(1187813, 0, 0, 1187813)
(1187500, 0, 0, 1187500)
(1187209, 0, 0, 1187209)
(1186919, 0, 0, 1186919)
(1186756, 0, 0, 1186756)
(1186601, 0, 0, 1186601)
(1186329, 0, 0, 1186329)
(1185638, 0, 0, 1185638)
(1185043, 0, 0, 1185043)
(1184928, 0, 0, 1184928)
(1184664, 0, 0, 1184664)
(1184155, 0, 0, 1184155)
(1184082, 0, 0, 1184082)
(1183664, 0, 0, 1183664)
(1183250, 0, 0, 1183250)
(1182804, 0, 0, 1182804)
(1182527, 0, 0, 1182527)
(1181839, 0, 0, 1181839)
(1181165, 0, 0, 1181165)
(1180668, 0, 0, 1180668)
(1180129, 0, 0, 1180129)
(1179941, 0, 0, 1179941)
(1179731, 0, 0, 1179731)
(1179253, 0, 0, 1179253)
(1178814, 0, 0, 1178814)
(1178566, 0, 0, 1178566)
(1178382, 0, 0, 1178382)
(1178052, 0, 0, 1178052)
(1177722, 0, 0, 1177722)
(1177348, 0, 0, 1177348)
(1176940, 0, 0, 1176940)
(1176582, 0, 0, 1176582)
(1176431, 0, 0, 1176431)
(1175578, 0, 0, 1175578)
(1174668, 0, 0, 1174668)
(1174271, 0, 0, 1174271)
(1174065, 0, 0, 1174065)
(1173479, 0, 0, 1173479)
(1172983, 0, 0, 1172983)
(1172304, 0, 0, 1172304)
(1171292, 0, 0, 1171292)
(1170886, 0, 0, 1170886)
(1170097, 0, 0, 1170097)
(1169902, 0, 0, 1169902)
(1169687, 0, 0, 1169687)
(1169370, 0, 0, 1169370)
(1169062, 0, 0, 1169062)
(1168940, 0, 0, 1168940)
(1168818, 0, 0, 1168818)
(1168696, 0, 0, 1168696)
(1168574, 0, 0, 1168574)
(1168452, 0, 0, 1168452)
(1168330, 0, 0, 1168330)
(1168208, 0, 0, 1168208)
(1168086, 0, 0, 1168086)
(1167768, 0, 0, 1167768)
(1167568, 0, 0, 1167568)
(1167221, 0, 0, 1167221)
(1166952, 0, 0, 1166952)
(1166774, 0, 0, 1166774)
(1166023, 0, 0, 1166023)
(1165804, 0, 0, 1165804)
(1165645, 0, 0, 1165645)
(1164609, 0, 0, 1164609)
(1164065, 0, 0, 1164065)
(1163428, 0, 0, 1163428)
(1163071, 0, 0, 1163071)
(1162547, 0, 0, 1162547)
(1161911, 0, 0, 1161911)
(1161570, 0, 0, 1161570)
(1160596, 0, 0, 1160596)
(1160342, 0, 0, 1160342)
(1160226, 0, 0, 1160226)
(1159953, 0, 0, 1159953)
(1159845, 0, 0, 1159845)
(1159648, 0, 0, 1159648)
(1159451, 0, 0, 1159451)
(1159259, 0, 0, 1159259)
(1159067, 0, 0, 1159067)
(1158833, 0, 0, 1158833)
(1157987, 0, 0, 1157987)
(1157356, 0, 0, 1157356)
(1157355, 0, 0, 1157355)
(1157028, 0, 0, 1157028)
(1156587, 0, 0, 1156587)
(1156464, 0, 0, 1156464)
(1156199, 0, 0, 1156199)
(1155660, 0, 0, 1155660)
(1155549, 0, 0, 1155549)
(1155457, 0, 0, 1155457)
(1155365, 0, 0, 1155365)
(1155273, 0, 0, 1155273)
(1154666, 0, 0, 1154666)
(1154223, 0, 0, 1154223)
(1153698, 0, 0, 1153698)
(1153205, 0, 0, 1153205)
(1152924, 0, 0, 1152924)
(1152628, 0, 0, 1152628)
(1152043, 0, 0, 1152043)
(1151264, 0, 0, 1151264)
(1151027, 0, 0, 1151027)
(1150765, 0, 0, 1150765)
(1150390, 0, 0, 1150390)
(1150135, 0, 0, 1150135)
(1149800, 0, 0, 1149800)
(1149333, 0, 0, 1149333)
(1148762, 0, 0, 1148762)
(1148289, 0, 0, 1148289)
(1147816, 0, 0, 1147816)
(1147316, 0, 0, 1147316)
(1147108, 0, 0, 1147108)
(1146543, 0, 0, 1146543)
(1145901, 0, 0, 1145901)
(1145745, 0, 0, 1145745)
(1145439, 0, 0, 1145439)
(1145068, 0, 0, 1145068)
(1144495, 0, 0, 1144495)
(1144007, 0, 0, 1144007)
(1143772, 0, 0, 1143772)
(1143396, 0, 0, 1143396)
(1143116, 0, 0, 1143116)
(1142836, 0, 0, 1142836)
(1142346, 0, 0, 1142346)
(1142125, 0, 0, 1142125)
(1141958, 0, 0, 1141958)
(1141470, 0, 0, 1141470)
(1141430, 0, 0, 1141430)
(1141390, 0, 0, 1141390)
(1141247, 0, 0, 1141247)
(1140879, 0, 0, 1140879)
(1140075, 0, 0, 1140075)
(1139154, 0, 0, 1139154)
(1138597, 0, 0, 1138597)
(1137975, 0, 0, 1137975)
(1137606, 0, 0, 1137606)
(1136916, 0, 0, 1136916)
(1135999, 0, 0, 1135999)
(1135069, 0, 0, 1135069)
(1134696, 0, 0, 1134696)
(1134466, 0, 0, 1134466)
(1133550, 0, 0, 1133550)
(1133204, 0, 0, 1133204)
(1132847, 0, 0, 1132847)
(1132191, 0, 0, 1132191)
(1131700, 0, 0, 1131700)
(1131171, 0, 0, 1131171)
(1130997, 0, 0, 1130997)
(1130717, 0, 0, 1130717)
(1130149, 0, 0, 1130149)
(1129636, 0, 0, 1129636)
(1129371, 0, 0, 1129371)
(1129087, 0, 0, 1129087)
(1128958, 0, 0, 1128958)
(1128871, 0, 0, 1128871)
(1128573, 0, 0, 1128573)
(1127703, 0, 0, 1127703)
(1127315, 0, 0, 1127315)
(1126238, 0, 0, 1126238)
(1126159, 0, 0, 1126159)
(1125945, 0, 0, 1125945)
(1125731, 0, 0, 1125731)
(1125205, 0, 0, 1125205)
(1124844, 0, 0, 1124844)
(1124425, 0, 0, 1124425)
(1124006, 0, 0, 1124006)
(1123838, 0, 0, 1123838)
(1123466, 0, 0, 1123466)
(1122980, 0, 0, 1122980)
(1122637, 0, 0, 1122637)
(1122381, 0, 0, 1122381)
(1122125, 0, 0, 1122125)
(1121877, 0, 0, 1121877)
(1121662, 0, 0, 1121662)
(1121560, 0, 0, 1121560)
(1121255, 0, 0, 1121255)
(1120615, 0, 0, 1120615)
(1120178, 0, 0, 1120178)
(1119819, 0, 0, 1119819)
(1119667, 0, 0, 1119667)
(1118886, 0, 0, 1118886)
(1118714, 0, 0, 1118714)
(1118542, 0, 0, 1118542)
(1118137, 0, 0, 1118137)
(1117923, 0, 0, 1117923)
(1117305, 0, 0, 1117305)
(1117074, 0, 0, 1117074)
(1116486, 0, 0, 1116486)
(1115562, 0, 0, 1115562)
(1115199, 0, 0, 1115199)
(1115181, 0, 0, 1115181)
(1114678, 0, 0, 1114678)
(1114297, 0, 0, 1114297)
(1113812, 0, 0, 1113812)
(1113000, 0, 0, 1113000)
(1112369, 0, 0, 1112369)
(1112076, 0, 0, 1112076)
(1111783, 0, 0, 1111783)
(1111490, 0, 0, 1111490)
(1111019, 0, 0, 1111019)
(1110489, 0, 0, 1110489)
(1110089, 0, 0, 1110089)
(1109689, 0, 0, 1109689)
(1109289, 0, 0, 1109289)
(1108889, 0, 0, 1108889)
(1108043, 0, 0, 1108043)
(1107604, 0, 0, 1107604)
(1107304, 0, 0, 1107304)
(1106986, 0, 0, 1106986)
(1106504, 0, 0, 1106504)
(1106057, 0, 0, 1106057)
(1105314, 0, 0, 1105314)
(1104687, 0, 0, 1104687)
(1104514, 0, 0, 1104514)
(1103482, 0, 0, 1103482)
(1102434, 0, 0, 1102434)
(1102243, 0, 0, 1102243)
(1101578, 0, 0, 1101578)
(1101250, 0, 0, 1101250)
(1100918, 0, 0, 1100918)
(1100614, 0, 0, 1100614)
(1100505, 0, 0, 1100505)
(1099973, 0, 0, 1099973)
(1099438, 0, 0, 1099438)
(1099206, 0, 0, 1099206)
(1099164, 0, 0, 1099164)
(1098884, 0, 0, 1098884)
(1098805, 0, 0, 1098805)
(1098499, 0, 0, 1098499)
(1097552, 0, 0, 1097552)
(1096965, 0, 0, 1096965)
(1096432, 0, 0, 1096432)
(1095926, 0, 0, 1095926)
(1095793, 0, 0, 1095793)
(1095362, 0, 0, 1095362)
(1095229, 0, 0, 1095229)
(1095013, 0, 0, 1095013)
(1094630, 0, 0, 1094630)
(1094407, 0, 0, 1094407)
(1094054, 0, 0, 1094054)
(1093955, 0, 0, 1093955)
(1093856, 0, 0, 1093856)
(1093661, 0, 0, 1093661)
(1093448, 0, 0, 1093448)
(1092469, 0, 0, 1092469)
(1092292, 0, 0, 1092292)
(1091421, 0, 0, 1091421)
(1090550, 0, 0, 1090550)
(1089877, 0, 0, 1089877)
(1089204, 0, 0, 1089204)
(1088531, 0, 0, 1088531)
(1087968, 0, 0, 1087968)
(1087645, 0, 0, 1087645)
(1087077, 0, 0, 1087077)
(1086555, 0, 0, 1086555)
(1086504, 0, 0, 1086504)
(1086143, 0, 0, 1086143)
(1085665, 0, 0, 1085665)
(1085361, 0, 0, 1085361)
(1085271, 0, 0, 1085271)
(1085181, 0, 0, 1085181)
(1085019, 0, 0, 1085019)
(1084857, 0, 0, 1084857)
(1084695, 0, 0, 1084695)
(1084110, 0, 0, 1084110)
(1084011, 0, 0, 1084011)
(1083727, 0, 0, 1083727)
(1082969, 0, 0, 1082969)
(1082774, 0, 0, 1082774)
(1082506, 0, 0, 1082506)
(1081957, 0, 0, 1081957)
(1081408, 0, 0, 1081408)
(1080592, 0, 0, 1080592)
(1080373, 0, 0, 1080373)
(1080195, 0, 0, 1080195)
(1079550, 0, 0, 1079550)
(1079086, 0, 0, 1079086)
(1078811, 0, 0, 1078811)
(1078200, 0, 0, 1078200)
(1078080, 0, 0, 1078080)
(1077147, 0, 0, 1077147)
(1076835, 0, 0, 1076835)
(1076776, 0, 0, 1076776)
(1076717, 0, 0, 1076717)
(1076636, 0, 0, 1076636)
(1076475, 0, 0, 1076475)
(1076314, 0, 0, 1076314)
(1076016, 0, 0, 1076016)
(1075231, 0, 0, 1075231)
(1074522, 0, 0, 1074522)
(1073886, 0, 0, 1073886)
(1073574, 0, 0, 1073574)
(1073132, 0, 0, 1073132)
(1073022, 0, 0, 1073022)
(1072147, 0, 0, 1072147)
(1071773, 0, 0, 1071773)
(1071610, 0, 0, 1071610)
(1071447, 0, 0, 1071447)
(1071284, 0, 0, 1071284)
(1070899, 0, 0, 1070899)
(1070332, 0, 0, 1070332)
(1069938, 0, 0, 1069938)
(1068904, 0, 0, 1068904)
(1068560, 0, 0, 1068560)
(1068159, 0, 0, 1068159)
(1067758, 0, 0, 1067758)
(1067242, 0, 0, 1067242)
(1067063, 0, 0, 1067063)
(1066884, 0, 0, 1066884)
(1066549, 0, 0, 1066549)
(1066316, 0, 0, 1066316)
(1065850, 0, 0, 1065850)
(1065188, 0, 0, 1065188)
(1065019, 0, 0, 1065019)
(1064680, 0, 0, 1064680)
(1064365, 0, 0, 1064365)
(1063828, 0, 0, 1063828)
(1063360, 0, 0, 1063360)
(1063234, 0, 0, 1063234)
(1063109, 0, 0, 1063109)
(1062984, 0, 0, 1062984)
(1062712, 0, 0, 1062712)
(1062102, 0, 0, 1062102)
(1062078, 0, 0, 1062078)
(1061376, 0, 0, 1061376)
