(1067771, 0, 467, 1068238)
(1068238, 0, 0, 1068238)
(1067632, 0, 606, 1068238)
(1068238, 0, 0, 1068238)
(1067771, 0, 467, 1068238)
(1068238, 0, 0, 1068238)
(1067982, 0, 256, 1068238)
(1067515, 0, 723, 1068238)
(1067982, 0, 256, 1068238)
(1068238, 0, 0, 1068238)
(1067982, 0, 256, 1068238)
(1067515, 0, 723, 1068238)
(1067982, 0, 256, 1068238)
(1067376, 0, 862, 1068238)
(1067982, 0, 256, 1068238)
(1067376, 0, 862, 1068238)
(1067982, 0, 256, 1068238)
(1067376, 0, 862, 1068238)
(1067982, 0, 256, 1068238)
(1068238, 0, 0, 1068238)
(1067982, 0, 256, 1068238)
(1067376, 0, 862, 1068238)
(1067982, 0, 256, 1068238)
(1067515, 0, 723, 1068238)
(1067982, 0, 256, 1068238)
(1067515, 0, 723, 1068238)
(1067982, 0, 256, 1068238)
(1068238, 0, 0, 1068238)
(1067632, 0, 606, 1068238)
(1068238, 0, 0, 1068238)
(1067835, 0, 403, 1068238)
(1067229, 0, 1009, 1068238)
(1067835, 0, 403, 1068238)
(1067229, 0, 1009, 1068238)
(1067835, 0, 403, 1068238)
(1068238, 0, 0, 1068238)
(1067771, 0, 467, 1068238)
(1068238, 0, 0, 1068238)
(1067632, 0, 606, 1068238)
(1068238, 0, 0, 1068238)
(1067632, 0, 606, 1068238)
(1068238, 0, 0, 1068238)
(1067632, 0, 606, 1068238)
(1068238, 0, 0, 1068238)
(1067771, 0, 467, 1068238)
(1068238, 0, 0, 1068238)
(1067632, 0, 606, 1068238)
(1068238, 0, 0, 1068238)
(1067771, 0, 467, 1068238)
(1068238, 0, 0, 1068238)
(1067835, 0, 403, 1068238)
(1067368, 0, 870, 1068238)
(1067835, 0, 403, 1068238)
(1068238, 0, 0, 1068238)
(1067632, 0, 606, 1068238)
(1068238, 0, 0, 1068238)
(1067632, 0, 606, 1068238)
(1068238, 0, 0, 1068238)
(1067632, 0, 606, 1068238)
(1068238, 0, 0, 1068238)
(1067632, 0, 606, 1068238)
(1068238, 0, 0, 1068238)
(1067632, 0, 606, 1068238)
(1068238, 0, 0, 1068238)
(1067771, 0, 467, 1068238)
(1068238, 0, 0, 1068238)
(1067771, 0, 467, 1068238)
(1068238, 0, 0, 1068238)
(1067771, 0, 467, 1068238)
(1068238, 0, 0, 1068238)
(1067632, 0, 606, 1068238)
(1068238, 0, 0, 1068238)
(1067982, 0, 256, 1068238)
(1067376, 0, 862, 1068238)
(1067982, 0, 256, 1068238)
(1067376, 0, 862, 1068238)
(1067982, 0, 256, 1068238)
(1067376, 0, 862, 1068238)
(1067982, 0, 256, 1068238)
(1067515, 0, 723, 1068238)
(1067982, 0, 256, 1068238)
(1067376, 0, 862, 1068238)
(1067982, 0, 256, 1068238)
(1067376, 0, 862, 1068238)
(1067982, 0, 256, 1068238)
(1067376, 0, 862, 1068238)
(1067982, 0, 256, 1068238)
(1067376, 0, 862, 1068238)
(1067982, 0, 256, 1068238)
(1067376, 0, 862, 1068238)
(1067982, 0, 256, 1068238)
(1068238, 0, 0, 1068238)
(1067632, 0, 606, 1068238)
(1068238, 0, 0, 1068238)
(1067982, 0, 256, 1068238)
(1067376, 0, 862, 1068238)
(1067982, 0, 256, 1068238)
(1067376, 0, 862, 1068238)
(1067982, 0, 256, 1068238)
(1067515, 0, 723, 1068238)
(1067982, 0, 256, 1068238)
(1067376, 0, 862, 1068238)
(1067982, 0, 256, 1068238)
(1067376, 0, 862, 1068238)
(1067982, 0, 256, 1068238)
(1067376, 0, 862, 1068238)
(1067982, 0, 256, 1068238)
(1067515, 0, 723, 1068238)
(1067982, 0, 256, 1068238)
(1068238, 0, 0, 1068238)
(1068142, 0, 96, 1068238)
(1067536, 0, 702, 1068238)
(1068142, 0, 96, 1068238)
(1067675, 0, 563, 1068238)
(1068142, 0, 96, 1068238)
(1067536, 0, 702, 1068238)
(1068142, 0, 96, 1068238)
(1067675, 0, 563, 1068238)
(1068142, 0, 96, 1068238)
(1068238, 0, 0, 1068238)
(1067632, 0, 606, 1068238)
(1068238, 0, 0, 1068238)
(1067632, 0, 606, 1068238)
(1068238, 0, 0, 1068238)
(1067632, 0, 606, 1068238)
(1068238, 0, 0, 1068238)
(1067632, 0, 606, 1068238)
(1068238, 0, 0, 1068238)
(1067982, 0, 256, 1068238)
(1068238, 0, 0, 1068238)
(1067632, 0, 606, 1068238)
(1068238, 0, 0, 1068238)
(1067982, 0, 256, 1068238)
(1067376, 0, 862, 1068238)
(1067982, 0, 256, 1068238)
(1067515, 0, 723, 1068238)
(1067982, 0, 256, 1068238)
(1067376, 0, 862, 1068238)
(1067982, 0, 256, 1068238)
(1067515, 0, 723, 1068238)
(1067982, 0, 256, 1068238)
(1067515, 0, 723, 1068238)
(1067982, 0, 256, 1068238)
(1068238, 0, 0, 1068238)
(1067632, 0, 606, 1068238)
(1068238, 0, 0, 1068238)
(1067771, 0, 467, 1068238)
(1068238, 0, 0, 1068238)
(1067982, 0, 256, 1068238)
(1067515, 0, 723, 1068238)
(1067982, 0, 256, 1068238)
(1067376, 0, 862, 1068238)
(1067982, 0, 256, 1068238)
(1067376, 0, 862, 1068238)
(1067982, 0, 256, 1068238)
(1067376, 0, 862, 1068238)
(1067982, 0, 256, 1068238)
(1067515, 0, 723, 1068238)
(1067982, 0, 256, 1068238)
(1067515, 0, 723, 1068238)
(1067982, 0, 256, 1068238)
(1067376, 0, 862, 1068238)
(1067982, 0, 256, 1068238)
(1067376, 0, 862, 1068238)
(1067982, 0, 256, 1068238)
(1068238, 0, 0, 1068238)
(1067771, 0, 467, 1068238)
(1068238, 0, 0, 1068238)
(1067835, 0, 403, 1068238)
(1068238, 0, 0, 1068238)
(1067771, 0, 467, 1068238)
(1068238, 0, 0, 1068238)
(1067632, 0, 606, 1068238)
(1068238, 0, 0, 1068238)
(1067632, 0, 606, 1068238)
(1068238, 0, 0, 1068238)
(1067771, 0, 467, 1068238)
(1068238, 0, 0, 1068238)
(1067982, 0, 256, 1068238)
(1068238, 0, 0, 1068238)
(1067982, 0, 256, 1068238)
(1067376, 0, 862, 1068238)
(1067982, 0, 256, 1068238)
(1067376, 0, 862, 1068238)
(1067982, 0, 256, 1068238)
(1068238, 0, 0, 1068238)
(1067632, 0, 606, 1068238)
(1068238, 0, 0, 1068238)
(1067632, 0, 606, 1068238)
(1068238, 0, 0, 1068238)
(1067632, 0, 606, 1068238)
(1068238, 0, 0, 1068238)
(1067632, 0, 606, 1068238)
(1068238, 0, 0, 1068238)
(1068142, 0, 96, 1068238)
(1067536, 0, 702, 1068238)
(1068142, 0, 96, 1068238)
(1067886, 0, 352, 1068238)
(1068142, 0, 96, 1068238)
(1067536, 0, 702, 1068238)
(1068142, 0, 96, 1068238)
(1067739, 0, 499, 1068238)
(1067133, 0, 1105, 1068238)
(1067739, 0, 499, 1068238)
(1067272, 0, 966, 1068238)
(1067739, 0, 499, 1068238)
(1068142, 0, 96, 1068238)
(1067536, 0, 702, 1068238)
(1068142, 0, 96, 1068238)
(1067536, 0, 702, 1068238)
(1068142, 0, 96, 1068238)
(1067536, 0, 702, 1068238)
(1068142, 0, 96, 1068238)
(1067675, 0, 563, 1068238)
(1068142, 0, 96, 1068238)
(1067536, 0, 702, 1068238)
(1068142, 0, 96, 1068238)
(1068238, 0, 0, 1068238)
(1067632, 0, 606, 1068238)
(1068238, 0, 0, 1068238)
(1067771, 0, 467, 1068238)
(1068238, 0, 0, 1068238)
(1067835, 0, 403, 1068238)
(1068238, 0, 0, 1068238)
(1067632, 0, 606, 1068238)
(1068238, 0, 0, 1068238)
(1067771, 0, 467, 1068238)
(1068238, 0, 0, 1068238)
(1067771, 0, 467, 1068238)
(1068238, 0, 0, 1068238)
(1067993, 0, 245, 1068238)
(1067744, 0, 494, 1068238)
(1067488, 0, 750, 1068238)
(1066882, 0, 1356, 1068238)
(1067488, 0, 750, 1068238)
(1067744, 0, 494, 1068238)
(1067138, 0, 1100, 1068238)
(1067744, 0, 494, 1068238)
(1067341, 0, 897, 1068238)
(1066735, 0, 1503, 1068238)
(1067341, 0, 897, 1068238)
(1067744, 0, 494, 1068238)
(1067648, 0, 590, 1068238)
(1067042, 0, 1196, 1068238)
(1067648, 0, 590, 1068238)
(1067042, 0, 1196, 1068238)
(1067648, 0, 590, 1068238)
(1067392, 0, 846, 1068238)
(1067648, 0, 590, 1068238)
(1067181, 0, 1057, 1068238)
(1067648, 0, 590, 1068238)
(1067245, 0, 993, 1068238)
(1066639, 0, 1599, 1068238)
(1067245, 0, 993, 1068238)
(1066639, 0, 1599, 1068238)
(1067245, 0, 993, 1068238)
(1066778, 0, 1460, 1068238)
(1067245, 0, 993, 1068238)
(1066639, 0, 1599, 1068238)
(1067245, 0, 993, 1068238)
(1066639, 0, 1599, 1068238)
(1067245, 0, 993, 1068238)
(1066639, 0, 1599, 1068238)
(1067245, 0, 993, 1068238)
(1067648, 0, 590, 1068238)
(1067181, 0, 1057, 1068238)
(1067648, 0, 590, 1068238)
(1067245, 0, 993, 1068238)
(1066639, 0, 1599, 1068238)
(1067245, 0, 993, 1068238)
(1066639, 0, 1599, 1068238)
(1067245, 0, 993, 1068238)
(1067648, 0, 590, 1068238)
(1067744, 0, 494, 1068238)
(1067277, 0, 961, 1068238)
(1067744, 0, 494, 1068238)
(1067277, 0, 961, 1068238)
(1067744, 0, 494, 1068238)
(1067138, 0, 1100, 1068238)
(1067744, 0, 494, 1068238)
(1067138, 0, 1100, 1068238)
(1067744, 0, 494, 1068238)
(1067617, 0, 621, 1068238)
(1067011, 0, 1227, 1068238)
(1067617, 0, 621, 1068238)
(1067011, 0, 1227, 1068238)
(1067617, 0, 621, 1068238)
(1067744, 0, 494, 1068238)
(1067138, 0, 1100, 1068238)
(1067744, 0, 494, 1068238)
(1067138, 0, 1100, 1068238)
(1067744, 0, 494, 1068238)
(1067138, 0, 1100, 1068238)
(1067744, 0, 494, 1068238)
(1067277, 0, 961, 1068238)
(1067744, 0, 494, 1068238)
(1067138, 0, 1100, 1068238)
(1067744, 0, 494, 1068238)
(1067138, 0, 1100, 1068238)
(1067744, 0, 494, 1068238)
(1067488, 0, 750, 1068238)
(1066882, 0, 1356, 1068238)
(1067488, 0, 750, 1068238)
(1067744, 0, 494, 1068238)
(1067138, 0, 1100, 1068238)
(1067744, 0, 494, 1068238)
(1067138, 0, 1100, 1068238)
(1067744, 0, 494, 1068238)
(1067138, 0, 1100, 1068238)
(1067744, 0, 494, 1068238)
(1067138, 0, 1100, 1068238)
(1067744, 0, 494, 1068238)
(1067617, 0, 621, 1068238)
(1067150, 0, 1088, 1068238)
(1067617, 0, 621, 1068238)
(1067150, 0, 1088, 1068238)
(1067617, 0, 621, 1068238)
(1067011, 0, 1227, 1068238)
(1067617, 0, 621, 1068238)
(1067150, 0, 1088, 1068238)
(1067617, 0, 621, 1068238)
(1067011, 0, 1227, 1068238)
(1067617, 0, 621, 1068238)
(1067150, 0, 1088, 1068238)
(1067617, 0, 621, 1068238)
(1067361, 0, 877, 1068238)
(1067617, 0, 621, 1068238)
(1067011, 0, 1227, 1068238)
(1067617, 0, 621, 1068238)
(1067214, 0, 1024, 1068238)
(1066747, 0, 1491, 1068238)
(1067214, 0, 1024, 1068238)
(1066747, 0, 1491, 1068238)
(1067214, 0, 1024, 1068238)
(1066747, 0, 1491, 1068238)
(1067214, 0, 1024, 1068238)
(1066747, 0, 1491, 1068238)
(1067214, 0, 1024, 1068238)
(1066747, 0, 1491, 1068238)
(1067214, 0, 1024, 1068238)
(1066608, 0, 1630, 1068238)
(1067214, 0, 1024, 1068238)
(1066608, 0, 1630, 1068238)
(1067214, 0, 1024, 1068238)
(1066608, 0, 1630, 1068238)
(1067214, 0, 1024, 1068238)
(1066608, 0, 1630, 1068238)
(1067214, 0, 1024, 1068238)
(1066608, 0, 1630, 1068238)
(1067214, 0, 1024, 1068238)
(1066608, 0, 1630, 1068238)
(1067214, 0, 1024, 1068238)
(1066608, 0, 1630, 1068238)
(1067214, 0, 1024, 1068238)
(1067617, 0, 621, 1068238)
(1067011, 0, 1227, 1068238)
(1067617, 0, 621, 1068238)
(1067011, 0, 1227, 1068238)
(1067617, 0, 621, 1068238)
(1067744, 0, 494, 1068238)
(1067277, 0, 961, 1068238)
(1067744, 0, 494, 1068238)
(1067138, 0, 1100, 1068238)
(1067744, 0, 494, 1068238)
(1067138, 0, 1100, 1068238)
(1067744, 0, 494, 1068238)
(1067277, 0, 961, 1068238)
(1067744, 0, 494, 1068238)
(1067277, 0, 961, 1068238)
(1067744, 0, 494, 1068238)
(1067488, 0, 750, 1068238)
(1066882, 0, 1356, 1068238)
(1067488, 0, 750, 1068238)
(1067021, 0, 1217, 1068238)
(1067488, 0, 750, 1068238)
(1066882, 0, 1356, 1068238)
(1067488, 0, 750, 1068238)
(1066882, 0, 1356, 1068238)
(1067488, 0, 750, 1068238)
(1067021, 0, 1217, 1068238)
(1067488, 0, 750, 1068238)
(1066882, 0, 1356, 1068238)
(1067488, 0, 750, 1068238)
(1066882, 0, 1356, 1068238)
(1067488, 0, 750, 1068238)
(1066882, 0, 1356, 1068238)
(1067488, 0, 750, 1068238)
(1066882, 0, 1356, 1068238)
(1067488, 0, 750, 1068238)
(1067744, 0, 494, 1068238)
(1067341, 0, 897, 1068238)
(1066735, 0, 1503, 1068238)
(1067341, 0, 897, 1068238)
(1066735, 0, 1503, 1068238)
(1067341, 0, 897, 1068238)
(1066735, 0, 1503, 1068238)
(1067341, 0, 897, 1068238)
(1066735, 0, 1503, 1068238)
(1067341, 0, 897, 1068238)
(1066735, 0, 1503, 1068238)
(1067341, 0, 897, 1068238)
(1066735, 0, 1503, 1068238)
(1067341, 0, 897, 1068238)
(1066874, 0, 1364, 1068238)
(1067341, 0, 897, 1068238)
(1066874, 0, 1364, 1068238)
(1067341, 0, 897, 1068238)
(1066735, 0, 1503, 1068238)
(1067341, 0, 897, 1068238)
(1066735, 0, 1503, 1068238)
(1067341, 0, 897, 1068238)
(1066735, 0, 1503, 1068238)
(1067341, 0, 897, 1068238)
(1066735, 0, 1503, 1068238)
(1067341, 0, 897, 1068238)
(1066735, 0, 1503, 1068238)
(1067341, 0, 897, 1068238)
(1067744, 0, 494, 1068238)
(1067138, 0, 1100, 1068238)
(1067744, 0, 494, 1068238)
(1067138, 0, 1100, 1068238)
(1067744, 0, 494, 1068238)
(1067138, 0, 1100, 1068238)
(1067744, 0, 494, 1068238)
(1067138, 0, 1100, 1068238)
(1067744, 0, 494, 1068238)
(1067138, 0, 1100, 1068238)
(1067744, 0, 494, 1068238)
(1067138, 0, 1100, 1068238)
(1067744, 0, 494, 1068238)
(1067138, 0, 1100, 1068238)
(1067744, 0, 494, 1068238)
(1067277, 0, 961, 1068238)
(1067744, 0, 494, 1068238)
(1067138, 0, 1100, 1068238)
(1067744, 0, 494, 1068238)
(1067138, 0, 1100, 1068238)
(1067744, 0, 494, 1068238)
(1067138, 0, 1100, 1068238)
(1067744, 0, 494, 1068238)
(1067488, 0, 750, 1068238)
(1067744, 0, 494, 1068238)
(1067488, 0, 750, 1068238)
(1067744, 0, 494, 1068238)
(1067277, 0, 961, 1068238)
(1067744, 0, 494, 1068238)
(1067648, 0, 590, 1068238)
(1067042, 0, 1196, 1068238)
(1067648, 0, 590, 1068238)
(1067042, 0, 1196, 1068238)
(1067648, 0, 590, 1068238)
(1067181, 0, 1057, 1068238)
(1067648, 0, 590, 1068238)
(1067392, 0, 846, 1068238)
(1066786, 0, 1452, 1068238)
(1067392, 0, 846, 1068238)
(1067648, 0, 590, 1068238)
(1067392, 0, 846, 1068238)
(1066786, 0, 1452, 1068238)
(1067392, 0, 846, 1068238)
(1066786, 0, 1452, 1068238)
(1067392, 0, 846, 1068238)
(1066786, 0, 1452, 1068238)
(1067392, 0, 846, 1068238)
(1066786, 0, 1452, 1068238)
(1067392, 0, 846, 1068238)
(1067648, 0, 590, 1068238)
(1067042, 0, 1196, 1068238)
(1067648, 0, 590, 1068238)
(1067245, 0, 993, 1068238)
(1066639, 0, 1599, 1068238)
(1067245, 0, 993, 1068238)
(1066639, 0, 1599, 1068238)
(1067245, 0, 993, 1068238)
(1066639, 0, 1599, 1068238)
(1067245, 0, 993, 1068238)
(1066639, 0, 1599, 1068238)
(1067245, 0, 993, 1068238)
(1066639, 0, 1599, 1068238)
(1067245, 0, 993, 1068238)
(1066778, 0, 1460, 1068238)
(1067245, 0, 993, 1068238)
(1066639, 0, 1599, 1068238)
(1067245, 0, 993, 1068238)
(1067648, 0, 590, 1068238)
(1067181, 0, 1057, 1068238)
(1067648, 0, 590, 1068238)
(1067042, 0, 1196, 1068238)
(1067648, 0, 590, 1068238)
(1067181, 0, 1057, 1068238)
(1067648, 0, 590, 1068238)
(1067181, 0, 1057, 1068238)
(1067648, 0, 590, 1068238)
(1067042, 0, 1196, 1068238)
(1067648, 0, 590, 1068238)
(1067392, 0, 846, 1068238)
(1066925, 0, 1313, 1068238)
(1067392, 0, 846, 1068238)
(1066925, 0, 1313, 1068238)
(1067392, 0, 846, 1068238)
(1066786, 0, 1452, 1068238)
(1067392, 0, 846, 1068238)
(1066786, 0, 1452, 1068238)
(1067392, 0, 846, 1068238)
(1066786, 0, 1452, 1068238)
(1067392, 0, 846, 1068238)
(1067648, 0, 590, 1068238)
(1067042, 0, 1196, 1068238)
(1067648, 0, 590, 1068238)
(1067744, 0, 494, 1068238)
(1067138, 0, 1100, 1068238)
(1067744, 0, 494, 1068238)
(1067488, 0, 750, 1068238)
(1066882, 0, 1356, 1068238)
(1067488, 0, 750, 1068238)
(1066882, 0, 1356, 1068238)
(1067488, 0, 750, 1068238)
(1066882, 0, 1356, 1068238)
(1067488, 0, 750, 1068238)
(1067744, 0, 494, 1068238)
(1067648, 0, 590, 1068238)
(1067042, 0, 1196, 1068238)
(1067648, 0, 590, 1068238)
(1067181, 0, 1057, 1068238)
(1067648, 0, 590, 1068238)
(1067181, 0, 1057, 1068238)
(1067648, 0, 590, 1068238)
(1067392, 0, 846, 1068238)
(1067648, 0, 590, 1068238)
(1067042, 0, 1196, 1068238)
(1067648, 0, 590, 1068238)
(1067042, 0, 1196, 1068238)
(1067648, 0, 590, 1068238)
(1067392, 0, 846, 1068238)
(1066786, 0, 1452, 1068238)
(1067392, 0, 846, 1068238)
(1066786, 0, 1452, 1068238)
(1067392, 0, 846, 1068238)
(1066925, 0, 1313, 1068238)
(1067392, 0, 846, 1068238)
(1066786, 0, 1452, 1068238)
(1067392, 0, 846, 1068238)
(1066786, 0, 1452, 1068238)
(1067392, 0, 846, 1068238)
(1067648, 0, 590, 1068238)
(1067181, 0, 1057, 1068238)
(1067648, 0, 590, 1068238)
(1067181, 0, 1057, 1068238)
(1067648, 0, 590, 1068238)
(1067181, 0, 1057, 1068238)
(1067648, 0, 590, 1068238)
(1067042, 0, 1196, 1068238)
(1067648, 0, 590, 1068238)
(1067245, 0, 993, 1068238)
(1066778, 0, 1460, 1068238)
(1067245, 0, 993, 1068238)
(1066778, 0, 1460, 1068238)
(1067245, 0, 993, 1068238)
(1066639, 0, 1599, 1068238)
(1067245, 0, 993, 1068238)
(1067648, 0, 590, 1068238)
(1067042, 0, 1196, 1068238)
(1067648, 0, 590, 1068238)
(1067181, 0, 1057, 1068238)
(1067648, 0, 590, 1068238)
(1067042, 0, 1196, 1068238)
(1067648, 0, 590, 1068238)
(1067042, 0, 1196, 1068238)
(1067648, 0, 590, 1068238)
(1067042, 0, 1196, 1068238)
(1067648, 0, 590, 1068238)
(1067042, 0, 1196, 1068238)
(1067648, 0, 590, 1068238)
(1067042, 0, 1196, 1068238)
(1067648, 0, 590, 1068238)
(1067042, 0, 1196, 1068238)
(1067648, 0, 590, 1068238)
(1067042, 0, 1196, 1068238)
(1067648, 0, 590, 1068238)
(1067181, 0, 1057, 1068238)
(1067648, 0, 590, 1068238)
(1067042, 0, 1196, 1068238)
(1067648, 0, 590, 1068238)
(1067181, 0, 1057, 1068238)
(1067648, 0, 590, 1068238)
(1067042, 0, 1196, 1068238)
(1067648, 0, 590, 1068238)
(1067744, 0, 494, 1068238)
(1067277, 0, 961, 1068238)
(1067744, 0, 494, 1068238)
(1067277, 0, 961, 1068238)
(1067744, 0, 494, 1068238)
(1067138, 0, 1100, 1068238)
(1067744, 0, 494, 1068238)
(1067138, 0, 1100, 1068238)
(1067744, 0, 494, 1068238)
(1067138, 0, 1100, 1068238)
(1067744, 0, 494, 1068238)
(1067277, 0, 961, 1068238)
(1067744, 0, 494, 1068238)
(1067648, 0, 590, 1068238)
(1067181, 0, 1057, 1068238)
(1067648, 0, 590, 1068238)
(1067042, 0, 1196, 1068238)
(1067648, 0, 590, 1068238)
(1067392, 0, 846, 1068238)
(1066786, 0, 1452, 1068238)
(1067392, 0, 846, 1068238)
(1066786, 0, 1452, 1068238)
(1067392, 0, 846, 1068238)
(1066786, 0, 1452, 1068238)
(1067392, 0, 846, 1068238)
(1066786, 0, 1452, 1068238)
(1067392, 0, 846, 1068238)
(1066786, 0, 1452, 1068238)
(1067392, 0, 846, 1068238)
(1067648, 0, 590, 1068238)
(1067042, 0, 1196, 1068238)
(1067648, 0, 590, 1068238)
(1067245, 0, 993, 1068238)
(1067648, 0, 590, 1068238)
(1067042, 0, 1196, 1068238)
(1067648, 0, 590, 1068238)
(1067042, 0, 1196, 1068238)
(1067648, 0, 590, 1068238)
(1067181, 0, 1057, 1068238)
(1067648, 0, 590, 1068238)
(1067181, 0, 1057, 1068238)
(1067648, 0, 590, 1068238)
(1067042, 0, 1196, 1068238)
(1067648, 0, 590, 1068238)
(1067181, 0, 1057, 1068238)
(1067648, 0, 590, 1068238)
(1067181, 0, 1057, 1068238)
(1067648, 0, 590, 1068238)
(1067744, 0, 494, 1068238)
(1067488, 0, 750, 1068238)
(1066882, 0, 1356, 1068238)
(1067488, 0, 750, 1068238)
(1067744, 0, 494, 1068238)
(1067341, 0, 897, 1068238)
(1066874, 0, 1364, 1068238)
(1067341, 0, 897, 1068238)
(1066735, 0, 1503, 1068238)
(1067341, 0, 897, 1068238)
(1067744, 0, 494, 1068238)
(1067138, 0, 1100, 1068238)
(1067744, 0, 494, 1068238)
(1067277, 0, 961, 1068238)
(1067744, 0, 494, 1068238)
(1067138, 0, 1100, 1068238)
(1067744, 0, 494, 1068238)
(1067138, 0, 1100, 1068238)
(1067744, 0, 494, 1068238)
(1067138, 0, 1100, 1068238)
(1067744, 0, 494, 1068238)
(1067138, 0, 1100, 1068238)
(1067744, 0, 494, 1068238)
(1067617, 0, 621, 1068238)
(1067011, 0, 1227, 1068238)
(1067617, 0, 621, 1068238)
(1067011, 0, 1227, 1068238)
(1067617, 0, 621, 1068238)
(1067150, 0, 1088, 1068238)
(1067617, 0, 621, 1068238)
(1067011, 0, 1227, 1068238)
(1067617, 0, 621, 1068238)
(1067011, 0, 1227, 1068238)
(1067617, 0, 621, 1068238)
(1067361, 0, 877, 1068238)
(1066755, 0, 1483, 1068238)
(1067361, 0, 877, 1068238)
(1066755, 0, 1483, 1068238)
(1067361, 0, 877, 1068238)
(1066755, 0, 1483, 1068238)
(1067361, 0, 877, 1068238)
(1066894, 0, 1344, 1068238)
(1067361, 0, 877, 1068238)
(1066894, 0, 1344, 1068238)
(1067361, 0, 877, 1068238)
(1066755, 0, 1483, 1068238)
(1067361, 0, 877, 1068238)
(1066755, 0, 1483, 1068238)
(1067361, 0, 877, 1068238)
(1066755, 0, 1483, 1068238)
(1067361, 0, 877, 1068238)
(1066755, 0, 1483, 1068238)
(1067361, 0, 877, 1068238)
(1066894, 0, 1344, 1068238)
(1067361, 0, 877, 1068238)
(1067617, 0, 621, 1068238)
(1067150, 0, 1088, 1068238)
(1067617, 0, 621, 1068238)
(1067150, 0, 1088, 1068238)
(1067617, 0, 621, 1068238)
(1067011, 0, 1227, 1068238)
(1067617, 0, 621, 1068238)
(1067361, 0, 877, 1068238)
(1066755, 0, 1483, 1068238)
(1067361, 0, 877, 1068238)
(1066755, 0, 1483, 1068238)
(1067361, 0, 877, 1068238)
(1066894, 0, 1344, 1068238)
(1067361, 0, 877, 1068238)
(1066894, 0, 1344, 1068238)
(1067361, 0, 877, 1068238)
(1066755, 0, 1483, 1068238)
(1067361, 0, 877, 1068238)
(1066755, 0, 1483, 1068238)
(1067361, 0, 877, 1068238)
(1066755, 0, 1483, 1068238)
(1067361, 0, 877, 1068238)
(1066894, 0, 1344, 1068238)
(1067361, 0, 877, 1068238)
(1066755, 0, 1483, 1068238)
(1067361, 0, 877, 1068238)
(1066755, 0, 1483, 1068238)
(1067361, 0, 877, 1068238)
(1066894, 0, 1344, 1068238)
(1067361, 0, 877, 1068238)
(1066755, 0, 1483, 1068238)
(1067361, 0, 877, 1068238)
(1066755, 0, 1483, 1068238)
(1067361, 0, 877, 1068238)
(1066894, 0, 1344, 1068238)
(1067361, 0, 877, 1068238)
(1066755, 0, 1483, 1068238)
(1067361, 0, 877, 1068238)
(1066755, 0, 1483, 1068238)
(1067361, 0, 877, 1068238)
(1066755, 0, 1483, 1068238)
(1067361, 0, 877, 1068238)
(1067617, 0, 621, 1068238)
(1067744, 0, 494, 1068238)
(1067277, 0, 961, 1068238)
(1067744, 0, 494, 1068238)
(1067138, 0, 1100, 1068238)
(1067744, 0, 494, 1068238)
(1067138, 0, 1100, 1068238)
(1067744, 0, 494, 1068238)
(1067277, 0, 961, 1068238)
(1067744, 0, 494, 1068238)
(1067138, 0, 1100, 1068238)
(1067744, 0, 494, 1068238)
(1067277, 0, 961, 1068238)
(1067744, 0, 494, 1068238)
(1067138, 0, 1100, 1068238)
(1067744, 0, 494, 1068238)
(1067138, 0, 1100, 1068238)
(1067744, 0, 494, 1068238)
(1067138, 0, 1100, 1068238)
(1067744, 0, 494, 1068238)
(1067138, 0, 1100, 1068238)
(1067744, 0, 494, 1068238)
(1067648, 0, 590, 1068238)
(1067245, 0, 993, 1068238)
(1066639, 0, 1599, 1068238)
(1067245, 0, 993, 1068238)
(1066639, 0, 1599, 1068238)
(1067245, 0, 993, 1068238)
(1066639, 0, 1599, 1068238)
(1067245, 0, 993, 1068238)
(1066639, 0, 1599, 1068238)
(1067245, 0, 993, 1068238)
(1067648, 0, 590, 1068238)
(1067181, 0, 1057, 1068238)
(1067648, 0, 590, 1068238)
(1067181, 0, 1057, 1068238)
(1067648, 0, 590, 1068238)
(1067042, 0, 1196, 1068238)
(1067648, 0, 590, 1068238)
(1067181, 0, 1057, 1068238)
(1067648, 0, 590, 1068238)
(1067042, 0, 1196, 1068238)
(1067648, 0, 590, 1068238)
(1067392, 0, 846, 1068238)
(1066786, 0, 1452, 1068238)
(1067392, 0, 846, 1068238)
(1066786, 0, 1452, 1068238)
(1067392, 0, 846, 1068238)
(1067648, 0, 590, 1068238)
(1067392, 0, 846, 1068238)
(1066786, 0, 1452, 1068238)
(1067392, 0, 846, 1068238)
(1067648, 0, 590, 1068238)
(1067042, 0, 1196, 1068238)
(1067648, 0, 590, 1068238)
(1067042, 0, 1196, 1068238)
(1067648, 0, 590, 1068238)
(1067181, 0, 1057, 1068238)
(1067648, 0, 590, 1068238)
(1067392, 0, 846, 1068238)
(1066925, 0, 1313, 1068238)
(1067392, 0, 846, 1068238)
(1066786, 0, 1452, 1068238)
(1067392, 0, 846, 1068238)
(1067648, 0, 590, 1068238)
(1067744, 0, 494, 1068238)
(1067277, 0, 961, 1068238)
(1067744, 0, 494, 1068238)
(1067138, 0, 1100, 1068238)
(1067744, 0, 494, 1068238)
(1067138, 0, 1100, 1068238)
(1067744, 0, 494, 1068238)
(1067277, 0, 961, 1068238)
(1067744, 0, 494, 1068238)
(1067277, 0, 961, 1068238)
(1067744, 0, 494, 1068238)
(1067277, 0, 961, 1068238)
(1067744, 0, 494, 1068238)
(1067648, 0, 590, 1068238)
(1067245, 0, 993, 1068238)
(1067648, 0, 590, 1068238)
(1067181, 0, 1057, 1068238)
(1067648, 0, 590, 1068238)
(1067042, 0, 1196, 1068238)
(1067648, 0, 590, 1068238)
(1067042, 0, 1196, 1068238)
(1067648, 0, 590, 1068238)
(1067181, 0, 1057, 1068238)
(1067648, 0, 590, 1068238)
(1067392, 0, 846, 1068238)
(1066786, 0, 1452, 1068238)
(1067392, 0, 846, 1068238)
(1066786, 0, 1452, 1068238)
(1067392, 0, 846, 1068238)
(1067648, 0, 590, 1068238)
(1067181, 0, 1057, 1068238)
(1067648, 0, 590, 1068238)
(1067181, 0, 1057, 1068238)
(1067648, 0, 590, 1068238)
(1067181, 0, 1057, 1068238)
(1067648, 0, 590, 1068238)
(1067181, 0, 1057, 1068238)
(1067648, 0, 590, 1068238)
(1067181, 0, 1057, 1068238)
(1067648, 0, 590, 1068238)
(1067181, 0, 1057, 1068238)
(1067648, 0, 590, 1068238)
(1067181, 0, 1057, 1068238)
(1067648, 0, 590, 1068238)
(1067181, 0, 1057, 1068238)
(1067648, 0, 590, 1068238)
(1067245, 0, 993, 1068238)
(1066639, 0, 1599, 1068238)
(1067245, 0, 993, 1068238)
(1067648, 0, 590, 1068238)
(1067042, 0, 1196, 1068238)
(1067648, 0, 590, 1068238)
(1067181, 0, 1057, 1068238)
(1067648, 0, 590, 1068238)
(1067245, 0, 993, 1068238)
(1067648, 0, 590, 1068238)
(1067392, 0, 846, 1068238)
(1067648, 0, 590, 1068238)
(1067042, 0, 1196, 1068238)
(1067648, 0, 590, 1068238)
(1067042, 0, 1196, 1068238)
(1067648, 0, 590, 1068238)
(1067042, 0, 1196, 1068238)
(1067648, 0, 590, 1068238)
(1067181, 0, 1057, 1068238)
(1067648, 0, 590, 1068238)
(1067181, 0, 1057, 1068238)
(1067648, 0, 590, 1068238)
(1067042, 0, 1196, 1068238)
(1067648, 0, 590, 1068238)
(1067181, 0, 1057, 1068238)
(1067648, 0, 590, 1068238)
(1067181, 0, 1057, 1068238)
(1067648, 0, 590, 1068238)
(1067042, 0, 1196, 1068238)
(1067648, 0, 590, 1068238)
(1067042, 0, 1196, 1068238)
(1067648, 0, 590, 1068238)
(1067181, 0, 1057, 1068238)
(1067648, 0, 590, 1068238)
(1067245, 0, 993, 1068238)
(1066778, 0, 1460, 1068238)
(1067245, 0, 993, 1068238)
(1066639, 0, 1599, 1068238)
(1067245, 0, 993, 1068238)
(1067648, 0, 590, 1068238)
(1067392, 0, 846, 1068238)
(1066786, 0, 1452, 1068238)
(1067392, 0, 846, 1068238)
(1066786, 0, 1452, 1068238)
(1067392, 0, 846, 1068238)
(1067648, 0, 590, 1068238)
(1067181, 0, 1057, 1068238)
(1067648, 0, 590, 1068238)
(1067392, 0, 846, 1068238)
(1067648, 0, 590, 1068238)
(1067042, 0, 1196, 1068238)
(1067648, 0, 590, 1068238)
(1067181, 0, 1057, 1068238)
(1067648, 0, 590, 1068238)
(1067042, 0, 1196, 1068238)
(1067648, 0, 590, 1068238)
(1067042, 0, 1196, 1068238)
(1067648, 0, 590, 1068238)
(1067392, 0, 846, 1068238)
(1066786, 0, 1452, 1068238)
(1067392, 0, 846, 1068238)
(1066786, 0, 1452, 1068238)
(1067392, 0, 846, 1068238)
(1066925, 0, 1313, 1068238)
(1067392, 0, 846, 1068238)
(1066786, 0, 1452, 1068238)
(1067392, 0, 846, 1068238)
(1067648, 0, 590, 1068238)
(1067392, 0, 846, 1068238)
(1066786, 0, 1452, 1068238)
(1067392, 0, 846, 1068238)
(1067648, 0, 590, 1068238)
(1067042, 0, 1196, 1068238)
(1067648, 0, 590, 1068238)
(1067042, 0, 1196, 1068238)
(1067648, 0, 590, 1068238)
(1067392, 0, 846, 1068238)
(1066786, 0, 1452, 1068238)
(1067392, 0, 846, 1068238)
(1066786, 0, 1452, 1068238)
(1067392, 0, 846, 1068238)
(1066786, 0, 1452, 1068238)
(1067392, 0, 846, 1068238)
(1066786, 0, 1452, 1068238)
(1067392, 0, 846, 1068238)
(1066925, 0, 1313, 1068238)
(1067392, 0, 846, 1068238)
(1066786, 0, 1452, 1068238)
(1067392, 0, 846, 1068238)
(1067648, 0, 590, 1068238)
(1067042, 0, 1196, 1068238)
(1067648, 0, 590, 1068238)
(1067392, 0, 846, 1068238)
(1066786, 0, 1452, 1068238)
(1067392, 0, 846, 1068238)
(1066786, 0, 1452, 1068238)
(1067392, 0, 846, 1068238)
(1066786, 0, 1452, 1068238)
(1067392, 0, 846, 1068238)
(1066925, 0, 1313, 1068238)
(1067392, 0, 846, 1068238)
(1066925, 0, 1313, 1068238)
(1067392, 0, 846, 1068238)
(1066925, 0, 1313, 1068238)
(1067392, 0, 846, 1068238)
(1066786, 0, 1452, 1068238)
(1067392, 0, 846, 1068238)
(1066786, 0, 1452, 1068238)
(1067392, 0, 846, 1068238)
(1067648, 0, 590, 1068238)
(1067042, 0, 1196, 1068238)
(1067648, 0, 590, 1068238)
(1067181, 0, 1057, 1068238)
(1067648, 0, 590, 1068238)
(1067392, 0, 846, 1068238)
(1066925, 0, 1313, 1068238)
(1067392, 0, 846, 1068238)
(1067648, 0, 590, 1068238)
(1067181, 0, 1057, 1068238)
(1067648, 0, 590, 1068238)
(1067042, 0, 1196, 1068238)
(1067648, 0, 590, 1068238)
(1067042, 0, 1196, 1068238)
(1067648, 0, 590, 1068238)
(1067042, 0, 1196, 1068238)
(1067648, 0, 590, 1068238)
(1067042, 0, 1196, 1068238)
(1067648, 0, 590, 1068238)
(1067042, 0, 1196, 1068238)
(1067648, 0, 590, 1068238)
(1067042, 0, 1196, 1068238)
(1067648, 0, 590, 1068238)
(1067042, 0, 1196, 1068238)
(1067648, 0, 590, 1068238)
(1067042, 0, 1196, 1068238)
(1067648, 0, 590, 1068238)
(1067042, 0, 1196, 1068238)
(1067648, 0, 590, 1068238)
(1067181, 0, 1057, 1068238)
(1067648, 0, 590, 1068238)
(1067181, 0, 1057, 1068238)
(1067648, 0, 590, 1068238)
(1067744, 0, 494, 1068238)
(1067138, 0, 1100, 1068238)
(1067744, 0, 494, 1068238)
(1067277, 0, 961, 1068238)
(1067744, 0, 494, 1068238)
(1067277, 0, 961, 1068238)
(1067744, 0, 494, 1068238)
(1067138, 0, 1100, 1068238)
(1067744, 0, 494, 1068238)
(1067138, 0, 1100, 1068238)
(1067744, 0, 494, 1068238)
(1067488, 0, 750, 1068238)
(1067744, 0, 494, 1068238)
(1067488, 0, 750, 1068238)
(1066882, 0, 1356, 1068238)
(1067488, 0, 750, 1068238)
(1067744, 0, 494, 1068238)
(1067488, 0, 750, 1068238)
(1066882, 0, 1356, 1068238)
(1067488, 0, 750, 1068238)
(1067021, 0, 1217, 1068238)
(1067488, 0, 750, 1068238)
(1066882, 0, 1356, 1068238)
(1067488, 0, 750, 1068238)
(1066882, 0, 1356, 1068238)
(1067488, 0, 750, 1068238)
(1066882, 0, 1356, 1068238)
(1067488, 0, 750, 1068238)
(1067021, 0, 1217, 1068238)
(1067488, 0, 750, 1068238)
(1066882, 0, 1356, 1068238)
(1067488, 0, 750, 1068238)
(1067021, 0, 1217, 1068238)
(1067488, 0, 750, 1068238)
(1067021, 0, 1217, 1068238)
(1067488, 0, 750, 1068238)
(1066882, 0, 1356, 1068238)
(1067488, 0, 750, 1068238)
(1066882, 0, 1356, 1068238)
(1067488, 0, 750, 1068238)
(1066882, 0, 1356, 1068238)
(1067488, 0, 750, 1068238)
(1067744, 0, 494, 1068238)
(1067277, 0, 961, 1068238)
(1067744, 0, 494, 1068238)
(1067138, 0, 1100, 1068238)
(1067744, 0, 494, 1068238)
(1067138, 0, 1100, 1068238)
(1067744, 0, 494, 1068238)
(1067488, 0, 750, 1068238)
(1067744, 0, 494, 1068238)
(1067277, 0, 961, 1068238)
(1067744, 0, 494, 1068238)
(1067138, 0, 1100, 1068238)
(1067744, 0, 494, 1068238)
(1067341, 0, 897, 1068238)
(1067744, 0, 494, 1068238)
(1067488, 0, 750, 1068238)
(1066882, 0, 1356, 1068238)
(1067488, 0, 750, 1068238)
(1066882, 0, 1356, 1068238)
(1067488, 0, 750, 1068238)
(1066882, 0, 1356, 1068238)
(1067488, 0, 750, 1068238)
(1067021, 0, 1217, 1068238)
(1067488, 0, 750, 1068238)
(1066882, 0, 1356, 1068238)
(1067488, 0, 750, 1068238)
(1066882, 0, 1356, 1068238)
(1067488, 0, 750, 1068238)
(1066882, 0, 1356, 1068238)
(1067488, 0, 750, 1068238)
(1066882, 0, 1356, 1068238)
(1067488, 0, 750, 1068238)
(1066882, 0, 1356, 1068238)
(1067488, 0, 750, 1068238)
(1066882, 0, 1356, 1068238)
(1067488, 0, 750, 1068238)
(1067021, 0, 1217, 1068238)
(1067488, 0, 750, 1068238)
(1067021, 0, 1217, 1068238)
(1067488, 0, 750, 1068238)
(1067021, 0, 1217, 1068238)
(1067488, 0, 750, 1068238)
(1066882, 0, 1356, 1068238)
(1067488, 0, 750, 1068238)
(1066882, 0, 1356, 1068238)
(1067488, 0, 750, 1068238)
(1067744, 0, 494, 1068238)
(1067138, 0, 1100, 1068238)
(1067744, 0, 494, 1068238)
(1067277, 0, 961, 1068238)
(1067744, 0, 494, 1068238)
(1067138, 0, 1100, 1068238)
(1067744, 0, 494, 1068238)
(1067277, 0, 961, 1068238)
(1067744, 0, 494, 1068238)
(1067138, 0, 1100, 1068238)
(1067744, 0, 494, 1068238)
(1067138, 0, 1100, 1068238)
(1067744, 0, 494, 1068238)
(1067277, 0, 961, 1068238)
(1067744, 0, 494, 1068238)
(1067341, 0, 897, 1068238)
(1066874, 0, 1364, 1068238)
(1067341, 0, 897, 1068238)
(1067744, 0, 494, 1068238)
(1067138, 0, 1100, 1068238)
(1067744, 0, 494, 1068238)
(1067138, 0, 1100, 1068238)
(1067744, 0, 494, 1068238)
(1067138, 0, 1100, 1068238)
(1067744, 0, 494, 1068238)
(1067138, 0, 1100, 1068238)
(1067744, 0, 494, 1068238)
(1067138, 0, 1100, 1068238)
(1067744, 0, 494, 1068238)
(1067277, 0, 961, 1068238)
(1067744, 0, 494, 1068238)
(1067277, 0, 961, 1068238)
(1067744, 0, 494, 1068238)
(1067138, 0, 1100, 1068238)
(1067744, 0, 494, 1068238)
(1067138, 0, 1100, 1068238)
(1067744, 0, 494, 1068238)
(1067138, 0, 1100, 1068238)
(1067744, 0, 494, 1068238)
(1067277, 0, 961, 1068238)
(1067744, 0, 494, 1068238)
(1067138, 0, 1100, 1068238)
(1067744, 0, 494, 1068238)
(1067138, 0, 1100, 1068238)
(1067744, 0, 494, 1068238)
(1067138, 0, 1100, 1068238)
(1067744, 0, 494, 1068238)
(1067138, 0, 1100, 1068238)
(1067744, 0, 494, 1068238)
(1067488, 0, 750, 1068238)
(1066882, 0, 1356, 1068238)
(1067488, 0, 750, 1068238)
(1067744, 0, 494, 1068238)
(1067138, 0, 1100, 1068238)
(1067744, 0, 494, 1068238)
(1067488, 0, 750, 1068238)
(1066882, 0, 1356, 1068238)
(1067488, 0, 750, 1068238)
(1066882, 0, 1356, 1068238)
(1067488, 0, 750, 1068238)
(1066882, 0, 1356, 1068238)
(1067488, 0, 750, 1068238)
(1066882, 0, 1356, 1068238)
(1067488, 0, 750, 1068238)
(1066882, 0, 1356, 1068238)
(1067488, 0, 750, 1068238)
(1066882, 0, 1356, 1068238)
(1067488, 0, 750, 1068238)
(1066882, 0, 1356, 1068238)
(1067488, 0, 750, 1068238)
(1067021, 0, 1217, 1068238)
(1067488, 0, 750, 1068238)
(1067021, 0, 1217, 1068238)
(1067488, 0, 750, 1068238)
(1067021, 0, 1217, 1068238)
(1067488, 0, 750, 1068238)
(1067744, 0, 494, 1068238)
(1067138, 0, 1100, 1068238)
(1067744, 0, 494, 1068238)
(1067138, 0, 1100, 1068238)
(1067744, 0, 494, 1068238)
(1067138, 0, 1100, 1068238)
(1067744, 0, 494, 1068238)
(1067277, 0, 961, 1068238)
(1067744, 0, 494, 1068238)
(1067488, 0, 750, 1068238)
(1066882, 0, 1356, 1068238)
(1067488, 0, 750, 1068238)
(1067021, 0, 1217, 1068238)
(1067488, 0, 750, 1068238)
(1066882, 0, 1356, 1068238)
(1067488, 0, 750, 1068238)
(1067744, 0, 494, 1068238)
(1067743, 4, 495, 1068242)
(1067276, 4, 962, 1068242)
(1067743, 4, 495, 1068242)
(1067137, 4, 1101, 1068242)
(1067743, 4, 495, 1068242)
(1067276, 4, 962, 1068242)
(1067743, 4, 495, 1068242)
(1067487, 4, 751, 1068242)
(1066881, 4, 1357, 1068242)
(1067487, 4, 751, 1068242)
(1067020, 4, 1218, 1068242)
(1067487, 4, 751, 1068242)
(1067020, 4, 1218, 1068242)
(1067487, 4, 751, 1068242)
(1066881, 4, 1357, 1068242)
(1067487, 4, 751, 1068242)
(1066881, 4, 1357, 1068242)
(1067487, 4, 751, 1068242)
(1067743, 4, 495, 1068242)
(1067137, 4, 1101, 1068242)
(1067743, 4, 495, 1068242)
(1067340, 4, 898, 1068242)
(1066734, 4, 1504, 1068242)
(1067340, 4, 898, 1068242)
(1066734, 4, 1504, 1068242)
(1067340, 4, 898, 1068242)
(1066873, 4, 1365, 1068242)
(1067340, 4, 898, 1068242)
(1066734, 4, 1504, 1068242)
(1067340, 4, 898, 1068242)
(1067743, 4, 495, 1068242)
(1067137, 4, 1101, 1068242)
(1067743, 4, 495, 1068242)
(1067137, 4, 1101, 1068242)
(1067743, 4, 495, 1068242)
(1067276, 4, 962, 1068242)
(1067743, 4, 495, 1068242)
(1067487, 4, 751, 1068242)
(1066881, 4, 1357, 1068242)
(1067487, 4, 751, 1068242)
(1067743, 4, 495, 1068242)
(1067487, 4, 751, 1068242)
(1066881, 4, 1357, 1068242)
(1067487, 4, 751, 1068242)
(1066881, 4, 1357, 1068242)
(1067487, 4, 751, 1068242)
(1067020, 4, 1218, 1068242)
(1067487, 4, 751, 1068242)
(1067020, 4, 1218, 1068242)
(1067487, 4, 751, 1068242)
(1066881, 4, 1357, 1068242)
(1067487, 4, 751, 1068242)
(1066881, 4, 1357, 1068242)
(1067487, 4, 751, 1068242)
(1067743, 4, 495, 1068242)
(1067276, 4, 962, 1068242)
(1067743, 4, 495, 1068242)
(1067137, 4, 1101, 1068242)
(1067743, 4, 495, 1068242)
(1067137, 4, 1101, 1068242)
(1067743, 4, 495, 1068242)
(1067137, 4, 1101, 1068242)
(1067743, 4, 495, 1068242)
(1067137, 4, 1101, 1068242)
(1067743, 4, 495, 1068242)
(1067487, 4, 751, 1068242)
(1066881, 4, 1357, 1068242)
(1067487, 4, 751, 1068242)
(1066881, 4, 1357, 1068242)
(1067487, 4, 751, 1068242)
(1067743, 4, 495, 1068242)
(1067744, 0, 494, 1068238)
(1067138, 0, 1100, 1068238)
(1067744, 0, 494, 1068238)
(1067277, 0, 961, 1068238)
(1067744, 0, 494, 1068238)
(1067138, 0, 1100, 1068238)
(1067744, 0, 494, 1068238)
(1067277, 0, 961, 1068238)
(1067744, 0, 494, 1068238)
(1067138, 0, 1100, 1068238)
(1067744, 0, 494, 1068238)
(1067138, 0, 1100, 1068238)
(1067744, 0, 494, 1068238)
(1067488, 0, 750, 1068238)
(1066882, 0, 1356, 1068238)
(1067488, 0, 750, 1068238)
(1067744, 0, 494, 1068238)
(1067138, 0, 1100, 1068238)
(1067744, 0, 494, 1068238)
(1067138, 0, 1100, 1068238)
(1067744, 0, 494, 1068238)
(1067277, 0, 961, 1068238)
(1067744, 0, 494, 1068238)
(1067138, 0, 1100, 1068238)
(1067744, 0, 494, 1068238)
(1067138, 0, 1100, 1068238)
(1067744, 0, 494, 1068238)
(1067138, 0, 1100, 1068238)
(1067744, 0, 494, 1068238)
(1067138, 0, 1100, 1068238)
(1067744, 0, 494, 1068238)
(1067138, 0, 1100, 1068238)
(1067744, 0, 494, 1068238)
(1067648, 0, 590, 1068238)
(1067042, 0, 1196, 1068238)
(1067648, 0, 590, 1068238)
(1067181, 0, 1057, 1068238)
(1067648, 0, 590, 1068238)
(1067042, 0, 1196, 1068238)
(1067648, 0, 590, 1068238)
(1067181, 0, 1057, 1068238)
(1067648, 0, 590, 1068238)
(1067042, 0, 1196, 1068238)
(1067648, 0, 590, 1068238)
(1067042, 0, 1196, 1068238)
(1067648, 0, 590, 1068238)
(1067181, 0, 1057, 1068238)
(1067648, 0, 590, 1068238)
(1067181, 0, 1057, 1068238)
(1067648, 0, 590, 1068238)
(1067392, 0, 846, 1068238)
(1066786, 0, 1452, 1068238)
(1067392, 0, 846, 1068238)
(1066786, 0, 1452, 1068238)
(1067392, 0, 846, 1068238)
(1067648, 0, 590, 1068238)
(1067042, 0, 1196, 1068238)
(1067648, 0, 590, 1068238)
(1067042, 0, 1196, 1068238)
(1067648, 0, 590, 1068238)
(1067392, 0, 846, 1068238)
(1067648, 0, 590, 1068238)
(1067042, 0, 1196, 1068238)
(1067648, 0, 590, 1068238)
(1067181, 0, 1057, 1068238)
(1067648, 0, 590, 1068238)
(1067181, 0, 1057, 1068238)
(1067648, 0, 590, 1068238)
(1067245, 0, 993, 1068238)
(1066639, 0, 1599, 1068238)
(1067245, 0, 993, 1068238)
(1066778, 0, 1460, 1068238)
(1067245, 0, 993, 1068238)
(1067648, 0, 590, 1068238)
(1067181, 0, 1057, 1068238)
(1067648, 0, 590, 1068238)
(1067042, 0, 1196, 1068238)
(1067648, 0, 590, 1068238)
(1067042, 0, 1196, 1068238)
(1067648, 0, 590, 1068238)
(1067042, 0, 1196, 1068238)
(1067648, 0, 590, 1068238)
(1067042, 0, 1196, 1068238)
(1067648, 0, 590, 1068238)
(1067042, 0, 1196, 1068238)
(1067648, 0, 590, 1068238)
(1067042, 0, 1196, 1068238)
(1067648, 0, 590, 1068238)
(1067042, 0, 1196, 1068238)
(1067648, 0, 590, 1068238)
(1067042, 0, 1196, 1068238)
(1067648, 0, 590, 1068238)
(1067181, 0, 1057, 1068238)
(1067648, 0, 590, 1068238)
(1067181, 0, 1057, 1068238)
(1067648, 0, 590, 1068238)
(1067042, 0, 1196, 1068238)
(1067648, 0, 590, 1068238)
(1067042, 0, 1196, 1068238)
(1067648, 0, 590, 1068238)
(1067042, 0, 1196, 1068238)
(1067648, 0, 590, 1068238)
(1067042, 0, 1196, 1068238)
