(1328233, 0, 0, 1328233)
(1328233, 0, 0, 1328233)
(1326350, 0, 0, 1326350)
(1326350, 0, 0, 1326350)
(1326042, 0, 0, 1326042)
(1326042, 0, 0, 1326042)
(1324089, 0, 0, 1324089)
(1323356, 0, 0, 1323356)
(1322077, 0, 0, 1322077)
(1321558, 0, 0, 1321558)
(1326803, 0, 7037, 1333840)
(1325170, 0, 7037, 1332207)
(1324974, 0, 7037, 1332011)
(1324814, 0, 7037, 1331851)
(1328246, 0, 0, 1328246)
(1327142, 0, 0, 1327142)
(1327071, 0, 0, 1327071)
(1325607, 0, 0, 1325607)
(1325607, 0, 0, 1325607)
(1325217, 0, 0, 1325217)
(1325628, 0, 2895, 1328523)
(1324358, 0, 2895, 1327253)
(1323263, 0, 2895, 1326158)
(1323263, 0, 2895, 1326158)
(1322467, 0, 2895, 1325362)
(1320278, 1137, 2895, 1324310)
(1319459, 1137, 2895, 1323491)
(1317935, 1137, 2895, 1321967)
(1317286, 1137, 2895, 1321318)
(1316092, 1137, 2895, 1320124)
(1322501, 2274, 13812, 1338587)
(1317391, 4470, 13812, 1335673)
(1317391, 4470, 13812, 1335673)
(1315892, 4470, 13812, 1334174)
(1315731, 4470, 13812, 1334013)
(1315077, 4470, 13812, 1333359)
(1313854, 4470, 13812, 1332136)
(1313854, 4470, 13812, 1332136)
(1312341, 4470, 13812, 1330623)
(1311463, 4470, 13812, 1329745)
(1319108, 6666, 18440, 1344214)
(1317966, 6666, 18440, 1343072)
(1317844, 6666, 18440, 1342950)
(1317193, 6666, 18440, 1342299)
(1325580, 2644, 0, 1328224)
(1327364, 0, 0, 1327364)
(1324394, 2644, 0, 1327038)
(1324323, 2644, 0, 1326967)
(1325699, 0, 0, 1325699)
(1325699, 0, 0, 1325699)
(1325946, 0, 2302, 1328248)
(1324689, 0, 2302, 1326991)
(1324494, 0, 2302, 1326796)
(1322894, 0, 2302, 1325196)
(1322718, 0, 2302, 1325020)
(1322718, 0, 2302, 1325020)
(1322718, 0, 2302, 1325020)
(1320977, 1720, 2302, 1324999)
(1321634, 0, 2302, 1323936)
(1319679, 1720, 2302, 1323701)
(1325020, 0, 8569, 1333589)
(1324186, 0, 8569, 1332755)
(1324186, 0, 8569, 1332755)
(1320491, 0, 8569, 1329060)
(1320491, 0, 8569, 1329060)
(1319890, 0, 8569, 1328459)
(1318464, 0, 8569, 1327033)
(1318102, 0, 8569, 1326671)
(1315974, 0, 8569, 1324543)
(1315183, 0, 8569, 1323752)
(1320749, 0, 17384, 1338133)
(1317085, 0, 17384, 1334469)
(1316349, 0, 17384, 1333733)
(1315548, 0, 17384, 1332932)
(1326079, 0, 0, 1326079)
(1325491, 0, 0, 1325491)
(1325061, 0, 0, 1325061)
(1325061, 0, 0, 1325061)
(1321887, 0, 0, 1321887)
(1321448, 0, 0, 1321448)
(1324495, 0, 12369, 1336864)
(1323778, 0, 12369, 1336147)
(1322514, 0, 12369, 1334883)
(1320958, 0, 12369, 1333327)
(1320958, 0, 12369, 1333327)
(1320018, 0, 12369, 1332387)
(1319731, 0, 12369, 1332100)
(1319731, 0, 12369, 1332100)
(1318603, 0, 12369, 1330972)
(1328941, 0, 0, 1328941)
(1329142, 0, 0, 1329142)
(1329529, 0, 0, 1329529)
