(1067687, 0, 0, 1067687)
(1067687, 0, 0, 1067687)
(1067530, 0, 0, 1067530)
(1066115, 0, 0, 1066115)
(1063581, 1500, 0, 1065081)
(1062210, 1500, 0, 1063710)
(1062210, 1500, 0, 1063710)
(1060792, 1500, 0, 1062292)
(1059463, 1500, 0, 1060963)
(1057864, 1500, 0, 1059364)
(1063434, 3000, 7915, 1074349)
(1060925, 3000, 7915, 1071840)
(1060474, 3000, 7915, 1071389)
(1059358, 3000, 7915, 1070273)
(1066120, 0, 0, 1066120)
(1064449, 1329, 0, 1065778)
(1063608, 1329, 0, 1064937)
(1062611, 1329, 0, 1063940)
(1062149, 1329, 0, 1063478)
(1060888, 1329, 0, 1062217)
(1064912, 2658, 4675, 1072245)
(1060388, 2658, 4675, 1067721)
(1060388, 2658, 4675, 1067721)
(1059758, 2658, 4675, 1067091)
(1059758, 2658, 4675, 1067091)
(1057177, 2658, 4675, 1064510)
(1057035, 2658, 4675, 1064368)
(1054701, 2658, 4675, 1062034)
(1053162, 2658, 4675, 1060495)
(1052398, 2658, 4675, 1059731)
(1060550, 2658, 10632, 1073840)
(1059143, 2658, 10632, 1072433)
(1051946, 2658, 10632, 1065236)
(1051329, 2658, 10632, 1064619)
(1050015, 2658, 10632, 1063305)
(1049693, 2658, 10632, 1062983)
(1044625, 6262, 10632, 1061519)
(1045220, 2658, 10632, 1058510)
(1042792, 2658, 10632, 1056082)
(1041613, 2658, 10632, 1054903)
(1049751, 2658, 23079, 1075488)
(1047323, 2658, 23079, 1073060)
(1047323, 2658, 23079, 1073060)
(1046257, 2658, 23079, 1071994)
(1063049, 0, 0, 1063049)
(1062400, 0, 0, 1062400)
(1062400, 0, 0, 1062400)
(1059630, 0, 0, 1059630)
(1059630, 0, 0, 1059630)
(1058252, 0, 0, 1058252)
(1059708, 0, 6933, 1066641)
(1058330, 0, 6933, 1065263)
(1058330, 0, 6933, 1065263)
(1057556, 0, 6933, 1064489)
(1057556, 0, 6933, 1064489)
(1056422, 0, 6933, 1063355)
(1055619, 0, 6933, 1062552)
(1054357, 0, 6933, 1061290)
(1053298, 0, 6933, 1060231)
(1053163, 0, 6933, 1060096)
(1054412, 0, 14203, 1068615)
(1052860, 1390, 14203, 1068453)
(1053082, 0, 14547, 1067629)
(1052614, 0, 14203, 1066817)
(1052256, 0, 14547, 1066803)
(1049991, 0, 14203, 1064194)
(1047608, 0, 14203, 1061811)
(1047608, 0, 14203, 1061811)
(1043735, 0, 14203, 1057938)
(1042829, 0, 14203, 1057032)
(1049182, 0, 18601, 1067783)
(1049182, 0, 18601, 1067783)
(1047582, 0, 18601, 1066183)
(1047043, 0, 18601, 1065644)
(1044757, 0, 18601, 1063358)
(1057475, 0, 0, 1057475)
(1053183, 0, 0, 1053183)
(1053183, 0, 0, 1053183)
(1051951, 1118, 0, 1053069)
(1051303, 0, 0, 1051303)
(1051400, 0, 18582, 1069982)
(1050095, 0, 18582, 1068677)
(1049129, 0, 18582, 1067711)
(1047732, 0, 18582, 1066314)
(1046622, 1056, 18582, 1066260)
(1046622, 1056, 18582, 1066260)
(1044874, 1056, 18582, 1064512)
(1044413, 1056, 18582, 1064051)
(1044413, 1056, 18582, 1064051)
(1062402, 0, 0, 1062402)
(1058803, 0, 5292, 1064095)
(1057895, 0, 5292, 1063187)
(1057827, 0, 5292, 1063119)
(1057071, 0, 5292, 1062363)
(1056013, 0, 5292, 1061305)
(1055844, 0, 5292, 1061136)
(1054032, 0, 5292, 1059324)
(1053429, 0, 5292, 1058721)
(1051501, 0, 5292, 1056793)
(1051377, 0, 5292, 1056669)
(1054877, 0, 16932, 1071809)
(1054236, 0, 16932, 1071168)
(1053094, 0, 16932, 1070026)
(1052014, 0, 16932, 1068946)
(1062668, 0, 0, 1062668)
(1060735, 0, 0, 1060735)
(1059355, 0, 0, 1059355)
(1056819, 0, 0, 1056819)
(1055333, 0, 0, 1055333)
(1055112, 0, 0, 1055112)
(1053475, 0, 18351, 1071826)
(1052631, 0, 18351, 1070982)
(1051758, 0, 18351, 1070109)
(1051247, 0, 18351, 1069598)
(1050670, 0, 18351, 1069021)
(1068238, 0, 0, 1068238)
