(1578137, 0, 0, 1578137)
(1577266, 0, 0, 1577266)
(1577266, 0, 0, 1577266)
(1577189, 0, 0, 1577189)
(1576478, 0, 0, 1576478)
(1575083, 0, 0, 1575083)
(1575083, 0, 0, 1575083)
(1574925, 0, 0, 1574925)
(1572484, 0, 0, 1572484)
(1572153, 0, 0, 1572153)
(1576288, 0, 2400, 1578688)
(1576288, 0, 2400, 1578688)
(1575754, 0, 2400, 1578154)
(1574852, 0, 2400, 1577252)
(1573183, 0, 2400, 1575583)
(1572632, 0, 2400, 1575032)
(1572463, 0, 2400, 1574863)
(1571457, 0, 2400, 1573857)
(1571193, 0, 2400, 1573593)
(1570673, 0, 2400, 1573073)
(1574401, 0, 5614, 1580015)
(1572460, 0, 5614, 1578074)
(1572460, 0, 5614, 1578074)
(1571909, 0, 5614, 1577523)
(1570215, 0, 5614, 1575829)
(1570215, 0, 5614, 1575829)
(1569099, 0, 5614, 1574713)
(1569099, 0, 5614, 1574713)
(1567737, 0, 5614, 1573351)
(1567502, 0, 5614, 1573116)
(1571712, 0, 8992, 1580704)
(1569384, 0, 10224, 1579608)
(1569384, 0, 10224, 1579608)
(1568722, 0, 10224, 1578946)
(1568504, 0, 10224, 1578728)
(1565522, 0, 10224, 1575746)
(1565522, 0, 10224, 1575746)
(1565522, 0, 10224, 1575746)
(1563616, 0, 10224, 1573840)
(1563033, 0, 10224, 1573257)
(1567751, 0, 15213, 1582964)
(1567751, 0, 15213, 1582964)
(1565935, 0, 15213, 1581148)
(1564790, 0, 15213, 1580003)
(1574499, 1418, 0, 1575917)
(1575866, 0, 0, 1575866)
(1573319, 1418, 0, 1574737)
(1572172, 1418, 0, 1573590)
(1571768, 1418, 0, 1573186)
(1570990, 1418, 0, 1572408)
(1575578, 2836, 4619, 1583033)
(1575578, 2836, 4619, 1583033)
(1573451, 2836, 4619, 1580906)
(1573227, 2836, 4619, 1580682)
(1573227, 2836, 4619, 1580682)
(1572041, 2836, 4619, 1579496)
(1571176, 2836, 4619, 1578631)
(1570764, 2836, 4619, 1578219)
(1570034, 2836, 4619, 1577489)
(1569660, 2836, 4619, 1577115)
(1573743, 2836, 8266, 1584845)
(1572211, 2836, 8266, 1583313)
(1572017, 2836, 8266, 1583119)
(1572017, 2836, 8266, 1583119)
(1572017, 2836, 8266, 1583119)
(1570473, 2836, 8266, 1581575)
(1570473, 2836, 8266, 1581575)
(1569105, 2836, 8266, 1580207)
(1568434, 2836, 8266, 1579536)
(1578803, 0, 0, 1578803)
