(1194004, 0, 0, 1194004)
(1193485, 0, 0, 1193485)
(1193102, 0, 0, 1193102)
(1193018, 0, 0, 1193018)
(1192537, 0, 0, 1192537)
(1192170, 0, 0, 1192170)
(1191803, 0, 0, 1191803)
(1191438, 0, 0, 1191438)
(1191073, 0, 0, 1191073)
(1190708, 0, 0, 1190708)
(1190520, 0, 0, 1190520)
(1190324, 0, 0, 1190324)
(1189573, 0, 0, 1189573)
(1188919, 0, 0, 1188919)
(1188735, 0, 0, 1188735)
(1187621, 0, 0, 1187621)
(1186507, 0, 0, 1186507)
(1186084, 0, 0, 1186084)
(1185661, 0, 0, 1185661)
(1185238, 0, 0, 1185238)
(1184648, 0, 0, 1184648)
(1184455, 0, 0, 1184455)
(1184033, 0, 0, 1184033)
(1183711, 0, 0, 1183711)
(1182792, 0, 0, 1182792)
(1181771, 0, 0, 1181771)
(1180851, 0, 0, 1180851)
(1180233, 0, 0, 1180233)
(1179615, 0, 0, 1179615)
(1179208, 0, 0, 1179208)
(1178322, 0, 0, 1178322)
(1178117, 0, 0, 1178117)
(1177656, 0, 0, 1177656)
(1177267, 0, 0, 1177267)
(1176540, 0, 0, 1176540)
(1175731, 0, 0, 1175731)
(1175124, 0, 0, 1175124)
(1174728, 0, 0, 1174728)
(1173509, 0, 0, 1173509)
(1173090, 0, 0, 1173090)
(1172693, 0, 0, 1172693)
(1172166, 0, 0, 1172166)
(1171844, 0, 0, 1171844)
(1171494, 0, 0, 1171494)
(1170986, 0, 0, 1170986)
(1170351, 0, 0, 1170351)
(1170128, 0, 0, 1170128)
(1169535, 0, 0, 1169535)
(1169036, 0, 0, 1169036)
(1168537, 0, 0, 1168537)
(1168316, 0, 0, 1168316)
(1168095, 0, 0, 1168095)
(1167874, 0, 0, 1167874)
(1167786, 0, 0, 1167786)
(1167223, 0, 0, 1167223)
(1166595, 0, 0, 1166595)
(1166104, 0, 0, 1166104)
(1165566, 0, 0, 1165566)
(1165183, 0, 0, 1165183)
(1164374, 0, 0, 1164374)
(1163898, 0, 0, 1163898)
(1163581, 0, 0, 1163581)
(1163239, 0, 0, 1163239)
(1162995, 0, 0, 1162995)
(1162697, 0, 0, 1162697)
(1162473, 0, 0, 1162473)
(1162379, 0, 0, 1162379)
(1162285, 0, 0, 1162285)
(1162073, 0, 0, 1162073)
(1161659, 0, 0, 1161659)
(1160750, 0, 0, 1160750)
(1160163, 0, 0, 1160163)
(1159268, 0, 0, 1159268)
(1159070, 0, 0, 1159070)
(1158640, 0, 0, 1158640)
(1157882, 0, 0, 1157882)
(1157818, 0, 0, 1157818)
(1157531, 0, 0, 1157531)
(1157244, 0, 0, 1157244)
(1156990, 0, 0, 1156990)
(1156793, 0, 0, 1156793)
(1156596, 0, 0, 1156596)
(1156395, 0, 0, 1156395)
(1156095, 0, 0, 1156095)
(1155722, 0, 0, 1155722)
(1155293, 0, 0, 1155293)
(1154696, 0, 0, 1154696)
(1153998, 0, 0, 1153998)
(1153658, 0, 0, 1153658)
(1153165, 0, 0, 1153165)
(1152601, 0, 0, 1152601)
(1152445, 0, 0, 1152445)
(1151985, 0, 0, 1151985)
(1150993, 0, 0, 1150993)
(1150346, 0, 0, 1150346)
(1149789, 0, 0, 1149789)
(1149527, 0, 0, 1149527)
(1149207, 0, 0, 1149207)
(1148887, 0, 0, 1148887)
(1148567, 0, 0, 1148567)
(1148244, 0, 0, 1148244)
(1147728, 0, 0, 1147728)
(1147289, 0, 0, 1147289)
(1146850, 0, 0, 1146850)
(1146410, 0, 0, 1146410)
(1146286, 0, 0, 1146286)
(1145598, 0, 0, 1145598)
(1145244, 0, 0, 1145244)
(1145173, 0, 0, 1145173)
(1145102, 0, 0, 1145102)
(1145031, 0, 0, 1145031)
(1144960, 0, 0, 1144960)
(1144759, 0, 0, 1144759)
(1144378, 0, 0, 1144378)
(1143997, 0, 0, 1143997)
(1143616, 0, 0, 1143616)
(1143235, 0, 0, 1143235)
(1142723, 0, 0, 1142723)
(1142055, 0, 0, 1142055)
(1141871, 0, 0, 1141871)
(1141181, 0, 0, 1141181)
(1140961, 0, 0, 1140961)
(1140741, 0, 0, 1140741)
(1140390, 0, 0, 1140390)
(1139964, 0, 0, 1139964)
(1139812, 0, 0, 1139812)
(1139398, 0, 0, 1139398)
(1139253, 0, 0, 1139253)
(1138634, 0, 0, 1138634)
(1137924, 0, 0, 1137924)
(1137164, 0, 0, 1137164)
(1136888, 0, 0, 1136888)
(1136612, 0, 0, 1136612)
(1136307, 0, 0, 1136307)
(1135594, 0, 0, 1135594)
(1134853, 0, 0, 1134853)
(1134749, 0, 0, 1134749)
(1134645, 0, 0, 1134645)
(1134483, 0, 0, 1134483)
(1133377, 0, 0, 1133377)
(1132823, 0, 0, 1132823)
(1132450, 0, 0, 1132450)
(1131670, 0, 0, 1131670)
(1131283, 0, 0, 1131283)
(1130627, 0, 0, 1130627)
(1129951, 0, 0, 1129951)
(1129391, 0, 0, 1129391)
(1128750, 0, 0, 1128750)
(1128317, 0, 0, 1128317)
(1127665, 0, 0, 1127665)
(1127522, 0, 0, 1127522)
(1127050, 0, 0, 1127050)
(1126582, 0, 0, 1126582)
(1126429, 0, 0, 1126429)
(1125677, 0, 0, 1125677)
(1124800, 0, 0, 1124800)
(1124533, 0, 0, 1124533)
(1123913, 0, 0, 1123913)
(1123293, 0, 0, 1123293)
(1122562, 0, 0, 1122562)
(1121763, 0, 0, 1121763)
(1121473, 0, 0, 1121473)
(1121256, 0, 0, 1121256)
(1121039, 0, 0, 1121039)
(1120186, 0, 0, 1120186)
(1120066, 0, 0, 1120066)
(1119730, 0, 0, 1119730)
(1119355, 0, 0, 1119355)
(1118998, 0, 0, 1118998)
(1118524, 0, 0, 1118524)
(1117856, 0, 0, 1117856)
(1117243, 0, 0, 1117243)
(1117044, 0, 0, 1117044)
(1116280, 0, 0, 1116280)
(1115549, 0, 0, 1115549)
(1114563, 0, 0, 1114563)
(1114380, 0, 0, 1114380)
(1113857, 0, 0, 1113857)
(1112931, 0, 0, 1112931)
(1112407, 0, 0, 1112407)
(1111804, 0, 0, 1111804)
(1110823, 0, 0, 1110823)
(1110534, 0, 0, 1110534)
(1109751, 0, 0, 1109751)
(1109110, 0, 0, 1109110)
(1108951, 0, 0, 1108951)
(1108332, 0, 0, 1108332)
(1108050, 0, 0, 1108050)
(1107803, 0, 0, 1107803)
(1107160, 0, 0, 1107160)
(1106877, 0, 0, 1106877)
(1106594, 0, 0, 1106594)
(1106311, 0, 0, 1106311)
(1106028, 0, 0, 1106028)
(1105745, 0, 0, 1105745)
(1105522, 0, 0, 1105522)
(1105160, 0, 0, 1105160)
(1104578, 0, 0, 1104578)
(1103742, 0, 0, 1103742)
(1103231, 0, 0, 1103231)
(1103120, 0, 0, 1103120)
(1102866, 0, 0, 1102866)
(1102813, 0, 0, 1102813)
(1102301, 0, 0, 1102301)
(1102068, 0, 0, 1102068)
(1101620, 0, 0, 1101620)
(1101372, 0, 0, 1101372)
(1100840, 0, 0, 1100840)
(1100383, 0, 0, 1100383)
(1099957, 0, 0, 1099957)
(1099692, 0, 0, 1099692)
(1099355, 0, 0, 1099355)
(1098585, 0, 0, 1098585)
(1098053, 0, 0, 1098053)
(1097662, 0, 0, 1097662)
(1097464, 0, 0, 1097464)
(1097086, 0, 0, 1097086)
(1096708, 0, 0, 1096708)
(1096597, 0, 0, 1096597)
(1095928, 0, 0, 1095928)
(1095469, 0, 0, 1095469)
(1095112, 0, 0, 1095112)
(1094838, 0, 0, 1094838)
(1094430, 0, 0, 1094430)
(1093871, 0, 0, 1093871)
(1093419, 0, 0, 1093419)
(1092867, 0, 0, 1092867)
(1092463, 0, 0, 1092463)
(1092032, 0, 0, 1092032)
(1091244, 0, 0, 1091244)
(1091007, 0, 0, 1091007)
(1090264, 0, 0, 1090264)
(1089363, 0, 0, 1089363)
(1088640, 0, 0, 1088640)
(1088209, 0, 0, 1088209)
(1087554, 0, 0, 1087554)
(1087131, 0, 0, 1087131)
(1086850, 0, 0, 1086850)
(1086775, 0, 0, 1086775)
(1086077, 0, 0, 1086077)
(1085808, 0, 0, 1085808)
(1085617, 0, 0, 1085617)
(1085426, 0, 0, 1085426)
(1085101, 0, 0, 1085101)
(1084471, 0, 0, 1084471)
(1083637, 0, 0, 1083637)
(1083300, 0, 0, 1083300)
(1083020, 0, 0, 1083020)
(1082917, 0, 0, 1082917)
(1082780, 0, 0, 1082780)
(1082356, 0, 0, 1082356)
(1081755, 0, 0, 1081755)
(1081608, 0, 0, 1081608)
(1081302, 0, 0, 1081302)
(1080905, 0, 0, 1080905)
(1080307, 0, 0, 1080307)
(1079741, 0, 0, 1079741)
(1079518, 0, 0, 1079518)
(1079187, 0, 0, 1079187)
(1078854, 0, 0, 1078854)
(1078501, 0, 0, 1078501)
(1078107, 0, 0, 1078107)
(1077600, 0, 0, 1077600)
(1077509, 0, 0, 1077509)
(1077226, 0, 0, 1077226)
(1076505, 0, 0, 1076505)
(1075927, 0, 0, 1075927)
(1075621, 0, 0, 1075621)
(1075533, 0, 0, 1075533)
(1074560, 0, 0, 1074560)
(1074223, 0, 0, 1074223)
(1073423, 0, 0, 1073423)
(1072474, 0, 0, 1072474)
(1071924, 0, 0, 1071924)
(1071374, 0, 0, 1071374)
(1071186, 0, 0, 1071186)
(1070909, 0, 0, 1070909)
(1070272, 0, 0, 1070272)
(1069885, 0, 0, 1069885)
(1069692, 0, 0, 1069692)
(1068806, 0, 0, 1068806)
(1068391, 0, 0, 1068391)
(1067963, 0, 0, 1067963)
(1067506, 0, 0, 1067506)
(1066489, 0, 0, 1066489)
(1066379, 0, 0, 1066379)
(1066269, 0, 0, 1066269)
(1065819, 0, 0, 1065819)
(1065369, 0, 0, 1065369)
(1064919, 0, 0, 1064919)
(1064484, 0, 0, 1064484)
(1063856, 0, 0, 1063856)
(1063669, 0, 0, 1063669)
(1063043, 0, 0, 1063043)
(1062753, 0, 0, 1062753)
(1062286, 0, 0, 1062286)
(1061826, 0, 0, 1061826)
(1061546, 0, 0, 1061546)
(1061077, 0, 0, 1061077)
(1060920, 0, 0, 1060920)
(1060396, 0, 0, 1060396)
(1060328, 0, 0, 1060328)
(1059737, 0, 0, 1059737)
(1058707, 0, 0, 1058707)
(1058340, 0, 0, 1058340)
(1057902, 0, 0, 1057902)
(1057205, 0, 0, 1057205)
(1056540, 0, 0, 1056540)
(1056344, 0, 0, 1056344)
(1055723, 0, 0, 1055723)
(1055067, 0, 0, 1055067)
(1054467, 0, 0, 1054467)
(1053592, 0, 0, 1053592)
(1052907, 0, 0, 1052907)
(1052169, 0, 0, 1052169)
(1051975, 0, 0, 1051975)
(1051912, 0, 0, 1051912)
(1051320, 0, 0, 1051320)
(1050928, 0, 0, 1050928)
(1050578, 0, 0, 1050578)
(1050228, 0, 0, 1050228)
(1049892, 0, 0, 1049892)
(1049556, 0, 0, 1049556)
(1049156, 0, 0, 1049156)
(1048741, 0, 0, 1048741)
(1048326, 0, 0, 1048326)
(1047412, 0, 0, 1047412)
(1046533, 0, 0, 1046533)
(1045699, 0, 0, 1045699)
(1045345, 0, 0, 1045345)
(1045220, 0, 0, 1045220)
(1044809, 0, 0, 1044809)
(1044677, 0, 0, 1044677)
(1044444, 0, 0, 1044444)
(1044354, 0, 0, 1044354)
(1043651, 0, 0, 1043651)
(1043526, 0, 0, 1043526)
(1043056, 0, 0, 1043056)
(1042815, 0, 0, 1042815)
(1042466, 0, 0, 1042466)
(1041969, 0, 0, 1041969)
(1041249, 0, 0, 1041249)
(1040667, 0, 0, 1040667)
(1040334, 0, 0, 1040334)
(1040286, 0, 0, 1040286)
(1039475, 0, 0, 1039475)
(1038673, 0, 0, 1038673)
(1037778, 0, 0, 1037778)
(1037418, 0, 0, 1037418)
(1036514, 0, 0, 1036514)
(1035916, 0, 0, 1035916)
(1035288, 0, 0, 1035288)
(1034860, 0, 0, 1034860)
(1033800, 0, 0, 1033800)
(1032839, 0, 0, 1032839)
(1032441, 0, 0, 1032441)
(1032043, 0, 0, 1032043)
(1031645, 0, 0, 1031645)
(1031096, 0, 0, 1031096)
(1030967, 0, 0, 1030967)
(1030689, 0, 0, 1030689)
(1029884, 0, 0, 1029884)
(1029667, 0, 0, 1029667)
(1029582, 0, 0, 1029582)
(1028838, 0, 0, 1028838)
(1028094, 0, 0, 1028094)
(1027722, 0, 0, 1027722)
(1026805, 0, 0, 1026805)
(1026143, 0, 0, 1026143)
(1025407, 0, 0, 1025407)
(1025206, 0, 0, 1025206)
(1024769, 0, 0, 1024769)
(1024401, 0, 0, 1024401)
(1023644, 0, 0, 1023644)
(1023273, 0, 0, 1023273)
(1022403, 0, 0, 1022403)
(1021756, 0, 0, 1021756)
(1021358, 0, 0, 1021358)
(1020822, 0, 0, 1020822)
(1020583, 0, 0, 1020583)
(1020257, 0, 0, 1020257)
(1019799, 0, 0, 1019799)
(1019597, 0, 0, 1019597)
(1019307, 0, 0, 1019307)
(1019085, 0, 0, 1019085)
(1018868, 0, 0, 1018868)
(1018575, 0, 0, 1018575)
(1018236, 0, 0, 1018236)
(1017812, 0, 0, 1017812)
(1017385, 0, 0, 1017385)
(1016887, 0, 0, 1016887)
(1016490, 0, 0, 1016490)
(1016135, 0, 0, 1016135)
(1015968, 0, 0, 1015968)
(1015376, 0, 0, 1015376)
(1014822, 0, 0, 1014822)
(1014236, 0, 0, 1014236)
(1013468, 0, 0, 1013468)
(1012690, 0, 0, 1012690)
(1011870, 0, 0, 1011870)
(1010849, 0, 0, 1010849)
(1009932, 0, 0, 1009932)
(1009325, 0, 0, 1009325)
(1008689, 0, 0, 1008689)
(1008000, 0, 0, 1008000)
(1007778, 0, 0, 1007778)
(1007624, 0, 0, 1007624)
(1007470, 0, 0, 1007470)
(1006773, 0, 0, 1006773)
(1005843, 0, 0, 1005843)
(1005206, 0, 0, 1005206)
(1005008, 0, 0, 1005008)
(1004541, 0, 0, 1004541)
(1003623, 0, 0, 1003623)
(1002977, 0, 0, 1002977)
(1002351, 0, 0, 1002351)
(1002151, 0, 0, 1002151)
(1001963, 0, 0, 1001963)
(1001729, 0, 0, 1001729)
(1001427, 0, 0, 1001427)
(1001358, 0, 0, 1001358)
(1001198, 0, 0, 1001198)
(1000949, 0, 0, 1000949)
(1000700, 0, 0, 1000700)
(1000210, 0, 0, 1000210)
(999731, 0, 0, 999731)
(999308, 0, 0, 999308)
(998427, 0, 0, 998427)
(997791, 0, 0, 997791)
(997518, 0, 0, 997518)
(997245, 0, 0, 997245)
(997134, 0, 0, 997134)
(996458, 0, 0, 996458)
(995747, 0, 0, 995747)
(994745, 0, 0, 994745)
(994048, 0, 0, 994048)
(993544, 0, 0, 993544)
(992557, 0, 0, 992557)
(992143, 0, 0, 992143)
(991316, 0, 0, 991316)
(990925, 0, 0, 990925)
(990555, 0, 0, 990555)
(990376, 0, 0, 990376)
(989575, 0, 0, 989575)
(989181, 0, 0, 989181)
(988019, 0, 0, 988019)
(987785, 0, 0, 987785)
(987703, 0, 0, 987703)
(987389, 0, 0, 987389)
(987075, 0, 0, 987075)
(986761, 0, 0, 986761)
(986447, 0, 0, 986447)
(985563, 0, 0, 985563)
(985068, 0, 0, 985068)
(984339, 0, 0, 984339)
(983929, 0, 0, 983929)
(983178, 0, 0, 983178)
(982928, 0, 0, 982928)
(982678, 0, 0, 982678)
(981757, 0, 0, 981757)
(981220, 0, 0, 981220)
(980839, 0, 0, 980839)
(980272, 0, 0, 980272)
(980012, 0, 0, 980012)
(979376, 0, 0, 979376)
(978759, 0, 0, 978759)
(978370, 0, 0, 978370)
(977965, 0, 0, 977965)
(977723, 0, 0, 977723)
(977481, 0, 0, 977481)
(977376, 0, 0, 977376)
(977156, 0, 0, 977156)
(976406, 0, 0, 976406)
(975935, 0, 0, 975935)
(975359, 0, 0, 975359)
(975141, 0, 0, 975141)
(974898, 0, 0, 974898)
(974492, 0, 0, 974492)
(973994, 0, 0, 973994)
(973710, 0, 0, 973710)
(973339, 0, 0, 973339)
(972674, 0, 0, 972674)
(971830, 0, 0, 971830)
(971525, 0, 0, 971525)
(971015, 0, 0, 971015)
(970403, 0, 0, 970403)
(970157, 0, 0, 970157)
(969579, 0, 0, 969579)
(969507, 0, 0, 969507)
(969274, 0, 0, 969274)
(968701, 0, 0, 968701)
(968364, 0, 0, 968364)
(967491, 0, 0, 967491)
(966922, 0, 0, 966922)
(966064, 0, 0, 966064)
(965496, 0, 0, 965496)
(964925, 0, 0, 964925)
(964635, 0, 0, 964635)
(964306, 0, 0, 964306)
(963907, 0, 0, 963907)
(963460, 0, 0, 963460)
(963109, 0, 0, 963109)
(963072, 0, 0, 963072)
(962548, 0, 0, 962548)
(961793, 0, 0, 961793)
(961038, 0, 0, 961038)
(960262, 0, 0, 960262)
(959550, 0, 0, 959550)
(959212, 0, 0, 959212)
(958593, 0, 0, 958593)
(958113, 0, 0, 958113)
(957743, 0, 0, 957743)
(957697, 0, 0, 957697)
(957331, 0, 0, 957331)
(956873, 0, 0, 956873)
(955956, 0, 0, 955956)
(955865, 0, 0, 955865)
(955519, 0, 0, 955519)
(955189, 0, 0, 955189)
(954859, 0, 0, 954859)
(954645, 0, 0, 954645)
(954050, 0, 0, 954050)
(953859, 0, 0, 953859)
(953477, 0, 0, 953477)
(953018, 0, 0, 953018)
(952798, 0, 0, 952798)
(952636, 0, 0, 952636)
(952474, 0, 0, 952474)
(952026, 0, 0, 952026)
(951984, 0, 0, 951984)
(951514, 0, 0, 951514)
(950962, 0, 0, 950962)
(950410, 0, 0, 950410)
(949858, 0, 0, 949858)
(949699, 0, 0, 949699)
(949130, 0, 0, 949130)
(948444, 0, 0, 948444)
(947777, 0, 0, 947777)
(947388, 0, 0, 947388)
(947120, 0, 0, 947120)
(946901, 0, 0, 946901)
(946401, 0, 0, 946401)
(945916, 0, 0, 945916)
(945431, 0, 0, 945431)
(944944, 0, 0, 944944)
(944356, 0, 0, 944356)
(944143, 0, 0, 944143)
(943760, 0, 0, 943760)
(943197, 0, 0, 943197)
(942772, 0, 0, 942772)
(942347, 0, 0, 942347)
(941944, 0, 0, 941944)
(941723, 0, 0, 941723)
(941502, 0, 0, 941502)
(941310, 0, 0, 941310)
(941266, 0, 0, 941266)
(940771, 0, 0, 940771)
(940634, 0, 0, 940634)
(940047, 0, 0, 940047)
(939584, 0, 0, 939584)
(939480, 0, 0, 939480)
(939376, 0, 0, 939376)
(939272, 0, 0, 939272)
(938916, 0, 0, 938916)
(938728, 0, 0, 938728)
(938462, 0, 0, 938462)
(937801, 0, 0, 937801)
(937384, 0, 0, 937384)
(937367, 0, 0, 937367)
(936774, 0, 0, 936774)
(936595, 0, 0, 936595)
(936416, 0, 0, 936416)
(935706, 0, 0, 935706)
(935300, 0, 0, 935300)
(934848, 0, 0, 934848)
(934749, 0, 0, 934749)
(934418, 0, 0, 934418)
(933726, 0, 0, 933726)
(933294, 0, 0, 933294)
(933141, 0, 0, 933141)
(932261, 0, 0, 932261)
(931757, 0, 0, 931757)
(931376, 0, 0, 931376)
(931202, 0, 0, 931202)
(930605, 0, 0, 930605)
(930161, 0, 0, 930161)
(929822, 0, 0, 929822)
(929483, 0, 0, 929483)
(929067, 0, 0, 929067)
(928694, 0, 0, 928694)
(928152, 0, 0, 928152)
(927392, 0, 0, 927392)
(926726, 0, 0, 926726)
(926010, 0, 0, 926010)
(925715, 0, 0, 925715)
(925522, 0, 0, 925522)
(924958, 0, 0, 924958)
(924670, 0, 0, 924670)
(924226, 0, 0, 924226)
(923849, 0, 0, 923849)
(923790, 0, 0, 923790)
(923314, 0, 0, 923314)
(922944, 0, 0, 922944)
(922164, 0, 0, 922164)
(921526, 0, 0, 921526)
(921075, 0, 0, 921075)
(920992, 0, 0, 920992)
(920909, 0, 0, 920909)
(920793, 0, 0, 920793)
(920491, 0, 0, 920491)
(920051, 0, 0, 920051)
(919611, 0, 0, 919611)
(919171, 0, 0, 919171)
(918961, 0, 0, 918961)
(918751, 0, 0, 918751)
(918125, 0, 0, 918125)
(917742, 0, 0, 917742)
(917257, 0, 0, 917257)
(916659, 0, 0, 916659)
(916181, 0, 0, 916181)
(915842, 0, 0, 915842)
(915503, 0, 0, 915503)
(914926, 0, 0, 914926)
(914399, 0, 0, 914399)
(913847, 0, 0, 913847)
(913558, 0, 0, 913558)
(912771, 0, 0, 912771)
(912233, 0, 0, 912233)
(911597, 0, 0, 911597)
(910957, 0, 0, 910957)
(910371, 0, 0, 910371)
(909473, 0, 0, 909473)
(909028, 0, 0, 909028)
(908565, 0, 0, 908565)
(907833, 0, 0, 907833)
(907332, 0, 0, 907332)
(906524, 0, 0, 906524)
(906523, 0, 0, 906523)
(906239, 0, 0, 906239)
(906022, 0, 0, 906022)
(905711, 0, 0, 905711)
(905604, 0, 0, 905604)
(904690, 0, 0, 904690)
(904169, 0, 0, 904169)
(903935, 0, 0, 903935)
(903736, 0, 0, 903736)
(903504, 0, 0, 903504)
(902987, 0, 0, 902987)
(902526, 0, 0, 902526)
(902428, 0, 0, 902428)
(901773, 0, 0, 901773)
(901594, 0, 0, 901594)
(900717, 0, 0, 900717)
(900024, 0, 0, 900024)
(899451, 0, 0, 899451)
(899168, 0, 0, 899168)
(898852, 0, 0, 898852)
(898418, 0, 0, 898418)
(897983, 0, 0, 897983)
(897695, 0, 0, 897695)
(897175, 0, 0, 897175)
(896759, 0, 0, 896759)
(896442, 0, 0, 896442)
(896125, 0, 0, 896125)
(895808, 0, 0, 895808)
(894969, 0, 0, 894969)
(894376, 0, 0, 894376)
(893632, 0, 0, 893632)
(892927, 0, 0, 892927)
(892824, 0, 0, 892824)
(892721, 0, 0, 892721)
(892267, 0, 0, 892267)
(892246, 0, 0, 892246)
(892089, 0, 0, 892089)
(891757, 0, 0, 891757)
(890902, 0, 0, 890902)
(890438, 0, 0, 890438)
(889561, 0, 0, 889561)
(889059, 0, 0, 889059)
(888407, 0, 0, 888407)
(888063, 0, 0, 888063)
(887632, 0, 0, 887632)
(887201, 0, 0, 887201)
(886515, 0, 0, 886515)
(885805, 0, 0, 885805)
(885582, 0, 0, 885582)
(885265, 0, 0, 885265)
(884631, 0, 0, 884631)
(884426, 0, 0, 884426)
(884055, 0, 0, 884055)
(883629, 0, 0, 883629)
(883295, 0, 0, 883295)
(882309, 0, 0, 882309)
(881653, 0, 0, 881653)
(881431, 0, 0, 881431)
(880659, 0, 0, 880659)
(880174, 0, 0, 880174)
(880047, 0, 0, 880047)
(879742, 0, 0, 879742)
(878906, 0, 0, 878906)
(878394, 0, 0, 878394)
(877395, 0, 0, 877395)
(877270, 0, 0, 877270)
(876464, 0, 0, 876464)
(875982, 0, 0, 875982)
(875527, 0, 0, 875527)
(875493, 0, 0, 875493)
(875073, 0, 0, 875073)
