(1194004, 0, 0, 1194004)
(1194004, 0, 0, 1194004)
(1193969, 0, 0, 1193969)
(1192207, 0, 0, 1192207)
(1190690, 0, 0, 1190690)
(1190690, 0, 0, 1190690)
(1189998, 0, 0, 1189998)
(1189998, 0, 0, 1189998)
(1187981, 0, 0, 1187981)
(1187981, 0, 0, 1187981)
(1187842, 0, 3473, 1191315)
(1187839, 0, 3473, 1191312)
(1187563, 0, 3473, 1191036)
(1184523, 0, 3473, 1187996)
(1184430, 0, 3473, 1187903)
(1183018, 0, 3473, 1186491)
(1180030, 0, 3473, 1183503)
(1178838, 0, 3473, 1182311)
(1178838, 0, 3473, 1182311)
(1178140, 0, 3473, 1181613)
(1184562, 0, 10324, 1194886)
(1183914, 0, 10324, 1194238)
(1182944, 0, 10324, 1193268)
(1182944, 0, 10324, 1193268)
(1182944, 0, 10324, 1193268)
(1182206, 0, 10324, 1192530)
(1180335, 0, 10324, 1190659)
(1178679, 0, 10324, 1189003)
(1177077, 1200, 10324, 1188601)
(1186757, 0, 0, 1186757)
(1182316, 0, 8748, 1191064)
(1182316, 0, 8748, 1191064)
(1180742, 0, 8748, 1189490)
(1180094, 0, 8748, 1188842)
(1179551, 0, 8748, 1188299)
(1178420, 0, 8748, 1187168)
(1178420, 0, 8748, 1187168)
(1176757, 1076, 8748, 1186581)
(1172253, 5491, 8748, 1186492)
(1176473, 1076, 8748, 1186297)
(1176070, 4522, 20741, 1201333)
(1175477, 4522, 20741, 1200740)
(1176321, 2152, 20741, 1199214)
(1175067, 2152, 20741, 1197960)
(1191497, 0, 0, 1191497)
(1189742, 0, 0, 1189742)
(1188821, 0, 0, 1188821)
(1184372, 2345, 0, 1186717)
(1180680, 2345, 0, 1183025)
(1180680, 2345, 0, 1183025)
(1185039, 5608, 9283, 1199930)
(1185039, 5608, 9283, 1199930)
(1183281, 5608, 9283, 1198172)
(1183281, 5608, 9283, 1198172)
(1182042, 5608, 9283, 1196933)
(1179054, 7373, 9283, 1195710)
(1178091, 7373, 9283, 1194747)
(1177124, 7373, 9283, 1193780)
(1176715, 7373, 9283, 1193371)
(1191580, 0, 0, 1191580)
(1190235, 1836, 973, 1193044)
(1191580, 0, 973, 1192553)
(1191580, 0, 973, 1192553)
(1191426, 0, 973, 1192399)
(1191188, 0, 973, 1192161)
(1189155, 0, 973, 1190128)
(1187738, 0, 973, 1188711)
(1185683, 0, 973, 1186656)
(1184171, 0, 973, 1185144)
(1184171, 0, 973, 1185144)
(1185230, 0, 9990, 1195220)
(1185230, 0, 9990, 1195220)
(1184587, 0, 9990, 1194577)
(1183305, 863, 9990, 1194158)
(1191067, 0, 0, 1191067)
(1189388, 0, 0, 1189388)
(1189388, 0, 0, 1189388)
(1188175, 973, 0, 1189148)
(1188141, 0, 0, 1188141)
(1186128, 0, 0, 1186128)
(1186841, 0, 7665, 1194506)
(1185298, 0, 7665, 1192963)
(1184087, 0, 7665, 1191752)
(1184087, 0, 7665, 1191752)
(1182766, 0, 7665, 1190431)
(1182766, 0, 7665, 1190431)
(1181789, 700, 7665, 1190154)
(1180509, 0, 7665, 1188174)
(1179658, 0, 7665, 1187323)
(1178440, 0, 7665, 1186105)
(1184691, 0, 14641, 1199332)
(1182595, 0, 14641, 1197236)
(1182595, 0, 14641, 1197236)
(1181687, 0, 14641, 1196328)
(1180884, 0, 14641, 1195525)
(1180676, 0, 14641, 1195317)
(1179924, 0, 14641, 1194565)
(1178628, 0, 14641, 1193269)
(1178628, 0, 14641, 1193269)
(1177559, 0, 14641, 1192200)
(1179670, 0, 22141, 1201811)
(1176726, 0, 22141, 1198867)
(1176726, 0, 22141, 1198867)
(1176138, 0, 22141, 1198279)
(1188335, 0, 0, 1188335)
(1188244, 0, 0, 1188244)
(1187465, 0, 0, 1187465)
(1186743, 0, 0, 1186743)
(1185906, 0, 0, 1185906)
(1184574, 0, 0, 1184574)
(1186226, 0, 11754, 1197980)
(1184889, 0, 11754, 1196643)
(1184006, 0, 11754, 1195760)
(1184006, 0, 11754, 1195760)
(1183261, 0, 11754, 1195015)
(1194004, 0, 0, 1194004)
