(1145669, 0, 539, 1146208)
(1145130, 0, 1078, 1146208)
(1145288, 0, 1106, 1146394)
(1145260, 0, 1134, 1146394)
(1145288, 0, 1106, 1146394)
(1145260, 0, 1134, 1146394)
(1145288, 0, 1106, 1146394)
(1145316, 0, 1078, 1146394)
(1145288, 0, 1106, 1146394)
(1145316, 0, 1078, 1146394)
(1145288, 0, 1106, 1146394)
(1145316, 0, 1078, 1146394)
(1144667, 0, 1727, 1146394)
(1144639, 0, 1755, 1146394)
(1144611, 0, 1783, 1146394)
(1144639, 0, 1755, 1146394)
(1144611, 0, 1783, 1146394)
(1144639, 0, 1755, 1146394)
(1144611, 0, 1783, 1146394)
(1144639, 0, 1755, 1146394)
(1144667, 0, 1727, 1146394)
(1144639, 0, 1755, 1146394)
(1144611, 0, 1783, 1146394)
(1144639, 0, 1755, 1146394)
(1144667, 0, 1727, 1146394)
(1145316, 0, 1078, 1146394)
(1145288, 0, 1106, 1146394)
(1145260, 0, 1134, 1146394)
(1145288, 0, 1106, 1146394)
(1145260, 0, 1134, 1146394)
(1145288, 0, 1106, 1146394)
(1145316, 0, 1078, 1146394)
(1145855, 0, 539, 1146394)
(1145827, 0, 567, 1146394)
(1145799, 0, 595, 1146394)
(1145827, 0, 567, 1146394)
(1145855, 0, 539, 1146394)
(1145827, 0, 567, 1146394)
(1145855, 0, 539, 1146394)
(1145827, 0, 567, 1146394)
(1145799, 0, 595, 1146394)
(1145827, 0, 567, 1146394)
(1145799, 0, 595, 1146394)
(1145827, 0, 567, 1146394)
(1145799, 0, 595, 1146394)
(1145827, 0, 567, 1146394)
(1145799, 0, 595, 1146394)
(1145827, 0, 567, 1146394)
(1145799, 0, 595, 1146394)
(1145827, 0, 567, 1146394)
(1145799, 0, 595, 1146394)
(1145827, 0, 567, 1146394)
(1145855, 0, 539, 1146394)
(1145697, 0, 697, 1146394)
(1145855, 0, 539, 1146394)
(1145697, 0, 697, 1146394)
(1145855, 0, 539, 1146394)
(1146013, 0, 567, 1146580)
(1146041, 0, 539, 1146580)
(1146199, 0, 567, 1146766)
(1146171, 0, 595, 1146766)
(1146199, 0, 567, 1146766)
(1146171, 0, 595, 1146766)
(1146143, 0, 623, 1146766)
(1146115, 0, 651, 1146766)
(1146143, 0, 623, 1146766)
(1146115, 0, 651, 1146766)
(1146143, 0, 623, 1146766)
(1146171, 0, 595, 1146766)
(1146199, 0, 567, 1146766)
(1146227, 0, 539, 1146766)
(1146199, 0, 567, 1146766)
(1146171, 0, 595, 1146766)
(1146143, 0, 623, 1146766)
(1146115, 0, 651, 1146766)
(1146143, 0, 623, 1146766)
(1146115, 0, 651, 1146766)
(1146143, 0, 623, 1146766)
(1146115, 0, 651, 1146766)
(1146143, 0, 623, 1146766)
(1146171, 0, 595, 1146766)
(1146143, 0, 623, 1146766)
(1146115, 0, 651, 1146766)
(1146143, 0, 623, 1146766)
(1146115, 0, 651, 1146766)
(1146143, 0, 623, 1146766)
(1146115, 0, 651, 1146766)
(1146143, 0, 623, 1146766)
(1146171, 0, 595, 1146766)
(1146143, 0, 623, 1146766)
(1146115, 0, 651, 1146766)
(1146143, 0, 623, 1146766)
(1146171, 0, 595, 1146766)
(1146199, 0, 567, 1146766)
(1146171, 0, 595, 1146766)
(1146143, 0, 623, 1146766)
(1146171, 0, 595, 1146766)
(1146199, 0, 567, 1146766)
(1146227, 0, 539, 1146766)
(1146199, 0, 567, 1146766)
(1146227, 0, 539, 1146766)
(1146199, 0, 567, 1146766)
(1146171, 0, 595, 1146766)
(1146199, 0, 567, 1146766)
(1146171, 0, 595, 1146766)
(1146199, 0, 567, 1146766)
(1146227, 0, 539, 1146766)
(1146199, 0, 567, 1146766)
(1146227, 0, 539, 1146766)
(1146199, 0, 567, 1146766)
(1146227, 0, 539, 1146766)
(1146069, 0, 697, 1146766)
(1146227, 0, 539, 1146766)
(1146199, 0, 567, 1146766)
(1146227, 0, 539, 1146766)
(1145688, 0, 1078, 1146766)
(1145660, 0, 1106, 1146766)
(1145632, 0, 1134, 1146766)
(1145660, 0, 1106, 1146766)
(1145688, 0, 1078, 1146766)
(1145660, 0, 1106, 1146766)
(1145688, 0, 1078, 1146766)
(1145660, 0, 1106, 1146766)
(1145688, 0, 1078, 1146766)
(1145021, 0, 1745, 1146766)
(1144863, 0, 1903, 1146766)
(1144835, 0, 1745, 1146580)
(1144677, 0, 1903, 1146580)
(1144705, 0, 2061, 1146766)
(1144677, 0, 1903, 1146580)
(1144519, 0, 2061, 1146580)
(1144491, 0, 1903, 1146394)
(1144463, 0, 1745, 1146208)
(1145002, 0, 1206, 1146208)
(1145541, 0, 667, 1146208)
(1145002, 0, 1206, 1146208)
(1144463, 0, 1745, 1146208)
(1145130, 0, 1078, 1146208)
(1145669, 0, 539, 1146208)
(1146208, 0, 0, 1146208)
(1145541, 0, 667, 1146208)
(1145002, 0, 1206, 1146208)
(1144463, 0, 1745, 1146208)
(1145002, 0, 1206, 1146208)
(1144463, 0, 1745, 1146208)
(1145130, 0, 1078, 1146208)
(1144463, 0, 1745, 1146208)
(1145130, 0, 1078, 1146208)
(1145669, 0, 539, 1146208)
(1146208, 0, 0, 1146208)
(1145669, 0, 539, 1146208)
(1146208, 0, 0, 1146208)
(1145541, 0, 667, 1146208)
(1145002, 0, 1206, 1146208)
(1144463, 0, 1745, 1146208)
(1145130, 0, 1078, 1146208)
(1145669, 0, 539, 1146208)
(1146208, 0, 0, 1146208)
(1145541, 0, 667, 1146208)
(1145002, 0, 1206, 1146208)
(1145541, 0, 667, 1146208)
(1145002, 0, 1206, 1146208)
(1144463, 0, 1745, 1146208)
(1145002, 0, 1206, 1146208)
(1144463, 0, 1745, 1146208)
(1145130, 0, 1078, 1146208)
(1145669, 0, 539, 1146208)
(1146208, 0, 0, 1146208)
(1145650, 0, 558, 1146208)
(1144983, 0, 1225, 1146208)
(1145650, 0, 558, 1146208)
(1145111, 0, 1097, 1146208)
(1144572, 0, 1636, 1146208)
(1143923, 0, 2285, 1146208)
(1144572, 0, 1636, 1146208)
(1145111, 0, 1097, 1146208)
(1144572, 0, 1636, 1146208)
(1144508, 0, 1700, 1146208)
(1143841, 0, 2367, 1146208)
(1144508, 0, 1700, 1146208)
(1145047, 0, 1161, 1146208)
(1145586, 0, 622, 1146208)
(1145650, 0, 558, 1146208)
(1144983, 0, 1225, 1146208)
(1145650, 0, 558, 1146208)
(1144983, 0, 1225, 1146208)
(1144444, 0, 1764, 1146208)
(1144983, 0, 1225, 1146208)
(1144444, 0, 1764, 1146208)
(1144983, 0, 1225, 1146208)
(1145650, 0, 558, 1146208)
(1145111, 0, 1097, 1146208)
(1144572, 0, 1636, 1146208)
(1145111, 0, 1097, 1146208)
(1145650, 0, 558, 1146208)
(1144983, 0, 1225, 1146208)
(1145650, 0, 558, 1146208)
(1145111, 0, 1097, 1146208)
(1145650, 0, 558, 1146208)
(1145586, 0, 622, 1146208)
(1144919, 0, 1289, 1146208)
(1144380, 0, 1828, 1146208)
(1144919, 0, 1289, 1146208)
(1145586, 0, 622, 1146208)
(1144937, 0, 1271, 1146208)
(1145586, 0, 622, 1146208)
(1145047, 0, 1161, 1146208)
(1144508, 0, 1700, 1146208)
(1145047, 0, 1161, 1146208)
(1145586, 0, 622, 1146208)
(1144919, 0, 1289, 1146208)
(1145586, 0, 622, 1146208)
(1144937, 0, 1271, 1146208)
(1145586, 0, 622, 1146208)
(1145047, 0, 1161, 1146208)
(1145586, 0, 622, 1146208)
(1144919, 0, 1289, 1146208)
(1145586, 0, 622, 1146208)
(1145047, 0, 1161, 1146208)
(1145586, 0, 622, 1146208)
(1145650, 0, 558, 1146208)
(1145111, 0, 1097, 1146208)
(1145650, 0, 558, 1146208)
(1145001, 0, 1207, 1146208)
(1145650, 0, 558, 1146208)
(1144983, 0, 1225, 1146208)
(1145650, 0, 558, 1146208)
(1145586, 0, 622, 1146208)
(1145047, 0, 1161, 1146208)
(1145586, 0, 622, 1146208)
(1145047, 0, 1161, 1146208)
(1144508, 0, 1700, 1146208)
(1144572, 0, 1636, 1146208)
(1143905, 0, 2303, 1146208)
(1143933, 0, 2461, 1146394)
(1144292, 0, 2915, 1147207)
(1144746, 0, 2461, 1147207)
(1144292, 0, 2915, 1147207)
(1144746, 0, 2461, 1147207)
(1144292, 0, 2915, 1147207)
(1144746, 0, 2461, 1147207)
(1144718, 0, 2303, 1147021)
(1144359, 0, 2662, 1147021)
(1143905, 0, 2303, 1146208)
(1144444, 0, 1764, 1146208)
(1144983, 0, 1225, 1146208)
(1145141, 0, 1253, 1146394)
(1145169, 0, 1225, 1146394)
(1145141, 0, 1253, 1146394)
(1145169, 0, 1225, 1146394)
(1145141, 0, 1253, 1146394)
(1145169, 0, 1225, 1146394)
(1145011, 0, 1383, 1146394)
(1144983, 0, 1225, 1146208)
(1145650, 0, 558, 1146208)
(1145111, 0, 1097, 1146208)
(1144572, 0, 1636, 1146208)
(1145111, 0, 1097, 1146208)
(1144572, 0, 1636, 1146208)
(1145111, 0, 1097, 1146208)
(1145269, 0, 1125, 1146394)
(1145241, 0, 1153, 1146394)
(1145269, 0, 1125, 1146394)
(1145297, 0, 1097, 1146394)
(1145269, 0, 1125, 1146394)
(1145297, 0, 1097, 1146394)
(1145139, 0, 1255, 1146394)
(1145297, 0, 1097, 1146394)
(1145269, 0, 1125, 1146394)
(1145297, 0, 1097, 1146394)
(1145139, 0, 1255, 1146394)
(1145297, 0, 1097, 1146394)
(1144758, 0, 1636, 1146394)
(1144730, 0, 1664, 1146394)
(1144758, 0, 1636, 1146394)
(1144730, 0, 1664, 1146394)
(1144702, 0, 1692, 1146394)
(1144730, 0, 1664, 1146394)
(1144758, 0, 1636, 1146394)
(1144600, 0, 1794, 1146394)
(1144572, 0, 1636, 1146208)
(1145111, 0, 1097, 1146208)
(1144572, 0, 1636, 1146208)
(1144396, 0, 1812, 1146208)
(1143747, 0, 2461, 1146208)
(1144286, 0, 1922, 1146208)
(1143747, 0, 2461, 1146208)
(1144286, 0, 1922, 1146208)
(1143747, 0, 2461, 1146208)
(1144396, 0, 1812, 1146208)
(1143729, 0, 2479, 1146208)
(1144396, 0, 1812, 1146208)
(1144935, 0, 1273, 1146208)
(1145474, 0, 734, 1146208)
(1144807, 0, 1401, 1146208)
(1144268, 0, 1940, 1146208)
(1144807, 0, 1401, 1146208)
(1144268, 0, 1940, 1146208)
(1143729, 0, 2479, 1146208)
(1144268, 0, 1940, 1146208)
(1143729, 0, 2479, 1146208)
(1144396, 0, 1812, 1146208)
(1143729, 0, 2479, 1146208)
(1144268, 0, 1940, 1146208)
(1144807, 0, 1401, 1146208)
(1145474, 0, 734, 1146208)
(1144935, 0, 1273, 1146208)
(1144396, 0, 1812, 1146208)
(1144935, 0, 1273, 1146208)
(1144396, 0, 1812, 1146208)
(1143729, 0, 2479, 1146208)
(1144268, 0, 1940, 1146208)
(1143729, 0, 2479, 1146208)
(1144268, 0, 1940, 1146208)
(1143729, 0, 2479, 1146208)
(1144396, 0, 1812, 1146208)
(1144935, 0, 1273, 1146208)
(1144396, 0, 1812, 1146208)
(1144935, 0, 1273, 1146208)
(1144396, 0, 1812, 1146208)
(1144935, 0, 1273, 1146208)
(1145474, 0, 734, 1146208)
(1144807, 0, 1401, 1146208)
(1144268, 0, 1940, 1146208)
(1144807, 0, 1401, 1146208)
(1145474, 0, 734, 1146208)
(1144807, 0, 1401, 1146208)
(1144268, 0, 1940, 1146208)
(1144807, 0, 1401, 1146208)
(1144268, 0, 1940, 1146208)
(1143729, 0, 2479, 1146208)
(1144396, 0, 1812, 1146208)
(1144572, 0, 1636, 1146208)
(1145111, 0, 1097, 1146208)
(1145650, 0, 558, 1146208)
(1145001, 0, 1207, 1146208)
(1145650, 0, 558, 1146208)
(1145111, 0, 1097, 1146208)
(1145650, 0, 558, 1146208)
(1145111, 0, 1097, 1146208)
(1144572, 0, 1636, 1146208)
(1143905, 0, 2303, 1146208)
(1144444, 0, 1764, 1146208)
(1143905, 0, 2303, 1146208)
(1144572, 0, 1636, 1146208)
(1143905, 0, 2303, 1146208)
(1144572, 0, 1636, 1146208)
(1145111, 0, 1097, 1146208)
(1144572, 0, 1636, 1146208)
(1145111, 0, 1097, 1146208)
(1144572, 0, 1636, 1146208)
(1145111, 0, 1097, 1146208)
(1144572, 0, 1636, 1146208)
(1145111, 0, 1097, 1146208)
(1145650, 0, 558, 1146208)
(1145111, 0, 1097, 1146208)
(1145650, 0, 558, 1146208)
(1145001, 0, 1207, 1146208)
(1145650, 0, 558, 1146208)
(1145111, 0, 1097, 1146208)
(1144572, 0, 1636, 1146208)
(1144508, 0, 1700, 1146208)
(1143841, 0, 2367, 1146208)
(1144508, 0, 1700, 1146208)
(1145047, 0, 1161, 1146208)
(1145586, 0, 622, 1146208)
(1145047, 0, 1161, 1146208)
(1144508, 0, 1700, 1146208)
(1145047, 0, 1161, 1146208)
(1145586, 0, 622, 1146208)
(1145047, 0, 1161, 1146208)
(1145586, 0, 622, 1146208)
(1145650, 0, 558, 1146208)
(1144983, 0, 1225, 1146208)
(1145650, 0, 558, 1146208)
(1145111, 0, 1097, 1146208)
(1144572, 0, 1636, 1146208)
(1143905, 0, 2303, 1146208)
(1144572, 0, 1636, 1146208)
(1145111, 0, 1097, 1146208)
(1144572, 0, 1636, 1146208)
(1145111, 0, 1097, 1146208)
(1145650, 0, 558, 1146208)
(1144983, 0, 1225, 1146208)
(1144444, 0, 1764, 1146208)
(1143905, 0, 2303, 1146208)
(1144444, 0, 1764, 1146208)
(1144983, 0, 1225, 1146208)
(1144444, 0, 1764, 1146208)
(1144983, 0, 1225, 1146208)
(1145650, 0, 558, 1146208)
(1144983, 0, 1225, 1146208)
(1144444, 0, 1764, 1146208)
(1143905, 0, 2303, 1146208)
(1144572, 0, 1636, 1146208)
(1145111, 0, 1097, 1146208)
(1145650, 0, 558, 1146208)
(1145111, 0, 1097, 1146208)
(1144572, 0, 1636, 1146208)
(1145111, 0, 1097, 1146208)
(1144572, 0, 1636, 1146208)
(1145111, 0, 1097, 1146208)
(1144572, 0, 1636, 1146208)
(1145111, 0, 1097, 1146208)
(1144572, 0, 1636, 1146208)
(1145111, 0, 1097, 1146208)
(1145650, 0, 558, 1146208)
(1145111, 0, 1097, 1146208)
(1144572, 0, 1636, 1146208)
(1145111, 0, 1097, 1146208)
(1144572, 0, 1636, 1146208)
(1145111, 0, 1097, 1146208)
(1145650, 0, 558, 1146208)
(1144983, 0, 1225, 1146208)
(1145650, 0, 558, 1146208)
(1144983, 0, 1225, 1146208)
(1145650, 0, 558, 1146208)
(1145111, 0, 1097, 1146208)
(1144572, 0, 1636, 1146208)
(1144508, 0, 1700, 1146208)
(1145047, 0, 1161, 1146208)
(1144508, 0, 1700, 1146208)
(1145047, 0, 1161, 1146208)
(1144508, 0, 1700, 1146208)
(1143859, 0, 2349, 1146208)
(1144508, 0, 1700, 1146208)
(1145047, 0, 1161, 1146208)
(1145586, 0, 622, 1146208)
(1145047, 0, 1161, 1146208)
(1145586, 0, 622, 1146208)
(1144919, 0, 1289, 1146208)
(1144380, 0, 1828, 1146208)
(1144919, 0, 1289, 1146208)
(1144380, 0, 1828, 1146208)
(1143841, 0, 2367, 1146208)
(1144508, 0, 1700, 1146208)
(1145047, 0, 1161, 1146208)
(1144508, 0, 1700, 1146208)
(1143841, 0, 2367, 1146208)
(1144380, 0, 1828, 1146208)
(1144919, 0, 1289, 1146208)
(1144380, 0, 1828, 1146208)
(1144919, 0, 1289, 1146208)
(1144380, 0, 1828, 1146208)
(1143841, 0, 2367, 1146208)
(1144508, 0, 1700, 1146208)
(1144572, 0, 1636, 1146208)
(1143905, 0, 2303, 1146208)
(1144572, 0, 1636, 1146208)
(1145111, 0, 1097, 1146208)
(1145650, 0, 558, 1146208)
(1145111, 0, 1097, 1146208)
(1144572, 0, 1636, 1146208)
(1143905, 0, 2303, 1146208)
(1144572, 0, 1636, 1146208)
(1143923, 0, 2285, 1146208)
(1144462, 0, 1746, 1146208)
(1145001, 0, 1207, 1146208)
(1144462, 0, 1746, 1146208)
(1143923, 0, 2285, 1146208)
(1144462, 0, 1746, 1146208)
(1145001, 0, 1207, 1146208)
(1144462, 0, 1746, 1146208)
(1143923, 0, 2285, 1146208)
(1144572, 0, 1636, 1146208)
(1143905, 0, 2303, 1146208)
(1144444, 0, 1764, 1146208)
(1143905, 0, 2303, 1146208)
(1144444, 0, 1764, 1146208)
(1144983, 0, 1225, 1146208)
(1145650, 0, 558, 1146208)
(1145678, 0, 716, 1146394)
(1145650, 0, 558, 1146208)
(1145808, 0, 586, 1146394)
(1145780, 0, 614, 1146394)
(1145808, 0, 586, 1146394)
(1145780, 0, 614, 1146394)
(1145808, 0, 586, 1146394)
(1145836, 0, 558, 1146394)
(1145772, 0, 622, 1146394)
(1145744, 0, 650, 1146394)
(1145716, 0, 678, 1146394)
(1145744, 0, 650, 1146394)
(1145772, 0, 622, 1146394)
(1145744, 0, 650, 1146394)
