(1834161, 0, 0, 1834161)
(1832991, 0, 0, 1832991)
(1832991, 0, 0, 1832991)
(1831383, 0, 0, 1831383)
(1830188, 0, 0, 1830188)
(1829514, 0, 0, 1829514)
(1828009, 0, 0, 1828009)
(1827992, 0, 0, 1827992)
(1827594, 0, 0, 1827594)
(1826490, 0, 0, 1826490)
(1832046, 0, 4239, 1836285)
(1831762, 0, 4239, 1836001)
(1830995, 0, 4239, 1835234)
(1830137, 0, 4239, 1834376)
(1833155, 0, 0, 1833155)
(1832758, 0, 0, 1832758)
(1831948, 0, 0, 1831948)
(1831282, 0, 0, 1831282)
(1830992, 0, 0, 1830992)
(1828819, 0, 0, 1828819)
(1831195, 0, 1119, 1832314)
(1831195, 0, 1119, 1832314)
(1831195, 0, 1119, 1832314)
(1828580, 0, 1119, 1829699)
(1827932, 0, 1119, 1829051)
(1827908, 0, 1119, 1829027)
(1827211, 0, 1119, 1828330)
(1827121, 0, 1119, 1828240)
(1825616, 0, 1119, 1826735)
(1825368, 0, 1119, 1826487)
(1826853, 0, 9966, 1836819)
(1826434, 0, 9966, 1836400)
(1826434, 0, 9966, 1836400)
(1826032, 0, 9966, 1835998)
(1826032, 0, 9966, 1835998)
(1823550, 0, 9966, 1833516)
(1822873, 0, 9966, 1832839)
(1822873, 0, 9966, 1832839)
(1821954, 0, 9966, 1831920)
(1821644, 0, 9966, 1831610)
(1828190, 0, 11540, 1839730)
(1827600, 0, 11540, 1839140)
(1827600, 0, 11540, 1839140)
(1827600, 0, 11540, 1839140)
(1832992, 0, 0, 1832992)
(1832743, 0, 0, 1832743)
(1831480, 0, 0, 1831480)
(1830731, 0, 0, 1830731)
(1830660, 0, 0, 1830660)
(1828302, 0, 0, 1828302)
(1831327, 0, 3626, 1834953)
(1830525, 0, 3626, 1834151)
(1830525, 0, 3626, 1834151)
(1830525, 0, 3626, 1834151)
(1829201, 1066, 3626, 1833893)
(1830088, 0, 3626, 1833714)
(1834161, 0, 0, 1834161)
