(1598600, 0, 0, 1598600)
(1596447, 0, 0, 1596447)
(1594770, 0, 0, 1594770)
(1594718, 0, 0, 1594718)
(1592910, 0, 0, 1592910)
(1592009, 0, 0, 1592009)
(1591099, 0, 0, 1591099)
(1590886, 0, 0, 1590886)
(1590687, 0, 0, 1590687)
(1590504, 0, 0, 1590504)
(1597297, 0, 2968, 1600265)
(1595275, 0, 2968, 1598243)
(1595134, 0, 2968, 1598102)
(1595134, 0, 2968, 1598102)
(1592952, 0, 2968, 1595920)
(1592952, 0, 2968, 1595920)
(1592952, 0, 2968, 1595920)
(1591361, 0, 2968, 1594329)
(1590704, 0, 2968, 1593672)
(1589597, 0, 2968, 1592565)
(1595371, 0, 4403, 1599774)
(1594394, 0, 4403, 1598797)
(1591873, 1849, 4403, 1598125)
(1592955, 0, 4403, 1597358)
(1592955, 0, 4403, 1597358)
(1591711, 0, 4403, 1596114)
(1591050, 0, 4403, 1595453)
(1589615, 0, 4403, 1594018)
(1589509, 0, 4403, 1593912)
(1588778, 0, 4403, 1593181)
(1594119, 0, 6187, 1600306)
(1594119, 0, 6187, 1600306)
(1593468, 0, 6187, 1599655)
(1592792, 0, 6187, 1598979)
(1592675, 0, 6187, 1598862)
(1591775, 0, 6187, 1597962)
(1591775, 0, 6187, 1597962)
(1591562, 0, 6187, 1597749)
(1589863, 0, 6187, 1596050)
(1588238, 0, 6187, 1594425)
(1591756, 0, 11675, 1603431)
(1589474, 0, 11675, 1601149)
(1589320, 0, 11675, 1600995)
(1588466, 0, 11675, 1600141)
(1596655, 0, 0, 1596655)
(1596655, 0, 0, 1596655)
(1594844, 0, 0, 1594844)
(1594844, 0, 0, 1594844)
(1594351, 0, 0, 1594351)
(1593827, 0, 0, 1593827)
(1593436, 0, 5500, 1598936)
(1592704, 0, 5500, 1598204)
(1590416, 1725, 5500, 1597641)
(1591980, 0, 5500, 1597480)
(1590005, 1725, 5500, 1597230)
(1588207, 1725, 5500, 1595432)
(1598600, 0, 0, 1598600)
