(1598600, 0, 0, 1598600)
(1598220, 0, 0, 1598220)
(1597733, 0, 0, 1597733)
(1597673, 0, 0, 1597673)
(1597613, 0, 0, 1597613)
(1597553, 0, 0, 1597553)
(1597328, 0, 0, 1597328)
(1597103, 0, 0, 1597103)
(1596878, 0, 0, 1596878)
(1596653, 0, 0, 1596653)
(1596503, 0, 0, 1596503)
(1596353, 0, 0, 1596353)
(1596203, 0, 0, 1596203)
(1595721, 0, 0, 1595721)
(1595596, 0, 0, 1595596)
(1595471, 0, 0, 1595471)
(1595346, 0, 0, 1595346)
(1595221, 0, 0, 1595221)
(1595096, 0, 0, 1595096)
(1594854, 0, 0, 1594854)
(1594461, 0, 0, 1594461)
(1594068, 0, 0, 1594068)
(1593675, 0, 0, 1593675)
(1593282, 0, 0, 1593282)
(1593152, 0, 0, 1593152)
(1593032, 0, 0, 1593032)
(1593031, 0, 0, 1593031)
(1593030, 0, 0, 1593030)
(1592982, 0, 0, 1592982)
(1592722, 0, 0, 1592722)
(1592721, 0, 0, 1592721)
(1592643, 0, 0, 1592643)
(1592565, 0, 0, 1592565)
(1592487, 0, 0, 1592487)
(1592409, 0, 0, 1592409)
(1591772, 0, 0, 1591772)
(1591569, 0, 0, 1591569)
(1591067, 0, 0, 1591067)
(1591058, 0, 0, 1591058)
(1590690, 0, 0, 1590690)
(1590322, 0, 0, 1590322)
(1589954, 0, 0, 1589954)
(1589758, 0, 0, 1589758)
(1589562, 0, 0, 1589562)
(1589366, 0, 0, 1589366)
(1589261, 0, 0, 1589261)
(1588579, 0, 0, 1588579)
(1587897, 0, 0, 1587897)
(1587215, 0, 0, 1587215)
(1586921, 0, 0, 1586921)
(1586474, 0, 0, 1586474)
(1586334, 0, 0, 1586334)
(1586303, 0, 0, 1586303)
(1586042, 0, 0, 1586042)
(1585901, 0, 0, 1585901)
(1585624, 0, 0, 1585624)
(1585623, 0, 0, 1585623)
(1585622, 0, 0, 1585622)
(1585621, 0, 0, 1585621)
(1585487, 0, 0, 1585487)
(1585261, 0, 0, 1585261)
(1584742, 0, 0, 1584742)
(1584741, 0, 0, 1584741)
(1584740, 0, 0, 1584740)
(1584569, 0, 0, 1584569)
(1584515, 0, 0, 1584515)
(1584461, 0, 0, 1584461)
(1583773, 0, 0, 1583773)
(1583718, 0, 0, 1583718)
(1583424, 0, 0, 1583424)
(1582222, 0, 0, 1582222)
(1581821, 0, 0, 1581821)
(1581282, 0, 0, 1581282)
(1580833, 0, 0, 1580833)
(1580424, 0, 0, 1580424)
(1580049, 0, 0, 1580049)
(1579846, 0, 0, 1579846)
(1579643, 0, 0, 1579643)
(1579440, 0, 0, 1579440)
(1579405, 0, 0, 1579405)
(1579370, 0, 0, 1579370)
(1579335, 0, 0, 1579335)
(1579300, 0, 0, 1579300)
(1579265, 0, 0, 1579265)
(1579075, 0, 0, 1579075)
(1578885, 0, 0, 1578885)
(1578884, 0, 0, 1578884)
(1578883, 0, 0, 1578883)
(1578882, 0, 0, 1578882)
(1578881, 0, 0, 1578881)
(1578880, 0, 0, 1578880)
(1578879, 0, 0, 1578879)
(1578878, 0, 0, 1578878)
(1578877, 0, 0, 1578877)
(1578876, 0, 0, 1578876)
(1578875, 0, 0, 1578875)
(1578874, 0, 0, 1578874)
(1578678, 0, 0, 1578678)
(1578452, 0, 0, 1578452)
(1578116, 0, 0, 1578116)
(1577780, 0, 0, 1577780)
(1577572, 0, 0, 1577572)
(1577443, 0, 0, 1577443)
(1577163, 0, 0, 1577163)
(1577016, 0, 0, 1577016)
(1576869, 0, 0, 1576869)
(1576684, 0, 0, 1576684)
(1576499, 0, 0, 1576499)
(1576182, 0, 0, 1576182)
(1575481, 0, 0, 1575481)
(1574939, 0, 0, 1574939)
(1574938, 0, 0, 1574938)
(1574607, 0, 0, 1574607)
(1574146, 0, 0, 1574146)
(1573812, 0, 0, 1573812)
(1573478, 0, 0, 1573478)
(1573477, 0, 0, 1573477)
(1573476, 0, 0, 1573476)
(1573083, 0, 0, 1573083)
(1572941, 0, 0, 1572941)
(1572669, 0, 0, 1572669)
(1572511, 0, 0, 1572511)
(1572353, 0, 0, 1572353)
(1571908, 0, 0, 1571908)
(1571907, 0, 0, 1571907)
(1571906, 0, 0, 1571906)
(1571905, 0, 0, 1571905)
(1571904, 0, 0, 1571904)
(1571270, 0, 0, 1571270)
(1570879, 0, 0, 1570879)
(1570709, 0, 0, 1570709)
(1570507, 0, 0, 1570507)
(1570506, 0, 0, 1570506)
(1570505, 0, 0, 1570505)
(1570504, 0, 0, 1570504)
(1570028, 0, 0, 1570028)
(1569145, 0, 0, 1569145)
(1568975, 0, 0, 1568975)
(1568892, 0, 0, 1568892)
(1568420, 0, 0, 1568420)
(1567730, 0, 0, 1567730)
(1567633, 0, 0, 1567633)
(1567536, 0, 0, 1567536)
(1567463, 0, 0, 1567463)
(1567390, 0, 0, 1567390)
(1567317, 0, 0, 1567317)
(1566807, 0, 0, 1566807)
(1566454, 0, 0, 1566454)
(1566408, 0, 0, 1566408)
(1566090, 0, 0, 1566090)
(1565405, 0, 0, 1565405)
(1564720, 0, 0, 1564720)
(1564563, 0, 0, 1564563)
(1564406, 0, 0, 1564406)
(1564249, 0, 0, 1564249)
(1564092, 0, 0, 1564092)
(1563935, 0, 0, 1563935)
(1563852, 0, 0, 1563852)
(1563519, 0, 0, 1563519)
(1563108, 0, 0, 1563108)
(1562973, 0, 0, 1562973)
(1562838, 0, 0, 1562838)
(1562703, 0, 0, 1562703)
(1562702, 0, 0, 1562702)
(1562701, 0, 0, 1562701)
(1562700, 0, 0, 1562700)
(1562699, 0, 0, 1562699)
(1562698, 0, 0, 1562698)
(1562697, 0, 0, 1562697)
(1562696, 0, 0, 1562696)
(1562340, 0, 0, 1562340)
(1562276, 0, 0, 1562276)
(1562212, 0, 0, 1562212)
(1562148, 0, 0, 1562148)
(1562101, 0, 0, 1562101)
(1562054, 0, 0, 1562054)
(1562007, 0, 0, 1562007)
(1561960, 0, 0, 1561960)
(1561446, 0, 0, 1561446)
(1560932, 0, 0, 1560932)
(1560511, 0, 0, 1560511)
(1560204, 0, 0, 1560204)
(1560203, 0, 0, 1560203)
(1560202, 0, 0, 1560202)
(1560201, 0, 0, 1560201)
(1560200, 0, 0, 1560200)
(1560199, 0, 0, 1560199)
(1560198, 0, 0, 1560198)
(1559786, 0, 0, 1559786)
(1559199, 0, 0, 1559199)
(1558377, 0, 0, 1558377)
(1558229, 0, 0, 1558229)
(1558068, 0, 0, 1558068)
(1557484, 0, 0, 1557484)
(1557459, 0, 0, 1557459)
(1557293, 0, 0, 1557293)
(1557127, 0, 0, 1557127)
(1557070, 0, 0, 1557070)
(1556857, 0, 0, 1556857)
(1556440, 0, 0, 1556440)
(1555836, 0, 0, 1555836)
(1555835, 0, 0, 1555835)
(1555834, 0, 0, 1555834)
(1555833, 0, 0, 1555833)
(1555832, 0, 0, 1555832)
(1555831, 0, 0, 1555831)
(1555572, 0, 0, 1555572)
(1554654, 0, 0, 1554654)
(1554137, 0, 0, 1554137)
(1553741, 0, 0, 1553741)
(1553605, 0, 0, 1553605)
(1553469, 0, 0, 1553469)
(1553451, 0, 0, 1553451)
(1553433, 0, 0, 1553433)
(1553415, 0, 0, 1553415)
(1552989, 0, 0, 1552989)
(1552160, 0, 0, 1552160)
(1551900, 0, 0, 1551900)
(1551701, 0, 0, 1551701)
(1551463, 0, 0, 1551463)
(1550991, 0, 0, 1550991)
(1550916, 0, 0, 1550916)
(1550841, 0, 0, 1550841)
(1550766, 0, 0, 1550766)
(1550593, 0, 0, 1550593)
(1550371, 0, 0, 1550371)
(1550341, 0, 0, 1550341)
(1550311, 0, 0, 1550311)
(1550281, 0, 0, 1550281)
(1550251, 0, 0, 1550251)
(1550176, 0, 0, 1550176)
(1550101, 0, 0, 1550101)
(1549470, 0, 0, 1549470)
(1549186, 0, 0, 1549186)
(1549134, 0, 0, 1549134)
(1548895, 0, 0, 1548895)
(1548656, 0, 0, 1548656)
(1548633, 0, 0, 1548633)
(1548610, 0, 0, 1548610)
(1548587, 0, 0, 1548587)
(1548249, 0, 0, 1548249)
(1547911, 0, 0, 1547911)
(1547576, 0, 0, 1547576)
(1547436, 0, 0, 1547436)
(1547296, 0, 0, 1547296)
(1547295, 0, 0, 1547295)
(1547294, 0, 0, 1547294)
(1547293, 0, 0, 1547293)
(1547292, 0, 0, 1547292)
(1547021, 0, 0, 1547021)
(1546750, 0, 0, 1546750)
(1546524, 0, 0, 1546524)
(1546298, 0, 0, 1546298)
(1546072, 0, 0, 1546072)
(1545846, 0, 0, 1545846)
(1545620, 0, 0, 1545620)
(1544938, 0, 0, 1544938)
(1544572, 0, 0, 1544572)
(1544229, 0, 0, 1544229)
(1543990, 0, 0, 1543990)
(1543989, 0, 0, 1543989)
(1543664, 0, 0, 1543664)
(1542882, 0, 0, 1542882)
(1542497, 0, 0, 1542497)
(1542255, 0, 0, 1542255)
(1542013, 0, 0, 1542013)
(1541469, 0, 0, 1541469)
(1540925, 0, 0, 1540925)
(1540381, 0, 0, 1540381)
(1540235, 0, 0, 1540235)
(1539970, 0, 0, 1539970)
(1539705, 0, 0, 1539705)
(1539440, 0, 0, 1539440)
(1539234, 0, 0, 1539234)
(1538591, 0, 0, 1538591)
(1538354, 0, 0, 1538354)
(1537860, 0, 0, 1537860)
(1537366, 0, 0, 1537366)
(1536745, 0, 0, 1536745)
(1536210, 0, 0, 1536210)
(1535948, 0, 0, 1535948)
(1535609, 0, 0, 1535609)
(1535191, 0, 0, 1535191)
(1534877, 0, 0, 1534877)
(1534841, 0, 0, 1534841)
(1534805, 0, 0, 1534805)
(1534411, 0, 0, 1534411)
(1534255, 0, 0, 1534255)
(1534109, 0, 0, 1534109)
(1534100, 0, 0, 1534100)
(1534091, 0, 0, 1534091)
(1534082, 0, 0, 1534082)
(1533921, 0, 0, 1533921)
(1533760, 0, 0, 1533760)
(1533714, 0, 0, 1533714)
(1533135, 0, 0, 1533135)
(1533049, 0, 0, 1533049)
(1532676, 0, 0, 1532676)
(1532420, 0, 0, 1532420)
(1532259, 0, 0, 1532259)
(1532098, 0, 0, 1532098)
(1531735, 0, 0, 1531735)
(1531585, 0, 0, 1531585)
(1531228, 0, 0, 1531228)
(1530889, 0, 0, 1530889)
(1530550, 0, 0, 1530550)
(1530211, 0, 0, 1530211)
(1529776, 0, 0, 1529776)
(1529626, 0, 0, 1529626)
(1529434, 0, 0, 1529434)
(1529282, 0, 0, 1529282)
(1529104, 0, 0, 1529104)
(1528387, 0, 0, 1528387)
(1528015, 0, 0, 1528015)
(1527959, 0, 0, 1527959)
(1527903, 0, 0, 1527903)
(1527847, 0, 0, 1527847)
(1527796, 0, 0, 1527796)
(1527605, 0, 0, 1527605)
(1527266, 0, 0, 1527266)
(1526927, 0, 0, 1526927)
(1526711, 0, 0, 1526711)
(1526495, 0, 0, 1526495)
(1526120, 0, 0, 1526120)
(1525742, 0, 0, 1525742)
(1525572, 0, 0, 1525572)
(1525462, 0, 0, 1525462)
(1525172, 0, 0, 1525172)
(1525110, 0, 0, 1525110)
(1524905, 0, 0, 1524905)
(1524700, 0, 0, 1524700)
(1524313, 0, 0, 1524313)
(1523926, 0, 0, 1523926)
(1523892, 0, 0, 1523892)
(1523891, 0, 0, 1523891)
(1523890, 0, 0, 1523890)
(1523889, 0, 0, 1523889)
(1523888, 0, 0, 1523888)
(1523887, 0, 0, 1523887)
(1523886, 0, 0, 1523886)
(1523692, 0, 0, 1523692)
(1522620, 0, 0, 1522620)
(1522025, 0, 0, 1522025)
(1521821, 0, 0, 1521821)
(1521204, 0, 0, 1521204)
(1521071, 0, 0, 1521071)
(1520938, 0, 0, 1520938)
(1520678, 0, 0, 1520678)
(1520288, 0, 0, 1520288)
(1519898, 0, 0, 1519898)
(1519561, 0, 0, 1519561)
(1519135, 0, 0, 1519135)
(1518857, 0, 0, 1518857)
(1518438, 0, 0, 1518438)
(1518215, 0, 0, 1518215)
(1517956, 0, 0, 1517956)
(1517410, 0, 0, 1517410)
(1516973, 0, 0, 1516973)
(1516664, 0, 0, 1516664)
(1516355, 0, 0, 1516355)
(1516252, 0, 0, 1516252)
(1516149, 0, 0, 1516149)
(1516046, 0, 0, 1516046)
(1515548, 0, 0, 1515548)
(1515278, 0, 0, 1515278)
(1515194, 0, 0, 1515194)
(1514680, 0, 0, 1514680)
(1514166, 0, 0, 1514166)
(1513652, 0, 0, 1513652)
(1513651, 0, 0, 1513651)
(1513650, 0, 0, 1513650)
(1513649, 0, 0, 1513649)
(1513648, 0, 0, 1513648)
(1513647, 0, 0, 1513647)
(1513646, 0, 0, 1513646)
(1513645, 0, 0, 1513645)
(1513644, 0, 0, 1513644)
(1513643, 0, 0, 1513643)
(1513642, 0, 0, 1513642)
(1513641, 0, 0, 1513641)
(1513622, 0, 0, 1513622)
(1513210, 0, 0, 1513210)
(1512798, 0, 0, 1512798)
(1512797, 0, 0, 1512797)
(1512796, 0, 0, 1512796)
(1512795, 0, 0, 1512795)
(1512794, 0, 0, 1512794)
(1512793, 0, 0, 1512793)
(1512792, 0, 0, 1512792)
(1512791, 0, 0, 1512791)
(1512485, 0, 0, 1512485)
(1512456, 0, 0, 1512456)
(1512427, 0, 0, 1512427)
(1512398, 0, 0, 1512398)
(1512369, 0, 0, 1512369)
(1512340, 0, 0, 1512340)
(1512311, 0, 0, 1512311)
(1512282, 0, 0, 1512282)
(1512253, 0, 0, 1512253)
(1512224, 0, 0, 1512224)
(1512096, 0, 0, 1512096)
(1511762, 0, 0, 1511762)
(1511623, 0, 0, 1511623)
(1511484, 0, 0, 1511484)
(1511483, 0, 0, 1511483)
(1511482, 0, 0, 1511482)
(1511481, 0, 0, 1511481)
(1511480, 0, 0, 1511480)
(1511311, 0, 0, 1511311)
(1511142, 0, 0, 1511142)
(1510973, 0, 0, 1510973)
(1510804, 0, 0, 1510804)
(1510635, 0, 0, 1510635)
(1510163, 0, 0, 1510163)
(1509691, 0, 0, 1509691)
(1509219, 0, 0, 1509219)
(1509045, 0, 0, 1509045)
(1508770, 0, 0, 1508770)
(1508130, 0, 0, 1508130)
(1507982, 0, 0, 1507982)
(1507460, 0, 0, 1507460)
(1506865, 0, 0, 1506865)
(1506496, 0, 0, 1506496)
(1506371, 0, 0, 1506371)
(1506246, 0, 0, 1506246)
(1506121, 0, 0, 1506121)
(1505606, 0, 0, 1505606)
(1505570, 0, 0, 1505570)
(1505361, 0, 0, 1505361)
(1505152, 0, 0, 1505152)
(1505042, 0, 0, 1505042)
(1504821, 0, 0, 1504821)
(1504635, 0, 0, 1504635)
(1504375, 0, 0, 1504375)
(1504115, 0, 0, 1504115)
(1504065, 0, 0, 1504065)
(1503888, 0, 0, 1503888)
(1503812, 0, 0, 1503812)
(1503747, 0, 0, 1503747)
(1503535, 0, 0, 1503535)
(1503323, 0, 0, 1503323)
(1502550, 0, 0, 1502550)
(1502498, 0, 0, 1502498)
(1502344, 0, 0, 1502344)
(1502232, 0, 0, 1502232)
(1501602, 0, 0, 1501602)
(1501601, 0, 0, 1501601)
(1501600, 0, 0, 1501600)
(1501415, 0, 0, 1501415)
(1501174, 0, 0, 1501174)
(1500933, 0, 0, 1500933)
(1500692, 0, 0, 1500692)
(1500691, 0, 0, 1500691)
(1500266, 0, 0, 1500266)
(1499841, 0, 0, 1499841)
(1499825, 0, 0, 1499825)
(1499809, 0, 0, 1499809)
(1499793, 0, 0, 1499793)
(1499777, 0, 0, 1499777)
(1499761, 0, 0, 1499761)
(1499745, 0, 0, 1499745)
(1499729, 0, 0, 1499729)
(1499713, 0, 0, 1499713)
(1499626, 0, 0, 1499626)
(1499199, 0, 0, 1499199)
(1498772, 0, 0, 1498772)
(1498462, 0, 0, 1498462)
(1498064, 0, 0, 1498064)
(1497666, 0, 0, 1497666)
(1497231, 0, 0, 1497231)
(1496944, 0, 0, 1496944)
(1496620, 0, 0, 1496620)
(1496147, 0, 0, 1496147)
(1495420, 0, 0, 1495420)
(1495159, 0, 0, 1495159)
(1495058, 0, 0, 1495058)
(1494595, 0, 0, 1494595)
(1494500, 0, 0, 1494500)
(1494405, 0, 0, 1494405)
(1494404, 0, 0, 1494404)
(1494403, 0, 0, 1494403)
(1494147, 0, 0, 1494147)
(1493934, 0, 0, 1493934)
(1493721, 0, 0, 1493721)
(1493632, 0, 0, 1493632)
(1493235, 0, 0, 1493235)
(1493234, 0, 0, 1493234)
(1492769, 0, 0, 1492769)
(1492744, 0, 0, 1492744)
(1492314, 0, 0, 1492314)
(1492230, 0, 0, 1492230)
(1492146, 0, 0, 1492146)
(1492062, 0, 0, 1492062)
(1491642, 0, 0, 1491642)
(1491223, 0, 0, 1491223)
(1491128, 0, 0, 1491128)
(1491118, 0, 0, 1491118)
(1491108, 0, 0, 1491108)
(1490714, 0, 0, 1490714)
(1490127, 0, 0, 1490127)
(1489540, 0, 0, 1489540)
(1488953, 0, 0, 1488953)
(1488573, 0, 0, 1488573)
(1488421, 0, 0, 1488421)
(1488420, 0, 0, 1488420)
(1488419, 0, 0, 1488419)
(1488418, 0, 0, 1488418)
(1488315, 0, 0, 1488315)
(1488172, 0, 0, 1488172)
(1487854, 0, 0, 1487854)
(1487536, 0, 0, 1487536)
(1487463, 0, 0, 1487463)
(1487390, 0, 0, 1487390)
(1487094, 0, 0, 1487094)
(1486746, 0, 0, 1486746)
(1486606, 0, 0, 1486606)
(1486466, 0, 0, 1486466)
(1486465, 0, 0, 1486465)
(1486464, 0, 0, 1486464)
(1486267, 0, 0, 1486267)
(1486088, 0, 0, 1486088)
(1485873, 0, 0, 1485873)
(1485658, 0, 0, 1485658)
(1485443, 0, 0, 1485443)
(1485228, 0, 0, 1485228)
(1485013, 0, 0, 1485013)
(1484600, 0, 0, 1484600)
(1484187, 0, 0, 1484187)
(1483645, 0, 0, 1483645)
(1483176, 0, 0, 1483176)
(1482707, 0, 0, 1482707)
(1482238, 0, 0, 1482238)
(1481565, 0, 0, 1481565)
(1481405, 0, 0, 1481405)
(1480975, 0, 0, 1480975)
(1480924, 0, 0, 1480924)
(1480849, 0, 0, 1480849)
(1480722, 0, 0, 1480722)
(1480375, 0, 0, 1480375)
(1480026, 0, 0, 1480026)
(1479677, 0, 0, 1479677)
(1479328, 0, 0, 1479328)
(1479087, 0, 0, 1479087)
(1478846, 0, 0, 1478846)
(1478496, 0, 0, 1478496)
(1478443, 0, 0, 1478443)
(1478390, 0, 0, 1478390)
(1478109, 0, 0, 1478109)
(1478085, 0, 0, 1478085)
(1478061, 0, 0, 1478061)
(1477399, 0, 0, 1477399)
(1477134, 0, 0, 1477134)
(1476869, 0, 0, 1476869)
(1476823, 0, 0, 1476823)
(1476546, 0, 0, 1476546)
(1476269, 0, 0, 1476269)
(1475829, 0, 0, 1475829)
(1475707, 0, 0, 1475707)
(1475666, 0, 0, 1475666)
(1475480, 0, 0, 1475480)
(1475294, 0, 0, 1475294)
(1475229, 0, 0, 1475229)
(1475164, 0, 0, 1475164)
(1475099, 0, 0, 1475099)
(1475034, 0, 0, 1475034)
(1474969, 0, 0, 1474969)
(1474968, 0, 0, 1474968)
(1474777, 0, 0, 1474777)
(1474377, 0, 0, 1474377)
(1474376, 0, 0, 1474376)
(1473693, 0, 0, 1473693)
(1473649, 0, 0, 1473649)
(1473605, 0, 0, 1473605)
(1473561, 0, 0, 1473561)
(1473163, 0, 0, 1473163)
(1472211, 0, 0, 1472211)
(1471382, 0, 0, 1471382)
(1470946, 0, 0, 1470946)
(1470510, 0, 0, 1470510)
(1470074, 0, 0, 1470074)
(1469837, 0, 0, 1469837)
(1469836, 0, 0, 1469836)
(1469835, 0, 0, 1469835)
(1469264, 0, 0, 1469264)
(1468832, 0, 0, 1468832)
(1468450, 0, 0, 1468450)
(1468068, 0, 0, 1468068)
(1467578, 0, 0, 1467578)
(1467088, 0, 0, 1467088)
(1467051, 0, 0, 1467051)
(1467014, 0, 0, 1467014)
(1466703, 0, 0, 1466703)
(1465949, 0, 0, 1465949)
(1465948, 0, 0, 1465948)
(1465655, 0, 0, 1465655)
(1465448, 0, 0, 1465448)
(1465311, 0, 0, 1465311)
(1465257, 0, 0, 1465257)
(1464848, 0, 0, 1464848)
(1464439, 0, 0, 1464439)
(1464438, 0, 0, 1464438)
(1464437, 0, 0, 1464437)
(1464436, 0, 0, 1464436)
(1464435, 0, 0, 1464435)
(1464337, 0, 0, 1464337)
(1464239, 0, 0, 1464239)
(1464141, 0, 0, 1464141)
(1464140, 0, 0, 1464140)
(1464139, 0, 0, 1464139)
(1464138, 0, 0, 1464138)
(1464137, 0, 0, 1464137)
(1464136, 0, 0, 1464136)
(1464135, 0, 0, 1464135)
(1464134, 0, 0, 1464134)
(1463858, 0, 0, 1463858)
(1463582, 0, 0, 1463582)
(1463306, 0, 0, 1463306)
(1462731, 0, 0, 1462731)
(1462194, 0, 0, 1462194)
(1461832, 0, 0, 1461832)
(1461234, 0, 0, 1461234)
(1461096, 0, 0, 1461096)
(1460958, 0, 0, 1460958)
(1460820, 0, 0, 1460820)
(1460511, 0, 0, 1460511)
(1460202, 0, 0, 1460202)
(1459893, 0, 0, 1459893)
(1459584, 0, 0, 1459584)
(1459064, 0, 0, 1459064)
(1458544, 0, 0, 1458544)
(1458316, 0, 0, 1458316)
(1458244, 0, 0, 1458244)
(1458036, 0, 0, 1458036)
(1457828, 0, 0, 1457828)
(1457815, 0, 0, 1457815)
(1457410, 0, 0, 1457410)
