(1834161, 0, 0, 1834161)
(1833802, 0, 0, 1833802)
(1833310, 0, 0, 1833310)
(1832818, 0, 0, 1832818)
(1832326, 0, 0, 1832326)
(1831834, 0, 0, 1831834)
(1831227, 0, 0, 1831227)
(1830991, 0, 0, 1830991)
(1830482, 0, 0, 1830482)
(1830126, 0, 0, 1830126)
(1829743, 0, 0, 1829743)
(1829374, 0, 0, 1829374)
(1828664, 0, 0, 1828664)
(1828095, 0, 0, 1828095)
(1827610, 0, 0, 1827610)
(1827087, 0, 0, 1827087)
(1826564, 0, 0, 1826564)
(1826038, 0, 0, 1826038)
(1825765, 0, 0, 1825765)
(1825260, 0, 0, 1825260)
(1824715, 0, 0, 1824715)
(1824571, 0, 0, 1824571)
(1824344, 0, 0, 1824344)
(1824054, 0, 0, 1824054)
(1823396, 0, 0, 1823396)
(1823229, 0, 0, 1823229)
(1822605, 0, 0, 1822605)
(1822238, 0, 0, 1822238)
(1821837, 0, 0, 1821837)
(1821381, 0, 0, 1821381)
(1820925, 0, 0, 1820925)
(1820744, 0, 0, 1820744)
(1820352, 0, 0, 1820352)
(1820067, 0, 0, 1820067)
(1820007, 0, 0, 1820007)
(1819947, 0, 0, 1819947)
(1819887, 0, 0, 1819887)
(1819465, 0, 0, 1819465)
(1819097, 0, 0, 1819097)
(1819043, 0, 0, 1819043)
(1818989, 0, 0, 1818989)
(1818756, 0, 0, 1818756)
(1818535, 0, 0, 1818535)
(1818344, 0, 0, 1818344)
(1817737, 0, 0, 1817737)
(1817349, 0, 0, 1817349)
(1817120, 0, 0, 1817120)
(1816655, 0, 0, 1816655)
(1816422, 0, 0, 1816422)
(1816028, 0, 0, 1816028)
(1815387, 0, 0, 1815387)
(1815033, 0, 0, 1815033)
(1814714, 0, 0, 1814714)
(1814395, 0, 0, 1814395)
(1814076, 0, 0, 1814076)
(1813794, 0, 0, 1813794)
(1813512, 0, 0, 1813512)
(1813317, 0, 0, 1813317)
(1813088, 0, 0, 1813088)
(1812859, 0, 0, 1812859)
(1812366, 0, 0, 1812366)
(1811994, 0, 0, 1811994)
(1811439, 0, 0, 1811439)
(1811031, 0, 0, 1811031)
(1810638, 0, 0, 1810638)
(1810391, 0, 0, 1810391)
(1809798, 0, 0, 1809798)
(1809205, 0, 0, 1809205)
(1808892, 0, 0, 1808892)
(1808775, 0, 0, 1808775)
(1808523, 0, 0, 1808523)
(1808357, 0, 0, 1808357)
(1808314, 0, 0, 1808314)
(1808050, 0, 0, 1808050)
(1807795, 0, 0, 1807795)
(1807513, 0, 0, 1807513)
(1807275, 0, 0, 1807275)
(1807164, 0, 0, 1807164)
(1807006, 0, 0, 1807006)
(1806891, 0, 0, 1806891)
(1806831, 0, 0, 1806831)
(1806469, 0, 0, 1806469)
(1806207, 0, 0, 1806207)
(1805945, 0, 0, 1805945)
(1805787, 0, 0, 1805787)
(1805629, 0, 0, 1805629)
(1805471, 0, 0, 1805471)
(1805192, 0, 0, 1805192)
(1805046, 0, 0, 1805046)
(1804688, 0, 0, 1804688)
(1804334, 0, 0, 1804334)
(1803980, 0, 0, 1803980)
(1803676, 0, 0, 1803676)
(1803034, 0, 0, 1803034)
(1802846, 0, 0, 1802846)
(1802123, 0, 0, 1802123)
(1801817, 0, 0, 1801817)
(1801511, 0, 0, 1801511)
(1801205, 0, 0, 1801205)
(1800899, 0, 0, 1800899)
(1800496, 0, 0, 1800496)
(1800093, 0, 0, 1800093)
(1799690, 0, 0, 1799690)
(1799287, 0, 0, 1799287)
(1799083, 0, 0, 1799083)
(1798884, 0, 0, 1798884)
(1798685, 0, 0, 1798685)
(1798486, 0, 0, 1798486)
(1798377, 0, 0, 1798377)
(1798268, 0, 0, 1798268)
(1798159, 0, 0, 1798159)
(1797546, 0, 0, 1797546)
(1797431, 0, 0, 1797431)
(1797341, 0, 0, 1797341)
(1797188, 0, 0, 1797188)
(1797035, 0, 0, 1797035)
(1796882, 0, 0, 1796882)
(1796380, 0, 0, 1796380)
(1796224, 0, 0, 1796224)
(1796083, 0, 0, 1796083)
(1795844, 0, 0, 1795844)
(1795555, 0, 0, 1795555)
(1795161, 0, 0, 1795161)
(1794934, 0, 0, 1794934)
(1794735, 0, 0, 1794735)
(1794536, 0, 0, 1794536)
(1794337, 0, 0, 1794337)
(1793896, 0, 0, 1793896)
(1793237, 0, 0, 1793237)
(1792909, 0, 0, 1792909)
(1792581, 0, 0, 1792581)
(1792555, 0, 0, 1792555)
(1791948, 0, 0, 1791948)
(1791581, 0, 0, 1791581)
(1791329, 0, 0, 1791329)
(1791175, 0, 0, 1791175)
(1790924, 0, 0, 1790924)
(1790499, 0, 0, 1790499)
(1790074, 0, 0, 1790074)
(1789649, 0, 0, 1789649)
(1789224, 0, 0, 1789224)
(1788500, 0, 0, 1788500)
(1787776, 0, 0, 1787776)
(1787052, 0, 0, 1787052)
(1786643, 0, 0, 1786643)
(1785859, 0, 0, 1785859)
(1784994, 0, 0, 1784994)
(1784478, 0, 0, 1784478)
(1784373, 0, 0, 1784373)
(1783978, 0, 0, 1783978)
(1783712, 0, 0, 1783712)
(1783463, 0, 0, 1783463)
(1783070, 0, 0, 1783070)
(1782677, 0, 0, 1782677)
(1782284, 0, 0, 1782284)
(1782058, 0, 0, 1782058)
(1781681, 0, 0, 1781681)
(1781640, 0, 0, 1781640)
(1781599, 0, 0, 1781599)
(1781578, 0, 0, 1781578)
(1781306, 0, 0, 1781306)
(1781118, 0, 0, 1781118)
(1780930, 0, 0, 1780930)
(1780718, 0, 0, 1780718)
(1780094, 0, 0, 1780094)
(1779622, 0, 0, 1779622)
(1779504, 0, 0, 1779504)
(1779153, 0, 0, 1779153)
(1778802, 0, 0, 1778802)
(1778228, 0, 0, 1778228)
(1778054, 0, 0, 1778054)
(1777429, 0, 0, 1777429)
(1776681, 0, 0, 1776681)
(1776222, 0, 0, 1776222)
(1775965, 0, 0, 1775965)
(1775591, 0, 0, 1775591)
(1775158, 0, 0, 1775158)
(1774942, 0, 0, 1774942)
(1774592, 0, 0, 1774592)
(1774133, 0, 0, 1774133)
(1773990, 0, 0, 1773990)
(1773439, 0, 0, 1773439)
(1773092, 0, 0, 1773092)
(1772827, 0, 0, 1772827)
(1772681, 0, 0, 1772681)
(1772097, 0, 0, 1772097)
(1771993, 0, 0, 1771993)
(1771707, 0, 0, 1771707)
(1771374, 0, 0, 1771374)
(1771219, 0, 0, 1771219)
(1770597, 0, 0, 1770597)
(1770198, 0, 0, 1770198)
(1770035, 0, 0, 1770035)
(1769872, 0, 0, 1769872)
(1769344, 0, 0, 1769344)
(1769209, 0, 0, 1769209)
(1768826, 0, 0, 1768826)
(1768280, 0, 0, 1768280)
(1767908, 0, 0, 1767908)
(1767596, 0, 0, 1767596)
(1767310, 0, 0, 1767310)
(1767216, 0, 0, 1767216)
(1767122, 0, 0, 1767122)
(1766922, 0, 0, 1766922)
(1766683, 0, 0, 1766683)
(1766488, 0, 0, 1766488)
(1766293, 0, 0, 1766293)
(1765739, 0, 0, 1765739)
(1765204, 0, 0, 1765204)
(1764786, 0, 0, 1764786)
(1764473, 0, 0, 1764473)
(1764014, 0, 0, 1764014)
(1763847, 0, 0, 1763847)
(1763680, 0, 0, 1763680)
(1763095, 0, 0, 1763095)
(1762925, 0, 0, 1762925)
(1762726, 0, 0, 1762726)
(1762423, 0, 0, 1762423)
(1762029, 0, 0, 1762029)
(1761581, 0, 0, 1761581)
(1761133, 0, 0, 1761133)
(1760685, 0, 0, 1760685)
(1760501, 0, 0, 1760501)
(1760119, 0, 0, 1760119)
(1759661, 0, 0, 1759661)
(1759254, 0, 0, 1759254)
(1758771, 0, 0, 1758771)
(1758445, 0, 0, 1758445)
(1757920, 0, 0, 1757920)
(1757330, 0, 0, 1757330)
(1757212, 0, 0, 1757212)
(1757057, 0, 0, 1757057)
(1756658, 0, 0, 1756658)
(1756155, 0, 0, 1756155)
(1755911, 0, 0, 1755911)
(1755713, 0, 0, 1755713)
(1755638, 0, 0, 1755638)
(1755375, 0, 0, 1755375)
(1755276, 0, 0, 1755276)
(1754998, 0, 0, 1754998)
(1754505, 0, 0, 1754505)
(1753956, 0, 0, 1753956)
(1753700, 0, 0, 1753700)
(1753581, 0, 0, 1753581)
(1753066, 0, 0, 1753066)
(1752983, 0, 0, 1752983)
(1752622, 0, 0, 1752622)
(1751971, 0, 0, 1751971)
(1751054, 0, 0, 1751054)
(1750767, 0, 0, 1750767)
(1750480, 0, 0, 1750480)
(1750342, 0, 0, 1750342)
(1750204, 0, 0, 1750204)
(1750066, 0, 0, 1750066)
(1749781, 0, 0, 1749781)
(1749496, 0, 0, 1749496)
(1749353, 0, 0, 1749353)
(1749210, 0, 0, 1749210)
(1749067, 0, 0, 1749067)
(1748924, 0, 0, 1748924)
(1748519, 0, 0, 1748519)
(1748212, 0, 0, 1748212)
(1747852, 0, 0, 1747852)
(1747411, 0, 0, 1747411)
(1747047, 0, 0, 1747047)
(1746683, 0, 0, 1746683)
(1746521, 0, 0, 1746521)
(1746359, 0, 0, 1746359)
(1746157, 0, 0, 1746157)
(1745797, 0, 0, 1745797)
(1745394, 0, 0, 1745394)
(1745025, 0, 0, 1745025)
(1744784, 0, 0, 1744784)
(1744441, 0, 0, 1744441)
(1743983, 0, 0, 1743983)
(1743525, 0, 0, 1743525)
(1743420, 0, 0, 1743420)
(1743122, 0, 0, 1743122)
(1742865, 0, 0, 1742865)
(1742528, 0, 0, 1742528)
(1742147, 0, 0, 1742147)
(1741992, 0, 0, 1741992)
(1741614, 0, 0, 1741614)
(1741236, 0, 0, 1741236)
(1741002, 0, 0, 1741002)
(1740768, 0, 0, 1740768)
(1740534, 0, 0, 1740534)
(1740300, 0, 0, 1740300)
(1739888, 0, 0, 1739888)
(1739476, 0, 0, 1739476)
(1739064, 0, 0, 1739064)
(1739063, 0, 0, 1739063)
(1739062, 0, 0, 1739062)
(1738560, 0, 0, 1738560)
(1738221, 0, 0, 1738221)
(1738016, 0, 0, 1738016)
(1737841, 0, 0, 1737841)
(1737498, 0, 0, 1737498)
(1737262, 0, 0, 1737262)
(1736844, 0, 0, 1736844)
(1736643, 0, 0, 1736643)
(1736216, 0, 0, 1736216)
(1735789, 0, 0, 1735789)
(1735362, 0, 0, 1735362)
(1735081, 0, 0, 1735081)
(1734868, 0, 0, 1734868)
(1734583, 0, 0, 1734583)
(1734498, 0, 0, 1734498)
(1733766, 0, 0, 1733766)
(1732937, 0, 0, 1732937)
(1732107, 0, 0, 1732107)
(1731685, 0, 0, 1731685)
(1731331, 0, 0, 1731331)
(1730996, 0, 0, 1730996)
(1730661, 0, 0, 1730661)
(1730540, 0, 0, 1730540)
(1730133, 0, 0, 1730133)
(1729948, 0, 0, 1729948)
(1729815, 0, 0, 1729815)
(1729049, 0, 0, 1729049)
(1728691, 0, 0, 1728691)
(1728333, 0, 0, 1728333)
(1727975, 0, 0, 1727975)
(1727931, 0, 0, 1727931)
(1727887, 0, 0, 1727887)
(1727639, 0, 0, 1727639)
(1727636, 0, 0, 1727636)
(1727633, 0, 0, 1727633)
(1727479, 0, 0, 1727479)
(1727312, 0, 0, 1727312)
(1726723, 0, 0, 1726723)
(1726325, 0, 0, 1726325)
(1726101, 0, 0, 1726101)
(1725989, 0, 0, 1725989)
(1725877, 0, 0, 1725877)
(1725765, 0, 0, 1725765)
(1725653, 0, 0, 1725653)
(1725554, 0, 0, 1725554)
(1725455, 0, 0, 1725455)
(1725356, 0, 0, 1725356)
(1725085, 0, 0, 1725085)
(1724798, 0, 0, 1724798)
(1724450, 0, 0, 1724450)
(1723849, 0, 0, 1723849)
(1723248, 0, 0, 1723248)
(1722467, 0, 0, 1722467)
(1722008, 0, 0, 1722008)
(1721416, 0, 0, 1721416)
(1721070, 0, 0, 1721070)
(1720778, 0, 0, 1720778)
(1720430, 0, 0, 1720430)
(1719848, 0, 0, 1719848)
(1719591, 0, 0, 1719591)
(1719191, 0, 0, 1719191)
(1718580, 0, 0, 1718580)
(1718317, 0, 0, 1718317)
(1717552, 0, 0, 1717552)
(1717471, 0, 0, 1717471)
(1716747, 0, 0, 1716747)
(1715943, 0, 0, 1715943)
(1714649, 0, 0, 1714649)
(1714102, 0, 0, 1714102)
(1713939, 0, 0, 1713939)
(1713475, 0, 0, 1713475)
(1713011, 0, 0, 1713011)
(1712639, 0, 0, 1712639)
(1712214, 0, 0, 1712214)
(1711810, 0, 0, 1711810)
(1711283, 0, 0, 1711283)
(1710729, 0, 0, 1710729)
(1710012, 0, 0, 1710012)
(1709761, 0, 0, 1709761)
(1709133, 0, 0, 1709133)
(1708652, 0, 0, 1708652)
(1708399, 0, 0, 1708399)
(1707985, 0, 0, 1707985)
(1707348, 0, 0, 1707348)
(1707139, 0, 0, 1707139)
(1707040, 0, 0, 1707040)
(1706700, 0, 0, 1706700)
(1706417, 0, 0, 1706417)
(1706134, 0, 0, 1706134)
(1705851, 0, 0, 1705851)
(1705568, 0, 0, 1705568)
(1705281, 0, 0, 1705281)
(1705028, 0, 0, 1705028)
(1704775, 0, 0, 1704775)
(1704653, 0, 0, 1704653)
(1704472, 0, 0, 1704472)
(1704143, 0, 0, 1704143)
(1703814, 0, 0, 1703814)
(1703614, 0, 0, 1703614)
(1703411, 0, 0, 1703411)
(1703208, 0, 0, 1703208)
(1703089, 0, 0, 1703089)
(1702210, 0, 0, 1702210)
(1702152, 0, 0, 1702152)
(1702053, 0, 0, 1702053)
(1701048, 0, 0, 1701048)
(1700935, 0, 0, 1700935)
(1700822, 0, 0, 1700822)
(1700319, 0, 0, 1700319)
(1699816, 0, 0, 1699816)
(1699267, 0, 0, 1699267)
(1698714, 0, 0, 1698714)
(1698576, 0, 0, 1698576)
(1698094, 0, 0, 1698094)
(1697715, 0, 0, 1697715)
(1697602, 0, 0, 1697602)
(1697489, 0, 0, 1697489)
(1697376, 0, 0, 1697376)
(1697263, 0, 0, 1697263)
(1696732, 0, 0, 1696732)
(1696240, 0, 0, 1696240)
(1695748, 0, 0, 1695748)
(1695256, 0, 0, 1695256)
(1694947, 0, 0, 1694947)
(1694617, 0, 0, 1694617)
(1694469, 0, 0, 1694469)
(1693779, 0, 0, 1693779)
(1693523, 0, 0, 1693523)
(1693447, 0, 0, 1693447)
(1693335, 0, 0, 1693335)
(1692836, 0, 0, 1692836)
(1692337, 0, 0, 1692337)
(1692152, 0, 0, 1692152)
(1691967, 0, 0, 1691967)
(1691271, 0, 0, 1691271)
(1691191, 0, 0, 1691191)
(1690799, 0, 0, 1690799)
(1690115, 0, 0, 1690115)
(1689520, 0, 0, 1689520)
(1689047, 0, 0, 1689047)
(1688875, 0, 0, 1688875)
(1688703, 0, 0, 1688703)
(1688531, 0, 0, 1688531)
(1688359, 0, 0, 1688359)
(1688170, 0, 0, 1688170)
(1687721, 0, 0, 1687721)
(1687272, 0, 0, 1687272)
(1686823, 0, 0, 1686823)
(1686417, 0, 0, 1686417)
(1685820, 0, 0, 1685820)
(1685713, 0, 0, 1685713)
(1685591, 0, 0, 1685591)
(1684864, 0, 0, 1684864)
(1684286, 0, 0, 1684286)
(1683708, 0, 0, 1683708)
(1683348, 0, 0, 1683348)
(1683081, 0, 0, 1683081)
(1682695, 0, 0, 1682695)
(1682384, 0, 0, 1682384)
(1682093, 0, 0, 1682093)
(1681730, 0, 0, 1681730)
(1681386, 0, 0, 1681386)
(1681235, 0, 0, 1681235)
(1680927, 0, 0, 1680927)
(1680619, 0, 0, 1680619)
(1680074, 0, 0, 1680074)
(1679669, 0, 0, 1679669)
(1679642, 0, 0, 1679642)
(1679413, 0, 0, 1679413)
(1679293, 0, 0, 1679293)
(1679173, 0, 0, 1679173)
(1678872, 0, 0, 1678872)
(1678571, 0, 0, 1678571)
(1678320, 0, 0, 1678320)
(1678064, 0, 0, 1678064)
(1677479, 0, 0, 1677479)
(1676763, 0, 0, 1676763)
(1676526, 0, 0, 1676526)
(1676053, 0, 0, 1676053)
(1675598, 0, 0, 1675598)
(1675374, 0, 0, 1675374)
(1674550, 0, 0, 1674550)
(1674353, 0, 0, 1674353)
(1673930, 0, 0, 1673930)
(1673491, 0, 0, 1673491)
(1673279, 0, 0, 1673279)
(1673067, 0, 0, 1673067)
(1672268, 0, 0, 1672268)
(1672087, 0, 0, 1672087)
(1671395, 0, 0, 1671395)
(1670820, 0, 0, 1670820)
(1670362, 0, 0, 1670362)
(1669904, 0, 0, 1669904)
(1669446, 0, 0, 1669446)
(1668988, 0, 0, 1668988)
(1668755, 0, 0, 1668755)
(1668586, 0, 0, 1668586)
(1668110, 0, 0, 1668110)
(1667530, 0, 0, 1667530)
(1667103, 0, 0, 1667103)
(1666639, 0, 0, 1666639)
(1666111, 0, 0, 1666111)
(1665759, 0, 0, 1665759)
(1665455, 0, 0, 1665455)
(1665334, 0, 0, 1665334)
(1665200, 0, 0, 1665200)
(1665066, 0, 0, 1665066)
(1664528, 0, 0, 1664528)
(1664091, 0, 0, 1664091)
(1664051, 0, 0, 1664051)
(1663589, 0, 0, 1663589)
(1663167, 0, 0, 1663167)
(1662982, 0, 0, 1662982)
(1662567, 0, 0, 1662567)
(1662263, 0, 0, 1662263)
(1661979, 0, 0, 1661979)
(1661457, 0, 0, 1661457)
(1660992, 0, 0, 1660992)
(1660381, 0, 0, 1660381)
(1659863, 0, 0, 1659863)
(1659669, 0, 0, 1659669)
(1659475, 0, 0, 1659475)
(1658809, 0, 0, 1658809)
(1658081, 0, 0, 1658081)
(1657802, 0, 0, 1657802)
(1657523, 0, 0, 1657523)
(1657244, 0, 0, 1657244)
(1656900, 0, 0, 1656900)
(1656556, 0, 0, 1656556)
(1656039, 0, 0, 1656039)
(1655461, 0, 0, 1655461)
(1654859, 0, 0, 1654859)
(1654675, 0, 0, 1654675)
(1654509, 0, 0, 1654509)
(1654131, 0, 0, 1654131)
(1653884, 0, 0, 1653884)
(1653637, 0, 0, 1653637)
(1653500, 0, 0, 1653500)
(1653211, 0, 0, 1653211)
(1653159, 0, 0, 1653159)
(1652817, 0, 0, 1652817)
(1652619, 0, 0, 1652619)
(1652421, 0, 0, 1652421)
