(2513979, 0, 0, 2513979)
(2513249, 0, 0, 2513249)
(2512922, 0, 0, 2512922)
(2512650, 0, 0, 2512650)
(2511875, 0, 0, 2511875)
(2511567, 0, 0, 2511567)
(2511447, 0, 0, 2511447)
(2511060, 0, 0, 2511060)
(2510691, 0, 0, 2510691)
(2510322, 0, 0, 2510322)
(2509654, 0, 0, 2509654)
(2509185, 0, 0, 2509185)
(2509097, 0, 0, 2509097)
(2508759, 0, 0, 2508759)
(2508428, 0, 0, 2508428)
(2508233, 0, 0, 2508233)
(2508097, 0, 0, 2508097)
(2508004, 0, 0, 2508004)
(2507766, 0, 0, 2507766)
(2507577, 0, 0, 2507577)
(2507294, 0, 0, 2507294)
(2506661, 0, 0, 2506661)
(2506122, 0, 0, 2506122)
(2505697, 0, 0, 2505697)
(2505272, 0, 0, 2505272)
(2504966, 0, 0, 2504966)
(2504660, 0, 0, 2504660)
(2504566, 0, 0, 2504566)
(2504164, 0, 0, 2504164)
(2503829, 0, 0, 2503829)
(2503506, 0, 0, 2503506)
(2503376, 0, 0, 2503376)
(2502879, 0, 0, 2502879)
(2502460, 0, 0, 2502460)
(2502236, 0, 0, 2502236)
(2502012, 0, 0, 2502012)
(2501788, 0, 0, 2501788)
(2501244, 0, 0, 2501244)
(2501068, 0, 0, 2501068)
(2500961, 0, 0, 2500961)
(2500343, 0, 0, 2500343)
(2499924, 0, 0, 2499924)
(2499632, 0, 0, 2499632)
(2499549, 0, 0, 2499549)
(2499466, 0, 0, 2499466)
(2499383, 0, 0, 2499383)
(2499332, 0, 0, 2499332)
(2499237, 0, 0, 2499237)
(2499086, 0, 0, 2499086)
(2498935, 0, 0, 2498935)
(2498891, 0, 0, 2498891)
(2498171, 0, 0, 2498171)
(2497682, 0, 0, 2497682)
(2496901, 0, 0, 2496901)
(2496834, 0, 0, 2496834)
(2496767, 0, 0, 2496767)
(2496700, 0, 0, 2496700)
(2496467, 0, 0, 2496467)
(2496069, 0, 0, 2496069)
(2495707, 0, 0, 2495707)
(2495562, 0, 0, 2495562)
(2495417, 0, 0, 2495417)
(2495272, 0, 0, 2495272)
(2495130, 0, 0, 2495130)
(2494988, 0, 0, 2494988)
(2494846, 0, 0, 2494846)
(2494326, 0, 0, 2494326)
(2494026, 0, 0, 2494026)
(2493726, 0, 0, 2493726)
(2493523, 0, 0, 2493523)
(2493522, 0, 0, 2493522)
(2493521, 0, 0, 2493521)
(2493520, 0, 0, 2493520)
(2493345, 0, 0, 2493345)
(2493170, 0, 0, 2493170)
(2492797, 0, 0, 2492797)
(2492457, 0, 0, 2492457)
(2492310, 0, 0, 2492310)
(2492163, 0, 0, 2492163)
(2491621, 0, 0, 2491621)
(2491346, 0, 0, 2491346)
(2491071, 0, 0, 2491071)
(2490836, 0, 0, 2490836)
(2490679, 0, 0, 2490679)
(2490289, 0, 0, 2490289)
(2489697, 0, 0, 2489697)
(2489219, 0, 0, 2489219)
(2488919, 0, 0, 2488919)
(2488716, 0, 0, 2488716)
(2488552, 0, 0, 2488552)
(2488388, 0, 0, 2488388)
(2488224, 0, 0, 2488224)
(2487936, 0, 0, 2487936)
(2487693, 0, 0, 2487693)
(2487450, 0, 0, 2487450)
(2487207, 0, 0, 2487207)
(2487206, 0, 0, 2487206)
(2487205, 0, 0, 2487205)
(2487204, 0, 0, 2487204)
(2487203, 0, 0, 2487203)
(2487175, 0, 0, 2487175)
(2487058, 0, 0, 2487058)
(2486941, 0, 0, 2486941)
(2486824, 0, 0, 2486824)
(2486707, 0, 0, 2486707)
(2486704, 0, 0, 2486704)
(2486339, 0, 0, 2486339)
(2485706, 0, 0, 2485706)
(2485560, 0, 0, 2485560)
(2485559, 0, 0, 2485559)
(2485399, 0, 0, 2485399)
(2485398, 0, 0, 2485398)
(2485329, 0, 0, 2485329)
(2485260, 0, 0, 2485260)
(2485191, 0, 0, 2485191)
(2485122, 0, 0, 2485122)
(2484999, 0, 0, 2484999)
(2484906, 0, 0, 2484906)
(2484813, 0, 0, 2484813)
(2484720, 0, 0, 2484720)
(2484627, 0, 0, 2484627)
(2484506, 0, 0, 2484506)
(2484392, 0, 0, 2484392)
(2483705, 0, 0, 2483705)
(2483487, 0, 0, 2483487)
(2483464, 0, 0, 2483464)
(2483118, 0, 0, 2483118)
(2482988, 0, 0, 2482988)
(2482987, 0, 0, 2482987)
(2482986, 0, 0, 2482986)
(2482985, 0, 0, 2482985)
(2482984, 0, 0, 2482984)
(2482484, 0, 0, 2482484)
(2482185, 0, 0, 2482185)
(2481638, 0, 0, 2481638)
(2481634, 0, 0, 2481634)
(2481618, 0, 0, 2481618)
(2481471, 0, 0, 2481471)
(2481324, 0, 0, 2481324)
(2481177, 0, 0, 2481177)
(2480973, 0, 0, 2480973)
(2480825, 0, 0, 2480825)
(2480677, 0, 0, 2480677)
(2480453, 0, 0, 2480453)
(2480229, 0, 0, 2480229)
(2480005, 0, 0, 2480005)
(2479781, 0, 0, 2479781)
(2479426, 0, 0, 2479426)
(2478922, 0, 0, 2478922)
(2478711, 0, 0, 2478711)
(2478448, 0, 0, 2478448)
(2477739, 0, 0, 2477739)
(2477619, 0, 0, 2477619)
(2476867, 0, 0, 2476867)
(2476115, 0, 0, 2476115)
(2476114, 0, 0, 2476114)
(2476113, 0, 0, 2476113)
(2476112, 0, 0, 2476112)
(2476111, 0, 0, 2476111)
(2476110, 0, 0, 2476110)
(2475661, 0, 0, 2475661)
(2474820, 0, 0, 2474820)
(2474243, 0, 0, 2474243)
(2473666, 0, 0, 2473666)
(2473370, 0, 0, 2473370)
(2473099, 0, 0, 2473099)
(2472828, 0, 0, 2472828)
(2472557, 0, 0, 2472557)
(2472286, 0, 0, 2472286)
(2471900, 0, 0, 2471900)
(2471899, 0, 0, 2471899)
(2471898, 0, 0, 2471898)
(2471897, 0, 0, 2471897)
(2471896, 0, 0, 2471896)
(2471751, 0, 0, 2471751)
(2471667, 0, 0, 2471667)
(2471583, 0, 0, 2471583)
(2471399, 0, 0, 2471399)
(2471194, 0, 0, 2471194)
(2470926, 0, 0, 2470926)
(2470791, 0, 0, 2470791)
(2470290, 0, 0, 2470290)
(2469789, 0, 0, 2469789)
(2469288, 0, 0, 2469288)
(2469287, 0, 0, 2469287)
(2469286, 0, 0, 2469286)
(2469285, 0, 0, 2469285)
(2469284, 0, 0, 2469284)
(2468870, 0, 0, 2468870)
(2468664, 0, 0, 2468664)
(2468464, 0, 0, 2468464)
(2468177, 0, 0, 2468177)
(2467890, 0, 0, 2467890)
(2467878, 0, 0, 2467878)
(2467877, 0, 0, 2467877)
(2467876, 0, 0, 2467876)
(2467875, 0, 0, 2467875)
(2467874, 0, 0, 2467874)
(2467873, 0, 0, 2467873)
(2467872, 0, 0, 2467872)
(2467318, 0, 0, 2467318)
(2466764, 0, 0, 2466764)
(2465931, 0, 0, 2465931)
(2465563, 0, 0, 2465563)
(2465195, 0, 0, 2465195)
(2464827, 0, 0, 2464827)
(2464459, 0, 0, 2464459)
(2464091, 0, 0, 2464091)
(2463723, 0, 0, 2463723)
(2463310, 0, 0, 2463310)
(2462991, 0, 0, 2462991)
(2462695, 0, 0, 2462695)
(2462312, 0, 0, 2462312)
(2462311, 0, 0, 2462311)
(2461876, 0, 0, 2461876)
(2461637, 0, 0, 2461637)
(2461410, 0, 0, 2461410)
(2461183, 0, 0, 2461183)
(2461182, 0, 0, 2461182)
(2461181, 0, 0, 2461181)
(2461142, 0, 0, 2461142)
(2461103, 0, 0, 2461103)
(2461102, 0, 0, 2461102)
(2461101, 0, 0, 2461101)
(2461100, 0, 0, 2461100)
(2461099, 0, 0, 2461099)
(2460780, 0, 0, 2460780)
(2460779, 0, 0, 2460779)
(2460778, 0, 0, 2460778)
(2460777, 0, 0, 2460777)
(2460776, 0, 0, 2460776)
(2460775, 0, 0, 2460775)
(2459986, 0, 0, 2459986)
(2459985, 0, 0, 2459985)
(2459984, 0, 0, 2459984)
(2459983, 0, 0, 2459983)
(2459677, 0, 0, 2459677)
(2459585, 0, 0, 2459585)
(2459371, 0, 0, 2459371)
(2459189, 0, 0, 2459189)
(2459007, 0, 0, 2459007)
(2458825, 0, 0, 2458825)
(2458643, 0, 0, 2458643)
(2458504, 0, 0, 2458504)
(2458082, 0, 0, 2458082)
(2457545, 0, 0, 2457545)
(2457124, 0, 0, 2457124)
(2456859, 0, 0, 2456859)
(2456656, 0, 0, 2456656)
(2456453, 0, 0, 2456453)
(2456402, 0, 0, 2456402)
(2456303, 0, 0, 2456303)
(2455214, 0, 0, 2455214)
(2454963, 0, 0, 2454963)
(2454748, 0, 0, 2454748)
(2454533, 0, 0, 2454533)
(2453612, 0, 0, 2453612)
(2453411, 0, 0, 2453411)
(2453210, 0, 0, 2453210)
(2453018, 0, 0, 2453018)
(2452318, 0, 0, 2452318)
(2452126, 0, 0, 2452126)
(2451638, 0, 0, 2451638)
(2451506, 0, 0, 2451506)
(2451374, 0, 0, 2451374)
(2450981, 0, 0, 2450981)
(2450588, 0, 0, 2450588)
(2450587, 0, 0, 2450587)
(2450573, 0, 0, 2450573)
(2450238, 0, 0, 2450238)
(2450148, 0, 0, 2450148)
(2449919, 0, 0, 2449919)
(2449721, 0, 0, 2449721)
(2449327, 0, 0, 2449327)
(2448933, 0, 0, 2448933)
(2448663, 0, 0, 2448663)
(2448567, 0, 0, 2448567)
(2448189, 0, 0, 2448189)
(2448002, 0, 0, 2448002)
(2447819, 0, 0, 2447819)
(2447636, 0, 0, 2447636)
(2447453, 0, 0, 2447453)
(2446977, 0, 0, 2446977)
(2446770, 0, 0, 2446770)
(2446756, 0, 0, 2446756)
(2446575, 0, 0, 2446575)
(2446574, 0, 0, 2446574)
(2446573, 0, 0, 2446573)
(2446572, 0, 0, 2446572)
(2446314, 0, 0, 2446314)
(2446056, 0, 0, 2446056)
(2445537, 0, 0, 2445537)
(2445514, 0, 0, 2445514)
(2445292, 0, 0, 2445292)
(2445070, 0, 0, 2445070)
(2444848, 0, 0, 2444848)
(2444360, 0, 0, 2444360)
(2444359, 0, 0, 2444359)
(2443861, 0, 0, 2443861)
(2443312, 0, 0, 2443312)
(2443204, 0, 0, 2443204)
(2443096, 0, 0, 2443096)
(2442824, 0, 0, 2442824)
(2442233, 0, 0, 2442233)
(2441884, 0, 0, 2441884)
(2441818, 0, 0, 2441818)
(2441752, 0, 0, 2441752)
(2441686, 0, 0, 2441686)
(2441041, 0, 0, 2441041)
(2440829, 0, 0, 2440829)
(2440517, 0, 0, 2440517)
(2440000, 0, 0, 2440000)
(2439674, 0, 0, 2439674)
(2439190, 0, 0, 2439190)
(2438959, 0, 0, 2438959)
(2438955, 0, 0, 2438955)
(2438540, 0, 0, 2438540)
(2438042, 0, 0, 2438042)
(2437875, 0, 0, 2437875)
(2436963, 0, 0, 2436963)
(2436232, 0, 0, 2436232)
(2435907, 0, 0, 2435907)
(2435582, 0, 0, 2435582)
(2435083, 0, 0, 2435083)
(2434252, 0, 0, 2434252)
(2433860, 0, 0, 2433860)
(2433304, 0, 0, 2433304)
(2432820, 0, 0, 2432820)
(2432819, 0, 0, 2432819)
(2432818, 0, 0, 2432818)
(2432367, 0, 0, 2432367)
(2432355, 0, 0, 2432355)
(2432343, 0, 0, 2432343)
(2431913, 0, 0, 2431913)
(2431864, 0, 0, 2431864)
(2431734, 0, 0, 2431734)
(2431495, 0, 0, 2431495)
(2431256, 0, 0, 2431256)
(2431255, 0, 0, 2431255)
(2431088, 0, 0, 2431088)
(2430502, 0, 0, 2430502)
(2429916, 0, 0, 2429916)
(2429330, 0, 0, 2429330)
(2428809, 0, 0, 2428809)
(2428515, 0, 0, 2428515)
(2428221, 0, 0, 2428221)
(2428145, 0, 0, 2428145)
(2428069, 0, 0, 2428069)
(2427993, 0, 0, 2427993)
(2427917, 0, 0, 2427917)
(2427772, 0, 0, 2427772)
(2427627, 0, 0, 2427627)
(2427497, 0, 0, 2427497)
(2427367, 0, 0, 2427367)
(2427097, 0, 0, 2427097)
(2426773, 0, 0, 2426773)
(2426377, 0, 0, 2426377)
(2425728, 0, 0, 2425728)
(2425681, 0, 0, 2425681)
(2425634, 0, 0, 2425634)
(2425287, 0, 0, 2425287)
(2424940, 0, 0, 2424940)
(2424593, 0, 0, 2424593)
(2424246, 0, 0, 2424246)
(2423825, 0, 0, 2423825)
(2423392, 0, 0, 2423392)
(2422959, 0, 0, 2422959)
(2422924, 0, 0, 2422924)
(2422889, 0, 0, 2422889)
(2422854, 0, 0, 2422854)
(2422718, 0, 0, 2422718)
(2422583, 0, 0, 2422583)
(2422525, 0, 0, 2422525)
(2422427, 0, 0, 2422427)
(2422210, 0, 0, 2422210)
(2421993, 0, 0, 2421993)
(2421603, 0, 0, 2421603)
(2421525, 0, 0, 2421525)
(2421447, 0, 0, 2421447)
(2421369, 0, 0, 2421369)
(2421368, 0, 0, 2421368)
(2421367, 0, 0, 2421367)
(2420593, 0, 0, 2420593)
(2420053, 0, 0, 2420053)
(2419513, 0, 0, 2419513)
(2419254, 0, 0, 2419254)
(2418995, 0, 0, 2418995)
(2418503, 0, 0, 2418503)
(2418306, 0, 0, 2418306)
(2418109, 0, 0, 2418109)
(2417912, 0, 0, 2417912)
(2417615, 0, 0, 2417615)
(2417045, 0, 0, 2417045)
(2416952, 0, 0, 2416952)
(2416951, 0, 0, 2416951)
(2416602, 0, 0, 2416602)
(2416577, 0, 0, 2416577)
(2415955, 0, 0, 2415955)
(2415595, 0, 0, 2415595)
(2415159, 0, 0, 2415159)
(2414970, 0, 0, 2414970)
(2414417, 0, 0, 2414417)
(2413828, 0, 0, 2413828)
(2413827, 0, 0, 2413827)
(2413826, 0, 0, 2413826)
(2413383, 0, 0, 2413383)
(2412714, 0, 0, 2412714)
(2411335, 0, 0, 2411335)
(2411099, 0, 0, 2411099)
(2410863, 0, 0, 2410863)
(2410655, 0, 0, 2410655)
(2410654, 0, 0, 2410654)
(2410206, 0, 0, 2410206)
(2410044, 0, 0, 2410044)
(2409882, 0, 0, 2409882)
(2409720, 0, 0, 2409720)
(2409529, 0, 0, 2409529)
(2409508, 0, 0, 2409508)
(2408915, 0, 0, 2408915)
(2408546, 0, 0, 2408546)
(2408545, 0, 0, 2408545)
(2408296, 0, 0, 2408296)
(2408047, 0, 0, 2408047)
(2407798, 0, 0, 2407798)
(2407605, 0, 0, 2407605)
(2407388, 0, 0, 2407388)
(2407238, 0, 0, 2407238)
(2406712, 0, 0, 2406712)
(2406632, 0, 0, 2406632)
(2406582, 0, 0, 2406582)
(2406532, 0, 0, 2406532)
(2406482, 0, 0, 2406482)
(2405884, 0, 0, 2405884)
(2405792, 0, 0, 2405792)
(2405244, 0, 0, 2405244)
(2405161, 0, 0, 2405161)
(2404747, 0, 0, 2404747)
(2404333, 0, 0, 2404333)
(2404027, 0, 0, 2404027)
(2403194, 0, 0, 2403194)
(2403065, 0, 0, 2403065)
(2402936, 0, 0, 2402936)
(2402807, 0, 0, 2402807)
(2402678, 0, 0, 2402678)
(2402549, 0, 0, 2402549)
(2402335, 0, 0, 2402335)
(2401824, 0, 0, 2401824)
(2401477, 0, 0, 2401477)
(2400829, 0, 0, 2400829)
(2400325, 0, 0, 2400325)
(2400218, 0, 0, 2400218)
(2400148, 0, 0, 2400148)
(2400078, 0, 0, 2400078)
(2400008, 0, 0, 2400008)
(2399960, 0, 0, 2399960)
(2399959, 0, 0, 2399959)
(2399958, 0, 0, 2399958)
(2399921, 0, 0, 2399921)
(2399884, 0, 0, 2399884)
(2399715, 0, 0, 2399715)
(2399670, 0, 0, 2399670)
(2399625, 0, 0, 2399625)
(2399580, 0, 0, 2399580)
(2399294, 0, 0, 2399294)
(2399008, 0, 0, 2399008)
(2398722, 0, 0, 2398722)
(2398436, 0, 0, 2398436)
(2398254, 0, 0, 2398254)
(2398104, 0, 0, 2398104)
(2397739, 0, 0, 2397739)
(2397584, 0, 0, 2397584)
(2396823, 0, 0, 2396823)
(2396822, 0, 0, 2396822)
(2396821, 0, 0, 2396821)
(2396820, 0, 0, 2396820)
(2396778, 0, 0, 2396778)
(2396700, 0, 0, 2396700)
(2396622, 0, 0, 2396622)
(2396544, 0, 0, 2396544)
(2396466, 0, 0, 2396466)
(2396388, 0, 0, 2396388)
(2396353, 0, 0, 2396353)
(2396318, 0, 0, 2396318)
(2396283, 0, 0, 2396283)
(2396248, 0, 0, 2396248)
(2396218, 0, 0, 2396218)
(2396188, 0, 0, 2396188)
(2396158, 0, 0, 2396158)
(2396128, 0, 0, 2396128)
(2396127, 0, 0, 2396127)
(2396015, 0, 0, 2396015)
(2395724, 0, 0, 2395724)
(2395433, 0, 0, 2395433)
(2395142, 0, 0, 2395142)
(2394877, 0, 0, 2394877)
(2394314, 0, 0, 2394314)
(2393642, 0, 0, 2393642)
(2393481, 0, 0, 2393481)
(2393290, 0, 0, 2393290)
(2393099, 0, 0, 2393099)
(2392908, 0, 0, 2392908)
(2392717, 0, 0, 2392717)
(2392522, 0, 0, 2392522)
(2392048, 0, 0, 2392048)
(2391574, 0, 0, 2391574)
(2391518, 0, 0, 2391518)
(2391462, 0, 0, 2391462)
(2390692, 0, 0, 2390692)
(2390691, 0, 0, 2390691)
(2390301, 0, 0, 2390301)
(2389766, 0, 0, 2389766)
(2389019, 0, 0, 2389019)
(2388874, 0, 0, 2388874)
(2388406, 0, 0, 2388406)
(2387917, 0, 0, 2387917)
(2387520, 0, 0, 2387520)
(2387051, 0, 0, 2387051)
(2386458, 0, 0, 2386458)
(2386093, 0, 0, 2386093)
(2385778, 0, 0, 2385778)
(2385463, 0, 0, 2385463)
(2385148, 0, 0, 2385148)
(2384833, 0, 0, 2384833)
(2384421, 0, 0, 2384421)
(2384235, 0, 0, 2384235)
(2384049, 0, 0, 2384049)
(2384048, 0, 0, 2384048)
(2383799, 0, 0, 2383799)
(2383550, 0, 0, 2383550)
(2383342, 0, 0, 2383342)
(2382912, 0, 0, 2382912)
(2382423, 0, 0, 2382423)
(2382095, 0, 0, 2382095)
(2381792, 0, 0, 2381792)
(2381489, 0, 0, 2381489)
(2381186, 0, 0, 2381186)
(2380964, 0, 0, 2380964)
(2380742, 0, 0, 2380742)
(2380416, 0, 0, 2380416)
(2380294, 0, 0, 2380294)
(2380172, 0, 0, 2380172)
(2380050, 0, 0, 2380050)
(2379491, 0, 0, 2379491)
(2379304, 0, 0, 2379304)
(2378954, 0, 0, 2378954)
(2378594, 0, 0, 2378594)
(2378094, 0, 0, 2378094)
(2377660, 0, 0, 2377660)
(2377226, 0, 0, 2377226)
(2376855, 0, 0, 2376855)
(2376786, 0, 0, 2376786)
(2376717, 0, 0, 2376717)
(2376384, 0, 0, 2376384)
(2376261, 0, 0, 2376261)
(2376260, 0, 0, 2376260)
(2376259, 0, 0, 2376259)
(2376258, 0, 0, 2376258)
(2376013, 0, 0, 2376013)
(2375768, 0, 0, 2375768)
(2375056, 0, 0, 2375056)
(2374750, 0, 0, 2374750)
(2374700, 0, 0, 2374700)
(2374650, 0, 0, 2374650)
(2374412, 0, 0, 2374412)
(2374174, 0, 0, 2374174)
(2374164, 0, 0, 2374164)
(2374090, 0, 0, 2374090)
(2374016, 0, 0, 2374016)
(2373942, 0, 0, 2373942)
(2373843, 0, 0, 2373843)
(2373744, 0, 0, 2373744)
(2373645, 0, 0, 2373645)
(2373605, 0, 0, 2373605)
(2373185, 0, 0, 2373185)
(2373174, 0, 0, 2373174)
(2373173, 0, 0, 2373173)
(2372584, 0, 0, 2372584)
(2372537, 0, 0, 2372537)
(2372483, 0, 0, 2372483)
(2372429, 0, 0, 2372429)
(2372375, 0, 0, 2372375)
(2372321, 0, 0, 2372321)
(2372267, 0, 0, 2372267)
(2372213, 0, 0, 2372213)
(2372159, 0, 0, 2372159)
(2372105, 0, 0, 2372105)
(2372051, 0, 0, 2372051)
(2371997, 0, 0, 2371997)
(2371943, 0, 0, 2371943)
(2371889, 0, 0, 2371889)
(2371835, 0, 0, 2371835)
(2371781, 0, 0, 2371781)
(2371780, 0, 0, 2371780)
(2371779, 0, 0, 2371779)
(2371778, 0, 0, 2371778)
(2371777, 0, 0, 2371777)
(2371776, 0, 0, 2371776)
(2371775, 0, 0, 2371775)
(2371774, 0, 0, 2371774)
(2371773, 0, 0, 2371773)
(2371772, 0, 0, 2371772)
(2371771, 0, 0, 2371771)
(2371770, 0, 0, 2371770)
(2371769, 0, 0, 2371769)
(2371768, 0, 0, 2371768)
(2371767, 0, 0, 2371767)
(2371766, 0, 0, 2371766)
(2371765, 0, 0, 2371765)
(2371764, 0, 0, 2371764)
(2371303, 0, 0, 2371303)
(2371171, 0, 0, 2371171)
(2370677, 0, 0, 2370677)
(2370454, 0, 0, 2370454)
(2370231, 0, 0, 2370231)
(2370099, 0, 0, 2370099)
(2369871, 0, 0, 2369871)
(2369870, 0, 0, 2369870)
(2369869, 0, 0, 2369869)
(2369868, 0, 0, 2369868)
(2369867, 0, 0, 2369867)
(2369866, 0, 0, 2369866)
(2369865, 0, 0, 2369865)
