(2513842, 0, 0, 2513842)
(2512769, 0, 0, 2512769)
(2512185, 0, 0, 2512185)
(2512075, 0, 0, 2512075)
(2512075, 0, 0, 2512075)
(2511116, 787, 0, 2511903)
(2511116, 787, 0, 2511903)
(2508725, 2691, 0, 2511416)
(2508573, 787, 0, 2509360)
(2505423, 2691, 0, 2508114)
(2511357, 1574, 3102, 2516033)
(2509459, 1574, 3102, 2514135)
(2508877, 1574, 3102, 2513553)
(2508173, 1574, 3102, 2512849)
(2512803, 0, 0, 2512803)
(2505784, 2662, 3102, 2511548)
(2510561, 0, 0, 2510561)
(2510166, 0, 0, 2510166)
(2509521, 0, 0, 2509521)
(2508811, 0, 0, 2508811)
(2510144, 0, 3659, 2513803)
(2508121, 0, 3659, 2511780)
(2507936, 0, 3659, 2511595)
(2504570, 1620, 3659, 2509849)
(2505832, 0, 3659, 2509491)
(2503944, 1620, 3659, 2509223)
(2502732, 1620, 3659, 2508011)
(2501697, 1620, 3659, 2506976)
(2499542, 0, 3659, 2503201)
(2498695, 0, 3659, 2502354)
(2507471, 0, 8144, 2515615)
(2506307, 0, 8144, 2514451)
(2504797, 0, 8144, 2512941)
(2504797, 0, 8144, 2512941)
(2513979, 0, 0, 2513979)
