(2679770, 0, 0, 2679770)
(2679524, 0, 0, 2679524)
(2677729, 0, 0, 2677729)
(2676583, 0, 0, 2676583)
(2676583, 0, 0, 2676583)
(2676061, 0, 0, 2676061)
(2675475, 0, 0, 2675475)
(2674345, 0, 0, 2674345)
(2672949, 0, 0, 2672949)
(2672195, 0, 0, 2672195)
(2670652, 0, 7380, 2678032)
(2670652, 0, 7380, 2678032)
(2670264, 0, 7380, 2677644)
(2669164, 0, 7380, 2676544)
(2668148, 0, 7380, 2675528)
(2667594, 0, 7380, 2674974)
(2666578, 0, 7380, 2673958)
(2665382, 0, 7380, 2672762)
(2663138, 0, 7380, 2670518)
(2663034, 0, 7380, 2670414)
(2669831, 0, 13333, 2683164)
(2669475, 0, 13333, 2682808)
(2667757, 0, 13333, 2681090)
(2667757, 0, 13333, 2681090)
(2667757, 0, 13333, 2681090)
(2667757, 0, 13333, 2681090)
(2667757, 0, 13333, 2681090)
(2666529, 0, 13333, 2679862)
(2665602, 0, 13333, 2678935)
(2677736, 0, 0, 2677736)
(2673084, 0, 5311, 2678395)
(2671892, 0, 5311, 2677203)
(2671342, 0, 5311, 2676653)
(2670668, 0, 5311, 2675979)
(2669689, 0, 5311, 2675000)
(2680693, 0, 0, 2680693)
