(1766274, 0, 0, 1766274)
(1765289, 0, 0, 1765289)
(1765124, 0, 0, 1765124)
(1764619, 0, 0, 1764619)
(1764064, 0, 0, 1764064)
(1763305, 0, 0, 1763305)
(1763120, 0, 0, 1763120)
(1762638, 0, 0, 1762638)
(1762215, 0, 0, 1762215)
(1761325, 0, 0, 1761325)
(1760275, 0, 0, 1760275)
(1760119, 0, 0, 1760119)
(1759409, 0, 0, 1759409)
(1758627, 0, 0, 1758627)
(1758034, 0, 0, 1758034)
(1757481, 0, 0, 1757481)
(1756777, 0, 0, 1756777)
(1756098, 0, 0, 1756098)
(1755734, 0, 0, 1755734)
(1755449, 0, 0, 1755449)
(1755164, 0, 0, 1755164)
(1754875, 0, 0, 1754875)
(1754285, 0, 0, 1754285)
(1753602, 0, 0, 1753602)
(1752973, 0, 0, 1752973)
(1752149, 0, 0, 1752149)
(1751111, 0, 0, 1751111)
(1750750, 0, 0, 1750750)
(1750107, 0, 0, 1750107)
(1749442, 0, 0, 1749442)
(1748853, 0, 0, 1748853)
(1748264, 0, 0, 1748264)
(1747675, 0, 0, 1747675)
(1747488, 0, 0, 1747488)
(1747301, 0, 0, 1747301)
(1746877, 0, 0, 1746877)
(1746138, 0, 0, 1746138)
(1745536, 0, 0, 1745536)
(1745163, 0, 0, 1745163)
(1744790, 0, 0, 1744790)
(1744417, 0, 0, 1744417)
(1744343, 0, 0, 1744343)
(1744269, 0, 0, 1744269)
(1744195, 0, 0, 1744195)
(1743708, 0, 0, 1743708)
(1743221, 0, 0, 1743221)
(1743074, 0, 0, 1743074)
(1742903, 0, 0, 1742903)
(1742057, 0, 0, 1742057)
(1741672, 0, 0, 1741672)
(1740914, 0, 0, 1740914)
(1740120, 0, 0, 1740120)
(1739720, 0, 0, 1739720)
(1738801, 0, 0, 1738801)
(1738319, 0, 0, 1738319)
(1738007, 0, 0, 1738007)
(1737568, 0, 0, 1737568)
(1736732, 0, 0, 1736732)
(1736640, 0, 0, 1736640)
(1736548, 0, 0, 1736548)
(1736289, 0, 0, 1736289)
(1736126, 0, 0, 1736126)
(1735963, 0, 0, 1735963)
(1735429, 0, 0, 1735429)
(1735052, 0, 0, 1735052)
(1734806, 0, 0, 1734806)
(1734754, 0, 0, 1734754)
(1734054, 0, 0, 1734054)
(1733961, 0, 0, 1733961)
(1733458, 0, 0, 1733458)
(1732847, 0, 0, 1732847)
(1732638, 0, 0, 1732638)
(1732200, 0, 0, 1732200)
(1731585, 0, 0, 1731585)
(1731338, 0, 0, 1731338)
(1730657, 0, 0, 1730657)
(1730121, 0, 0, 1730121)
(1729787, 0, 0, 1729787)
(1729026, 0, 0, 1729026)
(1728507, 0, 0, 1728507)
(1728365, 0, 0, 1728365)
(1728071, 0, 0, 1728071)
(1727795, 0, 0, 1727795)
(1727355, 0, 0, 1727355)
(1726876, 0, 0, 1726876)
(1726483, 0, 0, 1726483)
(1726253, 0, 0, 1726253)
(1725994, 0, 0, 1725994)
(1725502, 0, 0, 1725502)
(1725499, 0, 0, 1725499)
(1725268, 0, 0, 1725268)
(1724423, 0, 0, 1724423)
(1724146, 0, 0, 1724146)
(1723721, 0, 0, 1723721)
(1722967, 0, 0, 1722967)
(1722356, 0, 0, 1722356)
(1721709, 0, 0, 1721709)
(1721553, 0, 0, 1721553)
(1721284, 0, 0, 1721284)
(1720785, 0, 0, 1720785)
(1720275, 0, 0, 1720275)
(1719832, 0, 0, 1719832)
(1719339, 0, 0, 1719339)
(1719104, 0, 0, 1719104)
(1718169, 0, 0, 1718169)
(1717794, 0, 0, 1717794)
(1717061, 0, 0, 1717061)
(1716774, 0, 0, 1716774)
(1716487, 0, 0, 1716487)
(1715635, 0, 0, 1715635)
(1715301, 0, 0, 1715301)
(1714998, 0, 0, 1714998)
(1714617, 0, 0, 1714617)
(1713541, 0, 0, 1713541)
(1713163, 0, 0, 1713163)
(1712620, 0, 0, 1712620)
(1712210, 0, 0, 1712210)
(1711844, 0, 0, 1711844)
(1710929, 0, 0, 1710929)
(1710220, 0, 0, 1710220)
(1709184, 0, 0, 1709184)
(1708668, 0, 0, 1708668)
(1708220, 0, 0, 1708220)
(1707730, 0, 0, 1707730)
(1707240, 0, 0, 1707240)
(1706964, 0, 0, 1706964)
(1706688, 0, 0, 1706688)
(1706412, 0, 0, 1706412)
(1706136, 0, 0, 1706136)
(1705956, 0, 0, 1705956)
(1705515, 0, 0, 1705515)
(1705385, 0, 0, 1705385)
(1705265, 0, 0, 1705265)
(1704887, 0, 0, 1704887)
(1704225, 0, 0, 1704225)
(1704055, 0, 0, 1704055)
(1703773, 0, 0, 1703773)
(1703118, 0, 0, 1703118)
(1702228, 0, 0, 1702228)
(1702115, 0, 0, 1702115)
(1701263, 0, 0, 1701263)
(1700604, 0, 0, 1700604)
(1700097, 0, 0, 1700097)
(1699394, 0, 0, 1699394)
(1698665, 0, 0, 1698665)
(1698053, 0, 0, 1698053)
(1698052, 0, 0, 1698052)
(1697821, 0, 0, 1697821)
(1697073, 0, 0, 1697073)
(1696622, 0, 0, 1696622)
(1696111, 0, 0, 1696111)
(1695963, 0, 0, 1695963)
(1695342, 0, 0, 1695342)
(1695255, 0, 0, 1695255)
(1695254, 0, 0, 1695254)
(1694610, 0, 0, 1694610)
(1693377, 0, 0, 1693377)
(1693296, 0, 0, 1693296)
(1693013, 0, 0, 1693013)
(1692307, 0, 0, 1692307)
(1692030, 0, 0, 1692030)
(1691755, 0, 0, 1691755)
(1691665, 0, 0, 1691665)
(1691224, 0, 0, 1691224)
(1690297, 0, 0, 1690297)
(1689995, 0, 0, 1689995)
(1689323, 0, 0, 1689323)
(1688741, 0, 0, 1688741)
(1688267, 0, 0, 1688267)
(1688110, 0, 0, 1688110)
(1687673, 0, 0, 1687673)
(1687329, 0, 0, 1687329)
(1686607, 0, 0, 1686607)
(1686133, 0, 0, 1686133)
(1685549, 0, 0, 1685549)
(1685254, 0, 0, 1685254)
(1684622, 0, 0, 1684622)
(1684254, 0, 0, 1684254)
(1683678, 0, 0, 1683678)
(1683027, 0, 0, 1683027)
(1682905, 0, 0, 1682905)
(1682601, 0, 0, 1682601)
(1682326, 0, 0, 1682326)
(1682311, 0, 0, 1682311)
(1682037, 0, 0, 1682037)
(1681324, 0, 0, 1681324)
(1681109, 0, 0, 1681109)
(1680777, 0, 0, 1680777)
(1680218, 0, 0, 1680218)
(1680061, 0, 0, 1680061)
(1679207, 0, 0, 1679207)
(1678788, 0, 0, 1678788)
(1678211, 0, 0, 1678211)
(1677389, 0, 0, 1677389)
(1677337, 0, 0, 1677337)
(1676965, 0, 0, 1676965)
(1676630, 0, 0, 1676630)
(1676474, 0, 0, 1676474)
(1676273, 0, 0, 1676273)
(1676072, 0, 0, 1676072)
(1675584, 0, 0, 1675584)
(1675023, 0, 0, 1675023)
(1674664, 0, 0, 1674664)
(1674395, 0, 0, 1674395)
(1673906, 0, 0, 1673906)
(1673632, 0, 0, 1673632)
(1673238, 0, 0, 1673238)
(1672689, 0, 0, 1672689)
(1672275, 0, 0, 1672275)
(1671907, 0, 0, 1671907)
(1671521, 0, 0, 1671521)
(1671196, 0, 0, 1671196)
(1670594, 0, 0, 1670594)
(1670079, 0, 0, 1670079)
(1670071, 0, 0, 1670071)
(1669724, 0, 0, 1669724)
(1669698, 0, 0, 1669698)
(1669672, 0, 0, 1669672)
(1669426, 0, 0, 1669426)
(1669195, 0, 0, 1669195)
(1668869, 0, 0, 1668869)
(1668160, 0, 0, 1668160)
(1667943, 0, 0, 1667943)
(1667637, 0, 0, 1667637)
(1667173, 0, 0, 1667173)
(1666818, 0, 0, 1666818)
(1666597, 0, 0, 1666597)
(1665885, 0, 0, 1665885)
(1665249, 0, 0, 1665249)
(1664908, 0, 0, 1664908)
(1664174, 0, 0, 1664174)
(1663876, 0, 0, 1663876)
(1663576, 0, 0, 1663576)
(1663324, 0, 0, 1663324)
(1662795, 0, 0, 1662795)
(1662410, 0, 0, 1662410)
(1662251, 0, 0, 1662251)
(1661897, 0, 0, 1661897)
(1661474, 0, 0, 1661474)
(1661139, 0, 0, 1661139)
(1660752, 0, 0, 1660752)
(1660387, 0, 0, 1660387)
(1659681, 0, 0, 1659681)
(1658790, 0, 0, 1658790)
(1658179, 0, 0, 1658179)
(1657082, 0, 0, 1657082)
(1656572, 0, 0, 1656572)
(1655763, 0, 0, 1655763)
(1654954, 0, 0, 1654954)
(1654638, 0, 0, 1654638)
(1654056, 0, 0, 1654056)
(1653733, 0, 0, 1653733)
(1652936, 0, 0, 1652936)
(1651946, 0, 0, 1651946)
(1651405, 0, 0, 1651405)
(1651123, 0, 0, 1651123)
(1650822, 0, 0, 1650822)
(1650592, 0, 0, 1650592)
(1650441, 0, 0, 1650441)
(1650187, 0, 0, 1650187)
(1649933, 0, 0, 1649933)
(1649679, 0, 0, 1649679)
(1649413, 0, 0, 1649413)
(1648895, 0, 0, 1648895)
(1648377, 0, 0, 1648377)
(1647859, 0, 0, 1647859)
(1647223, 0, 0, 1647223)
(1646911, 0, 0, 1646911)
(1646528, 0, 0, 1646528)
(1646025, 0, 0, 1646025)
(1645609, 0, 0, 1645609)
(1645321, 0, 0, 1645321)
(1644152, 0, 0, 1644152)
(1643520, 0, 0, 1643520)
(1642653, 0, 0, 1642653)
(1642108, 0, 0, 1642108)
(1641927, 0, 0, 1641927)
(1641200, 0, 0, 1641200)
(1640364, 0, 0, 1640364)
(1640005, 0, 0, 1640005)
(1639393, 0, 0, 1639393)
(1639378, 0, 0, 1639378)
(1639353, 0, 0, 1639353)
(1639238, 0, 0, 1639238)
(1638794, 0, 0, 1638794)
(1638565, 0, 0, 1638565)
(1637644, 0, 0, 1637644)
(1637485, 0, 0, 1637485)
(1637237, 0, 0, 1637237)
(1636846, 0, 0, 1636846)
(1636328, 0, 0, 1636328)
(1636075, 0, 0, 1636075)
(1635664, 0, 0, 1635664)
(1635403, 0, 0, 1635403)
(1635171, 0, 0, 1635171)
(1634691, 0, 0, 1634691)
(1634355, 0, 0, 1634355)
(1633601, 0, 0, 1633601)
(1632953, 0, 0, 1632953)
(1632837, 0, 0, 1632837)
(1632593, 0, 0, 1632593)
(1631787, 0, 0, 1631787)
(1631081, 0, 0, 1631081)
(1630910, 0, 0, 1630910)
(1630403, 0, 0, 1630403)
(1629714, 0, 0, 1629714)
(1629545, 0, 0, 1629545)
(1629054, 0, 0, 1629054)
(1628563, 0, 0, 1628563)
(1628072, 0, 0, 1628072)
(1627581, 0, 0, 1627581)
(1627090, 0, 0, 1627090)
(1626599, 0, 0, 1626599)
(1626108, 0, 0, 1626108)
(1625085, 0, 0, 1625085)
(1624062, 0, 0, 1624062)
(1623437, 0, 0, 1623437)
(1622953, 0, 0, 1622953)
(1622420, 0, 0, 1622420)
(1621981, 0, 0, 1621981)
(1621400, 0, 0, 1621400)
(1621111, 0, 0, 1621111)
(1620668, 0, 0, 1620668)
(1620525, 0, 0, 1620525)
(1620386, 0, 0, 1620386)
(1620235, 0, 0, 1620235)
(1620011, 0, 0, 1620011)
(1619262, 0, 0, 1619262)
(1619156, 0, 0, 1619156)
(1618821, 0, 0, 1618821)
(1618066, 0, 0, 1618066)
(1617236, 0, 0, 1617236)
(1616477, 0, 0, 1616477)
(1615786, 0, 0, 1615786)
(1615327, 0, 0, 1615327)
(1614882, 0, 0, 1614882)
(1614457, 0, 0, 1614457)
(1613271, 0, 0, 1613271)
(1612975, 0, 0, 1612975)
(1612518, 0, 0, 1612518)
(1612330, 0, 0, 1612330)
(1611643, 0, 0, 1611643)
(1610655, 0, 0, 1610655)
(1610472, 0, 0, 1610472)
(1609820, 0, 0, 1609820)
(1609007, 0, 0, 1609007)
(1608172, 0, 0, 1608172)
(1608038, 0, 0, 1608038)
(1607508, 0, 0, 1607508)
(1606978, 0, 0, 1606978)
(1606448, 0, 0, 1606448)
(1605918, 0, 0, 1605918)
(1605434, 0, 0, 1605434)
(1604950, 0, 0, 1604950)
(1604466, 0, 0, 1604466)
(1603982, 0, 0, 1603982)
(1603748, 0, 0, 1603748)
(1603254, 0, 0, 1603254)
(1603111, 0, 0, 1603111)
(1602078, 0, 0, 1602078)
(1601794, 0, 0, 1601794)
(1601331, 0, 0, 1601331)
(1600319, 0, 0, 1600319)
(1600271, 0, 0, 1600271)
(1600000, 0, 0, 1600000)
(1599474, 0, 0, 1599474)
(1598629, 0, 0, 1598629)
(1598299, 0, 0, 1598299)
(1597627, 0, 0, 1597627)
(1597245, 0, 0, 1597245)
(1596969, 0, 0, 1596969)
(1596441, 0, 0, 1596441)
(1595937, 0, 0, 1595937)
(1595118, 0, 0, 1595118)
(1594509, 0, 0, 1594509)
(1593978, 0, 0, 1593978)
(1593458, 0, 0, 1593458)
(1592993, 0, 0, 1592993)
(1592775, 0, 0, 1592775)
(1592557, 0, 0, 1592557)
(1592339, 0, 0, 1592339)
(1592156, 0, 0, 1592156)
(1591547, 0, 0, 1591547)
(1591223, 0, 0, 1591223)
(1591049, 0, 0, 1591049)
(1590733, 0, 0, 1590733)
(1590510, 0, 0, 1590510)
(1589938, 0, 0, 1589938)
(1589366, 0, 0, 1589366)
(1589012, 0, 0, 1589012)
(1588445, 0, 0, 1588445)
(1588041, 0, 0, 1588041)
(1587672, 0, 0, 1587672)
(1587392, 0, 0, 1587392)
(1587046, 0, 0, 1587046)
(1586726, 0, 0, 1586726)
(1586141, 0, 0, 1586141)
(1585587, 0, 0, 1585587)
(1585456, 0, 0, 1585456)
(1585000, 0, 0, 1585000)
(1584213, 0, 0, 1584213)
(1583848, 0, 0, 1583848)
(1583078, 0, 0, 1583078)
(1582430, 0, 0, 1582430)
(1581815, 0, 0, 1581815)
(1581528, 0, 0, 1581528)
(1581036, 0, 0, 1581036)
(1580676, 0, 0, 1580676)
(1579856, 0, 0, 1579856)
(1579412, 0, 0, 1579412)
(1579216, 0, 0, 1579216)
(1579036, 0, 0, 1579036)
(1578344, 0, 0, 1578344)
(1577862, 0, 0, 1577862)
(1577026, 0, 0, 1577026)
(1576496, 0, 0, 1576496)
(1575875, 0, 0, 1575875)
(1575411, 0, 0, 1575411)
(1574982, 0, 0, 1574982)
(1574048, 0, 0, 1574048)
(1573714, 0, 0, 1573714)
(1573150, 0, 0, 1573150)
(1572507, 0, 0, 1572507)
(1572222, 0, 0, 1572222)
(1571524, 0, 0, 1571524)
(1570989, 0, 0, 1570989)
(1570112, 0, 0, 1570112)
(1570075, 0, 0, 1570075)
(1569602, 0, 0, 1569602)
(1568489, 0, 0, 1568489)
(1567711, 0, 0, 1567711)
(1567475, 0, 0, 1567475)
(1567085, 0, 0, 1567085)
(1566695, 0, 0, 1566695)
(1566183, 0, 0, 1566183)
(1565986, 0, 0, 1565986)
(1565271, 0, 0, 1565271)
(1565228, 0, 0, 1565228)
(1564415, 0, 0, 1564415)
(1564061, 0, 0, 1564061)
(1563799, 0, 0, 1563799)
(1563415, 0, 0, 1563415)
(1562779, 0, 0, 1562779)
(1562134, 0, 0, 1562134)
(1561869, 0, 0, 1561869)
(1561604, 0, 0, 1561604)
(1561225, 0, 0, 1561225)
(1561027, 0, 0, 1561027)
(1560895, 0, 0, 1560895)
(1560084, 0, 0, 1560084)
(1559180, 0, 0, 1559180)
(1559018, 0, 0, 1559018)
(1558809, 0, 0, 1558809)
(1558643, 0, 0, 1558643)
(1557985, 0, 0, 1557985)
(1557389, 0, 0, 1557389)
(1557118, 0, 0, 1557118)
(1556531, 0, 0, 1556531)
(1556204, 0, 0, 1556204)
(1555604, 0, 0, 1555604)
(1555245, 0, 0, 1555245)
(1555096, 0, 0, 1555096)
(1554947, 0, 0, 1554947)
(1554760, 0, 0, 1554760)
(1554559, 0, 0, 1554559)
(1554380, 0, 0, 1554380)
(1553667, 0, 0, 1553667)
(1553510, 0, 0, 1553510)
(1552658, 0, 0, 1552658)
(1552418, 0, 0, 1552418)
(1552130, 0, 0, 1552130)
(1551055, 0, 0, 1551055)
(1550773, 0, 0, 1550773)
(1550373, 0, 0, 1550373)
(1549572, 0, 0, 1549572)
(1549174, 0, 0, 1549174)
(1548650, 0, 0, 1548650)
(1547567, 0, 0, 1547567)
(1547508, 0, 0, 1547508)
(1547005, 0, 0, 1547005)
(1546482, 0, 0, 1546482)
(1546163, 0, 0, 1546163)
(1545909, 0, 0, 1545909)
(1545117, 0, 0, 1545117)
(1544623, 0, 0, 1544623)
(1544407, 0, 0, 1544407)
(1544137, 0, 0, 1544137)
(1543758, 0, 0, 1543758)
(1543037, 0, 0, 1543037)
(1542904, 0, 0, 1542904)
(1541945, 0, 0, 1541945)
(1540937, 0, 0, 1540937)
(1540752, 0, 0, 1540752)
(1540567, 0, 0, 1540567)
(1540368, 0, 0, 1540368)
(1539715, 0, 0, 1539715)
(1539398, 0, 0, 1539398)
(1539182, 0, 0, 1539182)
(1538083, 0, 0, 1538083)
(1537445, 0, 0, 1537445)
(1537444, 0, 0, 1537444)
(1536685, 0, 0, 1536685)
(1535775, 0, 0, 1535775)
(1535184, 0, 0, 1535184)
(1534599, 0, 0, 1534599)
(1533945, 0, 0, 1533945)
(1533282, 0, 0, 1533282)
(1532536, 0, 0, 1532536)
(1532438, 0, 0, 1532438)
(1531725, 0, 0, 1531725)
(1531373, 0, 0, 1531373)
(1531018, 0, 0, 1531018)
(1530378, 0, 0, 1530378)
(1530122, 0, 0, 1530122)
(1529938, 0, 0, 1529938)
(1529206, 0, 0, 1529206)
(1528521, 0, 0, 1528521)
(1527903, 0, 0, 1527903)
(1527792, 0, 0, 1527792)
(1527774, 0, 0, 1527774)
(1527666, 0, 0, 1527666)
(1527125, 0, 0, 1527125)
(1526696, 0, 0, 1526696)
(1526307, 0, 0, 1526307)
(1525908, 0, 0, 1525908)
(1525329, 0, 0, 1525329)
(1524778, 0, 0, 1524778)
(1524010, 0, 0, 1524010)
(1523774, 0, 0, 1523774)
(1523002, 0, 0, 1523002)
(1522360, 0, 0, 1522360)
(1520985, 0, 0, 1520985)
(1520566, 0, 0, 1520566)
(1519809, 0, 0, 1519809)
(1519497, 0, 0, 1519497)
(1518678, 0, 0, 1518678)
(1518292, 0, 0, 1518292)
(1517817, 0, 0, 1517817)
(1517592, 0, 0, 1517592)
(1516758, 0, 0, 1516758)
(1516463, 0, 0, 1516463)
(1516055, 0, 0, 1516055)
(1515904, 0, 0, 1515904)
(1515453, 0, 0, 1515453)
(1515052, 0, 0, 1515052)
(1514558, 0, 0, 1514558)
(1514241, 0, 0, 1514241)
(1513949, 0, 0, 1513949)
(1513359, 0, 0, 1513359)
(1513041, 0, 0, 1513041)
(1512889, 0, 0, 1512889)
(1512257, 0, 0, 1512257)
(1511635, 0, 0, 1511635)
(1511262, 0, 0, 1511262)
(1510812, 0, 0, 1510812)
(1510256, 0, 0, 1510256)
(1509820, 0, 0, 1509820)
(1508786, 0, 0, 1508786)
(1508494, 0, 0, 1508494)
(1508007, 0, 0, 1508007)
(1507774, 0, 0, 1507774)
(1507626, 0, 0, 1507626)
(1506822, 0, 0, 1506822)
(1506289, 0, 0, 1506289)
(1505685, 0, 0, 1505685)
(1505587, 0, 0, 1505587)
(1505232, 0, 0, 1505232)
(1505024, 0, 0, 1505024)
(1504284, 0, 0, 1504284)
(1503818, 0, 0, 1503818)
(1503751, 0, 0, 1503751)
(1503630, 0, 0, 1503630)
(1503146, 0, 0, 1503146)
(1503081, 0, 0, 1503081)
(1502329, 0, 0, 1502329)
(1501876, 0, 0, 1501876)
(1501646, 0, 0, 1501646)
(1501262, 0, 0, 1501262)
(1501055, 0, 0, 1501055)
(1500864, 0, 0, 1500864)
(1500663, 0, 0, 1500663)
(1500462, 0, 0, 1500462)
(1500262, 0, 0, 1500262)
(1499912, 0, 0, 1499912)
(1499659, 0, 0, 1499659)
(1499405, 0, 0, 1499405)
(1499025, 0, 0, 1499025)
(1498547, 0, 0, 1498547)
(1497856, 0, 0, 1497856)
(1497453, 0, 0, 1497453)
(1496817, 0, 0, 1496817)
(1496065, 0, 0, 1496065)
(1495249, 0, 0, 1495249)
(1495023, 0, 0, 1495023)
(1494161, 0, 0, 1494161)
(1493694, 0, 0, 1493694)
(1492995, 0, 0, 1492995)
(1492296, 0, 0, 1492296)
(1491976, 0, 0, 1491976)
(1491656, 0, 0, 1491656)
(1490941, 0, 0, 1490941)
(1490671, 0, 0, 1490671)
(1490513, 0, 0, 1490513)
(1490140, 0, 0, 1490140)
(1489360, 0, 0, 1489360)
(1489057, 0, 0, 1489057)
(1488842, 0, 0, 1488842)
(1488755, 0, 0, 1488755)
(1488587, 0, 0, 1488587)
(1487756, 0, 0, 1487756)
(1487000, 0, 0, 1487000)
(1486679, 0, 0, 1486679)
(1486358, 0, 0, 1486358)
(1485954, 0, 0, 1485954)
(1485617, 0, 0, 1485617)
(1485389, 0, 0, 1485389)
(1484675, 0, 0, 1484675)
(1484490, 0, 0, 1484490)
(1483620, 0, 0, 1483620)
(1483249, 0, 0, 1483249)
(1483015, 0, 0, 1483015)
(1482424, 0, 0, 1482424)
(1482101, 0, 0, 1482101)
(1481509, 0, 0, 1481509)
(1481106, 0, 0, 1481106)
(1480487, 0, 0, 1480487)
(1479784, 0, 0, 1479784)
(1479601, 0, 0, 1479601)
(1479044, 0, 0, 1479044)
(1478504, 0, 0, 1478504)
(1478348, 0, 0, 1478348)
(1477620, 0, 0, 1477620)
(1476722, 0, 0, 1476722)
(1475933, 0, 0, 1475933)
(1475643, 0, 0, 1475643)
(1475432, 0, 0, 1475432)
(1475008, 0, 0, 1475008)
(1474514, 0, 0, 1474514)
(1474185, 0, 0, 1474185)
(1473901, 0, 0, 1473901)
(1473617, 0, 0, 1473617)
(1473333, 0, 0, 1473333)
(1473049, 0, 0, 1473049)
(1472791, 0, 0, 1472791)
(1472633, 0, 0, 1472633)
(1472019, 0, 0, 1472019)
(1471644, 0, 0, 1471644)
(1471226, 0, 0, 1471226)
(1470487, 0, 0, 1470487)
(1469669, 0, 0, 1469669)
(1468791, 0, 0, 1468791)
(1468194, 0, 0, 1468194)
(1468048, 0, 0, 1468048)
(1467437, 0, 0, 1467437)
(1466878, 0, 0, 1466878)
(1466513, 0, 0, 1466513)
(1465750, 0, 0, 1465750)
(1465368, 0, 0, 1465368)
(1465149, 0, 0, 1465149)
(1464662, 0, 0, 1464662)
(1463969, 0, 0, 1463969)
(1463294, 0, 0, 1463294)
(1462675, 0, 0, 1462675)
(1462328, 0, 0, 1462328)
(1461500, 0, 0, 1461500)
(1460731, 0, 0, 1460731)
(1460624, 0, 0, 1460624)
(1459981, 0, 0, 1459981)
(1459281, 0, 0, 1459281)
(1458719, 0, 0, 1458719)
(1458439, 0, 0, 1458439)
(1457674, 0, 0, 1457674)
(1457348, 0, 0, 1457348)
(1456617, 0, 0, 1456617)
(1455944, 0, 0, 1455944)
(1455602, 0, 0, 1455602)
(1455184, 0, 0, 1455184)
(1454766, 0, 0, 1454766)
(1454348, 0, 0, 1454348)
(1453930, 0, 0, 1453930)
(1453643, 0, 0, 1453643)
(1453356, 0, 0, 1453356)
(1453069, 0, 0, 1453069)
(1452870, 0, 0, 1452870)
(1451726, 0, 0, 1451726)
(1451065, 0, 0, 1451065)
(1450262, 0, 0, 1450262)
(1449485, 0, 0, 1449485)
(1449236, 0, 0, 1449236)
(1448814, 0, 0, 1448814)
(1448521, 0, 0, 1448521)
(1448463, 0, 0, 1448463)
(1447904, 0, 0, 1447904)
(1447345, 0, 0, 1447345)
(1447119, 0, 0, 1447119)
(1446953, 0, 0, 1446953)
(1446181, 0, 0, 1446181)
(1446102, 0, 0, 1446102)
(1445744, 0, 0, 1445744)
(1445351, 0, 0, 1445351)
(1444527, 0, 0, 1444527)
(1443703, 0, 0, 1443703)
(1442879, 0, 0, 1442879)
(1441977, 0, 0, 1441977)
(1440953, 0, 0, 1440953)
(1440667, 0, 0, 1440667)
(1440129, 0, 0, 1440129)
(1439709, 0, 0, 1439709)
(1439592, 0, 0, 1439592)
(1439260, 0, 0, 1439260)
(1438634, 0, 0, 1438634)
(1437471, 0, 0, 1437471)
(1436707, 0, 0, 1436707)
(1436363, 0, 0, 1436363)
(1435469, 0, 0, 1435469)
(1434898, 0, 0, 1434898)
(1434593, 0, 0, 1434593)
(1434318, 0, 0, 1434318)
(1433824, 0, 0, 1433824)
(1432669, 0, 0, 1432669)
(1432527, 0, 0, 1432527)
(1431798, 0, 0, 1431798)
(1431351, 0, 0, 1431351)
(1431053, 0, 0, 1431053)
(1430426, 0, 0, 1430426)
(1430166, 0, 0, 1430166)
(1429789, 0, 0, 1429789)
(1429278, 0, 0, 1429278)
(1428581, 0, 0, 1428581)
(1427884, 0, 0, 1427884)
(1427342, 0, 0, 1427342)
(1427178, 0, 0, 1427178)
(1426843, 0, 0, 1426843)
(1426352, 0, 0, 1426352)
(1425860, 0, 0, 1425860)
(1425368, 0, 0, 1425368)
(1424671, 0, 0, 1424671)
(1424139, 0, 0, 1424139)
(1423612, 0, 0, 1423612)
(1422826, 0, 0, 1422826)
(1422403, 0, 0, 1422403)
(1421661, 0, 0, 1421661)
(1421465, 0, 0, 1421465)
(1420918, 0, 0, 1420918)
(1420186, 0, 0, 1420186)
(1419862, 0, 0, 1419862)
(1419135, 0, 0, 1419135)
(1418909, 0, 0, 1418909)
(1418611, 0, 0, 1418611)
(1418214, 0, 0, 1418214)
(1417631, 0, 0, 1417631)
(1417318, 0, 0, 1417318)
(1416692, 0, 0, 1416692)
(1416031, 0, 0, 1416031)
(1415345, 0, 0, 1415345)
(1415092, 0, 0, 1415092)
(1414442, 0, 0, 1414442)
(1414058, 0, 0, 1414058)
(1413702, 0, 0, 1413702)
(1413416, 0, 0, 1413416)
(1412862, 0, 0, 1412862)
(1412387, 0, 0, 1412387)
(1412083, 0, 0, 1412083)
(1411942, 0, 0, 1411942)
(1411658, 0, 0, 1411658)
(1411163, 0, 0, 1411163)
(1410336, 0, 0, 1410336)
(1409505, 0, 0, 1409505)
(1409101, 0, 0, 1409101)
(1408802, 0, 0, 1408802)
(1408503, 0, 0, 1408503)
(1407971, 0, 0, 1407971)
(1407572, 0, 0, 1407572)
(1407173, 0, 0, 1407173)
(1406939, 0, 0, 1406939)
(1406578, 0, 0, 1406578)
(1406261, 0, 0, 1406261)
(1405549, 0, 0, 1405549)
(1404702, 0, 0, 1404702)
(1403914, 0, 0, 1403914)
(1403085, 0, 0, 1403085)
(1402723, 0, 0, 1402723)
(1401705, 0, 0, 1401705)
(1401141, 0, 0, 1401141)
(1400808, 0, 0, 1400808)
(1400339, 0, 0, 1400339)
(1400033, 0, 0, 1400033)
(1399552, 0, 0, 1399552)
(1399451, 0, 0, 1399451)
(1399350, 0, 0, 1399350)
(1399249, 0, 0, 1399249)
(1399148, 0, 0, 1399148)
(1398957, 0, 0, 1398957)
(1398766, 0, 0, 1398766)
(1398575, 0, 0, 1398575)
(1397938, 0, 0, 1397938)
(1397532, 0, 0, 1397532)
(1396829, 0, 0, 1396829)
(1396473, 0, 0, 1396473)
(1395373, 0, 0, 1395373)
(1395047, 0, 0, 1395047)
(1394232, 0, 0, 1394232)
(1393832, 0, 0, 1393832)
(1393708, 0, 0, 1393708)
(1393419, 0, 0, 1393419)
(1392404, 0, 0, 1392404)
(1392279, 0, 0, 1392279)
(1391918, 0, 0, 1391918)
(1391592, 0, 0, 1391592)
(1391084, 0, 0, 1391084)
(1390295, 0, 0, 1390295)
(1390256, 0, 0, 1390256)
(1389866, 0, 0, 1389866)
(1389623, 0, 0, 1389623)
(1389059, 0, 0, 1389059)
(1388500, 0, 0, 1388500)
(1387879, 0, 0, 1387879)
(1387560, 0, 0, 1387560)
