(2073009, 0, 0, 2073009)
(2072029, 0, 0, 2072029)
(2071689, 0, 0, 2071689)
(2070186, 0, 0, 2070186)
(2069836, 0, 0, 2069836)
(2069580, 0, 0, 2069580)
(2068495, 0, 0, 2068495)
(2067618, 0, 0, 2067618)
(2067061, 0, 0, 2067061)
(2067061, 0, 0, 2067061)
(2069561, 0, 4039, 2073600)
(2069561, 0, 4039, 2073600)
(2065015, 0, 4039, 2069054)
(2065015, 0, 4039, 2069054)
(2064556, 0, 4039, 2068595)
(2062237, 0, 4039, 2066276)
(2060978, 0, 4039, 2065017)
(2059024, 0, 4039, 2063063)
(2058592, 0, 4039, 2062631)
(2057614, 0, 4039, 2061653)
(2063999, 0, 12047, 2076046)
(2063820, 0, 12119, 2075939)
(2062787, 0, 12047, 2074834)
(2062333, 0, 12047, 2074380)
(2060944, 0, 12047, 2072991)
(2056715, 0, 12047, 2068762)
(2056623, 0, 12047, 2068670)
(2055412, 0, 12047, 2067459)
(2055412, 0, 12047, 2067459)
(2053254, 0, 12047, 2065301)
(2059577, 0, 17285, 2076862)
(2059577, 0, 17285, 2076862)
(2058551, 0, 17285, 2075836)
(2054764, 2362, 17285, 2074411)
(2054304, 2362, 17285, 2073951)
(2053557, 2362, 17285, 2073204)
(2053541, 2362, 17285, 2073188)
(2053174, 2362, 17285, 2072821)
(2053026, 2362, 17285, 2072673)
(2051219, 2362, 17285, 2070866)
(2055105, 2362, 26454, 2083921)
(2054963, 2362, 25263, 2082588)
(2054963, 2362, 25263, 2082588)
(2054072, 2362, 25263, 2081697)
(2068758, 0, 0, 2068758)
(2068145, 0, 0, 2068145)
(2066756, 0, 0, 2066756)
(2066438, 0, 0, 2066438)
(2064416, 0, 0, 2064416)
(2062668, 0, 0, 2062668)
(2066219, 0, 9104, 2075323)
(2066219, 0, 9104, 2075323)
(2065219, 0, 9104, 2074323)
(2065088, 0, 9104, 2074192)
(2065088, 0, 9104, 2074192)
(2063802, 0, 9104, 2072906)
(2073009, 0, 0, 2073009)
