(1838805, 0, 0, 1838805)
(1834751, 0, 0, 1834751)
(1834751, 0, 0, 1834751)
(1832414, 0, 0, 1832414)
(1831623, 0, 0, 1831623)
(1831040, 0, 0, 1831040)
(1828275, 0, 0, 1828275)
(1828275, 0, 0, 1828275)
(1825568, 0, 0, 1825568)
(1825568, 0, 0, 1825568)
(1831883, 0, 6945, 1838828)
(1831883, 0, 6945, 1838828)
(1831715, 0, 6945, 1838660)
(1831715, 0, 6945, 1838660)
(1835207, 0, 0, 1835207)
(1832937, 0, 0, 1832937)
(1832937, 0, 0, 1832937)
(1832038, 0, 0, 1832038)
(1831409, 0, 0, 1831409)
(1831409, 0, 0, 1831409)
(1832982, 0, 5927, 1838909)
(1827917, 0, 5927, 1833844)
(1827917, 0, 5927, 1833844)
(1827578, 0, 5927, 1833505)
(1826610, 0, 5927, 1832537)
(1823254, 2719, 5927, 1831900)
(1821769, 2719, 5927, 1830415)
(1820660, 2719, 5927, 1829306)
(1819397, 2719, 5927, 1828043)
(1818130, 2719, 5927, 1826776)
(1825767, 5438, 19908, 1851113)
(1824910, 5438, 19908, 1850256)
(1823896, 5438, 19908, 1849242)
(1822490, 5438, 19908, 1847836)
(1822490, 5438, 19908, 1847836)
(1820703, 5438, 19908, 1846049)
(1819372, 5438, 19908, 1844718)
(1817803, 5438, 19908, 1843149)
(1817558, 5438, 19908, 1842904)
(1816621, 5438, 19908, 1841967)
(1822738, 5438, 25110, 1853286)
(1822738, 5438, 25110, 1853286)
(1822738, 5438, 25110, 1853286)
(1821363, 5438, 25110, 1851911)
(1837081, 0, 0, 1837081)
(1834753, 0, 0, 1834753)
(1834753, 0, 0, 1834753)
(1834192, 0, 0, 1834192)
(1832464, 0, 0, 1832464)
(1832462, 0, 0, 1832462)
(1835570, 0, 3778, 1839348)
(1834937, 0, 3780, 1838717)
(1832086, 1646, 3780, 1837512)
(1838805, 0, 0, 1838805)
