(2354778, 0, 0, 2354778)
(2354626, 0, 0, 2354626)
(2353805, 0, 0, 2353805)
(2353583, 0, 0, 2353583)
(2353518, 0, 0, 2353518)
(2353453, 0, 0, 2353453)
(2352855, 0, 0, 2352855)
(2352509, 0, 0, 2352509)
(2351809, 0, 0, 2351809)
(2351434, 0, 0, 2351434)
(2350607, 0, 0, 2350607)
(2350081, 0, 0, 2350081)
(2349946, 0, 0, 2349946)
(2349635, 0, 0, 2349635)
(2349324, 0, 0, 2349324)
(2349013, 0, 0, 2349013)
(2348935, 0, 0, 2348935)
(2348857, 0, 0, 2348857)
(2348497, 0, 0, 2348497)
(2348393, 0, 0, 2348393)
(2347880, 0, 0, 2347880)
(2347528, 0, 0, 2347528)
(2347100, 0, 0, 2347100)
(2346805, 0, 0, 2346805)
(2346142, 0, 0, 2346142)
(2345479, 0, 0, 2345479)
(2345100, 0, 0, 2345100)
(2345026, 0, 0, 2345026)
(2344564, 0, 0, 2344564)
(2344226, 0, 0, 2344226)
(2343888, 0, 0, 2343888)
(2343535, 0, 0, 2343535)
(2343053, 0, 0, 2343053)
(2342384, 0, 0, 2342384)
(2341969, 0, 0, 2341969)
(2341462, 0, 0, 2341462)
(2341316, 0, 0, 2341316)
(2341170, 0, 0, 2341170)
(2340831, 0, 0, 2340831)
(2340492, 0, 0, 2340492)
(2340321, 0, 0, 2340321)
(2340150, 0, 0, 2340150)
(2339725, 0, 0, 2339725)
(2339477, 0, 0, 2339477)
(2338831, 0, 0, 2338831)
(2338348, 0, 0, 2338348)
(2337865, 0, 0, 2337865)
(2337234, 0, 0, 2337234)
(2336785, 0, 0, 2336785)
(2336619, 0, 0, 2336619)
(2336453, 0, 0, 2336453)
(2336287, 0, 0, 2336287)
(2336121, 0, 0, 2336121)
(2336071, 0, 0, 2336071)
(2336021, 0, 0, 2336021)
(2335319, 0, 0, 2335319)
(2334617, 0, 0, 2334617)
(2333915, 0, 0, 2333915)
(2333914, 0, 0, 2333914)
(2333580, 0, 0, 2333580)
(2333359, 0, 0, 2333359)
(2333253, 0, 0, 2333253)
(2333147, 0, 0, 2333147)
(2333041, 0, 0, 2333041)
(2332935, 0, 0, 2332935)
(2332536, 0, 0, 2332536)
(2332471, 0, 0, 2332471)
(2332406, 0, 0, 2332406)
(2332341, 0, 0, 2332341)
(2331555, 0, 0, 2331555)
(2331413, 0, 0, 2331413)
(2330742, 0, 0, 2330742)
(2330481, 0, 0, 2330481)
(2330357, 0, 0, 2330357)
(2330156, 0, 0, 2330156)
(2329451, 0, 0, 2329451)
(2329354, 0, 0, 2329354)
(2329257, 0, 0, 2329257)
(2328817, 0, 0, 2328817)
(2328377, 0, 0, 2328377)
(2327937, 0, 0, 2327937)
(2327497, 0, 0, 2327497)
(2327057, 0, 0, 2327057)
(2326850, 0, 0, 2326850)
(2326731, 0, 0, 2326731)
(2326612, 0, 0, 2326612)
(2326174, 0, 0, 2326174)
(2326050, 0, 0, 2326050)
(2325926, 0, 0, 2325926)
(2325802, 0, 0, 2325802)
(2325678, 0, 0, 2325678)
(2325554, 0, 0, 2325554)
(2325358, 0, 0, 2325358)
(2324665, 0, 0, 2324665)
(2323972, 0, 0, 2323972)
(2323279, 0, 0, 2323279)
(2322586, 0, 0, 2322586)
(2322327, 0, 0, 2322327)
(2322068, 0, 0, 2322068)
(2321809, 0, 0, 2321809)
(2321550, 0, 0, 2321550)
(2321291, 0, 0, 2321291)
(2321032, 0, 0, 2321032)
(2320837, 0, 0, 2320837)
(2320519, 0, 0, 2320519)
(2319456, 0, 0, 2319456)
(2318393, 0, 0, 2318393)
(2317807, 0, 0, 2317807)
(2317221, 0, 0, 2317221)
(2316635, 0, 0, 2316635)
(2316049, 0, 0, 2316049)
(2315958, 0, 0, 2315958)
(2315867, 0, 0, 2315867)
(2315571, 0, 0, 2315571)
(2315277, 0, 0, 2315277)
(2314992, 0, 0, 2314992)
(2314922, 0, 0, 2314922)
(2314852, 0, 0, 2314852)
(2314550, 0, 0, 2314550)
(2314404, 0, 0, 2314404)
(2313917, 0, 0, 2313917)
(2313562, 0, 0, 2313562)
(2313314, 0, 0, 2313314)
(2312970, 0, 0, 2312970)
(2312654, 0, 0, 2312654)
(2312185, 0, 0, 2312185)
(2311529, 0, 0, 2311529)
(2311185, 0, 0, 2311185)
(2310505, 0, 0, 2310505)
(2309905, 0, 0, 2309905)
(2309780, 0, 0, 2309780)
(2309655, 0, 0, 2309655)
(2309530, 0, 0, 2309530)
(2309171, 0, 0, 2309171)
(2308775, 0, 0, 2308775)
(2308125, 0, 0, 2308125)
(2308024, 0, 0, 2308024)
(2307923, 0, 0, 2307923)
(2307738, 0, 0, 2307738)
(2307595, 0, 0, 2307595)
(2307452, 0, 0, 2307452)
(2307451, 0, 0, 2307451)
(2307450, 0, 0, 2307450)
(2307449, 0, 0, 2307449)
(2306986, 0, 0, 2306986)
(2306328, 0, 0, 2306328)
(2306171, 0, 0, 2306171)
(2306014, 0, 0, 2306014)
(2305857, 0, 0, 2305857)
(2305856, 0, 0, 2305856)
(2305855, 0, 0, 2305855)
(2305854, 0, 0, 2305854)
(2305853, 0, 0, 2305853)
(2305603, 0, 0, 2305603)
(2305160, 0, 0, 2305160)
(2304496, 0, 0, 2304496)
(2303740, 0, 0, 2303740)
(2303058, 0, 0, 2303058)
(2302529, 0, 0, 2302529)
(2301992, 0, 0, 2301992)
(2301083, 0, 0, 2301083)
(2300738, 0, 0, 2300738)
(2300410, 0, 0, 2300410)
(2299929, 0, 0, 2299929)
(2299787, 0, 0, 2299787)
(2299319, 0, 0, 2299319)
(2298849, 0, 0, 2298849)
(2298025, 0, 0, 2298025)
(2297436, 0, 0, 2297436)
(2297056, 0, 0, 2297056)
(2296453, 0, 0, 2296453)
(2295473, 0, 0, 2295473)
(2295158, 0, 0, 2295158)
(2294990, 0, 0, 2294990)
(2294299, 0, 0, 2294299)
(2293892, 0, 0, 2293892)
(2293750, 0, 0, 2293750)
(2293608, 0, 0, 2293608)
(2293466, 0, 0, 2293466)
(2292852, 0, 0, 2292852)
(2292307, 0, 0, 2292307)
(2291757, 0, 0, 2291757)
(2290925, 0, 0, 2290925)
(2290611, 0, 0, 2290611)
(2290262, 0, 0, 2290262)
(2289673, 0, 0, 2289673)
(2289672, 0, 0, 2289672)
(2289319, 0, 0, 2289319)
(2288970, 0, 0, 2288970)
(2288237, 0, 0, 2288237)
(2287741, 0, 0, 2287741)
(2287070, 0, 0, 2287070)
(2286688, 0, 0, 2286688)
(2285899, 0, 0, 2285899)
(2285172, 0, 0, 2285172)
(2284581, 0, 0, 2284581)
(2284548, 0, 0, 2284548)
(2284515, 0, 0, 2284515)
(2284482, 0, 0, 2284482)
(2284449, 0, 0, 2284449)
(2284416, 0, 0, 2284416)
(2284383, 0, 0, 2284383)
(2284350, 0, 0, 2284350)
(2284317, 0, 0, 2284317)
(2284284, 0, 0, 2284284)
(2283954, 0, 0, 2283954)
(2283494, 0, 0, 2283494)
(2283034, 0, 0, 2283034)
(2282836, 0, 0, 2282836)
(2282521, 0, 0, 2282521)
(2282207, 0, 0, 2282207)
(2281893, 0, 0, 2281893)
(2281762, 0, 0, 2281762)
(2281530, 0, 0, 2281530)
(2281157, 0, 0, 2281157)
(2280788, 0, 0, 2280788)
(2280506, 0, 0, 2280506)
(2280268, 0, 0, 2280268)
(2279934, 0, 0, 2279934)
(2279600, 0, 0, 2279600)
(2279459, 0, 0, 2279459)
(2279318, 0, 0, 2279318)
(2278949, 0, 0, 2278949)
(2278778, 0, 0, 2278778)
(2278249, 0, 0, 2278249)
(2277491, 0, 0, 2277491)
(2277409, 0, 0, 2277409)
(2277327, 0, 0, 2277327)
(2277245, 0, 0, 2277245)
(2276983, 0, 0, 2276983)
(2276905, 0, 0, 2276905)
(2276827, 0, 0, 2276827)
(2276749, 0, 0, 2276749)
(2276671, 0, 0, 2276671)
(2276508, 0, 0, 2276508)
(2276154, 0, 0, 2276154)
(2275763, 0, 0, 2275763)
(2275384, 0, 0, 2275384)
(2275005, 0, 0, 2275005)
(2274626, 0, 0, 2274626)
(2273957, 0, 0, 2273957)
(2273662, 0, 0, 2273662)
(2273221, 0, 0, 2273221)
(2272757, 0, 0, 2272757)
(2272415, 0, 0, 2272415)
(2272385, 0, 0, 2272385)
(2271679, 0, 0, 2271679)
(2271483, 0, 0, 2271483)
(2271085, 0, 0, 2271085)
(2270567, 0, 0, 2270567)
(2270412, 0, 0, 2270412)
(2270143, 0, 0, 2270143)
(2269673, 0, 0, 2269673)
(2269662, 0, 0, 2269662)
(2269576, 0, 0, 2269576)
(2269490, 0, 0, 2269490)
(2268915, 0, 0, 2268915)
(2268565, 0, 0, 2268565)
(2267803, 0, 0, 2267803)
(2267536, 0, 0, 2267536)
(2266935, 0, 0, 2266935)
(2266795, 0, 0, 2266795)
(2266646, 0, 0, 2266646)
(2265829, 0, 0, 2265829)
(2265467, 0, 0, 2265467)
(2265199, 0, 0, 2265199)
(2264367, 0, 0, 2264367)
(2263831, 0, 0, 2263831)
(2263249, 0, 0, 2263249)
(2262796, 0, 0, 2262796)
(2262612, 0, 0, 2262612)
(2262352, 0, 0, 2262352)
(2262092, 0, 0, 2262092)
(2262050, 0, 0, 2262050)
(2261689, 0, 0, 2261689)
(2261352, 0, 0, 2261352)
(2261015, 0, 0, 2261015)
(2260912, 0, 0, 2260912)
(2260792, 0, 0, 2260792)
(2260549, 0, 0, 2260549)
(2260041, 0, 0, 2260041)
(2259331, 0, 0, 2259331)
(2259330, 0, 0, 2259330)
(2259204, 0, 0, 2259204)
(2259078, 0, 0, 2259078)
(2258676, 0, 0, 2258676)
(2258075, 0, 0, 2258075)
(2257336, 0, 0, 2257336)
(2257008, 0, 0, 2257008)
(2256677, 0, 0, 2256677)
(2256486, 0, 0, 2256486)
(2255902, 0, 0, 2255902)
(2255720, 0, 0, 2255720)
(2255538, 0, 0, 2255538)
(2255362, 0, 0, 2255362)
(2255186, 0, 0, 2255186)
(2254716, 0, 0, 2254716)
(2254395, 0, 0, 2254395)
(2253878, 0, 0, 2253878)
(2253343, 0, 0, 2253343)
(2253208, 0, 0, 2253208)
(2253073, 0, 0, 2253073)
(2252140, 0, 0, 2252140)
(2251365, 0, 0, 2251365)
(2250815, 0, 0, 2250815)
(2250566, 0, 0, 2250566)
(2250222, 0, 0, 2250222)
(2249804, 0, 0, 2249804)
(2249446, 0, 0, 2249446)
(2249210, 0, 0, 2249210)
(2248964, 0, 0, 2248964)
(2248348, 0, 0, 2248348)
(2247878, 0, 0, 2247878)
(2247408, 0, 0, 2247408)
(2246607, 0, 0, 2246607)
(2246293, 0, 0, 2246293)
(2246139, 0, 0, 2246139)
(2245862, 0, 0, 2245862)
(2245755, 0, 0, 2245755)
(2245305, 0, 0, 2245305)
(2245116, 0, 0, 2245116)
(2245058, 0, 0, 2245058)
(2244761, 0, 0, 2244761)
(2244073, 0, 0, 2244073)
(2243826, 0, 0, 2243826)
(2243746, 0, 0, 2243746)
(2243666, 0, 0, 2243666)
(2243586, 0, 0, 2243586)
(2243153, 0, 0, 2243153)
(2242806, 0, 0, 2242806)
(2242151, 0, 0, 2242151)
(2241558, 0, 0, 2241558)
(2240803, 0, 0, 2240803)
(2240552, 0, 0, 2240552)
(2240476, 0, 0, 2240476)
(2240237, 0, 0, 2240237)
(2239998, 0, 0, 2239998)
(2239689, 0, 0, 2239689)
(2239380, 0, 0, 2239380)
(2239059, 0, 0, 2239059)
(2238911, 0, 0, 2238911)
(2238436, 0, 0, 2238436)
(2237961, 0, 0, 2237961)
(2237668, 0, 0, 2237668)
(2237338, 0, 0, 2237338)
(2237079, 0, 0, 2237079)
(2237001, 0, 0, 2237001)
(2236289, 0, 0, 2236289)
(2235838, 0, 0, 2235838)
(2235609, 0, 0, 2235609)
(2235266, 0, 0, 2235266)
(2234923, 0, 0, 2234923)
(2234623, 0, 0, 2234623)
(2234299, 0, 0, 2234299)
(2234108, 0, 0, 2234108)
(2233583, 0, 0, 2233583)
(2233058, 0, 0, 2233058)
(2232406, 0, 0, 2232406)
(2232047, 0, 0, 2232047)
(2231635, 0, 0, 2231635)
(2230764, 0, 0, 2230764)
(2230374, 0, 0, 2230374)
(2229984, 0, 0, 2229984)
(2229594, 0, 0, 2229594)
(2229204, 0, 0, 2229204)
(2228666, 0, 0, 2228666)
(2228290, 0, 0, 2228290)
(2228115, 0, 0, 2228115)
(2227569, 0, 0, 2227569)
(2227321, 0, 0, 2227321)
(2227073, 0, 0, 2227073)
(2227044, 0, 0, 2227044)
(2227015, 0, 0, 2227015)
(2226986, 0, 0, 2226986)
(2226780, 0, 0, 2226780)
(2226677, 0, 0, 2226677)
(2226574, 0, 0, 2226574)
(2226471, 0, 0, 2226471)
(2226124, 0, 0, 2226124)
(2225543, 0, 0, 2225543)
(2225163, 0, 0, 2225163)
(2225104, 0, 0, 2225104)
(2224936, 0, 0, 2224936)
(2224209, 0, 0, 2224209)
(2223913, 0, 0, 2223913)
(2223593, 0, 0, 2223593)
(2223235, 0, 0, 2223235)
(2222798, 0, 0, 2222798)
(2222344, 0, 0, 2222344)
(2222238, 0, 0, 2222238)
(2221658, 0, 0, 2221658)
(2221481, 0, 0, 2221481)
(2221255, 0, 0, 2221255)
(2221096, 0, 0, 2221096)
(2221030, 0, 0, 2221030)
(2220689, 0, 0, 2220689)
(2220237, 0, 0, 2220237)
(2219785, 0, 0, 2219785)
(2219622, 0, 0, 2219622)
(2219459, 0, 0, 2219459)
(2219296, 0, 0, 2219296)
(2218905, 0, 0, 2218905)
(2218352, 0, 0, 2218352)
(2218093, 0, 0, 2218093)
(2217938, 0, 0, 2217938)
(2217305, 0, 0, 2217305)
(2217119, 0, 0, 2217119)
(2216728, 0, 0, 2216728)
(2216310, 0, 0, 2216310)
(2215583, 0, 0, 2215583)
(2215305, 0, 0, 2215305)
(2215018, 0, 0, 2215018)
(2214863, 0, 0, 2214863)
(2214668, 0, 0, 2214668)
(2214512, 0, 0, 2214512)
(2214356, 0, 0, 2214356)
(2214200, 0, 0, 2214200)
(2214090, 0, 0, 2214090)
(2213995, 0, 0, 2213995)
(2213444, 0, 0, 2213444)
(2213154, 0, 0, 2213154)
(2212923, 0, 0, 2212923)
(2212428, 0, 0, 2212428)
(2212383, 0, 0, 2212383)
(2212132, 0, 0, 2212132)
(2211656, 0, 0, 2211656)
(2211180, 0, 0, 2211180)
(2210704, 0, 0, 2210704)
(2210335, 0, 0, 2210335)
(2209966, 0, 0, 2209966)
(2209597, 0, 0, 2209597)
(2209399, 0, 0, 2209399)
(2208684, 0, 0, 2208684)
(2208594, 0, 0, 2208594)
(2207885, 0, 0, 2207885)
(2207330, 0, 0, 2207330)
(2207093, 0, 0, 2207093)
(2206925, 0, 0, 2206925)
(2206810, 0, 0, 2206810)
(2205879, 0, 0, 2205879)
(2205651, 0, 0, 2205651)
(2204590, 0, 0, 2204590)
(2204362, 0, 0, 2204362)
(2204167, 0, 0, 2204167)
(2204166, 0, 0, 2204166)
(2204165, 0, 0, 2204165)
(2203727, 0, 0, 2203727)
(2203503, 0, 0, 2203503)
(2203279, 0, 0, 2203279)
(2203056, 0, 0, 2203056)
(2202833, 0, 0, 2202833)
(2202394, 0, 0, 2202394)
(2202237, 0, 0, 2202237)
(2202068, 0, 0, 2202068)
(2201899, 0, 0, 2201899)
(2201730, 0, 0, 2201730)
(2201561, 0, 0, 2201561)
(2201017, 0, 0, 2201017)
(2200770, 0, 0, 2200770)
(2200523, 0, 0, 2200523)
(2199966, 0, 0, 2199966)
(2199329, 0, 0, 2199329)
(2198692, 0, 0, 2198692)
(2198413, 0, 0, 2198413)
(2198372, 0, 0, 2198372)
(2198331, 0, 0, 2198331)
(2198236, 0, 0, 2198236)
(2198141, 0, 0, 2198141)
(2198046, 0, 0, 2198046)
(2197870, 0, 0, 2197870)
(2197267, 0, 0, 2197267)
(2196497, 0, 0, 2196497)
(2196086, 0, 0, 2196086)
(2195462, 0, 0, 2195462)
(2194735, 0, 0, 2194735)
(2194342, 0, 0, 2194342)
(2194226, 0, 0, 2194226)
(2193854, 0, 0, 2193854)
(2193467, 0, 0, 2193467)
(2193080, 0, 0, 2193080)
(2192693, 0, 0, 2192693)
(2192571, 0, 0, 2192571)
(2192415, 0, 0, 2192415)
(2192271, 0, 0, 2192271)
(2192179, 0, 0, 2192179)
(2192096, 0, 0, 2192096)
(2192013, 0, 0, 2192013)
(2191879, 0, 0, 2191879)
(2191609, 0, 0, 2191609)
(2191339, 0, 0, 2191339)
(2191077, 0, 0, 2191077)
(2190918, 0, 0, 2190918)
(2190774, 0, 0, 2190774)
(2190519, 0, 0, 2190519)
(2190195, 0, 0, 2190195)
(2189496, 0, 0, 2189496)
(2188996, 0, 0, 2188996)
(2188681, 0, 0, 2188681)
(2188560, 0, 0, 2188560)
(2188336, 0, 0, 2188336)
(2188112, 0, 0, 2188112)
(2187888, 0, 0, 2187888)
(2187591, 0, 0, 2187591)
(2187314, 0, 0, 2187314)
(2187037, 0, 0, 2187037)
(2186733, 0, 0, 2186733)
(2186239, 0, 0, 2186239)
(2185855, 0, 0, 2185855)
(2185471, 0, 0, 2185471)
(2184949, 0, 0, 2184949)
(2184427, 0, 0, 2184427)
(2184122, 0, 0, 2184122)
(2183817, 0, 0, 2183817)
(2183673, 0, 0, 2183673)
(2183559, 0, 0, 2183559)
(2183445, 0, 0, 2183445)
(2183111, 0, 0, 2183111)
(2182777, 0, 0, 2182777)
(2182443, 0, 0, 2182443)
(2182109, 0, 0, 2182109)
(2181677, 0, 0, 2181677)
(2181446, 0, 0, 2181446)
(2181388, 0, 0, 2181388)
(2180310, 0, 0, 2180310)
(2179957, 0, 0, 2179957)
(2179460, 0, 0, 2179460)
(2178738, 0, 0, 2178738)
(2178496, 0, 0, 2178496)
(2178254, 0, 0, 2178254)
(2177397, 0, 0, 2177397)
(2177339, 0, 0, 2177339)
(2176890, 0, 0, 2176890)
(2176667, 0, 0, 2176667)
(2176556, 0, 0, 2176556)
(2176230, 0, 0, 2176230)
(2175528, 0, 0, 2175528)
(2175478, 0, 0, 2175478)
(2175366, 0, 0, 2175366)
(2175254, 0, 0, 2175254)
(2175142, 0, 0, 2175142)
(2175030, 0, 0, 2175030)
(2174806, 0, 0, 2174806)
(2174574, 0, 0, 2174574)
(2174424, 0, 0, 2174424)
(2174274, 0, 0, 2174274)
(2173862, 0, 0, 2173862)
(2173450, 0, 0, 2173450)
(2173038, 0, 0, 2173038)
(2172601, 0, 0, 2172601)
(2172088, 0, 0, 2172088)
(2172065, 0, 0, 2172065)
(2171909, 0, 0, 2171909)
(2171391, 0, 0, 2171391)
(2171279, 0, 0, 2171279)
(2170722, 0, 0, 2170722)
(2170109, 0, 0, 2170109)
(2169485, 0, 0, 2169485)
(2169301, 0, 0, 2169301)
(2168493, 0, 0, 2168493)
(2168194, 0, 0, 2168194)
(2167808, 0, 0, 2167808)
(2167720, 0, 0, 2167720)
(2166971, 0, 0, 2166971)
(2166958, 0, 0, 2166958)
(2166682, 0, 0, 2166682)
(2166389, 0, 0, 2166389)
(2166068, 0, 0, 2166068)
(2165779, 0, 0, 2165779)
(2165112, 0, 0, 2165112)
(2164737, 0, 0, 2164737)
(2164431, 0, 0, 2164431)
(2164346, 0, 0, 2164346)
(2163950, 0, 0, 2163950)
(2163464, 0, 0, 2163464)
(2163365, 0, 0, 2163365)
(2163265, 0, 0, 2163265)
(2163165, 0, 0, 2163165)
(2163062, 0, 0, 2163062)
(2162959, 0, 0, 2162959)
(2162822, 0, 0, 2162822)
(2162336, 0, 0, 2162336)
(2162184, 0, 0, 2162184)
(2162115, 0, 0, 2162115)
(2162046, 0, 0, 2162046)
(2161977, 0, 0, 2161977)
(2161520, 0, 0, 2161520)
(2160997, 0, 0, 2160997)
(2160818, 0, 0, 2160818)
(2160416, 0, 0, 2160416)
(2160346, 0, 0, 2160346)
(2159944, 0, 0, 2159944)
(2159401, 0, 0, 2159401)
(2158746, 0, 0, 2158746)
(2158507, 0, 0, 2158507)
(2157859, 0, 0, 2157859)
(2156914, 0, 0, 2156914)
(2156582, 0, 0, 2156582)
(2156334, 0, 0, 2156334)
(2155912, 0, 0, 2155912)
(2155490, 0, 0, 2155490)
(2155241, 0, 0, 2155241)
(2154984, 0, 0, 2154984)
(2154728, 0, 0, 2154728)
(2154472, 0, 0, 2154472)
(2154061, 0, 0, 2154061)
(2153740, 0, 0, 2153740)
(2153419, 0, 0, 2153419)
(2153098, 0, 0, 2153098)
(2152294, 0, 0, 2152294)
(2151731, 0, 0, 2151731)
(2151730, 0, 0, 2151730)
(2151288, 0, 0, 2151288)
(2151058, 0, 0, 2151058)
(2150767, 0, 0, 2150767)
(2150452, 0, 0, 2150452)
(2150451, 0, 0, 2150451)
(2150393, 0, 0, 2150393)
(2149981, 0, 0, 2149981)
(2149043, 0, 0, 2149043)
(2148105, 0, 0, 2148105)
(2147731, 0, 0, 2147731)
(2147357, 0, 0, 2147357)
(2147168, 0, 0, 2147168)
(2147042, 0, 0, 2147042)
(2146656, 0, 0, 2146656)
(2146410, 0, 0, 2146410)
(2146310, 0, 0, 2146310)
(2145922, 0, 0, 2145922)
(2145921, 0, 0, 2145921)
(2145920, 0, 0, 2145920)
(2145696, 0, 0, 2145696)
(2145411, 0, 0, 2145411)
(2144734, 0, 0, 2144734)
(2144386, 0, 0, 2144386)
(2144125, 0, 0, 2144125)
(2144090, 0, 0, 2144090)
(2144005, 0, 0, 2144005)
(2143846, 0, 0, 2143846)
(2143687, 0, 0, 2143687)
(2143071, 0, 0, 2143071)
(2142719, 0, 0, 2142719)
(2142496, 0, 0, 2142496)
(2142112, 0, 0, 2142112)
(2141728, 0, 0, 2141728)
(2141344, 0, 0, 2141344)
(2140960, 0, 0, 2140960)
(2140752, 0, 0, 2140752)
(2140305, 0, 0, 2140305)
(2140232, 0, 0, 2140232)
(2140060, 0, 0, 2140060)
(2139890, 0, 0, 2139890)
(2139613, 0, 0, 2139613)
(2139322, 0, 0, 2139322)
(2139031, 0, 0, 2139031)
(2138899, 0, 0, 2138899)
(2138496, 0, 0, 2138496)
(2138196, 0, 0, 2138196)
(2137800, 0, 0, 2137800)
(2137584, 0, 0, 2137584)
(2137361, 0, 0, 2137361)
(2136789, 0, 0, 2136789)
(2136434, 0, 0, 2136434)
