(2354778, 0, 0, 2354778)
(2354778, 0, 0, 2354778)
(2353731, 0, 0, 2353731)
(2352609, 0, 0, 2352609)
(2352367, 0, 0, 2352367)
(2350802, 0, 0, 2350802)
(2350743, 0, 0, 2350743)
(2349222, 0, 0, 2349222)
(2348079, 0, 0, 2348079)
(2346231, 0, 0, 2346231)
(2353684, 0, 276, 2353960)
(2353574, 0, 276, 2353850)
(2353155, 0, 276, 2353431)
(2352458, 0, 276, 2352734)
(2352458, 0, 276, 2352734)
(2352218, 0, 276, 2352494)
(2352218, 0, 276, 2352494)
(2350619, 0, 276, 2350895)
(2349310, 0, 276, 2349586)
(2347679, 0, 276, 2347955)
(2351542, 0, 5402, 2356944)
(2351208, 0, 5402, 2356610)
(2350191, 0, 5402, 2355593)
(2350191, 0, 5402, 2355593)
(2349447, 0, 5402, 2354849)
(2348193, 0, 5402, 2353595)
(2346328, 0, 5402, 2351730)
(2346328, 0, 5402, 2351730)
(2346107, 0, 5402, 2351509)
(2345796, 0, 5402, 2351198)
(2349307, 0, 9948, 2359255)
(2348281, 0, 9948, 2358229)
(2346400, 0, 9948, 2356348)
(2345875, 0, 9948, 2355823)
(2343694, 1057, 9948, 2354699)
(2344426, 0, 9948, 2354374)
(2344426, 0, 9948, 2354374)
(2343514, 0, 9948, 2353462)
(2343514, 0, 9948, 2353462)
(2342479, 0, 9948, 2352427)
(2345788, 0, 16915, 2362703)
(2345319, 0, 16915, 2362234)
(2344056, 0, 16915, 2360971)
(2344056, 0, 16915, 2360971)
(2354778, 0, 0, 2354778)
