(3628753, 0, 0, 3628753)
(3628626, 0, 0, 3628626)
(3628448, 0, 0, 3628448)
(3628270, 0, 0, 3628270)
(3628092, 0, 0, 3628092)
(3627731, 0, 0, 3627731)
(3627611, 0, 0, 3627611)
(3627491, 0, 0, 3627491)
(3627091, 0, 0, 3627091)
(3626691, 0, 0, 3626691)
(3626099, 0, 0, 3626099)
(3625628, 0, 0, 3625628)
(3625249, 0, 0, 3625249)
(3625212, 0, 0, 3625212)
(3625051, 0, 0, 3625051)
(3624804, 0, 0, 3624804)
(3624331, 0, 0, 3624331)
(3623858, 0, 0, 3623858)
(3623486, 0, 0, 3623486)
(3623290, 0, 0, 3623290)
(3622608, 0, 0, 3622608)
(3622291, 0, 0, 3622291)
(3621666, 0, 0, 3621666)
(3621305, 0, 0, 3621305)
(3621049, 0, 0, 3621049)
(3620255, 0, 0, 3620255)
(3619509, 0, 0, 3619509)
(3618929, 0, 0, 3618929)
(3618501, 0, 0, 3618501)
(3618357, 0, 0, 3618357)
(3618138, 0, 0, 3618138)
(3617460, 0, 0, 3617460)
(3617150, 0, 0, 3617150)
(3617023, 0, 0, 3617023)
(3616896, 0, 0, 3616896)
(3616511, 0, 0, 3616511)
(3616127, 0, 0, 3616127)
(3615986, 0, 0, 3615986)
(3615845, 0, 0, 3615845)
(3615704, 0, 0, 3615704)
(3615499, 0, 0, 3615499)
(3615022, 0, 0, 3615022)
(3614879, 0, 0, 3614879)
(3613992, 0, 0, 3613992)
(3613799, 0, 0, 3613799)
(3613278, 0, 0, 3613278)
(3612897, 0, 0, 3612897)
(3612850, 0, 0, 3612850)
(3612672, 0, 0, 3612672)
(3612266, 0, 0, 3612266)
(3612004, 0, 0, 3612004)
(3611528, 0, 0, 3611528)
(3611052, 0, 0, 3611052)
(3610818, 0, 0, 3610818)
(3610371, 0, 0, 3610371)
(3609860, 0, 0, 3609860)
(3609620, 0, 0, 3609620)
(3609428, 0, 0, 3609428)
(3609204, 0, 0, 3609204)
(3608980, 0, 0, 3608980)
(3608756, 0, 0, 3608756)
(3608532, 0, 0, 3608532)
(3608308, 0, 0, 3608308)
(3608084, 0, 0, 3608084)
(3607943, 0, 0, 3607943)
(3607693, 0, 0, 3607693)
(3607337, 0, 0, 3607337)
(3607106, 0, 0, 3607106)
(3606654, 0, 0, 3606654)
(3606588, 0, 0, 3606588)
(3606379, 0, 0, 3606379)
(3606058, 0, 0, 3606058)
(3605737, 0, 0, 3605737)
(3605155, 0, 0, 3605155)
(3604573, 0, 0, 3604573)
(3604171, 0, 0, 3604171)
(3603769, 0, 0, 3603769)
(3603243, 0, 0, 3603243)
(3602775, 0, 0, 3602775)
(3602307, 0, 0, 3602307)
(3601972, 0, 0, 3601972)
(3601533, 0, 0, 3601533)
(3601137, 0, 0, 3601137)
(3600551, 0, 0, 3600551)
(3599965, 0, 0, 3599965)
(3599056, 0, 0, 3599056)
(3598147, 0, 0, 3598147)
(3597474, 0, 0, 3597474)
(3597210, 0, 0, 3597210)
(3597049, 0, 0, 3597049)
(3596628, 0, 0, 3596628)
(3596219, 0, 0, 3596219)
(3595921, 0, 0, 3595921)
(3595623, 0, 0, 3595623)
(3595284, 0, 0, 3595284)
(3594960, 0, 0, 3594960)
(3594603, 0, 0, 3594603)
(3594472, 0, 0, 3594472)
(3594341, 0, 0, 3594341)
(3594210, 0, 0, 3594210)
(3593942, 0, 0, 3593942)
(3593310, 0, 0, 3593310)
(3593289, 0, 0, 3593289)
(3593074, 0, 0, 3593074)
(3592505, 0, 0, 3592505)
(3591936, 0, 0, 3591936)
(3591683, 0, 0, 3591683)
(3591456, 0, 0, 3591456)
(3591307, 0, 0, 3591307)
(3590824, 0, 0, 3590824)
(3590687, 0, 0, 3590687)
(3590370, 0, 0, 3590370)
(3590053, 0, 0, 3590053)
(3589323, 0, 0, 3589323)
(3589068, 0, 0, 3589068)
(3588886, 0, 0, 3588886)
(3588726, 0, 0, 3588726)
(3588631, 0, 0, 3588631)
(3588070, 0, 0, 3588070)
(3587741, 0, 0, 3587741)
(3587437, 0, 0, 3587437)
(3586813, 0, 0, 3586813)
(3586658, 0, 0, 3586658)
(3586590, 0, 0, 3586590)
(3586522, 0, 0, 3586522)
(3586327, 0, 0, 3586327)
(3586132, 0, 0, 3586132)
(3585937, 0, 0, 3585937)
(3585742, 0, 0, 3585742)
(3585547, 0, 0, 3585547)
(3584811, 0, 0, 3584811)
(3584340, 0, 0, 3584340)
(3583919, 0, 0, 3583919)
(3583890, 0, 0, 3583890)
(3583485, 0, 0, 3583485)
(3583001, 0, 0, 3583001)
(3582677, 0, 0, 3582677)
(3582464, 0, 0, 3582464)
(3582356, 0, 0, 3582356)
(3582248, 0, 0, 3582248)
(3582140, 0, 0, 3582140)
(3582032, 0, 0, 3582032)
(3581673, 0, 0, 3581673)
(3580906, 0, 0, 3580906)
(3580691, 0, 0, 3580691)
(3580610, 0, 0, 3580610)
(3579942, 0, 0, 3579942)
(3579830, 0, 0, 3579830)
(3579733, 0, 0, 3579733)
(3579636, 0, 0, 3579636)
(3579338, 0, 0, 3579338)
(3579040, 0, 0, 3579040)
(3578631, 0, 0, 3578631)
(3578182, 0, 0, 3578182)
(3577431, 0, 0, 3577431)
(3577180, 0, 0, 3577180)
(3576663, 0, 0, 3576663)
(3576175, 0, 0, 3576175)
(3575896, 0, 0, 3575896)
(3575442, 0, 0, 3575442)
(3574904, 0, 0, 3574904)
(3574595, 0, 0, 3574595)
(3574128, 0, 0, 3574128)
(3573661, 0, 0, 3573661)
(3573436, 0, 0, 3573436)
(3573326, 0, 0, 3573326)
(3573207, 0, 0, 3573207)
(3573088, 0, 0, 3573088)
(3572880, 0, 0, 3572880)
(3572556, 0, 0, 3572556)
(3572290, 0, 0, 3572290)
(3571759, 0, 0, 3571759)
(3571406, 0, 0, 3571406)
(3570976, 0, 0, 3570976)
(3570546, 0, 0, 3570546)
(3569764, 0, 0, 3569764)
(3569616, 0, 0, 3569616)
(3569111, 0, 0, 3569111)
(3568685, 0, 0, 3568685)
(3567877, 0, 0, 3567877)
(3567527, 0, 0, 3567527)
(3567177, 0, 0, 3567177)
(3566696, 0, 0, 3566696)
(3566215, 0, 0, 3566215)
(3565721, 0, 0, 3565721)
(3565150, 0, 0, 3565150)
(3564914, 0, 0, 3564914)
(3564840, 0, 0, 3564840)
(3564729, 0, 0, 3564729)
(3564309, 0, 0, 3564309)
(3563795, 0, 0, 3563795)
(3563281, 0, 0, 3563281)
(3562950, 0, 0, 3562950)
(3562619, 0, 0, 3562619)
(3562444, 0, 0, 3562444)
(3562119, 0, 0, 3562119)
(3561421, 0, 0, 3561421)
(3561230, 0, 0, 3561230)
(3560904, 0, 0, 3560904)
(3560218, 0, 0, 3560218)
(3559354, 0, 0, 3559354)
(3559317, 0, 0, 3559317)
(3559280, 0, 0, 3559280)
(3559162, 0, 0, 3559162)
(3558837, 0, 0, 3558837)
(3558512, 0, 0, 3558512)
(3558351, 0, 0, 3558351)
(3557678, 0, 0, 3557678)
(3557289, 0, 0, 3557289)
(3556900, 0, 0, 3556900)
(3556682, 0, 0, 3556682)
(3556464, 0, 0, 3556464)
(3556246, 0, 0, 3556246)
(3556028, 0, 0, 3556028)
(3555619, 0, 0, 3555619)
(3555391, 0, 0, 3555391)
(3554672, 0, 0, 3554672)
(3554433, 0, 0, 3554433)
(3553635, 0, 0, 3553635)
(3553609, 0, 0, 3553609)
(3553583, 0, 0, 3553583)
(3553557, 0, 0, 3553557)
(3553470, 0, 0, 3553470)
(3553155, 0, 0, 3553155)
(3552587, 0, 0, 3552587)
(3552364, 0, 0, 3552364)
(3552152, 0, 0, 3552152)
(3552068, 0, 0, 3552068)
(3552033, 0, 0, 3552033)
(3551998, 0, 0, 3551998)
(3551930, 0, 0, 3551930)
(3551862, 0, 0, 3551862)
(3551605, 0, 0, 3551605)
(3551001, 0, 0, 3551001)
(3550197, 0, 0, 3550197)
(3549504, 0, 0, 3549504)
(3549045, 0, 0, 3549045)
(3548629, 0, 0, 3548629)
(3548309, 0, 0, 3548309)
(3548117, 0, 0, 3548117)
(3547961, 0, 0, 3547961)
(3547588, 0, 0, 3547588)
(3546970, 0, 0, 3546970)
(3546757, 0, 0, 3546757)
(3546743, 0, 0, 3546743)
(3546729, 0, 0, 3546729)
(3546276, 0, 0, 3546276)
(3545791, 0, 0, 3545791)
(3545669, 0, 0, 3545669)
(3545614, 0, 0, 3545614)
(3545185, 0, 0, 3545185)
(3544548, 0, 0, 3544548)
(3544040, 0, 0, 3544040)
(3543658, 0, 0, 3543658)
(3543490, 0, 0, 3543490)
(3542738, 0, 0, 3542738)
(3541949, 0, 0, 3541949)
(3541489, 0, 0, 3541489)
(3541220, 0, 0, 3541220)
(3540819, 0, 0, 3540819)
(3540563, 0, 0, 3540563)
(3540362, 0, 0, 3540362)
(3539999, 0, 0, 3539999)
(3539699, 0, 0, 3539699)
(3539519, 0, 0, 3539519)
(3539317, 0, 0, 3539317)
(3538967, 0, 0, 3538967)
(3538435, 0, 0, 3538435)
(3538271, 0, 0, 3538271)
(3538214, 0, 0, 3538214)
(3538157, 0, 0, 3538157)
(3537682, 0, 0, 3537682)
(3537207, 0, 0, 3537207)
(3537055, 0, 0, 3537055)
(3536903, 0, 0, 3536903)
(3536751, 0, 0, 3536751)
(3536556, 0, 0, 3536556)
(3536361, 0, 0, 3536361)
(3536166, 0, 0, 3536166)
(3535971, 0, 0, 3535971)
(3535776, 0, 0, 3535776)
(3535447, 0, 0, 3535447)
(3535145, 0, 0, 3535145)
(3535141, 0, 0, 3535141)
(3535137, 0, 0, 3535137)
(3535133, 0, 0, 3535133)
(3535129, 0, 0, 3535129)
(3535022, 0, 0, 3535022)
(3534653, 0, 0, 3534653)
(3534640, 0, 0, 3534640)
(3534047, 0, 0, 3534047)
(3533885, 0, 0, 3533885)
(3533772, 0, 0, 3533772)
(3533594, 0, 0, 3533594)
(3533416, 0, 0, 3533416)
(3532923, 0, 0, 3532923)
(3532129, 0, 0, 3532129)
(3531944, 0, 0, 3531944)
(3531346, 0, 0, 3531346)
(3530698, 0, 0, 3530698)
(3529983, 0, 0, 3529983)
(3529391, 0, 0, 3529391)
(3528668, 0, 0, 3528668)
(3528126, 0, 0, 3528126)
(3527584, 0, 0, 3527584)
(3527289, 0, 0, 3527289)
(3527081, 0, 0, 3527081)
(3526809, 0, 0, 3526809)
(3526537, 0, 0, 3526537)
(3526265, 0, 0, 3526265)
(3525993, 0, 0, 3525993)
(3525494, 0, 0, 3525494)
(3524827, 0, 0, 3524827)
(3524556, 0, 0, 3524556)
(3524555, 0, 0, 3524555)
(3524446, 0, 0, 3524446)
(3523679, 0, 0, 3523679)
(3523168, 0, 0, 3523168)
(3522884, 0, 0, 3522884)
(3522600, 0, 0, 3522600)
(3522138, 0, 0, 3522138)
(3521690, 0, 0, 3521690)
(3521242, 0, 0, 3521242)
(3520794, 0, 0, 3520794)
(3520476, 0, 0, 3520476)
(3519994, 0, 0, 3519994)
(3519513, 0, 0, 3519513)
(3519454, 0, 0, 3519454)
(3519210, 0, 0, 3519210)
(3518890, 0, 0, 3518890)
(3518837, 0, 0, 3518837)
(3518784, 0, 0, 3518784)
(3518731, 0, 0, 3518731)
(3518528, 0, 0, 3518528)
(3518437, 0, 0, 3518437)
(3518004, 0, 0, 3518004)
(3517684, 0, 0, 3517684)
(3517378, 0, 0, 3517378)
(3517072, 0, 0, 3517072)
(3516766, 0, 0, 3516766)
(3516431, 0, 0, 3516431)
(3516096, 0, 0, 3516096)
(3515627, 0, 0, 3515627)
(3515322, 0, 0, 3515322)
(3515199, 0, 0, 3515199)
(3515031, 0, 0, 3515031)
(3514919, 0, 0, 3514919)
(3514544, 0, 0, 3514544)
(3514097, 0, 0, 3514097)
(3513267, 0, 0, 3513267)
(3512790, 0, 0, 3512790)
(3512026, 0, 0, 3512026)
(3511916, 0, 0, 3511916)
(3511541, 0, 0, 3511541)
(3511166, 0, 0, 3511166)
(3510791, 0, 0, 3510791)
(3510441, 0, 0, 3510441)
(3510361, 0, 0, 3510361)
(3510281, 0, 0, 3510281)
(3509754, 0, 0, 3509754)
(3509228, 0, 0, 3509228)
(3509005, 0, 0, 3509005)
(3508568, 0, 0, 3508568)
(3508131, 0, 0, 3508131)
(3508061, 0, 0, 3508061)
(3507667, 0, 0, 3507667)
(3507492, 0, 0, 3507492)
(3507351, 0, 0, 3507351)
(3507122, 0, 0, 3507122)
(3506862, 0, 0, 3506862)
(3506659, 0, 0, 3506659)
(3506456, 0, 0, 3506456)
(3506253, 0, 0, 3506253)
(3505599, 0, 0, 3505599)
(3504924, 0, 0, 3504924)
(3504234, 0, 0, 3504234)
(3503608, 0, 0, 3503608)
(3503186, 0, 0, 3503186)
(3502764, 0, 0, 3502764)
(3502638, 0, 0, 3502638)
(3502166, 0, 0, 3502166)
(3501779, 0, 0, 3501779)
(3501603, 0, 0, 3501603)
(3501307, 0, 0, 3501307)
(3500916, 0, 0, 3500916)
(3500601, 0, 0, 3500601)
(3500234, 0, 0, 3500234)
(3499720, 0, 0, 3499720)
(3499422, 0, 0, 3499422)
(3499248, 0, 0, 3499248)
(3499074, 0, 0, 3499074)
(3498900, 0, 0, 3498900)
(3498726, 0, 0, 3498726)
(3498552, 0, 0, 3498552)
(3498378, 0, 0, 3498378)
(3498054, 0, 0, 3498054)
(3497730, 0, 0, 3497730)
(3497406, 0, 0, 3497406)
(3497125, 0, 0, 3497125)
(3496459, 0, 0, 3496459)
(3495793, 0, 0, 3495793)
(3495734, 0, 0, 3495734)
(3495203, 0, 0, 3495203)
(3494960, 0, 0, 3494960)
(3494706, 0, 0, 3494706)
(3494452, 0, 0, 3494452)
(3494163, 0, 0, 3494163)
(3493828, 0, 0, 3493828)
(3493650, 0, 0, 3493650)
(3493240, 0, 0, 3493240)
(3492833, 0, 0, 3492833)
(3492605, 0, 0, 3492605)
(3492377, 0, 0, 3492377)
(3492149, 0, 0, 3492149)
(3491537, 0, 0, 3491537)
(3491239, 0, 0, 3491239)
(3490954, 0, 0, 3490954)
(3490766, 0, 0, 3490766)
(3490657, 0, 0, 3490657)
(3490635, 0, 0, 3490635)
(3490613, 0, 0, 3490613)
(3490591, 0, 0, 3490591)
(3490064, 0, 0, 3490064)
(3489869, 0, 0, 3489869)
(3489603, 0, 0, 3489603)
(3489092, 0, 0, 3489092)
(3488567, 0, 0, 3488567)
(3488426, 0, 0, 3488426)
(3488087, 0, 0, 3488087)
(3487713, 0, 0, 3487713)
(3487558, 0, 0, 3487558)
(3487403, 0, 0, 3487403)
(3487248, 0, 0, 3487248)
(3487016, 0, 0, 3487016)
(3486783, 0, 0, 3486783)
(3486674, 0, 0, 3486674)
(3486525, 0, 0, 3486525)
(3485949, 0, 0, 3485949)
(3485779, 0, 0, 3485779)
(3485138, 0, 0, 3485138)
(3484354, 0, 0, 3484354)
(3483962, 0, 0, 3483962)
(3483680, 0, 0, 3483680)
(3483559, 0, 0, 3483559)
(3483438, 0, 0, 3483438)
(3483317, 0, 0, 3483317)
(3483196, 0, 0, 3483196)
(3483075, 0, 0, 3483075)
(3482954, 0, 0, 3482954)
(3482667, 0, 0, 3482667)
(3482380, 0, 0, 3482380)
(3482263, 0, 0, 3482263)
(3482146, 0, 0, 3482146)
(3482029, 0, 0, 3482029)
(3481729, 0, 0, 3481729)
(3481538, 0, 0, 3481538)
(3481402, 0, 0, 3481402)
(3481258, 0, 0, 3481258)
(3480852, 0, 0, 3480852)
(3480523, 0, 0, 3480523)
(3480321, 0, 0, 3480321)
(3479902, 0, 0, 3479902)
(3479801, 0, 0, 3479801)
(3479365, 0, 0, 3479365)
(3479179, 0, 0, 3479179)
(3479016, 0, 0, 3479016)
(3478743, 0, 0, 3478743)
(3478655, 0, 0, 3478655)
(3478542, 0, 0, 3478542)
(3478350, 0, 0, 3478350)
(3477460, 0, 0, 3477460)
(3476669, 0, 0, 3476669)
(3476371, 0, 0, 3476371)
(3475989, 0, 0, 3475989)
(3475763, 0, 0, 3475763)
(3475330, 0, 0, 3475330)
(3474862, 0, 0, 3474862)
(3474734, 0, 0, 3474734)
(3474470, 0, 0, 3474470)
(3474135, 0, 0, 3474135)
(3473757, 0, 0, 3473757)
(3473315, 0, 0, 3473315)
(3473142, 0, 0, 3473142)
(3472448, 0, 0, 3472448)
(3471941, 0, 0, 3471941)
(3471369, 0, 0, 3471369)
(3470842, 0, 0, 3470842)
(3470013, 0, 0, 3470013)
(3469812, 0, 0, 3469812)
(3469554, 0, 0, 3469554)
(3469126, 0, 0, 3469126)
(3468882, 0, 0, 3468882)
(3468678, 0, 0, 3468678)
(3468588, 0, 0, 3468588)
(3468498, 0, 0, 3468498)
(3468115, 0, 0, 3468115)
(3467732, 0, 0, 3467732)
(3467338, 0, 0, 3467338)
(3466868, 0, 0, 3466868)
(3466273, 0, 0, 3466273)
(3466148, 0, 0, 3466148)
(3466023, 0, 0, 3466023)
(3465741, 0, 0, 3465741)
(3465459, 0, 0, 3465459)
(3465177, 0, 0, 3465177)
(3464427, 0, 0, 3464427)
(3464140, 0, 0, 3464140)
(3463719, 0, 0, 3463719)
(3463527, 0, 0, 3463527)
(3463064, 0, 0, 3463064)
(3462601, 0, 0, 3462601)
(3461840, 0, 0, 3461840)
(3461595, 0, 0, 3461595)
(3461484, 0, 0, 3461484)
(3461314, 0, 0, 3461314)
(3461008, 0, 0, 3461008)
(3460818, 0, 0, 3460818)
(3460628, 0, 0, 3460628)
(3460438, 0, 0, 3460438)
(3460299, 0, 0, 3460299)
(3460146, 0, 0, 3460146)
(3459558, 0, 0, 3459558)
(3459048, 0, 0, 3459048)
(3458844, 0, 0, 3458844)
(3458399, 0, 0, 3458399)
(3457951, 0, 0, 3457951)
(3457904, 0, 0, 3457904)
(3457857, 0, 0, 3457857)
(3457810, 0, 0, 3457810)
(3457763, 0, 0, 3457763)
(3457657, 0, 0, 3457657)
(3457551, 0, 0, 3457551)
(3457445, 0, 0, 3457445)
(3457063, 0, 0, 3457063)
(3456966, 0, 0, 3456966)
(3456869, 0, 0, 3456869)
(3456772, 0, 0, 3456772)
(3456675, 0, 0, 3456675)
(3456040, 0, 0, 3456040)
(3455610, 0, 0, 3455610)
(3455320, 0, 0, 3455320)
(3455030, 0, 0, 3455030)
(3454740, 0, 0, 3454740)
(3454450, 0, 0, 3454450)
(3454160, 0, 0, 3454160)
(3453849, 0, 0, 3453849)
(3453493, 0, 0, 3453493)
(3453134, 0, 0, 3453134)
(3452237, 0, 0, 3452237)
