(3074641, 0, 0, 3074641)
(3074641, 0, 0, 3074641)
(3073442, 0, 0, 3073442)
(3073227, 0, 0, 3073227)
(3072424, 0, 0, 3072424)
(3072424, 0, 0, 3072424)
(3070167, 0, 0, 3070167)
(3069943, 0, 0, 3069943)
(3069355, 0, 0, 3069355)
(3069090, 0, 0, 3069090)
(3070848, 0, 3781, 3074629)
(3069582, 0, 3781, 3073363)
(3067892, 0, 3781, 3071673)
(3067892, 0, 3781, 3071673)
(3066536, 0, 3781, 3070317)
(3065808, 0, 3781, 3069589)
(3065368, 0, 3781, 3069149)
(3064701, 0, 3781, 3068482)
(3064653, 0, 3781, 3068434)
(3063563, 0, 3781, 3067344)
(3069298, 0, 8523, 3077821)
(3068893, 0, 8523, 3077416)
(3067285, 0, 8523, 3075808)
(3066542, 0, 8523, 3075065)
(3066110, 0, 8523, 3074633)
(3065674, 0, 8523, 3074197)
(3064552, 0, 8523, 3073075)
(3063956, 0, 8523, 3072479)
(3062735, 0, 8523, 3071258)
(3061671, 0, 8523, 3070194)
(3066651, 0, 14994, 3081645)
(3064967, 0, 16058, 3081025)
(3074641, 0, 0, 3074641)
