(3612626, 0, 0, 3612626)
(3612626, 0, 0, 3612626)
(3609117, 0, 0, 3609117)
(3609117, 0, 0, 3609117)
(3607064, 0, 0, 3607064)
(3606797, 0, 0, 3606797)
(3605348, 0, 0, 3605348)
(3602657, 0, 0, 3602657)
(3602657, 0, 0, 3602657)
(3600182, 1612, 0, 3601794)
(3609925, 0, 5419, 3615344)
(3609841, 0, 5419, 3615260)
(3608593, 0, 5419, 3614012)
(3607858, 0, 5419, 3613277)
(3611629, 0, 0, 3611629)
(3610423, 0, 0, 3610423)
(3610399, 0, 0, 3610399)
(3608998, 0, 0, 3608998)
(3608409, 0, 0, 3608409)
(3607172, 0, 0, 3607172)
(3608469, 0, 6621, 3615090)
(3608469, 0, 6621, 3615090)
(3608052, 0, 6621, 3614673)
(3607079, 0, 6621, 3613700)
(3605313, 0, 6621, 3611934)
(3613344, 0, 0, 3613344)
