(2932472, 0, 0, 2932472)
(2932328, 0, 0, 2932328)
(2931702, 0, 0, 2931702)
(2931646, 0, 0, 2931646)
(2931296, 0, 0, 2931296)
(2930838, 0, 0, 2930838)
(2930591, 0, 0, 2930591)
(2930344, 0, 0, 2930344)
(2930131, 0, 0, 2930131)
(2930042, 0, 0, 2930042)
(2929953, 0, 0, 2929953)
(2929864, 0, 0, 2929864)
(2929775, 0, 0, 2929775)
(2929664, 0, 0, 2929664)
(2929553, 0, 0, 2929553)
(2928734, 0, 0, 2928734)
(2928556, 0, 0, 2928556)
(2928378, 0, 0, 2928378)
(2928200, 0, 0, 2928200)
(2927539, 0, 0, 2927539)
(2926918, 0, 0, 2926918)
(2926591, 0, 0, 2926591)
(2925899, 0, 0, 2925899)
(2925207, 0, 0, 2925207)
(2925206, 0, 0, 2925206)
(2924507, 0, 0, 2924507)
(2924171, 0, 0, 2924171)
(2923939, 0, 0, 2923939)
(2923707, 0, 0, 2923707)
(2923412, 0, 0, 2923412)
(2923117, 0, 0, 2923117)
(2922822, 0, 0, 2922822)
(2922527, 0, 0, 2922527)
(2922232, 0, 0, 2922232)
(2921570, 0, 0, 2921570)
(2921569, 0, 0, 2921569)
(2921568, 0, 0, 2921568)
(2921567, 0, 0, 2921567)
(2921566, 0, 0, 2921566)
(2921565, 0, 0, 2921565)
(2920922, 0, 0, 2920922)
(2920256, 0, 0, 2920256)
(2919706, 0, 0, 2919706)
(2919385, 0, 0, 2919385)
(2918930, 0, 0, 2918930)
(2918452, 0, 0, 2918452)
(2917826, 0, 0, 2917826)
(2917285, 0, 0, 2917285)
(2916475, 0, 0, 2916475)
(2915671, 0, 0, 2915671)
(2915670, 0, 0, 2915670)
(2915051, 0, 0, 2915051)
(2915050, 0, 0, 2915050)
(2915049, 0, 0, 2915049)
(2914846, 0, 0, 2914846)
(2914845, 0, 0, 2914845)
(2914290, 0, 0, 2914290)
(2913735, 0, 0, 2913735)
(2913364, 0, 0, 2913364)
(2913359, 0, 0, 2913359)
(2913026, 0, 0, 2913026)
(2912646, 0, 0, 2912646)
(2912645, 0, 0, 2912645)
(2912072, 0, 0, 2912072)
(2911996, 0, 0, 2911996)
(2911668, 0, 0, 2911668)
(2911667, 0, 0, 2911667)
(2911666, 0, 0, 2911666)
(2911141, 0, 0, 2911141)
(2910215, 0, 0, 2910215)
(2909485, 0, 0, 2909485)
(2908595, 0, 0, 2908595)
(2908281, 0, 0, 2908281)
(2907967, 0, 0, 2907967)
(2907966, 0, 0, 2907966)
(2907763, 0, 0, 2907763)
(2906900, 0, 0, 2906900)
(2906899, 0, 0, 2906899)
(2906557, 0, 0, 2906557)
(2906218, 0, 0, 2906218)
(2906217, 0, 0, 2906217)
(2906216, 0, 0, 2906216)
(2906215, 0, 0, 2906215)
(2906214, 0, 0, 2906214)
(2906177, 0, 0, 2906177)
(2906140, 0, 0, 2906140)
(2906103, 0, 0, 2906103)
(2906066, 0, 0, 2906066)
(2906029, 0, 0, 2906029)
(2905992, 0, 0, 2905992)
(2905692, 0, 0, 2905692)
(2905069, 0, 0, 2905069)
(2905068, 0, 0, 2905068)
(2904807, 0, 0, 2904807)
(2904566, 0, 0, 2904566)
(2904565, 0, 0, 2904565)
(2904126, 0, 0, 2904126)
(2903630, 0, 0, 2903630)
(2903067, 0, 0, 2903067)
(2902504, 0, 0, 2902504)
(2901941, 0, 0, 2901941)
(2901940, 0, 0, 2901940)
(2901610, 0, 0, 2901610)
(2901155, 0, 0, 2901155)
(2901149, 0, 0, 2901149)
(2900894, 0, 0, 2900894)
(2900861, 0, 0, 2900861)
(2900828, 0, 0, 2900828)
(2900795, 0, 0, 2900795)
(2900762, 0, 0, 2900762)
(2900722, 0, 0, 2900722)
(2900682, 0, 0, 2900682)
(2900642, 0, 0, 2900642)
(2900602, 0, 0, 2900602)
(2900562, 0, 0, 2900562)
(2900522, 0, 0, 2900522)
(2900482, 0, 0, 2900482)
(2900481, 0, 0, 2900481)
(2900244, 0, 0, 2900244)
(2900007, 0, 0, 2900007)
(2899610, 0, 0, 2899610)
(2899213, 0, 0, 2899213)
(2899111, 0, 0, 2899111)
(2899009, 0, 0, 2899009)
(2898549, 0, 0, 2898549)
(2898404, 0, 0, 2898404)
(2897875, 0, 0, 2897875)
(2897874, 0, 0, 2897874)
(2897471, 0, 0, 2897471)
(2897068, 0, 0, 2897068)
(2896665, 0, 0, 2896665)
(2896568, 0, 0, 2896568)
(2896471, 0, 0, 2896471)
(2896374, 0, 0, 2896374)
(2896277, 0, 0, 2896277)
(2896180, 0, 0, 2896180)
(2895516, 0, 0, 2895516)
(2894852, 0, 0, 2894852)
(2894210, 0, 0, 2894210)
(2893664, 0, 0, 2893664)
(2893351, 0, 0, 2893351)
(2893247, 0, 0, 2893247)
(2892878, 0, 0, 2892878)
(2892657, 0, 0, 2892657)
(2892600, 0, 0, 2892600)
(2892358, 0, 0, 2892358)
(2891841, 0, 0, 2891841)
(2891423, 0, 0, 2891423)
(2891412, 0, 0, 2891412)
(2890874, 0, 0, 2890874)
(2890588, 0, 0, 2890588)
(2890587, 0, 0, 2890587)
(2890586, 0, 0, 2890586)
(2890585, 0, 0, 2890585)
(2890584, 0, 0, 2890584)
(2889285, 0, 0, 2889285)
(2889017, 0, 0, 2889017)
(2888355, 0, 0, 2888355)
(2887693, 0, 0, 2887693)
(2887042, 0, 0, 2887042)
(2886434, 0, 0, 2886434)
(2886385, 0, 0, 2886385)
(2886355, 0, 0, 2886355)
(2886174, 0, 0, 2886174)
(2885832, 0, 0, 2885832)
(2885490, 0, 0, 2885490)
(2885200, 0, 0, 2885200)
(2884618, 0, 0, 2884618)
(2884315, 0, 0, 2884315)
(2884286, 0, 0, 2884286)
(2883872, 0, 0, 2883872)
(2883458, 0, 0, 2883458)
(2882897, 0, 0, 2882897)
(2882896, 0, 0, 2882896)
(2882676, 0, 0, 2882676)
(2882219, 0, 0, 2882219)
(2881462, 0, 0, 2881462)
(2881372, 0, 0, 2881372)
(2881282, 0, 0, 2881282)
(2881032, 0, 0, 2881032)
(2880191, 0, 0, 2880191)
(2880077, 0, 0, 2880077)
(2879963, 0, 0, 2879963)
(2879905, 0, 0, 2879905)
(2879847, 0, 0, 2879847)
(2879789, 0, 0, 2879789)
(2879500, 0, 0, 2879500)
(2879448, 0, 0, 2879448)
(2879396, 0, 0, 2879396)
(2879344, 0, 0, 2879344)
(2879215, 0, 0, 2879215)
(2879086, 0, 0, 2879086)
(2878957, 0, 0, 2878957)
(2878728, 0, 0, 2878728)
(2878499, 0, 0, 2878499)
(2878270, 0, 0, 2878270)
(2878041, 0, 0, 2878041)
(2877206, 0, 0, 2877206)
(2877021, 0, 0, 2877021)
(2876170, 0, 0, 2876170)
(2876150, 0, 0, 2876150)
(2875718, 0, 0, 2875718)
(2875635, 0, 0, 2875635)
(2875552, 0, 0, 2875552)
(2875506, 0, 0, 2875506)
(2875460, 0, 0, 2875460)
(2875274, 0, 0, 2875274)
(2875088, 0, 0, 2875088)
(2875071, 0, 0, 2875071)
(2874413, 0, 0, 2874413)
(2874037, 0, 0, 2874037)
(2873578, 0, 0, 2873578)
(2873119, 0, 0, 2873119)
(2872987, 0, 0, 2872987)
(2872735, 0, 0, 2872735)
(2872483, 0, 0, 2872483)
(2871999, 0, 0, 2871999)
(2871642, 0, 0, 2871642)
(2870654, 0, 0, 2870654)
(2870395, 0, 0, 2870395)
(2869828, 0, 0, 2869828)
(2869750, 0, 0, 2869750)
(2869471, 0, 0, 2869471)
(2869216, 0, 0, 2869216)
(2868881, 0, 0, 2868881)
(2868495, 0, 0, 2868495)
(2868109, 0, 0, 2868109)
(2867646, 0, 0, 2867646)
(2867533, 0, 0, 2867533)
(2867196, 0, 0, 2867196)
(2866631, 0, 0, 2866631)
(2865869, 0, 0, 2865869)
(2865346, 0, 0, 2865346)
(2864823, 0, 0, 2864823)
(2864300, 0, 0, 2864300)
(2863777, 0, 0, 2863777)
(2863254, 0, 0, 2863254)
(2863038, 0, 0, 2863038)
(2862822, 0, 0, 2862822)
(2862561, 0, 0, 2862561)
(2862392, 0, 0, 2862392)
(2862223, 0, 0, 2862223)
(2861753, 0, 0, 2861753)
(2861521, 0, 0, 2861521)
(2861095, 0, 0, 2861095)
(2861094, 0, 0, 2861094)
(2861035, 0, 0, 2861035)
(2860951, 0, 0, 2860951)
(2860463, 0, 0, 2860463)
(2860015, 0, 0, 2860015)
(2859567, 0, 0, 2859567)
(2859119, 0, 0, 2859119)
(2858896, 0, 0, 2858896)
(2858673, 0, 0, 2858673)
(2858076, 0, 0, 2858076)
(2857479, 0, 0, 2857479)
(2856882, 0, 0, 2856882)
(2856285, 0, 0, 2856285)
(2856173, 0, 0, 2856173)
(2856061, 0, 0, 2856061)
(2855810, 0, 0, 2855810)
(2855559, 0, 0, 2855559)
(2855210, 0, 0, 2855210)
(2854770, 0, 0, 2854770)
(2854609, 0, 0, 2854609)
(2854040, 0, 0, 2854040)
(2852843, 0, 0, 2852843)
(2852386, 0, 0, 2852386)
(2852199, 0, 0, 2852199)
(2852112, 0, 0, 2852112)
(2851654, 0, 0, 2851654)
(2851196, 0, 0, 2851196)
(2850668, 0, 0, 2850668)
(2850215, 0, 0, 2850215)
(2849762, 0, 0, 2849762)
(2849595, 0, 0, 2849595)
(2849544, 0, 0, 2849544)
(2849328, 0, 0, 2849328)
(2848764, 0, 0, 2848764)
(2848523, 0, 0, 2848523)
(2848028, 0, 0, 2848028)
(2847955, 0, 0, 2847955)
(2847882, 0, 0, 2847882)
(2847384, 0, 0, 2847384)
(2847213, 0, 0, 2847213)
(2847076, 0, 0, 2847076)
(2846966, 0, 0, 2846966)
(2846309, 0, 0, 2846309)
(2845953, 0, 0, 2845953)
(2845597, 0, 0, 2845597)
(2845472, 0, 0, 2845472)
(2845085, 0, 0, 2845085)
(2844746, 0, 0, 2844746)
(2844555, 0, 0, 2844555)
(2844390, 0, 0, 2844390)
(2844039, 0, 0, 2844039)
(2843613, 0, 0, 2843613)
(2842841, 0, 0, 2842841)
(2842698, 0, 0, 2842698)
(2842448, 0, 0, 2842448)
(2842289, 0, 0, 2842289)
(2842130, 0, 0, 2842130)
(2841999, 0, 0, 2841999)
(2841656, 0, 0, 2841656)
(2841313, 0, 0, 2841313)
(2840970, 0, 0, 2840970)
(2840689, 0, 0, 2840689)
(2840688, 0, 0, 2840688)
(2840687, 0, 0, 2840687)
(2840524, 0, 0, 2840524)
(2840374, 0, 0, 2840374)
(2840373, 0, 0, 2840373)
(2840372, 0, 0, 2840372)
(2839983, 0, 0, 2839983)
(2839982, 0, 0, 2839982)
(2839981, 0, 0, 2839981)
(2839980, 0, 0, 2839980)
(2839504, 0, 0, 2839504)
(2839369, 0, 0, 2839369)
(2839234, 0, 0, 2839234)
(2839099, 0, 0, 2839099)
(2838351, 0, 0, 2838351)
(2837325, 0, 0, 2837325)
(2836574, 0, 0, 2836574)
(2836175, 0, 0, 2836175)
(2835364, 0, 0, 2835364)
(2834974, 0, 0, 2834974)
(2834584, 0, 0, 2834584)
(2834237, 0, 0, 2834237)
(2834179, 0, 0, 2834179)
(2834121, 0, 0, 2834121)
(2833755, 0, 0, 2833755)
(2833735, 0, 0, 2833735)
(2833715, 0, 0, 2833715)
(2833477, 0, 0, 2833477)
(2832971, 0, 0, 2832971)
(2832632, 0, 0, 2832632)
(2831548, 0, 0, 2831548)
(2831547, 0, 0, 2831547)
(2831273, 0, 0, 2831273)
(2830941, 0, 0, 2830941)
(2830609, 0, 0, 2830609)
(2830558, 0, 0, 2830558)
(2830437, 0, 0, 2830437)
(2830431, 0, 0, 2830431)
(2830218, 0, 0, 2830218)
(2830022, 0, 0, 2830022)
(2829826, 0, 0, 2829826)
(2829630, 0, 0, 2829630)
(2829434, 0, 0, 2829434)
(2829107, 0, 0, 2829107)
(2828780, 0, 0, 2828780)
(2828453, 0, 0, 2828453)
(2827785, 0, 0, 2827785)
(2827196, 0, 0, 2827196)
(2827176, 0, 0, 2827176)
(2826761, 0, 0, 2826761)
(2826358, 0, 0, 2826358)
(2825858, 0, 0, 2825858)
(2825582, 0, 0, 2825582)
(2825306, 0, 0, 2825306)
(2825030, 0, 0, 2825030)
(2824779, 0, 0, 2824779)
(2824775, 0, 0, 2824775)
(2824598, 0, 0, 2824598)
(2824597, 0, 0, 2824597)
(2823615, 0, 0, 2823615)
(2823378, 0, 0, 2823378)
(2823262, 0, 0, 2823262)
(2823146, 0, 0, 2823146)
(2822714, 0, 0, 2822714)
(2821877, 0, 0, 2821877)
(2821341, 0, 0, 2821341)
(2821144, 0, 0, 2821144)
(2820835, 0, 0, 2820835)
(2820626, 0, 0, 2820626)
(2820250, 0, 0, 2820250)
(2819874, 0, 0, 2819874)
(2819749, 0, 0, 2819749)
(2819624, 0, 0, 2819624)
(2819308, 0, 0, 2819308)
(2819307, 0, 0, 2819307)
(2818723, 0, 0, 2818723)
(2818452, 0, 0, 2818452)
(2817380, 0, 0, 2817380)
(2816112, 0, 0, 2816112)
(2815585, 0, 0, 2815585)
(2815288, 0, 0, 2815288)
(2814757, 0, 0, 2814757)
(2814226, 0, 0, 2814226)
(2814225, 0, 0, 2814225)
(2814224, 0, 0, 2814224)
(2814223, 0, 0, 2814223)
(2813332, 0, 0, 2813332)
(2813009, 0, 0, 2813009)
(2812634, 0, 0, 2812634)
(2812457, 0, 0, 2812457)
(2812280, 0, 0, 2812280)
(2812279, 0, 0, 2812279)
(2812278, 0, 0, 2812278)
(2811866, 0, 0, 2811866)
(2811284, 0, 0, 2811284)
(2810976, 0, 0, 2810976)
(2810808, 0, 0, 2810808)
(2810636, 0, 0, 2810636)
(2810539, 0, 0, 2810539)
(2810538, 0, 0, 2810538)
(2810345, 0, 0, 2810345)
(2810068, 0, 0, 2810068)
(2809902, 0, 0, 2809902)
(2809494, 0, 0, 2809494)
(2809086, 0, 0, 2809086)
(2808582, 0, 0, 2808582)
(2808119, 0, 0, 2808119)
(2807711, 0, 0, 2807711)
(2807710, 0, 0, 2807710)
(2807548, 0, 0, 2807548)
(2807051, 0, 0, 2807051)
(2806655, 0, 0, 2806655)
(2806106, 0, 0, 2806106)
(2805112, 0, 0, 2805112)
(2804859, 0, 0, 2804859)
(2804606, 0, 0, 2804606)
(2804353, 0, 0, 2804353)
(2804191, 0, 0, 2804191)
(2804012, 0, 0, 2804012)
(2803833, 0, 0, 2803833)
(2803300, 0, 0, 2803300)
(2802767, 0, 0, 2802767)
(2802212, 0, 0, 2802212)
(2801704, 0, 0, 2801704)
(2801508, 0, 0, 2801508)
(2800891, 0, 0, 2800891)
(2800238, 0, 0, 2800238)
(2800092, 0, 0, 2800092)
(2799820, 0, 0, 2799820)
(2799204, 0, 0, 2799204)
(2799075, 0, 0, 2799075)
(2798946, 0, 0, 2798946)
(2798817, 0, 0, 2798817)
(2798565, 0, 0, 2798565)
(2798313, 0, 0, 2798313)
(2798312, 0, 0, 2798312)
(2798311, 0, 0, 2798311)
(2798091, 0, 0, 2798091)
(2797871, 0, 0, 2797871)
(2797739, 0, 0, 2797739)
(2797617, 0, 0, 2797617)
(2797198, 0, 0, 2797198)
(2796779, 0, 0, 2796779)
(2796521, 0, 0, 2796521)
(2795875, 0, 0, 2795875)
(2795211, 0, 0, 2795211)
(2795004, 0, 0, 2795004)
(2794495, 0, 0, 2794495)
(2794044, 0, 0, 2794044)
(2793606, 0, 0, 2793606)
(2793256, 0, 0, 2793256)
(2792748, 0, 0, 2792748)
(2792240, 0, 0, 2792240)
(2791283, 0, 0, 2791283)
(2790326, 0, 0, 2790326)
(2789923, 0, 0, 2789923)
(2789520, 0, 0, 2789520)
(2789117, 0, 0, 2789117)
(2788971, 0, 0, 2788971)
(2788581, 0, 0, 2788581)
(2788449, 0, 0, 2788449)
(2788448, 0, 0, 2788448)
(2788447, 0, 0, 2788447)
(2788116, 0, 0, 2788116)
(2787911, 0, 0, 2787911)
(2787706, 0, 0, 2787706)
(2787501, 0, 0, 2787501)
(2787296, 0, 0, 2787296)
(2786845, 0, 0, 2786845)
(2786514, 0, 0, 2786514)
(2786475, 0, 0, 2786475)
(2786436, 0, 0, 2786436)
(2786145, 0, 0, 2786145)
(2785854, 0, 0, 2785854)
(2785469, 0, 0, 2785469)
(2785426, 0, 0, 2785426)
(2785252, 0, 0, 2785252)
(2785078, 0, 0, 2785078)
(2784904, 0, 0, 2784904)
(2784730, 0, 0, 2784730)
(2784555, 0, 0, 2784555)
(2784380, 0, 0, 2784380)
(2784205, 0, 0, 2784205)
(2784030, 0, 0, 2784030)
(2783855, 0, 0, 2783855)
(2783680, 0, 0, 2783680)
(2783505, 0, 0, 2783505)
(2783278, 0, 0, 2783278)
(2783011, 0, 0, 2783011)
(2782649, 0, 0, 2782649)
(2782147, 0, 0, 2782147)
(2782093, 0, 0, 2782093)
(2781679, 0, 0, 2781679)
(2781265, 0, 0, 2781265)
(2781025, 0, 0, 2781025)
(2781024, 0, 0, 2781024)
(2781023, 0, 0, 2781023)
(2781022, 0, 0, 2781022)
(2781021, 0, 0, 2781021)
(2781020, 0, 0, 2781020)
(2780514, 0, 0, 2780514)
(2780008, 0, 0, 2780008)
(2780007, 0, 0, 2780007)
(2779519, 0, 0, 2779519)
(2779039, 0, 0, 2779039)
(2778719, 0, 0, 2778719)
(2778164, 0, 0, 2778164)
(2777609, 0, 0, 2777609)
(2777608, 0, 0, 2777608)
(2777607, 0, 0, 2777607)
(2777606, 0, 0, 2777606)
(2777295, 0, 0, 2777295)
(2777294, 0, 0, 2777294)
(2777293, 0, 0, 2777293)
(2777292, 0, 0, 2777292)
(2777291, 0, 0, 2777291)
(2777290, 0, 0, 2777290)
(2777289, 0, 0, 2777289)
(2776941, 0, 0, 2776941)
(2776747, 0, 0, 2776747)
(2776603, 0, 0, 2776603)
(2776055, 0, 0, 2776055)
(2775942, 0, 0, 2775942)
(2774933, 0, 0, 2774933)
(2774710, 0, 0, 2774710)
(2774624, 0, 0, 2774624)
(2774623, 0, 0, 2774623)
(2774505, 0, 0, 2774505)
(2774299, 0, 0, 2774299)
(2774093, 0, 0, 2774093)
(2774002, 0, 0, 2774002)
(2774001, 0, 0, 2774001)
(2774000, 0, 0, 2774000)
(2773872, 0, 0, 2773872)
(2773744, 0, 0, 2773744)
(2773463, 0, 0, 2773463)
(2773182, 0, 0, 2773182)
(2772179, 0, 0, 2772179)
(2771422, 0, 0, 2771422)
(2770982, 0, 0, 2770982)
(2770268, 0, 0, 2770268)
(2770118, 0, 0, 2770118)
(2769968, 0, 0, 2769968)
(2769818, 0, 0, 2769818)
(2769465, 0, 0, 2769465)
(2769222, 0, 0, 2769222)
(2768479, 0, 0, 2768479)
(2768214, 0, 0, 2768214)
(2767666, 0, 0, 2767666)
(2766975, 0, 0, 2766975)
(2766290, 0, 0, 2766290)
(2765993, 0, 0, 2765993)
(2765787, 0, 0, 2765787)
(2765448, 0, 0, 2765448)
(2764464, 0, 0, 2764464)
(2763698, 0, 0, 2763698)
(2762932, 0, 0, 2762932)
(2762768, 0, 0, 2762768)
(2762767, 0, 0, 2762767)
(2762391, 0, 0, 2762391)
(2762111, 0, 0, 2762111)
(2761831, 0, 0, 2761831)
(2761551, 0, 0, 2761551)
(2761271, 0, 0, 2761271)
(2761081, 0, 0, 2761081)
(2760504, 0, 0, 2760504)
(2760446, 0, 0, 2760446)
(2760285, 0, 0, 2760285)
(2759520, 0, 0, 2759520)
(2759214, 0, 0, 2759214)
(2758664, 0, 0, 2758664)
(2758346, 0, 0, 2758346)
(2758033, 0, 0, 2758033)
(2757720, 0, 0, 2757720)
(2757407, 0, 0, 2757407)
(2756806, 0, 0, 2756806)
(2756683, 0, 0, 2756683)
(2756510, 0, 0, 2756510)
(2756490, 0, 0, 2756490)
(2756470, 0, 0, 2756470)
(2756450, 0, 0, 2756450)
(2756430, 0, 0, 2756430)
(2756410, 0, 0, 2756410)
(2756390, 0, 0, 2756390)
(2756377, 0, 0, 2756377)
(2756364, 0, 0, 2756364)
(2756351, 0, 0, 2756351)
(2756338, 0, 0, 2756338)
(2755962, 0, 0, 2755962)
(2755586, 0, 0, 2755586)
(2755089, 0, 0, 2755089)
(2754567, 0, 0, 2754567)
(2754412, 0, 0, 2754412)
(2754257, 0, 0, 2754257)
(2754238, 0, 0, 2754238)
(2753933, 0, 0, 2753933)
(2753628, 0, 0, 2753628)
(2753323, 0, 0, 2753323)
(2753176, 0, 0, 2753176)
(2752761, 0, 0, 2752761)
(2752760, 0, 0, 2752760)
(2752151, 0, 0, 2752151)
(2751633, 0, 0, 2751633)
(2751314, 0, 0, 2751314)
(2751100, 0, 0, 2751100)
(2750835, 0, 0, 2750835)
(2750570, 0, 0, 2750570)
(2750305, 0, 0, 2750305)
(2750122, 0, 0, 2750122)
(2750005, 0, 0, 2750005)
(2749888, 0, 0, 2749888)
(2749771, 0, 0, 2749771)
(2749473, 0, 0, 2749473)
(2748713, 0, 0, 2748713)
(2747914, 0, 0, 2747914)
(2747117, 0, 0, 2747117)
(2746521, 0, 0, 2746521)
(2746422, 0, 0, 2746422)
(2746323, 0, 0, 2746323)
(2746224, 0, 0, 2746224)
(2746005, 0, 0, 2746005)
(2745987, 0, 0, 2745987)
(2745739, 0, 0, 2745739)
(2745491, 0, 0, 2745491)
(2745348, 0, 0, 2745348)
(2745076, 0, 0, 2745076)
(2744804, 0, 0, 2744804)
(2744532, 0, 0, 2744532)
(2744250, 0, 0, 2744250)
(2744082, 0, 0, 2744082)
(2743914, 0, 0, 2743914)
(2743746, 0, 0, 2743746)
(2743578, 0, 0, 2743578)
(2742881, 0, 0, 2742881)
(2742479, 0, 0, 2742479)
(2742195, 0, 0, 2742195)
(2741838, 0, 0, 2741838)
(2741147, 0, 0, 2741147)
(2740598, 0, 0, 2740598)
(2740546, 0, 0, 2740546)
(2740143, 0, 0, 2740143)
(2739852, 0, 0, 2739852)
(2739561, 0, 0, 2739561)
(2739270, 0, 0, 2739270)
(2738648, 0, 0, 2738648)
(2738026, 0, 0, 2738026)
(2737404, 0, 0, 2737404)
(2737403, 0, 0, 2737403)
(2737157, 0, 0, 2737157)
(2736911, 0, 0, 2736911)
(2736665, 0, 0, 2736665)
(2736126, 0, 0, 2736126)
(2735516, 0, 0, 2735516)
(2735443, 0, 0, 2735443)
(2735370, 0, 0, 2735370)
(2735297, 0, 0, 2735297)
(2735276, 0, 0, 2735276)
(2734651, 0, 0, 2734651)
(2734478, 0, 0, 2734478)
(2734381, 0, 0, 2734381)
(2734284, 0, 0, 2734284)
(2734186, 0, 0, 2734186)
(2733761, 0, 0, 2733761)
(2733220, 0, 0, 2733220)
(2732751, 0, 0, 2732751)
(2732361, 0, 0, 2732361)
(2732039, 0, 0, 2732039)
(2731717, 0, 0, 2731717)
(2730987, 0, 0, 2730987)
(2730722, 0, 0, 2730722)
(2730599, 0, 0, 2730599)
(2730098, 0, 0, 2730098)
(2729707, 0, 0, 2729707)
(2729054, 0, 0, 2729054)
(2728836, 0, 0, 2728836)
(2728581, 0, 0, 2728581)
(2728332, 0, 0, 2728332)
(2727981, 0, 0, 2727981)
(2727972, 0, 0, 2727972)
(2727465, 0, 0, 2727465)
(2727254, 0, 0, 2727254)
(2727043, 0, 0, 2727043)
(2726965, 0, 0, 2726965)
(2726417, 0, 0, 2726417)
(2726035, 0, 0, 2726035)
(2726034, 0, 0, 2726034)
(2726033, 0, 0, 2726033)
(2725744, 0, 0, 2725744)
(2725408, 0, 0, 2725408)
(2725103, 0, 0, 2725103)
(2724169, 0, 0, 2724169)
(2723684, 0, 0, 2723684)
(2723194, 0, 0, 2723194)
(2722704, 0, 0, 2722704)
(2722122, 0, 0, 2722122)
(2721540, 0, 0, 2721540)
