(2318747, 0, 0, 2318747)
(2318747, 0, 0, 2318747)
(2316704, 0, 0, 2316704)
(2315818, 0, 0, 2315818)
(2315669, 0, 0, 2315669)
(2314140, 0, 0, 2314140)
(2312265, 0, 0, 2312265)
(2311408, 0, 0, 2311408)
(2310801, 0, 0, 2310801)
(2310266, 0, 0, 2310266)
(2311842, 0, 7266, 2319108)
(2309956, 0, 6569, 2316525)
(2309790, 0, 6569, 2316359)
(2309790, 0, 6569, 2316359)
(2315050, 0, 0, 2315050)
(2313648, 0, 0, 2313648)
(2312802, 0, 0, 2312802)
(2311409, 0, 0, 2311409)
(2310122, 0, 0, 2310122)
(2309567, 0, 0, 2309567)
(2308817, 2086, 9426, 2320329)
(2307375, 2086, 9426, 2318887)
(2309334, 0, 8799, 2318133)
(2303967, 3974, 9426, 2317367)
(2303967, 3974, 9426, 2317367)
(2307104, 0, 8799, 2315903)
(2306297, 0, 8799, 2315096)
(2306297, 0, 8799, 2315096)
(2306297, 0, 8799, 2315096)
(2306181, 0, 8799, 2314980)
(2308626, 0, 15104, 2323730)
(2307297, 0, 14974, 2322271)
(2306257, 0, 14974, 2321231)
(2305973, 0, 14974, 2320947)
(2305183, 0, 14974, 2320157)
(2304126, 0, 14974, 2319100)
(2303793, 0, 14974, 2318767)
(2302736, 0, 14974, 2317710)
(2300996, 0, 14974, 2315970)
(2300115, 0, 14974, 2315089)
(2301175, 0, 24807, 2325982)
(2299804, 0, 24807, 2324611)
(2299588, 0, 24807, 2324395)
(2298751, 0, 24807, 2323558)
(2314934, 0, 0, 2314934)
(2312686, 0, 0, 2312686)
(2312686, 0, 0, 2312686)
(2312686, 0, 0, 2312686)
(2311909, 0, 0, 2311909)
(2311909, 0, 0, 2311909)
(2311108, 0, 9722, 2320830)
(2318747, 0, 0, 2318747)
