(2730966, 0, 0, 2730966)
(2730449, 0, 0, 2730449)
(2729797, 0, 0, 2729797)
(2729057, 0, 0, 2729057)
(2728617, 0, 0, 2728617)
(2728310, 0, 0, 2728310)
(2728122, 0, 0, 2728122)
(2727907, 0, 0, 2727907)
(2727853, 0, 0, 2727853)
(2727799, 0, 0, 2727799)
(2727688, 0, 0, 2727688)
(2727577, 0, 0, 2727577)
(2727466, 0, 0, 2727466)
(2726821, 0, 0, 2726821)
(2726529, 0, 0, 2726529)
(2726385, 0, 0, 2726385)
(2726064, 0, 0, 2726064)
(2725743, 0, 0, 2725743)
(2725673, 0, 0, 2725673)
(2725278, 0, 0, 2725278)
(2725137, 0, 0, 2725137)
(2724893, 0, 0, 2724893)
(2724236, 0, 0, 2724236)
(2723570, 0, 0, 2723570)
(2722675, 0, 0, 2722675)
(2722576, 0, 0, 2722576)
(2722477, 0, 0, 2722477)
(2722378, 0, 0, 2722378)
(2722073, 0, 0, 2722073)
(2721879, 0, 0, 2721879)
(2721272, 0, 0, 2721272)
(2720815, 0, 0, 2720815)
(2720358, 0, 0, 2720358)
(2719890, 0, 0, 2719890)
(2719418, 0, 0, 2719418)
(2719242, 0, 0, 2719242)
(2718915, 0, 0, 2718915)
(2718172, 0, 0, 2718172)
(2717561, 0, 0, 2717561)
(2716961, 0, 0, 2716961)
(2716798, 0, 0, 2716798)
(2716599, 0, 0, 2716599)
(2716400, 0, 0, 2716400)
(2715922, 0, 0, 2715922)
(2715247, 0, 0, 2715247)
(2715174, 0, 0, 2715174)
(2714454, 0, 0, 2714454)
(2714112, 0, 0, 2714112)
(2713770, 0, 0, 2713770)
(2713278, 0, 0, 2713278)
(2713233, 0, 0, 2713233)
(2712938, 0, 0, 2712938)
(2712534, 0, 0, 2712534)
(2712130, 0, 0, 2712130)
(2711726, 0, 0, 2711726)
(2711345, 0, 0, 2711345)
(2711133, 0, 0, 2711133)
(2710610, 0, 0, 2710610)
(2709848, 0, 0, 2709848)
(2709393, 0, 0, 2709393)
(2708970, 0, 0, 2708970)
(2708202, 0, 0, 2708202)
(2707899, 0, 0, 2707899)
(2707607, 0, 0, 2707607)
(2706858, 0, 0, 2706858)
(2706616, 0, 0, 2706616)
(2705870, 0, 0, 2705870)
(2705181, 0, 0, 2705181)
(2704485, 0, 0, 2704485)
(2703866, 0, 0, 2703866)
(2703607, 0, 0, 2703607)
(2703256, 0, 0, 2703256)
(2702905, 0, 0, 2702905)
(2702573, 0, 0, 2702573)
(2702460, 0, 0, 2702460)
(2702304, 0, 0, 2702304)
(2702000, 0, 0, 2702000)
(2701744, 0, 0, 2701744)
(2700933, 0, 0, 2700933)
(2700670, 0, 0, 2700670)
(2700419, 0, 0, 2700419)
(2699770, 0, 0, 2699770)
(2699406, 0, 0, 2699406)
(2699042, 0, 0, 2699042)
(2698678, 0, 0, 2698678)
(2698193, 0, 0, 2698193)
(2697881, 0, 0, 2697881)
(2697249, 0, 0, 2697249)
(2696682, 0, 0, 2696682)
(2695940, 0, 0, 2695940)
(2695635, 0, 0, 2695635)
(2695421, 0, 0, 2695421)
(2695072, 0, 0, 2695072)
(2694733, 0, 0, 2694733)
(2693839, 0, 0, 2693839)
(2693338, 0, 0, 2693338)
(2693252, 0, 0, 2693252)
(2693059, 0, 0, 2693059)
(2693015, 0, 0, 2693015)
(2692518, 0, 0, 2692518)
(2692114, 0, 0, 2692114)
(2691432, 0, 0, 2691432)
(2690972, 0, 0, 2690972)
(2690539, 0, 0, 2690539)
(2690298, 0, 0, 2690298)
(2689701, 0, 0, 2689701)
(2689416, 0, 0, 2689416)
(2688865, 0, 0, 2688865)
(2687945, 0, 0, 2687945)
(2687869, 0, 0, 2687869)
(2687313, 0, 0, 2687313)
(2686688, 0, 0, 2686688)
(2686424, 0, 0, 2686424)
(2686014, 0, 0, 2686014)
(2685755, 0, 0, 2685755)
(2685460, 0, 0, 2685460)
(2685332, 0, 0, 2685332)
(2685093, 0, 0, 2685093)
(2684854, 0, 0, 2684854)
(2684237, 0, 0, 2684237)
(2683722, 0, 0, 2683722)
(2683345, 0, 0, 2683345)
(2682968, 0, 0, 2682968)
(2682591, 0, 0, 2682591)
(2682149, 0, 0, 2682149)
(2681707, 0, 0, 2681707)
(2681235, 0, 0, 2681235)
(2680837, 0, 0, 2680837)
(2680365, 0, 0, 2680365)
(2680039, 0, 0, 2680039)
(2679567, 0, 0, 2679567)
(2679095, 0, 0, 2679095)
(2678774, 0, 0, 2678774)
(2678554, 0, 0, 2678554)
(2678179, 0, 0, 2678179)
(2677648, 0, 0, 2677648)
(2677285, 0, 0, 2677285)
(2677038, 0, 0, 2677038)
(2676514, 0, 0, 2676514)
(2675729, 0, 0, 2675729)
(2675193, 0, 0, 2675193)
(2674686, 0, 0, 2674686)
(2673832, 0, 0, 2673832)
(2673509, 0, 0, 2673509)
(2673188, 0, 0, 2673188)
(2672206, 0, 0, 2672206)
(2671084, 0, 0, 2671084)
(2670666, 0, 0, 2670666)
(2670428, 0, 0, 2670428)
(2670060, 0, 0, 2670060)
(2669530, 0, 0, 2669530)
(2668728, 0, 0, 2668728)
(2668073, 0, 0, 2668073)
(2668024, 0, 0, 2668024)
(2667824, 0, 0, 2667824)
(2667624, 0, 0, 2667624)
(2667057, 0, 0, 2667057)
(2666632, 0, 0, 2666632)
(2666365, 0, 0, 2666365)
(2666098, 0, 0, 2666098)
(2665920, 0, 0, 2665920)
(2665742, 0, 0, 2665742)
(2665074, 0, 0, 2665074)
(2664696, 0, 0, 2664696)
(2664398, 0, 0, 2664398)
(2664194, 0, 0, 2664194)
(2663848, 0, 0, 2663848)
(2663349, 0, 0, 2663349)
(2662863, 0, 0, 2662863)
(2662711, 0, 0, 2662711)
(2662705, 0, 0, 2662705)
(2662571, 0, 0, 2662571)
(2662231, 0, 0, 2662231)
(2661739, 0, 0, 2661739)
(2661738, 0, 0, 2661738)
(2661563, 0, 0, 2661563)
(2661080, 0, 0, 2661080)
(2660210, 0, 0, 2660210)
(2659644, 0, 0, 2659644)
(2659539, 0, 0, 2659539)
(2659444, 0, 0, 2659444)
(2658822, 0, 0, 2658822)
(2658117, 0, 0, 2658117)
(2657627, 0, 0, 2657627)
(2656879, 0, 0, 2656879)
(2656646, 0, 0, 2656646)
(2656031, 0, 0, 2656031)
(2655824, 0, 0, 2655824)
(2655128, 0, 0, 2655128)
(2654650, 0, 0, 2654650)
(2654270, 0, 0, 2654270)
(2653927, 0, 0, 2653927)
(2653752, 0, 0, 2653752)
(2653441, 0, 0, 2653441)
(2652785, 0, 0, 2652785)
(2652259, 0, 0, 2652259)
(2651855, 0, 0, 2651855)
(2651246, 0, 0, 2651246)
(2650903, 0, 0, 2650903)
(2650392, 0, 0, 2650392)
(2650074, 0, 0, 2650074)
(2649288, 0, 0, 2649288)
(2649040, 0, 0, 2649040)
(2648693, 0, 0, 2648693)
(2648519, 0, 0, 2648519)
(2647718, 0, 0, 2647718)
(2646841, 0, 0, 2646841)
(2646632, 0, 0, 2646632)
(2646224, 0, 0, 2646224)
(2645381, 0, 0, 2645381)
(2644698, 0, 0, 2644698)
(2644429, 0, 0, 2644429)
(2644329, 0, 0, 2644329)
(2643683, 0, 0, 2643683)
(2643107, 0, 0, 2643107)
(2642589, 0, 0, 2642589)
(2642152, 0, 0, 2642152)
(2642016, 0, 0, 2642016)
(2641822, 0, 0, 2641822)
(2641495, 0, 0, 2641495)
(2640879, 0, 0, 2640879)
(2640520, 0, 0, 2640520)
(2640351, 0, 0, 2640351)
(2640083, 0, 0, 2640083)
(2639905, 0, 0, 2639905)
(2639608, 0, 0, 2639608)
(2639107, 0, 0, 2639107)
(2638819, 0, 0, 2638819)
(2638531, 0, 0, 2638531)
(2638243, 0, 0, 2638243)
(2637641, 0, 0, 2637641)
(2637347, 0, 0, 2637347)
(2636759, 0, 0, 2636759)
(2636673, 0, 0, 2636673)
(2636328, 0, 0, 2636328)
(2636035, 0, 0, 2636035)
(2635957, 0, 0, 2635957)
(2635454, 0, 0, 2635454)
(2635180, 0, 0, 2635180)
(2634741, 0, 0, 2634741)
(2634209, 0, 0, 2634209)
(2633389, 0, 0, 2633389)
(2633083, 0, 0, 2633083)
(2632593, 0, 0, 2632593)
(2632240, 0, 0, 2632240)
(2631481, 0, 0, 2631481)
(2631133, 0, 0, 2631133)
(2630500, 0, 0, 2630500)
(2630035, 0, 0, 2630035)
(2629369, 0, 0, 2629369)
(2628912, 0, 0, 2628912)
(2628432, 0, 0, 2628432)
(2628193, 0, 0, 2628193)
(2627954, 0, 0, 2627954)
(2627715, 0, 0, 2627715)
(2627459, 0, 0, 2627459)
(2627218, 0, 0, 2627218)
(2626699, 0, 0, 2626699)
(2626412, 0, 0, 2626412)
(2626125, 0, 0, 2626125)
(2625838, 0, 0, 2625838)
(2625604, 0, 0, 2625604)
(2624549, 0, 0, 2624549)
(2624224, 0, 0, 2624224)
(2623706, 0, 0, 2623706)
(2623380, 0, 0, 2623380)
(2623054, 0, 0, 2623054)
(2622728, 0, 0, 2622728)
(2622407, 0, 0, 2622407)
(2622086, 0, 0, 2622086)
(2621765, 0, 0, 2621765)
(2621267, 0, 0, 2621267)
(2620760, 0, 0, 2620760)
(2620689, 0, 0, 2620689)
(2620618, 0, 0, 2620618)
(2620547, 0, 0, 2620547)
(2620392, 0, 0, 2620392)
(2620237, 0, 0, 2620237)
(2620082, 0, 0, 2620082)
(2619924, 0, 0, 2619924)
(2619702, 0, 0, 2619702)
(2619693, 0, 0, 2619693)
(2619684, 0, 0, 2619684)
(2618911, 0, 0, 2618911)
(2618013, 0, 0, 2618013)
(2617804, 0, 0, 2617804)
(2617619, 0, 0, 2617619)
(2617237, 0, 0, 2617237)
(2616675, 0, 0, 2616675)
(2616362, 0, 0, 2616362)
(2616222, 0, 0, 2616222)
(2615745, 0, 0, 2615745)
(2614715, 0, 0, 2614715)
(2613778, 0, 0, 2613778)
(2613527, 0, 0, 2613527)
(2613212, 0, 0, 2613212)
(2612889, 0, 0, 2612889)
(2612245, 0, 0, 2612245)
(2612159, 0, 0, 2612159)
(2611961, 0, 0, 2611961)
(2611243, 0, 0, 2611243)
(2610819, 0, 0, 2610819)
(2610726, 0, 0, 2610726)
(2610640, 0, 0, 2610640)
(2610136, 0, 0, 2610136)
(2609810, 0, 0, 2609810)
(2609484, 0, 0, 2609484)
(2609158, 0, 0, 2609158)
(2608832, 0, 0, 2608832)
(2608506, 0, 0, 2608506)
(2607919, 0, 0, 2607919)
(2607332, 0, 0, 2607332)
(2606913, 0, 0, 2606913)
(2606688, 0, 0, 2606688)
(2605921, 0, 0, 2605921)
(2605213, 0, 0, 2605213)
(2604766, 0, 0, 2604766)
(2604125, 0, 0, 2604125)
(2603318, 0, 0, 2603318)
(2603073, 0, 0, 2603073)
(2602828, 0, 0, 2602828)
(2602221, 0, 0, 2602221)
(2601944, 0, 0, 2601944)
(2601245, 0, 0, 2601245)
(2600861, 0, 0, 2600861)
(2600614, 0, 0, 2600614)
(2600225, 0, 0, 2600225)
(2599893, 0, 0, 2599893)
(2599638, 0, 0, 2599638)
(2599245, 0, 0, 2599245)
(2599159, 0, 0, 2599159)
(2599073, 0, 0, 2599073)
(2598731, 0, 0, 2598731)
(2598664, 0, 0, 2598664)
(2598135, 0, 0, 2598135)
(2597807, 0, 0, 2597807)
(2597622, 0, 0, 2597622)
(2596869, 0, 0, 2596869)
(2596756, 0, 0, 2596756)
(2596643, 0, 0, 2596643)
(2596575, 0, 0, 2596575)
(2596507, 0, 0, 2596507)
(2596390, 0, 0, 2596390)
(2595959, 0, 0, 2595959)
(2595566, 0, 0, 2595566)
(2594775, 0, 0, 2594775)
(2594330, 0, 0, 2594330)
(2594219, 0, 0, 2594219)
(2593801, 0, 0, 2593801)
(2593268, 0, 0, 2593268)
(2592985, 0, 0, 2592985)
(2592659, 0, 0, 2592659)
(2592117, 0, 0, 2592117)
(2591967, 0, 0, 2591967)
(2590883, 0, 0, 2590883)
(2589799, 0, 0, 2589799)
(2589557, 0, 0, 2589557)
(2589023, 0, 0, 2589023)
(2588665, 0, 0, 2588665)
(2588076, 0, 0, 2588076)
(2587899, 0, 0, 2587899)
(2587488, 0, 0, 2587488)
(2586960, 0, 0, 2586960)
(2586325, 0, 0, 2586325)
(2585896, 0, 0, 2585896)
(2585466, 0, 0, 2585466)
(2585053, 0, 0, 2585053)
(2584567, 0, 0, 2584567)
(2584120, 0, 0, 2584120)
(2583907, 0, 0, 2583907)
(2583540, 0, 0, 2583540)
(2583189, 0, 0, 2583189)
(2583156, 0, 0, 2583156)
(2583123, 0, 0, 2583123)
(2582560, 0, 0, 2582560)
(2582146, 0, 0, 2582146)
(2581382, 0, 0, 2581382)
(2580920, 0, 0, 2580920)
(2580169, 0, 0, 2580169)
(2579886, 0, 0, 2579886)
(2579603, 0, 0, 2579603)
(2579489, 0, 0, 2579489)
(2579182, 0, 0, 2579182)
(2578534, 0, 0, 2578534)
(2578310, 0, 0, 2578310)
(2578086, 0, 0, 2578086)
(2577443, 0, 0, 2577443)
(2577064, 0, 0, 2577064)
(2576373, 0, 0, 2576373)
(2576081, 0, 0, 2576081)
(2575923, 0, 0, 2575923)
(2575638, 0, 0, 2575638)
(2575297, 0, 0, 2575297)
(2574956, 0, 0, 2574956)
(2574202, 0, 0, 2574202)
(2573613, 0, 0, 2573613)
(2573233, 0, 0, 2573233)
(2573053, 0, 0, 2573053)
(2572769, 0, 0, 2572769)
(2572601, 0, 0, 2572601)
(2572462, 0, 0, 2572462)
(2572383, 0, 0, 2572383)
(2571932, 0, 0, 2571932)
(2571549, 0, 0, 2571549)
(2571463, 0, 0, 2571463)
(2570822, 0, 0, 2570822)
(2570091, 0, 0, 2570091)
(2569628, 0, 0, 2569628)
(2569359, 0, 0, 2569359)
(2568918, 0, 0, 2568918)
(2568590, 0, 0, 2568590)
(2568363, 0, 0, 2568363)
(2568232, 0, 0, 2568232)
(2568008, 0, 0, 2568008)
(2567489, 0, 0, 2567489)
(2566900, 0, 0, 2566900)
(2566638, 0, 0, 2566638)
(2566376, 0, 0, 2566376)
(2565984, 0, 0, 2565984)
(2565207, 0, 0, 2565207)
(2565184, 0, 0, 2565184)
(2564223, 0, 0, 2564223)
(2563312, 0, 0, 2563312)
(2562763, 0, 0, 2562763)
(2562472, 0, 0, 2562472)
(2562235, 0, 0, 2562235)
(2562022, 0, 0, 2562022)
(2561966, 0, 0, 2561966)
(2561522, 0, 0, 2561522)
(2561186, 0, 0, 2561186)
(2560746, 0, 0, 2560746)
(2560601, 0, 0, 2560601)
(2560111, 0, 0, 2560111)
(2559746, 0, 0, 2559746)
(2559276, 0, 0, 2559276)
(2558937, 0, 0, 2558937)
(2558598, 0, 0, 2558598)
(2558001, 0, 0, 2558001)
(2557637, 0, 0, 2557637)
(2557415, 0, 0, 2557415)
(2556642, 0, 0, 2556642)
(2556219, 0, 0, 2556219)
(2555894, 0, 0, 2555894)
(2555640, 0, 0, 2555640)
(2555323, 0, 0, 2555323)
(2555222, 0, 0, 2555222)
(2555041, 0, 0, 2555041)
(2554145, 0, 0, 2554145)
(2553657, 0, 0, 2553657)
(2553120, 0, 0, 2553120)
(2552969, 0, 0, 2552969)
(2552715, 0, 0, 2552715)
(2552292, 0, 0, 2552292)
(2551308, 0, 0, 2551308)
(2551102, 0, 0, 2551102)
(2550791, 0, 0, 2550791)
(2550435, 0, 0, 2550435)
(2550189, 0, 0, 2550189)
(2549537, 0, 0, 2549537)
(2549061, 0, 0, 2549061)
(2548695, 0, 0, 2548695)
(2548264, 0, 0, 2548264)
(2547937, 0, 0, 2547937)
(2547183, 0, 0, 2547183)
(2546401, 0, 0, 2546401)
(2545674, 0, 0, 2545674)
(2545469, 0, 0, 2545469)
(2544481, 0, 0, 2544481)
(2543654, 0, 0, 2543654)
(2543521, 0, 0, 2543521)
(2543384, 0, 0, 2543384)
(2543247, 0, 0, 2543247)
(2542757, 0, 0, 2542757)
(2542259, 0, 0, 2542259)
(2542134, 0, 0, 2542134)
(2541927, 0, 0, 2541927)
(2541746, 0, 0, 2541746)
(2541565, 0, 0, 2541565)
(2541384, 0, 0, 2541384)
(2540943, 0, 0, 2540943)
(2540113, 0, 0, 2540113)
(2539591, 0, 0, 2539591)
(2538778, 0, 0, 2538778)
(2538121, 0, 0, 2538121)
(2537727, 0, 0, 2537727)
(2537101, 0, 0, 2537101)
(2536958, 0, 0, 2536958)
(2536199, 0, 0, 2536199)
(2535808, 0, 0, 2535808)
(2535417, 0, 0, 2535417)
(2534931, 0, 0, 2534931)
(2534643, 0, 0, 2534643)
(2534320, 0, 0, 2534320)
(2533883, 0, 0, 2533883)
(2533853, 0, 0, 2533853)
(2533170, 0, 0, 2533170)
(2532840, 0, 0, 2532840)
(2532282, 0, 0, 2532282)
(2531724, 0, 0, 2531724)
(2531166, 0, 0, 2531166)
(2530608, 0, 0, 2530608)
(2529925, 0, 0, 2529925)
(2529326, 0, 0, 2529326)
(2528998, 0, 0, 2528998)
(2528320, 0, 0, 2528320)
(2527795, 0, 0, 2527795)
(2527561, 0, 0, 2527561)
(2527116, 0, 0, 2527116)
(2526671, 0, 0, 2526671)
(2526539, 0, 0, 2526539)
(2526402, 0, 0, 2526402)
(2526132, 0, 0, 2526132)
(2525875, 0, 0, 2525875)
(2525181, 0, 0, 2525181)
(2524853, 0, 0, 2524853)
(2524293, 0, 0, 2524293)
(2524069, 0, 0, 2524069)
(2523865, 0, 0, 2523865)
(2523414, 0, 0, 2523414)
(2523364, 0, 0, 2523364)
(2523314, 0, 0, 2523314)
(2523089, 0, 0, 2523089)
(2522867, 0, 0, 2522867)
(2522167, 0, 0, 2522167)
(2521966, 0, 0, 2521966)
(2521158, 0, 0, 2521158)
(2520900, 0, 0, 2520900)
(2520201, 0, 0, 2520201)
(2519971, 0, 0, 2519971)
(2519741, 0, 0, 2519741)
(2519576, 0, 0, 2519576)
(2519411, 0, 0, 2519411)
(2519365, 0, 0, 2519365)
(2519137, 0, 0, 2519137)
(2518731, 0, 0, 2518731)
(2518329, 0, 0, 2518329)
(2517996, 0, 0, 2517996)
(2517489, 0, 0, 2517489)
(2517142, 0, 0, 2517142)
(2516885, 0, 0, 2516885)
(2516275, 0, 0, 2516275)
(2516024, 0, 0, 2516024)
(2515881, 0, 0, 2515881)
(2515176, 0, 0, 2515176)
(2514788, 0, 0, 2514788)
(2514318, 0, 0, 2514318)
(2513813, 0, 0, 2513813)
(2513416, 0, 0, 2513416)
(2513375, 0, 0, 2513375)
(2512813, 0, 0, 2512813)
(2512342, 0, 0, 2512342)
(2512305, 0, 0, 2512305)
(2512134, 0, 0, 2512134)
(2511788, 0, 0, 2511788)
(2511486, 0, 0, 2511486)
(2511115, 0, 0, 2511115)
(2510925, 0, 0, 2510925)
(2510735, 0, 0, 2510735)
(2510418, 0, 0, 2510418)
(2509788, 0, 0, 2509788)
(2509686, 0, 0, 2509686)
(2509281, 0, 0, 2509281)
(2508922, 0, 0, 2508922)
(2508744, 0, 0, 2508744)
(2508513, 0, 0, 2508513)
(2508282, 0, 0, 2508282)
(2507513, 0, 0, 2507513)
(2507028, 0, 0, 2507028)
(2506489, 0, 0, 2506489)
(2506185, 0, 0, 2506185)
(2505458, 0, 0, 2505458)
(2505184, 0, 0, 2505184)
(2504882, 0, 0, 2504882)
(2504776, 0, 0, 2504776)
(2504128, 0, 0, 2504128)
(2503664, 0, 0, 2503664)
(2503390, 0, 0, 2503390)
(2503361, 0, 0, 2503361)
(2503029, 0, 0, 2503029)
(2502711, 0, 0, 2502711)
(2502540, 0, 0, 2502540)
(2502369, 0, 0, 2502369)
(2502280, 0, 0, 2502280)
(2502191, 0, 0, 2502191)
(2502102, 0, 0, 2502102)
(2501699, 0, 0, 2501699)
(2500855, 0, 0, 2500855)
(2500822, 0, 0, 2500822)
(2500566, 0, 0, 2500566)
(2500300, 0, 0, 2500300)
(2499940, 0, 0, 2499940)
(2499495, 0, 0, 2499495)
(2499391, 0, 0, 2499391)
(2498583, 0, 0, 2498583)
(2497876, 0, 0, 2497876)
(2497610, 0, 0, 2497610)
(2497121, 0, 0, 2497121)
(2496582, 0, 0, 2496582)
(2496509, 0, 0, 2496509)
(2496436, 0, 0, 2496436)
(2495755, 0, 0, 2495755)
(2495000, 0, 0, 2495000)
(2494101, 0, 0, 2494101)
(2493617, 0, 0, 2493617)
(2492850, 0, 0, 2492850)
(2492235, 0, 0, 2492235)
(2491700, 0, 0, 2491700)
(2491527, 0, 0, 2491527)
(2490968, 0, 0, 2490968)
(2490409, 0, 0, 2490409)
(2490261, 0, 0, 2490261)
(2490100, 0, 0, 2490100)
(2489835, 0, 0, 2489835)
(2489315, 0, 0, 2489315)
(2488828, 0, 0, 2488828)
(2487900, 0, 0, 2487900)
(2487486, 0, 0, 2487486)
(2486559, 0, 0, 2486559)
(2485690, 0, 0, 2485690)
(2484969, 0, 0, 2484969)
(2484727, 0, 0, 2484727)
(2484297, 0, 0, 2484297)
(2483582, 0, 0, 2483582)
(2482850, 0, 0, 2482850)
(2482220, 0, 0, 2482220)
(2481842, 0, 0, 2481842)
(2481464, 0, 0, 2481464)
(2481268, 0, 0, 2481268)
(2480558, 0, 0, 2480558)
(2480367, 0, 0, 2480367)
(2479965, 0, 0, 2479965)
(2479741, 0, 0, 2479741)
(2478825, 0, 0, 2478825)
(2478691, 0, 0, 2478691)
(2478317, 0, 0, 2478317)
(2477682, 0, 0, 2477682)
(2477231, 0, 0, 2477231)
(2476979, 0, 0, 2476979)
(2476318, 0, 0, 2476318)
(2475945, 0, 0, 2475945)
(2475836, 0, 0, 2475836)
(2475513, 0, 0, 2475513)
(2474708, 0, 0, 2474708)
(2474539, 0, 0, 2474539)
(2473821, 0, 0, 2473821)
(2473654, 0, 0, 2473654)
(2473093, 0, 0, 2473093)
(2472532, 0, 0, 2472532)
(2472459, 0, 0, 2472459)
(2471942, 0, 0, 2471942)
(2471325, 0, 0, 2471325)
(2470712, 0, 0, 2470712)
(2469882, 0, 0, 2469882)
(2469386, 0, 0, 2469386)
(2468805, 0, 0, 2468805)
(2467754, 0, 0, 2467754)
(2466910, 0, 0, 2466910)
(2466337, 0, 0, 2466337)
(2466205, 0, 0, 2466205)
(2465305, 0, 0, 2465305)
(2464228, 0, 0, 2464228)
(2463750, 0, 0, 2463750)
(2463649, 0, 0, 2463649)
(2463153, 0, 0, 2463153)
(2462777, 0, 0, 2462777)
