(3391045, 0, 0, 3391045)
(3390566, 0, 0, 3390566)
(3390087, 0, 0, 3390087)
(3389608, 0, 0, 3389608)
(3389444, 0, 0, 3389444)
(3389443, 0, 0, 3389443)
(3389442, 0, 0, 3389442)
(3389441, 0, 0, 3389441)
(3389440, 0, 0, 3389440)
(3388831, 0, 0, 3388831)
(3388160, 0, 0, 3388160)
(3388159, 0, 0, 3388159)
(3388158, 0, 0, 3388158)
(3387620, 0, 0, 3387620)
(3387501, 0, 0, 3387501)
(3387382, 0, 0, 3387382)
(3386781, 0, 0, 3386781)
(3386392, 0, 0, 3386392)
(3386391, 0, 0, 3386391)
(3386390, 0, 0, 3386390)
(3386096, 0, 0, 3386096)
(3385810, 0, 0, 3385810)
(3385719, 0, 0, 3385719)
(3385628, 0, 0, 3385628)
(3385604, 0, 0, 3385604)
(3385580, 0, 0, 3385580)
(3385556, 0, 0, 3385556)
(3385532, 0, 0, 3385532)
(3385080, 0, 0, 3385080)
(3385019, 0, 0, 3385019)
(3384958, 0, 0, 3384958)
(3384897, 0, 0, 3384897)
(3384836, 0, 0, 3384836)
(3384835, 0, 0, 3384835)
(3384834, 0, 0, 3384834)
(3384833, 0, 0, 3384833)
(3384832, 0, 0, 3384832)
(3384831, 0, 0, 3384831)
(3384830, 0, 0, 3384830)
(3384829, 0, 0, 3384829)
(3384491, 0, 0, 3384491)
(3384143, 0, 0, 3384143)
(3383515, 0, 0, 3383515)
(3382887, 0, 0, 3382887)
(3382259, 0, 0, 3382259)
(3381904, 0, 0, 3381904)
(3381784, 0, 0, 3381784)
(3381316, 0, 0, 3381316)
(3381063, 0, 0, 3381063)
(3380777, 0, 0, 3380777)
(3380436, 0, 0, 3380436)
(3380305, 0, 0, 3380305)
(3379796, 0, 0, 3379796)
(3379485, 0, 0, 3379485)
(3379305, 0, 0, 3379305)
(3378978, 0, 0, 3378978)
(3378651, 0, 0, 3378651)
(3378086, 0, 0, 3378086)
(3377433, 0, 0, 3377433)
(3377098, 0, 0, 3377098)
(3377015, 0, 0, 3377015)
(3376932, 0, 0, 3376932)
(3376849, 0, 0, 3376849)
(3376848, 0, 0, 3376848)
(3376656, 0, 0, 3376656)
(3376464, 0, 0, 3376464)
(3376297, 0, 0, 3376297)
(3375931, 0, 0, 3375931)
(3375423, 0, 0, 3375423)
(3374729, 0, 0, 3374729)
(3374694, 0, 0, 3374694)
(3374537, 0, 0, 3374537)
(3374098, 0, 0, 3374098)
(3373676, 0, 0, 3373676)
(3373254, 0, 0, 3373254)
(3372849, 0, 0, 3372849)
(3372493, 0, 0, 3372493)
(3372492, 0, 0, 3372492)
(3372491, 0, 0, 3372491)
(3372490, 0, 0, 3372490)
(3371986, 0, 0, 3371986)
(3371482, 0, 0, 3371482)
(3370978, 0, 0, 3370978)
(3370595, 0, 0, 3370595)
(3370156, 0, 0, 3370156)
(3369688, 0, 0, 3369688)
(3369580, 0, 0, 3369580)
(3369143, 0, 0, 3369143)
(3368957, 0, 0, 3368957)
(3368873, 0, 0, 3368873)
(3368789, 0, 0, 3368789)
(3368532, 0, 0, 3368532)
(3368257, 0, 0, 3368257)
(3367385, 0, 0, 3367385)
(3367145, 0, 0, 3367145)
(3367144, 0, 0, 3367144)
(3366909, 0, 0, 3366909)
(3366806, 0, 0, 3366806)
(3366703, 0, 0, 3366703)
(3366511, 0, 0, 3366511)
(3366319, 0, 0, 3366319)
(3366318, 0, 0, 3366318)
(3366317, 0, 0, 3366317)
(3366178, 0, 0, 3366178)
(3365565, 0, 0, 3365565)
(3365495, 0, 0, 3365495)
(3365096, 0, 0, 3365096)
(3364697, 0, 0, 3364697)
(3363901, 0, 0, 3363901)
(3363662, 0, 0, 3363662)
(3363585, 0, 0, 3363585)
(3363444, 0, 0, 3363444)
(3363303, 0, 0, 3363303)
(3362845, 0, 0, 3362845)
(3362761, 0, 0, 3362761)
(3362045, 0, 0, 3362045)
(3361984, 0, 0, 3361984)
(3361923, 0, 0, 3361923)
(3361862, 0, 0, 3361862)
(3361693, 0, 0, 3361693)
(3361373, 0, 0, 3361373)
(3360544, 0, 0, 3360544)
(3360127, 0, 0, 3360127)
(3359787, 0, 0, 3359787)
(3359717, 0, 0, 3359717)
(3359222, 0, 0, 3359222)
(3359151, 0, 0, 3359151)
(3358645, 0, 0, 3358645)
(3358437, 0, 0, 3358437)
(3358229, 0, 0, 3358229)
(3358047, 0, 0, 3358047)
(3357372, 0, 0, 3357372)
(3356697, 0, 0, 3356697)
(3356216, 0, 0, 3356216)
(3355676, 0, 0, 3355676)
(3355103, 0, 0, 3355103)
(3355003, 0, 0, 3355003)
(3354916, 0, 0, 3354916)
(3354178, 0, 0, 3354178)
(3353986, 0, 0, 3353986)
(3353794, 0, 0, 3353794)
(3353602, 0, 0, 3353602)
(3353410, 0, 0, 3353410)
(3353218, 0, 0, 3353218)
(3353217, 0, 0, 3353217)
(3353216, 0, 0, 3353216)
(3353215, 0, 0, 3353215)
(3353214, 0, 0, 3353214)
(3352980, 0, 0, 3352980)
(3352746, 0, 0, 3352746)
(3352512, 0, 0, 3352512)
(3352278, 0, 0, 3352278)
(3352044, 0, 0, 3352044)
(3351810, 0, 0, 3351810)
(3351576, 0, 0, 3351576)
(3351575, 0, 0, 3351575)
(3351574, 0, 0, 3351574)
(3351573, 0, 0, 3351573)
(3351572, 0, 0, 3351572)
(3351571, 0, 0, 3351571)
(3351570, 0, 0, 3351570)
(3351569, 0, 0, 3351569)
(3351568, 0, 0, 3351568)
(3351042, 0, 0, 3351042)
(3350396, 0, 0, 3350396)
(3349750, 0, 0, 3349750)
(3349138, 0, 0, 3349138)
(3349053, 0, 0, 3349053)
(3349007, 0, 0, 3349007)
(3348803, 0, 0, 3348803)
(3348350, 0, 0, 3348350)
(3347862, 0, 0, 3347862)
(3347374, 0, 0, 3347374)
(3346644, 0, 0, 3346644)
(3346318, 0, 0, 3346318)
(3345923, 0, 0, 3345923)
(3345605, 0, 0, 3345605)
(3345604, 0, 0, 3345604)
(3345603, 0, 0, 3345603)
(3345028, 0, 0, 3345028)
(3345027, 0, 0, 3345027)
(3344542, 0, 0, 3344542)
(3344370, 0, 0, 3344370)
(3344369, 0, 0, 3344369)
(3344368, 0, 0, 3344368)
(3344253, 0, 0, 3344253)
(3344138, 0, 0, 3344138)
(3344023, 0, 0, 3344023)
(3344022, 0, 0, 3344022)
(3344021, 0, 0, 3344021)
(3344020, 0, 0, 3344020)
(3344019, 0, 0, 3344019)
(3344018, 0, 0, 3344018)
(3343931, 0, 0, 3343931)
(3343651, 0, 0, 3343651)
(3343400, 0, 0, 3343400)
(3342849, 0, 0, 3342849)
(3342186, 0, 0, 3342186)
(3341443, 0, 0, 3341443)
(3341224, 0, 0, 3341224)
(3341038, 0, 0, 3341038)
(3340852, 0, 0, 3340852)
(3340666, 0, 0, 3340666)
(3340251, 0, 0, 3340251)
(3339975, 0, 0, 3339975)
(3339840, 0, 0, 3339840)
(3339598, 0, 0, 3339598)
(3339356, 0, 0, 3339356)
(3339355, 0, 0, 3339355)
(3339354, 0, 0, 3339354)
(3339113, 0, 0, 3339113)
(3339026, 0, 0, 3339026)
(3338939, 0, 0, 3338939)
(3338782, 0, 0, 3338782)
(3338528, 0, 0, 3338528)
(3338047, 0, 0, 3338047)
(3337580, 0, 0, 3337580)
(3337270, 0, 0, 3337270)
(3337040, 0, 0, 3337040)
(3336753, 0, 0, 3336753)
(3336466, 0, 0, 3336466)
(3336052, 0, 0, 3336052)
(3335710, 0, 0, 3335710)
(3335333, 0, 0, 3335333)
(3335250, 0, 0, 3335250)
(3335167, 0, 0, 3335167)
(3334813, 0, 0, 3334813)
(3334724, 0, 0, 3334724)
(3334556, 0, 0, 3334556)
(3334555, 0, 0, 3334555)
(3334554, 0, 0, 3334554)
(3334553, 0, 0, 3334553)
(3334552, 0, 0, 3334552)
(3334451, 0, 0, 3334451)
(3334350, 0, 0, 3334350)
(3334188, 0, 0, 3334188)
(3334118, 0, 0, 3334118)
(3334117, 0, 0, 3334117)
(3334103, 0, 0, 3334103)
(3334089, 0, 0, 3334089)
(3333440, 0, 0, 3333440)
(3333430, 0, 0, 3333430)
(3333429, 0, 0, 3333429)
(3333428, 0, 0, 3333428)
(3333314, 0, 0, 3333314)
(3333200, 0, 0, 3333200)
(3333199, 0, 0, 3333199)
(3333198, 0, 0, 3333198)
(3333197, 0, 0, 3333197)
(3332940, 0, 0, 3332940)
(3332683, 0, 0, 3332683)
(3332364, 0, 0, 3332364)
(3332231, 0, 0, 3332231)
(3331562, 0, 0, 3331562)
(3331561, 0, 0, 3331561)
(3330962, 0, 0, 3330962)
(3330659, 0, 0, 3330659)
(3330480, 0, 0, 3330480)
(3330301, 0, 0, 3330301)
(3330036, 0, 0, 3330036)
(3329771, 0, 0, 3329771)
(3329506, 0, 0, 3329506)
(3329352, 0, 0, 3329352)
(3329198, 0, 0, 3329198)
(3328976, 0, 0, 3328976)
(3328754, 0, 0, 3328754)
(3328532, 0, 0, 3328532)
(3328492, 0, 0, 3328492)
(3327685, 0, 0, 3327685)
(3327262, 0, 0, 3327262)
(3327055, 0, 0, 3327055)
(3326932, 0, 0, 3326932)
(3326587, 0, 0, 3326587)
(3325986, 0, 0, 3325986)
(3325476, 0, 0, 3325476)
(3325215, 0, 0, 3325215)
(3324954, 0, 0, 3324954)
(3324730, 0, 0, 3324730)
(3324506, 0, 0, 3324506)
(3324282, 0, 0, 3324282)
(3324058, 0, 0, 3324058)
(3323834, 0, 0, 3323834)
(3323767, 0, 0, 3323767)
(3323680, 0, 0, 3323680)
(3323593, 0, 0, 3323593)
(3323506, 0, 0, 3323506)
(3323419, 0, 0, 3323419)
(3323332, 0, 0, 3323332)
(3323139, 0, 0, 3323139)
(3322946, 0, 0, 3322946)
(3322608, 0, 0, 3322608)
(3322308, 0, 0, 3322308)
(3322307, 0, 0, 3322307)
(3321908, 0, 0, 3321908)
(3321602, 0, 0, 3321602)
(3321222, 0, 0, 3321222)
(3321169, 0, 0, 3321169)
(3321116, 0, 0, 3321116)
(3321063, 0, 0, 3321063)
(3320908, 0, 0, 3320908)
(3320416, 0, 0, 3320416)
(3320298, 0, 0, 3320298)
(3320297, 0, 0, 3320297)
(3320137, 0, 0, 3320137)
(3319933, 0, 0, 3319933)
(3319659, 0, 0, 3319659)
(3318691, 0, 0, 3318691)
(3317934, 0, 0, 3317934)
(3317206, 0, 0, 3317206)
(3316832, 0, 0, 3316832)
(3316458, 0, 0, 3316458)
(3316084, 0, 0, 3316084)
(3315710, 0, 0, 3315710)
(3315402, 0, 0, 3315402)
(3315094, 0, 0, 3315094)
(3314978, 0, 0, 3314978)
(3314876, 0, 0, 3314876)
(3314774, 0, 0, 3314774)
(3314593, 0, 0, 3314593)
(3314592, 0, 0, 3314592)
(3314217, 0, 0, 3314217)
(3313842, 0, 0, 3313842)
(3313467, 0, 0, 3313467)
(3312819, 0, 0, 3312819)
(3312355, 0, 0, 3312355)
(3312042, 0, 0, 3312042)
(3311702, 0, 0, 3311702)
(3311362, 0, 0, 3311362)
(3311361, 0, 0, 3311361)
(3311360, 0, 0, 3311360)
(3311359, 0, 0, 3311359)
(3311358, 0, 0, 3311358)
(3311070, 0, 0, 3311070)
(3310843, 0, 0, 3310843)
(3310773, 0, 0, 3310773)
(3310405, 0, 0, 3310405)
(3309785, 0, 0, 3309785)
(3309165, 0, 0, 3309165)
(3308777, 0, 0, 3308777)
(3308776, 0, 0, 3308776)
(3308775, 0, 0, 3308775)
(3308256, 0, 0, 3308256)
(3307628, 0, 0, 3307628)
(3307385, 0, 0, 3307385)
(3307142, 0, 0, 3307142)
(3306378, 0, 0, 3306378)
(3306047, 0, 0, 3306047)
(3305716, 0, 0, 3305716)
(3305715, 0, 0, 3305715)
(3305714, 0, 0, 3305714)
(3305713, 0, 0, 3305713)
(3305712, 0, 0, 3305712)
(3305583, 0, 0, 3305583)
(3305454, 0, 0, 3305454)
(3305325, 0, 0, 3305325)
(3304896, 0, 0, 3304896)
(3304587, 0, 0, 3304587)
(3304313, 0, 0, 3304313)
(3303864, 0, 0, 3303864)
(3303557, 0, 0, 3303557)
(3303250, 0, 0, 3303250)
(3303013, 0, 0, 3303013)
(3302776, 0, 0, 3302776)
(3302539, 0, 0, 3302539)
(3302182, 0, 0, 3302182)
(3301825, 0, 0, 3301825)
(3301565, 0, 0, 3301565)
(3301305, 0, 0, 3301305)
(3301045, 0, 0, 3301045)
(3300881, 0, 0, 3300881)
(3300717, 0, 0, 3300717)
(3300416, 0, 0, 3300416)
(3300415, 0, 0, 3300415)
(3300414, 0, 0, 3300414)
(3300413, 0, 0, 3300413)
(3300406, 0, 0, 3300406)
(3299684, 0, 0, 3299684)
(3299187, 0, 0, 3299187)
(3298897, 0, 0, 3298897)
(3298607, 0, 0, 3298607)
(3298606, 0, 0, 3298606)
(3297725, 0, 0, 3297725)
(3296994, 0, 0, 3296994)
(3296808, 0, 0, 3296808)
(3296622, 0, 0, 3296622)
(3296190, 0, 0, 3296190)
(3295938, 0, 0, 3295938)
(3295334, 0, 0, 3295334)
(3295333, 0, 0, 3295333)
(3295332, 0, 0, 3295332)
(3294403, 0, 0, 3294403)
(3293734, 0, 0, 3293734)
(3293271, 0, 0, 3293271)
(3293130, 0, 0, 3293130)
(3292752, 0, 0, 3292752)
(3292751, 0, 0, 3292751)
(3292451, 0, 0, 3292451)
(3292146, 0, 0, 3292146)
(3291841, 0, 0, 3291841)
(3291764, 0, 0, 3291764)
(3291687, 0, 0, 3291687)
(3291380, 0, 0, 3291380)
(3291238, 0, 0, 3291238)
(3291237, 0, 0, 3291237)
(3290691, 0, 0, 3290691)
(3290505, 0, 0, 3290505)
(3290286, 0, 0, 3290286)
(3289812, 0, 0, 3289812)
(3289382, 0, 0, 3289382)
(3288952, 0, 0, 3288952)
(3288522, 0, 0, 3288522)
(3288521, 0, 0, 3288521)
(3288353, 0, 0, 3288353)
(3288160, 0, 0, 3288160)
(3287098, 0, 0, 3287098)
(3286036, 0, 0, 3286036)
(3285258, 0, 0, 3285258)
(3284950, 0, 0, 3284950)
(3284421, 0, 0, 3284421)
(3283934, 0, 0, 3283934)
(3283784, 0, 0, 3283784)
(3283746, 0, 0, 3283746)
(3283447, 0, 0, 3283447)
(3283188, 0, 0, 3283188)
(3282929, 0, 0, 3282929)
(3282401, 0, 0, 3282401)
(3282300, 0, 0, 3282300)
(3281942, 0, 0, 3281942)
(3281584, 0, 0, 3281584)
(3281537, 0, 0, 3281537)
(3281490, 0, 0, 3281490)
(3281257, 0, 0, 3281257)
(3281024, 0, 0, 3281024)
(3280791, 0, 0, 3280791)
(3280558, 0, 0, 3280558)
(3280325, 0, 0, 3280325)
(3280092, 0, 0, 3280092)
(3279758, 0, 0, 3279758)
(3279063, 0, 0, 3279063)
(3279061, 0, 0, 3279061)
(3278907, 0, 0, 3278907)
(3278529, 0, 0, 3278529)
(3278151, 0, 0, 3278151)
(3278065, 0, 0, 3278065)
(3277979, 0, 0, 3277979)
(3277893, 0, 0, 3277893)
(3277807, 0, 0, 3277807)
(3277319, 0, 0, 3277319)
(3277128, 0, 0, 3277128)
(3276937, 0, 0, 3276937)
(3276746, 0, 0, 3276746)
(3276536, 0, 0, 3276536)
(3276326, 0, 0, 3276326)
(3276116, 0, 0, 3276116)
(3275906, 0, 0, 3275906)
(3275905, 0, 0, 3275905)
(3275904, 0, 0, 3275904)
(3275460, 0, 0, 3275460)
(3275016, 0, 0, 3275016)
(3274572, 0, 0, 3274572)
(3274460, 0, 0, 3274460)
(3274348, 0, 0, 3274348)
(3274236, 0, 0, 3274236)
(3274124, 0, 0, 3274124)
(3273911, 0, 0, 3273911)
(3273698, 0, 0, 3273698)
(3273223, 0, 0, 3273223)
(3273222, 0, 0, 3273222)
(3272928, 0, 0, 3272928)
(3272311, 0, 0, 3272311)
(3272016, 0, 0, 3272016)
(3271721, 0, 0, 3271721)
(3270978, 0, 0, 3270978)
(3270471, 0, 0, 3270471)
(3270456, 0, 0, 3270456)
(3269943, 0, 0, 3269943)
(3269442, 0, 0, 3269442)
(3269233, 0, 0, 3269233)
(3269027, 0, 0, 3269027)
(3268013, 0, 0, 3268013)
(3267437, 0, 0, 3267437)
(3267168, 0, 0, 3267168)
(3266893, 0, 0, 3266893)
(3266638, 0, 0, 3266638)
(3266602, 0, 0, 3266602)
(3266566, 0, 0, 3266566)
(3266530, 0, 0, 3266530)
(3266494, 0, 0, 3266494)
(3266339, 0, 0, 3266339)
(3265916, 0, 0, 3265916)
(3265493, 0, 0, 3265493)
(3264482, 0, 0, 3264482)
(3263739, 0, 0, 3263739)
(3263738, 0, 0, 3263738)
(3263575, 0, 0, 3263575)
(3263552, 0, 0, 3263552)
(3263529, 0, 0, 3263529)
(3263404, 0, 0, 3263404)
(3263256, 0, 0, 3263256)
(3262950, 0, 0, 3262950)
(3262329, 0, 0, 3262329)
(3261708, 0, 0, 3261708)
(3261543, 0, 0, 3261543)
(3261229, 0, 0, 3261229)
(3261050, 0, 0, 3261050)
(3260216, 0, 0, 3260216)
(3259805, 0, 0, 3259805)
(3259462, 0, 0, 3259462)
(3259461, 0, 0, 3259461)
(3259433, 0, 0, 3259433)
(3259405, 0, 0, 3259405)
(3259310, 0, 0, 3259310)
(3259041, 0, 0, 3259041)
(3258673, 0, 0, 3258673)
(3257993, 0, 0, 3257993)
(3257859, 0, 0, 3257859)
(3257600, 0, 0, 3257600)
(3257375, 0, 0, 3257375)
(3256571, 0, 0, 3256571)
(3256314, 0, 0, 3256314)
(3256117, 0, 0, 3256117)
(3255920, 0, 0, 3255920)
(3255723, 0, 0, 3255723)
(3255526, 0, 0, 3255526)
(3255218, 0, 0, 3255218)
(3254974, 0, 0, 3254974)
(3254730, 0, 0, 3254730)
(3254624, 0, 0, 3254624)
(3254404, 0, 0, 3254404)
(3254042, 0, 0, 3254042)
(3253493, 0, 0, 3253493)
(3253395, 0, 0, 3253395)
(3253381, 0, 0, 3253381)
(3253367, 0, 0, 3253367)
(3253176, 0, 0, 3253176)
(3252985, 0, 0, 3252985)
(3252919, 0, 0, 3252919)
(3252853, 0, 0, 3252853)
(3252787, 0, 0, 3252787)
(3252721, 0, 0, 3252721)
(3252655, 0, 0, 3252655)
(3252503, 0, 0, 3252503)
(3252078, 0, 0, 3252078)
(3252077, 0, 0, 3252077)
(3251841, 0, 0, 3251841)
(3251434, 0, 0, 3251434)
(3251374, 0, 0, 3251374)
(3250898, 0, 0, 3250898)
(3250372, 0, 0, 3250372)
(3250015, 0, 0, 3250015)
(3249844, 0, 0, 3249844)
(3249415, 0, 0, 3249415)
(3248714, 0, 0, 3248714)
(3248569, 0, 0, 3248569)
(3248568, 0, 0, 3248568)
(3248442, 0, 0, 3248442)
(3248316, 0, 0, 3248316)
(3248190, 0, 0, 3248190)
(3248064, 0, 0, 3248064)
(3248063, 0, 0, 3248063)
(3248062, 0, 0, 3248062)
(3248061, 0, 0, 3248061)
(3248060, 0, 0, 3248060)
(3247822, 0, 0, 3247822)
(3247153, 0, 0, 3247153)
(3247152, 0, 0, 3247152)
(3247151, 0, 0, 3247151)
(3246769, 0, 0, 3246769)
(3246768, 0, 0, 3246768)
(3246584, 0, 0, 3246584)
(3246057, 0, 0, 3246057)
(3245927, 0, 0, 3245927)
(3245797, 0, 0, 3245797)
(3245144, 0, 0, 3245144)
(3244759, 0, 0, 3244759)
(3244401, 0, 0, 3244401)
(3244043, 0, 0, 3244043)
(3243685, 0, 0, 3243685)
(3243190, 0, 0, 3243190)
(3242695, 0, 0, 3242695)
(3242635, 0, 0, 3242635)
(3242232, 0, 0, 3242232)
(3241829, 0, 0, 3241829)
(3241426, 0, 0, 3241426)
(3241232, 0, 0, 3241232)
(3241231, 0, 0, 3241231)
(3241230, 0, 0, 3241230)
(3241229, 0, 0, 3241229)
(3241228, 0, 0, 3241228)
(3240877, 0, 0, 3240877)
