(2666237, 0, 0, 2666237)
(2665586, 0, 0, 2665586)
(2664763, 0, 0, 2664763)
(2660977, 0, 0, 2660977)
(2660263, 0, 0, 2660263)
(2659272, 0, 0, 2659272)
(2658523, 0, 0, 2658523)
(2658235, 0, 0, 2658235)
(2656508, 0, 0, 2656508)
(2656508, 0, 0, 2656508)
(2662339, 0, 6431, 2668770)
(2660498, 0, 6431, 2666929)
(2660329, 0, 6431, 2666760)
(2659869, 0, 6431, 2666300)
(2658904, 0, 6431, 2665335)
(2664642, 0, 0, 2664642)
(2662600, 0, 0, 2662600)
(2660733, 0, 0, 2660733)
(2660092, 0, 0, 2660092)
(2659334, 0, 0, 2659334)
(2662122, 0, 4525, 2666647)
(2660867, 0, 5084, 2665951)
(2658905, 0, 5084, 2663989)
(2657630, 0, 5084, 2662714)
(2657336, 0, 5084, 2662420)
(2657336, 0, 5084, 2662420)
(2655680, 0, 5084, 2660764)
(2655680, 0, 5084, 2660764)
(2653863, 0, 5084, 2658947)
(2653460, 0, 5084, 2658544)
(2658989, 0, 9872, 2668861)
(2659204, 0, 9625, 2668829)
(2657557, 0, 9872, 2667429)
(2656632, 0, 9872, 2666504)
(2654819, 0, 9872, 2664691)
(2654819, 0, 9872, 2664691)
(2654818, 0, 9872, 2664690)
(2654604, 0, 9872, 2664476)
(2654343, 0, 9872, 2664215)
(2652788, 0, 9872, 2662660)
(2666237, 0, 0, 2666237)
