(3391045, 0, 0, 3391045)
(3390150, 891, 0, 3391041)
(3389797, 0, 0, 3389797)
(3388121, 891, 0, 3389012)
(3387078, 0, 0, 3387078)
(3387078, 0, 0, 3387078)
(3386880, 0, 0, 3386880)
(3385146, 0, 0, 3385146)
(3385146, 0, 0, 3385146)
(3385146, 0, 0, 3385146)
(3387659, 0, 3089, 3390748)
(3386447, 0, 3089, 3389536)
(3384496, 0, 3089, 3387585)
(3384496, 0, 3089, 3387585)
(3381043, 0, 3089, 3384132)
(3380315, 0, 3089, 3383404)
(3380315, 0, 3089, 3383404)
(3378751, 0, 3089, 3381840)
(3377314, 0, 3089, 3380403)
(3377108, 0, 3089, 3380197)
(3388056, 0, 5361, 3393417)
(3386513, 0, 5361, 3391874)
(3386441, 0, 5361, 3391802)
(3386059, 0, 5361, 3391420)
(3391045, 0, 0, 3391045)
