(4663553, 0, 0, 4663553)
(4663553, 0, 0, 4663553)
(4663344, 0, 0, 4663344)
(4662080, 0, 0, 4662080)
(4661230, 0, 0, 4661230)
(4661230, 0, 0, 4661230)
(4660181, 0, 0, 4660181)
(4660019, 0, 0, 4660019)
(4660019, 0, 0, 4660019)
(4659018, 0, 0, 4659018)
(4661626, 0, 149, 4661775)
(4660526, 0, 149, 4660675)
(4659692, 0, 149, 4659841)
(4659609, 0, 149, 4659758)
(4658668, 0, 149, 4658817)
(4657242, 0, 149, 4657391)
(4657242, 0, 149, 4657391)
(4656594, 0, 149, 4656743)
(4655209, 0, 149, 4655358)
(4654277, 0, 149, 4654426)
(4663553, 0, 0, 4663553)
