(3499299, 0, 0, 3499299)
(3499099, 0, 0, 3499099)
(3498198, 0, 0, 3498198)
(3496334, 0, 0, 3496334)
(3495301, 0, 0, 3495301)
(3495014, 0, 0, 3495014)
(3493754, 0, 0, 3493754)
(3492899, 0, 0, 3492899)
(3492284, 0, 0, 3492284)
(3491903, 0, 0, 3491903)
(3493247, 0, 7210, 3500457)
(3493503, 0, 6716, 3500219)
(3493503, 0, 6716, 3500219)
(3492840, 0, 7210, 3500050)
(3498492, 0, 0, 3498492)
(3497549, 0, 0, 3497549)
(3496242, 0, 0, 3496242)
(3494408, 0, 0, 3494408)
(3494091, 0, 0, 3494091)
(3493148, 0, 0, 3493148)
(3496299, 0, 1715, 3498014)
(3494867, 999, 1715, 3497581)
(3493077, 999, 1715, 3495791)
(3492716, 999, 1715, 3495430)
(3492423, 999, 1715, 3495137)
(3491748, 999, 1715, 3494462)
(3490428, 999, 1715, 3493142)
(3490428, 999, 1715, 3493142)
(3488057, 999, 1715, 3490771)
(3488057, 999, 1715, 3490771)
(3488012, 2575, 12258, 3502845)
(3486354, 2575, 12258, 3501187)
(3499299, 0, 0, 3499299)
