(5030905, 0, 0, 5030905)
(5030682, 0, 0, 5030682)
(5030299, 0, 0, 5030299)
(5030005, 0, 0, 5030005)
(5029711, 0, 0, 5029711)
(5029417, 0, 0, 5029417)
(5029312, 0, 0, 5029312)
(5029311, 0, 0, 5029311)
(5029229, 0, 0, 5029229)
(5029147, 0, 0, 5029147)
(5029065, 0, 0, 5029065)
(5028983, 0, 0, 5028983)
(5028901, 0, 0, 5028901)
(5028765, 0, 0, 5028765)
(5028629, 0, 0, 5028629)
(5028553, 0, 0, 5028553)
(5028477, 0, 0, 5028477)
(5028401, 0, 0, 5028401)
(5028325, 0, 0, 5028325)
(5028073, 0, 0, 5028073)
(5027821, 0, 0, 5027821)
(5027569, 0, 0, 5027569)
(5027317, 0, 0, 5027317)
(5027161, 0, 0, 5027161)
(5026897, 0, 0, 5026897)
(5026778, 0, 0, 5026778)
(5026182, 0, 0, 5026182)
(5025641, 0, 0, 5025641)
(5025388, 0, 0, 5025388)
(5025276, 0, 0, 5025276)
(5025164, 0, 0, 5025164)
(5024931, 0, 0, 5024931)
(5024698, 0, 0, 5024698)
(5024273, 0, 0, 5024273)
(5023552, 0, 0, 5023552)
(5022831, 0, 0, 5022831)
(5022110, 0, 0, 5022110)
(5021742, 0, 0, 5021742)
(5021184, 0, 0, 5021184)
(5020584, 0, 0, 5020584)
(5020067, 0, 0, 5020067)
(5019623, 0, 0, 5019623)
(5019622, 0, 0, 5019622)
(5019621, 0, 0, 5019621)
(5019620, 0, 0, 5019620)
(5019502, 0, 0, 5019502)
(5019281, 0, 0, 5019281)
(5018779, 0, 0, 5018779)
(5017785, 0, 0, 5017785)
(5017633, 0, 0, 5017633)
(5017481, 0, 0, 5017481)
(5017345, 0, 0, 5017345)
(5017210, 0, 0, 5017210)
(5016724, 0, 0, 5016724)
(5016468, 0, 0, 5016468)
(5016212, 0, 0, 5016212)
(5015956, 0, 0, 5015956)
(5015700, 0, 0, 5015700)
(5015158, 0, 0, 5015158)
(5014762, 0, 0, 5014762)
(5014197, 0, 0, 5014197)
(5014125, 0, 0, 5014125)
(5013740, 0, 0, 5013740)
(5013429, 0, 0, 5013429)
(5013087, 0, 0, 5013087)
(5012745, 0, 0, 5012745)
(5012403, 0, 0, 5012403)
(5011925, 0, 0, 5011925)
(5011328, 0, 0, 5011328)
(5010731, 0, 0, 5010731)
(5010606, 0, 0, 5010606)
(5010380, 0, 0, 5010380)
(5010129, 0, 0, 5010129)
(5010104, 0, 0, 5010104)
(5010079, 0, 0, 5010079)
(5010054, 0, 0, 5010054)
(5009856, 0, 0, 5009856)
(5009658, 0, 0, 5009658)
(5009621, 0, 0, 5009621)
(5009555, 0, 0, 5009555)
(5009179, 0, 0, 5009179)
(5009178, 0, 0, 5009178)
(5008736, 0, 0, 5008736)
(5008294, 0, 0, 5008294)
(5007852, 0, 0, 5007852)
(5007656, 0, 0, 5007656)
(5007440, 0, 0, 5007440)
(5006885, 0, 0, 5006885)
(5006641, 0, 0, 5006641)
(5006561, 0, 0, 5006561)
(5006234, 0, 0, 5006234)
(5005868, 0, 0, 5005868)
(5005502, 0, 0, 5005502)
(5004973, 0, 0, 5004973)
(5004444, 0, 0, 5004444)
(5004120, 0, 0, 5004120)
(5003683, 0, 0, 5003683)
(5003016, 0, 0, 5003016)
(5002781, 0, 0, 5002781)
(5002603, 0, 0, 5002603)
(5002095, 0, 0, 5002095)
(5001688, 0, 0, 5001688)
(5001283, 0, 0, 5001283)
(5001171, 0, 0, 5001171)
(5000942, 0, 0, 5000942)
(5000363, 0, 0, 5000363)
(5000195, 0, 0, 5000195)
(5000027, 0, 0, 5000027)
(5000000, 0, 0, 5000000)
(4999721, 0, 0, 4999721)
(4999398, 0, 0, 4999398)
(4999094, 0, 0, 4999094)
(4998899, 0, 0, 4998899)
(4998704, 0, 0, 4998704)
(4998593, 0, 0, 4998593)
(4998482, 0, 0, 4998482)
(4998371, 0, 0, 4998371)
(4998158, 0, 0, 4998158)
(4997850, 0, 0, 4997850)
(4997559, 0, 0, 4997559)
(4997159, 0, 0, 4997159)
(4996972, 0, 0, 4996972)
(4996785, 0, 0, 4996785)
(4995884, 0, 0, 4995884)
(4995618, 0, 0, 4995618)
(4994996, 0, 0, 4994996)
(4994709, 0, 0, 4994709)
(4994160, 0, 0, 4994160)
(4994061, 0, 0, 4994061)
(4994026, 0, 0, 4994026)
(4993991, 0, 0, 4993991)
(4993665, 0, 0, 4993665)
(4993320, 0, 0, 4993320)
(4992975, 0, 0, 4992975)
(4992736, 0, 0, 4992736)
(4992041, 0, 0, 4992041)
(4991819, 0, 0, 4991819)
(4991620, 0, 0, 4991620)
(4990982, 0, 0, 4990982)
(4990344, 0, 0, 4990344)
(4989706, 0, 0, 4989706)
(4989414, 0, 0, 4989414)
(4989192, 0, 0, 4989192)
(4988152, 0, 0, 4988152)
(4988014, 0, 0, 4988014)
(4987625, 0, 0, 4987625)
(4987236, 0, 0, 4987236)
(4986847, 0, 0, 4986847)
(4986443, 0, 0, 4986443)
(4986039, 0, 0, 4986039)
(4985596, 0, 0, 4985596)
(4985338, 0, 0, 4985338)
(4984293, 0, 0, 4984293)
(4983747, 0, 0, 4983747)
(4983670, 0, 0, 4983670)
(4983593, 0, 0, 4983593)
(4983510, 0, 0, 4983510)
(4983427, 0, 0, 4983427)
(4983344, 0, 0, 4983344)
(4983261, 0, 0, 4983261)
(4983178, 0, 0, 4983178)
(4983095, 0, 0, 4983095)
(4982960, 0, 0, 4982960)
(4982825, 0, 0, 4982825)
(4982551, 0, 0, 4982551)
(4982304, 0, 0, 4982304)
(4981644, 0, 0, 4981644)
(4981535, 0, 0, 4981535)
(4980549, 0, 0, 4980549)
(4980251, 0, 0, 4980251)
(4979961, 0, 0, 4979961)
(4979398, 0, 0, 4979398)
(4979342, 0, 0, 4979342)
(4979286, 0, 0, 4979286)
(4979285, 0, 0, 4979285)
(4978767, 0, 0, 4978767)
(4978496, 0, 0, 4978496)
(4977809, 0, 0, 4977809)
(4977544, 0, 0, 4977544)
(4977030, 0, 0, 4977030)
(4976516, 0, 0, 4976516)
(4976284, 0, 0, 4976284)
(4976052, 0, 0, 4976052)
(4975938, 0, 0, 4975938)
(4975701, 0, 0, 4975701)
(4975700, 0, 0, 4975700)
(4975699, 0, 0, 4975699)
(4975698, 0, 0, 4975698)
(4975697, 0, 0, 4975697)
(4975456, 0, 0, 4975456)
(4975215, 0, 0, 4975215)
(4974974, 0, 0, 4974974)
(4974835, 0, 0, 4974835)
(4974808, 0, 0, 4974808)
(4974539, 0, 0, 4974539)
(4974485, 0, 0, 4974485)
(4974027, 0, 0, 4974027)
(4973569, 0, 0, 4973569)
(4972845, 0, 0, 4972845)
(4972750, 0, 0, 4972750)
(4972360, 0, 0, 4972360)
(4972061, 0, 0, 4972061)
(4971816, 0, 0, 4971816)
(4971619, 0, 0, 4971619)
(4971551, 0, 0, 4971551)
(4971550, 0, 0, 4971550)
(4970990, 0, 0, 4970990)
(4969936, 0, 0, 4969936)
(4969766, 0, 0, 4969766)
(4969596, 0, 0, 4969596)
(4968754, 0, 0, 4968754)
(4967912, 0, 0, 4967912)
(4967486, 0, 0, 4967486)
(4967485, 0, 0, 4967485)
(4967484, 0, 0, 4967484)
(4966905, 0, 0, 4966905)
(4966272, 0, 0, 4966272)
(4965883, 0, 0, 4965883)
(4965594, 0, 0, 4965594)
(4965218, 0, 0, 4965218)
(4964842, 0, 0, 4964842)
(4964774, 0, 0, 4964774)
(4964593, 0, 0, 4964593)
(4964412, 0, 0, 4964412)
(4964231, 0, 0, 4964231)
(4964050, 0, 0, 4964050)
(4963350, 0, 0, 4963350)
(4963135, 0, 0, 4963135)
(4962760, 0, 0, 4962760)
(4962385, 0, 0, 4962385)
(4961875, 0, 0, 4961875)
(4961874, 0, 0, 4961874)
(4961365, 0, 0, 4961365)
(4960894, 0, 0, 4960894)
(4960766, 0, 0, 4960766)
(4960638, 0, 0, 4960638)
(4960208, 0, 0, 4960208)
(4959940, 0, 0, 4959940)
(4959704, 0, 0, 4959704)
(4959468, 0, 0, 4959468)
(4959232, 0, 0, 4959232)
(4958996, 0, 0, 4958996)
(4958760, 0, 0, 4958760)
(4958524, 0, 0, 4958524)
(4958031, 0, 0, 4958031)
(4957875, 0, 0, 4957875)
(4957719, 0, 0, 4957719)
(4957563, 0, 0, 4957563)
(4957407, 0, 0, 4957407)
(4957251, 0, 0, 4957251)
(4957095, 0, 0, 4957095)
(4956939, 0, 0, 4956939)
(4956730, 0, 0, 4956730)
(4956655, 0, 0, 4956655)
(4956395, 0, 0, 4956395)
(4956112, 0, 0, 4956112)
(4955776, 0, 0, 4955776)
(4955280, 0, 0, 4955280)
(4955140, 0, 0, 4955140)
(4954693, 0, 0, 4954693)
(4954566, 0, 0, 4954566)
(4954370, 0, 0, 4954370)
(4954237, 0, 0, 4954237)
(4954104, 0, 0, 4954104)
(4953971, 0, 0, 4953971)
(4953392, 0, 0, 4953392)
(4952813, 0, 0, 4952813)
(4952802, 0, 0, 4952802)
(4952791, 0, 0, 4952791)
(4952780, 0, 0, 4952780)
(4952445, 0, 0, 4952445)
(4952278, 0, 0, 4952278)
(4951907, 0, 0, 4951907)
(4951579, 0, 0, 4951579)
(4951166, 0, 0, 4951166)
(4950753, 0, 0, 4950753)
(4950340, 0, 0, 4950340)
(4950145, 0, 0, 4950145)
(4949759, 0, 0, 4949759)
(4949658, 0, 0, 4949658)
(4949557, 0, 0, 4949557)
(4949456, 0, 0, 4949456)
(4949355, 0, 0, 4949355)
(4949354, 0, 0, 4949354)
(4949353, 0, 0, 4949353)
(4948735, 0, 0, 4948735)
(4948334, 0, 0, 4948334)
(4947892, 0, 0, 4947892)
(4947530, 0, 0, 4947530)
(4946942, 0, 0, 4946942)
(4946744, 0, 0, 4946744)
(4946693, 0, 0, 4946693)
(4946366, 0, 0, 4946366)
(4946242, 0, 0, 4946242)
(4945395, 0, 0, 4945395)
(4945225, 0, 0, 4945225)
(4944879, 0, 0, 4944879)
(4944400, 0, 0, 4944400)
(4944188, 0, 0, 4944188)
(4943995, 0, 0, 4943995)
(4943994, 0, 0, 4943994)
(4943841, 0, 0, 4943841)
(4943840, 0, 0, 4943840)
(4943839, 0, 0, 4943839)
(4943838, 0, 0, 4943838)
(4943599, 0, 0, 4943599)
(4943360, 0, 0, 4943360)
(4943121, 0, 0, 4943121)
(4942882, 0, 0, 4942882)
(4942643, 0, 0, 4942643)
(4942404, 0, 0, 4942404)
(4942356, 0, 0, 4942356)
(4941973, 0, 0, 4941973)
(4941686, 0, 0, 4941686)
(4941364, 0, 0, 4941364)
(4941143, 0, 0, 4941143)
(4940833, 0, 0, 4940833)
(4940523, 0, 0, 4940523)
(4940213, 0, 0, 4940213)
(4939562, 0, 0, 4939562)
(4939212, 0, 0, 4939212)
(4938754, 0, 0, 4938754)
(4938739, 0, 0, 4938739)
(4938724, 0, 0, 4938724)
(4938709, 0, 0, 4938709)
(4938694, 0, 0, 4938694)
(4938679, 0, 0, 4938679)
(4938664, 0, 0, 4938664)
(4938649, 0, 0, 4938649)
(4938511, 0, 0, 4938511)
(4938373, 0, 0, 4938373)
(4938235, 0, 0, 4938235)
(4938015, 0, 0, 4938015)
(4937866, 0, 0, 4937866)
(4937622, 0, 0, 4937622)
(4937557, 0, 0, 4937557)
(4937492, 0, 0, 4937492)
(4937491, 0, 0, 4937491)
(4937490, 0, 0, 4937490)
(4937103, 0, 0, 4937103)
(4936716, 0, 0, 4936716)
(4935735, 0, 0, 4935735)
(4935361, 0, 0, 4935361)
(4934987, 0, 0, 4934987)
(4934647, 0, 0, 4934647)
(4933957, 0, 0, 4933957)
(4933670, 0, 0, 4933670)
(4933383, 0, 0, 4933383)
(4933338, 0, 0, 4933338)
(4933270, 0, 0, 4933270)
(4933102, 0, 0, 4933102)
(4932934, 0, 0, 4932934)
(4932597, 0, 0, 4932597)
(4932414, 0, 0, 4932414)
(4932413, 0, 0, 4932413)
(4932370, 0, 0, 4932370)
(4932369, 0, 0, 4932369)
(4932150, 0, 0, 4932150)
(4931931, 0, 0, 4931931)
(4931652, 0, 0, 4931652)
(4931232, 0, 0, 4931232)
(4931008, 0, 0, 4931008)
(4930526, 0, 0, 4930526)
(4930525, 0, 0, 4930525)
(4930524, 0, 0, 4930524)
(4930302, 0, 0, 4930302)
(4930301, 0, 0, 4930301)
(4930300, 0, 0, 4930300)
(4930299, 0, 0, 4930299)
(4930298, 0, 0, 4930298)
(4930231, 0, 0, 4930231)
(4930230, 0, 0, 4930230)
(4930229, 0, 0, 4930229)
(4930228, 0, 0, 4930228)
(4930227, 0, 0, 4930227)
(4930226, 0, 0, 4930226)
(4930225, 0, 0, 4930225)
(4930224, 0, 0, 4930224)
(4930223, 0, 0, 4930223)
(4930222, 0, 0, 4930222)
(4930166, 0, 0, 4930166)
(4929755, 0, 0, 4929755)
(4929713, 0, 0, 4929713)
(4929671, 0, 0, 4929671)
(4929629, 0, 0, 4929629)
(4929587, 0, 0, 4929587)
(4929545, 0, 0, 4929545)
(4929503, 0, 0, 4929503)
(4929249, 0, 0, 4929249)
(4928995, 0, 0, 4928995)
(4928741, 0, 0, 4928741)
(4928487, 0, 0, 4928487)
(4928480, 0, 0, 4928480)
(4928473, 0, 0, 4928473)
(4927888, 0, 0, 4927888)
(4927887, 0, 0, 4927887)
(4927886, 0, 0, 4927886)
(4927885, 0, 0, 4927885)
(4927884, 0, 0, 4927884)
(4927883, 0, 0, 4927883)
(4927746, 0, 0, 4927746)
(4927657, 0, 0, 4927657)
(4927537, 0, 0, 4927537)
(4927016, 0, 0, 4927016)
(4926671, 0, 0, 4926671)
(4926661, 0, 0, 4926661)
(4926264, 0, 0, 4926264)
(4926138, 0, 0, 4926138)
(4925808, 0, 0, 4925808)
(4925647, 0, 0, 4925647)
(4925646, 0, 0, 4925646)
(4925431, 0, 0, 4925431)
(4924766, 0, 0, 4924766)
(4924765, 0, 0, 4924765)
(4924764, 0, 0, 4924764)
(4924763, 0, 0, 4924763)
(4924762, 0, 0, 4924762)
(4924761, 0, 0, 4924761)
(4924760, 0, 0, 4924760)
(4924593, 0, 0, 4924593)
(4924426, 0, 0, 4924426)
(4924155, 0, 0, 4924155)
(4924137, 0, 0, 4924137)
(4923691, 0, 0, 4923691)
(4923245, 0, 0, 4923245)
(4922799, 0, 0, 4922799)
(4921959, 0, 0, 4921959)
(4921119, 0, 0, 4921119)
(4920628, 0, 0, 4920628)
(4920465, 0, 0, 4920465)
(4920400, 0, 0, 4920400)
(4920335, 0, 0, 4920335)
(4920270, 0, 0, 4920270)
(4920196, 0, 0, 4920196)
(4919367, 0, 0, 4919367)
(4918810, 0, 0, 4918810)
(4918516, 0, 0, 4918516)
(4918305, 0, 0, 4918305)
(4918094, 0, 0, 4918094)
(4917883, 0, 0, 4917883)
(4917655, 0, 0, 4917655)
(4917200, 0, 0, 4917200)
(4916746, 0, 0, 4916746)
(4916134, 0, 0, 4916134)
(4915822, 0, 0, 4915822)
(4915767, 0, 0, 4915767)
(4915745, 0, 0, 4915745)
(4915478, 0, 0, 4915478)
(4915211, 0, 0, 4915211)
(4915210, 0, 0, 4915210)
(4914871, 0, 0, 4914871)
(4914732, 0, 0, 4914732)
(4914473, 0, 0, 4914473)
(4914250, 0, 0, 4914250)
(4914027, 0, 0, 4914027)
(4913804, 0, 0, 4913804)
(4913493, 0, 0, 4913493)
(4913182, 0, 0, 4913182)
(4912871, 0, 0, 4912871)
(4912290, 0, 0, 4912290)
(4911821, 0, 0, 4911821)
(4911820, 0, 0, 4911820)
(4911819, 0, 0, 4911819)
(4911818, 0, 0, 4911818)
(4911817, 0, 0, 4911817)
(4911816, 0, 0, 4911816)
(4911815, 0, 0, 4911815)
(4911814, 0, 0, 4911814)
(4911813, 0, 0, 4911813)
(4911812, 0, 0, 4911812)
(4911811, 0, 0, 4911811)
(4911810, 0, 0, 4911810)
(4911809, 0, 0, 4911809)
(4911808, 0, 0, 4911808)
(4911807, 0, 0, 4911807)
(4911806, 0, 0, 4911806)
(4911805, 0, 0, 4911805)
(4911642, 0, 0, 4911642)
(4911223, 0, 0, 4911223)
(4911049, 0, 0, 4911049)
(4910772, 0, 0, 4910772)
(4910700, 0, 0, 4910700)
(4910628, 0, 0, 4910628)
(4910368, 0, 0, 4910368)
(4910108, 0, 0, 4910108)
(4909848, 0, 0, 4909848)
(4909306, 0, 0, 4909306)
(4909128, 0, 0, 4909128)
(4909127, 0, 0, 4909127)
(4908559, 0, 0, 4908559)
(4907872, 0, 0, 4907872)
(4907354, 0, 0, 4907354)
(4907206, 0, 0, 4907206)
(4906898, 0, 0, 4906898)
(4906428, 0, 0, 4906428)
(4905810, 0, 0, 4905810)
(4904987, 0, 0, 4904987)
(4904165, 0, 0, 4904165)
(4903994, 0, 0, 4903994)
(4903744, 0, 0, 4903744)
(4903700, 0, 0, 4903700)
(4903493, 0, 0, 4903493)
(4903286, 0, 0, 4903286)
(4902833, 0, 0, 4902833)
(4902110, 0, 0, 4902110)
(4902109, 0, 0, 4902109)
(4901527, 0, 0, 4901527)
(4901124, 0, 0, 4901124)
(4900876, 0, 0, 4900876)
(4900810, 0, 0, 4900810)
(4900524, 0, 0, 4900524)
(4900421, 0, 0, 4900421)
(4900318, 0, 0, 4900318)
(4900215, 0, 0, 4900215)
(4900112, 0, 0, 4900112)
(4900061, 0, 0, 4900061)
(4900010, 0, 0, 4900010)
(4899959, 0, 0, 4899959)
(4899908, 0, 0, 4899908)
(4899857, 0, 0, 4899857)
(4899691, 0, 0, 4899691)
(4899525, 0, 0, 4899525)
(4899359, 0, 0, 4899359)
(4899193, 0, 0, 4899193)
(4899027, 0, 0, 4899027)
(4898861, 0, 0, 4898861)
(4898695, 0, 0, 4898695)
(4898529, 0, 0, 4898529)
(4898432, 0, 0, 4898432)
(4897800, 0, 0, 4897800)
(4897799, 0, 0, 4897799)
(4897679, 0, 0, 4897679)
(4897084, 0, 0, 4897084)
(4896648, 0, 0, 4896648)
(4896211, 0, 0, 4896211)
(4896210, 0, 0, 4896210)
(4896051, 0, 0, 4896051)
(4895489, 0, 0, 4895489)
(4895359, 0, 0, 4895359)
(4895229, 0, 0, 4895229)
(4894986, 0, 0, 4894986)
(4894971, 0, 0, 4894971)
(4894966, 0, 0, 4894966)
(4894408, 0, 0, 4894408)
(4894361, 0, 0, 4894361)
(4894053, 0, 0, 4894053)
(4893699, 0, 0, 4893699)
(4893345, 0, 0, 4893345)
(4893344, 0, 0, 4893344)
(4892943, 0, 0, 4892943)
(4892942, 0, 0, 4892942)
(4892941, 0, 0, 4892941)
(4892940, 0, 0, 4892940)
(4892939, 0, 0, 4892939)
(4892938, 0, 0, 4892938)
(4892937, 0, 0, 4892937)
(4892936, 0, 0, 4892936)
(4892744, 0, 0, 4892744)
(4892618, 0, 0, 4892618)
(4892492, 0, 0, 4892492)
(4892366, 0, 0, 4892366)
(4892365, 0, 0, 4892365)
(4892364, 0, 0, 4892364)
(4892363, 0, 0, 4892363)
(4892362, 0, 0, 4892362)
(4892043, 0, 0, 4892043)
(4891387, 0, 0, 4891387)
(4890980, 0, 0, 4890980)
(4890866, 0, 0, 4890866)
(4890752, 0, 0, 4890752)
(4890533, 0, 0, 4890533)
(4890532, 0, 0, 4890532)
(4890531, 0, 0, 4890531)
(4890530, 0, 0, 4890530)
(4890043, 0, 0, 4890043)
(4889978, 0, 0, 4889978)
(4889911, 0, 0, 4889911)
(4889386, 0, 0, 4889386)
(4888771, 0, 0, 4888771)
(4888156, 0, 0, 4888156)
(4887921, 0, 0, 4887921)
(4887686, 0, 0, 4887686)
(4886725, 0, 0, 4886725)
(4886278, 0, 0, 4886278)
(4886081, 0, 0, 4886081)
(4885884, 0, 0, 4885884)
(4885667, 0, 0, 4885667)
(4885450, 0, 0, 4885450)
(4885233, 0, 0, 4885233)
(4884466, 0, 0, 4884466)
(4884278, 0, 0, 4884278)
(4884176, 0, 0, 4884176)
(4883792, 0, 0, 4883792)
