(4745965, 0, 0, 4745965)
(4745756, 0, 0, 4745756)
(4742734, 1570, 0, 4744304)
(4742283, 1570, 0, 4743853)
(4742283, 1570, 0, 4743853)
(4740987, 1570, 0, 4742557)
(4740474, 1570, 0, 4742044)
(4739050, 1570, 0, 4740620)
(4739050, 1570, 0, 4740620)
(4738531, 1570, 0, 4740101)
(4742208, 3140, 5534, 4750882)
(4742208, 3140, 5534, 4750882)
(4741538, 3140, 5534, 4750212)
(4741488, 3140, 5534, 4750162)
(4745214, 0, 0, 4745214)
(4744789, 0, 0, 4744789)
(4743882, 0, 0, 4743882)
(4743882, 0, 0, 4743882)
(4742087, 0, 0, 4742087)
(4742087, 0, 0, 4742087)
(4745965, 0, 0, 4745965)
