(4350829, 1094, 0, 4351923)
(4351476, 0, 0, 4351476)
(4351476, 0, 0, 4351476)
(4351237, 0, 0, 4351237)
(4350817, 0, 0, 4350817)
(4350612, 0, 0, 4350612)
(4349865, 0, 0, 4349865)
(4348248, 0, 0, 4348248)
(4348248, 0, 0, 4348248)
(4346012, 0, 0, 4346012)
(4347287, 0, 4036, 4351323)
(4347680, 0, 2750, 4350430)
(4347048, 0, 2750, 4349798)
(4346908, 0, 2750, 4349658)
(4345777, 0, 2750, 4348527)
(4344846, 0, 2750, 4347596)
(4344846, 0, 2750, 4347596)
(4344846, 0, 2750, 4347596)
(4342633, 0, 2750, 4345383)
(4342248, 0, 2750, 4344998)
(4352233, 0, 0, 4352233)
