(3499299, 0, 0, 3499299)
(3499013, 0, 0, 3499013)
(3498724, 0, 0, 3498724)
(3497968, 0, 0, 3497968)
(3497560, 0, 0, 3497560)
(3496707, 0, 0, 3496707)
(3496478, 0, 0, 3496478)
(3496333, 0, 0, 3496333)
(3496148, 0, 0, 3496148)
(3496049, 0, 0, 3496049)
(3495114, 0, 0, 3495114)
(3494490, 0, 0, 3494490)
(3493731, 0, 0, 3493731)
(3493429, 0, 0, 3493429)
(3492940, 0, 0, 3492940)
(3491966, 0, 0, 3491966)
(3491209, 0, 0, 3491209)
(3490470, 0, 0, 3490470)
(3490342, 0, 0, 3490342)
(3489568, 0, 0, 3489568)
(3488791, 0, 0, 3488791)
(3488314, 0, 0, 3488314)
(3487890, 0, 0, 3487890)
(3487357, 0, 0, 3487357)
(3486957, 0, 0, 3486957)
(3486746, 0, 0, 3486746)
(3486236, 0, 0, 3486236)
(3485572, 0, 0, 3485572)
(3485060, 0, 0, 3485060)
(3484354, 0, 0, 3484354)
(3483792, 0, 0, 3483792)
(3483139, 0, 0, 3483139)
(3482256, 0, 0, 3482256)
(3481713, 0, 0, 3481713)
(3481170, 0, 0, 3481170)
(3480564, 0, 0, 3480564)
(3479896, 0, 0, 3479896)
(3479271, 0, 0, 3479271)
(3478890, 0, 0, 3478890)
(3478559, 0, 0, 3478559)
(3478435, 0, 0, 3478435)
(3478262, 0, 0, 3478262)
(3478023, 0, 0, 3478023)
(3477410, 0, 0, 3477410)
(3477023, 0, 0, 3477023)
(3475925, 0, 0, 3475925)
(3475758, 0, 0, 3475758)
(3475589, 0, 0, 3475589)
(3475466, 0, 0, 3475466)
(3475055, 0, 0, 3475055)
(3474671, 0, 0, 3474671)
(3474287, 0, 0, 3474287)
(3474119, 0, 0, 3474119)
(3473139, 0, 0, 3473139)
(3472599, 0, 0, 3472599)
(3471739, 0, 0, 3471739)
(3471552, 0, 0, 3471552)
(3471002, 0, 0, 3471002)
(3470195, 0, 0, 3470195)
(3469461, 0, 0, 3469461)
(3468727, 0, 0, 3468727)
(3468371, 0, 0, 3468371)
(3468115, 0, 0, 3468115)
(3467643, 0, 0, 3467643)
(3467105, 0, 0, 3467105)
(3466485, 0, 0, 3466485)
(3466123, 0, 0, 3466123)
(3465636, 0, 0, 3465636)
(3465194, 0, 0, 3465194)
(3465092, 0, 0, 3465092)
(3464256, 0, 0, 3464256)
(3463369, 0, 0, 3463369)
(3462942, 0, 0, 3462942)
(3462322, 0, 0, 3462322)
(3461814, 0, 0, 3461814)
(3461543, 0, 0, 3461543)
(3460624, 0, 0, 3460624)
(3460331, 0, 0, 3460331)
(3459462, 0, 0, 3459462)
(3458597, 0, 0, 3458597)
(3458416, 0, 0, 3458416)
(3457694, 0, 0, 3457694)
(3457667, 0, 0, 3457667)
(3456903, 0, 0, 3456903)
(3456705, 0, 0, 3456705)
(3456274, 0, 0, 3456274)
(3455964, 0, 0, 3455964)
(3455245, 0, 0, 3455245)
(3454569, 0, 0, 3454569)
(3454355, 0, 0, 3454355)
(3453052, 0, 0, 3453052)
(3452954, 0, 0, 3452954)
(3452244, 0, 0, 3452244)
(3452029, 0, 0, 3452029)
(3451795, 0, 0, 3451795)
(3451418, 0, 0, 3451418)
(3450890, 0, 0, 3450890)
(3450524, 0, 0, 3450524)
(3449895, 0, 0, 3449895)
(3449566, 0, 0, 3449566)
(3449484, 0, 0, 3449484)
(3448729, 0, 0, 3448729)
(3448360, 0, 0, 3448360)
(3447991, 0, 0, 3447991)
(3447622, 0, 0, 3447622)
(3447253, 0, 0, 3447253)
(3446402, 0, 0, 3446402)
(3445648, 0, 0, 3445648)
(3445042, 0, 0, 3445042)
(3444231, 0, 0, 3444231)
(3443462, 0, 0, 3443462)
(3442673, 0, 0, 3442673)
(3441940, 0, 0, 3441940)
(3441164, 0, 0, 3441164)
(3440847, 0, 0, 3440847)
(3440433, 0, 0, 3440433)
(3440032, 0, 0, 3440032)
(3439975, 0, 0, 3439975)
(3439869, 0, 0, 3439869)
(3439357, 0, 0, 3439357)
(3439300, 0, 0, 3439300)
(3438863, 0, 0, 3438863)
(3438618, 0, 0, 3438618)
(3438303, 0, 0, 3438303)
(3438148, 0, 0, 3438148)
(3437426, 0, 0, 3437426)
(3436917, 0, 0, 3436917)
(3436372, 0, 0, 3436372)
(3435852, 0, 0, 3435852)
(3434896, 0, 0, 3434896)
(3434349, 0, 0, 3434349)
(3433678, 0, 0, 3433678)
(3433345, 0, 0, 3433345)
(3432743, 0, 0, 3432743)
(3432321, 0, 0, 3432321)
(3432129, 0, 0, 3432129)
(3432058, 0, 0, 3432058)
(3431770, 0, 0, 3431770)
(3431721, 0, 0, 3431721)
(3431167, 0, 0, 3431167)
(3430927, 0, 0, 3430927)
(3430454, 0, 0, 3430454)
(3430238, 0, 0, 3430238)
(3429846, 0, 0, 3429846)
(3428881, 0, 0, 3428881)
(3428416, 0, 0, 3428416)
(3428261, 0, 0, 3428261)
(3427844, 0, 0, 3427844)
(3427233, 0, 0, 3427233)
(3427077, 0, 0, 3427077)
(3426552, 0, 0, 3426552)
(3426248, 0, 0, 3426248)
(3425986, 0, 0, 3425986)
(3425579, 0, 0, 3425579)
(3425178, 0, 0, 3425178)
(3424666, 0, 0, 3424666)
(3424570, 0, 0, 3424570)
(3424421, 0, 0, 3424421)
(3423841, 0, 0, 3423841)
(3423728, 0, 0, 3423728)
(3423615, 0, 0, 3423615)
(3423112, 0, 0, 3423112)
(3422249, 0, 0, 3422249)
(3421682, 0, 0, 3421682)
(3421573, 0, 0, 3421573)
(3421005, 0, 0, 3421005)
(3420662, 0, 0, 3420662)
(3419987, 0, 0, 3419987)
(3419647, 0, 0, 3419647)
(3419206, 0, 0, 3419206)
(3418911, 0, 0, 3418911)
(3418263, 0, 0, 3418263)
(3417833, 0, 0, 3417833)
(3417403, 0, 0, 3417403)
(3417309, 0, 0, 3417309)
(3416688, 0, 0, 3416688)
(3416442, 0, 0, 3416442)
(3416209, 0, 0, 3416209)
(3415681, 0, 0, 3415681)
(3415642, 0, 0, 3415642)
(3415582, 0, 0, 3415582)
(3415429, 0, 0, 3415429)
(3414968, 0, 0, 3414968)
(3414630, 0, 0, 3414630)
(3414295, 0, 0, 3414295)
(3413982, 0, 0, 3413982)
(3413484, 0, 0, 3413484)
(3413118, 0, 0, 3413118)
(3413062, 0, 0, 3413062)
(3412769, 0, 0, 3412769)
(3412383, 0, 0, 3412383)
(3411862, 0, 0, 3411862)
(3410809, 0, 0, 3410809)
(3410617, 0, 0, 3410617)
(3410334, 0, 0, 3410334)
(3409571, 0, 0, 3409571)
(3409009, 0, 0, 3409009)
(3407920, 0, 0, 3407920)
(3407258, 0, 0, 3407258)
(3406326, 0, 0, 3406326)
(3406245, 0, 0, 3406245)
(3406164, 0, 0, 3406164)
(3405565, 0, 0, 3405565)
(3404984, 0, 0, 3404984)
(3404945, 0, 0, 3404945)
(3404727, 0, 0, 3404727)
(3404073, 0, 0, 3404073)
(3403884, 0, 0, 3403884)
(3403079, 0, 0, 3403079)
(3402846, 0, 0, 3402846)
(3402467, 0, 0, 3402467)
(3401831, 0, 0, 3401831)
(3401078, 0, 0, 3401078)
(3400729, 0, 0, 3400729)
(3400527, 0, 0, 3400527)
(3400186, 0, 0, 3400186)
(3399942, 0, 0, 3399942)
(3399631, 0, 0, 3399631)
(3399297, 0, 0, 3399297)
(3399005, 0, 0, 3399005)
(3398528, 0, 0, 3398528)
(3398465, 0, 0, 3398465)
(3397918, 0, 0, 3397918)
(3397795, 0, 0, 3397795)
(3397377, 0, 0, 3397377)
(3396988, 0, 0, 3396988)
(3396599, 0, 0, 3396599)
(3396210, 0, 0, 3396210)
(3395991, 0, 0, 3395991)
(3395620, 0, 0, 3395620)
(3395223, 0, 0, 3395223)
(3394883, 0, 0, 3394883)
(3394635, 0, 0, 3394635)
(3394272, 0, 0, 3394272)
(3394108, 0, 0, 3394108)
(3393763, 0, 0, 3393763)
(3393272, 0, 0, 3393272)
(3393154, 0, 0, 3393154)
(3392424, 0, 0, 3392424)
(3392110, 0, 0, 3392110)
(3391506, 0, 0, 3391506)
(3390974, 0, 0, 3390974)
(3390595, 0, 0, 3390595)
(3390074, 0, 0, 3390074)
(3389910, 0, 0, 3389910)
(3389801, 0, 0, 3389801)
(3389656, 0, 0, 3389656)
(3389323, 0, 0, 3389323)
(3388576, 0, 0, 3388576)
(3387639, 0, 0, 3387639)
(3386943, 0, 0, 3386943)
(3386743, 0, 0, 3386743)
(3386269, 0, 0, 3386269)
(3385860, 0, 0, 3385860)
(3384869, 0, 0, 3384869)
(3384340, 0, 0, 3384340)
(3383739, 0, 0, 3383739)
(3382963, 0, 0, 3382963)
(3382025, 0, 0, 3382025)
(3381431, 0, 0, 3381431)
(3380812, 0, 0, 3380812)
(3380726, 0, 0, 3380726)
(3380238, 0, 0, 3380238)
(3379917, 0, 0, 3379917)
(3379556, 0, 0, 3379556)
(3379195, 0, 0, 3379195)
(3379102, 0, 0, 3379102)
(3378942, 0, 0, 3378942)
(3378562, 0, 0, 3378562)
(3378247, 0, 0, 3378247)
(3378021, 0, 0, 3378021)
(3377679, 0, 0, 3377679)
(3377122, 0, 0, 3377122)
(3376983, 0, 0, 3376983)
(3376347, 0, 0, 3376347)
(3375980, 0, 0, 3375980)
(3375356, 0, 0, 3375356)
(3375125, 0, 0, 3375125)
(3374712, 0, 0, 3374712)
(3374465, 0, 0, 3374465)
(3374325, 0, 0, 3374325)
(3373848, 0, 0, 3373848)
(3373197, 0, 0, 3373197)
(3372945, 0, 0, 3372945)
(3372397, 0, 0, 3372397)
(3372262, 0, 0, 3372262)
(3371861, 0, 0, 3371861)
(3371460, 0, 0, 3371460)
(3371090, 0, 0, 3371090)
(3370890, 0, 0, 3370890)
(3370690, 0, 0, 3370690)
(3370257, 0, 0, 3370257)
(3369824, 0, 0, 3369824)
(3369391, 0, 0, 3369391)
(3368958, 0, 0, 3368958)
(3368920, 0, 0, 3368920)
(3368882, 0, 0, 3368882)
(3368844, 0, 0, 3368844)
(3368343, 0, 0, 3368343)
(3367651, 0, 0, 3367651)
(3367318, 0, 0, 3367318)
(3367026, 0, 0, 3367026)
(3366958, 0, 0, 3366958)
(3366349, 0, 0, 3366349)
(3365624, 0, 0, 3365624)
(3365476, 0, 0, 3365476)
(3365079, 0, 0, 3365079)
(3364756, 0, 0, 3364756)
(3364724, 0, 0, 3364724)
(3364609, 0, 0, 3364609)
(3364146, 0, 0, 3364146)
(3363587, 0, 0, 3363587)
(3363107, 0, 0, 3363107)
(3362920, 0, 0, 3362920)
(3362177, 0, 0, 3362177)
(3361791, 0, 0, 3361791)
(3361605, 0, 0, 3361605)
(3361555, 0, 0, 3361555)
(3361011, 0, 0, 3361011)
(3360403, 0, 0, 3360403)
(3359917, 0, 0, 3359917)
(3359593, 0, 0, 3359593)
(3359288, 0, 0, 3359288)
(3358960, 0, 0, 3358960)
(3358396, 0, 0, 3358396)
(3357957, 0, 0, 3357957)
(3357401, 0, 0, 3357401)
(3357064, 0, 0, 3357064)
(3356770, 0, 0, 3356770)
(3356452, 0, 0, 3356452)
(3356090, 0, 0, 3356090)
(3355859, 0, 0, 3355859)
(3355628, 0, 0, 3355628)
(3355059, 0, 0, 3355059)
(3354490, 0, 0, 3354490)
(3353921, 0, 0, 3353921)
(3353126, 0, 0, 3353126)
(3352598, 0, 0, 3352598)
(3352240, 0, 0, 3352240)
(3351965, 0, 0, 3351965)
(3351690, 0, 0, 3351690)
(3350843, 0, 0, 3350843)
(3350578, 0, 0, 3350578)
(3349724, 0, 0, 3349724)
(3349484, 0, 0, 3349484)
(3349249, 0, 0, 3349249)
(3348984, 0, 0, 3348984)
(3348613, 0, 0, 3348613)
(3348225, 0, 0, 3348225)
(3348080, 0, 0, 3348080)
(3347854, 0, 0, 3347854)
(3347284, 0, 0, 3347284)
(3346806, 0, 0, 3346806)
(3346046, 0, 0, 3346046)
(3345506, 0, 0, 3345506)
(3344880, 0, 0, 3344880)
(3344312, 0, 0, 3344312)
(3343983, 0, 0, 3343983)
(3343727, 0, 0, 3343727)
(3342895, 0, 0, 3342895)
(3342014, 0, 0, 3342014)
(3341495, 0, 0, 3341495)
(3341311, 0, 0, 3341311)
(3340832, 0, 0, 3340832)
(3340690, 0, 0, 3340690)
(3340312, 0, 0, 3340312)
(3339972, 0, 0, 3339972)
(3339632, 0, 0, 3339632)
(3338982, 0, 0, 3338982)
(3338260, 0, 0, 3338260)
(3337737, 0, 0, 3337737)
(3337571, 0, 0, 3337571)
(3337159, 0, 0, 3337159)
(3336595, 0, 0, 3336595)
(3336031, 0, 0, 3336031)
(3335653, 0, 0, 3335653)
(3335113, 0, 0, 3335113)
(3334455, 0, 0, 3334455)
(3334030, 0, 0, 3334030)
(3333918, 0, 0, 3333918)
(3333640, 0, 0, 3333640)
(3333362, 0, 0, 3333362)
(3333179, 0, 0, 3333179)
(3332791, 0, 0, 3332791)
(3332557, 0, 0, 3332557)
(3332271, 0, 0, 3332271)
(3331639, 0, 0, 3331639)
(3330858, 0, 0, 3330858)
(3330372, 0, 0, 3330372)
(3330052, 0, 0, 3330052)
(3329938, 0, 0, 3329938)
(3329194, 0, 0, 3329194)
(3328450, 0, 0, 3328450)
(3328238, 0, 0, 3328238)
(3327992, 0, 0, 3327992)
(3327468, 0, 0, 3327468)
(3326850, 0, 0, 3326850)
(3326762, 0, 0, 3326762)
(3326428, 0, 0, 3326428)
(3325946, 0, 0, 3325946)
(3325406, 0, 0, 3325406)
(3324953, 0, 0, 3324953)
(3324637, 0, 0, 3324637)
(3324432, 0, 0, 3324432)
(3323790, 0, 0, 3323790)
(3323242, 0, 0, 3323242)
(3323112, 0, 0, 3323112)
(3322958, 0, 0, 3322958)
(3322409, 0, 0, 3322409)
(3321900, 0, 0, 3321900)
(3321668, 0, 0, 3321668)
(3321453, 0, 0, 3321453)
(3321320, 0, 0, 3321320)
(3321204, 0, 0, 3321204)
(3320930, 0, 0, 3320930)
(3320265, 0, 0, 3320265)
(3319765, 0, 0, 3319765)
(3319552, 0, 0, 3319552)
(3319370, 0, 0, 3319370)
(3318986, 0, 0, 3318986)
(3318433, 0, 0, 3318433)
(3317440, 0, 0, 3317440)
(3316634, 0, 0, 3316634)
(3315980, 0, 0, 3315980)
(3315798, 0, 0, 3315798)
(3315334, 0, 0, 3315334)
(3314825, 0, 0, 3314825)
(3314763, 0, 0, 3314763)
(3314262, 0, 0, 3314262)
(3313761, 0, 0, 3313761)
(3313260, 0, 0, 3313260)
(3312792, 0, 0, 3312792)
(3312629, 0, 0, 3312629)
(3312073, 0, 0, 3312073)
(3311972, 0, 0, 3311972)
(3311598, 0, 0, 3311598)
(3310830, 0, 0, 3310830)
(3310062, 0, 0, 3310062)
(3309500, 0, 0, 3309500)
(3309347, 0, 0, 3309347)
(3308735, 0, 0, 3308735)
(3308396, 0, 0, 3308396)
(3308117, 0, 0, 3308117)
(3307326, 0, 0, 3307326)
(3306903, 0, 0, 3306903)
(3306761, 0, 0, 3306761)
(3306256, 0, 0, 3306256)
(3305784, 0, 0, 3305784)
(3304985, 0, 0, 3304985)
(3304382, 0, 0, 3304382)
(3304089, 0, 0, 3304089)
(3303632, 0, 0, 3303632)
(3303245, 0, 0, 3303245)
(3302731, 0, 0, 3302731)
(3302152, 0, 0, 3302152)
(3301983, 0, 0, 3301983)
(3301267, 0, 0, 3301267)
(3300958, 0, 0, 3300958)
(3300649, 0, 0, 3300649)
(3300183, 0, 0, 3300183)
(3299998, 0, 0, 3299998)
(3299813, 0, 0, 3299813)
(3299628, 0, 0, 3299628)
(3298971, 0, 0, 3298971)
(3298670, 0, 0, 3298670)
(3298327, 0, 0, 3298327)
(3298042, 0, 0, 3298042)
(3297646, 0, 0, 3297646)
(3297250, 0, 0, 3297250)
(3296854, 0, 0, 3296854)
(3296559, 0, 0, 3296559)
(3295940, 0, 0, 3295940)
(3295385, 0, 0, 3295385)
(3295153, 0, 0, 3295153)
(3294632, 0, 0, 3294632)
(3294074, 0, 0, 3294074)
(3294056, 0, 0, 3294056)
(3293936, 0, 0, 3293936)
(3293212, 0, 0, 3293212)
(3293048, 0, 0, 3293048)
(3292884, 0, 0, 3292884)
(3292257, 0, 0, 3292257)
(3291938, 0, 0, 3291938)
(3291598, 0, 0, 3291598)
(3291482, 0, 0, 3291482)
(3290916, 0, 0, 3290916)
(3290472, 0, 0, 3290472)
(3290351, 0, 0, 3290351)
(3290010, 0, 0, 3290010)
(3289787, 0, 0, 3289787)
(3289608, 0, 0, 3289608)
(3289287, 0, 0, 3289287)
(3288703, 0, 0, 3288703)
(3288577, 0, 0, 3288577)
(3288160, 0, 0, 3288160)
(3287893, 0, 0, 3287893)
(3287676, 0, 0, 3287676)
(3286609, 0, 0, 3286609)
(3286351, 0, 0, 3286351)
(3285779, 0, 0, 3285779)
(3285440, 0, 0, 3285440)
(3285161, 0, 0, 3285161)
(3284780, 0, 0, 3284780)
(3284491, 0, 0, 3284491)
(3284202, 0, 0, 3284202)
(3283692, 0, 0, 3283692)
(3283392, 0, 0, 3283392)
(3283079, 0, 0, 3283079)
(3282910, 0, 0, 3282910)
(3282184, 0, 0, 3282184)
(3282139, 0, 0, 3282139)
(3281466, 0, 0, 3281466)
(3280632, 0, 0, 3280632)
(3279927, 0, 0, 3279927)
(3279709, 0, 0, 3279709)
(3279289, 0, 0, 3279289)
(3278955, 0, 0, 3278955)
(3278486, 0, 0, 3278486)
(3278296, 0, 0, 3278296)
(3278098, 0, 0, 3278098)
(3277900, 0, 0, 3277900)
(3277310, 0, 0, 3277310)
(3276597, 0, 0, 3276597)
(3276445, 0, 0, 3276445)
(3275850, 0, 0, 3275850)
(3275506, 0, 0, 3275506)
(3275150, 0, 0, 3275150)
(3274406, 0, 0, 3274406)
(3274228, 0, 0, 3274228)
(3273698, 0, 0, 3273698)
(3273015, 0, 0, 3273015)
(3272139, 0, 0, 3272139)
(3271906, 0, 0, 3271906)
(3271087, 0, 0, 3271087)
(3271007, 0, 0, 3271007)
(3270927, 0, 0, 3270927)
(3270695, 0, 0, 3270695)
(3270433, 0, 0, 3270433)
(3269771, 0, 0, 3269771)
(3269004, 0, 0, 3269004)
(3268090, 0, 0, 3268090)
(3267140, 0, 0, 3267140)
(3266298, 0, 0, 3266298)
(3265599, 0, 0, 3265599)
(3264968, 0, 0, 3264968)
(3264494, 0, 0, 3264494)
(3263746, 0, 0, 3263746)
(3263365, 0, 0, 3263365)
(3262608, 0, 0, 3262608)
(3262526, 0, 0, 3262526)
(3262444, 0, 0, 3262444)
(3262362, 0, 0, 3262362)
(3262064, 0, 0, 3262064)
(3261953, 0, 0, 3261953)
(3261811, 0, 0, 3261811)
(3261306, 0, 0, 3261306)
(3260596, 0, 0, 3260596)
(3260001, 0, 0, 3260001)
(3259027, 0, 0, 3259027)
(3258790, 0, 0, 3258790)
(3258035, 0, 0, 3258035)
(3257793, 0, 0, 3257793)
(3257555, 0, 0, 3257555)
(3257138, 0, 0, 3257138)
(3256648, 0, 0, 3256648)
(3256092, 0, 0, 3256092)
(3255659, 0, 0, 3255659)
(3255317, 0, 0, 3255317)
(3255086, 0, 0, 3255086)
(3254083, 0, 0, 3254083)
(3253250, 0, 0, 3253250)
(3252669, 0, 0, 3252669)
(3251901, 0, 0, 3251901)
(3251277, 0, 0, 3251277)
(3250658, 0, 0, 3250658)
(3250100, 0, 0, 3250100)
(3249544, 0, 0, 3249544)
(3249457, 0, 0, 3249457)
(3249020, 0, 0, 3249020)
(3248667, 0, 0, 3248667)
(3248301, 0, 0, 3248301)
(3248018, 0, 0, 3248018)
(3247735, 0, 0, 3247735)
(3246999, 0, 0, 3246999)
(3246838, 0, 0, 3246838)
(3246677, 0, 0, 3246677)
(3246516, 0, 0, 3246516)
(3246355, 0, 0, 3246355)
(3246194, 0, 0, 3246194)
(3245493, 0, 0, 3245493)
(3245086, 0, 0, 3245086)
(3244727, 0, 0, 3244727)
(3244160, 0, 0, 3244160)
(3243484, 0, 0, 3243484)
(3243016, 0, 0, 3243016)
(3242114, 0, 0, 3242114)
(3241718, 0, 0, 3241718)
(3241112, 0, 0, 3241112)
(3240355, 0, 0, 3240355)
(3240019, 0, 0, 3240019)
(3239893, 0, 0, 3239893)
(3239703, 0, 0, 3239703)
(3238963, 0, 0, 3238963)
(3238906, 0, 0, 3238906)
(3238194, 0, 0, 3238194)
(3237673, 0, 0, 3237673)
(3237364, 0, 0, 3237364)
(3236725, 0, 0, 3236725)
(3236615, 0, 0, 3236615)
(3236114, 0, 0, 3236114)
(3235809, 0, 0, 3235809)
(3235260, 0, 0, 3235260)
(3234623, 0, 0, 3234623)
(3234221, 0, 0, 3234221)
(3234025, 0, 0, 3234025)
(3233011, 0, 0, 3233011)
(3232464, 0, 0, 3232464)
(3232080, 0, 0, 3232080)
(3231366, 0, 0, 3231366)
(3231008, 0, 0, 3231008)
(3230592, 0, 0, 3230592)
(3229981, 0, 0, 3229981)
(3229761, 0, 0, 3229761)
(3228900, 0, 0, 3228900)
(3228399, 0, 0, 3228399)
(3227481, 0, 0, 3227481)
(3226795, 0, 0, 3226795)
(3226358, 0, 0, 3226358)
(3225662, 0, 0, 3225662)
(3225204, 0, 0, 3225204)
(3224856, 0, 0, 3224856)
(3223673, 0, 0, 3223673)
(3222975, 0, 0, 3222975)
(3222497, 0, 0, 3222497)
(3221776, 0, 0, 3221776)
(3221541, 0, 0, 3221541)
(3221495, 0, 0, 3221495)
(3221159, 0, 0, 3221159)
(3220780, 0, 0, 3220780)
(3220625, 0, 0, 3220625)
(3220516, 0, 0, 3220516)
(3220433, 0, 0, 3220433)
(3219785, 0, 0, 3219785)
(3218861, 0, 0, 3218861)
(3217771, 0, 0, 3217771)
(3217238, 0, 0, 3217238)
(3216920, 0, 0, 3216920)
(3216721, 0, 0, 3216721)
(3216499, 0, 0, 3216499)
(3215989, 0, 0, 3215989)
(3215751, 0, 0, 3215751)
(3215599, 0, 0, 3215599)
(3215125, 0, 0, 3215125)
(3214793, 0, 0, 3214793)
(3214669, 0, 0, 3214669)
(3214309, 0, 0, 3214309)
(3214170, 0, 0, 3214170)
(3213861, 0, 0, 3213861)
(3213552, 0, 0, 3213552)
(3213243, 0, 0, 3213243)
(3212703, 0, 0, 3212703)
(3212281, 0, 0, 3212281)
(3211994, 0, 0, 3211994)
(3211591, 0, 0, 3211591)
(3211506, 0, 0, 3211506)
(3210740, 0, 0, 3210740)
(3210130, 0, 0, 3210130)
(3210012, 0, 0, 3210012)
(3209507, 0, 0, 3209507)
(3208536, 0, 0, 3208536)
(3208118, 0, 0, 3208118)
(3207811, 0, 0, 3207811)
(3207524, 0, 0, 3207524)
(3206811, 0, 0, 3206811)
(3206392, 0, 0, 3206392)
(3205811, 0, 0, 3205811)
(3204741, 0, 0, 3204741)
(3204421, 0, 0, 3204421)
(3203987, 0, 0, 3203987)
(3203844, 0, 0, 3203844)
(3203150, 0, 0, 3203150)
(3202856, 0, 0, 3202856)
(3202543, 0, 0, 3202543)
(3202106, 0, 0, 3202106)
(3201527, 0, 0, 3201527)
(3201360, 0, 0, 3201360)
(3200889, 0, 0, 3200889)
(3200602, 0, 0, 3200602)
(3200434, 0, 0, 3200434)
(3199582, 0, 0, 3199582)
(3198822, 0, 0, 3198822)
(3198480, 0, 0, 3198480)
(3198189, 0, 0, 3198189)
(3197860, 0, 0, 3197860)
(3197726, 0, 0, 3197726)
(3197326, 0, 0, 3197326)
(3196744, 0, 0, 3196744)
(3196162, 0, 0, 3196162)
(3195812, 0, 0, 3195812)
(3195738, 0, 0, 3195738)
(3195057, 0, 0, 3195057)
(3194695, 0, 0, 3194695)
(3193997, 0, 0, 3193997)
(3193886, 0, 0, 3193886)
(3193094, 0, 0, 3193094)
(3192302, 0, 0, 3192302)
(3192181, 0, 0, 3192181)
(3191364, 0, 0, 3191364)
(3190967, 0, 0, 3190967)
(3190219, 0, 0, 3190219)
(3190093, 0, 0, 3190093)
(3189803, 0, 0, 3189803)
(3189186, 0, 0, 3189186)
(3188878, 0, 0, 3188878)
(3188582, 0, 0, 3188582)
(3188170, 0, 0, 3188170)
(3187633, 0, 0, 3187633)
(3187254, 0, 0, 3187254)
(3186792, 0, 0, 3186792)
(3186223, 0, 0, 3186223)
(3185654, 0, 0, 3185654)
(3185140, 0, 0, 3185140)
(3184743, 0, 0, 3184743)
(3184299, 0, 0, 3184299)
(3183631, 0, 0, 3183631)
(3183353, 0, 0, 3183353)
(3183038, 0, 0, 3183038)
(3182222, 0, 0, 3182222)
(3182131, 0, 0, 3182131)
(3181342, 0, 0, 3181342)
(3180711, 0, 0, 3180711)
(3180516, 0, 0, 3180516)
(3179911, 0, 0, 3179911)
(3179581, 0, 0, 3179581)
(3179529, 0, 0, 3179529)
(3179477, 0, 0, 3179477)
(3178736, 0, 0, 3178736)
(3178577, 0, 0, 3178577)
(3178361, 0, 0, 3178361)
(3177806, 0, 0, 3177806)
(3177350, 0, 0, 3177350)
(3176801, 0, 0, 3176801)
(3176287, 0, 0, 3176287)
(3175910, 0, 0, 3175910)
(3175457, 0, 0, 3175457)
(3175249, 0, 0, 3175249)
(3175041, 0, 0, 3175041)
(3174833, 0, 0, 3174833)
(3173895, 0, 0, 3173895)
(3173400, 0, 0, 3173400)
(3172905, 0, 0, 3172905)
(3172410, 0, 0, 3172410)
(3171915, 0, 0, 3171915)
(3170923, 0, 0, 3170923)
(3170184, 0, 0, 3170184)
(3169417, 0, 0, 3169417)
(3168762, 0, 0, 3168762)
(3167643, 0, 0, 3167643)
(3166690, 0, 0, 3166690)
(3166477, 0, 0, 3166477)
(3166259, 0, 0, 3166259)
(3165691, 0, 0, 3165691)
(3165622, 0, 0, 3165622)
(3165286, 0, 0, 3165286)
(3165112, 0, 0, 3165112)
(3164726, 0, 0, 3164726)
(3164236, 0, 0, 3164236)
(3163724, 0, 0, 3163724)
(3163177, 0, 0, 3163177)
(3163062, 0, 0, 3163062)
(3162287, 0, 0, 3162287)
(3162127, 0, 0, 3162127)
(3161853, 0, 0, 3161853)
(3161535, 0, 0, 3161535)
(3161315, 0, 0, 3161315)
(3160443, 0, 0, 3160443)
(3160250, 0, 0, 3160250)
(3160020, 0, 0, 3160020)
(3159790, 0, 0, 3159790)
(3158970, 0, 0, 3158970)
(3158045, 0, 0, 3158045)
(3156990, 0, 0, 3156990)
(3156155, 0, 0, 3156155)
(3155687, 0, 0, 3155687)
(3155615, 0, 0, 3155615)
(3154956, 0, 0, 3154956)
(3154350, 0, 0, 3154350)
(3153167, 0, 0, 3153167)
(3152781, 0, 0, 3152781)
(3152385, 0, 0, 3152385)
(3151888, 0, 0, 3151888)
(3151614, 0, 0, 3151614)
(3151384, 0, 0, 3151384)
(3150977, 0, 0, 3150977)
(3150745, 0, 0, 3150745)
(3150469, 0, 0, 3150469)
(3149983, 0, 0, 3149983)
(3149194, 0, 0, 3149194)
(3148124, 0, 0, 3148124)
(3147671, 0, 0, 3147671)
