(5361114, 0, 0, 5361114)
(5360925, 0, 0, 5360925)
(5360658, 0, 0, 5360658)
(5360391, 0, 0, 5360391)
(5360124, 0, 0, 5360124)
(5359857, 0, 0, 5359857)
(5359590, 0, 0, 5359590)
(5359302, 0, 0, 5359302)
(5358846, 0, 0, 5358846)
(5358680, 0, 0, 5358680)
(5358562, 0, 0, 5358562)
(5358291, 0, 0, 5358291)
(5357853, 0, 0, 5357853)
(5357193, 0, 0, 5357193)
(5356791, 0, 0, 5356791)
(5356494, 0, 0, 5356494)
(5356089, 0, 0, 5356089)
(5355883, 0, 0, 5355883)
(5355706, 0, 0, 5355706)
(5355529, 0, 0, 5355529)
(5354881, 0, 0, 5354881)
(5354595, 0, 0, 5354595)
(5354563, 0, 0, 5354563)
(5354304, 0, 0, 5354304)
(5354157, 0, 0, 5354157)
(5354010, 0, 0, 5354010)
(5353385, 0, 0, 5353385)
(5353193, 0, 0, 5353193)
(5352557, 0, 0, 5352557)
(5351976, 0, 0, 5351976)
(5351327, 0, 0, 5351327)
(5351070, 0, 0, 5351070)
(5350813, 0, 0, 5350813)
(5350556, 0, 0, 5350556)
(5350086, 0, 0, 5350086)
(5349952, 0, 0, 5349952)
(5349818, 0, 0, 5349818)
(5349439, 0, 0, 5349439)
(5349143, 0, 0, 5349143)
(5348779, 0, 0, 5348779)
(5348558, 0, 0, 5348558)
(5348236, 0, 0, 5348236)
(5347966, 0, 0, 5347966)
(5347404, 0, 0, 5347404)
(5346333, 0, 0, 5346333)
(5345754, 0, 0, 5345754)
(5345291, 0, 0, 5345291)
(5345079, 0, 0, 5345079)
(5344320, 0, 0, 5344320)
(5343842, 0, 0, 5343842)
(5343364, 0, 0, 5343364)
(5343290, 0, 0, 5343290)
(5343216, 0, 0, 5343216)
(5343142, 0, 0, 5343142)
(5342844, 0, 0, 5342844)
(5342568, 0, 0, 5342568)
(5342058, 0, 0, 5342058)
(5341976, 0, 0, 5341976)
(5341544, 0, 0, 5341544)
(5341292, 0, 0, 5341292)
(5341107, 0, 0, 5341107)
(5340922, 0, 0, 5340922)
(5340417, 0, 0, 5340417)
(5339838, 0, 0, 5339838)
(5339259, 0, 0, 5339259)
(5338801, 0, 0, 5338801)
(5338763, 0, 0, 5338763)
(5338725, 0, 0, 5338725)
(5338687, 0, 0, 5338687)
(5338447, 0, 0, 5338447)
(5338207, 0, 0, 5338207)
(5337967, 0, 0, 5337967)
(5337727, 0, 0, 5337727)
(5337255, 0, 0, 5337255)
(5336610, 0, 0, 5336610)
(5336412, 0, 0, 5336412)
(5335973, 0, 0, 5335973)
(5335592, 0, 0, 5335592)
(5335590, 0, 0, 5335590)
(5335205, 0, 0, 5335205)
(5334820, 0, 0, 5334820)
(5334435, 0, 0, 5334435)
(5333997, 0, 0, 5333997)
(5333500, 0, 0, 5333500)
(5333260, 0, 0, 5333260)
(5333020, 0, 0, 5333020)
(5332813, 0, 0, 5332813)
(5332606, 0, 0, 5332606)
(5332399, 0, 0, 5332399)
(5332192, 0, 0, 5332192)
(5332160, 0, 0, 5332160)
(5332128, 0, 0, 5332128)
(5331760, 0, 0, 5331760)
(5331575, 0, 0, 5331575)
(5331329, 0, 0, 5331329)
(5331083, 0, 0, 5331083)
(5330837, 0, 0, 5330837)
(5329986, 0, 0, 5329986)
(5329663, 0, 0, 5329663)
(5329263, 0, 0, 5329263)
(5328983, 0, 0, 5328983)
(5328222, 0, 0, 5328222)
(5327660, 0, 0, 5327660)
(5327098, 0, 0, 5327098)
(5326974, 0, 0, 5326974)
(5326850, 0, 0, 5326850)
(5326799, 0, 0, 5326799)
(5326357, 0, 0, 5326357)
(5326159, 0, 0, 5326159)
(5325961, 0, 0, 5325961)
(5325590, 0, 0, 5325590)
(5325233, 0, 0, 5325233)
(5325012, 0, 0, 5325012)
(5324665, 0, 0, 5324665)
(5324604, 0, 0, 5324604)
(5324300, 0, 0, 5324300)
(5323996, 0, 0, 5323996)
(5323350, 0, 0, 5323350)
(5323266, 0, 0, 5323266)
(5322797, 0, 0, 5322797)
(5322386, 0, 0, 5322386)
(5321910, 0, 0, 5321910)
(5321867, 0, 0, 5321867)
(5321592, 0, 0, 5321592)
(5321143, 0, 0, 5321143)
(5321140, 0, 0, 5321140)
(5321137, 0, 0, 5321137)
(5321134, 0, 0, 5321134)
(5321133, 0, 0, 5321133)
(5321132, 0, 0, 5321132)
(5321131, 0, 0, 5321131)
(5321130, 0, 0, 5321130)
(5321129, 0, 0, 5321129)
(5321128, 0, 0, 5321128)
(5320885, 0, 0, 5320885)
(5320642, 0, 0, 5320642)
(5320323, 0, 0, 5320323)
(5320322, 0, 0, 5320322)
(5320321, 0, 0, 5320321)
(5320320, 0, 0, 5320320)
(5320044, 0, 0, 5320044)
(5319088, 0, 0, 5319088)
(5319087, 0, 0, 5319087)
(5319086, 0, 0, 5319086)
(5318656, 0, 0, 5318656)
(5318422, 0, 0, 5318422)
(5318050, 0, 0, 5318050)
(5317955, 0, 0, 5317955)
(5317781, 0, 0, 5317781)
(5317261, 0, 0, 5317261)
(5317260, 0, 0, 5317260)
(5317083, 0, 0, 5317083)
(5316875, 0, 0, 5316875)
(5316761, 0, 0, 5316761)
(5316014, 0, 0, 5316014)
(5315863, 0, 0, 5315863)
(5315460, 0, 0, 5315460)
(5315230, 0, 0, 5315230)
(5315000, 0, 0, 5315000)
(5314719, 0, 0, 5314719)
(5314657, 0, 0, 5314657)
(5314405, 0, 0, 5314405)
(5314184, 0, 0, 5314184)
(5313663, 0, 0, 5313663)
(5313142, 0, 0, 5313142)
(5312442, 0, 0, 5312442)
(5311880, 0, 0, 5311880)
(5311787, 0, 0, 5311787)
(5311458, 0, 0, 5311458)
(5311044, 0, 0, 5311044)
(5310421, 0, 0, 5310421)
(5309725, 0, 0, 5309725)
(5309335, 0, 0, 5309335)
(5308938, 0, 0, 5308938)
(5308462, 0, 0, 5308462)
(5307996, 0, 0, 5307996)
(5307143, 0, 0, 5307143)
(5306950, 0, 0, 5306950)
(5306497, 0, 0, 5306497)
(5305874, 0, 0, 5305874)
(5305606, 0, 0, 5305606)
(5305163, 0, 0, 5305163)
(5304622, 0, 0, 5304622)
(5304332, 0, 0, 5304332)
(5304135, 0, 0, 5304135)
(5303769, 0, 0, 5303769)
(5303467, 0, 0, 5303467)
(5303204, 0, 0, 5303204)
(5302941, 0, 0, 5302941)
(5302678, 0, 0, 5302678)
(5302415, 0, 0, 5302415)
(5302152, 0, 0, 5302152)
(5302146, 0, 0, 5302146)
(5302140, 0, 0, 5302140)
(5302134, 0, 0, 5302134)
(5301715, 0, 0, 5301715)
(5301451, 0, 0, 5301451)
(5301396, 0, 0, 5301396)
(5301328, 0, 0, 5301328)
(5300892, 0, 0, 5300892)
(5300648, 0, 0, 5300648)
(5300456, 0, 0, 5300456)
(5300110, 0, 0, 5300110)
(5299697, 0, 0, 5299697)
(5299533, 0, 0, 5299533)
(5299044, 0, 0, 5299044)
(5298684, 0, 0, 5298684)
(5298255, 0, 0, 5298255)
(5297820, 0, 0, 5297820)
(5297639, 0, 0, 5297639)
(5297203, 0, 0, 5297203)
(5296767, 0, 0, 5296767)
(5296522, 0, 0, 5296522)
(5296277, 0, 0, 5296277)
(5296032, 0, 0, 5296032)
(5295787, 0, 0, 5295787)
(5295442, 0, 0, 5295442)
(5295163, 0, 0, 5295163)
(5294846, 0, 0, 5294846)
(5294078, 0, 0, 5294078)
(5293986, 0, 0, 5293986)
(5293825, 0, 0, 5293825)
(5293664, 0, 0, 5293664)
(5293503, 0, 0, 5293503)
(5293013, 0, 0, 5293013)
(5292500, 0, 0, 5292500)
(5292153, 0, 0, 5292153)
(5291611, 0, 0, 5291611)
(5291184, 0, 0, 5291184)
(5290686, 0, 0, 5290686)
(5290268, 0, 0, 5290268)
(5289894, 0, 0, 5289894)
(5289545, 0, 0, 5289545)
(5289510, 0, 0, 5289510)
(5289442, 0, 0, 5289442)
(5289116, 0, 0, 5289116)
(5289026, 0, 0, 5289026)
(5288822, 0, 0, 5288822)
(5288618, 0, 0, 5288618)
(5288414, 0, 0, 5288414)
(5288413, 0, 0, 5288413)
(5288412, 0, 0, 5288412)
(5288271, 0, 0, 5288271)
(5288130, 0, 0, 5288130)
(5287647, 0, 0, 5287647)
(5287271, 0, 0, 5287271)
(5286909, 0, 0, 5286909)
(5286410, 0, 0, 5286410)
(5285923, 0, 0, 5285923)
(5285453, 0, 0, 5285453)
(5285104, 0, 0, 5285104)
(5285060, 0, 0, 5285060)
(5285016, 0, 0, 5285016)
(5284972, 0, 0, 5284972)
(5284928, 0, 0, 5284928)
(5284884, 0, 0, 5284884)
(5284840, 0, 0, 5284840)
(5284671, 0, 0, 5284671)
(5284502, 0, 0, 5284502)
(5283458, 0, 0, 5283458)
(5283292, 0, 0, 5283292)
(5283010, 0, 0, 5283010)
(5282550, 0, 0, 5282550)
(5281779, 0, 0, 5281779)
(5281008, 0, 0, 5281008)
(5280237, 0, 0, 5280237)
(5279962, 0, 0, 5279962)
(5279687, 0, 0, 5279687)
(5279412, 0, 0, 5279412)
(5279137, 0, 0, 5279137)
(5278862, 0, 0, 5278862)
(5278422, 0, 0, 5278422)
(5278289, 0, 0, 5278289)
(5278156, 0, 0, 5278156)
(5277964, 0, 0, 5277964)
(5277718, 0, 0, 5277718)
(5277552, 0, 0, 5277552)
(5277164, 0, 0, 5277164)
(5276850, 0, 0, 5276850)
(5276421, 0, 0, 5276421)
(5276353, 0, 0, 5276353)
(5276285, 0, 0, 5276285)
(5275848, 0, 0, 5275848)
(5275806, 0, 0, 5275806)
(5275805, 0, 0, 5275805)
(5275313, 0, 0, 5275313)
(5275201, 0, 0, 5275201)
(5275036, 0, 0, 5275036)
(5274882, 0, 0, 5274882)
(5274604, 0, 0, 5274604)
(5274422, 0, 0, 5274422)
(5274134, 0, 0, 5274134)
(5273869, 0, 0, 5273869)
(5273307, 0, 0, 5273307)
(5273145, 0, 0, 5273145)
(5272579, 0, 0, 5272579)
(5272261, 0, 0, 5272261)
(5272183, 0, 0, 5272183)
(5271838, 0, 0, 5271838)
(5271633, 0, 0, 5271633)
(5271416, 0, 0, 5271416)
(5270942, 0, 0, 5270942)
(5270468, 0, 0, 5270468)
(5270337, 0, 0, 5270337)
(5270029, 0, 0, 5270029)
(5269714, 0, 0, 5269714)
(5269399, 0, 0, 5269399)
(5269353, 0, 0, 5269353)
(5268904, 0, 0, 5268904)
(5268658, 0, 0, 5268658)
(5268412, 0, 0, 5268412)
(5268030, 0, 0, 5268030)
(5267718, 0, 0, 5267718)
(5267461, 0, 0, 5267461)
(5267204, 0, 0, 5267204)
(5266947, 0, 0, 5266947)
(5266371, 0, 0, 5266371)
(5265795, 0, 0, 5265795)
(5265219, 0, 0, 5265219)
(5265092, 0, 0, 5265092)
(5264965, 0, 0, 5264965)
(5264838, 0, 0, 5264838)
(5264570, 0, 0, 5264570)
(5264108, 0, 0, 5264108)
(5263646, 0, 0, 5263646)
(5263133, 0, 0, 5263133)
(5263132, 0, 0, 5263132)
(5262945, 0, 0, 5262945)
(5262758, 0, 0, 5262758)
(5262571, 0, 0, 5262571)
(5262035, 0, 0, 5262035)
(5261880, 0, 0, 5261880)
(5261725, 0, 0, 5261725)
(5261570, 0, 0, 5261570)
(5261415, 0, 0, 5261415)
(5261173, 0, 0, 5261173)
(5260931, 0, 0, 5260931)
(5260689, 0, 0, 5260689)
(5260447, 0, 0, 5260447)
(5260135, 0, 0, 5260135)
(5259937, 0, 0, 5259937)
(5259878, 0, 0, 5259878)
(5259819, 0, 0, 5259819)
(5259760, 0, 0, 5259760)
(5259701, 0, 0, 5259701)
(5259642, 0, 0, 5259642)
(5259583, 0, 0, 5259583)
(5259524, 0, 0, 5259524)
(5259465, 0, 0, 5259465)
(5259406, 0, 0, 5259406)
(5259347, 0, 0, 5259347)
(5259288, 0, 0, 5259288)
(5259229, 0, 0, 5259229)
(5259170, 0, 0, 5259170)
(5259111, 0, 0, 5259111)
(5259052, 0, 0, 5259052)
(5258416, 0, 0, 5258416)
(5257780, 0, 0, 5257780)
(5257144, 0, 0, 5257144)
(5256508, 0, 0, 5256508)
(5255872, 0, 0, 5255872)
(5255236, 0, 0, 5255236)
(5254600, 0, 0, 5254600)
(5253964, 0, 0, 5253964)
(5253328, 0, 0, 5253328)
(5252692, 0, 0, 5252692)
(5252480, 0, 0, 5252480)
(5252268, 0, 0, 5252268)
(5252056, 0, 0, 5252056)
(5251844, 0, 0, 5251844)
(5251323, 0, 0, 5251323)
(5250834, 0, 0, 5250834)
(5250547, 0, 0, 5250547)
(5249850, 0, 0, 5249850)
(5249289, 0, 0, 5249289)
(5248860, 0, 0, 5248860)
(5248577, 0, 0, 5248577)
(5248089, 0, 0, 5248089)
(5247346, 0, 0, 5247346)
(5246898, 0, 0, 5246898)
(5246450, 0, 0, 5246450)
(5246194, 0, 0, 5246194)
(5246111, 0, 0, 5246111)
(5245992, 0, 0, 5245992)
(5245723, 0, 0, 5245723)
(5245489, 0, 0, 5245489)
(5245173, 0, 0, 5245173)
(5244857, 0, 0, 5244857)
(5244541, 0, 0, 5244541)
(5244225, 0, 0, 5244225)
(5243947, 0, 0, 5243947)
(5243433, 0, 0, 5243433)
(5242882, 0, 0, 5242882)
(5242659, 0, 0, 5242659)
(5242433, 0, 0, 5242433)
(5241865, 0, 0, 5241865)
(5241534, 0, 0, 5241534)
(5240913, 0, 0, 5240913)
(5240518, 0, 0, 5240518)
(5240427, 0, 0, 5240427)
(5240426, 0, 0, 5240426)
(5239673, 0, 0, 5239673)
(5239202, 0, 0, 5239202)
(5238748, 0, 0, 5238748)
(5238198, 0, 0, 5238198)
(5238197, 0, 0, 5238197)
(5238068, 0, 0, 5238068)
(5237939, 0, 0, 5237939)
(5237810, 0, 0, 5237810)
(5237614, 0, 0, 5237614)
(5237418, 0, 0, 5237418)
(5236911, 0, 0, 5236911)
(5236309, 0, 0, 5236309)
(5235707, 0, 0, 5235707)
(5235105, 0, 0, 5235105)
(5234503, 0, 0, 5234503)
(5234144, 0, 0, 5234144)
(5233850, 0, 0, 5233850)
(5233646, 0, 0, 5233646)
(5233073, 0, 0, 5233073)
(5232606, 0, 0, 5232606)
(5232139, 0, 0, 5232139)
(5231672, 0, 0, 5231672)
(5231205, 0, 0, 5231205)
(5231076, 0, 0, 5231076)
(5230947, 0, 0, 5230947)
(5230818, 0, 0, 5230818)
(5230689, 0, 0, 5230689)
(5230558, 0, 0, 5230558)
(5230191, 0, 0, 5230191)
(5229824, 0, 0, 5229824)
(5229457, 0, 0, 5229457)
(5229302, 0, 0, 5229302)
(5228861, 0, 0, 5228861)
(5228327, 0, 0, 5228327)
(5227636, 0, 0, 5227636)
(5227595, 0, 0, 5227595)
(5227554, 0, 0, 5227554)
(5227513, 0, 0, 5227513)
(5227472, 0, 0, 5227472)
(5227431, 0, 0, 5227431)
(5227390, 0, 0, 5227390)
(5227349, 0, 0, 5227349)
(5227308, 0, 0, 5227308)
(5226998, 0, 0, 5226998)
(5226688, 0, 0, 5226688)
(5226378, 0, 0, 5226378)
(5226318, 0, 0, 5226318)
(5225948, 0, 0, 5225948)
(5225708, 0, 0, 5225708)
(5225591, 0, 0, 5225591)
(5225512, 0, 0, 5225512)
(5224954, 0, 0, 5224954)
(5224396, 0, 0, 5224396)
(5223803, 0, 0, 5223803)
(5223556, 0, 0, 5223556)
(5223020, 0, 0, 5223020)
(5222888, 0, 0, 5222888)
(5222675, 0, 0, 5222675)
(5222562, 0, 0, 5222562)
(5222449, 0, 0, 5222449)
(5222336, 0, 0, 5222336)
(5222079, 0, 0, 5222079)
(5221673, 0, 0, 5221673)
(5221672, 0, 0, 5221672)
(5221158, 0, 0, 5221158)
(5220238, 0, 0, 5220238)
(5220022, 0, 0, 5220022)
(5219674, 0, 0, 5219674)
(5219134, 0, 0, 5219134)
(5219010, 0, 0, 5219010)
(5218392, 0, 0, 5218392)
(5218255, 0, 0, 5218255)
(5217930, 0, 0, 5217930)
(5217369, 0, 0, 5217369)
(5217043, 0, 0, 5217043)
(5216415, 0, 0, 5216415)
(5216037, 0, 0, 5216037)
(5215347, 0, 0, 5215347)
(5214842, 0, 0, 5214842)
(5213933, 0, 0, 5213933)
(5213024, 0, 0, 5213024)
(5212579, 0, 0, 5212579)
(5211977, 0, 0, 5211977)
(5211871, 0, 0, 5211871)
(5211765, 0, 0, 5211765)
(5211294, 0, 0, 5211294)
(5211136, 0, 0, 5211136)
(5210401, 0, 0, 5210401)
(5209917, 0, 0, 5209917)
(5209347, 0, 0, 5209347)
(5209122, 0, 0, 5209122)
(5208704, 0, 0, 5208704)
(5208308, 0, 0, 5208308)
(5207587, 0, 0, 5207587)
(5207215, 0, 0, 5207215)
(5206843, 0, 0, 5206843)
(5206220, 0, 0, 5206220)
(5205597, 0, 0, 5205597)
(5205388, 0, 0, 5205388)
(5205133, 0, 0, 5205133)
(5204642, 0, 0, 5204642)
(5204360, 0, 0, 5204360)
(5204040, 0, 0, 5204040)
(5203559, 0, 0, 5203559)
(5203068, 0, 0, 5203068)
(5202910, 0, 0, 5202910)
(5202752, 0, 0, 5202752)
(5202388, 0, 0, 5202388)
(5201990, 0, 0, 5201990)
(5201989, 0, 0, 5201989)
(5201988, 0, 0, 5201988)
(5201987, 0, 0, 5201987)
(5201986, 0, 0, 5201986)
(5201985, 0, 0, 5201985)
(5201984, 0, 0, 5201984)
(5201836, 0, 0, 5201836)
(5201441, 0, 0, 5201441)
(5200969, 0, 0, 5200969)
(5200867, 0, 0, 5200867)
(5200849, 0, 0, 5200849)
(5200831, 0, 0, 5200831)
(5200419, 0, 0, 5200419)
(5200013, 0, 0, 5200013)
(5199454, 0, 0, 5199454)
(5199312, 0, 0, 5199312)
(5198807, 0, 0, 5198807)
(5198806, 0, 0, 5198806)
(5198805, 0, 0, 5198805)
(5198804, 0, 0, 5198804)
(5198494, 0, 0, 5198494)
(5198128, 0, 0, 5198128)
(5198127, 0, 0, 5198127)
(5198126, 0, 0, 5198126)
(5198125, 0, 0, 5198125)
(5197909, 0, 0, 5197909)
(5197525, 0, 0, 5197525)
(5196847, 0, 0, 5196847)
(5196716, 0, 0, 5196716)
(5196451, 0, 0, 5196451)
(5196320, 0, 0, 5196320)
(5196110, 0, 0, 5196110)
(5195462, 0, 0, 5195462)
(5194892, 0, 0, 5194892)
(5194462, 0, 0, 5194462)
(5194297, 0, 0, 5194297)
(5194132, 0, 0, 5194132)
(5193555, 0, 0, 5193555)
(5193166, 0, 0, 5193166)
(5192692, 0, 0, 5192692)
(5192516, 0, 0, 5192516)
(5191970, 0, 0, 5191970)
(5191665, 0, 0, 5191665)
(5191512, 0, 0, 5191512)
(5191170, 0, 0, 5191170)
(5190483, 0, 0, 5190483)
(5190173, 0, 0, 5190173)
(5189731, 0, 0, 5189731)
(5189618, 0, 0, 5189618)
(5189151, 0, 0, 5189151)
(5188653, 0, 0, 5188653)
(5188192, 0, 0, 5188192)
(5187939, 0, 0, 5187939)
(5187561, 0, 0, 5187561)
(5187402, 0, 0, 5187402)
(5187297, 0, 0, 5187297)
