(3473282, 0, 0, 3473282)
(3472347, 0, 0, 3472347)
(3472038, 0, 0, 3472038)
(3471633, 0, 0, 3471633)
(3471226, 0, 0, 3471226)
(3470437, 0, 0, 3470437)
(3469996, 0, 0, 3469996)
(3469399, 0, 0, 3469399)
(3468961, 0, 0, 3468961)
(3468652, 0, 0, 3468652)
(3468379, 0, 0, 3468379)
(3467798, 0, 0, 3467798)
(3466960, 0, 0, 3466960)
(3466959, 0, 0, 3466959)
(3466958, 0, 0, 3466958)
(3466719, 0, 0, 3466719)
(3466480, 0, 0, 3466480)
(3465948, 0, 0, 3465948)
(3465775, 0, 0, 3465775)
(3465427, 0, 0, 3465427)
(3465092, 0, 0, 3465092)
(3464680, 0, 0, 3464680)
(3464236, 0, 0, 3464236)
(3463917, 0, 0, 3463917)
(3463511, 0, 0, 3463511)
(3463342, 0, 0, 3463342)
(3463081, 0, 0, 3463081)
(3462417, 0, 0, 3462417)
(3462329, 0, 0, 3462329)
(3462241, 0, 0, 3462241)
(3461268, 0, 0, 3461268)
(3460520, 0, 0, 3460520)
(3460341, 0, 0, 3460341)
(3460162, 0, 0, 3460162)
(3459983, 0, 0, 3459983)
(3459804, 0, 0, 3459804)
(3459666, 0, 0, 3459666)
(3458886, 0, 0, 3458886)
(3458419, 0, 0, 3458419)
(3458213, 0, 0, 3458213)
(3457683, 0, 0, 3457683)
(3457046, 0, 0, 3457046)
(3456715, 0, 0, 3456715)
(3455852, 0, 0, 3455852)
(3455851, 0, 0, 3455851)
(3455200, 0, 0, 3455200)
(3454585, 0, 0, 3454585)
(3453829, 0, 0, 3453829)
(3453490, 0, 0, 3453490)
(3453042, 0, 0, 3453042)
(3452591, 0, 0, 3452591)
(3452123, 0, 0, 3452123)
(3451283, 0, 0, 3451283)
(3450452, 0, 0, 3450452)
(3450440, 0, 0, 3450440)
(3450145, 0, 0, 3450145)
(3450019, 0, 0, 3450019)
(3449852, 0, 0, 3449852)
(3449604, 0, 0, 3449604)
(3449017, 0, 0, 3449017)
(3448270, 0, 0, 3448270)
(3447369, 0, 0, 3447369)
(3446418, 0, 0, 3446418)
(3445826, 0, 0, 3445826)
(3444968, 0, 0, 3444968)
(3444913, 0, 0, 3444913)
(3444371, 0, 0, 3444371)
(3444320, 0, 0, 3444320)
(3443913, 0, 0, 3443913)
(3443319, 0, 0, 3443319)
(3443224, 0, 0, 3443224)
(3442621, 0, 0, 3442621)
(3441811, 0, 0, 3441811)
(3440984, 0, 0, 3440984)
(3440494, 0, 0, 3440494)
(3439963, 0, 0, 3439963)
(3439601, 0, 0, 3439601)
(3439244, 0, 0, 3439244)
(3438500, 0, 0, 3438500)
(3438444, 0, 0, 3438444)
(3437824, 0, 0, 3437824)
(3437038, 0, 0, 3437038)
(3436387, 0, 0, 3436387)
(3435989, 0, 0, 3435989)
(3435702, 0, 0, 3435702)
(3435608, 0, 0, 3435608)
(3435514, 0, 0, 3435514)
(3435135, 0, 0, 3435135)
(3434345, 0, 0, 3434345)
(3434007, 0, 0, 3434007)
(3433312, 0, 0, 3433312)
(3432950, 0, 0, 3432950)
(3432599, 0, 0, 3432599)
(3431757, 0, 0, 3431757)
(3431467, 0, 0, 3431467)
(3431129, 0, 0, 3431129)
(3430387, 0, 0, 3430387)
(3430215, 0, 0, 3430215)
(3429793, 0, 0, 3429793)
(3429431, 0, 0, 3429431)
(3429069, 0, 0, 3429069)
(3428365, 0, 0, 3428365)
(3427934, 0, 0, 3427934)
(3427277, 0, 0, 3427277)
(3427229, 0, 0, 3427229)
(3426575, 0, 0, 3426575)
(3426103, 0, 0, 3426103)
(3425447, 0, 0, 3425447)
(3424955, 0, 0, 3424955)
(3424463, 0, 0, 3424463)
(3423978, 0, 0, 3423978)
(3423522, 0, 0, 3423522)
(3423342, 0, 0, 3423342)
(3422618, 0, 0, 3422618)
(3422221, 0, 0, 3422221)
(3421405, 0, 0, 3421405)
(3420878, 0, 0, 3420878)
(3420541, 0, 0, 3420541)
(3419957, 0, 0, 3419957)
(3419901, 0, 0, 3419901)
(3419669, 0, 0, 3419669)
(3419394, 0, 0, 3419394)
(3419003, 0, 0, 3419003)
(3418636, 0, 0, 3418636)
(3418245, 0, 0, 3418245)
(3417488, 0, 0, 3417488)
(3416971, 0, 0, 3416971)
(3416501, 0, 0, 3416501)
(3415980, 0, 0, 3415980)
(3415811, 0, 0, 3415811)
(3415642, 0, 0, 3415642)
(3415473, 0, 0, 3415473)
(3414636, 0, 0, 3414636)
(3414499, 0, 0, 3414499)
(3414362, 0, 0, 3414362)
(3414225, 0, 0, 3414225)
(3414088, 0, 0, 3414088)
(3413951, 0, 0, 3413951)
(3413348, 0, 0, 3413348)
(3413306, 0, 0, 3413306)
(3413006, 0, 0, 3413006)
(3412706, 0, 0, 3412706)
(3412024, 0, 0, 3412024)
(3411861, 0, 0, 3411861)
(3411698, 0, 0, 3411698)
(3410847, 0, 0, 3410847)
(3410092, 0, 0, 3410092)
(3409435, 0, 0, 3409435)
(3409260, 0, 0, 3409260)
(3408525, 0, 0, 3408525)
(3407590, 0, 0, 3407590)
(3407251, 0, 0, 3407251)
(3406763, 0, 0, 3406763)
(3406243, 0, 0, 3406243)
(3405944, 0, 0, 3405944)
(3405645, 0, 0, 3405645)
(3405342, 0, 0, 3405342)
(3404915, 0, 0, 3404915)
(3404116, 0, 0, 3404116)
(3403258, 0, 0, 3403258)
(3402611, 0, 0, 3402611)
(3401867, 0, 0, 3401867)
(3401683, 0, 0, 3401683)
(3401429, 0, 0, 3401429)
(3401069, 0, 0, 3401069)
(3400540, 0, 0, 3400540)
(3400184, 0, 0, 3400184)
(3399917, 0, 0, 3399917)
(3399434, 0, 0, 3399434)
(3398477, 0, 0, 3398477)
(3398454, 0, 0, 3398454)
(3398162, 0, 0, 3398162)
(3397563, 0, 0, 3397563)
(3397032, 0, 0, 3397032)
(3396429, 0, 0, 3396429)
(3395827, 0, 0, 3395827)
(3395815, 0, 0, 3395815)
(3394858, 0, 0, 3394858)
(3394602, 0, 0, 3394602)
(3394398, 0, 0, 3394398)
(3393902, 0, 0, 3393902)
(3393406, 0, 0, 3393406)
(3393335, 0, 0, 3393335)
(3393296, 0, 0, 3393296)
(3392688, 0, 0, 3392688)
(3392238, 0, 0, 3392238)
(3391613, 0, 0, 3391613)
(3391374, 0, 0, 3391374)
(3391076, 0, 0, 3391076)
(3390245, 0, 0, 3390245)
(3389583, 0, 0, 3389583)
(3389225, 0, 0, 3389225)
(3388585, 0, 0, 3388585)
(3388052, 0, 0, 3388052)
(3387730, 0, 0, 3387730)
(3387141, 0, 0, 3387141)
(3386605, 0, 0, 3386605)
(3386189, 0, 0, 3386189)
(3385980, 0, 0, 3385980)
(3385705, 0, 0, 3385705)
(3385201, 0, 0, 3385201)
(3384860, 0, 0, 3384860)
(3384204, 0, 0, 3384204)
(3383742, 0, 0, 3383742)
(3383581, 0, 0, 3383581)
(3382641, 0, 0, 3382641)
(3381885, 0, 0, 3381885)
(3381437, 0, 0, 3381437)
(3380989, 0, 0, 3380989)
(3380541, 0, 0, 3380541)
(3380495, 0, 0, 3380495)
(3380449, 0, 0, 3380449)
(3379792, 0, 0, 3379792)
(3379338, 0, 0, 3379338)
(3378702, 0, 0, 3378702)
(3378301, 0, 0, 3378301)
(3377965, 0, 0, 3377965)
(3377794, 0, 0, 3377794)
(3377370, 0, 0, 3377370)
(3376885, 0, 0, 3376885)
(3376681, 0, 0, 3376681)
(3376345, 0, 0, 3376345)
(3376127, 0, 0, 3376127)
(3375665, 0, 0, 3375665)
(3375419, 0, 0, 3375419)
(3374976, 0, 0, 3374976)
(3374563, 0, 0, 3374563)
(3374172, 0, 0, 3374172)
(3373510, 0, 0, 3373510)
(3372699, 0, 0, 3372699)
(3372290, 0, 0, 3372290)
(3371600, 0, 0, 3371600)
(3371484, 0, 0, 3371484)
(3371194, 0, 0, 3371194)
(3370862, 0, 0, 3370862)
(3370469, 0, 0, 3370469)
(3370343, 0, 0, 3370343)
(3370046, 0, 0, 3370046)
(3369968, 0, 0, 3369968)
(3369757, 0, 0, 3369757)
(3369574, 0, 0, 3369574)
(3369264, 0, 0, 3369264)
(3368632, 0, 0, 3368632)
(3368538, 0, 0, 3368538)
(3368444, 0, 0, 3368444)
(3368228, 0, 0, 3368228)
(3367760, 0, 0, 3367760)
(3367757, 0, 0, 3367757)
(3367236, 0, 0, 3367236)
(3367004, 0, 0, 3367004)
(3366421, 0, 0, 3366421)
(3365875, 0, 0, 3365875)
(3365142, 0, 0, 3365142)
(3364560, 0, 0, 3364560)
(3363971, 0, 0, 3363971)
(3363625, 0, 0, 3363625)
(3363324, 0, 0, 3363324)
(3362615, 0, 0, 3362615)
(3362369, 0, 0, 3362369)
(3362000, 0, 0, 3362000)
(3361131, 0, 0, 3361131)
(3361007, 0, 0, 3361007)
(3360335, 0, 0, 3360335)
(3359858, 0, 0, 3359858)
(3359489, 0, 0, 3359489)
(3359222, 0, 0, 3359222)
(3358734, 0, 0, 3358734)
(3358595, 0, 0, 3358595)
(3358255, 0, 0, 3358255)
(3357797, 0, 0, 3357797)
(3357702, 0, 0, 3357702)
(3357488, 0, 0, 3357488)
(3357333, 0, 0, 3357333)
(3357129, 0, 0, 3357129)
(3356430, 0, 0, 3356430)
(3356194, 0, 0, 3356194)
(3355737, 0, 0, 3355737)
(3355212, 0, 0, 3355212)
(3354533, 0, 0, 3354533)
(3354108, 0, 0, 3354108)
(3353822, 0, 0, 3353822)
(3353543, 0, 0, 3353543)
(3353312, 0, 0, 3353312)
(3352726, 0, 0, 3352726)
(3351951, 0, 0, 3351951)
(3351419, 0, 0, 3351419)
(3351284, 0, 0, 3351284)
(3351149, 0, 0, 3351149)
(3351028, 0, 0, 3351028)
(3350631, 0, 0, 3350631)
(3350196, 0, 0, 3350196)
(3349412, 0, 0, 3349412)
(3348983, 0, 0, 3348983)
(3348684, 0, 0, 3348684)
(3348493, 0, 0, 3348493)
(3348082, 0, 0, 3348082)
(3347468, 0, 0, 3347468)
(3347122, 0, 0, 3347122)
(3346727, 0, 0, 3346727)
(3346077, 0, 0, 3346077)
(3345514, 0, 0, 3345514)
(3345183, 0, 0, 3345183)
(3344627, 0, 0, 3344627)
(3344307, 0, 0, 3344307)
(3344195, 0, 0, 3344195)
(3343634, 0, 0, 3343634)
(3343603, 0, 0, 3343603)
(3343518, 0, 0, 3343518)
(3342904, 0, 0, 3342904)
(3342162, 0, 0, 3342162)
(3341703, 0, 0, 3341703)
(3341422, 0, 0, 3341422)
(3340845, 0, 0, 3340845)
(3340426, 0, 0, 3340426)
(3339557, 0, 0, 3339557)
(3339469, 0, 0, 3339469)
(3338596, 0, 0, 3338596)
(3337873, 0, 0, 3337873)
(3337768, 0, 0, 3337768)
(3337068, 0, 0, 3337068)
(3336503, 0, 0, 3336503)
(3335711, 0, 0, 3335711)
(3335283, 0, 0, 3335283)
(3335095, 0, 0, 3335095)
(3334512, 0, 0, 3334512)
(3333647, 0, 0, 3333647)
(3333482, 0, 0, 3333482)
(3332974, 0, 0, 3332974)
(3332697, 0, 0, 3332697)
(3332258, 0, 0, 3332258)
(3332201, 0, 0, 3332201)
(3331645, 0, 0, 3331645)
(3330875, 0, 0, 3330875)
(3330445, 0, 0, 3330445)
(3329936, 0, 0, 3329936)
(3329889, 0, 0, 3329889)
(3329371, 0, 0, 3329371)
(3328953, 0, 0, 3328953)
(3328467, 0, 0, 3328467)
(3328408, 0, 0, 3328408)
(3327877, 0, 0, 3327877)
(3327042, 0, 0, 3327042)
(3326580, 0, 0, 3326580)
(3326287, 0, 0, 3326287)
(3325911, 0, 0, 3325911)
(3325191, 0, 0, 3325191)
(3324952, 0, 0, 3324952)
(3323930, 0, 0, 3323930)
(3323743, 0, 0, 3323743)
(3323538, 0, 0, 3323538)
(3322933, 0, 0, 3322933)
(3322552, 0, 0, 3322552)
(3322450, 0, 0, 3322450)
(3322218, 0, 0, 3322218)
(3321862, 0, 0, 3321862)
(3321204, 0, 0, 3321204)
(3320596, 0, 0, 3320596)
(3320026, 0, 0, 3320026)
(3319569, 0, 0, 3319569)
(3319309, 0, 0, 3319309)
(3318703, 0, 0, 3318703)
(3318234, 0, 0, 3318234)
(3318090, 0, 0, 3318090)
(3317782, 0, 0, 3317782)
(3317668, 0, 0, 3317668)
(3317554, 0, 0, 3317554)
(3317108, 0, 0, 3317108)
(3316385, 0, 0, 3316385)
(3316262, 0, 0, 3316262)
(3315884, 0, 0, 3315884)
(3315526, 0, 0, 3315526)
(3314931, 0, 0, 3314931)
(3314336, 0, 0, 3314336)
(3313965, 0, 0, 3313965)
(3313753, 0, 0, 3313753)
(3313393, 0, 0, 3313393)
(3313070, 0, 0, 3313070)
(3312688, 0, 0, 3312688)
(3311984, 0, 0, 3311984)
(3311577, 0, 0, 3311577)
(3311309, 0, 0, 3311309)
(3310760, 0, 0, 3310760)
(3310223, 0, 0, 3310223)
(3309362, 0, 0, 3309362)
(3308895, 0, 0, 3308895)
(3308622, 0, 0, 3308622)
(3308010, 0, 0, 3308010)
(3307481, 0, 0, 3307481)
(3307063, 0, 0, 3307063)
(3306620, 0, 0, 3306620)
(3306462, 0, 0, 3306462)
(3305622, 0, 0, 3305622)
(3305548, 0, 0, 3305548)
(3305510, 0, 0, 3305510)
(3304715, 0, 0, 3304715)
(3304424, 0, 0, 3304424)
(3304069, 0, 0, 3304069)
(3304040, 0, 0, 3304040)
(3304011, 0, 0, 3304011)
(3303755, 0, 0, 3303755)
(3303536, 0, 0, 3303536)
(3303317, 0, 0, 3303317)
(3302870, 0, 0, 3302870)
(3302455, 0, 0, 3302455)
(3301792, 0, 0, 3301792)
(3300935, 0, 0, 3300935)
(3300435, 0, 0, 3300435)
(3299593, 0, 0, 3299593)
(3299243, 0, 0, 3299243)
(3299000, 0, 0, 3299000)
(3298483, 0, 0, 3298483)
(3298008, 0, 0, 3298008)
(3297533, 0, 0, 3297533)
(3297058, 0, 0, 3297058)
(3296583, 0, 0, 3296583)
(3296104, 0, 0, 3296104)
(3295483, 0, 0, 3295483)
(3294741, 0, 0, 3294741)
(3293567, 0, 0, 3293567)
(3292996, 0, 0, 3292996)
(3292673, 0, 0, 3292673)
(3292350, 0, 0, 3292350)
(3291851, 0, 0, 3291851)
(3291088, 0, 0, 3291088)
(3290612, 0, 0, 3290612)
(3290216, 0, 0, 3290216)
(3289695, 0, 0, 3289695)
(3289288, 0, 0, 3289288)
(3289059, 0, 0, 3289059)
(3288227, 0, 0, 3288227)
(3287634, 0, 0, 3287634)
(3287484, 0, 0, 3287484)
(3286805, 0, 0, 3286805)
(3286386, 0, 0, 3286386)
(3285967, 0, 0, 3285967)
(3285529, 0, 0, 3285529)
(3285137, 0, 0, 3285137)
(3284983, 0, 0, 3284983)
(3284349, 0, 0, 3284349)
(3283988, 0, 0, 3283988)
(3283735, 0, 0, 3283735)
(3283248, 0, 0, 3283248)
(3282717, 0, 0, 3282717)
(3282452, 0, 0, 3282452)
(3282428, 0, 0, 3282428)
(3281904, 0, 0, 3281904)
(3281435, 0, 0, 3281435)
(3280952, 0, 0, 3280952)
(3280468, 0, 0, 3280468)
(3280344, 0, 0, 3280344)
(3279808, 0, 0, 3279808)
(3279272, 0, 0, 3279272)
(3278727, 0, 0, 3278727)
(3278368, 0, 0, 3278368)
(3278007, 0, 0, 3278007)
(3277691, 0, 0, 3277691)
(3277435, 0, 0, 3277435)
(3277044, 0, 0, 3277044)
(3276653, 0, 0, 3276653)
(3276262, 0, 0, 3276262)
(3276060, 0, 0, 3276060)
(3275922, 0, 0, 3275922)
(3275549, 0, 0, 3275549)
(3274569, 0, 0, 3274569)
(3274114, 0, 0, 3274114)
(3273290, 0, 0, 3273290)
(3273026, 0, 0, 3273026)
(3272893, 0, 0, 3272893)
(3272330, 0, 0, 3272330)
(3271623, 0, 0, 3271623)
(3271184, 0, 0, 3271184)
(3271000, 0, 0, 3271000)
(3270430, 0, 0, 3270430)
(3269956, 0, 0, 3269956)
(3269136, 0, 0, 3269136)
(3268841, 0, 0, 3268841)
(3268398, 0, 0, 3268398)
(3268146, 0, 0, 3268146)
(3267337, 0, 0, 3267337)
(3267304, 0, 0, 3267304)
(3266814, 0, 0, 3266814)
(3265937, 0, 0, 3265937)
(3265501, 0, 0, 3265501)
(3264641, 0, 0, 3264641)
(3264052, 0, 0, 3264052)
(3263674, 0, 0, 3263674)
(3263296, 0, 0, 3263296)
(3262918, 0, 0, 3262918)
(3262540, 0, 0, 3262540)
(3262162, 0, 0, 3262162)
(3261890, 0, 0, 3261890)
(3261618, 0, 0, 3261618)
(3261374, 0, 0, 3261374)
(3261003, 0, 0, 3261003)
(3260490, 0, 0, 3260490)
(3260467, 0, 0, 3260467)
(3260117, 0, 0, 3260117)
(3259682, 0, 0, 3259682)
(3259247, 0, 0, 3259247)
(3259110, 0, 0, 3259110)
(3258751, 0, 0, 3258751)
(3258562, 0, 0, 3258562)
(3258540, 0, 0, 3258540)
(3257741, 0, 0, 3257741)
(3257157, 0, 0, 3257157)
(3256847, 0, 0, 3256847)
(3255768, 0, 0, 3255768)
(3254927, 0, 0, 3254927)
(3254578, 0, 0, 3254578)
(3254176, 0, 0, 3254176)
(3253781, 0, 0, 3253781)
(3253095, 0, 0, 3253095)
(3252624, 0, 0, 3252624)
(3252101, 0, 0, 3252101)
(3251171, 0, 0, 3251171)
(3250626, 0, 0, 3250626)
(3250339, 0, 0, 3250339)
(3250239, 0, 0, 3250239)
(3250139, 0, 0, 3250139)
(3249968, 0, 0, 3249968)
(3249815, 0, 0, 3249815)
(3249446, 0, 0, 3249446)
(3248693, 0, 0, 3248693)
(3248364, 0, 0, 3248364)
(3248062, 0, 0, 3248062)
(3247295, 0, 0, 3247295)
(3246908, 0, 0, 3246908)
(3246907, 0, 0, 3246907)
(3246334, 0, 0, 3246334)
(3245192, 0, 0, 3245192)
(3244607, 0, 0, 3244607)
(3244450, 0, 0, 3244450)
(3244293, 0, 0, 3244293)
(3243743, 0, 0, 3243743)
(3242998, 0, 0, 3242998)
(3242212, 0, 0, 3242212)
(3242200, 0, 0, 3242200)
(3241770, 0, 0, 3241770)
(3240964, 0, 0, 3240964)
(3240742, 0, 0, 3240742)
(3240448, 0, 0, 3240448)
(3240154, 0, 0, 3240154)
(3239860, 0, 0, 3239860)
(3239204, 0, 0, 3239204)
(3238699, 0, 0, 3238699)
(3238279, 0, 0, 3238279)
(3237698, 0, 0, 3237698)
(3237240, 0, 0, 3237240)
(3236695, 0, 0, 3236695)
(3236082, 0, 0, 3236082)
(3235709, 0, 0, 3235709)
(3235307, 0, 0, 3235307)
(3235061, 0, 0, 3235061)
(3234309, 0, 0, 3234309)
(3234135, 0, 0, 3234135)
(3233630, 0, 0, 3233630)
(3233248, 0, 0, 3233248)
(3232363, 0, 0, 3232363)
(3231789, 0, 0, 3231789)
(3231634, 0, 0, 3231634)
(3231479, 0, 0, 3231479)
(3231324, 0, 0, 3231324)
(3231169, 0, 0, 3231169)
(3231014, 0, 0, 3231014)
(3230717, 0, 0, 3230717)
(3230420, 0, 0, 3230420)
(3230123, 0, 0, 3230123)
(3229826, 0, 0, 3229826)
(3229529, 0, 0, 3229529)
(3229252, 0, 0, 3229252)
(3228924, 0, 0, 3228924)
(3228596, 0, 0, 3228596)
(3228562, 0, 0, 3228562)
(3227658, 0, 0, 3227658)
(3226859, 0, 0, 3226859)
(3226619, 0, 0, 3226619)
(3226232, 0, 0, 3226232)
(3225826, 0, 0, 3225826)
(3225353, 0, 0, 3225353)
(3224804, 0, 0, 3224804)
(3224128, 0, 0, 3224128)
(3223332, 0, 0, 3223332)
(3222928, 0, 0, 3222928)
(3222630, 0, 0, 3222630)
(3222346, 0, 0, 3222346)
(3222062, 0, 0, 3222062)
(3221974, 0, 0, 3221974)
(3221886, 0, 0, 3221886)
(3221681, 0, 0, 3221681)
(3220988, 0, 0, 3220988)
(3220349, 0, 0, 3220349)
(3219995, 0, 0, 3219995)
(3219651, 0, 0, 3219651)
(3219418, 0, 0, 3219418)
(3218741, 0, 0, 3218741)
(3218300, 0, 0, 3218300)
(3217952, 0, 0, 3217952)
(3217626, 0, 0, 3217626)
(3217077, 0, 0, 3217077)
(3216662, 0, 0, 3216662)
(3216075, 0, 0, 3216075)
(3215919, 0, 0, 3215919)
(3215918, 0, 0, 3215918)
(3215483, 0, 0, 3215483)
(3214968, 0, 0, 3214968)
(3214449, 0, 0, 3214449)
(3214088, 0, 0, 3214088)
(3213458, 0, 0, 3213458)
(3212896, 0, 0, 3212896)
(3212439, 0, 0, 3212439)
(3212107, 0, 0, 3212107)
(3211317, 0, 0, 3211317)
(3210835, 0, 0, 3210835)
(3210358, 0, 0, 3210358)
(3209975, 0, 0, 3209975)
(3209520, 0, 0, 3209520)
(3209221, 0, 0, 3209221)
(3208628, 0, 0, 3208628)
(3208276, 0, 0, 3208276)
(3207941, 0, 0, 3207941)
(3207227, 0, 0, 3207227)
(3206815, 0, 0, 3206815)
(3206713, 0, 0, 3206713)
(3206627, 0, 0, 3206627)
(3206336, 0, 0, 3206336)
(3206059, 0, 0, 3206059)
(3205296, 0, 0, 3205296)
(3204860, 0, 0, 3204860)
(3204766, 0, 0, 3204766)
(3204382, 0, 0, 3204382)
(3204176, 0, 0, 3204176)
(3203843, 0, 0, 3203843)
(3203474, 0, 0, 3203474)
(3203067, 0, 0, 3203067)
(3202780, 0, 0, 3202780)
(3202304, 0, 0, 3202304)
(3202004, 0, 0, 3202004)
(3201034, 0, 0, 3201034)
(3200484, 0, 0, 3200484)
(3199765, 0, 0, 3199765)
(3199432, 0, 0, 3199432)
(3199431, 0, 0, 3199431)
(3199111, 0, 0, 3199111)
(3198264, 0, 0, 3198264)
(3197898, 0, 0, 3197898)
(3197579, 0, 0, 3197579)
(3197248, 0, 0, 3197248)
(3196877, 0, 0, 3196877)
(3196097, 0, 0, 3196097)
(3195853, 0, 0, 3195853)
(3195678, 0, 0, 3195678)
(3195298, 0, 0, 3195298)
(3195184, 0, 0, 3195184)
(3194878, 0, 0, 3194878)
(3194572, 0, 0, 3194572)
(3194266, 0, 0, 3194266)
(3193960, 0, 0, 3193960)
(3193195, 0, 0, 3193195)
(3192551, 0, 0, 3192551)
(3191907, 0, 0, 3191907)
(3191553, 0, 0, 3191553)
(3190979, 0, 0, 3190979)
(3190164, 0, 0, 3190164)
(3189606, 0, 0, 3189606)
(3189067, 0, 0, 3189067)
(3188164, 0, 0, 3188164)
(3187812, 0, 0, 3187812)
(3187342, 0, 0, 3187342)
(3187232, 0, 0, 3187232)
(3186759, 0, 0, 3186759)
(3186286, 0, 0, 3186286)
(3185593, 0, 0, 3185593)
(3184830, 0, 0, 3184830)
(3184124, 0, 0, 3184124)
(3183702, 0, 0, 3183702)
(3183071, 0, 0, 3183071)
(3182576, 0, 0, 3182576)
(3181832, 0, 0, 3181832)
(3181438, 0, 0, 3181438)
(3180777, 0, 0, 3180777)
(3180170, 0, 0, 3180170)
(3179487, 0, 0, 3179487)
(3179077, 0, 0, 3179077)
(3178641, 0, 0, 3178641)
(3178036, 0, 0, 3178036)
(3177251, 0, 0, 3177251)
(3177102, 0, 0, 3177102)
(3176953, 0, 0, 3176953)
(3176180, 0, 0, 3176180)
(3175558, 0, 0, 3175558)
(3175352, 0, 0, 3175352)
(3175289, 0, 0, 3175289)
(3175226, 0, 0, 3175226)
(3174950, 0, 0, 3174950)
(3174463, 0, 0, 3174463)
(3173763, 0, 0, 3173763)
(3173421, 0, 0, 3173421)
(3172972, 0, 0, 3172972)
(3172485, 0, 0, 3172485)
(3172061, 0, 0, 3172061)
(3171192, 0, 0, 3171192)
(3170973, 0, 0, 3170973)
(3170627, 0, 0, 3170627)
(3170424, 0, 0, 3170424)
(3170221, 0, 0, 3170221)
(3170018, 0, 0, 3170018)
(3169863, 0, 0, 3169863)
(3169708, 0, 0, 3169708)
(3169553, 0, 0, 3169553)
(3169106, 0, 0, 3169106)
(3168524, 0, 0, 3168524)
(3167942, 0, 0, 3167942)
(3167360, 0, 0, 3167360)
(3166826, 0, 0, 3166826)
(3166223, 0, 0, 3166223)
(3165981, 0, 0, 3165981)
(3165552, 0, 0, 3165552)
(3165187, 0, 0, 3165187)
(3164484, 0, 0, 3164484)
(3164166, 0, 0, 3164166)
(3163616, 0, 0, 3163616)
(3163067, 0, 0, 3163067)
(3162266, 0, 0, 3162266)
(3161911, 0, 0, 3161911)
(3161137, 0, 0, 3161137)
(3160363, 0, 0, 3160363)
(3159906, 0, 0, 3159906)
(3159258, 0, 0, 3159258)
(3158375, 0, 0, 3158375)
(3157709, 0, 0, 3157709)
(3157606, 0, 0, 3157606)
(3157381, 0, 0, 3157381)
(3157296, 0, 0, 3157296)
(3156634, 0, 0, 3156634)
(3156148, 0, 0, 3156148)
(3155747, 0, 0, 3155747)
(3155624, 0, 0, 3155624)
(3155374, 0, 0, 3155374)
(3155120, 0, 0, 3155120)
(3154424, 0, 0, 3154424)
(3153994, 0, 0, 3153994)
(3153842, 0, 0, 3153842)
(3153449, 0, 0, 3153449)
(3152526, 0, 0, 3152526)
(3151786, 0, 0, 3151786)
(3151427, 0, 0, 3151427)
(3150870, 0, 0, 3150870)
(3150584, 0, 0, 3150584)
(3150404, 0, 0, 3150404)
(3149275, 0, 0, 3149275)
(3148454, 0, 0, 3148454)
(3148439, 0, 0, 3148439)
(3147689, 0, 0, 3147689)
(3146706, 0, 0, 3146706)
(3145805, 0, 0, 3145805)
(3145274, 0, 0, 3145274)
(3144570, 0, 0, 3144570)
(3143829, 0, 0, 3143829)
(3143637, 0, 0, 3143637)
(3143446, 0, 0, 3143446)
(3142493, 0, 0, 3142493)
(3141763, 0, 0, 3141763)
(3141535, 0, 0, 3141535)
(3140803, 0, 0, 3140803)
(3140096, 0, 0, 3140096)
(3139438, 0, 0, 3139438)
(3138657, 0, 0, 3138657)
(3137818, 0, 0, 3137818)
(3137561, 0, 0, 3137561)
(3137173, 0, 0, 3137173)
(3136729, 0, 0, 3136729)
(3136363, 0, 0, 3136363)
(3135579, 0, 0, 3135579)
(3135209, 0, 0, 3135209)
(3134693, 0, 0, 3134693)
(3134351, 0, 0, 3134351)
(3133789, 0, 0, 3133789)
(3133147, 0, 0, 3133147)
(3132402, 0, 0, 3132402)
(3132069, 0, 0, 3132069)
(3131757, 0, 0, 3131757)
(3131120, 0, 0, 3131120)
(3131084, 0, 0, 3131084)
(3131048, 0, 0, 3131048)
(3130131, 0, 0, 3130131)
(3129640, 0, 0, 3129640)
(3129261, 0, 0, 3129261)
(3128454, 0, 0, 3128454)
(3128035, 0, 0, 3128035)
(3127641, 0, 0, 3127641)
(3127369, 0, 0, 3127369)
(3126974, 0, 0, 3126974)
(3126458, 0, 0, 3126458)
(3125997, 0, 0, 3125997)
(3125336, 0, 0, 3125336)
(3124937, 0, 0, 3124937)
(3124280, 0, 0, 3124280)
(3124191, 0, 0, 3124191)
(3123294, 0, 0, 3123294)
(3122704, 0, 0, 3122704)
(3121910, 0, 0, 3121910)
(3121046, 0, 0, 3121046)
(3120954, 0, 0, 3120954)
(3120514, 0, 0, 3120514)
(3119635, 0, 0, 3119635)
(3119409, 0, 0, 3119409)
(3119015, 0, 0, 3119015)
(3118532, 0, 0, 3118532)
(3117479, 0, 0, 3117479)
(3116914, 0, 0, 3116914)
(3116788, 0, 0, 3116788)
(3115974, 0, 0, 3115974)
(3114992, 0, 0, 3114992)
(3114789, 0, 0, 3114789)
(3114256, 0, 0, 3114256)
(3113759, 0, 0, 3113759)
(3113030, 0, 0, 3113030)
(3112527, 0, 0, 3112527)
(3111752, 0, 0, 3111752)
(3111517, 0, 0, 3111517)
(3110905, 0, 0, 3110905)
(3110344, 0, 0, 3110344)
