(70594, 0, 0, 70594)
(70523, 0, 0, 70523)
(70471, 0, 0, 70471)
(70424, 0, 0, 70424)
(70424, 0, 0, 70424)
(70424, 0, 0, 70424)
(70386, 0, 0, 70386)
(70337, 0, 0, 70337)
(70301, 0, 0, 70301)
(70286, 0, 0, 70286)
(70330, 0, 251, 70581)
(70312, 0, 251, 70563)
(70312, 0, 251, 70563)
(70194, 61, 251, 70506)
(70161, 61, 251, 70473)
(70071, 61, 251, 70383)
(70024, 61, 251, 70336)
(69930, 61, 251, 70242)
(69930, 61, 251, 70242)
(69794, 61, 251, 70106)
(70322, 122, 780, 71224)
(70298, 122, 780, 71200)
(70250, 164, 780, 71194)
(70270, 122, 780, 71172)
(70125, 206, 780, 71111)
(70101, 122, 780, 71003)
(69959, 122, 780, 70861)
(69959, 122, 780, 70861)
(69959, 122, 780, 70861)
(70479, 0, 0, 70479)
(70476, 0, 0, 70476)
(70424, 0, 0, 70424)
(70345, 0, 0, 70345)
(70307, 0, 0, 70307)
(70064, 163, 0, 70227)
(70059, 163, 0, 70222)
(69912, 163, 0, 70075)
(69907, 163, 0, 70070)
(69712, 163, 0, 69875)
(69712, 163, 0, 69875)
(69774, 326, 565, 70665)
(69774, 326, 565, 70665)
(69753, 326, 565, 70644)
(69691, 326, 565, 70582)
(70429, 0, 0, 70429)
(70384, 0, 0, 70384)
(70384, 0, 0, 70384)
(70356, 0, 0, 70356)
(70341, 0, 0, 70341)
(70208, 0, 0, 70208)
(70470, 0, 196, 70666)
(70396, 0, 196, 70592)
(70303, 0, 196, 70499)
(69771, 306, 196, 70273)
(69714, 306, 196, 70216)
(69632, 306, 196, 70134)
(69575, 306, 196, 70077)
(69470, 306, 196, 69972)
(69162, 533, 196, 69891)
(69252, 306, 196, 69754)
(69587, 306, 1273, 71166)
(69586, 306, 1273, 71165)
(69586, 306, 1273, 71165)
(69505, 306, 1273, 71084)
(69378, 306, 1273, 70957)
(69375, 306, 1273, 70954)
(69316, 306, 1273, 70895)
(69125, 452, 1273, 70850)
(68891, 452, 1273, 70616)
(68891, 452, 1273, 70616)
(69202, 452, 1736, 71390)
(69157, 452, 1736, 71345)
(69109, 452, 1736, 71297)
(69067, 452, 1736, 71255)
(70408, 0, 0, 70408)
(70065, 0, 0, 70065)
(70058, 0, 0, 70058)
(69892, 145, 0, 70037)
(69820, 145, 0, 69965)
(69820, 145, 0, 69965)
(70068, 290, 604, 70962)
(70068, 290, 604, 70962)
(69956, 290, 604, 70850)
(69727, 290, 604, 70621)
(69686, 290, 604, 70580)
(69654, 290, 604, 70548)
(69564, 290, 604, 70458)
(69289, 290, 604, 70183)
(69289, 290, 604, 70183)
(69133, 290, 604, 70027)
(69800, 290, 1003, 71093)
(69762, 290, 1003, 71055)
(69178, 586, 1003, 70767)
(69403, 290, 1003, 70696)
(69298, 290, 1003, 70591)
(69298, 290, 1003, 70591)
(69244, 290, 1003, 70537)
(69244, 290, 1003, 70537)
(69136, 290, 1003, 70429)
(69080, 290, 1003, 70373)
(69571, 290, 1451, 71312)
(69401, 290, 1451, 71142)
(69396, 290, 1451, 71137)
(69262, 290, 1451, 71003)
(70315, 0, 0, 70315)
(70058, 92, 0, 70150)
(69756, 92, 0, 69848)
(69756, 92, 0, 69848)
(69643, 92, 0, 69735)
(69643, 92, 0, 69735)
(69847, 184, 970, 71001)
(69832, 184, 970, 70986)
(69660, 184, 970, 70814)
(69660, 184, 970, 70814)
(69562, 184, 970, 70716)
(69562, 184, 970, 70716)
(69497, 184, 970, 70651)
(69497, 184, 970, 70651)
(69473, 184, 970, 70627)
(70315, 0, 0, 70315)
(70532, 0, 97, 70629)
(70387, 0, 97, 70484)
(70387, 0, 97, 70484)
(70301, 0, 97, 70398)
(70203, 0, 97, 70300)
(70203, 0, 97, 70300)
(70203, 0, 97, 70300)
(70133, 0, 97, 70230)
(70053, 0, 97, 70150)
(69931, 0, 97, 70028)
(70223, 0, 375, 70598)
(70073, 0, 469, 70542)
(69916, 108, 469, 70493)
(69916, 108, 469, 70493)
(69866, 108, 469, 70443)
(69866, 108, 469, 70443)
(69678, 108, 469, 70255)
(69678, 108, 469, 70255)
(69494, 108, 469, 70071)
(69494, 108, 469, 70071)
(69972, 216, 1008, 71196)
(69669, 356, 1008, 71033)
(69745, 216, 1008, 70969)
(69564, 356, 1008, 70928)
(69531, 356, 1008, 70895)
(69462, 356, 1008, 70826)
(69249, 488, 1008, 70745)
(69216, 488, 1008, 70712)
(69192, 488, 1008, 70688)
(70173, 264, 0, 70437)
(70344, 0, 115, 70459)
(70344, 0, 115, 70459)
(70127, 0, 115, 70242)
(70127, 0, 115, 70242)
(70111, 0, 115, 70226)
(69987, 0, 115, 70102)
(69971, 0, 115, 70086)
(69938, 0, 115, 70053)
(69838, 0, 115, 69953)
(70594, 0, 0, 70594)
