(79792, 0, 0, 79792)
(79769, 0, 0, 79769)
(79750, 0, 0, 79750)
(79731, 0, 0, 79731)
(79712, 0, 0, 79712)
(79693, 0, 0, 79693)
(79690, 0, 0, 79690)
(79687, 0, 0, 79687)
(79684, 0, 0, 79684)
(79655, 0, 0, 79655)
(79619, 0, 0, 79619)
(79618, 0, 0, 79618)
(79570, 0, 0, 79570)
(79498, 0, 0, 79498)
(79497, 0, 0, 79497)
(79496, 0, 0, 79496)
(79495, 0, 0, 79495)
(79458, 0, 0, 79458)
(79412, 0, 0, 79412)
(79366, 0, 0, 79366)
(79343, 0, 0, 79343)
(79283, 0, 0, 79283)
(79247, 0, 0, 79247)
(79206, 0, 0, 79206)
(79162, 0, 0, 79162)
(79121, 0, 0, 79121)
(79080, 0, 0, 79080)
(79039, 0, 0, 79039)
(79013, 0, 0, 79013)
(78987, 0, 0, 78987)
(78962, 0, 0, 78962)
(78944, 0, 0, 78944)
(78863, 0, 0, 78863)
(78862, 0, 0, 78862)
(78829, 0, 0, 78829)
(78796, 0, 0, 78796)
(78778, 0, 0, 78778)
(78777, 0, 0, 78777)
(78776, 0, 0, 78776)
(78775, 0, 0, 78775)
(78774, 0, 0, 78774)
(78751, 0, 0, 78751)
(78728, 0, 0, 78728)
(78633, 0, 0, 78633)
(78556, 0, 0, 78556)
(78479, 0, 0, 78479)
(78478, 0, 0, 78478)
(78446, 0, 0, 78446)
(78445, 0, 0, 78445)
(78417, 0, 0, 78417)
(78378, 0, 0, 78378)
(78367, 0, 0, 78367)
(78366, 0, 0, 78366)
(78365, 0, 0, 78365)
(78351, 0, 0, 78351)
(78332, 0, 0, 78332)
(78313, 0, 0, 78313)
(78277, 0, 0, 78277)
(78241, 0, 0, 78241)
(78240, 0, 0, 78240)
(78239, 0, 0, 78239)
(78214, 0, 0, 78214)
(78161, 0, 0, 78161)
(78154, 0, 0, 78154)
(78090, 0, 0, 78090)
(78024, 0, 0, 78024)
(77972, 0, 0, 77972)
(77952, 0, 0, 77952)
(77932, 0, 0, 77932)
(77857, 0, 0, 77857)
(77802, 0, 0, 77802)
(77747, 0, 0, 77747)
(77717, 0, 0, 77717)
(77715, 0, 0, 77715)
(77666, 0, 0, 77666)
(77615, 0, 0, 77615)
(77564, 0, 0, 77564)
(77549, 0, 0, 77549)
(77507, 0, 0, 77507)
(77465, 0, 0, 77465)
(77435, 0, 0, 77435)
(77372, 0, 0, 77372)
(77333, 0, 0, 77333)
(77315, 0, 0, 77315)
(77297, 0, 0, 77297)
(77279, 0, 0, 77279)
(77261, 0, 0, 77261)
(77209, 0, 0, 77209)
(77157, 0, 0, 77157)
(77129, 0, 0, 77129)
(77056, 0, 0, 77056)
(76991, 0, 0, 76991)
(76990, 0, 0, 76990)
(76989, 0, 0, 76989)
(76973, 0, 0, 76973)
(76914, 0, 0, 76914)
(76874, 0, 0, 76874)
(76863, 0, 0, 76863)
(76852, 0, 0, 76852)
(76841, 0, 0, 76841)
(76830, 0, 0, 76830)
(76819, 0, 0, 76819)
(76818, 0, 0, 76818)
(76817, 0, 0, 76817)
(76816, 0, 0, 76816)
(76815, 0, 0, 76815)
(76814, 0, 0, 76814)
(76813, 0, 0, 76813)
(76812, 0, 0, 76812)
(76811, 0, 0, 76811)
(76769, 0, 0, 76769)
(76727, 0, 0, 76727)
(76690, 0, 0, 76690)
(76670, 0, 0, 76670)
(76631, 0, 0, 76631)
(76582, 0, 0, 76582)
(76533, 0, 0, 76533)
(76529, 0, 0, 76529)
(76525, 0, 0, 76525)
(76524, 0, 0, 76524)
(76523, 0, 0, 76523)
(76522, 0, 0, 76522)
(76484, 0, 0, 76484)
(76466, 0, 0, 76466)
(76428, 0, 0, 76428)
(76397, 0, 0, 76397)
(76366, 0, 0, 76366)
(76335, 0, 0, 76335)
(76304, 0, 0, 76304)
(76273, 0, 0, 76273)
(76257, 0, 0, 76257)
(76241, 0, 0, 76241)
(76212, 0, 0, 76212)
(76183, 0, 0, 76183)
(76138, 0, 0, 76138)
(76133, 0, 0, 76133)
(76128, 0, 0, 76128)
(76123, 0, 0, 76123)
(76118, 0, 0, 76118)
(76081, 0, 0, 76081)
(76044, 0, 0, 76044)
(76039, 0, 0, 76039)
(76019, 0, 0, 76019)
(76007, 0, 0, 76007)
(75995, 0, 0, 75995)
(75939, 0, 0, 75939)
(75894, 0, 0, 75894)
(75849, 0, 0, 75849)
(75778, 0, 0, 75778)
(75764, 0, 0, 75764)
(75750, 0, 0, 75750)
(75736, 0, 0, 75736)
(75699, 0, 0, 75699)
(75662, 0, 0, 75662)
(75629, 0, 0, 75629)
(75579, 0, 0, 75579)
(75569, 0, 0, 75569)
(75560, 0, 0, 75560)
(75551, 0, 0, 75551)
(75540, 0, 0, 75540)
(75529, 0, 0, 75529)
(75518, 0, 0, 75518)
(75481, 0, 0, 75481)
(75444, 0, 0, 75444)
(75407, 0, 0, 75407)
(75374, 0, 0, 75374)
(75341, 0, 0, 75341)
(75331, 0, 0, 75331)
(75329, 0, 0, 75329)
(75300, 0, 0, 75300)
(75271, 0, 0, 75271)
(75229, 0, 0, 75229)
(75159, 0, 0, 75159)
(75151, 0, 0, 75151)
(75093, 0, 0, 75093)
(75039, 0, 0, 75039)
(74985, 0, 0, 74985)
(74955, 0, 0, 74955)
(74933, 0, 0, 74933)
(74895, 0, 0, 74895)
(74857, 0, 0, 74857)
(74849, 0, 0, 74849)
(74848, 0, 0, 74848)
(74847, 0, 0, 74847)
(74846, 0, 0, 74846)
(74845, 0, 0, 74845)
(74808, 0, 0, 74808)
(74771, 0, 0, 74771)
(74734, 0, 0, 74734)
(74697, 0, 0, 74697)
(74661, 0, 0, 74661)
(74613, 0, 0, 74613)
(74559, 0, 0, 74559)
(74533, 0, 0, 74533)
(74507, 0, 0, 74507)
(74500, 0, 0, 74500)
(74477, 0, 0, 74477)
(74401, 0, 0, 74401)
(74348, 0, 0, 74348)
(74331, 0, 0, 74331)
(74314, 0, 0, 74314)
(74297, 0, 0, 74297)
(74291, 0, 0, 74291)
(74285, 0, 0, 74285)
(74284, 0, 0, 74284)
(74283, 0, 0, 74283)
(74282, 0, 0, 74282)
(74210, 0, 0, 74210)
(74148, 0, 0, 74148)
(74115, 0, 0, 74115)
(74114, 0, 0, 74114)
(74090, 0, 0, 74090)
(74067, 0, 0, 74067)
(74044, 0, 0, 74044)
(73996, 0, 0, 73996)
(73948, 0, 0, 73948)
(73935, 0, 0, 73935)
(73877, 0, 0, 73877)
(73851, 0, 0, 73851)
(73850, 0, 0, 73850)
(73784, 0, 0, 73784)
(73746, 0, 0, 73746)
(73741, 0, 0, 73741)
(73740, 0, 0, 73740)
(73739, 0, 0, 73739)
(73738, 0, 0, 73738)
(73737, 0, 0, 73737)
(73697, 0, 0, 73697)
(73657, 0, 0, 73657)
(73648, 0, 0, 73648)
(73639, 0, 0, 73639)
(73630, 0, 0, 73630)
(73605, 0, 0, 73605)
(73604, 0, 0, 73604)
(73544, 0, 0, 73544)
(73484, 0, 0, 73484)
(73424, 0, 0, 73424)
(73423, 0, 0, 73423)
(73422, 0, 0, 73422)
(73371, 0, 0, 73371)
(73365, 0, 0, 73365)
(73328, 0, 0, 73328)
(73276, 0, 0, 73276)
(73224, 0, 0, 73224)
(73154, 0, 0, 73154)
(73137, 0, 0, 73137)
(73101, 0, 0, 73101)
(73065, 0, 0, 73065)
(73053, 0, 0, 73053)
(73015, 0, 0, 73015)
(72968, 0, 0, 72968)
(72949, 0, 0, 72949)
(72932, 0, 0, 72932)
(72915, 0, 0, 72915)
(72883, 0, 0, 72883)
(72851, 0, 0, 72851)
(72819, 0, 0, 72819)
(72787, 0, 0, 72787)
(72755, 0, 0, 72755)
(72749, 0, 0, 72749)
(72748, 0, 0, 72748)
(72747, 0, 0, 72747)
(72746, 0, 0, 72746)
(72745, 0, 0, 72745)
(72720, 0, 0, 72720)
(72710, 0, 0, 72710)
(72700, 0, 0, 72700)
(72690, 0, 0, 72690)
(72680, 0, 0, 72680)
(72619, 0, 0, 72619)
(72610, 0, 0, 72610)
(72590, 0, 0, 72590)
(72570, 0, 0, 72570)
(72569, 0, 0, 72569)
(72511, 0, 0, 72511)
(72453, 0, 0, 72453)
(72419, 0, 0, 72419)
(72385, 0, 0, 72385)
(72351, 0, 0, 72351)
(72317, 0, 0, 72317)
(72301, 0, 0, 72301)
(72259, 0, 0, 72259)
(72235, 0, 0, 72235)
(72189, 0, 0, 72189)
(72166, 0, 0, 72166)
(72143, 0, 0, 72143)
(72100, 0, 0, 72100)
(72086, 0, 0, 72086)
(72072, 0, 0, 72072)
(72058, 0, 0, 72058)
(72044, 0, 0, 72044)
(72006, 0, 0, 72006)
(71951, 0, 0, 71951)
(71950, 0, 0, 71950)
(71949, 0, 0, 71949)
(71948, 0, 0, 71948)
(71883, 0, 0, 71883)
(71818, 0, 0, 71818)
(71753, 0, 0, 71753)
(71748, 0, 0, 71748)
(71664, 0, 0, 71664)
(71613, 0, 0, 71613)
(71594, 0, 0, 71594)
(71593, 0, 0, 71593)
(71592, 0, 0, 71592)
(71527, 0, 0, 71527)
(71495, 0, 0, 71495)
(71463, 0, 0, 71463)
(71431, 0, 0, 71431)
(71399, 0, 0, 71399)
(71376, 0, 0, 71376)
(71356, 0, 0, 71356)
(71327, 0, 0, 71327)
(71298, 0, 0, 71298)
(71269, 0, 0, 71269)
(71240, 0, 0, 71240)
(71211, 0, 0, 71211)
(71188, 0, 0, 71188)
(71150, 0, 0, 71150)
(71113, 0, 0, 71113)
(71111, 0, 0, 71111)
(71104, 0, 0, 71104)
(71097, 0, 0, 71097)
(71090, 0, 0, 71090)
(71021, 0, 0, 71021)
(70988, 0, 0, 70988)
(70945, 0, 0, 70945)
(70909, 0, 0, 70909)
(70873, 0, 0, 70873)
(70850, 0, 0, 70850)
(70849, 0, 0, 70849)
(70840, 0, 0, 70840)
(70827, 0, 0, 70827)
(70814, 0, 0, 70814)
(70801, 0, 0, 70801)
(70788, 0, 0, 70788)
(70750, 0, 0, 70750)
(70720, 0, 0, 70720)
(70690, 0, 0, 70690)
(70660, 0, 0, 70660)
(70630, 0, 0, 70630)
(70600, 0, 0, 70600)
(70570, 0, 0, 70570)
(70536, 0, 0, 70536)
(70535, 0, 0, 70535)
(70515, 0, 0, 70515)
(70495, 0, 0, 70495)
(70482, 0, 0, 70482)
(70433, 0, 0, 70433)
(70388, 0, 0, 70388)
(70349, 0, 0, 70349)
(70315, 0, 0, 70315)
(70281, 0, 0, 70281)
(70256, 0, 0, 70256)
(70237, 0, 0, 70237)
(70211, 0, 0, 70211)
(70191, 0, 0, 70191)
(70171, 0, 0, 70171)
(70151, 0, 0, 70151)
(70131, 0, 0, 70131)
(70124, 0, 0, 70124)
(70090, 0, 0, 70090)
(70072, 0, 0, 70072)
(70045, 0, 0, 70045)
(70026, 0, 0, 70026)
(70007, 0, 0, 70007)
(69988, 0, 0, 69988)
(69949, 0, 0, 69949)
(69910, 0, 0, 69910)
(69871, 0, 0, 69871)
(69869, 0, 0, 69869)
(69806, 0, 0, 69806)
(69740, 0, 0, 69740)
(69706, 0, 0, 69706)
(69694, 0, 0, 69694)
(69640, 0, 0, 69640)
(69586, 0, 0, 69586)
(69542, 0, 0, 69542)
(69507, 0, 0, 69507)
(69506, 0, 0, 69506)
(69496, 0, 0, 69496)
(69492, 0, 0, 69492)
(69488, 0, 0, 69488)
(69484, 0, 0, 69484)
(69448, 0, 0, 69448)
(69421, 0, 0, 69421)
(69394, 0, 0, 69394)
(69367, 0, 0, 69367)
(69340, 0, 0, 69340)
(69313, 0, 0, 69313)
(69286, 0, 0, 69286)
(69285, 0, 0, 69285)
(69272, 0, 0, 69272)
(69246, 0, 0, 69246)
(69220, 0, 0, 69220)
(69194, 0, 0, 69194)
(69168, 0, 0, 69168)
(69130, 0, 0, 69130)
(69067, 0, 0, 69067)
(69004, 0, 0, 69004)
(68941, 0, 0, 68941)
(68872, 0, 0, 68872)
(68803, 0, 0, 68803)
(68760, 0, 0, 68760)
(68747, 0, 0, 68747)
(68734, 0, 0, 68734)
(68721, 0, 0, 68721)
(68708, 0, 0, 68708)
(68694, 0, 0, 68694)
(68680, 0, 0, 68680)
(68666, 0, 0, 68666)
(68652, 0, 0, 68652)
(68638, 0, 0, 68638)
(68553, 0, 0, 68553)
(68521, 0, 0, 68521)
(68489, 0, 0, 68489)
(68459, 0, 0, 68459)
(68429, 0, 0, 68429)
(68399, 0, 0, 68399)
(68394, 0, 0, 68394)
(68389, 0, 0, 68389)
(68372, 0, 0, 68372)
(68338, 0, 0, 68338)
(68305, 0, 0, 68305)
(68219, 0, 0, 68219)
(68133, 0, 0, 68133)
(68099, 0, 0, 68099)
(68062, 0, 0, 68062)
(68050, 0, 0, 68050)
(68038, 0, 0, 68038)
(68026, 0, 0, 68026)
(67975, 0, 0, 67975)
(67924, 0, 0, 67924)
(67912, 0, 0, 67912)
(67890, 0, 0, 67890)
(67868, 0, 0, 67868)
(67846, 0, 0, 67846)
(67845, 0, 0, 67845)
(67844, 0, 0, 67844)
(67774, 0, 0, 67774)
(67725, 0, 0, 67725)
(67691, 0, 0, 67691)
(67657, 0, 0, 67657)
(67628, 0, 0, 67628)
(67598, 0, 0, 67598)
(67568, 0, 0, 67568)
(67538, 0, 0, 67538)
(67505, 0, 0, 67505)
(67472, 0, 0, 67472)
(67458, 0, 0, 67458)
(67444, 0, 0, 67444)
(67430, 0, 0, 67430)
(67416, 0, 0, 67416)
(67386, 0, 0, 67386)
(67356, 0, 0, 67356)
(67326, 0, 0, 67326)
(67285, 0, 0, 67285)
(67284, 0, 0, 67284)
(67274, 0, 0, 67274)
(67238, 0, 0, 67238)
(67202, 0, 0, 67202)
(67190, 0, 0, 67190)
(67178, 0, 0, 67178)
(67166, 0, 0, 67166)
(67154, 0, 0, 67154)
(67118, 0, 0, 67118)
(67082, 0, 0, 67082)
(67040, 0, 0, 67040)
(67039, 0, 0, 67039)
(67033, 0, 0, 67033)
(66976, 0, 0, 66976)
(66919, 0, 0, 66919)
(66862, 0, 0, 66862)
(66819, 0, 0, 66819)
(66776, 0, 0, 66776)
(66744, 0, 0, 66744)
(66712, 0, 0, 66712)
(66703, 0, 0, 66703)
(66694, 0, 0, 66694)
(66610, 0, 0, 66610)
(66569, 0, 0, 66569)
(66554, 0, 0, 66554)
(66475, 0, 0, 66475)
(66431, 0, 0, 66431)
(66430, 0, 0, 66430)
(66421, 0, 0, 66421)
(66412, 0, 0, 66412)
(66374, 0, 0, 66374)
(66336, 0, 0, 66336)
(66331, 0, 0, 66331)
(66326, 0, 0, 66326)
(66321, 0, 0, 66321)
(66316, 0, 0, 66316)
(66311, 0, 0, 66311)
(66274, 0, 0, 66274)
(66209, 0, 0, 66209)
(66144, 0, 0, 66144)
(66121, 0, 0, 66121)
(66033, 0, 0, 66033)
(65968, 0, 0, 65968)
(65931, 0, 0, 65931)
(65917, 0, 0, 65917)
(65916, 0, 0, 65916)
(65915, 0, 0, 65915)
(65914, 0, 0, 65914)
(65848, 0, 0, 65848)
(65825, 0, 0, 65825)
(65802, 0, 0, 65802)
(65779, 0, 0, 65779)
(65773, 0, 0, 65773)
(65722, 0, 0, 65722)
(65671, 0, 0, 65671)
(65620, 0, 0, 65620)
(65569, 0, 0, 65569)
(65518, 0, 0, 65518)
(65467, 0, 0, 65467)
(65452, 0, 0, 65452)
(65384, 0, 0, 65384)
(65372, 0, 0, 65372)
(65338, 0, 0, 65338)
(65318, 0, 0, 65318)
(65298, 0, 0, 65298)
(65278, 0, 0, 65278)
(65258, 0, 0, 65258)
(65187, 0, 0, 65187)
(65175, 0, 0, 65175)
(65163, 0, 0, 65163)
(65151, 0, 0, 65151)
(65139, 0, 0, 65139)
(65127, 0, 0, 65127)
(65112, 0, 0, 65112)
(65097, 0, 0, 65097)
(65082, 0, 0, 65082)
(65067, 0, 0, 65067)
(65066, 0, 0, 65066)
(65017, 0, 0, 65017)
(65010, 0, 0, 65010)
(65003, 0, 0, 65003)
(64936, 0, 0, 64936)
(64904, 0, 0, 64904)
(64872, 0, 0, 64872)
(64843, 0, 0, 64843)
(64807, 0, 0, 64807)
(64737, 0, 0, 64737)
(64721, 0, 0, 64721)
(64705, 0, 0, 64705)
(64689, 0, 0, 64689)
(64673, 0, 0, 64673)
(64667, 0, 0, 64667)
(64661, 0, 0, 64661)
(64624, 0, 0, 64624)
(64623, 0, 0, 64623)
(64609, 0, 0, 64609)
(64547, 0, 0, 64547)
(64485, 0, 0, 64485)
(64423, 0, 0, 64423)
(64410, 0, 0, 64410)
(64356, 0, 0, 64356)
(64328, 0, 0, 64328)
(64277, 0, 0, 64277)
(64226, 0, 0, 64226)
(64194, 0, 0, 64194)
(64162, 0, 0, 64162)
(64130, 0, 0, 64130)
(64098, 0, 0, 64098)
(64062, 0, 0, 64062)
(64035, 0, 0, 64035)
(64008, 0, 0, 64008)
(63981, 0, 0, 63981)
(63957, 0, 0, 63957)
(63932, 0, 0, 63932)
(63890, 0, 0, 63890)
(63854, 0, 0, 63854)
(63799, 0, 0, 63799)
(63758, 0, 0, 63758)
(63696, 0, 0, 63696)
(63670, 0, 0, 63670)
(63653, 0, 0, 63653)
(63636, 0, 0, 63636)
(63635, 0, 0, 63635)
(63616, 0, 0, 63616)
(63597, 0, 0, 63597)
(63578, 0, 0, 63578)
(63559, 0, 0, 63559)
(63540, 0, 0, 63540)
(63539, 0, 0, 63539)
(63538, 0, 0, 63538)
(63464, 0, 0, 63464)
(63390, 0, 0, 63390)
(63388, 0, 0, 63388)
(63386, 0, 0, 63386)
(63384, 0, 0, 63384)
(63345, 0, 0, 63345)
(63257, 0, 0, 63257)
(63251, 0, 0, 63251)
(63230, 0, 0, 63230)
(63181, 0, 0, 63181)
(63147, 0, 0, 63147)
(63113, 0, 0, 63113)
(63079, 0, 0, 63079)
(63053, 0, 0, 63053)
(63024, 0, 0, 63024)
(62995, 0, 0, 62995)
(62980, 0, 0, 62980)
(62979, 0, 0, 62979)
(62970, 0, 0, 62970)
(62961, 0, 0, 62961)
(62952, 0, 0, 62952)
(62943, 0, 0, 62943)
(62935, 0, 0, 62935)
(62906, 0, 0, 62906)
(62877, 0, 0, 62877)
(62868, 0, 0, 62868)
(62859, 0, 0, 62859)
(62850, 0, 0, 62850)
(62849, 0, 0, 62849)
(62802, 0, 0, 62802)
(62791, 0, 0, 62791)
(62780, 0, 0, 62780)
(62768, 0, 0, 62768)
(62757, 0, 0, 62757)
(62750, 0, 0, 62750)
(62706, 0, 0, 62706)
(62676, 0, 0, 62676)
(62616, 0, 0, 62616)
(62565, 0, 0, 62565)
(62514, 0, 0, 62514)
(62510, 0, 0, 62510)
(62434, 0, 0, 62434)
(62358, 0, 0, 62358)
(62282, 0, 0, 62282)
(62206, 0, 0, 62206)
(62187, 0, 0, 62187)
(62168, 0, 0, 62168)
(62132, 0, 15857, 77989)
