(79792, 0, 0, 79792)
(79693, 0, 0, 79693)
(79683, 0, 0, 79683)
(79492, 0, 0, 79492)
(79377, 0, 0, 79377)
(79284, 0, 0, 79284)
(79215, 0, 0, 79215)
(79122, 0, 0, 79122)
(78780, 0, 0, 78780)
(78780, 0, 0, 78780)
(79330, 0, 248, 79578)
(79330, 0, 248, 79578)
(79144, 0, 248, 79392)
(79094, 0, 248, 79342)
(78761, 0, 248, 79009)
(78761, 0, 248, 79009)
(78726, 0, 248, 78974)
(78705, 0, 248, 78953)
(78257, 236, 248, 78741)
(78168, 236, 248, 78652)
(78780, 236, 1081, 80097)
(78678, 236, 1081, 79995)
(78678, 236, 1081, 79995)
(78525, 294, 1081, 79900)
(78416, 236, 1081, 79733)
(78416, 236, 1081, 79733)
(78289, 236, 1081, 79606)
(78153, 344, 1081, 79578)
(78133, 344, 1081, 79558)
(78042, 344, 1081, 79467)
(78295, 654, 1743, 80692)
(77642, 654, 1743, 80039)
(77642, 654, 1743, 80039)
(77540, 654, 1743, 79937)
(77479, 654, 1743, 79876)
(77479, 654, 1743, 79876)
(77106, 773, 1743, 79622)
(77095, 773, 1743, 79611)
(77011, 773, 1743, 79527)
(77011, 773, 1743, 79527)
(77981, 892, 2537, 81410)
(77878, 892, 2537, 81307)
(77878, 892, 2537, 81307)
(77716, 892, 2537, 81145)
(79449, 238, 0, 79687)
(79367, 238, 0, 79605)
(79364, 238, 0, 79602)
(79343, 238, 0, 79581)
(79289, 238, 0, 79527)
(79284, 238, 0, 79522)
(79365, 238, 480, 80083)
(79365, 238, 480, 80083)
(79277, 238, 480, 79995)
(79248, 238, 480, 79966)
(79110, 238, 480, 79828)
(79051, 238, 480, 79769)
(78809, 335, 480, 79624)
(78592, 437, 480, 79509)
(78666, 238, 480, 79384)
(78350, 238, 480, 79068)
(79294, 238, 815, 80347)
(78977, 238, 815, 80030)
(78935, 238, 815, 79988)
(78935, 238, 815, 79988)
(78823, 238, 815, 79876)
(78347, 238, 815, 79400)
(78347, 238, 815, 79400)
(78199, 238, 815, 79252)
(77972, 238, 815, 79025)
(77972, 238, 815, 79025)
(78599, 238, 1836, 80673)
(78338, 380, 1836, 80554)
(78338, 380, 1836, 80554)
(78338, 380, 1836, 80554)
(79679, 0, 0, 79679)
(79312, 238, 0, 79550)
(79289, 238, 0, 79527)
(79207, 238, 0, 79445)
(79049, 238, 0, 79287)
(79049, 238, 0, 79287)
(79069, 238, 610, 79917)
(78833, 434, 610, 79877)
(78731, 434, 610, 79775)
(78694, 434, 610, 79738)
(78606, 434, 610, 79650)
(78553, 434, 610, 79597)
(78250, 434, 610, 79294)
(78250, 434, 610, 79294)
(77603, 434, 610, 78647)
(77539, 434, 610, 78583)
(78631, 630, 1530, 80791)
(78346, 784, 1530, 80660)
(78346, 784, 1530, 80660)
(78264, 784, 1530, 80578)
(78172, 784, 1530, 80486)
(78130, 784, 1530, 80444)
(77899, 784, 1530, 80213)
(77899, 784, 1530, 80213)
(77864, 784, 1530, 80178)
(77767, 784, 1530, 80081)
(78296, 938, 1861, 81095)
(78296, 938, 1861, 81095)
(78023, 938, 1861, 80822)
(78023, 938, 1861, 80822)
(79086, 250, 0, 79336)
(79061, 250, 0, 79311)
(78967, 250, 0, 79217)
(78888, 250, 0, 79138)
(78659, 368, 0, 79027)
(78585, 368, 0, 78953)
(78678, 368, 1761, 80807)
(78678, 368, 1761, 80807)
(78525, 368, 1761, 80654)
(78499, 368, 1761, 80628)
(78396, 368, 1761, 80525)
(78247, 368, 1761, 80376)
(78247, 368, 1761, 80376)
(78152, 368, 1761, 80281)
(78070, 368, 1761, 80199)
(79187, 0, 0, 79187)
(79510, 0, 0, 79510)
(79497, 0, 0, 79497)
(79215, 0, 0, 79215)
(79186, 0, 0, 79186)
(79016, 0, 0, 79016)
(78915, 0, 0, 78915)
(78653, 125, 0, 78778)
(78640, 125, 0, 78765)
(79792, 0, 0, 79792)
