(91481, 0, 0, 91481)
(91437, 0, 0, 91437)
(91429, 0, 0, 91429)
(91380, 0, 0, 91380)
(91345, 0, 0, 91345)
(91313, 0, 0, 91313)
(91289, 0, 0, 91289)
(91284, 0, 0, 91284)
(91243, 0, 0, 91243)
(91194, 0, 0, 91194)
(91146, 0, 0, 91146)
(91118, 0, 0, 91118)
(91060, 0, 0, 91060)
(91010, 0, 0, 91010)
(90987, 0, 0, 90987)
(90964, 0, 0, 90964)
(90931, 0, 0, 90931)
(90882, 0, 0, 90882)
(90824, 0, 0, 90824)
(90796, 0, 0, 90796)
(90768, 0, 0, 90768)
(90749, 0, 0, 90749)
(90730, 0, 0, 90730)
(90661, 0, 0, 90661)
(90642, 0, 0, 90642)
(90580, 0, 0, 90580)
(90518, 0, 0, 90518)
(90470, 0, 0, 90470)
(90422, 0, 0, 90422)
(90347, 0, 0, 90347)
(90289, 0, 0, 90289)
(90243, 0, 0, 90243)
(90197, 0, 0, 90197)
(90104, 0, 0, 90104)
(90029, 0, 0, 90029)
(89984, 0, 0, 89984)
(89934, 0, 0, 89934)
(89884, 0, 0, 89884)
(89827, 0, 0, 89827)
(89770, 0, 0, 89770)
(89713, 0, 0, 89713)
(89677, 0, 0, 89677)
(89656, 0, 0, 89656)
(89637, 0, 0, 89637)
(89600, 0, 0, 89600)
(89563, 0, 0, 89563)
(89518, 0, 0, 89518)
(89482, 0, 0, 89482)
(89455, 0, 0, 89455)
(89428, 0, 0, 89428)
(89401, 0, 0, 89401)
(89374, 0, 0, 89374)
(89310, 0, 0, 89310)
(89246, 0, 0, 89246)
(89228, 0, 0, 89228)
(89180, 0, 0, 89180)
(89132, 0, 0, 89132)
(89090, 0, 0, 89090)
(89028, 0, 0, 89028)
(88955, 0, 0, 88955)
(88883, 0, 0, 88883)
(88856, 0, 0, 88856)
(88829, 0, 0, 88829)
(88802, 0, 0, 88802)
(88796, 0, 0, 88796)
(88790, 0, 0, 88790)
(88747, 0, 0, 88747)
(88704, 0, 0, 88704)
(88652, 0, 0, 88652)
(88626, 0, 0, 88626)
(88600, 0, 0, 88600)
(88574, 0, 0, 88574)
(88557, 0, 0, 88557)
(88530, 0, 0, 88530)
(88472, 0, 0, 88472)
(88445, 0, 0, 88445)
(88421, 0, 0, 88421)
(88405, 0, 0, 88405)
(88361, 0, 0, 88361)
(88316, 0, 0, 88316)
(88248, 0, 0, 88248)
(88147, 0, 0, 88147)
(88046, 0, 0, 88046)
(87990, 0, 0, 87990)
(87981, 0, 0, 87981)
(87972, 0, 0, 87972)
(87950, 0, 0, 87950)
(87875, 0, 0, 87875)
(87866, 0, 0, 87866)
(87799, 0, 0, 87799)
(87746, 0, 0, 87746)
(87729, 0, 0, 87729)
(87712, 0, 0, 87712)
(87699, 0, 0, 87699)
(87645, 0, 0, 87645)
(87593, 0, 0, 87593)
(87541, 0, 0, 87541)
(87514, 0, 0, 87514)
(87502, 0, 0, 87502)
(87471, 0, 0, 87471)
(87434, 0, 0, 87434)
(87381, 0, 0, 87381)
(87352, 0, 0, 87352)
(87313, 0, 0, 87313)
(87291, 0, 0, 87291)
(87235, 0, 0, 87235)
(87229, 0, 0, 87229)
(87223, 0, 0, 87223)
(87151, 0, 0, 87151)
(87104, 0, 0, 87104)
(87059, 0, 0, 87059)
(86992, 0, 0, 86992)
(86925, 0, 0, 86925)
(86858, 0, 0, 86858)
(86787, 0, 0, 86787)
(86716, 0, 0, 86716)
(86676, 0, 0, 86676)
(86628, 0, 0, 86628)
(86607, 0, 0, 86607)
(86583, 0, 0, 86583)
(86536, 0, 0, 86536)
(86525, 0, 0, 86525)
(86466, 0, 0, 86466)
(86407, 0, 0, 86407)
(86388, 0, 0, 86388)
(86322, 0, 0, 86322)
(86244, 0, 0, 86244)
(86166, 0, 0, 86166)
(86088, 0, 0, 86088)
(86010, 0, 0, 86010)
(85969, 0, 0, 85969)
(85928, 0, 0, 85928)
(85887, 0, 0, 85887)
(85846, 0, 0, 85846)
(85820, 0, 0, 85820)
(85742, 0, 0, 85742)
(85691, 0, 0, 85691)
(85663, 0, 0, 85663)
(85635, 0, 0, 85635)
(85607, 0, 0, 85607)
(85579, 0, 0, 85579)
(85521, 0, 0, 85521)
(85463, 0, 0, 85463)
(85370, 0, 0, 85370)
(85277, 0, 0, 85277)
(85269, 0, 0, 85269)
(85249, 0, 0, 85249)
(85171, 0, 0, 85171)
(85096, 0, 0, 85096)
(85050, 0, 0, 85050)
(84964, 0, 0, 84964)
(84878, 0, 0, 84878)
(84866, 0, 0, 84866)
(84861, 0, 0, 84861)
(84802, 0, 0, 84802)
(84743, 0, 0, 84743)
(84711, 0, 0, 84711)
(84669, 0, 0, 84669)
(84622, 0, 0, 84622)
(84591, 0, 0, 84591)
(84504, 0, 0, 84504)
(84463, 0, 0, 84463)
(84456, 0, 0, 84456)
(84399, 0, 0, 84399)
(84361, 0, 0, 84361)
(84323, 0, 0, 84323)
(84285, 0, 0, 84285)
(84249, 0, 0, 84249)
(84213, 0, 0, 84213)
(84153, 0, 0, 84153)
(84093, 0, 0, 84093)
(84063, 0, 0, 84063)
(84006, 0, 0, 84006)
(83918, 0, 0, 83918)
(83848, 0, 0, 83848)
(83819, 0, 0, 83819)
(83786, 0, 0, 83786)
(83770, 0, 0, 83770)
(83754, 0, 0, 83754)
(83738, 0, 0, 83738)
(83701, 0, 0, 83701)
(83675, 0, 0, 83675)
(83618, 0, 0, 83618)
(83607, 0, 0, 83607)
(83576, 0, 0, 83576)
(83539, 0, 0, 83539)
(83505, 0, 0, 83505)
(83444, 0, 0, 83444)
(83380, 0, 0, 83380)
(83354, 0, 0, 83354)
(83317, 0, 0, 83317)
(83260, 0, 0, 83260)
(83228, 0, 0, 83228)
(83153, 0, 0, 83153)
(83068, 0, 0, 83068)
(83067, 0, 0, 83067)
(83009, 0, 0, 83009)
(82971, 0, 0, 82971)
(82930, 0, 0, 82930)
(82892, 0, 0, 82892)
(82864, 0, 0, 82864)
(82820, 0, 0, 82820)
(82788, 0, 0, 82788)
(82776, 0, 0, 82776)
(82761, 0, 0, 82761)
(82707, 0, 0, 82707)
(82653, 0, 0, 82653)
(82601, 0, 0, 82601)
(82588, 0, 0, 82588)
(82582, 0, 0, 82582)
(82562, 0, 0, 82562)
(82548, 0, 0, 82548)
(82532, 0, 0, 82532)
(82516, 0, 0, 82516)
(82473, 0, 0, 82473)
(82429, 0, 0, 82429)
(82385, 0, 0, 82385)
(82357, 0, 0, 82357)
(82298, 0, 0, 82298)
(82264, 0, 0, 82264)
(82252, 0, 0, 82252)
(82194, 0, 0, 82194)
(82136, 0, 0, 82136)
(82091, 0, 0, 82091)
(82050, 0, 0, 82050)
(82016, 0, 0, 82016)
(81980, 0, 0, 81980)
(81974, 0, 0, 81974)
(81960, 0, 0, 81960)
(81927, 0, 0, 81927)
(81923, 0, 0, 81923)
(81901, 0, 0, 81901)
(81796, 0, 0, 81796)
(81752, 0, 0, 81752)
(81718, 0, 0, 81718)
(81662, 0, 0, 81662)
(81626, 0, 0, 81626)
(81590, 0, 0, 81590)
(81554, 0, 0, 81554)
(81492, 0, 0, 81492)
(81436, 0, 0, 81436)
(81380, 0, 0, 81380)
(81363, 0, 0, 81363)
(81339, 0, 0, 81339)
(81318, 0, 0, 81318)
(81271, 0, 0, 81271)
(81253, 0, 0, 81253)
(81246, 0, 0, 81246)
(81237, 0, 0, 81237)
(81228, 0, 0, 81228)
(81177, 0, 0, 81177)
(81151, 0, 0, 81151)
(81125, 0, 0, 81125)
(81089, 0, 0, 81089)
(81054, 0, 0, 81054)
(81019, 0, 0, 81019)
(80984, 0, 0, 80984)
(80936, 0, 0, 80936)
(80870, 0, 0, 80870)
(80860, 0, 0, 80860)
(80850, 0, 0, 80850)
(80791, 0, 0, 80791)
(80741, 0, 0, 80741)
(80718, 0, 0, 80718)
(80695, 0, 0, 80695)
(80672, 0, 0, 80672)
(80649, 0, 0, 80649)
(80596, 0, 0, 80596)
(80575, 0, 0, 80575)
(80554, 0, 0, 80554)
(80511, 0, 0, 80511)
(80463, 0, 0, 80463)
(80388, 0, 0, 80388)
(80350, 0, 0, 80350)
(80338, 0, 0, 80338)
(80326, 0, 0, 80326)
(80314, 0, 0, 80314)
(80284, 0, 0, 80284)
(80236, 0, 0, 80236)
(80160, 0, 0, 80160)
(80135, 0, 0, 80135)
(80078, 0, 0, 80078)
(80053, 0, 0, 80053)
(80028, 0, 0, 80028)
(80005, 0, 0, 80005)
(79976, 0, 0, 79976)
(79947, 0, 0, 79947)
(79925, 0, 0, 79925)
(79869, 0, 0, 79869)
(79858, 0, 0, 79858)
(79809, 0, 0, 79809)
(79751, 0, 0, 79751)
(79732, 0, 0, 79732)
(79691, 0, 0, 79691)
(79621, 0, 0, 79621)
(79551, 0, 0, 79551)
(79538, 0, 0, 79538)
(79499, 0, 0, 79499)
(79460, 0, 0, 79460)
(79433, 0, 0, 79433)
(79404, 0, 0, 79404)
(79396, 0, 0, 79396)
(79388, 0, 0, 79388)
(79380, 0, 0, 79380)
(79305, 0, 0, 79305)
(79271, 0, 0, 79271)
(79216, 0, 0, 79216)
(79129, 0, 0, 79129)
(79077, 0, 0, 79077)
(79046, 0, 0, 79046)
(79033, 0, 0, 79033)
(78985, 0, 0, 78985)
(78938, 0, 0, 78938)
(78909, 0, 0, 78909)
(78856, 0, 0, 78856)
(78816, 0, 0, 78816)
(78753, 0, 0, 78753)
(78715, 0, 0, 78715)
(78677, 0, 0, 78677)
(78626, 0, 0, 78626)
(78563, 0, 0, 78563)
(78548, 0, 0, 78548)
(78520, 0, 0, 78520)
(78496, 0, 0, 78496)
(78475, 0, 0, 78475)
(78383, 0, 0, 78383)
(78300, 0, 0, 78300)
(78225, 0, 0, 78225)
(78181, 0, 0, 78181)
(78169, 0, 0, 78169)
(78157, 0, 0, 78157)
(78138, 0, 0, 78138)
(78090, 0, 0, 78090)
(78067, 0, 0, 78067)
(78044, 0, 0, 78044)
(78021, 0, 0, 78021)
(77978, 0, 0, 77978)
(77946, 0, 0, 77946)
(77890, 0, 0, 77890)
(77834, 0, 0, 77834)
(77778, 0, 0, 77778)
(77748, 0, 0, 77748)
(77718, 0, 0, 77718)
(77646, 0, 0, 77646)
(77626, 0, 0, 77626)
(77540, 0, 0, 77540)
(77488, 0, 0, 77488)
(77440, 0, 0, 77440)
(77385, 0, 0, 77385)
(77363, 0, 0, 77363)
(77341, 0, 0, 77341)
(77319, 0, 0, 77319)
(77297, 0, 0, 77297)
(77250, 0, 0, 77250)
(77230, 0, 0, 77230)
(77202, 0, 0, 77202)
(77169, 0, 0, 77169)
(77132, 0, 0, 77132)
(77094, 0, 0, 77094)
(77054, 0, 0, 77054)
(76999, 0, 0, 76999)
(76942, 0, 0, 76942)
(76901, 0, 0, 76901)
(76860, 0, 0, 76860)
(76828, 0, 0, 76828)
(76773, 0, 0, 76773)
(76718, 0, 0, 76718)
(76663, 0, 0, 76663)
(76653, 0, 0, 76653)
(76637, 0, 0, 76637)
(76621, 0, 0, 76621)
(76605, 0, 0, 76605)
(76552, 0, 0, 76552)
(76517, 0, 0, 76517)
(76484, 0, 0, 76484)
(76432, 0, 0, 76432)
(76376, 0, 0, 76376)
(76348, 0, 0, 76348)
(76255, 0, 0, 76255)
(76162, 0, 0, 76162)
(76132, 0, 0, 76132)
(76086, 0, 0, 76086)
(76060, 0, 0, 76060)
(76034, 0, 0, 76034)
(75997, 0, 0, 75997)
(75956, 0, 0, 75956)
(75915, 0, 0, 75915)
(75887, 0, 0, 75887)
(75859, 0, 0, 75859)
(75831, 0, 0, 75831)
(75796, 0, 0, 75796)
(75756, 0, 0, 75756)
(75723, 0, 0, 75723)
(75718, 0, 0, 75718)
(75694, 0, 0, 75694)
(75665, 0, 0, 75665)
(75636, 0, 0, 75636)
(75607, 0, 0, 75607)
(75578, 0, 0, 75578)
(75527, 0, 0, 75527)
(75476, 0, 0, 75476)
(75425, 0, 0, 75425)
(75415, 0, 0, 75415)
(75378, 0, 0, 75378)
(75314, 0, 0, 75314)
(75250, 0, 0, 75250)
(75213, 0, 0, 75213)
(75179, 0, 0, 75179)
(75155, 0, 0, 75155)
(75124, 0, 0, 75124)
(75073, 0, 0, 75073)
(74997, 0, 0, 74997)
(74941, 0, 0, 74941)
(74940, 0, 0, 74940)
(74918, 0, 0, 74918)
(74895, 0, 0, 74895)
(74865, 0, 0, 74865)
(74835, 0, 0, 74835)
(74805, 0, 0, 74805)
(74715, 0, 0, 74715)
(74632, 0, 0, 74632)
(74594, 0, 0, 74594)
(74547, 0, 0, 74547)
(74507, 0, 0, 74507)
(74484, 0, 0, 74484)
(74461, 0, 0, 74461)
(74438, 0, 0, 74438)
(74399, 0, 0, 74399)
(74370, 0, 0, 74370)
(74337, 0, 0, 74337)
(74313, 0, 0, 74313)
(74289, 0, 0, 74289)
(74265, 0, 0, 74265)
(74223, 0, 0, 74223)
(74181, 0, 0, 74181)
(74148, 0, 0, 74148)
(74076, 0, 0, 74076)
(74015, 0, 0, 74015)
(73959, 0, 0, 73959)
(73908, 0, 0, 73908)
(73906, 0, 0, 73906)
(73866, 0, 0, 73866)
(73815, 0, 0, 73815)
(73764, 0, 0, 73764)
(73728, 0, 0, 73728)
(73705, 0, 0, 73705)
(73643, 0, 0, 73643)
(73629, 0, 0, 73629)
(73577, 0, 0, 73577)
(73525, 0, 0, 73525)
(73466, 0, 0, 73466)
(73464, 0, 14616, 88080)
(73463, 0, 14566, 88029)
(73459, 0, 14538, 87997)
(73452, 0, 14480, 87932)
(73450, 0, 14390, 87840)
