(45901, 0, 0, 45901)
(45828, 0, 0, 45828)
(45767, 0, 0, 45767)
(45206, 484, 0, 45690)
(45583, 0, 0, 45583)
(45478, 0, 0, 45478)
(44968, 484, 0, 45452)
(44814, 484, 0, 45298)
(44814, 484, 0, 45298)
(44810, 484, 0, 45294)
(44803, 484, 1514, 46801)
(44783, 484, 1514, 46781)
(44723, 484, 1514, 46721)
(44674, 484, 1514, 46672)
(45106, 484, 0, 45590)
(45106, 484, 0, 45590)
(44885, 484, 0, 45369)
(44885, 484, 0, 45369)
(44792, 484, 0, 45276)
(44666, 484, 0, 45150)
(44745, 484, 1734, 46963)
(44680, 484, 1734, 46898)
(44242, 772, 1734, 46748)
(44153, 772, 1734, 46659)
(44121, 772, 1734, 46627)
(44075, 772, 1734, 46581)
(43992, 772, 1734, 46498)
(43891, 772, 1734, 46397)
(43891, 772, 1734, 46397)
(45361, 288, 0, 45649)
(45319, 288, 145, 45752)
(45179, 288, 145, 45612)
(45137, 288, 145, 45570)
(44994, 288, 218, 45500)
(44968, 288, 218, 45474)
(44968, 288, 218, 45474)
(44517, 736, 218, 45471)
(44371, 736, 218, 45325)
(44322, 736, 218, 45276)
(44186, 736, 218, 45140)
(44275, 736, 1874, 46885)
(44292, 736, 1830, 46858)
(44214, 736, 1874, 46824)
(44219, 736, 1830, 46785)
(45799, 0, 0, 45799)
(45708, 0, 0, 45708)
(45699, 0, 0, 45699)
(45361, 200, 0, 45561)
(45521, 0, 0, 45521)
(45521, 0, 0, 45521)
(45565, 0, 454, 46019)
(45496, 0, 454, 45950)
(45339, 0, 454, 45793)
(45238, 0, 454, 45692)
(45118, 0, 454, 45572)
(45118, 0, 454, 45572)
(45109, 0, 454, 45563)
(45030, 0, 454, 45484)
(45030, 0, 454, 45484)
(45018, 0, 454, 45472)
(45072, 0, 1049, 46121)
(45072, 0, 1049, 46121)
(44818, 0, 1049, 45867)
(44730, 0, 1049, 45779)
(44730, 0, 1049, 45779)
(44558, 121, 1049, 45728)
(44639, 0, 1049, 45688)
(44566, 0, 1049, 45615)
(44322, 108, 1049, 45479)
(44301, 108, 1049, 45458)
(44760, 216, 1601, 46577)
(44691, 216, 1601, 46508)
(44607, 216, 1601, 46424)
(44529, 216, 1601, 46346)
(45617, 0, 0, 45617)
(45540, 0, 0, 45540)
(45524, 0, 0, 45524)
(45400, 0, 0, 45400)
(45400, 0, 0, 45400)
(45354, 0, 0, 45354)
(45447, 0, 623, 46070)
(45447, 0, 623, 46070)
(45390, 0, 623, 46013)
(45390, 0, 623, 46013)
(45308, 0, 623, 45931)
(45267, 0, 623, 45890)
(45193, 0, 623, 45816)
(45085, 0, 623, 45708)
(44959, 0, 623, 45582)
(44734, 0, 623, 45357)
(44824, 0, 1291, 46115)
(44789, 0, 1291, 46080)
(44789, 0, 1291, 46080)
(44684, 87, 1291, 46062)
(44279, 0, 1291, 45570)
(44211, 0, 1291, 45502)
(44123, 0, 1291, 45414)
(44070, 0, 1291, 45361)
(43970, 49, 1291, 45310)
(43894, 0, 1291, 45185)
(44489, 0, 1956, 46445)
(44379, 0, 1956, 46335)
(44326, 0, 1956, 46282)
(44238, 0, 1956, 46194)
(45368, 0, 0, 45368)
(45324, 0, 0, 45324)
(45247, 0, 0, 45247)
(45233, 0, 0, 45233)
(45169, 0, 0, 45169)
(45124, 0, 0, 45124)
(44894, 60, 995, 45949)
(44835, 60, 995, 45890)
(44835, 60, 995, 45890)
(44738, 60, 995, 45793)
(44650, 60, 995, 45705)
(44580, 60, 995, 45635)
(44521, 60, 995, 45576)
(44521, 60, 995, 45576)
(44521, 60, 995, 45576)
(45368, 0, 0, 45368)
(45049, 120, 496, 45665)
(45049, 120, 496, 45665)
(44912, 120, 496, 45528)
(44865, 120, 496, 45481)
(44863, 120, 496, 45479)
(44737, 188, 496, 45421)
(44751, 120, 496, 45367)
(44360, 188, 496, 45044)
(44251, 188, 496, 44935)
(44095, 188, 496, 44779)
(44639, 256, 1676, 46571)
(44639, 256, 1676, 46571)
(44490, 256, 1676, 46422)
(44477, 256, 1676, 46409)
(45047, 120, 496, 45663)
(44938, 120, 496, 45554)
(44524, 120, 496, 45140)
(44524, 120, 496, 45140)
(44507, 120, 496, 45123)
(44403, 120, 496, 45019)
(44743, 120, 1452, 46315)
(44654, 120, 1452, 46226)
(44388, 120, 1452, 45960)
(44296, 120, 1452, 45868)
(44263, 120, 1452, 45835)
(44222, 120, 1452, 45794)
(44222, 120, 1452, 45794)
(44066, 120, 1452, 45638)
(43994, 120, 1452, 45566)
(43932, 120, 1452, 45504)
(44151, 120, 2197, 46468)
(44078, 120, 2197, 46395)
(44073, 120, 2197, 46390)
(44018, 120, 2197, 46335)
(43863, 120, 2197, 46180)
(43863, 120, 2197, 46180)
(43753, 120, 2197, 46070)
(43751, 120, 2197, 46068)
(43751, 120, 2197, 46068)
(43683, 120, 2197, 46000)
(43745, 120, 2605, 46470)
(43745, 120, 2605, 46470)
(43640, 120, 2605, 46365)
(43640, 120, 2605, 46365)
(44755, 120, 496, 45371)
(44755, 120, 496, 45371)
(44738, 120, 496, 45354)
(44531, 240, 496, 45267)
(44639, 120, 496, 45255)
(44637, 120, 496, 45253)
(44632, 120, 1394, 46146)
(44388, 228, 1394, 46010)
(44388, 228, 1394, 46010)
(44011, 228, 1394, 45633)
(44011, 228, 1394, 45633)
(43991, 228, 1394, 45613)
(43886, 228, 1394, 45508)
(43862, 228, 1394, 45484)
(43809, 228, 1394, 45431)
(43742, 228, 1394, 45364)
(44153, 336, 2518, 47007)
(44140, 336, 2494, 46970)
(44105, 336, 2518, 46959)
(44105, 336, 2518, 46959)
(43992, 336, 2518, 46846)
(43991, 336, 2518, 46845)
(43954, 336, 2518, 46808)
(43896, 336, 2518, 46750)
(43896, 336, 2518, 46750)
(43862, 336, 2518, 46716)
(43480, 477, 3045, 47002)
(43480, 477, 3045, 47002)
(43290, 477, 3045, 46812)
(43290, 477, 3045, 46812)
(45081, 0, 496, 45577)
(44611, 402, 496, 45509)
(44588, 402, 496, 45486)
(44588, 402, 496, 45486)
(44408, 402, 496, 45306)
(44375, 402, 496, 45273)
(44391, 402, 2108, 46901)
(44391, 402, 2108, 46901)
(44189, 402, 2108, 46699)
(44041, 402, 2108, 46551)
(44041, 402, 2108, 46551)
(43939, 402, 2108, 46449)
(43939, 402, 2108, 46449)
(43909, 402, 2108, 46419)
(43909, 402, 2108, 46419)
(45228, 0, 496, 45724)
(45228, 0, 496, 45724)
(44513, 666, 496, 45675)
(44373, 666, 496, 45535)
(44373, 666, 496, 45535)
(44318, 666, 496, 45480)
(44239, 666, 496, 45401)
(44239, 666, 496, 45401)
(44216, 666, 496, 45378)
(44115, 666, 496, 45277)
(43891, 666, 496, 45053)
(44251, 666, 2105, 47022)
(44251, 666, 2105, 47022)
(44198, 666, 2105, 46969)
(44171, 666, 2105, 46942)
(45200, 0, 496, 45696)
(45076, 0, 496, 45572)
(45076, 0, 496, 45572)
(44946, 0, 496, 45442)
(44946, 0, 496, 45442)
(44903, 0, 496, 45399)
(44892, 0, 861, 45753)
(44885, 0, 861, 45746)
(44816, 0, 861, 45677)
(44753, 0, 861, 45614)
(44753, 0, 861, 45614)
(44683, 0, 861, 45544)
(44641, 0, 861, 45502)
(44396, 108, 861, 45365)
(44396, 108, 861, 45365)
(44378, 108, 861, 45347)
(44574, 216, 1555, 46345)
(44213, 337, 1555, 46105)
(44061, 435, 1555, 46051)
(43979, 435, 1555, 45969)
(43777, 542, 1555, 45874)
(43777, 542, 1555, 45874)
(43702, 542, 1555, 45799)
(43702, 542, 1555, 45799)
(43637, 542, 1555, 45734)
(43564, 542, 1555, 45661)
(43783, 988, 2463, 47234)
(43783, 988, 2463, 47234)
(43603, 988, 2463, 47054)
(43603, 988, 2463, 47054)
(45225, 0, 496, 45721)
(45368, 0, 496, 45864)
