(73313, 0, 0, 73313)
(73249, 0, 0, 73249)
(73227, 0, 0, 73227)
(73166, 0, 0, 73166)
(73106, 0, 0, 73106)
(73081, 0, 0, 73081)
(73019, 0, 0, 73019)
(72926, 0, 0, 72926)
(72851, 0, 0, 72851)
(72825, 0, 0, 72825)
(72786, 0, 0, 72786)
(72731, 0, 0, 72731)
(72711, 0, 0, 72711)
(72671, 0, 0, 72671)
(72668, 0, 0, 72668)
(72665, 0, 0, 72665)
(72664, 0, 0, 72664)
(72632, 0, 0, 72632)
(72615, 0, 0, 72615)
(72562, 0, 0, 72562)
(72549, 0, 0, 72549)
(72512, 0, 0, 72512)
(72489, 0, 0, 72489)
(72450, 0, 0, 72450)
(72402, 0, 0, 72402)
(72354, 0, 0, 72354)
(72289, 0, 0, 72289)
(72221, 0, 0, 72221)
(72187, 0, 0, 72187)
(72182, 0, 0, 72182)
(72127, 0, 0, 72127)
(72112, 0, 0, 72112)
(72079, 0, 0, 72079)
(72021, 0, 0, 72021)
(72002, 0, 0, 72002)
(71937, 0, 0, 71937)
(71881, 0, 0, 71881)
(71842, 0, 0, 71842)
(71777, 0, 0, 71777)
(71721, 0, 0, 71721)
(71640, 0, 0, 71640)
(71603, 0, 0, 71603)
(71569, 0, 0, 71569)
(71550, 0, 0, 71550)
(71526, 0, 0, 71526)
(71520, 0, 0, 71520)
(71498, 0, 0, 71498)
(71461, 0, 0, 71461)
(71444, 0, 0, 71444)
(71412, 0, 0, 71412)
(71393, 0, 0, 71393)
(71374, 0, 0, 71374)
(71341, 0, 0, 71341)
(71308, 0, 0, 71308)
(71268, 0, 0, 71268)
(71238, 0, 0, 71238)
(71206, 0, 0, 71206)
(71175, 0, 0, 71175)
(71127, 0, 0, 71127)
(71073, 0, 0, 71073)
(71019, 0, 0, 71019)
(70992, 0, 0, 70992)
(70968, 0, 0, 70968)
(70943, 0, 0, 70943)
(70909, 0, 0, 70909)
(70891, 0, 0, 70891)
(70850, 0, 0, 70850)
(70797, 0, 0, 70797)
(70768, 0, 0, 70768)
(70763, 0, 0, 70763)
(70708, 0, 0, 70708)
(70666, 0, 0, 70666)
(70605, 0, 0, 70605)
(70559, 0, 0, 70559)
(70536, 0, 0, 70536)
(70470, 0, 0, 70470)
(70440, 0, 0, 70440)
(70401, 0, 0, 70401)
(70346, 0, 0, 70346)
(70291, 0, 0, 70291)
(70279, 0, 0, 70279)
(70229, 0, 0, 70229)
(70201, 0, 0, 70201)
(70145, 0, 0, 70145)
(70086, 0, 0, 70086)
(70001, 0, 0, 70001)
(69954, 0, 0, 69954)
(69892, 0, 0, 69892)
(69783, 0, 0, 69783)
(69674, 0, 0, 69674)
(69645, 0, 0, 69645)
(69607, 0, 0, 69607)
(69571, 0, 0, 69571)
(69540, 0, 0, 69540)
(69521, 0, 0, 69521)
(69506, 0, 0, 69506)
(69497, 0, 0, 69497)
(69442, 0, 0, 69442)
(69378, 0, 0, 69378)
(69361, 0, 0, 69361)
(69353, 0, 0, 69353)
(69350, 0, 0, 69350)
(69347, 0, 0, 69347)
(69344, 0, 0, 69344)
(69332, 0, 0, 69332)
(69298, 0, 0, 69298)
(69252, 0, 0, 69252)
(69224, 0, 0, 69224)
(69169, 0, 0, 69169)
(69144, 0, 0, 69144)
(69116, 0, 0, 69116)
(69074, 0, 0, 69074)
(69036, 0, 0, 69036)
(69016, 0, 0, 69016)
(68974, 0, 0, 68974)
(68909, 0, 0, 68909)
(68888, 0, 0, 68888)
(68825, 0, 0, 68825)
(68792, 0, 0, 68792)
(68746, 0, 0, 68746)
(68726, 0, 0, 68726)
(68648, 0, 0, 68648)
(68624, 0, 0, 68624)
(68593, 0, 0, 68593)
(68536, 0, 0, 68536)
(68482, 0, 0, 68482)
(68420, 0, 0, 68420)
(68396, 0, 0, 68396)
(68339, 0, 0, 68339)
(68325, 0, 0, 68325)
(68290, 0, 0, 68290)
(68234, 0, 0, 68234)
(68162, 0, 0, 68162)
(68105, 0, 0, 68105)
(68053, 0, 0, 68053)
(68001, 0, 0, 68001)
(67949, 0, 0, 67949)
(67921, 0, 0, 67921)
(67855, 0, 0, 67855)
(67807, 0, 0, 67807)
(67766, 0, 0, 67766)
(67740, 0, 0, 67740)
(67679, 0, 0, 67679)
(67652, 0, 0, 67652)
(67585, 0, 0, 67585)
(67583, 0, 0, 67583)
(67545, 0, 0, 67545)
(67515, 0, 0, 67515)
(67459, 0, 0, 67459)
(67393, 0, 0, 67393)
(67368, 0, 0, 67368)
(67323, 0, 0, 67323)
(67278, 0, 0, 67278)
(67233, 0, 0, 67233)
(67176, 0, 0, 67176)
(67119, 0, 0, 67119)
(67063, 0, 0, 67063)
(67027, 0, 0, 67027)
(66972, 0, 0, 66972)
(66895, 0, 0, 66895)
(66862, 0, 0, 66862)
(66816, 0, 0, 66816)
(66770, 0, 0, 66770)
(66724, 0, 0, 66724)
(66666, 0, 0, 66666)
(66588, 0, 0, 66588)
(66510, 0, 0, 66510)
(66467, 0, 0, 66467)
(66424, 0, 0, 66424)
(66402, 0, 0, 66402)
(66373, 0, 0, 66373)
(66333, 0, 0, 66333)
(66279, 0, 0, 66279)
(66215, 0, 0, 66215)
(66176, 0, 0, 66176)
(66124, 0, 0, 66124)
(66073, 0, 0, 66073)
(66005, 0, 0, 66005)
(65988, 0, 0, 65988)
(65913, 0, 0, 65913)
(65897, 0, 0, 65897)
(65860, 0, 0, 65860)
(65828, 0, 0, 65828)
(65785, 0, 0, 65785)
(65730, 0, 0, 65730)
(65688, 0, 0, 65688)
(65660, 0, 0, 65660)
(65641, 0, 0, 65641)
(65606, 0, 0, 65606)
(65585, 0, 0, 65585)
(65559, 0, 0, 65559)
(65544, 0, 0, 65544)
(65496, 0, 0, 65496)
(65441, 0, 0, 65441)
(65400, 0, 0, 65400)
(65357, 0, 0, 65357)
(65324, 0, 0, 65324)
(65279, 0, 0, 65279)
(65269, 0, 0, 65269)
(65231, 0, 0, 65231)
(65185, 0, 0, 65185)
(65137, 0, 0, 65137)
(65122, 0, 0, 65122)
(65114, 0, 0, 65114)
(65094, 0, 0, 65094)
(65072, 0, 0, 65072)
(65019, 0, 0, 65019)
(64966, 0, 0, 64966)
(64912, 0, 0, 64912)
(64871, 0, 0, 64871)
(64856, 0, 0, 64856)
(64851, 0, 0, 64851)
(64839, 0, 0, 64839)
(64783, 0, 0, 64783)
(64732, 0, 0, 64732)
(64688, 0, 0, 64688)
(64674, 0, 0, 64674)
(64632, 0, 0, 64632)
(64597, 0, 0, 64597)
(64531, 0, 0, 64531)
(64482, 0, 0, 64482)
(64433, 0, 0, 64433)
(64384, 0, 0, 64384)
(64349, 0, 0, 64349)
(64310, 0, 0, 64310)
(64296, 0, 0, 64296)
(64282, 0, 0, 64282)
(64251, 0, 0, 64251)
(64246, 0, 0, 64246)
(64231, 0, 0, 64231)
(64178, 0, 0, 64178)
(64119, 0, 0, 64119)
(64066, 0, 0, 64066)
(64007, 0, 0, 64007)
(63948, 0, 0, 63948)
(63902, 0, 0, 63902)
(63848, 0, 0, 63848)
(63794, 0, 0, 63794)
(63716, 0, 0, 63716)
(63627, 0, 0, 63627)
(63620, 0, 0, 63620)
(63608, 0, 0, 63608)
(63573, 0, 0, 63573)
(63516, 0, 0, 63516)
(63437, 0, 0, 63437)
(63401, 0, 0, 63401)
(63369, 0, 0, 63369)
(63356, 0, 0, 63356)
(63343, 0, 0, 63343)
(63331, 0, 0, 63331)
(63278, 0, 0, 63278)
(63253, 0, 0, 63253)
(63232, 0, 0, 63232)
(63183, 0, 0, 63183)
(63125, 0, 0, 63125)
(63074, 0, 0, 63074)
(63066, 0, 0, 63066)
(63058, 0, 0, 63058)
(63035, 0, 0, 63035)
(63012, 0, 0, 63012)
(62975, 0, 0, 62975)
(62954, 0, 0, 62954)
(62915, 0, 0, 62915)
(62868, 0, 0, 62868)
(62816, 0, 0, 62816)
(62815, 0, 0, 62815)
(62775, 0, 0, 62775)
(62753, 0, 0, 62753)
(62708, 0, 0, 62708)
(62683, 0, 0, 62683)
(62669, 0, 0, 62669)
(62655, 0, 0, 62655)
(62618, 0, 0, 62618)
(62609, 0, 0, 62609)
(62579, 0, 0, 62579)
(62549, 0, 0, 62549)
(62486, 0, 0, 62486)
(62457, 0, 0, 62457)
(62416, 0, 0, 62416)
(62372, 0, 0, 62372)
(62328, 0, 0, 62328)
(62287, 0, 0, 62287)
(62268, 0, 0, 62268)
(62255, 0, 0, 62255)
(62203, 0, 0, 62203)
(62166, 0, 0, 62166)
(62135, 0, 0, 62135)
(62090, 0, 0, 62090)
(62056, 0, 0, 62056)
(62025, 0, 0, 62025)
(62005, 0, 0, 62005)
(61968, 0, 0, 61968)
(61904, 0, 0, 61904)
(61890, 0, 0, 61890)
(61876, 0, 0, 61876)
(61829, 0, 0, 61829)
(61804, 0, 0, 61804)
(61756, 0, 0, 61756)
(61712, 0, 0, 61712)
(61698, 0, 0, 61698)
(61691, 0, 0, 61691)
(61647, 0, 0, 61647)
(61632, 0, 0, 61632)
(61611, 0, 0, 61611)
(61582, 0, 0, 61582)
(61547, 0, 0, 61547)
(61494, 0, 0, 61494)
(61480, 0, 0, 61480)
(61466, 0, 0, 61466)
(61437, 0, 0, 61437)
(61410, 0, 0, 61410)
(61380, 0, 0, 61380)
(61374, 0, 0, 61374)
(61368, 0, 0, 61368)
(61357, 0, 0, 61357)
(61344, 0, 0, 61344)
(61331, 0, 0, 61331)
(61318, 0, 0, 61318)
(61256, 0, 0, 61256)
(61247, 0, 0, 61247)
(61223, 0, 0, 61223)
(61168, 0, 0, 61168)
(61125, 0, 0, 61125)
(61106, 0, 0, 61106)
(61087, 0, 0, 61087)
(61073, 0, 0, 61073)
(61020, 0, 0, 61020)
(61003, 0, 0, 61003)
(60907, 0, 0, 60907)
(60837, 0, 0, 60837)
(60756, 0, 0, 60756)
(60724, 0, 0, 60724)
(60686, 0, 0, 60686)
(60643, 0, 0, 60643)
(60600, 0, 0, 60600)
(60557, 0, 0, 60557)
(60506, 0, 0, 60506)
(60455, 0, 0, 60455)
(60404, 0, 0, 60404)
(60353, 0, 0, 60353)
(60321, 0, 0, 60321)
(60288, 0, 0, 60288)
(60264, 0, 0, 60264)
(60219, 0, 0, 60219)
(60174, 0, 0, 60174)
(60129, 0, 0, 60129)
(60073, 0, 0, 60073)
(60044, 0, 0, 60044)
(60019, 0, 0, 60019)
(59987, 0, 0, 59987)
(59942, 0, 0, 59942)
(59918, 0, 0, 59918)
(59886, 0, 0, 59886)
(59853, 0, 0, 59853)
(59808, 0, 0, 59808)
(59778, 0, 0, 59778)
(59709, 0, 0, 59709)
(59691, 0, 0, 59691)
(59673, 0, 0, 59673)
(59631, 0, 0, 59631)
(59612, 0, 0, 59612)
(59607, 0, 0, 59607)
(59550, 0, 0, 59550)
(59517, 0, 0, 59517)
(59482, 0, 0, 59482)
(59429, 0, 0, 59429)
(59370, 0, 0, 59370)
(59357, 0, 0, 59357)
(59326, 0, 0, 59326)
(59306, 0, 0, 59306)
(59286, 0, 0, 59286)
(59275, 0, 0, 59275)
(59250, 0, 0, 59250)
(59189, 0, 0, 59189)
(59138, 0, 0, 59138)
(59078, 0, 0, 59078)
(58998, 0, 0, 58998)
(58937, 0, 0, 58937)
(58904, 0, 0, 58904)
(58871, 0, 0, 58871)
(58823, 0, 0, 58823)
(58775, 0, 0, 58775)
(58728, 0, 0, 58728)
(58676, 0, 0, 58676)
(58613, 0, 0, 58613)
(58550, 0, 0, 58550)
(58487, 0, 0, 58487)
(58464, 0, 0, 58464)
(58438, 0, 0, 58438)
(58390, 0, 0, 58390)
(58389, 0, 0, 58389)
(58374, 0, 0, 58374)
(58359, 0, 0, 58359)
(58322, 0, 0, 58322)
(58285, 0, 0, 58285)
(58284, 0, 0, 58284)
(58231, 0, 0, 58231)
(58214, 0, 0, 58214)
(58197, 0, 0, 58197)
(58154, 0, 0, 58154)
(58102, 0, 0, 58102)
(58050, 0, 0, 58050)
(58030, 0, 0, 58030)
(57993, 0, 0, 57993)
(57925, 0, 0, 57925)
(57857, 0, 0, 57857)
(57845, 0, 0, 57845)
(57799, 0, 0, 57799)
(57748, 0, 0, 57748)
(57743, 0, 0, 57743)
(57668, 0, 0, 57668)
(57631, 0, 0, 57631)
(57597, 0, 0, 57597)
(57545, 0, 0, 57545)
(57542, 0, 14036, 71578)
(57539, 0, 13952, 71491)
(57538, 0, 13914, 71452)
(57537, 0, 13898, 71435)
(57536, 0, 13792, 71328)
(57531, 0, 13735, 71266)
