(70594, 0, 0, 70594)
(70524, 0, 0, 70524)
(70454, 0, 0, 70454)
(70384, 0, 0, 70384)
(70314, 0, 0, 70314)
(70273, 0, 0, 70273)
(70247, 0, 0, 70247)
(70195, 0, 0, 70195)
(70168, 0, 0, 70168)
(70146, 0, 0, 70146)
(70089, 0, 0, 70089)
(70056, 0, 0, 70056)
(70023, 0, 0, 70023)
(69980, 0, 0, 69980)
(69952, 0, 0, 69952)
(69924, 0, 0, 69924)
(69902, 0, 0, 69902)
(69880, 0, 0, 69880)
(69843, 0, 0, 69843)
(69820, 0, 0, 69820)
(69741, 0, 0, 69741)
(69729, 0, 0, 69729)
(69728, 0, 0, 69728)
(69680, 0, 0, 69680)
(69679, 0, 0, 69679)
(69678, 0, 0, 69678)
(69676, 0, 0, 69676)
(69674, 0, 0, 69674)
(69672, 0, 0, 69672)
(69613, 0, 0, 69613)
(69572, 0, 0, 69572)
(69531, 0, 0, 69531)
(69479, 0, 0, 69479)
(69433, 0, 0, 69433)
(69354, 0, 0, 69354)
(69275, 0, 0, 69275)
(69196, 0, 0, 69196)
(69117, 0, 0, 69117)
(69096, 0, 0, 69096)
(69064, 0, 0, 69064)
(69009, 0, 0, 69009)
(68981, 0, 0, 68981)
(68953, 0, 0, 68953)
(68935, 0, 0, 68935)
(68908, 0, 0, 68908)
(68873, 0, 0, 68873)
(68848, 0, 0, 68848)
(68834, 0, 0, 68834)
(68781, 0, 0, 68781)
(68728, 0, 0, 68728)
(68696, 0, 0, 68696)
(68689, 0, 0, 68689)
(68634, 0, 0, 68634)
(68579, 0, 0, 68579)
(68511, 0, 0, 68511)
(68483, 0, 0, 68483)
(68456, 0, 0, 68456)
(68440, 0, 0, 68440)
(68399, 0, 0, 68399)
(68358, 0, 0, 68358)
(68300, 0, 0, 68300)
(68242, 0, 0, 68242)
(68202, 0, 0, 68202)
(68158, 0, 0, 68158)
(68108, 0, 0, 68108)
(68051, 0, 0, 68051)
(68033, 0, 0, 68033)
(67985, 0, 0, 67985)
(67971, 0, 0, 67971)
(67941, 0, 0, 67941)
(67891, 0, 0, 67891)
(67862, 0, 0, 67862)
(67833, 0, 0, 67833)
(67803, 0, 0, 67803)
(67801, 0, 0, 67801)
(67799, 0, 0, 67799)
(67789, 0, 0, 67789)
(67779, 0, 0, 67779)
(67711, 0, 0, 67711)
(67686, 0, 0, 67686)
(67636, 0, 0, 67636)
(67572, 0, 0, 67572)
(67508, 0, 0, 67508)
(67468, 0, 0, 67468)
(67455, 0, 0, 67455)
(67399, 0, 0, 67399)
(67343, 0, 0, 67343)
(67260, 0, 0, 67260)
(67239, 0, 0, 67239)
(67185, 0, 0, 67185)
(67128, 0, 0, 67128)
(67070, 0, 0, 67070)
(67023, 0, 0, 67023)
(66959, 0, 0, 66959)
(66918, 0, 0, 66918)
(66888, 0, 0, 66888)
(66833, 0, 0, 66833)
(66770, 0, 0, 66770)
(66748, 0, 0, 66748)
(66684, 0, 0, 66684)
(66669, 0, 0, 66669)
(66634, 0, 0, 66634)
(66620, 0, 0, 66620)
(66606, 0, 0, 66606)
(66595, 0, 0, 66595)
(66584, 0, 0, 66584)
(66573, 0, 0, 66573)
(66562, 0, 0, 66562)
(66551, 0, 0, 66551)
(66540, 0, 0, 66540)
(66537, 0, 0, 66537)
(66534, 0, 0, 66534)
(66531, 0, 0, 66531)
(66501, 0, 0, 66501)
(66477, 0, 0, 66477)
(66453, 0, 0, 66453)
(66429, 0, 0, 66429)
(66404, 0, 0, 66404)
(66380, 0, 0, 66380)
(66356, 0, 0, 66356)
(66350, 0, 0, 66350)
(66344, 0, 0, 66344)
(66338, 0, 0, 66338)
(66332, 0, 0, 66332)
(66326, 0, 0, 66326)
(66265, 0, 0, 66265)
(66216, 0, 0, 66216)
(66167, 0, 0, 66167)
(66135, 0, 0, 66135)
(66093, 0, 0, 66093)
(66032, 0, 0, 66032)
(65971, 0, 0, 65971)
(65931, 0, 0, 65931)
(65872, 0, 0, 65872)
(65831, 0, 0, 65831)
(65810, 0, 0, 65810)
(65748, 0, 0, 65748)
(65739, 0, 0, 65739)
(65671, 0, 0, 65671)
(65634, 0, 0, 65634)
(65575, 0, 0, 65575)
(65550, 0, 0, 65550)
(65483, 0, 0, 65483)
(65452, 0, 0, 65452)
(65421, 0, 0, 65421)
(65390, 0, 0, 65390)
(65365, 0, 0, 65365)
(65340, 0, 0, 65340)
(65315, 0, 0, 65315)
(65306, 0, 0, 65306)
(65249, 0, 0, 65249)
(65192, 0, 0, 65192)
(65139, 0, 0, 65139)
(65086, 0, 0, 65086)
(65033, 0, 0, 65033)
(64977, 0, 0, 64977)
(64921, 0, 0, 64921)
(64884, 0, 0, 64884)
(64804, 0, 0, 64804)
(64728, 0, 0, 64728)
(64684, 0, 0, 64684)
(64660, 0, 0, 64660)
(64589, 0, 0, 64589)
(64573, 0, 0, 64573)
(64528, 0, 0, 64528)
(64501, 0, 0, 64501)
(64451, 0, 0, 64451)
(64450, 0, 0, 64450)
(64393, 0, 0, 64393)
(64369, 0, 0, 64369)
(64324, 0, 0, 64324)
(64264, 0, 0, 64264)
(64199, 0, 0, 64199)
(64134, 0, 0, 64134)
(64085, 0, 0, 64085)
(64084, 0, 0, 64084)
(64060, 0, 0, 64060)
(64050, 0, 0, 64050)
(64021, 0, 0, 64021)
(63992, 0, 0, 63992)
(63978, 0, 0, 63978)
(63965, 0, 0, 63965)
(63897, 0, 0, 63897)
(63825, 0, 0, 63825)
(63800, 0, 0, 63800)
(63766, 0, 0, 63766)
(63748, 0, 0, 63748)
(63730, 0, 0, 63730)
(63691, 0, 0, 63691)
(63631, 0, 0, 63631)
(63587, 0, 0, 63587)
(63552, 0, 0, 63552)
(63517, 0, 0, 63517)
(63504, 0, 0, 63504)
(63475, 0, 0, 63475)
(63459, 0, 0, 63459)
(63420, 0, 0, 63420)
(63367, 0, 0, 63367)
(63312, 0, 0, 63312)
(63297, 0, 0, 63297)
(63279, 0, 0, 63279)
(63261, 0, 0, 63261)
(63218, 0, 0, 63218)
(63175, 0, 0, 63175)
(63132, 0, 0, 63132)
(63128, 0, 0, 63128)
(63102, 0, 0, 63102)
(63080, 0, 0, 63080)
(63053, 0, 0, 63053)
(63008, 0, 0, 63008)
(62958, 0, 0, 62958)
(62908, 0, 0, 62908)
(62887, 0, 0, 62887)
(62825, 0, 0, 62825)
(62783, 0, 0, 62783)
(62761, 0, 0, 62761)
(62683, 0, 0, 62683)
(62618, 0, 0, 62618)
(62601, 0, 0, 62601)
(62584, 0, 0, 62584)
(62504, 0, 0, 62504)
(62445, 0, 0, 62445)
(62401, 0, 0, 62401)
(62357, 0, 0, 62357)
(62335, 0, 0, 62335)
(62300, 0, 0, 62300)
(62265, 0, 0, 62265)
(62264, 0, 0, 62264)
(62232, 0, 0, 62232)
(62182, 0, 0, 62182)
(62153, 0, 0, 62153)
(62140, 0, 0, 62140)
(62116, 0, 0, 62116)
(62099, 0, 0, 62099)
(62070, 0, 0, 62070)
(62016, 0, 0, 62016)
(61984, 0, 0, 61984)
(61937, 0, 0, 61937)
(61897, 0, 0, 61897)
(61858, 0, 0, 61858)
(61818, 0, 0, 61818)
(61767, 0, 0, 61767)
(61707, 0, 0, 61707)
(61621, 0, 0, 61621)
(61570, 0, 0, 61570)
(61514, 0, 0, 61514)
(61484, 0, 0, 61484)
(61425, 0, 0, 61425)
(61416, 0, 0, 61416)
(61392, 0, 0, 61392)
(61383, 0, 0, 61383)
(61381, 0, 0, 61381)
(61352, 0, 0, 61352)
(61350, 0, 0, 61350)
(61284, 0, 0, 61284)
(61250, 0, 0, 61250)
(61211, 0, 0, 61211)
(61180, 0, 0, 61180)
(61144, 0, 0, 61144)
(61143, 0, 0, 61143)
(61059, 0, 0, 61059)
(61043, 0, 0, 61043)
(61026, 0, 0, 61026)
(60996, 0, 0, 60996)
(60964, 0, 0, 60964)
(60930, 0, 0, 60930)
(60904, 0, 0, 60904)
(60850, 0, 0, 60850)
(60789, 0, 0, 60789)
(60728, 0, 0, 60728)
(60692, 0, 0, 60692)
(60665, 0, 0, 60665)
(60632, 0, 0, 60632)
(60610, 0, 0, 60610)
(60591, 0, 0, 60591)
(60555, 0, 0, 60555)
(60516, 0, 0, 60516)
(60490, 0, 0, 60490)
(60477, 0, 0, 60477)
(60434, 0, 0, 60434)
(60391, 0, 0, 60391)
(60378, 0, 0, 60378)
(60361, 0, 0, 60361)
(60277, 0, 0, 60277)
(60225, 0, 0, 60225)
(60180, 0, 0, 60180)
(60135, 0, 0, 60135)
(60102, 0, 0, 60102)
(60055, 0, 0, 60055)
(60028, 0, 0, 60028)
(60001, 0, 0, 60001)
(59989, 0, 0, 59989)
(59977, 0, 0, 59977)
(59934, 0, 0, 59934)
(59852, 0, 0, 59852)
(59757, 0, 0, 59757)
(59708, 0, 0, 59708)
(59659, 0, 0, 59659)
(59610, 0, 0, 59610)
(59561, 0, 0, 59561)
(59512, 0, 0, 59512)
(59473, 0, 0, 59473)
(59453, 0, 0, 59453)
(59410, 0, 0, 59410)
(59371, 0, 0, 59371)
(59360, 0, 0, 59360)
(59301, 0, 0, 59301)
(59290, 0, 0, 59290)
(59270, 0, 0, 59270)
(59215, 0, 0, 59215)
(59169, 0, 0, 59169)
(59145, 0, 0, 59145)
(59092, 0, 0, 59092)
(59072, 0, 0, 59072)
(59036, 0, 0, 59036)
(59023, 0, 0, 59023)
(58979, 0, 0, 58979)
(58923, 0, 0, 58923)
(58902, 0, 0, 58902)
(58877, 0, 0, 58877)
(58804, 0, 0, 58804)
(58742, 0, 0, 58742)
(58714, 0, 0, 58714)
(58671, 0, 0, 58671)
(58662, 0, 0, 58662)
(58637, 0, 0, 58637)
(58579, 0, 0, 58579)
(58524, 0, 0, 58524)
(58478, 0, 0, 58478)
(58432, 0, 0, 58432)
(58414, 0, 0, 58414)
(58398, 0, 0, 58398)
(58374, 0, 0, 58374)
(58360, 0, 0, 58360)
(58335, 0, 0, 58335)
(58314, 0, 0, 58314)
(58235, 0, 0, 58235)
(58156, 0, 0, 58156)
(58077, 0, 0, 58077)
(58050, 0, 0, 58050)
(58016, 0, 0, 58016)
(57935, 0, 0, 57935)
(57922, 0, 0, 57922)
(57875, 0, 0, 57875)
(57850, 0, 0, 57850)
(57814, 0, 0, 57814)
(57763, 0, 0, 57763)
(57708, 0, 0, 57708)
(57676, 0, 0, 57676)
(57644, 0, 0, 57644)
(57618, 0, 0, 57618)
(57569, 0, 0, 57569)
(57518, 0, 0, 57518)
(57504, 0, 0, 57504)
(57462, 0, 0, 57462)
(57427, 0, 0, 57427)
(57421, 0, 0, 57421)
(57379, 0, 0, 57379)
(57312, 0, 0, 57312)
(57295, 0, 0, 57295)
(57278, 0, 0, 57278)
(57244, 0, 0, 57244)
(57240, 0, 0, 57240)
(57224, 0, 0, 57224)
(57208, 0, 0, 57208)
(57192, 0, 0, 57192)
(57171, 0, 0, 57171)
(57121, 0, 0, 57121)
(57071, 0, 0, 57071)
(57037, 0, 0, 57037)
(57003, 0, 0, 57003)
(56983, 0, 0, 56983)
(56966, 0, 0, 56966)
(56923, 0, 0, 56923)
(56912, 0, 0, 56912)
(56901, 0, 0, 56901)
(56890, 0, 0, 56890)
(56834, 0, 0, 56834)
(56791, 0, 0, 56791)
(56730, 0, 0, 56730)
(56712, 0, 0, 56712)
(56656, 0, 0, 56656)
(56626, 0, 0, 56626)
(56616, 0, 0, 56616)
(56569, 0, 0, 56569)
(56511, 0, 0, 56511)
(56426, 0, 0, 56426)
(56400, 0, 0, 56400)
(56331, 0, 0, 56331)
(56306, 0, 0, 56306)
(56281, 0, 0, 56281)
(56227, 0, 0, 56227)
(56197, 0, 0, 56197)
(56167, 0, 0, 56167)
(56157, 0, 0, 56157)
(56142, 0, 0, 56142)
(56127, 0, 0, 56127)
(56098, 0, 0, 56098)
(56081, 0, 0, 56081)
(56042, 0, 0, 56042)
(55987, 0, 0, 55987)
(55965, 0, 0, 55965)
(55943, 0, 0, 55943)
(55903, 0, 0, 55903)
(55865, 0, 0, 55865)
(55794, 0, 0, 55794)
(55723, 0, 0, 55723)
(55705, 0, 0, 55705)
(55648, 0, 0, 55648)
(55574, 0, 0, 55574)
(55500, 0, 0, 55500)
(55472, 0, 0, 55472)
(55458, 0, 0, 55458)
(55441, 0, 0, 55441)
(55388, 0, 0, 55388)
(55378, 0, 0, 55378)
(55334, 0, 0, 55334)
(55279, 0, 0, 55279)
(55224, 0, 0, 55224)
(55173, 0, 0, 55173)
(55127, 0, 0, 55127)
(55089, 0, 0, 55089)
(55044, 0, 0, 55044)
(54991, 0, 0, 54991)
(54930, 0, 0, 54930)
(54917, 0, 0, 54917)
(54867, 0, 0, 54867)
(54836, 0, 0, 54836)
(54785, 0, 0, 54785)
(54748, 0, 0, 54748)
(54747, 0, 14426, 69173)
(54741, 0, 14416, 69157)
(54731, 0, 14425, 69156)
(54722, 0, 14367, 69089)
(54709, 0, 14055, 68764)
(54703, 0, 13852, 68555)
