(45901, 0, 0, 45901)
(45854, 0, 0, 45854)
(45807, 0, 0, 45807)
(45783, 0, 0, 45783)
(45718, 0, 0, 45718)
(45697, 0, 0, 45697)
(45644, 0, 0, 45644)
(45602, 0, 0, 45602)
(45569, 0, 0, 45569)
(45568, 0, 0, 45568)
(45541, 0, 0, 45541)
(45509, 0, 0, 45509)
(45481, 0, 0, 45481)
(45453, 0, 0, 45453)
(45393, 0, 0, 45393)
(45338, 0, 0, 45338)
(45272, 0, 0, 45272)
(45217, 0, 0, 45217)
(45161, 0, 0, 45161)
(45120, 0, 0, 45120)
(45107, 0, 0, 45107)
(45085, 0, 0, 45085)
(45059, 0, 0, 45059)
(45019, 0, 0, 45019)
(44948, 0, 0, 44948)
(44896, 0, 0, 44896)
(44849, 0, 0, 44849)
(44801, 0, 0, 44801)
(44754, 0, 0, 44754)
(44730, 0, 0, 44730)
(44706, 0, 0, 44706)
(44682, 0, 0, 44682)
(44657, 0, 0, 44657)
(44632, 0, 0, 44632)
(44616, 0, 0, 44616)
(44600, 0, 0, 44600)
(44584, 0, 0, 44584)
(44568, 0, 0, 44568)
(44520, 0, 0, 44520)
(44472, 0, 0, 44472)
(44430, 0, 0, 44430)
(44408, 0, 0, 44408)
(44388, 0, 0, 44388)
(44345, 0, 0, 44345)
(44343, 0, 0, 44343)
(44299, 0, 0, 44299)
(44281, 0, 0, 44281)
(44232, 0, 0, 44232)
(44209, 0, 0, 44209)
(44159, 0, 0, 44159)
(44136, 0, 0, 44136)
(44133, 0, 0, 44133)
(44075, 0, 0, 44075)
(44038, 0, 0, 44038)
(43991, 0, 0, 43991)
(43979, 0, 0, 43979)
(43953, 0, 0, 43953)
(43944, 0, 0, 43944)
(43895, 0, 0, 43895)
(43823, 0, 0, 43823)
(43822, 0, 0, 43822)
(43786, 0, 0, 43786)
(43758, 0, 0, 43758)
(43704, 0, 0, 43704)
(43667, 0, 0, 43667)
(43642, 0, 0, 43642)
(43585, 0, 0, 43585)
(43530, 0, 0, 43530)
(43494, 0, 0, 43494)
(43447, 0, 0, 43447)
(43421, 0, 0, 43421)
(43384, 0, 0, 43384)
(43364, 0, 0, 43364)
(43339, 0, 0, 43339)
(43285, 0, 0, 43285)
(43279, 0, 0, 43279)
(43256, 0, 0, 43256)
(43241, 0, 0, 43241)
(43198, 0, 0, 43198)
(43170, 0, 0, 43170)
(43134, 0, 0, 43134)
(43065, 0, 0, 43065)
(43010, 0, 0, 43010)
(42963, 0, 0, 42963)
(42909, 0, 0, 42909)
(42875, 0, 0, 42875)
(42853, 0, 0, 42853)
(42800, 0, 0, 42800)
(42744, 0, 0, 42744)
(42711, 0, 0, 42711)
(42680, 0, 0, 42680)
(42653, 0, 0, 42653)
(42606, 0, 0, 42606)
(42575, 0, 0, 42575)
(42541, 0, 0, 42541)
(42515, 0, 0, 42515)
(42472, 0, 0, 42472)
(42458, 0, 0, 42458)
(42406, 0, 0, 42406)
(42373, 0, 0, 42373)
(42333, 0, 0, 42333)
(42324, 0, 0, 42324)
(42285, 0, 0, 42285)
(42265, 0, 0, 42265)
(42231, 0, 0, 42231)
(42230, 0, 0, 42230)
(42208, 0, 0, 42208)
(42156, 0, 0, 42156)
(42091, 0, 0, 42091)
(42080, 0, 0, 42080)
(42052, 0, 0, 42052)
(42029, 0, 0, 42029)
(41955, 0, 0, 41955)
(41925, 0, 0, 41925)
(41907, 0, 0, 41907)
(41889, 0, 0, 41889)
(41871, 0, 0, 41871)
(41834, 0, 0, 41834)
(41797, 0, 0, 41797)
(41784, 0, 0, 41784)
(41763, 0, 0, 41763)
(41744, 0, 0, 41744)
(41725, 0, 0, 41725)
(41690, 0, 0, 41690)
(41655, 0, 0, 41655)
(41611, 0, 0, 41611)
(41577, 0, 0, 41577)
(41559, 0, 0, 41559)
(41545, 0, 0, 41545)
(41511, 0, 0, 41511)
(41496, 0, 0, 41496)
(41481, 0, 0, 41481)
(41468, 0, 0, 41468)
(41409, 0, 0, 41409)
(41373, 0, 0, 41373)
(41344, 0, 0, 41344)
(41309, 0, 0, 41309)
(41257, 0, 0, 41257)
(41189, 0, 0, 41189)
(41137, 0, 0, 41137)
(41127, 0, 0, 41127)
(41105, 0, 0, 41105)
(41073, 0, 0, 41073)
(41052, 0, 0, 41052)
(41022, 0, 0, 41022)
(41001, 0, 0, 41001)
(40967, 0, 0, 40967)
(40899, 0, 0, 40899)
(40887, 0, 0, 40887)
(40854, 0, 0, 40854)
(40825, 0, 0, 40825)
(40795, 0, 0, 40795)
(40775, 0, 0, 40775)
(40722, 0, 0, 40722)
(40648, 0, 0, 40648)
(40574, 0, 0, 40574)
(40536, 0, 0, 40536)
(40498, 0, 0, 40498)
(40460, 0, 0, 40460)
(40422, 0, 0, 40422)
(40350, 0, 0, 40350)
(40291, 0, 0, 40291)
(40204, 0, 0, 40204)
(40170, 0, 0, 40170)
(40155, 0, 0, 40155)
(40107, 0, 0, 40107)
(40035, 0, 0, 40035)
(40012, 0, 0, 40012)
(39978, 0, 0, 39978)
(39931, 0, 0, 39931)
(39903, 0, 0, 39903)
(39875, 0, 0, 39875)
(39818, 0, 0, 39818)
(39754, 0, 0, 39754)
(39703, 0, 0, 39703)
(39659, 0, 0, 39659)
(39612, 0, 0, 39612)
(39579, 0, 0, 39579)
(39527, 0, 0, 39527)
(39479, 0, 0, 39479)
(39420, 0, 0, 39420)
(39367, 0, 0, 39367)
(39321, 0, 0, 39321)
(39296, 0, 0, 39296)
(39268, 0, 0, 39268)
(39201, 0, 0, 39201)
(39188, 0, 0, 39188)
(39152, 0, 0, 39152)
(39081, 0, 0, 39081)
(39054, 0, 0, 39054)
(39000, 0, 0, 39000)
(38952, 0, 0, 38952)
(38903, 0, 0, 38903)
(38893, 0, 0, 38893)
(38859, 0, 0, 38859)
(38849, 0, 0, 38849)
(38793, 0, 0, 38793)
(38758, 0, 0, 38758)
(38719, 0, 0, 38719)
(38677, 0, 0, 38677)
(38659, 0, 0, 38659)
(38647, 0, 0, 38647)
(38596, 0, 0, 38596)
(38553, 0, 0, 38553)
(38489, 0, 0, 38489)
(38463, 0, 0, 38463)
(38429, 0, 0, 38429)
(38390, 0, 0, 38390)
(38376, 0, 0, 38376)
(38333, 0, 0, 38333)
(38285, 0, 0, 38285)
(38237, 0, 0, 38237)
(38210, 0, 0, 38210)
(38183, 0, 0, 38183)
(38156, 0, 0, 38156)
(38132, 0, 0, 38132)
(38107, 0, 0, 38107)
(38071, 0, 0, 38071)
(38033, 0, 0, 38033)
(38001, 0, 0, 38001)
(37969, 0, 0, 37969)
(37937, 0, 0, 37937)
(37880, 0, 0, 37880)
(37864, 0, 0, 37864)
(37851, 0, 0, 37851)
(37817, 0, 0, 37817)
(37789, 0, 0, 37789)
(37761, 0, 0, 37761)
(37687, 0, 0, 37687)
(37627, 0, 0, 37627)
(37576, 0, 0, 37576)
(37545, 0, 0, 37545)
(37519, 0, 0, 37519)
(37493, 0, 0, 37493)
(37467, 0, 0, 37467)
(37441, 0, 0, 37441)
(37414, 0, 0, 37414)
(37387, 0, 0, 37387)
(37360, 0, 0, 37360)
(37333, 0, 0, 37333)
(37310, 0, 0, 37310)
(37283, 0, 0, 37283)
(37241, 0, 0, 37241)
(37208, 0, 0, 37208)
(37173, 0, 0, 37173)
(37155, 0, 0, 37155)
(37137, 0, 0, 37137)
(37125, 0, 0, 37125)
(37092, 0, 0, 37092)
(37081, 0, 0, 37081)
(37069, 0, 0, 37069)
(37060, 0, 0, 37060)
(36998, 0, 0, 36998)
(36926, 0, 0, 36926)
(36862, 0, 0, 36862)
(36811, 0, 0, 36811)
(36768, 0, 0, 36768)
(36720, 0, 0, 36720)
(36660, 0, 0, 36660)
(36628, 0, 0, 36628)
(36627, 0, 0, 36627)
(36598, 0, 0, 36598)
(36569, 0, 0, 36569)
(36540, 0, 0, 36540)
(36511, 0, 0, 36511)
(36509, 0, 0, 36509)
(36490, 0, 0, 36490)
(36442, 0, 0, 36442)
(36386, 0, 0, 36386)
(36355, 0, 0, 36355)
(36315, 0, 0, 36315)
(36297, 0, 0, 36297)
(36275, 0, 0, 36275)
(36209, 0, 0, 36209)
(36143, 0, 0, 36143)
(36077, 0, 0, 36077)
(36059, 0, 0, 36059)
(36038, 0, 0, 36038)
(35978, 0, 0, 35978)
(35925, 0, 0, 35925)
(35892, 0, 0, 35892)
(35861, 0, 0, 35861)
(35825, 0, 0, 35825)
(35790, 0, 0, 35790)
(35727, 0, 0, 35727)
(35688, 0, 0, 35688)
(35639, 0, 0, 35639)
(35578, 0, 0, 35578)
(35547, 0, 0, 35547)
(35521, 0, 0, 35521)
(35493, 0, 0, 35493)
(35453, 0, 0, 35453)
(35409, 0, 0, 35409)
(35382, 0, 0, 35382)
(35313, 0, 0, 35313)
(35285, 0, 0, 35285)
(35248, 0, 0, 35248)
(35219, 0, 0, 35219)
(35179, 0, 0, 35179)
(35103, 0, 0, 35103)
(35102, 0, 0, 35102)
(35055, 0, 0, 35055)
(34996, 0, 0, 34996)
(34954, 0, 0, 34954)
(34940, 0, 0, 34940)
(34898, 0, 0, 34898)
(34855, 0, 0, 34855)
(34816, 0, 0, 34816)
(34779, 0, 0, 34779)
(34742, 0, 0, 34742)
(34711, 0, 0, 34711)
(34696, 0, 0, 34696)
(34681, 0, 0, 34681)
(34659, 0, 0, 34659)
(34626, 0, 0, 34626)
(34620, 0, 0, 34620)
(34581, 0, 0, 34581)
(34559, 0, 0, 34559)
(34552, 0, 0, 34552)
(34515, 0, 0, 34515)
(34503, 0, 0, 34503)
(34460, 0, 0, 34460)
(34438, 0, 0, 34438)
(34437, 0, 0, 34437)
(34436, 0, 0, 34436)
(34416, 0, 0, 34416)
(34396, 0, 0, 34396)
(34356, 0, 0, 34356)
(34299, 0, 0, 34299)
(34267, 0, 0, 34267)
(34237, 0, 0, 34237)
(34233, 0, 0, 34233)
(34163, 0, 0, 34163)
(34154, 0, 0, 34154)
(34128, 0, 0, 34128)
(34102, 0, 0, 34102)
(34074, 0, 0, 34074)
(34046, 0, 0, 34046)
(34018, 0, 0, 34018)
(33990, 0, 0, 33990)
(33972, 0, 0, 33972)
(33935, 0, 0, 33935)
(33934, 0, 0, 33934)
(33896, 0, 0, 33896)
(33834, 0, 0, 33834)
(33772, 0, 0, 33772)
(33737, 0, 0, 33737)
(33720, 0, 0, 33720)
(33648, 0, 0, 33648)
(33609, 0, 0, 33609)
(33605, 0, 0, 33605)
(33549, 0, 0, 33549)
(33522, 0, 0, 33522)
(33495, 0, 0, 33495)
(33457, 0, 0, 33457)
(33410, 0, 0, 33410)
(33377, 0, 0, 33377)
(33311, 0, 0, 33311)
(33268, 0, 0, 33268)
(33219, 0, 0, 33219)
(33170, 0, 0, 33170)
(33121, 0, 0, 33121)
(33079, 0, 0, 33079)
(33037, 0, 0, 33037)
(32995, 0, 0, 32995)
(32955, 0, 0, 32955)
(32927, 0, 0, 32927)
(32867, 0, 0, 32867)
(32844, 0, 0, 32844)
(32832, 0, 0, 32832)
(32803, 0, 0, 32803)
(32752, 0, 0, 32752)
(32712, 0, 0, 32712)
(32654, 0, 0, 32654)
(32642, 0, 0, 32642)
(32630, 0, 0, 32630)
(32578, 0, 0, 32578)
(32545, 0, 0, 32545)
(32524, 0, 0, 32524)
(32472, 0, 0, 32472)
(32437, 0, 0, 32437)
(32380, 0, 0, 32380)
(32323, 0, 0, 32323)
(32278, 0, 0, 32278)
(32258, 0, 0, 32258)
(32222, 0, 0, 32222)
(32192, 0, 0, 32192)
(32162, 0, 0, 32162)
(32108, 0, 0, 32108)
(32073, 0, 0, 32073)
(32025, 0, 0, 32025)
(31995, 0, 0, 31995)
(31970, 0, 0, 31970)
(31926, 0, 0, 31926)
(31891, 0, 0, 31891)
(31857, 0, 0, 31857)
(31827, 0, 0, 31827)
(31807, 0, 0, 31807)
(31806, 0, 13905, 45711)
(31802, 0, 13316, 45118)
(31795, 0, 13286, 45081)
(31788, 0, 13285, 45073)
(31780, 0, 13283, 45063)
(31779, 0, 13195, 44974)
(31773, 0, 13189, 44962)
(31771, 0, 12878, 44649)
(31769, 0, 12376, 44145)
(31766, 0, 12302, 44068)
