(52451, 0, 0, 52451)
(52438, 0, 0, 52438)
(52362, 0, 0, 52362)
(52304, 0, 0, 52304)
(52270, 0, 0, 52270)
(52126, 139, 0, 52265)
(52139, 0, 0, 52139)
(52106, 0, 0, 52106)
(52016, 0, 0, 52016)
(52016, 0, 0, 52016)
(52202, 0, 265, 52467)
(52157, 0, 265, 52422)
(52064, 0, 265, 52329)
(52061, 0, 265, 52326)
(51926, 0, 265, 52191)
(51908, 0, 265, 52173)
(51770, 0, 265, 52035)
(51681, 0, 265, 51946)
(51681, 0, 265, 51946)
(51628, 0, 265, 51893)
(51746, 0, 688, 52434)
(51746, 0, 688, 52434)
(51625, 0, 688, 52313)
(51625, 0, 688, 52313)
(51443, 0, 688, 52131)
(51437, 0, 688, 52125)
(51422, 0, 688, 52110)
(51311, 0, 688, 51999)
(51128, 168, 688, 51984)
(50946, 168, 688, 51802)
(51394, 168, 1509, 53071)
(51394, 168, 1509, 53071)
(51355, 168, 1509, 53032)
(51332, 168, 1509, 53009)
(51252, 168, 1509, 52929)
(51202, 168, 1509, 52879)
(51071, 168, 1509, 52748)
(50976, 168, 1509, 52653)
(50820, 168, 1509, 52497)
(50658, 168, 1509, 52335)
(51459, 168, 1995, 53622)
(51200, 168, 2098, 53466)
(51129, 168, 2098, 53395)
(51129, 168, 2098, 53395)
(52204, 0, 0, 52204)
(52204, 0, 0, 52204)
(52078, 0, 0, 52078)
(51892, 110, 0, 52002)
(51892, 110, 0, 52002)
(51661, 110, 0, 51771)
(52053, 110, 657, 52820)
(51985, 110, 657, 52752)
(51985, 110, 657, 52752)
(51933, 110, 657, 52700)
(51856, 110, 657, 52623)
(51785, 110, 657, 52552)
(51784, 110, 657, 52551)
(51633, 110, 657, 52400)
(51583, 110, 657, 52350)
(51583, 110, 657, 52350)
(51945, 110, 1224, 53279)
(51945, 110, 1224, 53279)
(51880, 110, 1224, 53214)
(51867, 110, 1224, 53201)
(51787, 110, 1224, 53121)
(51787, 110, 1224, 53121)
(51696, 110, 1224, 53030)
(51631, 110, 1224, 52965)
(51584, 110, 1224, 52918)
(51553, 110, 1224, 52887)
(51766, 110, 1613, 53489)
(51695, 110, 1613, 53418)
(51650, 110, 1613, 53373)
(51629, 110, 1613, 53352)
(52354, 0, 0, 52354)
(52273, 71, 0, 52344)
(52273, 71, 0, 52344)
(52163, 71, 0, 52234)
(52149, 71, 0, 52220)
(52070, 71, 0, 52141)
(52117, 142, 428, 52687)
(52117, 142, 428, 52687)
(51996, 142, 428, 52566)
(51956, 142, 428, 52526)
(51956, 142, 428, 52526)
(51849, 142, 428, 52419)
(51638, 142, 428, 52208)
(51631, 142, 428, 52201)
(51581, 142, 428, 52151)
(51511, 142, 428, 52081)
(51975, 142, 619, 52736)
(51954, 142, 619, 52715)
(51879, 142, 619, 52640)
(51879, 142, 619, 52640)
(51682, 142, 619, 52443)
(51682, 142, 619, 52443)
(51577, 142, 619, 52338)
(51577, 142, 619, 52338)
(51517, 142, 619, 52278)
(51396, 142, 619, 52157)
(51671, 142, 1086, 52899)
(51651, 142, 1086, 52879)
(51612, 142, 1086, 52840)
(51577, 142, 1086, 52805)
(52205, 0, 0, 52205)
(52193, 0, 0, 52193)
(52176, 0, 0, 52176)
(52133, 0, 0, 52133)
(51946, 0, 0, 51946)
(51736, 192, 0, 51928)
(51846, 0, 378, 52224)
(51846, 0, 378, 52224)
(51807, 0, 378, 52185)
(51673, 0, 378, 52051)
(51613, 0, 378, 51991)
(51280, 129, 378, 51787)
(51237, 129, 378, 51744)
(51187, 129, 378, 51694)
(51109, 129, 378, 51616)
(51066, 129, 378, 51573)
(51479, 258, 1005, 52742)
(51479, 258, 1005, 52742)
(51341, 258, 1005, 52604)
(51154, 258, 1005, 52417)
(51154, 258, 1005, 52417)
(51094, 258, 1005, 52357)
(51012, 258, 1005, 52275)
(51012, 258, 1005, 52275)
(50930, 258, 1005, 52193)
(50930, 258, 1005, 52193)
(51288, 258, 1750, 53296)
(51286, 258, 1750, 53294)
(51156, 258, 1750, 53164)
(51101, 258, 1750, 53109)
(52229, 0, 0, 52229)
(52133, 0, 0, 52133)
(52093, 0, 0, 52093)
(51962, 0, 0, 51962)
(51952, 0, 0, 51952)
(51952, 0, 0, 51952)
(52000, 0, 388, 52388)
(51765, 0, 388, 52153)
(51660, 0, 388, 52048)
(51519, 0, 388, 51907)
(51430, 0, 388, 51818)
(51430, 0, 388, 51818)
(51337, 0, 388, 51725)
(51129, 0, 388, 51517)
(51129, 0, 388, 51517)
(51009, 0, 388, 51397)
(51694, 0, 821, 52515)
(51694, 0, 821, 52515)
(51513, 0, 821, 52334)
(51445, 0, 821, 52266)
(51366, 0, 821, 52187)
(51366, 0, 821, 52187)
(51316, 0, 821, 52137)
(51296, 0, 821, 52117)
(51251, 0, 821, 52072)
(51225, 0, 821, 52046)
(51300, 0, 1328, 52628)
(51305, 0, 1297, 52602)
(51209, 0, 1297, 52506)
(51194, 0, 1297, 52491)
(52334, 0, 0, 52334)
(52334, 0, 0, 52334)
(52314, 0, 0, 52314)
(52241, 66, 0, 52307)
(52162, 66, 0, 52228)
(52186, 0, 0, 52186)
(52049, 228, 216, 52493)
(52049, 228, 216, 52493)
(51989, 228, 216, 52433)
(51869, 228, 216, 52313)
(51862, 228, 216, 52306)
(51773, 228, 216, 52217)
(51550, 228, 216, 51994)
(51508, 228, 216, 51952)
(51415, 228, 216, 51859)
(51277, 228, 216, 51721)
(51835, 324, 779, 52938)
(51825, 324, 779, 52928)
(51727, 324, 779, 52830)
(51631, 324, 779, 52734)
(51597, 324, 779, 52700)
(51597, 324, 779, 52700)
(51597, 324, 779, 52700)
(51597, 324, 779, 52700)
(52451, 0, 0, 52451)
