(65505, 0, 0, 65505)
(65443, 0, 0, 65443)
(65428, 0, 0, 65428)
(65398, 0, 0, 65398)
(65368, 0, 0, 65368)
(65367, 0, 0, 65367)
(65306, 0, 0, 65306)
(65269, 0, 0, 65269)
(65229, 0, 0, 65229)
(65176, 0, 0, 65176)
(65150, 0, 0, 65150)
(65141, 0, 0, 65141)
(65118, 0, 0, 65118)
(65079, 0, 0, 65079)
(65060, 0, 0, 65060)
(65034, 0, 0, 65034)
(64998, 0, 0, 64998)
(64986, 0, 0, 64986)
(64985, 0, 0, 64985)
(64984, 0, 0, 64984)
(64983, 0, 0, 64983)
(64982, 0, 0, 64982)
(64954, 0, 0, 64954)
(64926, 0, 0, 64926)
(64898, 0, 0, 64898)
(64870, 0, 0, 64870)
(64826, 0, 0, 64826)
(64817, 0, 0, 64817)
(64816, 0, 0, 64816)
(64764, 0, 0, 64764)
(64746, 0, 0, 64746)
(64718, 0, 0, 64718)
(64700, 0, 0, 64700)
(64666, 0, 0, 64666)
(64655, 0, 0, 64655)
(64617, 0, 0, 64617)
(64579, 0, 0, 64579)
(64536, 0, 0, 64536)
(64535, 0, 0, 64535)
(64534, 0, 0, 64534)
(64519, 0, 0, 64519)
(64504, 0, 0, 64504)
(64489, 0, 0, 64489)
(64474, 0, 0, 64474)
(64459, 0, 0, 64459)
(64458, 0, 0, 64458)
(64457, 0, 0, 64457)
(64456, 0, 0, 64456)
(64418, 0, 0, 64418)
(64396, 0, 0, 64396)
(64374, 0, 0, 64374)
(64352, 0, 0, 64352)
(64330, 0, 0, 64330)
(64268, 0, 0, 64268)
(64256, 0, 0, 64256)
(64202, 0, 0, 64202)
(64199, 0, 0, 64199)
(64159, 0, 0, 64159)
(64125, 0, 0, 64125)
(64091, 0, 0, 64091)
(64057, 0, 0, 64057)
(64006, 0, 0, 64006)
(63955, 0, 0, 63955)
(63934, 0, 0, 63934)
(63895, 0, 0, 63895)
(63856, 0, 0, 63856)
(63831, 0, 0, 63831)
(63809, 0, 0, 63809)
(63787, 0, 0, 63787)
(63754, 0, 0, 63754)
(63726, 0, 0, 63726)
(63698, 0, 0, 63698)
(63670, 0, 0, 63670)
(63642, 0, 0, 63642)
(63577, 0, 0, 63577)
(63512, 0, 0, 63512)
(63456, 0, 0, 63456)
(63455, 0, 0, 63455)
(63408, 0, 0, 63408)
(63338, 0, 0, 63338)
(63334, 0, 0, 63334)
(63330, 0, 0, 63330)
(63326, 0, 0, 63326)
(63275, 0, 0, 63275)
(63224, 0, 0, 63224)
(63223, 0, 0, 63223)
(63135, 0, 0, 63135)
(63088, 0, 0, 63088)
(63041, 0, 0, 63041)
(62992, 0, 0, 62992)
(62952, 0, 0, 62952)
(62951, 0, 0, 62951)
(62950, 0, 0, 62950)
(62944, 0, 0, 62944)
(62938, 0, 0, 62938)
(62913, 0, 0, 62913)
(62887, 0, 0, 62887)
(62876, 0, 0, 62876)
(62861, 0, 0, 62861)
(62815, 0, 0, 62815)
(62769, 0, 0, 62769)
(62701, 0, 0, 62701)
(62641, 0, 0, 62641)
(62634, 0, 0, 62634)
(62632, 0, 0, 62632)
(62579, 0, 0, 62579)
(62542, 0, 0, 62542)
(62508, 0, 0, 62508)
(62458, 0, 0, 62458)
(62424, 0, 0, 62424)
(62387, 0, 0, 62387)
(62351, 0, 0, 62351)
(62323, 0, 0, 62323)
(62295, 0, 0, 62295)
(62258, 0, 0, 62258)
(62237, 0, 0, 62237)
(62235, 0, 0, 62235)
(62192, 0, 0, 62192)
(62101, 0, 0, 62101)
(62044, 0, 0, 62044)
(61991, 0, 0, 61991)
(61919, 0, 0, 61919)
(61854, 0, 0, 61854)
(61811, 0, 0, 61811)
(61768, 0, 0, 61768)
(61757, 0, 0, 61757)
(61705, 0, 0, 61705)
(61644, 0, 0, 61644)
(61596, 0, 0, 61596)
(61548, 0, 0, 61548)
(61530, 0, 0, 61530)
(61525, 0, 0, 61525)
(61508, 0, 0, 61508)
(61485, 0, 0, 61485)
(61431, 0, 0, 61431)
(61377, 0, 0, 61377)
(61376, 0, 0, 61376)
(61357, 0, 0, 61357)
(61281, 0, 0, 61281)
(61260, 0, 0, 61260)
(61221, 0, 0, 61221)
(61163, 0, 0, 61163)
(61152, 0, 0, 61152)
(61102, 0, 0, 61102)
(61040, 0, 0, 61040)
(61023, 0, 0, 61023)
(61002, 0, 0, 61002)
(60960, 0, 0, 60960)
(60946, 0, 0, 60946)
(60929, 0, 0, 60929)
(60904, 0, 0, 60904)
(60897, 0, 0, 60897)
(60876, 0, 0, 60876)
(60855, 0, 0, 60855)
(60834, 0, 0, 60834)
(60833, 0, 0, 60833)
(60832, 0, 0, 60832)
(60831, 0, 0, 60831)
(60809, 0, 0, 60809)
(60787, 0, 0, 60787)
(60773, 0, 0, 60773)
(60735, 0, 0, 60735)
(60717, 0, 0, 60717)
(60699, 0, 0, 60699)
(60668, 0, 0, 60668)
(60637, 0, 0, 60637)
(60607, 0, 0, 60607)
(60579, 0, 0, 60579)
(60532, 0, 0, 60532)
(60490, 0, 0, 60490)
(60455, 0, 0, 60455)
(60420, 0, 0, 60420)
(60419, 0, 0, 60419)
(60418, 0, 0, 60418)
(60417, 0, 0, 60417)
(60416, 0, 0, 60416)
(60401, 0, 0, 60401)
(60343, 0, 0, 60343)
(60314, 0, 0, 60314)
(60289, 0, 0, 60289)
(60249, 0, 0, 60249)
(60239, 0, 0, 60239)
(60229, 0, 0, 60229)
(60219, 0, 0, 60219)
(60186, 0, 0, 60186)
(60159, 0, 0, 60159)
(60154, 0, 0, 60154)
(60147, 0, 0, 60147)
(60127, 0, 0, 60127)
(60107, 0, 0, 60107)
(60087, 0, 0, 60087)
(60062, 0, 0, 60062)
(60032, 0, 0, 60032)
(60010, 0, 0, 60010)
(59974, 0, 0, 59974)
(59925, 0, 0, 59925)
(59901, 0, 0, 59901)
(59879, 0, 0, 59879)
(59846, 0, 0, 59846)
(59797, 0, 0, 59797)
(59765, 0, 0, 59765)
(59753, 0, 0, 59753)
(59741, 0, 0, 59741)
(59705, 0, 0, 59705)
(59675, 0, 0, 59675)
(59645, 0, 0, 59645)
(59628, 0, 0, 59628)
(59611, 0, 0, 59611)
(59594, 0, 0, 59594)
(59586, 0, 0, 59586)
(59530, 0, 0, 59530)
(59462, 0, 0, 59462)
(59379, 0, 0, 59379)
(59341, 0, 0, 59341)
(59300, 0, 0, 59300)
(59259, 0, 0, 59259)
(59218, 0, 0, 59218)
(59182, 0, 0, 59182)
(59146, 0, 0, 59146)
(59112, 0, 0, 59112)
(59090, 0, 0, 59090)
(59089, 0, 0, 59089)
(59028, 0, 0, 59028)
(59015, 0, 0, 59015)
(58990, 0, 0, 58990)
(58989, 0, 0, 58989)
(58975, 0, 0, 58975)
(58952, 0, 0, 58952)
(58929, 0, 0, 58929)
(58904, 0, 0, 58904)
(58853, 0, 0, 58853)
(58802, 0, 0, 58802)
(58751, 0, 0, 58751)
(58742, 0, 0, 58742)
(58733, 0, 0, 58733)
(58724, 0, 0, 58724)
(58676, 0, 0, 58676)
(58652, 0, 0, 58652)
(58624, 0, 0, 58624)
(58611, 0, 0, 58611)
(58562, 0, 0, 58562)
(58522, 0, 0, 58522)
(58495, 0, 0, 58495)
(58468, 0, 0, 58468)
(58467, 0, 0, 58467)
(58466, 0, 0, 58466)
(58465, 0, 0, 58465)
(58464, 0, 0, 58464)
(58443, 0, 0, 58443)
(58410, 0, 0, 58410)
(58345, 0, 0, 58345)
(58344, 0, 0, 58344)
(58343, 0, 0, 58343)
(58342, 0, 0, 58342)
(58318, 0, 0, 58318)
(58294, 0, 0, 58294)
(58237, 0, 0, 58237)
(58216, 0, 0, 58216)
(58195, 0, 0, 58195)
(58157, 0, 0, 58157)
(58109, 0, 0, 58109)
(58044, 0, 0, 58044)
(58030, 0, 0, 58030)
(57990, 0, 0, 57990)
(57955, 0, 0, 57955)
(57941, 0, 0, 57941)
(57907, 0, 0, 57907)
(57852, 0, 0, 57852)
(57814, 0, 0, 57814)
(57792, 0, 0, 57792)
(57773, 0, 0, 57773)
(57754, 0, 0, 57754)
(57710, 0, 0, 57710)
(57654, 0, 0, 57654)
(57639, 0, 0, 57639)
(57602, 0, 0, 57602)
(57551, 0, 0, 57551)
(57489, 0, 0, 57489)
(57446, 0, 0, 57446)
(57414, 0, 0, 57414)
(57382, 0, 0, 57382)
(57323, 0, 0, 57323)
(57299, 0, 0, 57299)
(57275, 0, 0, 57275)
(57238, 0, 0, 57238)
(57202, 0, 0, 57202)
(57163, 0, 0, 57163)
(57145, 0, 0, 57145)
(57089, 0, 0, 57089)
(57082, 0, 0, 57082)
(57043, 0, 0, 57043)
(57033, 0, 0, 57033)
(56957, 0, 0, 56957)
(56934, 0, 0, 56934)
(56933, 0, 0, 56933)
(56932, 0, 0, 56932)
(56905, 0, 0, 56905)
(56904, 0, 0, 56904)
(56885, 0, 0, 56885)
(56790, 0, 0, 56790)
(56773, 0, 0, 56773)
(56759, 0, 0, 56759)
(56745, 0, 0, 56745)
(56731, 0, 0, 56731)
(56717, 0, 0, 56717)
(56702, 0, 0, 56702)
(56664, 0, 0, 56664)
(56626, 0, 0, 56626)
(56586, 0, 0, 56586)
(56570, 0, 0, 56570)
(56521, 0, 0, 56521)
(56490, 0, 0, 56490)
(56459, 0, 0, 56459)
(56428, 0, 0, 56428)
(56392, 0, 0, 56392)
(56331, 0, 0, 56331)
(56270, 0, 0, 56270)
(56194, 0, 0, 56194)
(56183, 0, 0, 56183)
(56172, 0, 0, 56172)
(56168, 0, 0, 56168)
(56164, 0, 0, 56164)
(56160, 0, 0, 56160)
(56156, 0, 0, 56156)
(56155, 0, 0, 56155)
(56154, 0, 0, 56154)
(56112, 0, 0, 56112)
(56099, 0, 0, 56099)
(56094, 0, 0, 56094)
(56037, 0, 0, 56037)
(55980, 0, 0, 55980)
(55945, 0, 0, 55945)
(55915, 0, 0, 55915)
(55862, 0, 0, 55862)
(55828, 0, 0, 55828)
(55794, 0, 0, 55794)
(55760, 0, 0, 55760)
(55759, 0, 0, 55759)
(55758, 0, 0, 55758)
(55757, 0, 0, 55757)
(55756, 0, 0, 55756)
(55755, 0, 0, 55755)
(55754, 0, 0, 55754)
(55753, 0, 0, 55753)
(55722, 0, 0, 55722)
(55655, 0, 0, 55655)
(55626, 0, 0, 55626)
(55545, 0, 0, 55545)
(55464, 0, 0, 55464)
(55421, 0, 0, 55421)
(55396, 0, 0, 55396)
(55366, 0, 0, 55366)
(55357, 0, 0, 55357)
(55328, 0, 0, 55328)
(55311, 0, 0, 55311)
(55280, 0, 0, 55280)
(55249, 0, 0, 55249)
(55215, 0, 0, 55215)
(55181, 0, 0, 55181)
(55131, 0, 0, 55131)
(55096, 0, 0, 55096)
(55086, 0, 0, 55086)
(55080, 0, 0, 55080)
(55074, 0, 0, 55074)
(55035, 0, 0, 55035)
(54956, 0, 0, 54956)
(54881, 0, 0, 54881)
(54873, 0, 0, 54873)
(54858, 0, 0, 54858)
(54851, 0, 0, 54851)
(54844, 0, 0, 54844)
(54780, 0, 0, 54780)
(54752, 0, 0, 54752)
(54714, 0, 0, 54714)
(54676, 0, 0, 54676)
(54647, 0, 0, 54647)
(54602, 0, 0, 54602)
(54577, 0, 0, 54577)
(54504, 0, 0, 54504)
(54458, 0, 0, 54458)
(54447, 0, 0, 54447)
(54428, 0, 0, 54428)
(54394, 0, 0, 54394)
(54365, 0, 0, 54365)
(54336, 0, 0, 54336)
(54322, 0, 0, 54322)
(54266, 0, 0, 54266)
(54264, 0, 0, 54264)
(54262, 0, 0, 54262)
(54260, 0, 0, 54260)
(54258, 0, 0, 54258)
(54223, 0, 0, 54223)
(54114, 0, 0, 54114)
(54020, 0, 0, 54020)
(53975, 0, 0, 53975)
(53951, 0, 0, 53951)
(53927, 0, 0, 53927)
(53884, 0, 0, 53884)
(53855, 0, 0, 53855)
(53761, 0, 0, 53761)
(53725, 0, 0, 53725)
(53689, 0, 0, 53689)
(53663, 0, 0, 53663)
(53637, 0, 0, 53637)
(53567, 0, 0, 53567)
(53533, 0, 0, 53533)
(53461, 0, 0, 53461)
(53389, 0, 0, 53389)
(53361, 0, 0, 53361)
(53333, 0, 0, 53333)
(53321, 0, 0, 53321)
(53318, 0, 0, 53318)
(53315, 0, 0, 53315)
(53246, 0, 0, 53246)
(53166, 0, 0, 53166)
(53152, 0, 0, 53152)
(53104, 0, 0, 53104)
(53082, 0, 0, 53082)
(53042, 0, 0, 53042)
(53002, 0, 0, 53002)
(52972, 0, 0, 52972)
(52904, 0, 0, 52904)
(52877, 0, 0, 52877)
(52850, 0, 0, 52850)
(52842, 0, 0, 52842)
(52834, 0, 0, 52834)
(52817, 0, 0, 52817)
(52778, 0, 0, 52778)
(52725, 0, 0, 52725)
(52687, 0, 0, 52687)
(52685, 0, 0, 52685)
(52683, 0, 0, 52683)
(52682, 0, 0, 52682)
(52681, 0, 0, 52681)
(52680, 0, 0, 52680)
(52675, 0, 0, 52675)
(52655, 0, 0, 52655)
(52613, 0, 0, 52613)
(52550, 0, 0, 52550)
(52522, 0, 0, 52522)
(52494, 0, 0, 52494)
(52442, 0, 0, 52442)
(52415, 0, 0, 52415)
(52388, 0, 0, 52388)
(52361, 0, 0, 52361)
(52350, 0, 0, 52350)
(52319, 0, 0, 52319)
(52287, 0, 0, 52287)
(52267, 0, 0, 52267)
(52258, 0, 0, 52258)
(52239, 0, 0, 52239)
(52167, 0, 0, 52167)
(52139, 0, 0, 52139)
(52138, 0, 0, 52138)
(52137, 0, 0, 52137)
(52100, 0, 0, 52100)
(52099, 0, 0, 52099)
(52088, 0, 0, 52088)
(52054, 0, 0, 52054)
(52022, 0, 0, 52022)
(52021, 0, 0, 52021)
(52020, 0, 0, 52020)
(52009, 0, 0, 52009)
(51976, 0, 0, 51976)
(51972, 0, 0, 51972)
(51968, 0, 0, 51968)
(51964, 0, 0, 51964)
(51960, 0, 0, 51960)
(51954, 0, 0, 51954)
(51948, 0, 0, 51948)
(51922, 0, 0, 51922)
(51891, 0, 0, 51891)
(51824, 0, 0, 51824)
(51784, 0, 0, 51784)
(51744, 0, 0, 51744)
(51706, 0, 0, 51706)
(51668, 0, 0, 51668)
(51632, 0, 0, 51632)
(51622, 0, 0, 51622)
(51602, 0, 0, 51602)
(51540, 0, 0, 51540)
(51539, 0, 0, 51539)
(51529, 0, 0, 51529)
(51498, 0, 0, 51498)
(51465, 0, 0, 51465)
(51464, 0, 0, 51464)
(51463, 0, 0, 51463)
(51424, 0, 0, 51424)
(51407, 0, 0, 51407)
(51394, 0, 0, 51394)
(51384, 0, 0, 51384)
(51378, 0, 12204, 63582)
(51362, 0, 12130, 63492)
(51361, 0, 12122, 63483)
(51336, 0, 12104, 63440)
(51315, 0, 12087, 63402)
(51282, 0, 11928, 63210)
