(40678, 0, 0, 40678)
(40678, 0, 0, 40678)
(40592, 0, 0, 40592)
(40529, 0, 0, 40529)
(40464, 0, 0, 40464)
(40274, 0, 0, 40274)
(40193, 0, 0, 40193)
(40160, 0, 0, 40160)
(40115, 0, 0, 40115)
(40050, 0, 0, 40050)
(40215, 0, 569, 40784)
(40312, 0, 421, 40733)
(40248, 0, 421, 40669)
(40244, 0, 421, 40665)
(40158, 0, 421, 40579)
(40037, 0, 421, 40458)
(39998, 0, 421, 40419)
(39967, 0, 421, 40388)
(39943, 0, 421, 40364)
(39840, 0, 421, 40261)
(40066, 0, 765, 40831)
(40028, 0, 765, 40793)
(39934, 0, 765, 40699)
(39831, 0, 765, 40596)
(39831, 0, 765, 40596)
(39750, 0, 765, 40515)
(39692, 0, 765, 40457)
(39618, 0, 765, 40383)
(39569, 0, 765, 40334)
(39561, 0, 765, 40326)
(39802, 0, 1128, 40930)
(39802, 0, 1128, 40930)
(39664, 0, 1128, 40792)
(39558, 0, 1128, 40686)
(39492, 0, 1128, 40620)
(39492, 0, 1128, 40620)
(39486, 0, 1128, 40614)
(39413, 0, 1128, 40541)
(39367, 0, 1128, 40495)
(39353, 0, 1128, 40481)
(39570, 0, 1516, 41086)
(39570, 0, 1516, 41086)
(39570, 0, 1516, 41086)
(39457, 0, 1516, 40973)
(40338, 0, 0, 40338)
(40298, 0, 0, 40298)
(40286, 0, 0, 40286)
(40211, 0, 0, 40211)
(40151, 0, 0, 40151)
(40126, 0, 0, 40126)
(40134, 0, 767, 40901)
(40056, 0, 767, 40823)
(39993, 0, 767, 40760)
(39972, 0, 767, 40739)
(39890, 0, 767, 40657)
(39818, 0, 767, 40585)
(39701, 0, 767, 40468)
(39673, 0, 767, 40440)
(39651, 0, 767, 40418)
(39574, 0, 767, 40341)
(39891, 0, 1185, 41076)
(39863, 0, 1184, 41047)
(39769, 0, 1232, 41001)
(39759, 0, 1184, 40943)
(39660, 0, 1184, 40844)
(39530, 0, 1184, 40714)
(39435, 0, 1184, 40619)
(39435, 0, 1184, 40619)
(39337, 0, 1184, 40521)
(39295, 0, 1184, 40479)
(39542, 0, 1833, 41375)
(39432, 0, 1833, 41265)
(39195, 0, 1833, 41028)
(39175, 0, 1833, 41008)
(40284, 0, 0, 40284)
(40071, 0, 0, 40071)
(40058, 0, 0, 40058)
(40001, 0, 0, 40001)
(39897, 96, 0, 39993)
(39873, 96, 0, 39969)
(39926, 0, 1241, 41167)
(39844, 0, 1241, 41085)
(39723, 103, 1241, 41067)
(39576, 103, 1241, 40920)
(39576, 103, 1241, 40920)
(39532, 103, 1241, 40876)
(39444, 103, 1241, 40788)
(39444, 103, 1241, 40788)
(39306, 103, 1241, 40650)
(40537, 0, 0, 40537)
(40071, 0, 273, 40344)
(39936, 0, 273, 40209)
(39936, 0, 273, 40209)
(39887, 0, 273, 40160)
(39808, 0, 273, 40081)
(39808, 0, 273, 40081)
(39697, 0, 273, 39970)
(39617, 0, 273, 39890)
(39498, 0, 273, 39771)
(39498, 0, 273, 39771)
(39622, 0, 1349, 40971)
(39488, 0, 1349, 40837)
(39421, 0, 1349, 40770)
(39379, 0, 1349, 40728)
(40390, 0, 0, 40390)
(40295, 0, 0, 40295)
(39978, 0, 0, 39978)
(39974, 0, 0, 39974)
(39719, 0, 0, 39719)
(39719, 0, 0, 39719)
(39804, 0, 1099, 40903)
(39691, 0, 1099, 40790)
(39691, 0, 1099, 40790)
(39575, 0, 1099, 40674)
(39520, 0, 1099, 40619)
(39510, 0, 1099, 40609)
(39403, 0, 1099, 40502)
(39352, 0, 1099, 40451)
(39299, 0, 1099, 40398)
(39172, 0, 1099, 40271)
(39565, 0, 1652, 41217)
(39529, 0, 1652, 41181)
(39529, 0, 1652, 41181)
(39354, 0, 1652, 41006)
(39354, 0, 1652, 41006)
(39185, 0, 1652, 40837)
(39105, 0, 1652, 40757)
(39087, 0, 1652, 40739)
(39047, 0, 1652, 40699)
(38994, 0, 1652, 40646)
(39196, 0, 2039, 41235)
(39137, 0, 2039, 41176)
(39072, 0, 2039, 41111)
(38903, 0, 2039, 40942)
(40495, 0, 0, 40495)
(40281, 0, 0, 40281)
(40281, 0, 0, 40281)
(40160, 0, 0, 40160)
(40110, 0, 0, 40110)
(39943, 0, 0, 39943)
(40021, 0, 903, 40924)
(40021, 0, 903, 40924)
(39946, 0, 903, 40849)
(39863, 0, 903, 40766)
(39788, 0, 903, 40691)
(39771, 0, 903, 40674)
(39619, 0, 903, 40522)
(39619, 0, 903, 40522)
(39584, 0, 903, 40487)
(39499, 0, 903, 40402)
(40360, 0, 614, 40974)
(40340, 0, 614, 40954)
(40323, 0, 614, 40937)
(40287, 0, 614, 40901)
(40116, 0, 614, 40730)
(40068, 0, 614, 40682)
(39926, 0, 614, 40540)
(39854, 0, 614, 40468)
(39819, 0, 614, 40433)
(39691, 0, 614, 40305)
(39965, 0, 1102, 41067)
(39769, 0, 1196, 40965)
(39758, 0, 1102, 40860)
(39656, 0, 1102, 40758)
(40410, 0, 0, 40410)
(40318, 0, 0, 40318)
(40318, 0, 0, 40318)
(40153, 0, 0, 40153)
(40153, 0, 0, 40153)
(40015, 0, 0, 40015)
(40122, 0, 769, 40891)
(40093, 0, 769, 40862)
(40037, 0, 769, 40806)
(39974, 0, 769, 40743)
(39974, 0, 769, 40743)
(39818, 0, 769, 40587)
(39736, 0, 769, 40505)
(39557, 0, 769, 40326)
(39543, 0, 769, 40312)
(39404, 0, 769, 40173)
(39887, 0, 1196, 41083)
(39843, 0, 1189, 41032)
(39748, 0, 1189, 40937)
(39457, 101, 1189, 40747)
(39392, 101, 1189, 40682)
(39297, 101, 1189, 40587)
(39228, 101, 1189, 40518)
(39084, 101, 1189, 40374)
(39075, 101, 1189, 40365)
(38989, 101, 1189, 40279)
(39379, 202, 1715, 41296)
(39379, 202, 1715, 41296)
(39312, 202, 1715, 41229)
(39311, 202, 1715, 41228)
(40641, 0, 0, 40641)
(40440, 170, 0, 40610)
(40470, 0, 0, 40470)
(40470, 0, 0, 40470)
(40352, 0, 0, 40352)
(40352, 0, 0, 40352)
(40325, 0, 382, 40707)
(40297, 0, 382, 40679)
(40239, 0, 382, 40621)
(40159, 0, 382, 40541)
(40089, 0, 382, 40471)
(40089, 0, 382, 40471)
(39996, 0, 382, 40378)
(39996, 0, 382, 40378)
(39890, 0, 382, 40272)
(39890, 0, 382, 40272)
(40132, 0, 950, 41082)
(40104, 0, 950, 41054)
(39972, 0, 950, 40922)
(39935, 0, 950, 40885)
(39870, 0, 950, 40820)
(39833, 0, 950, 40783)
(39754, 0, 950, 40704)
(39754, 0, 950, 40704)
(39644, 0, 950, 40594)
(39613, 0, 950, 40563)
(39819, 0, 1309, 41128)
(39749, 0, 1309, 41058)
(39749, 0, 1309, 41058)
(39622, 0, 1309, 40931)
(40527, 0, 0, 40527)
(40516, 0, 0, 40516)
(40469, 0, 0, 40469)
(40222, 0, 0, 40222)
(40178, 0, 0, 40178)
(40021, 0, 0, 40021)
(40315, 0, 491, 40806)
(40213, 0, 491, 40704)
(40206, 0, 491, 40697)
(40189, 0, 491, 40680)
(40114, 0, 491, 40605)
(39917, 168, 491, 40576)
(39970, 0, 491, 40461)
(39932, 0, 491, 40423)
(39829, 0, 491, 40320)
(39713, 0, 491, 40204)
(40001, 0, 906, 40907)
(39914, 0, 906, 40820)
(39884, 0, 906, 40790)
(39828, 0, 906, 40734)
(39736, 0, 906, 40642)
(39736, 0, 906, 40642)
(39707, 0, 906, 40613)
(39575, 0, 906, 40481)
(39532, 0, 906, 40438)
(39505, 0, 906, 40411)
(40750, 0, 0, 40750)
