(61140, 0, 0, 61140)
(61125, 0, 0, 61125)
(61104, 0, 0, 61104)
(61058, 0, 0, 61058)
(61012, 0, 0, 61012)
(60995, 0, 0, 60995)
(60986, 0, 0, 60986)
(60964, 0, 0, 60964)
(60921, 0, 0, 60921)
(60878, 0, 0, 60878)
(60835, 0, 0, 60835)
(60814, 0, 0, 60814)
(60783, 0, 0, 60783)
(60774, 0, 0, 60774)
(60759, 0, 0, 60759)
(60751, 0, 0, 60751)
(60744, 0, 0, 60744)
(60709, 0, 0, 60709)
(60689, 0, 0, 60689)
(60681, 0, 0, 60681)
(60646, 0, 0, 60646)
(60629, 0, 0, 60629)
(60613, 0, 0, 60613)
(60585, 0, 0, 60585)
(60547, 0, 0, 60547)
(60516, 0, 0, 60516)
(60504, 0, 0, 60504)
(60493, 0, 0, 60493)
(60484, 0, 0, 60484)
(60459, 0, 0, 60459)
(60429, 0, 0, 60429)
(60425, 0, 0, 60425)
(60411, 0, 0, 60411)
(60401, 0, 0, 60401)
(60381, 0, 0, 60381)
(60349, 0, 0, 60349)
(60326, 0, 0, 60326)
(60301, 0, 0, 60301)
(60262, 0, 0, 60262)
(60238, 0, 0, 60238)
(60202, 0, 0, 60202)
(60191, 0, 0, 60191)
(60157, 0, 0, 60157)
(60142, 0, 0, 60142)
(60115, 0, 0, 60115)
(60085, 0, 0, 60085)
(60065, 0, 0, 60065)
(60036, 0, 0, 60036)
(60019, 0, 0, 60019)
(60001, 0, 0, 60001)
(59968, 0, 0, 59968)
(59937, 0, 0, 59937)
(59904, 0, 0, 59904)
(59892, 0, 0, 59892)
(59865, 0, 0, 59865)
(59827, 0, 0, 59827)
(59805, 0, 0, 59805)
(59779, 0, 0, 59779)
(59757, 0, 0, 59757)
(59750, 0, 0, 59750)
(59732, 0, 0, 59732)
(59697, 0, 0, 59697)
(59659, 0, 0, 59659)
(59655, 0, 0, 59655)
(59635, 0, 0, 59635)
(59601, 0, 0, 59601)
(59575, 0, 0, 59575)
(59536, 0, 0, 59536)
(59497, 0, 0, 59497)
(59465, 0, 0, 59465)
(59439, 0, 0, 59439)
(59419, 0, 0, 59419)
(59373, 0, 0, 59373)
(59333, 0, 0, 59333)
(59318, 0, 0, 59318)
(59280, 0, 0, 59280)
(59272, 0, 0, 59272)
(59249, 0, 0, 59249)
(59227, 0, 0, 59227)
(59198, 0, 0, 59198)
(59166, 0, 0, 59166)
(59163, 0, 0, 59163)
(59136, 0, 0, 59136)
(59133, 0, 0, 59133)
(59108, 0, 0, 59108)
(59079, 0, 0, 59079)
(59069, 0, 0, 59069)
(59047, 0, 0, 59047)
(59016, 0, 0, 59016)
(59002, 0, 0, 59002)
(58978, 0, 0, 58978)
(58949, 0, 0, 58949)
(58918, 0, 0, 58918)
(58886, 0, 0, 58886)
(58880, 0, 0, 58880)
(58837, 0, 0, 58837)
(58805, 0, 0, 58805)
(58763, 0, 0, 58763)
(58733, 0, 0, 58733)
(58704, 0, 0, 58704)
(58668, 0, 0, 58668)
(58624, 0, 0, 58624)
(58572, 0, 0, 58572)
(58546, 0, 0, 58546)
(58539, 0, 0, 58539)
(58509, 0, 0, 58509)
(58479, 0, 0, 58479)
(58452, 0, 0, 58452)
(58432, 0, 0, 58432)
(58406, 0, 0, 58406)
(58372, 0, 0, 58372)
(58359, 0, 0, 58359)
(58331, 0, 0, 58331)
(58316, 0, 0, 58316)
(58308, 0, 0, 58308)
(58268, 0, 0, 58268)
(58225, 0, 0, 58225)
(58201, 0, 0, 58201)
(58179, 0, 0, 58179)
(58163, 0, 0, 58163)
(58113, 0, 0, 58113)
(58089, 0, 0, 58089)
(58053, 0, 0, 58053)
(58022, 0, 0, 58022)
(58009, 0, 0, 58009)
(57978, 0, 0, 57978)
(57951, 0, 0, 57951)
(57927, 0, 0, 57927)
(57903, 0, 0, 57903)
(57882, 0, 0, 57882)
(57849, 0, 0, 57849)
(57837, 0, 0, 57837)
(57826, 0, 0, 57826)
(57788, 0, 0, 57788)
(57762, 0, 0, 57762)
(57720, 0, 0, 57720)
(57680, 0, 0, 57680)
(57666, 0, 0, 57666)
(57659, 0, 0, 57659)
(57628, 0, 0, 57628)
(57610, 0, 0, 57610)
(57588, 0, 0, 57588)
(57559, 0, 0, 57559)
(57555, 0, 0, 57555)
(57514, 0, 0, 57514)
(57491, 0, 0, 57491)
(57478, 0, 0, 57478)
(57402, 0, 0, 57402)
(57391, 0, 0, 57391)
(57380, 0, 0, 57380)
(57356, 0, 0, 57356)
(57318, 0, 0, 57318)
(57277, 0, 0, 57277)
(57258, 0, 0, 57258)
(57246, 0, 0, 57246)
(57185, 0, 0, 57185)
(57171, 0, 0, 57171)
(57146, 0, 0, 57146)
(57123, 0, 0, 57123)
(57108, 0, 0, 57108)
(57094, 0, 0, 57094)
(57059, 0, 0, 57059)
(57021, 0, 0, 57021)
(56986, 0, 0, 56986)
(56956, 0, 0, 56956)
(56951, 0, 0, 56951)
(56932, 0, 0, 56932)
(56921, 0, 0, 56921)
(56912, 0, 0, 56912)
(56874, 0, 0, 56874)
(56819, 0, 0, 56819)
(56787, 0, 0, 56787)
(56740, 0, 0, 56740)
(56727, 0, 0, 56727)
(56694, 0, 0, 56694)
(56682, 0, 0, 56682)
(56660, 0, 0, 56660)
(56650, 0, 0, 56650)
(56628, 0, 0, 56628)
(56596, 0, 0, 56596)
(56573, 0, 0, 56573)
(56543, 0, 0, 56543)
(56513, 0, 0, 56513)
(56465, 0, 0, 56465)
(56446, 0, 0, 56446)
(56422, 0, 0, 56422)
(56421, 0, 0, 56421)
(56398, 0, 0, 56398)
(56366, 0, 0, 56366)
(56347, 0, 0, 56347)
(56330, 0, 0, 56330)
(56302, 0, 0, 56302)
(56300, 0, 0, 56300)
(56283, 0, 0, 56283)
(56262, 0, 0, 56262)
(56238, 0, 0, 56238)
(56215, 0, 0, 56215)
(56188, 0, 0, 56188)
(56170, 0, 0, 56170)
(56162, 0, 0, 56162)
(56146, 0, 0, 56146)
(56115, 0, 0, 56115)
(56082, 0, 0, 56082)
(56054, 0, 0, 56054)
(56025, 0, 0, 56025)
(56001, 0, 0, 56001)
(55969, 0, 0, 55969)
(55936, 0, 0, 55936)
(55909, 0, 0, 55909)
(55893, 0, 0, 55893)
(55847, 0, 0, 55847)
(55846, 0, 0, 55846)
(55836, 0, 0, 55836)
(55824, 0, 0, 55824)
(55794, 0, 0, 55794)
(55758, 0, 0, 55758)
(55739, 0, 0, 55739)
(55731, 0, 0, 55731)
(55719, 0, 0, 55719)
(55709, 0, 0, 55709)
(55672, 0, 0, 55672)
(55635, 0, 0, 55635)
(55609, 0, 0, 55609)
(55583, 0, 0, 55583)
(55557, 0, 0, 55557)
(55554, 0, 0, 55554)
(55535, 0, 0, 55535)
(55514, 0, 0, 55514)
(55465, 0, 0, 55465)
(55424, 0, 0, 55424)
(55379, 0, 0, 55379)
(55333, 0, 0, 55333)
(55282, 0, 0, 55282)
(55271, 0, 0, 55271)
(55267, 0, 0, 55267)
(55244, 0, 0, 55244)
(55210, 0, 0, 55210)
(55184, 0, 0, 55184)
(55171, 0, 0, 55171)
(55142, 0, 0, 55142)
(55130, 0, 0, 55130)
(55105, 0, 0, 55105)
(55070, 0, 0, 55070)
(55059, 0, 0, 55059)
(55050, 0, 0, 55050)
(55019, 0, 0, 55019)
(55012, 0, 0, 55012)
(55005, 0, 0, 55005)
(54960, 0, 0, 54960)
(54957, 0, 0, 54957)
(54942, 0, 0, 54942)
(54937, 0, 0, 54937)
(54922, 0, 0, 54922)
(54909, 0, 0, 54909)
(54880, 0, 0, 54880)
(54851, 0, 0, 54851)
(54826, 0, 0, 54826)
(54791, 0, 0, 54791)
(54774, 0, 0, 54774)
(54765, 0, 0, 54765)
(54759, 0, 0, 54759)
(54720, 0, 0, 54720)
(54685, 0, 0, 54685)
(54680, 0, 0, 54680)
(54657, 0, 0, 54657)
(54634, 0, 0, 54634)
(54621, 0, 0, 54621)
(54591, 0, 0, 54591)
(54553, 0, 0, 54553)
(54528, 0, 0, 54528)
(54478, 0, 0, 54478)
(54462, 0, 0, 54462)
(54427, 0, 0, 54427)
(54395, 0, 0, 54395)
(54367, 0, 0, 54367)
(54343, 0, 0, 54343)
(54319, 0, 0, 54319)
(54281, 0, 0, 54281)
(54263, 0, 0, 54263)
(54223, 0, 0, 54223)
(54183, 0, 0, 54183)
(54138, 0, 0, 54138)
(54119, 0, 0, 54119)
(54097, 0, 0, 54097)
(54083, 0, 0, 54083)
(54040, 0, 0, 54040)
(54001, 0, 0, 54001)
(53985, 0, 0, 53985)
(53963, 0, 0, 53963)
(53936, 0, 0, 53936)
(53908, 0, 0, 53908)
(53883, 0, 0, 53883)
(53867, 0, 0, 53867)
(53851, 0, 0, 53851)
(53816, 0, 0, 53816)
(53784, 0, 0, 53784)
(53768, 0, 0, 53768)
(53752, 0, 0, 53752)
(53736, 0, 0, 53736)
(53701, 0, 0, 53701)
(53672, 0, 0, 53672)
(53669, 0, 0, 53669)
(53646, 0, 0, 53646)
(53623, 0, 0, 53623)
(53605, 0, 0, 53605)
(53583, 0, 0, 53583)
(53572, 0, 0, 53572)
(53533, 0, 0, 53533)
(53496, 0, 0, 53496)
(53475, 0, 0, 53475)
(53456, 0, 0, 53456)
(53431, 0, 0, 53431)
(53386, 0, 0, 53386)
(53357, 0, 0, 53357)
(53339, 0, 0, 53339)
(53312, 0, 0, 53312)
(53294, 0, 0, 53294)
(53265, 0, 0, 53265)
(53237, 0, 0, 53237)
(53209, 0, 0, 53209)
(53183, 0, 0, 53183)
(53151, 0, 0, 53151)
(53117, 0, 0, 53117)
(53094, 0, 0, 53094)
(53061, 0, 0, 53061)
(53050, 0, 0, 53050)
(53012, 0, 0, 53012)
(53000, 0, 0, 53000)
(52960, 0, 0, 52960)
(52937, 0, 0, 52937)
(52904, 0, 0, 52904)
(52884, 0, 0, 52884)
(52873, 0, 0, 52873)
(52835, 0, 0, 52835)
(52825, 0, 0, 52825)
(52802, 0, 0, 52802)
(52785, 0, 0, 52785)
(52757, 0, 0, 52757)
(52748, 0, 0, 52748)
(52731, 0, 0, 52731)
(52708, 0, 0, 52708)
(52684, 0, 0, 52684)
(52664, 0, 0, 52664)
(52651, 0, 0, 52651)
(52644, 0, 0, 52644)
(52623, 0, 0, 52623)
(52605, 0, 0, 52605)
(52587, 0, 0, 52587)
(52568, 0, 0, 52568)
(52525, 0, 0, 52525)
(52507, 0, 0, 52507)
(52479, 0, 0, 52479)
(52468, 0, 0, 52468)
(52452, 0, 0, 52452)
(52422, 0, 0, 52422)
(52413, 0, 0, 52413)
(52399, 0, 0, 52399)
(52385, 0, 0, 52385)
(52354, 0, 0, 52354)
(52338, 0, 0, 52338)
(52303, 0, 0, 52303)
(52288, 0, 0, 52288)
(52269, 0, 0, 52269)
(52246, 0, 0, 52246)
(52219, 0, 0, 52219)
(52173, 0, 0, 52173)
(52146, 0, 0, 52146)
(52120, 0, 0, 52120)
(52093, 0, 0, 52093)
(52070, 0, 0, 52070)
(52052, 0, 0, 52052)
(52034, 0, 0, 52034)
(52016, 0, 0, 52016)
(51982, 0, 0, 51982)
(51955, 0, 0, 51955)
(51921, 0, 0, 51921)
(51888, 0, 0, 51888)
(51876, 0, 0, 51876)
(51803, 0, 0, 51803)
(51767, 0, 0, 51767)
(51731, 0, 0, 51731)
(51691, 0, 0, 51691)
(51670, 0, 0, 51670)
(51633, 0, 0, 51633)
(51584, 0, 0, 51584)
(51577, 0, 0, 51577)
(51545, 0, 0, 51545)
(51513, 0, 0, 51513)
(51488, 0, 0, 51488)
(51469, 0, 0, 51469)
(51458, 0, 0, 51458)
(51419, 0, 0, 51419)
(51389, 0, 0, 51389)
(51374, 0, 0, 51374)
(51361, 0, 0, 51361)
(51338, 0, 0, 51338)
(51316, 0, 0, 51316)
(51294, 0, 0, 51294)
(51260, 0, 0, 51260)
(51226, 0, 0, 51226)
(51191, 0, 0, 51191)
(51176, 0, 0, 51176)
(51152, 0, 0, 51152)
(51138, 0, 0, 51138)
(51108, 0, 0, 51108)
(51086, 0, 0, 51086)
(51044, 0, 0, 51044)
(51002, 0, 0, 51002)
(50972, 0, 0, 50972)
(50952, 0, 0, 50952)
(50934, 0, 0, 50934)
(50916, 0, 0, 50916)
(50873, 0, 0, 50873)
(50846, 0, 0, 50846)
(50812, 0, 0, 50812)
(50781, 0, 0, 50781)
(50776, 0, 0, 50776)
(50748, 0, 0, 50748)
(50734, 0, 0, 50734)
(50694, 0, 0, 50694)
(50652, 0, 0, 50652)
(50638, 0, 0, 50638)
(50630, 0, 0, 50630)
(50625, 0, 0, 50625)
(50613, 0, 0, 50613)
(50577, 0, 0, 50577)
(50552, 0, 0, 50552)
(50537, 0, 0, 50537)
(50509, 0, 0, 50509)
(50490, 0, 0, 50490)
(50472, 0, 0, 50472)
(50445, 0, 0, 50445)
(50417, 0, 0, 50417)
(50386, 0, 0, 50386)
(50343, 0, 0, 50343)
(50335, 0, 0, 50335)
(50312, 0, 0, 50312)
(50289, 0, 0, 50289)
(50261, 0, 0, 50261)
(50225, 0, 0, 50225)
(50181, 0, 0, 50181)
(50145, 0, 0, 50145)
(50117, 0, 0, 50117)
(50098, 0, 0, 50098)
(50060, 0, 0, 50060)
(50026, 0, 0, 50026)
(50019, 0, 0, 50019)
(49989, 0, 0, 49989)
(49971, 0, 0, 49971)
(49952, 0, 0, 49952)
(49940, 0, 0, 49940)
(49925, 0, 0, 49925)
(49916, 0, 0, 49916)
(49891, 0, 0, 49891)
(49862, 0, 0, 49862)
(49826, 0, 0, 49826)
(49803, 0, 0, 49803)
(49773, 0, 0, 49773)
(49735, 0, 0, 49735)
(49711, 0, 0, 49711)
(49670, 0, 0, 49670)
(49629, 0, 0, 49629)
(49594, 0, 0, 49594)
(49555, 0, 0, 49555)
(49516, 0, 0, 49516)
(49470, 0, 0, 49470)
(49432, 0, 0, 49432)
(49379, 0, 0, 49379)
(49355, 0, 0, 49355)
(49321, 0, 0, 49321)
(49312, 0, 0, 49312)
(49290, 0, 0, 49290)
(49276, 0, 0, 49276)
(49219, 0, 0, 49219)
(49185, 0, 0, 49185)
(49183, 0, 0, 49183)
(49157, 0, 0, 49157)
(49119, 0, 0, 49119)
(49082, 0, 0, 49082)
(49055, 0, 0, 49055)
(49025, 0, 0, 49025)
(48999, 0, 0, 48999)
(48968, 0, 0, 48968)
(48937, 0, 0, 48937)
(48906, 0, 0, 48906)
(48898, 0, 0, 48898)
(48857, 0, 0, 48857)
(48816, 0, 0, 48816)
(48800, 0, 0, 48800)
(48784, 0, 0, 48784)
(48746, 0, 0, 48746)
(48723, 0, 0, 48723)
(48684, 0, 0, 48684)
(48642, 0, 0, 48642)
(48631, 0, 0, 48631)
(48621, 0, 0, 48621)
(48589, 0, 0, 48589)
(48550, 0, 0, 48550)
(48527, 0, 0, 48527)
(48518, 0, 0, 48518)
(48503, 0, 0, 48503)
(48459, 0, 0, 48459)
(48433, 0, 0, 48433)
(48387, 0, 0, 48387)
(48362, 0, 0, 48362)
(48322, 0, 0, 48322)
(48285, 0, 0, 48285)
(48243, 0, 0, 48243)
(48223, 0, 0, 48223)
(48192, 0, 0, 48192)
(48180, 0, 0, 48180)
(48144, 0, 0, 48144)
(48131, 0, 0, 48131)
(48104, 0, 0, 48104)
(48092, 0, 0, 48092)
(48065, 0, 0, 48065)
(48047, 0, 0, 48047)
(48041, 0, 0, 48041)
(47992, 0, 0, 47992)
(47967, 0, 0, 47967)
(47946, 0, 0, 47946)
(47937, 0, 0, 47937)
(47910, 0, 0, 47910)
(47909, 0, 0, 47909)
(47866, 0, 0, 47866)
(47839, 0, 0, 47839)
(47813, 0, 0, 47813)
(47782, 0, 0, 47782)
(47750, 0, 0, 47750)
(47729, 0, 0, 47729)
(47710, 0, 0, 47710)
(47702, 0, 0, 47702)
(47667, 0, 0, 47667)
(47648, 0, 0, 47648)
(47625, 0, 0, 47625)
(47609, 0, 0, 47609)
(47586, 0, 0, 47586)
(47561, 0, 0, 47561)
(47523, 0, 0, 47523)
(47503, 0, 0, 47503)
(47471, 0, 0, 47471)
(47453, 0, 0, 47453)
(47434, 0, 0, 47434)
(47403, 0, 0, 47403)
(47387, 0, 0, 47387)
(47369, 0, 0, 47369)
(47351, 0, 0, 47351)
(47313, 0, 0, 47313)
(47286, 0, 0, 47286)
(47266, 0, 0, 47266)
(47232, 0, 0, 47232)
(47208, 0, 0, 47208)
(47193, 0, 0, 47193)
(47153, 0, 0, 47153)
(47125, 0, 0, 47125)
(47098, 0, 0, 47098)
(47085, 0, 0, 47085)
(47054, 0, 0, 47054)
(47037, 0, 0, 47037)
(47011, 0, 0, 47011)
(46990, 0, 0, 46990)
(46973, 0, 0, 46973)
(46930, 0, 0, 46930)
(46924, 0, 0, 46924)
(46898, 0, 0, 46898)
(46865, 0, 0, 46865)
(46829, 0, 0, 46829)
(46801, 0, 0, 46801)
(46780, 0, 0, 46780)
(46750, 0, 0, 46750)
(46725, 0, 0, 46725)
(46704, 0, 0, 46704)
(46676, 0, 0, 46676)
(46658, 0, 0, 46658)
(46644, 0, 0, 46644)
(46609, 0, 0, 46609)
(46595, 0, 0, 46595)
(46577, 0, 0, 46577)
(46540, 0, 0, 46540)
(46495, 0, 0, 46495)
(46487, 0, 0, 46487)
(46455, 0, 0, 46455)
(46426, 0, 0, 46426)
(46404, 0, 0, 46404)
(46372, 0, 0, 46372)
(46353, 0, 0, 46353)
(46343, 0, 0, 46343)
(46336, 0, 0, 46336)
(46331, 0, 0, 46331)
(46326, 0, 0, 46326)
(46297, 0, 0, 46297)
(46283, 0, 0, 46283)
(46269, 0, 0, 46269)
(46233, 0, 0, 46233)
(46195, 0, 0, 46195)
(46177, 0, 0, 46177)
(46150, 0, 0, 46150)
(46136, 0, 0, 46136)
(46109, 0, 0, 46109)
(46086, 0, 0, 46086)
(46077, 0, 0, 46077)
(46036, 0, 0, 46036)
(46016, 0, 0, 46016)
(45971, 0, 0, 45971)
(45940, 0, 0, 45940)
(45904, 0, 0, 45904)
(45877, 0, 0, 45877)
(45838, 0, 0, 45838)
(45817, 0, 0, 45817)
(45780, 0, 0, 45780)
(45739, 0, 0, 45739)
(45699, 0, 0, 45699)
(45678, 0, 0, 45678)
(45663, 0, 0, 45663)
(45645, 0, 0, 45645)
(45628, 0, 0, 45628)
(45616, 0, 0, 45616)
(45570, 0, 0, 45570)
(45553, 0, 0, 45553)
(45519, 0, 0, 45519)
(45499, 0, 0, 45499)
(45482, 0, 0, 45482)
(45448, 0, 0, 45448)
(45422, 0, 0, 45422)
(45406, 0, 0, 45406)
(45390, 0, 0, 45390)
(45360, 0, 0, 45360)
(45313, 0, 0, 45313)
(45300, 0, 0, 45300)
(45292, 0, 0, 45292)
(45251, 0, 0, 45251)
(45214, 0, 0, 45214)
(45178, 0, 0, 45178)
(45153, 0, 0, 45153)
(45140, 0, 0, 45140)
(45131, 0, 0, 45131)
(45105, 0, 0, 45105)
(45064, 0, 0, 45064)
(45053, 0, 0, 45053)
(45042, 0, 0, 45042)
(45029, 0, 0, 45029)
(45014, 0, 0, 45014)
(44978, 0, 0, 44978)
(44944, 0, 0, 44944)
(44918, 0, 0, 44918)
(44901, 0, 0, 44901)
(44875, 0, 0, 44875)
(44851, 0, 0, 44851)
(44831, 0, 0, 44831)
(44823, 0, 0, 44823)
(44781, 0, 0, 44781)
(44759, 0, 0, 44759)
(44752, 0, 0, 44752)
(44734, 0, 0, 44734)
(44700, 0, 0, 44700)
(44671, 0, 0, 44671)
(44644, 0, 0, 44644)
(44601, 0, 0, 44601)
(44572, 0, 0, 44572)
(44564, 0, 0, 44564)
(44528, 0, 0, 44528)
(44504, 0, 0, 44504)
(44480, 0, 0, 44480)
(44424, 0, 0, 44424)
(44415, 0, 0, 44415)
(44391, 0, 0, 44391)
(44374, 0, 0, 44374)
(44368, 0, 0, 44368)
(44342, 0, 0, 44342)
(44322, 0, 0, 44322)
(44313, 0, 0, 44313)
(44277, 0, 0, 44277)
(44258, 0, 0, 44258)
(44225, 0, 0, 44225)
(44193, 0, 0, 44193)
(44166, 0, 0, 44166)
