(103068, 0, 0, 103068)
(103068, 0, 0, 103068)
(102982, 0, 0, 102982)
(102933, 0, 0, 102933)
(102829, 98, 0, 102927)
(102920, 0, 0, 102920)
(102774, 98, 0, 102872)
(102722, 98, 0, 102820)
(102683, 98, 0, 102781)
(102701, 36, 0, 102737)
(102790, 72, 396, 103258)
(102700, 196, 318, 103214)
(102571, 196, 318, 103085)
(102571, 196, 318, 103085)
(103013, 0, 0, 103013)
(102838, 0, 0, 102838)
(102838, 0, 0, 102838)
(102764, 0, 0, 102764)
(102758, 0, 0, 102758)
(102737, 0, 0, 102737)
(102794, 0, 265, 103059)
(102756, 0, 265, 103021)
(102654, 0, 265, 102919)
(102083, 0, 265, 102348)
(102032, 0, 265, 102297)
(102005, 0, 265, 102270)
(101915, 0, 265, 102180)
(101892, 0, 265, 102157)
(101892, 0, 265, 102157)
(101763, 81, 265, 102109)
(102208, 0, 858, 103066)
(102208, 0, 858, 103066)
(102208, 0, 858, 103066)
(102172, 0, 858, 103030)
(102115, 0, 858, 102973)
(101944, 0, 858, 102802)
(101943, 0, 858, 102801)
(101681, 197, 858, 102736)
(101681, 197, 858, 102736)
(101681, 197, 858, 102736)
(101941, 394, 1284, 103619)
(101941, 394, 1284, 103619)
(101831, 394, 1284, 103509)
(101791, 394, 1284, 103469)
(102841, 0, 0, 102841)
(102841, 0, 0, 102841)
(102634, 93, 0, 102727)
(102581, 93, 0, 102674)
(102514, 93, 0, 102607)
(102514, 93, 0, 102607)
(102633, 186, 439, 103258)
(102595, 186, 439, 103220)
(102559, 186, 439, 103184)
(102531, 186, 439, 103156)
(102531, 186, 439, 103156)
(102460, 186, 439, 103085)
(102402, 186, 439, 103027)
(102395, 186, 439, 103020)
(102345, 186, 439, 102970)
(102861, 0, 0, 102861)
(102735, 0, 277, 103012)
(102735, 0, 277, 103012)
(102561, 108, 277, 102946)
(102613, 26, 277, 102916)
(102478, 108, 277, 102863)
(102517, 68, 277, 102862)
(102412, 108, 277, 102797)
(103068, 0, 0, 103068)
