(103140, 0, 0, 103140)
(103138, 0, 0, 103138)
(103136, 0, 0, 103136)
(103136, 0, 0, 103136)
(102698, 0, 0, 102698)
(102698, 0, 0, 102698)
(102666, 0, 0, 102666)
(102351, 0, 0, 102351)
(102351, 0, 0, 102351)
(102271, 0, 0, 102271)
(102716, 0, 571, 103287)
(102640, 0, 571, 103211)
(102605, 0, 571, 103176)
(102597, 0, 571, 103168)
(103094, 0, 0, 103094)
(102920, 0, 0, 102920)
(102920, 0, 0, 102920)
(102753, 0, 0, 102753)
(102721, 0, 0, 102721)
(102694, 0, 0, 102694)
(102768, 0, 626, 103394)
(102768, 0, 626, 103394)
(102762, 0, 626, 103388)
(102690, 0, 626, 103316)
(102690, 0, 626, 103316)
(102645, 0, 626, 103271)
(102602, 0, 626, 103228)
(102589, 0, 626, 103215)
(102413, 0, 626, 103039)
(102896, 0, 0, 102896)
(102907, 0, 221, 103128)
(102907, 0, 221, 103128)
(102808, 0, 221, 103029)
(102778, 0, 221, 102999)
(102631, 0, 221, 102852)
(102600, 0, 221, 102821)
(102600, 0, 221, 102821)
(102551, 0, 221, 102772)
(102515, 0, 221, 102736)
(102356, 88, 221, 102665)
(102567, 0, 544, 103111)
(102488, 0, 544, 103032)
(102456, 0, 544, 103000)
(102407, 0, 544, 102951)
(102300, 0, 544, 102844)
(102678, 0, 0, 102678)
(102678, 0, 0, 102678)
(102678, 0, 0, 102678)
(102678, 0, 0, 102678)
(102666, 0, 0, 102666)
(102575, 0, 684, 103259)
(102567, 0, 666, 103233)
(102497, 0, 684, 103181)
(102491, 0, 666, 103157)
(102276, 0, 666, 102942)
(102276, 0, 666, 102942)
(102199, 0, 666, 102865)
(102179, 0, 666, 102845)
(102083, 0, 666, 102749)
(102030, 0, 666, 102696)
(102459, 0, 1023, 103482)
(102353, 0, 1023, 103376)
(102353, 0, 1023, 103376)
(102353, 0, 1023, 103376)
(102353, 0, 1023, 103376)
(102353, 0, 1023, 103376)
(102330, 0, 1023, 103353)
(103140, 0, 0, 103140)
