(82098, 0, 0, 82098)
(82001, 0, 0, 82001)
(82001, 0, 0, 82001)
(81909, 86, 0, 81995)
(81907, 86, 0, 81993)
(81811, 86, 0, 81897)
(81811, 86, 0, 81897)
(81750, 86, 0, 81836)
(81661, 86, 0, 81747)
(81661, 86, 0, 81747)
(81865, 172, 277, 82314)
(81851, 172, 277, 82300)
(81835, 172, 277, 82284)
(81835, 172, 277, 82284)
(82068, 0, 0, 82068)
(81835, 146, 0, 81981)
(81814, 146, 0, 81960)
(81714, 146, 0, 81860)
(81646, 146, 0, 81792)
(81646, 146, 0, 81792)
(81861, 146, 342, 82349)
(81729, 146, 342, 82217)
(81713, 146, 342, 82201)
(81585, 146, 342, 82073)
(81446, 260, 342, 82048)
(81470, 194, 342, 82006)
(81470, 194, 342, 82006)
(81383, 260, 342, 81985)
(81400, 194, 342, 81936)
(81282, 260, 342, 81884)
(81513, 242, 882, 82637)
(81502, 242, 882, 82626)
(81502, 242, 882, 82626)
(81438, 242, 882, 82562)
(81343, 242, 882, 82467)
(81326, 242, 882, 82450)
(81311, 242, 882, 82435)
(81311, 242, 882, 82435)
(81234, 242, 882, 82358)
(81220, 242, 882, 82344)
(81434, 242, 988, 82664)
(81204, 242, 988, 82434)
(81204, 242, 988, 82434)
(81179, 242, 988, 82409)
(81995, 0, 0, 81995)
(81913, 0, 0, 81913)
(81665, 0, 0, 81665)
(81553, 0, 0, 81553)
(81515, 0, 0, 81515)
(81515, 0, 0, 81515)
(81874, 0, 399, 82273)
(81667, 76, 399, 82142)
(81606, 76, 399, 82081)
(81550, 76, 399, 82025)
(81550, 76, 399, 82025)
(81391, 76, 399, 81866)
(81183, 163, 399, 81745)
(81183, 163, 399, 81745)
(81157, 163, 399, 81719)
(81118, 163, 399, 81680)
(81518, 326, 942, 82786)
(81457, 326, 942, 82725)
(81407, 326, 942, 82675)
(81349, 326, 942, 82617)
(81338, 326, 942, 82606)
(81269, 326, 942, 82537)
(81229, 326, 942, 82497)
(81199, 326, 942, 82467)
(81158, 326, 942, 82426)
(81106, 326, 942, 82374)
(81347, 152, 1395, 82894)
(81332, 152, 1395, 82879)
(81240, 152, 1395, 82787)
(81231, 152, 1395, 82778)
(81887, 0, 0, 81887)
(81681, 152, 0, 81833)
(81728, 0, 0, 81728)
(81497, 152, 0, 81649)
(81473, 152, 0, 81625)
(81415, 152, 0, 81567)
(81501, 152, 927, 82580)
(81373, 152, 879, 82404)
(82098, 0, 0, 82098)
