(93851, 0, 0, 93851)
(93827, 0, 0, 93827)
(93775, 0, 0, 93775)
(93723, 0, 0, 93723)
(93685, 0, 0, 93685)
(93673, 0, 0, 93673)
(93654, 0, 0, 93654)
(93589, 0, 0, 93589)
(93524, 0, 0, 93524)
(93489, 0, 0, 93489)
(93481, 0, 0, 93481)
(93454, 0, 0, 93454)
(93431, 0, 0, 93431)
(93411, 0, 0, 93411)
(93391, 0, 0, 93391)
(93364, 0, 0, 93364)
(93318, 0, 0, 93318)
(93294, 0, 0, 93294)
(93287, 0, 0, 93287)
(93280, 0, 0, 93280)
(93273, 0, 0, 93273)
(93235, 0, 0, 93235)
(93230, 0, 0, 93230)
(93195, 0, 0, 93195)
(93186, 0, 0, 93186)
(93160, 0, 0, 93160)
(93130, 0, 0, 93130)
(93121, 0, 0, 93121)
(93112, 0, 0, 93112)
(93103, 0, 0, 93103)
(93094, 0, 0, 93094)
(93075, 0, 0, 93075)
(93029, 0, 0, 93029)
(93012, 0, 0, 93012)
(92995, 0, 0, 92995)
(92967, 0, 0, 92967)
(92923, 0, 0, 92923)
(92902, 0, 0, 92902)
(92851, 0, 0, 92851)
(92800, 0, 0, 92800)
(92780, 0, 0, 92780)
(92760, 0, 0, 92760)
(92740, 0, 0, 92740)
(92739, 0, 0, 92739)
(92738, 0, 0, 92738)
(92737, 0, 0, 92737)
(92736, 0, 0, 92736)
(92728, 0, 0, 92728)
(92693, 0, 0, 92693)
(92687, 0, 0, 92687)
(92658, 0, 0, 92658)
(92629, 0, 0, 92629)
(92626, 0, 0, 92626)
(92593, 0, 0, 92593)
(92559, 0, 0, 92559)
(92529, 0, 0, 92529)
(92499, 0, 0, 92499)
(92489, 0, 0, 92489)
(92479, 0, 0, 92479)
(92465, 0, 0, 92465)
(92443, 0, 0, 92443)
(92419, 0, 0, 92419)
(92369, 0, 0, 92369)
(92350, 0, 0, 92350)
(92328, 0, 0, 92328)
(92312, 0, 0, 92312)
(92311, 0, 0, 92311)
(92272, 0, 0, 92272)
(92257, 0, 0, 92257)
(92242, 0, 0, 92242)
(92226, 0, 0, 92226)
(92198, 0, 0, 92198)
(92190, 0, 0, 92190)
(92159, 0, 0, 92159)
(92158, 0, 0, 92158)
(92153, 0, 0, 92153)
(92138, 0, 0, 92138)
(92092, 0, 0, 92092)
(92046, 0, 0, 92046)
(92000, 0, 0, 92000)
(91962, 0, 0, 91962)
(91944, 0, 0, 91944)
(91942, 0, 0, 91942)
(91936, 0, 0, 91936)
(91920, 0, 0, 91920)
(91892, 0, 0, 91892)
(91875, 0, 0, 91875)
(91848, 0, 0, 91848)
(91792, 0, 0, 91792)
(91773, 0, 0, 91773)
(91745, 0, 0, 91745)
(91744, 0, 0, 91744)
(91717, 0, 0, 91717)
(91688, 0, 0, 91688)
(91669, 0, 0, 91669)
(91648, 0, 0, 91648)
(91594, 0, 0, 91594)
(91569, 0, 0, 91569)
(91548, 0, 0, 91548)
(91534, 0, 0, 91534)
(91520, 0, 0, 91520)
(91506, 0, 0, 91506)
(91490, 0, 0, 91490)
(91480, 0, 0, 91480)
(91470, 0, 0, 91470)
(91465, 0, 0, 91465)
(91460, 0, 0, 91460)
(91455, 0, 0, 91455)
(91449, 0, 0, 91449)
(91411, 0, 0, 91411)
(91373, 0, 0, 91373)
(91340, 0, 0, 91340)
(91307, 0, 0, 91307)
(91291, 0, 0, 91291)
(91273, 0, 0, 91273)
(91242, 0, 0, 91242)
(91230, 0, 0, 91230)
(91218, 0, 0, 91218)
(91206, 0, 0, 91206)
(91194, 0, 0, 91194)
(91182, 0, 0, 91182)
(91139, 0, 0, 91139)
(91137, 0, 0, 91137)
(91135, 0, 0, 91135)
(91116, 0, 0, 91116)
(91076, 0, 0, 91076)
(91059, 0, 0, 91059)
(91049, 0, 0, 91049)
(90993, 0, 0, 90993)
(90975, 0, 0, 90975)
(90952, 0, 0, 90952)
(90926, 0, 0, 90926)
(90900, 0, 0, 90900)
(90864, 0, 0, 90864)
(90834, 0, 0, 90834)
(90833, 0, 0, 90833)
(90832, 0, 0, 90832)
(90812, 0, 0, 90812)
(90783, 0, 0, 90783)
(90758, 0, 0, 90758)
(90757, 0, 0, 90757)
(90750, 0, 0, 90750)
(90743, 0, 0, 90743)
(90742, 0, 0, 90742)
(90741, 0, 0, 90741)
(90734, 0, 0, 90734)
(90711, 0, 0, 90711)
(90686, 0, 0, 90686)
(90661, 0, 0, 90661)
(90636, 0, 0, 90636)
(90635, 0, 0, 90635)
(90626, 0, 0, 90626)
(90586, 0, 0, 90586)
(90576, 0, 0, 90576)
(90557, 0, 0, 90557)
(90536, 0, 0, 90536)
(90514, 0, 0, 90514)
(90473, 0, 0, 90473)
(90461, 0, 0, 90461)
(90442, 0, 0, 90442)
(90423, 0, 0, 90423)
(90404, 0, 0, 90404)
(90385, 0, 0, 90385)
(90365, 0, 0, 90365)
(90345, 0, 0, 90345)
(90325, 0, 0, 90325)
(90286, 0, 0, 90286)
(90285, 0, 0, 90285)
(90273, 0, 0, 90273)
(90261, 0, 0, 90261)
(90246, 0, 0, 90246)
(90231, 0, 0, 90231)
(90216, 0, 0, 90216)
(90179, 0, 0, 90179)
(90142, 0, 0, 90142)
(90087, 0, 0, 90087)
(90081, 0, 0, 90081)
(90029, 0, 0, 90029)
(89968, 0, 0, 89968)
(89967, 0, 0, 89967)
(89966, 0, 0, 89966)
(89959, 0, 0, 89959)
(89933, 0, 0, 89933)
(89894, 0, 0, 89894)
(89875, 0, 0, 89875)
(89856, 0, 0, 89856)
(89843, 0, 0, 89843)
(89810, 0, 0, 89810)
(89771, 0, 0, 89771)
(89730, 0, 0, 89730)
(89708, 0, 0, 89708)
(89679, 0, 0, 89679)
(89638, 0, 0, 89638)
(89635, 0, 0, 89635)
(89632, 0, 0, 89632)
(89629, 0, 0, 89629)
(89626, 0, 0, 89626)
(89595, 0, 0, 89595)
(89564, 0, 0, 89564)
(89533, 0, 0, 89533)
(89519, 0, 0, 89519)
(89492, 0, 0, 89492)
(89465, 0, 0, 89465)
(89438, 0, 0, 89438)
(89432, 0, 0, 89432)
(89426, 0, 0, 89426)
(89420, 0, 0, 89420)
(89390, 0, 0, 89390)
(89373, 0, 0, 89373)
(89356, 0, 0, 89356)
(89339, 0, 0, 89339)
(89333, 0, 0, 89333)
(89323, 0, 0, 89323)
(89312, 0, 0, 89312)
(89302, 0, 0, 89302)
(89290, 0, 0, 89290)
(89283, 0, 0, 89283)
(89276, 0, 0, 89276)
(89269, 0, 0, 89269)
(89262, 0, 0, 89262)
(89222, 0, 0, 89222)
(89220, 0, 0, 89220)
(89197, 0, 0, 89197)
(89174, 0, 0, 89174)
(89133, 0, 0, 89133)
(89124, 0, 0, 89124)
(89094, 0, 0, 89094)
(89087, 0, 0, 89087)
(89078, 0, 0, 89078)
(89069, 0, 0, 89069)
(89067, 0, 0, 89067)
(89065, 0, 0, 89065)
(89023, 0, 0, 89023)
(89006, 0, 0, 89006)
(88989, 0, 0, 88989)
(88972, 0, 0, 88972)
(88955, 0, 0, 88955)
(88930, 0, 0, 88930)
(88905, 0, 0, 88905)
(88886, 0, 0, 88886)
(88882, 0, 0, 88882)
(88878, 0, 0, 88878)
(88874, 0, 0, 88874)
(88870, 0, 0, 88870)
(88869, 0, 0, 88869)
(88868, 0, 0, 88868)
(88867, 0, 0, 88867)
(88866, 0, 0, 88866)
(88824, 0, 0, 88824)
(88814, 0, 0, 88814)
(88813, 0, 0, 88813)
(88812, 0, 0, 88812)
(88811, 0, 0, 88811)
(88798, 0, 0, 88798)
(88790, 0, 0, 88790)
(88782, 0, 0, 88782)
(88756, 0, 0, 88756)
(88749, 0, 0, 88749)
(88742, 0, 0, 88742)
(88735, 0, 0, 88735)
(88728, 0, 0, 88728)
(88721, 0, 0, 88721)
(88714, 0, 0, 88714)
(88707, 0, 0, 88707)
(88700, 0, 0, 88700)
(88693, 0, 0, 88693)
(88682, 0, 0, 88682)
(88667, 0, 0, 88667)
(88652, 0, 0, 88652)
(88634, 0, 0, 88634)
(88616, 0, 0, 88616)
(88609, 0, 0, 88609)
(88578, 0, 0, 88578)
(88538, 0, 0, 88538)
(88516, 0, 0, 88516)
(88496, 0, 0, 88496)
(88442, 0, 0, 88442)
(88435, 0, 0, 88435)
(88434, 0, 0, 88434)
(88433, 0, 0, 88433)
(88432, 0, 0, 88432)
(88407, 0, 0, 88407)
(88382, 0, 0, 88382)
(88357, 0, 0, 88357)
(88332, 0, 0, 88332)
(88307, 0, 0, 88307)
(88274, 0, 0, 88274)
(88233, 0, 0, 88233)
(88205, 0, 0, 88205)
(88155, 0, 0, 88155)
(88154, 0, 0, 88154)
(88153, 0, 0, 88153)
(88146, 0, 0, 88146)
(88138, 0, 0, 88138)
(88134, 0, 0, 88134)
(88133, 0, 0, 88133)
(88132, 0, 0, 88132)
(88120, 0, 0, 88120)
(88108, 0, 0, 88108)
(88091, 0, 0, 88091)
(88090, 0, 0, 88090)
(88089, 0, 0, 88089)
(88066, 0, 0, 88066)
(88044, 0, 0, 88044)
(88022, 0, 0, 88022)
(88015, 0, 0, 88015)
(88008, 0, 0, 88008)
(88001, 0, 0, 88001)
(87994, 0, 0, 87994)
(87987, 0, 0, 87987)
(87986, 0, 0, 87986)
(87941, 0, 0, 87941)
(87909, 0, 0, 87909)
(87875, 0, 0, 87875)
(87873, 0, 0, 87873)
(87872, 0, 0, 87872)
(87871, 0, 0, 87871)
(87852, 0, 0, 87852)
(87807, 0, 0, 87807)
(87771, 0, 0, 87771)
(87734, 0, 0, 87734)
(87715, 0, 0, 87715)
(87696, 0, 0, 87696)
(87676, 0, 0, 87676)
(87656, 0, 0, 87656)
(87621, 0, 0, 87621)
(87602, 0, 0, 87602)
(87560, 0, 0, 87560)
(87528, 0, 0, 87528)
(87510, 0, 0, 87510)
(87492, 0, 0, 87492)
(87474, 0, 0, 87474)
(87406, 0, 0, 87406)
(87379, 0, 0, 87379)
(87352, 0, 0, 87352)
(87340, 0, 0, 87340)
(87313, 0, 0, 87313)
(87286, 0, 0, 87286)
(87281, 0, 0, 87281)
(87262, 0, 0, 87262)
(87243, 0, 0, 87243)
(87224, 0, 0, 87224)
(87205, 0, 0, 87205)
(87147, 0, 0, 87147)
(87089, 0, 0, 87089)
(87057, 0, 0, 87057)
(87025, 0, 0, 87025)
(87000, 0, 0, 87000)
(86975, 0, 0, 86975)
(86937, 0, 0, 86937)
(86925, 0, 0, 86925)
(86909, 0, 0, 86909)
(86893, 0, 0, 86893)
(86892, 0, 0, 86892)
(86869, 0, 0, 86869)
(86846, 0, 0, 86846)
(86823, 0, 0, 86823)
(86792, 0, 0, 86792)
(86758, 0, 0, 86758)
(86747, 0, 0, 86747)
(86720, 0, 0, 86720)
(86710, 0, 0, 86710)
(86700, 0, 0, 86700)
(86690, 0, 0, 86690)
(86663, 0, 0, 86663)
(86636, 0, 0, 86636)
(86609, 0, 0, 86609)
(86582, 0, 0, 86582)
(86581, 0, 0, 86581)
(86580, 0, 0, 86580)
(86579, 0, 0, 86579)
(86578, 0, 0, 86578)
(86570, 0, 0, 86570)
(86525, 0, 0, 86525)
(86523, 0, 0, 86523)
(86483, 0, 0, 86483)
(86438, 0, 0, 86438)
(86393, 0, 0, 86393)
(86392, 0, 0, 86392)
(86391, 0, 0, 86391)
(86390, 0, 0, 86390)
(86379, 0, 0, 86379)
(86378, 0, 0, 86378)
(86377, 0, 0, 86377)
(86376, 0, 0, 86376)
(86375, 0, 0, 86375)
(86374, 0, 0, 86374)
(86373, 0, 0, 86373)
(86364, 0, 0, 86364)
(86324, 0, 0, 86324)
(86312, 0, 0, 86312)
(86277, 0, 0, 86277)
(86267, 0, 0, 86267)
(86257, 0, 0, 86257)
(86233, 0, 0, 86233)
(86209, 0, 0, 86209)
(86185, 0, 0, 86185)
(86183, 0, 0, 86183)
(86181, 0, 0, 86181)
(86179, 0, 0, 86179)
(86153, 0, 0, 86153)
(86116, 0, 0, 86116)
(86079, 0, 0, 86079)
(86042, 0, 0, 86042)
(86041, 0, 0, 86041)
(86031, 0, 0, 86031)
(86012, 0, 0, 86012)
(86011, 0, 0, 86011)
(85957, 0, 0, 85957)
(85950, 0, 0, 85950)
(85919, 0, 0, 85919)
(85871, 0, 0, 85871)
(85865, 0, 0, 85865)
(85827, 0, 0, 85827)
(85808, 0, 0, 85808)
(85799, 0, 0, 85799)
(85764, 0, 0, 85764)
(85748, 0, 0, 85748)
(85721, 0, 0, 85721)
(85699, 0, 0, 85699)
(85677, 0, 0, 85677)
(85669, 0, 0, 85669)
(85661, 0, 0, 85661)
(85653, 0, 0, 85653)
(85645, 0, 0, 85645)
(85631, 0, 0, 85631)
(85617, 0, 0, 85617)
(85606, 0, 0, 85606)
(85595, 0, 0, 85595)
(85563, 0, 0, 85563)
(85508, 0, 0, 85508)
(85487, 0, 0, 85487)
(85467, 0, 0, 85467)
(85417, 0, 0, 85417)
(85380, 0, 0, 85380)
(85357, 0, 0, 85357)
(85308, 0, 0, 85308)
(85283, 0, 0, 85283)
(85252, 0, 0, 85252)
(85221, 0, 0, 85221)
(85194, 0, 0, 85194)
(85167, 0, 0, 85167)
(85140, 0, 0, 85140)
(85131, 0, 0, 85131)
(85108, 0, 0, 85108)
(85098, 0, 0, 85098)
(85074, 0, 0, 85074)
(85050, 0, 0, 85050)
(85026, 0, 0, 85026)
(85025, 0, 0, 85025)
(85024, 0, 0, 85024)
(85023, 0, 0, 85023)
(85022, 0, 0, 85022)
(85021, 0, 0, 85021)
(85020, 0, 0, 85020)
(84997, 0, 0, 84997)
(84969, 0, 0, 84969)
(84959, 0, 0, 84959)
(84956, 0, 0, 84956)
(84953, 0, 0, 84953)
(84952, 0, 0, 84952)
(84915, 0, 0, 84915)
(84869, 0, 0, 84869)
(84868, 0, 0, 84868)
(84867, 0, 0, 84867)
(84866, 0, 0, 84866)
(84835, 0, 0, 84835)
(84795, 0, 0, 84795)
(84755, 0, 0, 84755)
(84694, 0, 0, 84694)
(84679, 0, 0, 84679)
(84640, 0, 0, 84640)
(84623, 0, 0, 84623)
(84575, 0, 0, 84575)
(84569, 0, 0, 84569)
(84562, 0, 0, 84562)
(84559, 0, 0, 84559)
(84550, 0, 0, 84550)
(84518, 0, 0, 84518)
(84468, 0, 0, 84468)
(84455, 0, 0, 84455)
(84430, 0, 0, 84430)
(84365, 0, 0, 84365)
(84355, 0, 0, 84355)
(84354, 0, 0, 84354)
(84301, 0, 0, 84301)
(84274, 0, 0, 84274)
(84232, 0, 0, 84232)
(84170, 0, 0, 84170)
(84136, 0, 0, 84136)
(84119, 0, 0, 84119)
(84092, 0, 0, 84092)
(84026, 0, 0, 84026)
(83965, 0, 0, 83965)
(83908, 0, 0, 83908)
(83889, 0, 0, 83889)
(83870, 0, 0, 83870)
(83841, 0, 0, 83841)
(83840, 0, 0, 83840)
(83839, 0, 0, 83839)
(83838, 0, 0, 83838)
(83837, 0, 0, 83837)
(83836, 0, 0, 83836)
(83810, 0, 0, 83810)
(83800, 0, 0, 83800)
(83790, 0, 0, 83790)
(83762, 0, 0, 83762)
(83735, 0, 0, 83735)
(83729, 0, 0, 83729)
(83723, 0, 0, 83723)
(83694, 0, 0, 83694)
(83665, 0, 0, 83665)
(83636, 0, 0, 83636)
(83626, 0, 0, 83626)
(83625, 0, 0, 83625)
(83624, 0, 0, 83624)
(83623, 0, 0, 83623)
(83622, 0, 0, 83622)
(83580, 0, 0, 83580)
(83546, 0, 0, 83546)
(83495, 0, 0, 83495)
(83469, 0, 0, 83469)
(83443, 0, 0, 83443)
(83406, 0, 0, 83406)
(83396, 0, 0, 83396)
(83372, 0, 0, 83372)
(83356, 0, 0, 83356)
(83353, 0, 0, 83353)
(83328, 0, 0, 83328)
(83303, 0, 0, 83303)
(83294, 0, 0, 83294)
(83285, 0, 0, 83285)
(83281, 0, 0, 83281)
(83219, 0, 0, 83219)
(83195, 0, 0, 83195)
(83185, 0, 0, 83185)
(83140, 0, 0, 83140)
(83127, 0, 0, 83127)
(83112, 0, 0, 83112)
(83078, 0, 0, 83078)
(83044, 0, 0, 83044)
(83006, 0, 0, 83006)
(82994, 0, 0, 82994)
(82962, 0, 0, 82962)
(82949, 0, 0, 82949)
(82936, 0, 0, 82936)
(82923, 0, 0, 82923)
(82906, 0, 0, 82906)
(82891, 0, 0, 82891)
(82848, 0, 0, 82848)
(82778, 0, 0, 82778)
(82770, 0, 0, 82770)
(82764, 0, 0, 82764)
(82746, 0, 0, 82746)
(82721, 0, 0, 82721)
(82699, 0, 0, 82699)
(82687, 0, 0, 82687)
(82661, 0, 0, 82661)
(82638, 0, 0, 82638)
(82615, 0, 0, 82615)
(82592, 0, 0, 82592)
(82563, 0, 0, 82563)
(82536, 0, 0, 82536)
(82530, 0, 0, 82530)
(82497, 0, 0, 82497)
(82469, 0, 0, 82469)
(82441, 0, 0, 82441)
(82429, 0, 0, 82429)
(82420, 0, 0, 82420)
(82407, 0, 0, 82407)
(82372, 0, 0, 82372)
(82356, 0, 0, 82356)
(82321, 0, 0, 82321)
(82250, 0, 0, 82250)
(82240, 0, 0, 82240)
(82230, 0, 0, 82230)
(82177, 0, 0, 82177)
(82126, 0, 0, 82126)
(82125, 0, 0, 82125)
(82124, 0, 0, 82124)
(82123, 0, 0, 82123)
(82122, 0, 0, 82122)
(82121, 0, 0, 82121)
(82120, 0, 0, 82120)
(82116, 0, 0, 82116)
(82112, 0, 0, 82112)
(82069, 0, 0, 82069)
(82047, 0, 0, 82047)
(82016, 0, 0, 82016)
(81996, 0, 0, 81996)
(81973, 0, 0, 81973)
(81948, 0, 0, 81948)
(81892, 0, 0, 81892)
(81836, 0, 0, 81836)
(81821, 0, 0, 81821)
(81804, 0, 0, 81804)
(81787, 0, 0, 81787)
(81767, 0, 0, 81767)
(81744, 0, 0, 81744)
(81721, 0, 0, 81721)
(81698, 0, 0, 81698)
(81645, 0, 0, 81645)
(81617, 0, 0, 81617)
(81584, 0, 0, 81584)
(81544, 0, 0, 81544)
(81533, 0, 0, 81533)
(81491, 0, 0, 81491)
(81460, 0, 0, 81460)
(81429, 0, 0, 81429)
(81414, 0, 0, 81414)
(81399, 0, 0, 81399)
(81384, 0, 0, 81384)
(81372, 0, 0, 81372)
(81354, 0, 0, 81354)
(81336, 0, 0, 81336)
(81318, 0, 0, 81318)
(81303, 0, 0, 81303)
(81290, 0, 0, 81290)
(81277, 0, 0, 81277)
(81245, 0, 0, 81245)
(81192, 0, 0, 81192)
(81175, 0, 0, 81175)
(81143, 0, 0, 81143)
(81135, 0, 0, 81135)
(81127, 0, 0, 81127)
(81126, 0, 0, 81126)
(81099, 0, 0, 81099)
(81076, 0, 0, 81076)
(81059, 0, 0, 81059)
(81020, 0, 0, 81020)
(81010, 0, 0, 81010)
(80948, 0, 0, 80948)
(80886, 0, 0, 80886)
(80881, 0, 0, 80881)
(80876, 0, 0, 80876)
(80824, 0, 0, 80824)
(80789, 0, 0, 80789)
(80754, 0, 0, 80754)
(80753, 0, 0, 80753)
(80720, 0, 0, 80720)
(80687, 0, 0, 80687)
(80681, 0, 0, 80681)
(80660, 0, 0, 80660)
(80629, 0, 0, 80629)
(80611, 0, 0, 80611)
(80570, 0, 0, 80570)
(80551, 0, 0, 80551)
(80550, 0, 0, 80550)
(80549, 0, 0, 80549)
(80548, 0, 0, 80548)
(80547, 0, 0, 80547)
(80546, 0, 0, 80546)
(80538, 0, 0, 80538)
(80507, 0, 0, 80507)
(80488, 0, 0, 80488)
(80469, 0, 0, 80469)
(80450, 0, 0, 80450)
(80411, 0, 0, 80411)
(80380, 0, 0, 80380)
(80351, 0, 0, 80351)
(80345, 0, 0, 80345)
(80311, 0, 0, 80311)
(80290, 0, 0, 80290)
(80289, 0, 0, 80289)
(80282, 0, 0, 80282)
(80275, 0, 0, 80275)
(80268, 0, 0, 80268)
(80253, 0, 0, 80253)
(80243, 0, 0, 80243)
(80228, 0, 0, 80228)
(80200, 0, 0, 80200)
(80161, 0, 0, 80161)
(80130, 0, 0, 80130)
(80107, 0, 0, 80107)
(80080, 0, 0, 80080)
(80071, 0, 0, 80071)
(80059, 0, 0, 80059)
(80028, 0, 0, 80028)
(80000, 0, 0, 80000)
(79972, 0, 0, 79972)
(79944, 0, 0, 79944)
(79916, 0, 0, 79916)
(79904, 0, 0, 79904)
(79902, 0, 0, 79902)
(79900, 0, 0, 79900)
(79898, 0, 0, 79898)
(79896, 0, 0, 79896)
(79880, 0, 0, 79880)
(79864, 0, 0, 79864)
(79852, 0, 0, 79852)
(79835, 0, 0, 79835)
(79818, 0, 0, 79818)
(79801, 0, 0, 79801)
(79751, 0, 0, 79751)
(79733, 0, 0, 79733)
(79732, 0, 0, 79732)
(79720, 0, 0, 79720)
(79693, 0, 0, 79693)
(79683, 0, 0, 79683)
(79673, 0, 0, 79673)
(79663, 0, 0, 79663)
(79636, 0, 0, 79636)
(79583, 0, 0, 79583)
(79546, 0, 0, 79546)
(79509, 0, 0, 79509)
(79487, 0, 0, 79487)
(79477, 0, 0, 79477)
(79467, 0, 0, 79467)
(79464, 0, 0, 79464)
(79461, 0, 0, 79461)
(79400, 0, 0, 79400)
(79391, 0, 0, 79391)
(79382, 0, 0, 79382)
(79367, 0, 0, 79367)
(79352, 0, 0, 79352)
(79311, 0, 0, 79311)
(79302, 0, 0, 79302)
(79283, 0, 0, 79283)
(79281, 0, 0, 79281)
(79246, 0, 0, 79246)
(79219, 0, 0, 79219)
(79214, 0, 0, 79214)
(79188, 0, 0, 79188)
(79150, 0, 0, 79150)
(79112, 0, 0, 79112)
(79093, 0, 0, 79093)
(79078, 0, 0, 79078)
(79050, 0, 0, 79050)
(79013, 0, 0, 79013)
(78976, 0, 0, 78976)
(78973, 0, 0, 78973)
(78970, 0, 0, 78970)
(78918, 0, 0, 78918)
(78897, 0, 0, 78897)
(78844, 0, 0, 78844)
