(103068, 0, 0, 103068)
(103020, 0, 0, 103020)
(102980, 0, 0, 102980)
(102940, 0, 0, 102940)
(102927, 0, 0, 102927)
(102914, 0, 0, 102914)
(102901, 0, 0, 102901)
(102854, 0, 0, 102854)
(102807, 0, 0, 102807)
(102760, 0, 0, 102760)
(102722, 0, 0, 102722)
(102666, 0, 0, 102666)
(102658, 0, 0, 102658)
(102646, 0, 0, 102646)
(102607, 0, 0, 102607)
(102576, 0, 0, 102576)
(102569, 0, 0, 102569)
(102562, 0, 0, 102562)
(102556, 0, 0, 102556)
(102516, 0, 0, 102516)
(102467, 0, 0, 102467)
(102433, 0, 0, 102433)
(102401, 0, 0, 102401)
(102382, 0, 0, 102382)
(102359, 0, 0, 102359)
(102344, 0, 0, 102344)
(102330, 0, 0, 102330)
(102316, 0, 0, 102316)
(102304, 0, 0, 102304)
(102298, 0, 0, 102298)
(102293, 0, 0, 102293)
(102291, 0, 0, 102291)
(102289, 0, 0, 102289)
(102258, 0, 0, 102258)
(102229, 0, 0, 102229)
(102202, 0, 0, 102202)
(102173, 0, 0, 102173)
(102139, 0, 0, 102139)
(102095, 0, 0, 102095)
(102078, 0, 0, 102078)
(102048, 0, 0, 102048)
(102039, 0, 0, 102039)
(102018, 0, 0, 102018)
(101995, 0, 0, 101995)
(101960, 0, 0, 101960)
(101907, 0, 0, 101907)
(101854, 0, 0, 101854)
(101818, 0, 0, 101818)
(101782, 0, 0, 101782)
(101767, 0, 0, 101767)
(101731, 0, 0, 101731)
(101693, 0, 0, 101693)
(101670, 0, 0, 101670)
(101646, 0, 0, 101646)
(101621, 0, 0, 101621)
(101596, 0, 0, 101596)
(101567, 0, 0, 101567)
(101527, 0, 0, 101527)
(101487, 0, 0, 101487)
(101443, 0, 0, 101443)
(101427, 0, 0, 101427)
(101385, 0, 0, 101385)
(101370, 0, 0, 101370)
(101328, 0, 0, 101328)
(101317, 0, 0, 101317)
(101274, 0, 0, 101274)
(101231, 0, 0, 101231)
(101186, 0, 0, 101186)
(101127, 0, 0, 101127)
(101068, 0, 0, 101068)
(101067, 0, 0, 101067)
(101066, 0, 0, 101066)
(101051, 0, 0, 101051)
(101036, 0, 0, 101036)
(101004, 0, 0, 101004)
(100963, 0, 0, 100963)
(100922, 0, 0, 100922)
(100893, 0, 0, 100893)
(100839, 0, 0, 100839)
(100821, 0, 0, 100821)
(100805, 0, 0, 100805)
(100781, 0, 0, 100781)
(100757, 0, 0, 100757)
(100733, 0, 0, 100733)
(100709, 0, 0, 100709)
(100685, 0, 0, 100685)
(100661, 0, 0, 100661)
(100631, 0, 0, 100631)
(100625, 0, 0, 100625)
(100605, 0, 0, 100605)
(100589, 0, 0, 100589)
(100573, 0, 0, 100573)
(100557, 0, 0, 100557)
(100541, 0, 0, 100541)
(100511, 0, 0, 100511)
(100491, 0, 0, 100491)
(100466, 0, 0, 100466)
(100451, 0, 0, 100451)
(100438, 0, 0, 100438)
(100415, 0, 0, 100415)
(100370, 0, 0, 100370)
(100325, 0, 0, 100325)
(100319, 0, 0, 100319)
(100275, 0, 0, 100275)
(100258, 0, 0, 100258)
(100239, 0, 0, 100239)
(100212, 0, 0, 100212)
(100185, 0, 0, 100185)
(100158, 0, 0, 100158)
(100131, 0, 0, 100131)
(100104, 0, 0, 100104)
(100077, 0, 0, 100077)
(100050, 0, 0, 100050)
(100024, 0, 0, 100024)
(99999, 0, 0, 99999)
(99974, 0, 0, 99974)
(99949, 0, 0, 99949)
(99948, 0, 0, 99948)
(99918, 0, 0, 99918)
(99893, 0, 0, 99893)
(99875, 0, 0, 99875)
(99852, 0, 0, 99852)
(99810, 0, 0, 99810)
(99772, 0, 0, 99772)
(99764, 0, 0, 99764)
(99754, 0, 0, 99754)
(99713, 0, 0, 99713)
(99680, 0, 0, 99680)
(99659, 0, 0, 99659)
(99635, 0, 0, 99635)
(99589, 0, 0, 99589)
(99543, 0, 0, 99543)
(99529, 0, 0, 99529)
(99482, 0, 0, 99482)
(99459, 0, 0, 99459)
(99427, 0, 0, 99427)
(99395, 0, 0, 99395)
(99363, 0, 0, 99363)
(99331, 0, 0, 99331)
(99327, 0, 0, 99327)
(99323, 0, 0, 99323)
(99319, 0, 0, 99319)
(99315, 0, 0, 99315)
(99278, 0, 0, 99278)
(99248, 0, 0, 99248)
(99245, 0, 0, 99245)
(99242, 0, 0, 99242)
(99238, 0, 0, 99238)
(99234, 0, 0, 99234)
(99218, 0, 0, 99218)
(99197, 0, 0, 99197)
(99176, 0, 0, 99176)
(99173, 0, 0, 99173)
(99170, 0, 0, 99170)
(99159, 0, 0, 99159)
(99148, 0, 0, 99148)
(99100, 0, 0, 99100)
(99060, 0, 0, 99060)
(99024, 0, 0, 99024)
(99001, 0, 0, 99001)
(98984, 0, 0, 98984)
(98967, 0, 0, 98967)
(98925, 0, 0, 98925)
(98883, 0, 0, 98883)
(98852, 0, 0, 98852)
(98836, 0, 0, 98836)
(98820, 0, 0, 98820)
(98804, 0, 0, 98804)
(98794, 0, 0, 98794)
(98755, 0, 0, 98755)
(98743, 0, 0, 98743)
(98736, 0, 0, 98736)
(98708, 0, 0, 98708)
(98691, 0, 0, 98691)
(98661, 0, 0, 98661)
(98616, 0, 0, 98616)
(98607, 0, 0, 98607)
(98598, 0, 0, 98598)
(98563, 0, 0, 98563)
(98536, 0, 0, 98536)
(98523, 0, 0, 98523)
(98491, 0, 0, 98491)
(98459, 0, 0, 98459)
(98427, 0, 0, 98427)
(98395, 0, 0, 98395)
(98387, 0, 0, 98387)
(98352, 0, 0, 98352)
(98316, 0, 0, 98316)
(98293, 0, 0, 98293)
(98291, 0, 0, 98291)
(98277, 0, 0, 98277)
(98263, 0, 0, 98263)
(98249, 0, 0, 98249)
(98235, 0, 0, 98235)
(98221, 0, 0, 98221)
(98207, 0, 0, 98207)
(98154, 0, 0, 98154)
(98101, 0, 0, 98101)
(98048, 0, 0, 98048)
(98004, 0, 0, 98004)
(97986, 0, 0, 97986)
(97961, 0, 0, 97961)
(97936, 0, 0, 97936)
(97911, 0, 0, 97911)
(97886, 0, 0, 97886)
(97861, 0, 0, 97861)
(97831, 0, 0, 97831)
(97801, 0, 0, 97801)
(97756, 0, 0, 97756)
(97725, 0, 0, 97725)
(97710, 0, 0, 97710)
(97695, 0, 0, 97695)
(97680, 0, 0, 97680)
(97658, 0, 0, 97658)
(97610, 0, 0, 97610)
(97607, 0, 0, 97607)
(97604, 0, 0, 97604)
(97563, 0, 0, 97563)
(97559, 0, 0, 97559)
(97555, 0, 0, 97555)
(97541, 0, 0, 97541)
(97501, 0, 0, 97501)
(97447, 0, 0, 97447)
(97418, 0, 0, 97418)
(97378, 0, 0, 97378)
(97323, 0, 0, 97323)
(97293, 0, 0, 97293)
(97272, 0, 0, 97272)
(97234, 0, 0, 97234)
(97185, 0, 0, 97185)
(97142, 0, 0, 97142)
(97115, 0, 0, 97115)
(97084, 0, 0, 97084)
(97056, 0, 0, 97056)
(97025, 0, 0, 97025)
(97014, 0, 0, 97014)
(96999, 0, 0, 96999)
(96969, 0, 0, 96969)
(96968, 0, 0, 96968)
(96930, 0, 0, 96930)
(96888, 0, 0, 96888)
(96862, 0, 0, 96862)
(96804, 0, 0, 96804)
(96769, 0, 0, 96769)
(96727, 0, 0, 96727)
(96691, 0, 0, 96691)
(96662, 0, 0, 96662)
(96651, 0, 0, 96651)
(96609, 0, 0, 96609)
(96584, 0, 0, 96584)
(96556, 0, 0, 96556)
(96528, 0, 0, 96528)
(96518, 0, 0, 96518)
(96498, 0, 0, 96498)
(96492, 0, 0, 96492)
(96460, 0, 0, 96460)
(96428, 0, 0, 96428)
(96396, 0, 0, 96396)
(96364, 0, 0, 96364)
(96336, 0, 0, 96336)
(96313, 0, 0, 96313)
(96294, 0, 0, 96294)
(96261, 0, 0, 96261)
(96235, 0, 0, 96235)
(96209, 0, 0, 96209)
(96183, 0, 0, 96183)
(96174, 0, 0, 96174)
(96165, 0, 0, 96165)
(96156, 0, 0, 96156)
(96147, 0, 0, 96147)
(96110, 0, 0, 96110)
(96065, 0, 0, 96065)
(96021, 0, 0, 96021)
(95977, 0, 0, 95977)
(95957, 0, 0, 95957)
(95937, 0, 0, 95937)
(95898, 0, 0, 95898)
(95864, 0, 0, 95864)
(95854, 0, 0, 95854)
(95844, 0, 0, 95844)
(95835, 0, 0, 95835)
(95826, 0, 0, 95826)
(95811, 0, 0, 95811)
(95801, 0, 0, 95801)
(95791, 0, 0, 95791)
(95781, 0, 0, 95781)
(95771, 0, 0, 95771)
(95761, 0, 0, 95761)
(95714, 0, 0, 95714)
(95695, 0, 0, 95695)
(95676, 0, 0, 95676)
(95657, 0, 0, 95657)
(95615, 0, 0, 95615)
(95573, 0, 0, 95573)
(95531, 0, 0, 95531)
(95462, 0, 0, 95462)
(95446, 0, 0, 95446)
(95431, 0, 0, 95431)
(95416, 0, 0, 95416)
(95367, 0, 0, 95367)
(95318, 0, 0, 95318)
(95266, 0, 0, 95266)
(95237, 0, 0, 95237)
(95218, 0, 0, 95218)
(95185, 0, 0, 95185)
(95120, 0, 0, 95120)
(95103, 0, 0, 95103)
(95081, 0, 0, 95081)
(95055, 0, 0, 95055)
(95052, 0, 0, 95052)
(95049, 0, 0, 95049)
(95046, 0, 0, 95046)
(95029, 0, 0, 95029)
(95007, 0, 0, 95007)
(94976, 0, 0, 94976)
(94965, 0, 0, 94965)
(94949, 0, 0, 94949)
(94928, 0, 0, 94928)
(94881, 0, 0, 94881)
(94834, 0, 0, 94834)
(94833, 0, 0, 94833)
(94819, 0, 0, 94819)
(94805, 0, 0, 94805)
(94791, 0, 0, 94791)
(94766, 0, 0, 94766)
(94752, 0, 0, 94752)
(94738, 0, 0, 94738)
(94681, 0, 0, 94681)
(94628, 0, 0, 94628)
(94617, 0, 0, 94617)
(94587, 0, 0, 94587)
(94557, 0, 0, 94557)
(94531, 0, 0, 94531)
(94505, 0, 0, 94505)
(94479, 0, 0, 94479)
(94468, 0, 0, 94468)
(94465, 0, 0, 94465)
(94462, 0, 0, 94462)
(94447, 0, 0, 94447)
(94446, 0, 0, 94446)
(94421, 0, 0, 94421)
(94402, 0, 0, 94402)
(94375, 0, 0, 94375)
(94343, 0, 0, 94343)
(94322, 0, 0, 94322)
(94300, 0, 0, 94300)
(94273, 0, 0, 94273)
(94246, 0, 0, 94246)
(94219, 0, 0, 94219)
(94192, 0, 0, 94192)
(94165, 0, 0, 94165)
(94139, 0, 0, 94139)
(94113, 0, 0, 94113)
(94067, 0, 0, 94067)
(94021, 0, 0, 94021)
(94011, 0, 0, 94011)
(94001, 0, 0, 94001)
(93991, 0, 0, 93991)
(93965, 0, 0, 93965)
(93943, 0, 0, 93943)
(93908, 0, 0, 93908)
(93905, 0, 0, 93905)
(93891, 0, 0, 93891)
(93883, 0, 0, 93883)
(93875, 0, 0, 93875)
(93867, 0, 0, 93867)
(93842, 0, 0, 93842)
(93829, 0, 0, 93829)
(93816, 0, 0, 93816)
(93785, 0, 0, 93785)
(93749, 0, 0, 93749)
(93717, 0, 0, 93717)
(93700, 0, 0, 93700)
(93683, 0, 0, 93683)
(93651, 0, 0, 93651)
(93619, 0, 0, 93619)
(93587, 0, 0, 93587)
(93562, 0, 0, 93562)
(93517, 0, 0, 93517)
(93470, 0, 0, 93470)
(93435, 0, 0, 93435)
(93402, 0, 0, 93402)
(93372, 0, 0, 93372)
(93342, 0, 0, 93342)
(93312, 0, 0, 93312)
(93290, 0, 0, 93290)
(93257, 0, 0, 93257)
(93224, 0, 0, 93224)
(93191, 0, 0, 93191)
(93169, 0, 0, 93169)
(93146, 0, 0, 93146)
(93118, 0, 0, 93118)
(93090, 0, 0, 93090)
(93062, 0, 0, 93062)
(93034, 0, 0, 93034)
(93024, 0, 0, 93024)
(93014, 0, 0, 93014)
(93004, 0, 0, 93004)
(92994, 0, 0, 92994)
(92942, 0, 0, 92942)
(92936, 0, 0, 92936)
(92923, 0, 0, 92923)
(92879, 0, 0, 92879)
(92835, 0, 0, 92835)
(92816, 0, 0, 92816)
(92787, 0, 0, 92787)
(92786, 0, 0, 92786)
(92774, 0, 0, 92774)
(92762, 0, 0, 92762)
(92740, 0, 0, 92740)
(92718, 0, 0, 92718)
(92696, 0, 0, 92696)
(92674, 0, 0, 92674)
(92652, 0, 0, 92652)
(92616, 0, 0, 92616)
(92580, 0, 0, 92580)
(92544, 0, 0, 92544)
(92508, 0, 0, 92508)
(92495, 0, 0, 92495)
(92473, 0, 0, 92473)
(92436, 0, 0, 92436)
(92416, 0, 0, 92416)
(92401, 0, 0, 92401)
(92353, 0, 0, 92353)
(92308, 0, 0, 92308)
(92287, 0, 0, 92287)
(92257, 0, 0, 92257)
(92237, 0, 0, 92237)
(92222, 0, 0, 92222)
(92209, 0, 0, 92209)
(92196, 0, 0, 92196)
(92174, 0, 0, 92174)
(92142, 0, 0, 92142)
(92100, 0, 0, 92100)
(92094, 0, 0, 92094)
(92059, 0, 0, 92059)
(92035, 0, 0, 92035)
(92019, 0, 0, 92019)
(91986, 0, 0, 91986)
(91940, 0, 0, 91940)
(91903, 0, 0, 91903)
(91892, 0, 0, 91892)
(91881, 0, 0, 91881)
(91858, 0, 0, 91858)
(91838, 0, 0, 91838)
(91803, 0, 0, 91803)
(91788, 0, 0, 91788)
(91780, 0, 0, 91780)
(91738, 0, 0, 91738)
(91674, 0, 0, 91674)
(91663, 0, 0, 91663)
(91652, 0, 0, 91652)
(91626, 0, 0, 91626)
(91599, 0, 0, 91599)
(91572, 0, 0, 91572)
(91560, 0, 0, 91560)
(91529, 0, 0, 91529)
(91496, 0, 0, 91496)
(91458, 0, 0, 91458)
(91420, 0, 0, 91420)
(91384, 0, 0, 91384)
(91343, 0, 0, 91343)
(91321, 0, 0, 91321)
(91297, 0, 0, 91297)
(91296, 0, 0, 91296)
(91243, 0, 0, 91243)
(91205, 0, 0, 91205)
(91194, 0, 0, 91194)
(91183, 0, 0, 91183)
(91172, 0, 0, 91172)
(91169, 0, 0, 91169)
(91156, 0, 0, 91156)
(91138, 0, 0, 91138)
(91108, 0, 0, 91108)
(91079, 0, 0, 91079)
(91058, 0, 0, 91058)
(91037, 0, 0, 91037)
(91009, 0, 0, 91009)
(90981, 0, 0, 90981)
(90938, 0, 0, 90938)
(90897, 0, 0, 90897)
(90850, 0, 0, 90850)
(90826, 0, 0, 90826)
(90802, 0, 0, 90802)
(90745, 0, 0, 90745)
(90717, 0, 0, 90717)
(90689, 0, 0, 90689)
(90685, 0, 0, 90685)
(90681, 0, 0, 90681)
(90643, 0, 0, 90643)
(90618, 0, 0, 90618)
(90592, 0, 0, 90592)
(90570, 0, 0, 90570)
(90548, 0, 0, 90548)
(90520, 0, 0, 90520)
(90486, 0, 0, 90486)
(90475, 0, 0, 90475)
(90464, 0, 0, 90464)
(90453, 0, 0, 90453)
(90442, 0, 0, 90442)
(90413, 0, 0, 90413)
(90385, 0, 0, 90385)
(90356, 0, 0, 90356)
(90309, 0, 0, 90309)
(90300, 0, 0, 90300)
(90286, 0, 0, 90286)
(90272, 0, 0, 90272)
(90266, 0, 0, 90266)
(90262, 0, 0, 90262)
(90258, 0, 0, 90258)
(90254, 0, 0, 90254)
(90233, 0, 0, 90233)
(90219, 0, 0, 90219)
(90214, 0, 0, 90214)
(90183, 0, 0, 90183)
(90152, 0, 0, 90152)
(90116, 0, 0, 90116)
(90080, 0, 0, 90080)
(90044, 0, 0, 90044)
(90008, 0, 0, 90008)
(89972, 0, 0, 89972)
(89949, 0, 0, 89949)
(89926, 0, 0, 89926)
(89911, 0, 0, 89911)
(89883, 0, 0, 89883)
(89855, 0, 0, 89855)
(89824, 0, 0, 89824)
(89806, 0, 0, 89806)
(89785, 0, 0, 89785)
(89765, 0, 0, 89765)
(89758, 0, 0, 89758)
(89753, 0, 0, 89753)
(89732, 0, 0, 89732)
(89706, 0, 0, 89706)
(89684, 0, 0, 89684)
(89654, 0, 0, 89654)
(89616, 0, 0, 89616)
(89561, 0, 0, 89561)
(89549, 0, 0, 89549)
(89501, 0, 0, 89501)
(89446, 0, 0, 89446)
(89391, 0, 0, 89391)
(89374, 0, 0, 89374)
(89349, 0, 0, 89349)
(89328, 0, 0, 89328)
(89290, 0, 0, 89290)
(89263, 0, 0, 89263)
(89241, 0, 0, 89241)
(89202, 0, 0, 89202)
(89188, 0, 0, 89188)
(89157, 0, 0, 89157)
(89131, 0, 0, 89131)
(89089, 0, 0, 89089)
(89070, 0, 0, 89070)
(89062, 0, 0, 89062)
(89058, 0, 0, 89058)
(89048, 0, 0, 89048)
(88995, 0, 0, 88995)
(88957, 0, 0, 88957)
(88926, 0, 0, 88926)
(88904, 0, 0, 88904)
(88879, 0, 0, 88879)
(88861, 0, 0, 88861)
(88854, 0, 0, 88854)
(88847, 0, 0, 88847)
(88816, 0, 0, 88816)
(88785, 0, 0, 88785)
(88777, 0, 0, 88777)
(88760, 0, 0, 88760)
(88741, 0, 0, 88741)
(88701, 0, 0, 88701)
(88682, 0, 0, 88682)
(88654, 0, 0, 88654)
(88630, 0, 0, 88630)
(88617, 0, 0, 88617)
(88596, 0, 0, 88596)
(88575, 0, 0, 88575)
(88548, 0, 0, 88548)
(88535, 0, 0, 88535)
(88499, 0, 0, 88499)
(88463, 0, 0, 88463)
(88459, 0, 0, 88459)
(88445, 0, 0, 88445)
(88411, 0, 0, 88411)
(88393, 0, 0, 88393)
(88360, 0, 0, 88360)
(88336, 0, 0, 88336)
(88323, 0, 0, 88323)
(88263, 0, 0, 88263)
(88226, 0, 0, 88226)
(88191, 0, 0, 88191)
(88179, 0, 0, 88179)
(88173, 0, 0, 88173)
(88162, 0, 0, 88162)
(88144, 0, 0, 88144)
(88136, 0, 0, 88136)
(88126, 0, 0, 88126)
(88116, 0, 0, 88116)
(88077, 0, 0, 88077)
(88053, 0, 0, 88053)
(88041, 0, 0, 88041)
(88006, 0, 0, 88006)
(87980, 0, 0, 87980)
(87945, 0, 0, 87945)
(87938, 0, 0, 87938)
(87924, 0, 0, 87924)
(87908, 0, 0, 87908)
(87892, 0, 0, 87892)
(87851, 0, 0, 87851)
(87816, 0, 0, 87816)
(87808, 0, 0, 87808)
(87772, 0, 0, 87772)
(87750, 0, 0, 87750)
(87720, 0, 0, 87720)
(87693, 0, 0, 87693)
(87692, 0, 0, 87692)
(87677, 0, 0, 87677)
(87662, 0, 0, 87662)
(87647, 0, 0, 87647)
(87618, 0, 0, 87618)
(87593, 0, 0, 87593)
(87563, 0, 0, 87563)
(87537, 0, 0, 87537)
(87507, 0, 0, 87507)
(87471, 0, 0, 87471)
(87435, 0, 0, 87435)
(87411, 0, 0, 87411)
(87396, 0, 0, 87396)
(87354, 0, 0, 87354)
(87312, 0, 0, 87312)
(87299, 0, 0, 87299)
(87276, 0, 0, 87276)
(87253, 0, 0, 87253)
(87203, 0, 0, 87203)
(87180, 0, 0, 87180)
(87129, 0, 0, 87129)
(87105, 0, 0, 87105)
(87063, 0, 0, 87063)
(87026, 0, 0, 87026)
(87020, 0, 0, 87020)
(86979, 0, 0, 86979)
(86938, 0, 0, 86938)
(86910, 0, 0, 86910)
(86876, 0, 0, 86876)
(86846, 0, 0, 86846)
(86819, 0, 0, 86819)
(86784, 0, 0, 86784)
(86749, 0, 0, 86749)
(86723, 0, 0, 86723)
(86697, 0, 0, 86697)
(86663, 0, 0, 86663)
(86649, 0, 0, 86649)
(86633, 0, 0, 86633)
(86622, 0, 0, 86622)
(86609, 0, 0, 86609)
(86589, 0, 0, 86589)
(86581, 0, 0, 86581)
(86574, 0, 0, 86574)
(86549, 0, 0, 86549)
(86516, 0, 0, 86516)
(86497, 0, 0, 86497)
(86478, 0, 0, 86478)
(86459, 0, 0, 86459)
(86440, 0, 0, 86440)
(86422, 0, 0, 86422)
(86404, 0, 0, 86404)
(86386, 0, 0, 86386)
(86370, 0, 0, 86370)
(86356, 0, 0, 86356)
(86343, 0, 0, 86343)
(86330, 0, 0, 86330)
(86317, 0, 0, 86317)
(86300, 0, 0, 86300)
(86258, 0, 0, 86258)
(86225, 0, 0, 86225)
(86186, 0, 0, 86186)
(86156, 0, 0, 86156)
(86142, 0, 0, 86142)
(86128, 0, 0, 86128)
(86107, 0, 0, 86107)
(86096, 0, 0, 86096)
(86085, 0, 0, 86085)
(86049, 0, 0, 86049)
(86031, 0, 0, 86031)
(86013, 0, 0, 86013)
(85988, 0, 0, 85988)
(85963, 0, 0, 85963)
(85931, 0, 0, 85931)
(85926, 0, 0, 85926)
(85921, 0, 0, 85921)
(85916, 0, 0, 85916)
(85903, 0, 0, 85903)
(85890, 0, 0, 85890)
(85873, 0, 0, 85873)
(85856, 0, 0, 85856)
(85839, 0, 0, 85839)
(85817, 0, 0, 85817)
(85810, 0, 0, 85810)
(85765, 0, 0, 85765)
(85735, 0, 0, 85735)
(85726, 0, 0, 85726)
(85717, 0, 0, 85717)
(85690, 0, 0, 85690)
