(59464, 0, 0, 59464)
(59413, 0, 0, 59413)
(59397, 0, 0, 59397)
(59379, 0, 0, 59379)
(59346, 0, 0, 59346)
(59327, 0, 0, 59327)
(59323, 0, 0, 59323)
(59321, 0, 0, 59321)
(59306, 0, 0, 59306)
(59256, 0, 0, 59256)
(59222, 0, 0, 59222)
(59191, 0, 0, 59191)
(59157, 0, 0, 59157)
(59130, 0, 0, 59130)
(59091, 0, 0, 59091)
(59066, 0, 0, 59066)
(59038, 0, 0, 59038)
(59022, 0, 0, 59022)
(58989, 0, 0, 58989)
(58964, 0, 0, 58964)
(58934, 0, 0, 58934)
(58915, 0, 0, 58915)
(58895, 0, 0, 58895)
(58848, 0, 0, 58848)
(58837, 0, 0, 58837)
(58812, 0, 0, 58812)
(58751, 0, 0, 58751)
(58734, 0, 0, 58734)
(58708, 0, 0, 58708)
(58678, 0, 0, 58678)
(58659, 0, 0, 58659)
(58636, 0, 0, 58636)
(58604, 0, 0, 58604)
(58588, 0, 0, 58588)
(58567, 0, 0, 58567)
(58532, 0, 0, 58532)
(58503, 0, 0, 58503)
(58465, 0, 0, 58465)
(58456, 0, 0, 58456)
(58442, 0, 0, 58442)
(58433, 0, 0, 58433)
(58404, 0, 0, 58404)
(58376, 0, 0, 58376)
(58336, 0, 0, 58336)
(58291, 0, 0, 58291)
(58231, 0, 0, 58231)
(58201, 0, 0, 58201)
(58177, 0, 0, 58177)
(58153, 0, 0, 58153)
(58141, 0, 0, 58141)
(58099, 0, 0, 58099)
(58079, 0, 0, 58079)
(58044, 0, 0, 58044)
(58011, 0, 0, 58011)
(57954, 0, 0, 57954)
(57942, 0, 0, 57942)
(57917, 0, 0, 57917)
(57880, 0, 0, 57880)
(57838, 0, 0, 57838)
(57816, 0, 0, 57816)
(57793, 0, 0, 57793)
(57791, 0, 0, 57791)
(57771, 0, 0, 57771)
(57741, 0, 0, 57741)
(57719, 0, 0, 57719)
(57702, 0, 0, 57702)
(57674, 0, 0, 57674)
(57641, 0, 0, 57641)
(57636, 0, 0, 57636)
(57604, 0, 0, 57604)
(57593, 0, 0, 57593)
(57577, 0, 0, 57577)
(57566, 0, 0, 57566)
(57520, 0, 0, 57520)
(57480, 0, 0, 57480)
(57448, 0, 0, 57448)
(57416, 0, 0, 57416)
(57384, 0, 0, 57384)
(57332, 0, 0, 57332)
(57319, 0, 0, 57319)
(57297, 0, 0, 57297)
(57283, 0, 0, 57283)
(57259, 0, 0, 57259)
(57235, 0, 0, 57235)
(57181, 0, 0, 57181)
(57153, 0, 0, 57153)
(57129, 0, 0, 57129)
(57098, 0, 0, 57098)
(57074, 0, 0, 57074)
(57036, 0, 0, 57036)
(57016, 0, 0, 57016)
(56969, 0, 0, 56969)
(56929, 0, 0, 56929)
(56889, 0, 0, 56889)
(56860, 0, 0, 56860)
(56818, 0, 0, 56818)
(56800, 0, 0, 56800)
(56771, 0, 0, 56771)
(56745, 0, 0, 56745)
(56719, 0, 0, 56719)
(56685, 0, 0, 56685)
(56649, 0, 0, 56649)
(56639, 0, 0, 56639)
(56619, 0, 0, 56619)
(56595, 0, 0, 56595)
(56583, 0, 0, 56583)
(56566, 0, 0, 56566)
(56552, 0, 0, 56552)
(56535, 0, 0, 56535)
(56488, 0, 0, 56488)
(56446, 0, 0, 56446)
(56418, 0, 0, 56418)
(56408, 0, 0, 56408)
(56390, 0, 0, 56390)
(56363, 0, 0, 56363)
(56336, 0, 0, 56336)
(56298, 0, 0, 56298)
(56263, 0, 0, 56263)
(56245, 0, 0, 56245)
(56218, 0, 0, 56218)
(56184, 0, 0, 56184)
(56150, 0, 0, 56150)
(56129, 0, 0, 56129)
(56102, 0, 0, 56102)
(56075, 0, 0, 56075)
(56034, 0, 0, 56034)
(56017, 0, 0, 56017)
(55981, 0, 0, 55981)
(55962, 0, 0, 55962)
(55954, 0, 0, 55954)
(55936, 0, 0, 55936)
(55925, 0, 0, 55925)
(55911, 0, 0, 55911)
(55893, 0, 0, 55893)
(55892, 0, 0, 55892)
(55876, 0, 0, 55876)
(55844, 0, 0, 55844)
(55825, 0, 0, 55825)
(55816, 0, 0, 55816)
(55807, 0, 0, 55807)
(55786, 0, 0, 55786)
(55727, 0, 0, 55727)
(55719, 0, 0, 55719)
(55692, 0, 0, 55692)
(55680, 0, 0, 55680)
(55671, 0, 0, 55671)
(55670, 0, 0, 55670)
(55646, 0, 0, 55646)
(55627, 0, 0, 55627)
(55616, 0, 0, 55616)
(55597, 0, 0, 55597)
(55561, 0, 0, 55561)
(55531, 0, 0, 55531)
(55520, 0, 0, 55520)
(55508, 0, 0, 55508)
(55486, 0, 0, 55486)
(55457, 0, 0, 55457)
(55423, 0, 0, 55423)
(55418, 0, 0, 55418)
(55385, 0, 0, 55385)
(55355, 0, 0, 55355)
(55329, 0, 0, 55329)
(55297, 0, 0, 55297)
(55261, 0, 0, 55261)
(55260, 0, 0, 55260)
(55242, 0, 0, 55242)
(55218, 0, 0, 55218)
(55201, 0, 0, 55201)
(55162, 0, 0, 55162)
(55161, 0, 0, 55161)
(55153, 0, 0, 55153)
(55145, 0, 0, 55145)
(55102, 0, 0, 55102)
(55096, 0, 0, 55096)
(55079, 0, 0, 55079)
(55031, 0, 0, 55031)
(54988, 0, 0, 54988)
(54960, 0, 0, 54960)
(54912, 0, 0, 54912)
(54864, 0, 0, 54864)
(54829, 0, 0, 54829)
(54824, 0, 0, 54824)
(54819, 0, 0, 54819)
(54814, 0, 0, 54814)
(54806, 0, 0, 54806)
(54766, 0, 0, 54766)
(54733, 0, 0, 54733)
(54701, 0, 0, 54701)
(54690, 0, 0, 54690)
(54662, 0, 0, 54662)
(54638, 0, 0, 54638)
(54597, 0, 0, 54597)
(54595, 0, 0, 54595)
(54570, 0, 0, 54570)
(54541, 0, 0, 54541)
(54515, 0, 0, 54515)
(54479, 0, 0, 54479)
(54453, 0, 0, 54453)
(54433, 0, 0, 54433)
(54421, 0, 0, 54421)
(54392, 0, 0, 54392)
(54386, 0, 0, 54386)
(54363, 0, 0, 54363)
(54351, 0, 0, 54351)
(54304, 0, 0, 54304)
(54267, 0, 0, 54267)
(54248, 0, 0, 54248)
(54242, 0, 0, 54242)
(54227, 0, 0, 54227)
(54191, 0, 0, 54191)
(54188, 0, 0, 54188)
(54153, 0, 0, 54153)
(54106, 0, 0, 54106)
(54059, 0, 0, 54059)
(54012, 0, 0, 54012)
(53990, 0, 0, 53990)
(53965, 0, 0, 53965)
(53931, 0, 0, 53931)
(53910, 0, 0, 53910)
(53893, 0, 0, 53893)
(53871, 0, 0, 53871)
(53837, 0, 0, 53837)
(53822, 0, 0, 53822)
(53795, 0, 0, 53795)
(53763, 0, 0, 53763)
(53748, 0, 0, 53748)
(53713, 0, 0, 53713)
(53693, 0, 0, 53693)
(53679, 0, 0, 53679)
(53641, 0, 0, 53641)
(53620, 0, 0, 53620)
(53594, 0, 0, 53594)
(53566, 0, 0, 53566)
(53540, 0, 0, 53540)
(53524, 0, 0, 53524)
(53505, 0, 0, 53505)
(53487, 0, 0, 53487)
(53449, 0, 0, 53449)
(53411, 0, 0, 53411)
(53377, 0, 0, 53377)
(53351, 0, 0, 53351)
(53325, 0, 0, 53325)
(53294, 0, 0, 53294)
(53276, 0, 0, 53276)
(53264, 0, 0, 53264)
(53252, 0, 0, 53252)
(53230, 0, 0, 53230)
(53203, 0, 0, 53203)
(53162, 0, 0, 53162)
(53141, 0, 0, 53141)
(53129, 0, 0, 53129)
(53114, 0, 0, 53114)
(53113, 0, 0, 53113)
(53082, 0, 0, 53082)
(53047, 0, 0, 53047)
(53020, 0, 0, 53020)
(53005, 0, 0, 53005)
(52998, 0, 0, 52998)
(52975, 0, 0, 52975)
(52956, 0, 0, 52956)
(52940, 0, 0, 52940)
(52916, 0, 0, 52916)
(52881, 0, 0, 52881)
(52845, 0, 0, 52845)
(52812, 0, 0, 52812)
(52789, 0, 0, 52789)
(52767, 0, 0, 52767)
(52750, 0, 0, 52750)
(52717, 0, 0, 52717)
(52709, 0, 0, 52709)
(52686, 0, 0, 52686)
(52674, 0, 0, 52674)
(52648, 0, 0, 52648)
(52628, 0, 0, 52628)
(52619, 0, 0, 52619)
(52610, 0, 0, 52610)
(52601, 0, 0, 52601)
(52592, 0, 0, 52592)
(52547, 0, 0, 52547)
(52502, 0, 0, 52502)
(52457, 0, 0, 52457)
(52436, 0, 0, 52436)
(52432, 0, 0, 52432)
(52398, 0, 0, 52398)
(52362, 0, 0, 52362)
(52347, 0, 0, 52347)
(52318, 0, 0, 52318)
(52289, 0, 0, 52289)
(52260, 0, 0, 52260)
(52239, 0, 0, 52239)
(52221, 0, 0, 52221)
(52185, 0, 0, 52185)
(52164, 0, 0, 52164)
(52132, 0, 0, 52132)
(52111, 0, 0, 52111)
(52080, 0, 0, 52080)
(52068, 0, 0, 52068)
(52038, 0, 0, 52038)
(52014, 0, 0, 52014)
(51993, 0, 0, 51993)
(51969, 0, 0, 51969)
(51930, 0, 0, 51930)
(51912, 0, 0, 51912)
(51892, 0, 0, 51892)
(51880, 0, 0, 51880)
(51876, 0, 0, 51876)
(51848, 0, 0, 51848)
(51799, 0, 0, 51799)
(51754, 0, 0, 51754)
(51735, 0, 0, 51735)
(51710, 0, 0, 51710)
(51691, 0, 0, 51691)
(51663, 0, 0, 51663)
(51618, 0, 0, 51618)
(51586, 0, 0, 51586)
(51577, 0, 0, 51577)
(51550, 0, 0, 51550)
(51517, 0, 0, 51517)
(51507, 0, 0, 51507)
(51476, 0, 0, 51476)
(51460, 0, 0, 51460)
(51427, 0, 0, 51427)
(51372, 0, 0, 51372)
(51362, 0, 0, 51362)
(51338, 0, 0, 51338)
(51305, 0, 0, 51305)
(51294, 0, 0, 51294)
(51266, 0, 0, 51266)
(51231, 0, 0, 51231)
(51201, 0, 0, 51201)
(51178, 0, 0, 51178)
(51156, 0, 0, 51156)
(51129, 0, 0, 51129)
(51103, 0, 0, 51103)
(51093, 0, 0, 51093)
(51074, 0, 0, 51074)
(51055, 0, 0, 51055)
(51026, 0, 0, 51026)
(50999, 0, 0, 50999)
(50985, 0, 0, 50985)
(50976, 0, 0, 50976)
(50958, 0, 0, 50958)
(50893, 0, 0, 50893)
(50855, 0, 0, 50855)
(50846, 0, 0, 50846)
(50832, 0, 0, 50832)
(50807, 0, 0, 50807)
(50796, 0, 0, 50796)
(50782, 0, 0, 50782)
(50765, 0, 0, 50765)
(50748, 0, 0, 50748)
(50726, 0, 0, 50726)
(50705, 0, 0, 50705)
(50672, 0, 0, 50672)
(50634, 0, 0, 50634)
(50605, 0, 0, 50605)
(50557, 0, 0, 50557)
(50528, 0, 0, 50528)
(50496, 0, 0, 50496)
(50489, 0, 0, 50489)
(50482, 0, 0, 50482)
(50470, 0, 0, 50470)
(50450, 0, 0, 50450)
(50438, 0, 0, 50438)
(50407, 0, 0, 50407)
(50392, 0, 0, 50392)
(50354, 0, 0, 50354)
(50322, 0, 0, 50322)
(50306, 0, 0, 50306)
(50292, 0, 0, 50292)
(50279, 0, 0, 50279)
(50278, 0, 0, 50278)
(50274, 0, 0, 50274)
(50270, 0, 0, 50270)
(50251, 0, 0, 50251)
(50237, 0, 0, 50237)
(50200, 0, 0, 50200)
(50199, 0, 0, 50199)
(50163, 0, 0, 50163)
(50147, 0, 0, 50147)
(50125, 0, 0, 50125)
(50098, 0, 0, 50098)
(50055, 0, 0, 50055)
(50049, 0, 0, 50049)
(50002, 0, 0, 50002)
(49945, 0, 0, 49945)
(49919, 0, 0, 49919)
(49893, 0, 0, 49893)
(49869, 0, 0, 49869)
(49847, 0, 0, 49847)
(49818, 0, 0, 49818)
(49770, 0, 0, 49770)
(49749, 0, 0, 49749)
(49716, 0, 0, 49716)
(49683, 0, 0, 49683)
(49668, 0, 0, 49668)
(49661, 0, 0, 49661)
(49654, 0, 0, 49654)
(49647, 0, 0, 49647)
(49615, 0, 0, 49615)
(49614, 0, 0, 49614)
(49606, 0, 0, 49606)
(49582, 0, 0, 49582)
(49558, 0, 0, 49558)
(49542, 0, 0, 49542)
(49508, 0, 0, 49508)
(49479, 0, 0, 49479)
(49444, 0, 0, 49444)
(49411, 0, 0, 49411)
(49407, 0, 0, 49407)
(49379, 0, 0, 49379)
(49342, 0, 0, 49342)
(49324, 0, 0, 49324)
(49305, 0, 0, 49305)
(49270, 0, 0, 49270)
(49241, 0, 0, 49241)
(49220, 0, 0, 49220)
(49207, 0, 0, 49207)
(49190, 0, 0, 49190)
(49165, 0, 0, 49165)
(49152, 0, 0, 49152)
(49139, 0, 0, 49139)
(49107, 0, 0, 49107)
(49080, 0, 0, 49080)
(49055, 0, 0, 49055)
(49036, 0, 0, 49036)
(49018, 0, 0, 49018)
(49009, 0, 0, 49009)
(48980, 0, 0, 48980)
(48960, 0, 0, 48960)
(48943, 0, 0, 48943)
(48920, 0, 0, 48920)
(48901, 0, 0, 48901)
(48884, 0, 0, 48884)
(48882, 0, 0, 48882)
(48880, 0, 0, 48880)
(48855, 0, 0, 48855)
(48809, 0, 0, 48809)
(48793, 0, 0, 48793)
(48789, 0, 0, 48789)
(48762, 0, 0, 48762)
(48733, 0, 0, 48733)
(48707, 0, 0, 48707)
(48697, 0, 0, 48697)
(48679, 0, 0, 48679)
(48645, 0, 0, 48645)
(48612, 0, 0, 48612)
(48598, 0, 0, 48598)
(48564, 0, 0, 48564)
(48563, 0, 0, 48563)
(48549, 0, 0, 48549)
(48508, 0, 0, 48508)
(48483, 0, 0, 48483)
(48453, 0, 0, 48453)
(48420, 0, 0, 48420)
(48403, 0, 0, 48403)
(48362, 0, 0, 48362)
(48344, 0, 0, 48344)
(48316, 0, 0, 48316)
(48299, 0, 0, 48299)
(48286, 0, 0, 48286)
(48259, 0, 0, 48259)
(48212, 0, 0, 48212)
(48205, 0, 0, 48205)
(48187, 0, 0, 48187)
(48159, 0, 0, 48159)
(48130, 0, 0, 48130)
(48102, 0, 0, 48102)
(48061, 0, 0, 48061)
(48030, 0, 0, 48030)
(48010, 0, 0, 48010)
(47999, 0, 0, 47999)
(47964, 0, 0, 47964)
(47943, 0, 0, 47943)
(47932, 0, 0, 47932)
(47905, 0, 0, 47905)
(47870, 0, 0, 47870)
(47831, 0, 0, 47831)
(47792, 0, 0, 47792)
(47767, 0, 0, 47767)
(47750, 0, 0, 47750)
(47735, 0, 0, 47735)
(47702, 0, 0, 47702)
(47684, 0, 0, 47684)
(47651, 0, 0, 47651)
(47607, 0, 0, 47607)
(47588, 0, 0, 47588)
(47545, 0, 0, 47545)
(47515, 0, 0, 47515)
(47435, 0, 0, 47435)
(47400, 0, 0, 47400)
(47382, 0, 0, 47382)
(47358, 0, 0, 47358)
(47334, 0, 0, 47334)
(47310, 0, 0, 47310)
(47267, 0, 0, 47267)
(47233, 0, 0, 47233)
(47209, 0, 0, 47209)
(47189, 0, 0, 47189)
(47182, 0, 0, 47182)
(47180, 0, 0, 47180)
(47178, 0, 0, 47178)
(47164, 0, 0, 47164)
(47151, 0, 0, 47151)
(47128, 0, 0, 47128)
(47117, 0, 0, 47117)
(47105, 0, 0, 47105)
(47091, 0, 0, 47091)
(47071, 0, 0, 47071)
(47030, 0, 0, 47030)
(47007, 0, 0, 47007)
(46984, 0, 0, 46984)
(46965, 0, 0, 46965)
(46958, 0, 0, 46958)
(46940, 0, 0, 46940)
(46911, 0, 0, 46911)
(46872, 0, 0, 46872)
(46868, 0, 0, 46868)
(46856, 0, 0, 46856)
(46848, 0, 0, 46848)
(46818, 0, 0, 46818)
(46811, 0, 0, 46811)
(46794, 0, 0, 46794)
(46787, 0, 0, 46787)
(46744, 0, 0, 46744)
(46721, 0, 0, 46721)
(46696, 0, 0, 46696)
(46685, 0, 0, 46685)
(46648, 0, 0, 46648)
(46620, 0, 0, 46620)
(46603, 0, 0, 46603)
(46581, 0, 0, 46581)
(46555, 0, 0, 46555)
(46532, 0, 0, 46532)
(46498, 0, 0, 46498)
(46485, 0, 0, 46485)
(46475, 0, 0, 46475)
(46460, 0, 0, 46460)
(46450, 0, 0, 46450)
(46425, 0, 0, 46425)
(46410, 0, 0, 46410)
(46395, 0, 0, 46395)
(46366, 0, 0, 46366)
(46332, 0, 0, 46332)
(46304, 0, 0, 46304)
(46293, 0, 0, 46293)
(46269, 0, 0, 46269)
(46247, 0, 0, 46247)
(46231, 0, 0, 46231)
(46208, 0, 0, 46208)
(46184, 0, 0, 46184)
(46168, 0, 0, 46168)
(46156, 0, 0, 46156)
(46135, 0, 0, 46135)
(46106, 0, 0, 46106)
(46082, 0, 0, 46082)
(46072, 0, 0, 46072)
(46060, 0, 0, 46060)
(46044, 0, 0, 46044)
(46027, 0, 0, 46027)
(46018, 0, 0, 46018)
(45973, 0, 0, 45973)
(45938, 0, 0, 45938)
(45915, 0, 0, 45915)
(45880, 0, 0, 45880)
(45839, 0, 0, 45839)
(45792, 0, 0, 45792)
(45781, 0, 0, 45781)
(45769, 0, 0, 45769)
(45726, 0, 0, 45726)
(45694, 0, 0, 45694)
(45673, 0, 0, 45673)
(45655, 0, 0, 45655)
(45639, 0, 0, 45639)
(45619, 0, 0, 45619)
(45581, 0, 0, 45581)
(45561, 0, 0, 45561)
(45541, 0, 0, 45541)
(45534, 0, 0, 45534)
(45491, 0, 0, 45491)
(45461, 0, 0, 45461)
(45427, 0, 0, 45427)
(45401, 0, 0, 45401)
(45386, 0, 0, 45386)
(45348, 0, 0, 45348)
(45327, 0, 0, 45327)
(45318, 0, 0, 45318)
(45292, 0, 0, 45292)
(45261, 0, 0, 45261)
(45250, 0, 0, 45250)
(45225, 0, 0, 45225)
(45208, 0, 0, 45208)
(45195, 0, 0, 45195)
(45149, 0, 0, 45149)
(45135, 0, 0, 45135)
(45105, 0, 0, 45105)
(45066, 0, 0, 45066)
(45060, 0, 0, 45060)
(45054, 0, 0, 45054)
(45013, 0, 0, 45013)
(44997, 0, 0, 44997)
(44972, 0, 0, 44972)
(44956, 0, 0, 44956)
(44933, 0, 0, 44933)
(44920, 0, 0, 44920)
(44906, 0, 0, 44906)
(44883, 0, 0, 44883)
(44861, 0, 0, 44861)
(44840, 0, 0, 44840)
(44809, 0, 0, 44809)
(44791, 0, 0, 44791)
(44773, 0, 0, 44773)
(44742, 0, 0, 44742)
(44711, 0, 0, 44711)
(44675, 0, 0, 44675)
(44652, 0, 0, 44652)
(44648, 0, 0, 44648)
(44614, 0, 0, 44614)
(44590, 0, 0, 44590)
(44570, 0, 0, 44570)
(44550, 0, 0, 44550)
(44530, 0, 0, 44530)
(44502, 0, 0, 44502)
(44492, 0, 0, 44492)
(44479, 0, 0, 44479)
(44454, 0, 0, 44454)
(44431, 0, 0, 44431)
(44396, 0, 0, 44396)
(44370, 0, 0, 44370)
(44346, 0, 0, 44346)
(44313, 0, 0, 44313)
(44269, 0, 0, 44269)
(44259, 0, 0, 44259)
(44249, 0, 0, 44249)
(44239, 0, 0, 44239)
(44201, 0, 0, 44201)
(44181, 0, 0, 44181)
(44158, 0, 0, 44158)
(44117, 0, 0, 44117)
(44082, 0, 0, 44082)
(44039, 0, 0, 44039)
(43995, 0, 0, 43995)
(43970, 0, 0, 43970)
(43935, 0, 0, 43935)
(43924, 0, 0, 43924)
(43903, 0, 0, 43903)
(43897, 0, 0, 43897)
(43858, 0, 0, 43858)
(43824, 0, 0, 43824)
(43794, 0, 0, 43794)
(43789, 0, 0, 43789)
(43762, 0, 0, 43762)
(43745, 0, 0, 43745)
(43740, 0, 0, 43740)
(43717, 0, 0, 43717)
(43693, 0, 0, 43693)
(43654, 0, 0, 43654)
(43637, 0, 0, 43637)
(43615, 0, 0, 43615)
(43572, 0, 0, 43572)
(43560, 0, 0, 43560)
(43539, 0, 0, 43539)
(43521, 0, 0, 43521)
(43500, 0, 0, 43500)
(43479, 0, 0, 43479)
(43478, 0, 0, 43478)
(43455, 0, 0, 43455)
(43424, 0, 0, 43424)
(43394, 0, 0, 43394)
(43369, 0, 0, 43369)
(43351, 0, 0, 43351)
(43315, 0, 0, 43315)
(43297, 0, 0, 43297)
(43257, 0, 0, 43257)
