(59464, 0, 0, 59464)
(59370, 0, 0, 59370)
(59335, 0, 0, 59335)
(59286, 0, 0, 59286)
(59157, 0, 0, 59157)
(59137, 0, 0, 59137)
(59108, 0, 0, 59108)
(59079, 0, 0, 59079)
(59014, 0, 0, 59014)
(58989, 0, 0, 58989)
(59174, 0, 403, 59577)
(59120, 0, 403, 59523)
(59004, 0, 403, 59407)
(58894, 0, 403, 59297)
(58894, 0, 403, 59297)
(58853, 0, 403, 59256)
(58853, 0, 403, 59256)
(58818, 0, 403, 59221)
(58767, 0, 403, 59170)
(58767, 0, 403, 59170)
(58855, 0, 779, 59634)
(58691, 0, 779, 59470)
(58660, 0, 779, 59439)
(58624, 0, 779, 59403)
(58593, 0, 779, 59372)
(58591, 0, 779, 59370)
(58399, 0, 779, 59178)
(58360, 0, 779, 59139)
(58288, 0, 779, 59067)
(58233, 0, 779, 59012)
(58446, 0, 1354, 59800)
(58384, 0, 1354, 59738)
(58353, 0, 1354, 59707)
(58324, 0, 1354, 59678)
(58188, 84, 1330, 59602)
(58125, 84, 1330, 59539)
(58125, 84, 1330, 59539)
(58095, 84, 1330, 59509)
(58034, 84, 1330, 59448)
(57953, 84, 1330, 59367)
(58049, 168, 1802, 60019)
(58049, 168, 1802, 60019)
(57732, 168, 1802, 59702)
(57732, 168, 1802, 59702)
(59135, 0, 0, 59135)
(59026, 0, 0, 59026)
(58996, 0, 0, 58996)
(58962, 0, 0, 58962)
(58877, 0, 0, 58877)
(58877, 0, 0, 58877)
(58910, 0, 683, 59593)
(58906, 0, 683, 59589)
(58889, 0, 683, 59572)
(58847, 0, 683, 59530)
(58847, 0, 683, 59530)
(58761, 0, 683, 59444)
(58754, 0, 683, 59437)
(58639, 0, 683, 59322)
(58620, 0, 683, 59303)
(58578, 0, 683, 59261)
(58710, 0, 1117, 59827)
(58689, 0, 1113, 59802)
(58417, 64, 1113, 59594)
(58374, 64, 1113, 59551)
(58229, 64, 1113, 59406)
(58229, 64, 1113, 59406)
(58210, 64, 1113, 59387)
(58210, 64, 1113, 59387)
(58066, 64, 1113, 59243)
(58066, 64, 1113, 59243)
(58124, 128, 1514, 59766)
(58124, 128, 1514, 59766)
(57988, 128, 1514, 59630)
(57988, 128, 1514, 59630)
(58770, 0, 0, 58770)
(58770, 0, 0, 58770)
(58770, 0, 0, 58770)
(58745, 0, 0, 58745)
(58711, 0, 0, 58711)
(58641, 0, 0, 58641)
(58718, 0, 1314, 60032)
(58690, 0, 1314, 60004)
(58633, 0, 1314, 59947)
(58619, 0, 1314, 59933)
(58553, 0, 1314, 59867)
(58535, 0, 1314, 59849)
(58535, 0, 1314, 59849)
(58483, 0, 1314, 59797)
(58404, 0, 1314, 59718)
(59429, 0, 0, 59429)
(59463, 0, 0, 59463)
(59452, 0, 0, 59452)
(59416, 0, 0, 59416)
(59384, 0, 0, 59384)
(59362, 0, 0, 59362)
(59295, 0, 0, 59295)
(59242, 0, 0, 59242)
(59232, 0, 0, 59232)
(59179, 0, 0, 59179)
(59174, 0, 0, 59174)
(59317, 0, 233, 59550)
(59281, 0, 233, 59514)
(59233, 0, 233, 59466)
(59188, 0, 233, 59421)
(59464, 0, 0, 59464)
