(123998, 0, 0, 123998)
(123959, 0, 0, 123959)
(123911, 0, 0, 123911)
(123772, 0, 0, 123772)
(123725, 0, 0, 123725)
(123363, 236, 0, 123599)
(123363, 236, 0, 123599)
(123361, 236, 0, 123597)
(123361, 236, 0, 123597)
(123346, 236, 0, 123582)
(123788, 236, 433, 124457)
(123734, 236, 453, 124423)
(123734, 236, 453, 124423)
(123371, 319, 453, 124143)
(123975, 0, 0, 123975)
(123862, 0, 0, 123862)
(123862, 0, 0, 123862)
(123744, 0, 0, 123744)
(123744, 0, 0, 123744)
(123684, 0, 0, 123684)
(123833, 0, 44, 123877)
(123797, 0, 44, 123841)
(123797, 0, 44, 123841)
(123740, 0, 44, 123784)
(123455, 0, 44, 123499)
(123379, 0, 44, 123423)
(123308, 0, 44, 123352)
(123298, 0, 44, 123342)
(123298, 0, 44, 123342)
(123182, 0, 44, 123226)
(123564, 0, 502, 124066)
(123564, 0, 502, 124066)
(123564, 0, 502, 124066)
(123492, 0, 502, 123994)
(123469, 0, 502, 123971)
(123469, 0, 502, 123971)
(123356, 0, 502, 123858)
(123356, 0, 502, 123858)
(123263, 0, 502, 123765)
(123263, 0, 502, 123765)
(123596, 0, 634, 124230)
(123323, 96, 634, 124053)
(123323, 96, 634, 124053)
(123192, 96, 634, 123922)
(123133, 96, 634, 123863)
(123504, 192, 0, 123696)
(123472, 192, 0, 123664)
(123472, 192, 0, 123664)
(123383, 192, 0, 123575)
(123322, 192, 0, 123514)
(123109, 192, 728, 124029)
(123033, 192, 728, 123953)
(123033, 192, 728, 123953)
(122998, 192, 728, 123918)
(122962, 192, 728, 123882)
(124023, 0, 0, 124023)
