(128560, 0, 0, 128560)
(128532, 0, 0, 128532)
(128522, 0, 0, 128522)
(128511, 0, 0, 128511)
(128459, 0, 0, 128459)
(128427, 0, 0, 128427)
(128363, 0, 0, 128363)
(128302, 0, 0, 128302)
(128276, 0, 0, 128276)
(128233, 0, 0, 128233)
(128206, 0, 0, 128206)
(128175, 0, 0, 128175)
(128126, 0, 0, 128126)
(128093, 0, 0, 128093)
(128060, 0, 0, 128060)
(128012, 0, 0, 128012)
(127979, 0, 0, 127979)
(127957, 0, 0, 127957)
(127914, 0, 0, 127914)
(127896, 0, 0, 127896)
(127875, 0, 0, 127875)
(127856, 0, 0, 127856)
(127837, 0, 0, 127837)
(127809, 0, 0, 127809)
(127800, 0, 0, 127800)
(127764, 0, 0, 127764)
(127718, 0, 0, 127718)
(127679, 0, 0, 127679)
(127636, 0, 0, 127636)
(127596, 0, 0, 127596)
(127576, 0, 0, 127576)
(127556, 0, 0, 127556)
(127540, 0, 0, 127540)
(127529, 0, 0, 127529)
(127516, 0, 0, 127516)
(127472, 0, 0, 127472)
(127428, 0, 0, 127428)
(127383, 0, 0, 127383)
(127338, 0, 0, 127338)
(127323, 0, 0, 127323)
(127307, 0, 0, 127307)
(127289, 0, 0, 127289)
(127257, 0, 0, 127257)
(127227, 0, 0, 127227)
(127196, 0, 0, 127196)
(127151, 0, 0, 127151)
(127128, 0, 0, 127128)
(127082, 0, 0, 127082)
(127020, 0, 0, 127020)
(126983, 0, 0, 126983)
(126947, 0, 0, 126947)
(126907, 0, 0, 126907)
(126865, 0, 0, 126865)
(126832, 0, 0, 126832)
(126812, 0, 0, 126812)
(126792, 0, 0, 126792)
(126772, 0, 0, 126772)
(126743, 0, 0, 126743)
(126709, 0, 0, 126709)
(126671, 0, 0, 126671)
(126656, 0, 0, 126656)
(126642, 0, 0, 126642)
(126626, 0, 0, 126626)
(126583, 0, 0, 126583)
(126543, 0, 0, 126543)
(126505, 0, 0, 126505)
(126482, 0, 0, 126482)
(126441, 0, 0, 126441)
(126405, 0, 0, 126405)
(126369, 0, 0, 126369)
(126319, 0, 0, 126319)
(126269, 0, 0, 126269)
(126251, 0, 0, 126251)
(126233, 0, 0, 126233)
(126197, 0, 0, 126197)
(126178, 0, 0, 126178)
(126149, 0, 0, 126149)
(126120, 0, 0, 126120)
(126106, 0, 0, 126106)
(126092, 0, 0, 126092)
(126052, 0, 0, 126052)
(126012, 0, 0, 126012)
(125999, 0, 0, 125999)
(125986, 0, 0, 125986)
(125955, 0, 0, 125955)
(125939, 0, 0, 125939)
(125908, 0, 0, 125908)
(125868, 0, 0, 125868)
(125829, 0, 0, 125829)
(125790, 0, 0, 125790)
(125743, 0, 0, 125743)
(125696, 0, 0, 125696)
(125649, 0, 0, 125649)
(125602, 0, 0, 125602)
(125599, 0, 0, 125599)
(125574, 0, 0, 125574)
(125549, 0, 0, 125549)
(125526, 0, 0, 125526)
(125503, 0, 0, 125503)
(125483, 0, 0, 125483)
(125464, 0, 0, 125464)
(125445, 0, 0, 125445)
(125412, 0, 0, 125412)
(125379, 0, 0, 125379)
(125346, 0, 0, 125346)
(125305, 0, 0, 125305)
(125264, 0, 0, 125264)
(125234, 0, 0, 125234)
(125220, 0, 0, 125220)
(125200, 0, 0, 125200)
(125171, 0, 0, 125171)
(125159, 0, 0, 125159)
(125124, 0, 0, 125124)
(125093, 0, 0, 125093)
(125062, 0, 0, 125062)
(125046, 0, 0, 125046)
(125030, 0, 0, 125030)
(124993, 0, 0, 124993)
(124946, 0, 0, 124946)
(124934, 0, 0, 124934)
(124920, 0, 0, 124920)
(124874, 0, 0, 124874)
(124844, 0, 0, 124844)
(124821, 0, 0, 124821)
(124792, 0, 0, 124792)
(124763, 0, 0, 124763)
(124734, 0, 0, 124734)
(124709, 0, 0, 124709)
(124697, 0, 0, 124697)
(124685, 0, 0, 124685)
(124673, 0, 0, 124673)
(124661, 0, 0, 124661)
(124626, 0, 0, 124626)
(124591, 0, 0, 124591)
(124556, 0, 0, 124556)
(124547, 0, 0, 124547)
(124539, 0, 0, 124539)
(124497, 0, 0, 124497)
(124466, 0, 0, 124466)
(124425, 0, 0, 124425)
(124400, 0, 0, 124400)
(124375, 0, 0, 124375)
(124350, 0, 0, 124350)
(124303, 0, 0, 124303)
(124256, 0, 0, 124256)
(124209, 0, 0, 124209)
(124193, 0, 0, 124193)
(124168, 0, 0, 124168)
(124135, 0, 0, 124135)
(124133, 0, 0, 124133)
(124089, 0, 0, 124089)
(124087, 0, 0, 124087)
(124051, 0, 0, 124051)
(124023, 0, 0, 124023)
(123991, 0, 0, 123991)
(123958, 0, 0, 123958)
(123924, 0, 0, 123924)
(123913, 0, 0, 123913)
(123873, 0, 0, 123873)
(123830, 0, 0, 123830)
(123787, 0, 0, 123787)
(123744, 0, 0, 123744)
(123731, 0, 0, 123731)
(123729, 0, 0, 123729)
(123727, 0, 0, 123727)
(123707, 0, 0, 123707)
(123704, 0, 0, 123704)
(123665, 0, 0, 123665)
(123634, 0, 0, 123634)
(123616, 0, 0, 123616)
(123557, 0, 0, 123557)
(123531, 0, 0, 123531)
(123468, 0, 0, 123468)
(123408, 0, 0, 123408)
(123385, 0, 0, 123385)
(123378, 0, 0, 123378)
(123371, 0, 0, 123371)
(123360, 0, 0, 123360)
(123349, 0, 0, 123349)
(123293, 0, 0, 123293)
(123237, 0, 0, 123237)
(123181, 0, 0, 123181)
(123125, 0, 0, 123125)
(123069, 0, 0, 123069)
(123013, 0, 0, 123013)
(122965, 0, 0, 122965)
(122963, 0, 0, 122963)
(122961, 0, 0, 122961)
(122959, 0, 0, 122959)
(122957, 0, 0, 122957)
(122936, 0, 0, 122936)
(122924, 0, 0, 122924)
(122901, 0, 0, 122901)
(122894, 0, 0, 122894)
(122859, 0, 0, 122859)
(122855, 0, 0, 122855)
(122793, 0, 0, 122793)
(122782, 0, 0, 122782)
(122753, 0, 0, 122753)
(122713, 0, 0, 122713)
(122686, 0, 0, 122686)
(122658, 0, 0, 122658)
(122616, 0, 0, 122616)
(122574, 0, 0, 122574)
(122552, 0, 0, 122552)
(122530, 0, 0, 122530)
(122499, 0, 0, 122499)
(122460, 0, 0, 122460)
(122417, 0, 0, 122417)
(122374, 0, 0, 122374)
(122369, 0, 0, 122369)
(122332, 0, 0, 122332)
(122315, 0, 0, 122315)
(122276, 0, 0, 122276)
(122248, 0, 0, 122248)
(122239, 0, 0, 122239)
(122219, 0, 0, 122219)
(122189, 0, 0, 122189)
(122158, 0, 0, 122158)
(122123, 0, 0, 122123)
(122085, 0, 0, 122085)
(122052, 0, 0, 122052)
(122029, 0, 0, 122029)
(122002, 0, 0, 122002)
(121957, 0, 0, 121957)
(121934, 0, 0, 121934)
(121918, 0, 0, 121918)
(121902, 0, 0, 121902)
(121886, 0, 0, 121886)
(121860, 0, 0, 121860)
(121834, 0, 0, 121834)
(121808, 0, 0, 121808)
(121787, 0, 0, 121787)
(121747, 0, 0, 121747)
(121716, 0, 0, 121716)
(121686, 0, 0, 121686)
(121643, 0, 0, 121643)
(121610, 0, 0, 121610)
(121581, 0, 0, 121581)
(121538, 0, 0, 121538)
(121494, 0, 0, 121494)
(121477, 0, 0, 121477)
(121419, 0, 0, 121419)
(121407, 0, 0, 121407)
(121377, 0, 0, 121377)
(121353, 0, 0, 121353)
(121334, 0, 0, 121334)
(121311, 0, 0, 121311)
(121263, 0, 0, 121263)
(121251, 0, 0, 121251)
(121213, 0, 0, 121213)
(121175, 0, 0, 121175)
(121163, 0, 0, 121163)
(121153, 0, 0, 121153)
(121115, 0, 0, 121115)
(121100, 0, 0, 121100)
(121085, 0, 0, 121085)
(121070, 0, 0, 121070)
(121023, 0, 0, 121023)
(121000, 0, 0, 121000)
(120978, 0, 0, 120978)
(120952, 0, 0, 120952)
(120931, 0, 0, 120931)
(120912, 0, 0, 120912)
(120865, 0, 0, 120865)
(120813, 0, 0, 120813)
(120754, 0, 0, 120754)
(120744, 0, 0, 120744)
(120725, 0, 0, 120725)
(120701, 0, 0, 120701)
(120677, 0, 0, 120677)
(120625, 0, 0, 120625)
(120573, 0, 0, 120573)
(120548, 0, 0, 120548)
(120519, 0, 0, 120519)
(120480, 0, 0, 120480)
(120444, 0, 0, 120444)
(120403, 0, 0, 120403)
(120388, 0, 0, 120388)
(120343, 0, 0, 120343)
(120298, 0, 0, 120298)
(120262, 0, 0, 120262)
(120220, 0, 0, 120220)
(120207, 0, 0, 120207)
(120202, 0, 0, 120202)
(120198, 0, 0, 120198)
(120156, 0, 0, 120156)
(120148, 0, 0, 120148)
(120121, 0, 0, 120121)
(120079, 0, 0, 120079)
(120070, 0, 0, 120070)
(120061, 0, 0, 120061)
(120052, 0, 0, 120052)
(119993, 0, 0, 119993)
(119962, 0, 0, 119962)
(119941, 0, 0, 119941)
(119902, 0, 0, 119902)
(119885, 0, 0, 119885)
(119871, 0, 0, 119871)
(119837, 0, 0, 119837)
(119821, 0, 0, 119821)
(119808, 0, 0, 119808)
(119795, 0, 0, 119795)
(119788, 0, 0, 119788)
(119756, 0, 0, 119756)
(119735, 0, 0, 119735)
(119704, 0, 0, 119704)
(119683, 0, 0, 119683)
(119644, 0, 0, 119644)
(119636, 0, 0, 119636)
(119588, 0, 0, 119588)
(119540, 0, 0, 119540)
(119492, 0, 0, 119492)
(119448, 0, 0, 119448)
(119414, 0, 0, 119414)
(119380, 0, 0, 119380)
(119357, 0, 0, 119357)
(119353, 0, 0, 119353)
(119324, 0, 0, 119324)
(119295, 0, 0, 119295)
(119272, 0, 0, 119272)
(119235, 0, 0, 119235)
(119228, 0, 0, 119228)
(119209, 0, 0, 119209)
(119196, 0, 0, 119196)
(119176, 0, 0, 119176)
(119140, 0, 0, 119140)
(119104, 0, 0, 119104)
(119096, 0, 0, 119096)
(119078, 0, 0, 119078)
(119032, 0, 0, 119032)
(119007, 0, 0, 119007)
(118944, 0, 0, 118944)
(118895, 0, 0, 118895)
(118846, 0, 0, 118846)
(118785, 0, 0, 118785)
(118732, 0, 0, 118732)
(118709, 0, 0, 118709)
(118667, 0, 0, 118667)
(118647, 0, 0, 118647)
(118618, 0, 0, 118618)
(118605, 0, 0, 118605)
(118576, 0, 0, 118576)
(118534, 0, 0, 118534)
(118528, 0, 0, 118528)
(118522, 0, 0, 118522)
(118516, 0, 0, 118516)
(118510, 0, 0, 118510)
(118504, 0, 0, 118504)
(118440, 0, 0, 118440)
(118401, 0, 0, 118401)
(118382, 0, 0, 118382)
(118359, 0, 0, 118359)
(118322, 0, 0, 118322)
(118297, 0, 0, 118297)
(118278, 0, 0, 118278)
(118245, 0, 0, 118245)
(118218, 0, 0, 118218)
(118191, 0, 0, 118191)
(118164, 0, 0, 118164)
(118137, 0, 0, 118137)
(118122, 0, 0, 118122)
(118105, 0, 0, 118105)
(118055, 0, 0, 118055)
(118022, 0, 0, 118022)
(117989, 0, 0, 117989)
(117956, 0, 0, 117956)
(117914, 0, 0, 117914)
(117872, 0, 0, 117872)
(117839, 0, 0, 117839)
(117806, 0, 0, 117806)
(117773, 0, 0, 117773)
(117740, 0, 0, 117740)
(117721, 0, 0, 117721)
(117706, 0, 0, 117706)
(117667, 0, 0, 117667)
(117666, 0, 0, 117666)
(117623, 0, 0, 117623)
(117565, 0, 0, 117565)
(117552, 0, 0, 117552)
(117538, 0, 0, 117538)
(117499, 0, 0, 117499)
(117471, 0, 0, 117471)
(117443, 0, 0, 117443)
(117393, 0, 0, 117393)
(117347, 0, 0, 117347)
(117323, 0, 0, 117323)
(117290, 0, 0, 117290)
(117242, 0, 0, 117242)
(117192, 0, 0, 117192)
(117147, 0, 0, 117147)
(117101, 0, 0, 117101)
(117062, 0, 0, 117062)
(117038, 0, 0, 117038)
(117014, 0, 0, 117014)
(116993, 0, 0, 116993)
(116964, 0, 0, 116964)
(116943, 0, 0, 116943)
(116922, 0, 0, 116922)
(116912, 0, 0, 116912)
(116872, 0, 0, 116872)
(116837, 0, 0, 116837)
(116789, 0, 0, 116789)
(116750, 0, 0, 116750)
(116739, 0, 0, 116739)
(116697, 0, 0, 116697)
(116674, 0, 0, 116674)
(116651, 0, 0, 116651)
(116628, 0, 0, 116628)
(116624, 0, 0, 116624)
(116620, 0, 0, 116620)
(116591, 0, 0, 116591)
(116562, 0, 0, 116562)
(116532, 0, 0, 116532)
(116513, 0, 0, 116513)
(116468, 0, 0, 116468)
(116466, 0, 0, 116466)
(116464, 0, 0, 116464)
(116462, 0, 0, 116462)
(116441, 0, 0, 116441)
(116420, 0, 0, 116420)
(116408, 0, 0, 116408)
(116396, 0, 0, 116396)
(116351, 0, 0, 116351)
(116350, 0, 0, 116350)
(116326, 0, 0, 116326)
(116300, 0, 0, 116300)
(116284, 0, 0, 116284)
(116268, 0, 0, 116268)
(116252, 0, 0, 116252)
(116217, 0, 0, 116217)
(116198, 0, 0, 116198)
(116173, 0, 0, 116173)
(116132, 0, 0, 116132)
(116125, 0, 0, 116125)
(116118, 0, 0, 116118)
(116059, 0, 0, 116059)
(116029, 0, 0, 116029)
(115999, 0, 0, 115999)
(115961, 0, 0, 115961)
(115923, 0, 0, 115923)
(115877, 0, 0, 115877)
(115839, 0, 0, 115839)
(115793, 0, 0, 115793)
(115787, 0, 0, 115787)
(115751, 0, 0, 115751)
(115733, 0, 0, 115733)
(115698, 0, 0, 115698)
(115660, 0, 0, 115660)
(115646, 0, 0, 115646)
(115645, 0, 0, 115645)
(115613, 0, 0, 115613)
(115584, 0, 0, 115584)
(115555, 0, 0, 115555)
(115526, 0, 0, 115526)
(115497, 0, 0, 115497)
(115469, 0, 0, 115469)
(115441, 0, 0, 115441)
(115413, 0, 0, 115413)
(115392, 0, 0, 115392)
(115389, 0, 0, 115389)
(115353, 0, 0, 115353)
(115317, 0, 0, 115317)
(115282, 0, 0, 115282)
(115247, 0, 0, 115247)
(115230, 0, 0, 115230)
(115213, 0, 0, 115213)
(115173, 0, 0, 115173)
(115137, 0, 0, 115137)
(115072, 0, 0, 115072)
(115017, 0, 0, 115017)
(114990, 0, 0, 114990)
(114970, 0, 0, 114970)
(114941, 0, 0, 114941)
(114912, 0, 0, 114912)
(114898, 0, 0, 114898)
(114888, 0, 0, 114888)
(114873, 0, 0, 114873)
(114849, 0, 0, 114849)
(114797, 0, 0, 114797)
(114792, 0, 0, 114792)
(114736, 0, 0, 114736)
(114721, 0, 0, 114721)
(114689, 0, 0, 114689)
(114657, 0, 0, 114657)
(114625, 0, 0, 114625)
(114599, 0, 0, 114599)
(114564, 0, 0, 114564)
(114538, 0, 0, 114538)
(114517, 0, 0, 114517)
(114488, 0, 0, 114488)
(114459, 0, 0, 114459)
(114430, 0, 0, 114430)
(114406, 0, 0, 114406)
(114396, 0, 0, 114396)
(114370, 0, 0, 114370)
(114353, 0, 0, 114353)
(114336, 0, 0, 114336)
(114317, 0, 0, 114317)
(114298, 0, 0, 114298)
(114257, 0, 0, 114257)
(114216, 0, 0, 114216)
(114182, 0, 0, 114182)
(114134, 0, 0, 114134)
(114127, 0, 0, 114127)
(114083, 0, 0, 114083)
(114039, 0, 0, 114039)
(113994, 0, 0, 113994)
(113980, 0, 0, 113980)
(113939, 0, 0, 113939)
(113902, 0, 0, 113902)
(113884, 0, 0, 113884)
(113863, 0, 0, 113863)
(113858, 0, 0, 113858)
(113853, 0, 0, 113853)
(113848, 0, 0, 113848)
(113823, 0, 0, 113823)
(113812, 0, 0, 113812)
(113801, 0, 0, 113801)
(113764, 0, 0, 113764)
(113741, 0, 0, 113741)
(113698, 0, 0, 113698)
(113661, 0, 0, 113661)
(113621, 0, 0, 113621)
(113587, 0, 0, 113587)
(113568, 0, 0, 113568)
(113548, 0, 0, 113548)
(113521, 0, 0, 113521)
(113475, 0, 0, 113475)
(113438, 0, 0, 113438)
(113407, 0, 0, 113407)
(113349, 0, 0, 113349)
(113318, 0, 0, 113318)
(113296, 0, 0, 113296)
(113274, 0, 0, 113274)
(113252, 0, 0, 113252)
(113215, 0, 0, 113215)
(113191, 0, 0, 113191)
(113155, 0, 0, 113155)
(113119, 0, 0, 113119)
(113066, 0, 0, 113066)
(113037, 0, 0, 113037)
(113009, 0, 0, 113009)
(112949, 0, 0, 112949)
(112889, 0, 0, 112889)
(112881, 0, 0, 112881)
(112873, 0, 0, 112873)
(112842, 0, 0, 112842)
(112828, 0, 0, 112828)
(112781, 0, 0, 112781)
(112768, 0, 0, 112768)
(112766, 0, 0, 112766)
(112740, 0, 0, 112740)
(112714, 0, 0, 112714)
(112679, 0, 0, 112679)
(112626, 0, 0, 112626)
(112587, 0, 0, 112587)
(112548, 0, 0, 112548)
(112509, 0, 0, 112509)
(112470, 0, 0, 112470)
(112421, 0, 0, 112421)
(112401, 0, 0, 112401)
(112381, 0, 0, 112381)
(112355, 0, 0, 112355)
(112329, 0, 0, 112329)
(112291, 0, 0, 112291)
(112253, 0, 0, 112253)
(112215, 0, 0, 112215)
(112195, 0, 0, 112195)
(112179, 0, 0, 112179)
(112141, 0, 0, 112141)
(112113, 0, 0, 112113)
(112077, 0, 0, 112077)
(112041, 0, 0, 112041)
(112005, 0, 0, 112005)
(111952, 0, 0, 111952)
(111925, 0, 0, 111925)
(111916, 0, 0, 111916)
(111883, 0, 0, 111883)
(111852, 0, 0, 111852)
(111831, 0, 0, 111831)
(111827, 0, 0, 111827)
(111777, 0, 0, 111777)
(111729, 0, 0, 111729)
(111724, 0, 0, 111724)
(111719, 0, 0, 111719)
(111704, 0, 0, 111704)
(111689, 0, 0, 111689)
(111674, 0, 0, 111674)
(111633, 0, 0, 111633)
(111592, 0, 0, 111592)
(111551, 0, 0, 111551)
(111523, 0, 0, 111523)
(111519, 0, 0, 111519)
(111486, 0, 0, 111486)
(111453, 0, 0, 111453)
(111410, 0, 0, 111410)
(111367, 0, 0, 111367)
(111353, 0, 0, 111353)
(111304, 0, 0, 111304)
(111267, 0, 0, 111267)
(111256, 0, 0, 111256)
(111225, 0, 0, 111225)
(111180, 0, 0, 111180)
(111119, 0, 0, 111119)
(111092, 0, 0, 111092)
(111068, 0, 0, 111068)
(111053, 0, 0, 111053)
(111049, 0, 0, 111049)
(111024, 0, 0, 111024)
(110982, 0, 0, 110982)
(110953, 0, 0, 110953)
(110919, 0, 0, 110919)
(110885, 0, 0, 110885)
