(73703, 0, 0, 73703)
(73703, 0, 0, 73703)
(73629, 0, 0, 73629)
(73624, 0, 0, 73624)
(73583, 0, 0, 73583)
(73544, 0, 0, 73544)
(73508, 0, 0, 73508)
(73475, 0, 0, 73475)
(73459, 0, 0, 73459)
(73454, 0, 0, 73454)
(73576, 0, 197, 73773)
(73575, 0, 175, 73750)
(73528, 0, 175, 73703)
(73479, 0, 175, 73654)
(73440, 0, 197, 73637)
(73563, 0, 0, 73563)
(73528, 0, 0, 73528)
(73501, 0, 0, 73501)
(73224, 0, 175, 73399)
(73135, 0, 175, 73310)
(73309, 0, 714, 74023)
(73255, 0, 714, 73969)
(73255, 0, 714, 73969)
(73216, 0, 714, 73930)
(73196, 0, 714, 73910)
(73164, 0, 714, 73878)
(73095, 0, 714, 73809)
(73060, 0, 714, 73774)
(72961, 56, 714, 73731)
(73579, 0, 0, 73579)
(73660, 0, 66, 73726)
(73620, 0, 66, 73686)
(73558, 0, 66, 73624)
(73532, 0, 66, 73598)
(73495, 0, 66, 73561)
(73421, 58, 66, 73545)
(73426, 0, 66, 73492)
(73365, 58, 66, 73489)
(73363, 0, 66, 73429)
(73303, 0, 66, 73369)
(73373, 0, 455, 73828)
(73373, 0, 455, 73828)
(73324, 0, 455, 73779)
(73229, 0, 455, 73684)
(73628, 0, 0, 73628)
(73586, 0, 0, 73586)
(73546, 0, 0, 73546)
(73544, 0, 0, 73544)
(73491, 0, 0, 73491)
(73491, 0, 0, 73491)
(73515, 0, 317, 73832)
(73466, 0, 317, 73783)
(73466, 0, 317, 73783)
(73441, 0, 317, 73758)
(73400, 0, 317, 73717)
(73394, 0, 317, 73711)
(73320, 0, 317, 73637)
(73288, 0, 317, 73605)
(73251, 0, 317, 73568)
(73171, 0, 317, 73488)
(73368, 0, 512, 73880)
(73306, 0, 512, 73818)
(73264, 0, 512, 73776)
(73726, 0, 0, 73726)
