(99023, 0, 0, 99023)
(98894, 0, 0, 98894)
(98889, 0, 0, 98889)
(98826, 0, 0, 98826)
(98826, 0, 0, 98826)
(98770, 0, 0, 98770)
(98737, 0, 0, 98737)
(98708, 0, 0, 98708)
(98708, 0, 0, 98708)
(98708, 0, 0, 98708)
(98821, 0, 407, 99228)
(98795, 0, 407, 99202)
(98795, 0, 407, 99202)
(98795, 0, 407, 99202)
(98920, 0, 0, 98920)
(98884, 0, 0, 98884)
(98713, 0, 0, 98713)
(98713, 0, 0, 98713)
(98586, 0, 0, 98586)
(98547, 0, 0, 98547)
(98764, 0, 647, 99411)
(98664, 0, 671, 99335)
(98554, 0, 671, 99225)
(98500, 0, 671, 99171)
(98492, 0, 671, 99163)
(98442, 0, 671, 99113)
(98338, 0, 671, 99009)
(98338, 0, 671, 99009)
(98076, 61, 671, 98808)
(98012, 61, 671, 98744)
(98206, 122, 1504, 99832)
(98244, 122, 1448, 99814)
(98244, 122, 1448, 99814)
(98164, 168, 1448, 99780)
(98196, 122, 1448, 99766)
(98119, 168, 1448, 99735)
(98116, 122, 1448, 99686)
(97926, 276, 1448, 99650)
(97926, 276, 1448, 99650)
(97881, 276, 1448, 99605)
(98077, 430, 1746, 100253)
(97956, 430, 1746, 100132)
(97924, 430, 1746, 100100)
(97909, 430, 1746, 100085)
(98872, 0, 0, 98872)
(98855, 0, 0, 98855)
(98809, 0, 0, 98809)
(98778, 0, 0, 98778)
(98776, 0, 0, 98776)
(99023, 0, 0, 99023)
