(124528, 0, 0, 124528)
(124466, 0, 0, 124466)
(124385, 0, 0, 124385)
(124290, 81, 0, 124371)
(124290, 81, 0, 124371)
(124261, 81, 0, 124342)
(124229, 81, 0, 124310)
(124200, 81, 0, 124281)
(124156, 81, 0, 124237)
(124001, 81, 0, 124082)
(124334, 162, 303, 124799)
(124242, 242, 303, 124787)
(124203, 242, 303, 124748)
(124203, 242, 303, 124748)
(124487, 0, 0, 124487)
(124393, 0, 0, 124393)
(124393, 0, 0, 124393)
(124166, 128, 0, 124294)
(124141, 128, 0, 124269)
(124058, 128, 0, 124186)
(124333, 179, 123, 124635)
(124128, 179, 123, 124430)
(124081, 179, 123, 124383)
(123945, 179, 123, 124247)
(123945, 179, 123, 124247)
(123930, 179, 123, 124232)
(123930, 179, 123, 124232)
(123791, 219, 123, 124133)
(123790, 219, 123, 124132)
(123622, 219, 123, 123964)
(123895, 310, 746, 124951)
(123825, 310, 746, 124881)
(123806, 310, 746, 124862)
(123802, 310, 746, 124858)
(123802, 310, 746, 124858)
(123665, 310, 746, 124721)
(123665, 310, 746, 124721)
(123623, 310, 746, 124679)
(123613, 310, 746, 124669)
(123566, 310, 746, 124622)
(124528, 0, 0, 124528)
