(154448, 52, 0, 154500)
(154477, 0, 0, 154477)
(154477, 0, 0, 154477)
(154477, 0, 0, 154477)
(154415, 0, 0, 154415)
(154315, 0, 0, 154315)
(153913, 162, 0, 154075)
(153911, 162, 0, 154073)
(153859, 162, 0, 154021)
(153859, 162, 0, 154021)
(154336, 162, 102, 154600)
(154336, 162, 102, 154600)
(154289, 162, 102, 154553)
(154072, 282, 102, 154456)
(154415, 0, 0, 154415)
(154166, 120, 0, 154286)
(154096, 182, 0, 154278)
(153945, 120, 0, 154065)
(153945, 120, 0, 154065)
(153880, 120, 0, 154000)
(154156, 120, 423, 154699)
(154079, 120, 423, 154622)
(153972, 120, 423, 154515)
(153972, 120, 423, 154515)
(153972, 120, 423, 154515)
(153878, 180, 423, 154481)
(153826, 180, 423, 154429)
(153737, 180, 423, 154340)
(153737, 180, 423, 154340)
(153706, 180, 423, 154309)
(153960, 240, 583, 154783)
(153915, 240, 583, 154738)
(153850, 240, 583, 154673)
(153850, 240, 583, 154673)
(154519, 0, 0, 154519)
