(139125, 0, 0, 139125)
(139089, 0, 0, 139089)
(139069, 0, 0, 139069)
(139022, 0, 0, 139022)
(139007, 0, 0, 139007)
(138992, 0, 0, 138992)
(138971, 0, 0, 138971)
(138970, 0, 0, 138970)
(138947, 0, 0, 138947)
(138946, 0, 0, 138946)
(138945, 0, 0, 138945)
(138944, 0, 0, 138944)
(138943, 0, 0, 138943)
(138942, 0, 0, 138942)
(138941, 0, 0, 138941)
(138927, 0, 0, 138927)
(138917, 0, 0, 138917)
(138903, 0, 0, 138903)
(138863, 0, 0, 138863)
(138823, 0, 0, 138823)
(138803, 0, 0, 138803)
(138770, 0, 0, 138770)
(138743, 0, 0, 138743)
(138739, 0, 0, 138739)
(138708, 0, 0, 138708)
(138690, 0, 0, 138690)
(138682, 0, 0, 138682)
(138626, 0, 0, 138626)
(138570, 0, 0, 138570)
(138514, 0, 0, 138514)
(138510, 0, 0, 138510)
(138506, 0, 0, 138506)
(138502, 0, 0, 138502)
(138498, 0, 0, 138498)
(138481, 0, 0, 138481)
(138478, 0, 0, 138478)
(138475, 0, 0, 138475)
(138474, 0, 0, 138474)
(138473, 0, 0, 138473)
(138465, 0, 0, 138465)
(138457, 0, 0, 138457)
(138446, 0, 0, 138446)
(138420, 0, 0, 138420)
(138411, 0, 0, 138411)
(138402, 0, 0, 138402)
(138393, 0, 0, 138393)
(138358, 0, 0, 138358)
(138330, 0, 0, 138330)
(138309, 0, 0, 138309)
(138275, 0, 0, 138275)
(138239, 0, 0, 138239)
(138220, 0, 0, 138220)
(138201, 0, 0, 138201)
(138197, 0, 0, 138197)
(138189, 0, 0, 138189)
(138180, 0, 0, 138180)
(138161, 0, 0, 138161)
(138147, 0, 0, 138147)
(138126, 0, 0, 138126)
(138119, 0, 0, 138119)
(138090, 0, 0, 138090)
(138061, 0, 0, 138061)
(138032, 0, 0, 138032)
(137994, 0, 0, 137994)
(137979, 0, 0, 137979)
(137926, 0, 0, 137926)
(137901, 0, 0, 137901)
(137864, 0, 0, 137864)
(137830, 0, 0, 137830)
(137794, 0, 0, 137794)
(137781, 0, 0, 137781)
(137748, 0, 0, 137748)
(137715, 0, 0, 137715)
(137668, 0, 0, 137668)
(137647, 0, 0, 137647)
(137629, 0, 0, 137629)
(137615, 0, 0, 137615)
(137578, 0, 0, 137578)
(137573, 0, 0, 137573)
(137554, 0, 0, 137554)
(137542, 0, 0, 137542)
(137519, 0, 0, 137519)
(137496, 0, 0, 137496)
(137472, 0, 0, 137472)
(137455, 0, 0, 137455)
(137438, 0, 0, 137438)
(137433, 0, 0, 137433)
(137428, 0, 0, 137428)
(137423, 0, 0, 137423)
(137418, 0, 0, 137418)
(137415, 0, 0, 137415)
(137412, 0, 0, 137412)
(137409, 0, 0, 137409)
(137405, 0, 0, 137405)
(137394, 0, 0, 137394)
(137383, 0, 0, 137383)
(137352, 0, 0, 137352)
(137325, 0, 0, 137325)
(137320, 0, 0, 137320)
(137282, 0, 0, 137282)
(137281, 0, 0, 137281)
(137280, 0, 0, 137280)
(137279, 0, 0, 137279)
(137278, 0, 0, 137278)
(137256, 0, 0, 137256)
(137234, 0, 0, 137234)
(137212, 0, 0, 137212)
(137163, 0, 0, 137163)
(137146, 0, 0, 137146)
(137129, 0, 0, 137129)
(137112, 0, 0, 137112)
(137089, 0, 0, 137089)
(137066, 0, 0, 137066)
(137051, 0, 0, 137051)
(137040, 0, 0, 137040)
(137022, 0, 0, 137022)
(137013, 0, 0, 137013)
(136972, 0, 0, 136972)
(136967, 0, 0, 136967)
(136948, 0, 0, 136948)
(136931, 0, 0, 136931)
(136902, 0, 0, 136902)
(136872, 0, 0, 136872)
(136862, 0, 0, 136862)
(136852, 0, 0, 136852)
(136841, 0, 0, 136841)
(136826, 0, 0, 136826)
(136825, 0, 0, 136825)
(136824, 0, 0, 136824)
(136801, 0, 0, 136801)
(136787, 0, 0, 136787)
(136768, 0, 0, 136768)
(136755, 0, 0, 136755)
(136732, 0, 0, 136732)
(136718, 0, 0, 136718)
(136704, 0, 0, 136704)
(136670, 0, 0, 136670)
(136636, 0, 0, 136636)
(136602, 0, 0, 136602)
(136593, 0, 0, 136593)
(136584, 0, 0, 136584)
(136577, 0, 0, 136577)
(136565, 0, 0, 136565)
(136564, 0, 0, 136564)
(136563, 0, 0, 136563)
(136562, 0, 0, 136562)
(136528, 0, 0, 136528)
(136501, 0, 0, 136501)
(136474, 0, 0, 136474)
(136435, 0, 0, 136435)
(136416, 0, 0, 136416)
(136397, 0, 0, 136397)
(136392, 0, 0, 136392)
(136387, 0, 0, 136387)
(136347, 0, 0, 136347)
(136346, 0, 0, 136346)
(136345, 0, 0, 136345)
(136317, 0, 0, 136317)
(136286, 0, 0, 136286)
(136277, 0, 0, 136277)
(136276, 0, 0, 136276)
(136275, 0, 0, 136275)
(136264, 0, 0, 136264)
(136260, 0, 0, 136260)
(136259, 0, 0, 136259)
(136258, 0, 0, 136258)
(136257, 0, 0, 136257)
(136256, 0, 0, 136256)
(136255, 0, 0, 136255)
(136254, 0, 0, 136254)
(136233, 0, 0, 136233)
(136206, 0, 0, 136206)
(136179, 0, 0, 136179)
(136170, 0, 0, 136170)
(136161, 0, 0, 136161)
(136146, 0, 0, 136146)
(136131, 0, 0, 136131)
(136116, 0, 0, 136116)
(136102, 0, 0, 136102)
(136087, 0, 0, 136087)
(136076, 0, 0, 136076)
(136075, 0, 0, 136075)
(136074, 0, 0, 136074)
(136073, 0, 0, 136073)
(136057, 0, 0, 136057)
(136025, 0, 0, 136025)
(136000, 0, 0, 136000)
(135977, 0, 0, 135977)
(135933, 0, 0, 135933)
(135929, 0, 0, 135929)
(135924, 0, 0, 135924)
(135897, 0, 0, 135897)
(135870, 0, 0, 135870)
(135856, 0, 0, 135856)
(135855, 0, 0, 135855)
(135854, 0, 0, 135854)
(135853, 0, 0, 135853)
(135844, 0, 0, 135844)
(135835, 0, 0, 135835)
(135834, 0, 0, 135834)
(135801, 0, 0, 135801)
(135775, 0, 0, 135775)
(135768, 0, 0, 135768)
(135760, 0, 0, 135760)
(135752, 0, 0, 135752)
(135751, 0, 0, 135751)
(135737, 0, 0, 135737)
(135723, 0, 0, 135723)
(135709, 0, 0, 135709)
(135681, 0, 0, 135681)
(135651, 0, 0, 135651)
(135641, 0, 0, 135641)
(135631, 0, 0, 135631)
(135605, 0, 0, 135605)
(135579, 0, 0, 135579)
(135553, 0, 0, 135553)
(135538, 0, 0, 135538)
(135515, 0, 0, 135515)
(135512, 0, 0, 135512)
(135509, 0, 0, 135509)
(135480, 0, 0, 135480)
(135469, 0, 0, 135469)
(135444, 0, 0, 135444)
(135427, 0, 0, 135427)
(135419, 0, 0, 135419)
(135411, 0, 0, 135411)
(135403, 0, 0, 135403)
(135389, 0, 0, 135389)
(135372, 0, 0, 135372)
(135362, 0, 0, 135362)
(135321, 0, 0, 135321)
(135283, 0, 0, 135283)
(135247, 0, 0, 135247)
(135218, 0, 0, 135218)
(135189, 0, 0, 135189)
(135182, 0, 0, 135182)
(135175, 0, 0, 135175)
(135151, 0, 0, 135151)
(135116, 0, 0, 135116)
(135100, 0, 0, 135100)
(135084, 0, 0, 135084)
(135068, 0, 0, 135068)
(135043, 0, 0, 135043)
(135001, 0, 0, 135001)
(134980, 0, 0, 134980)
(134962, 0, 0, 134962)
(134944, 0, 0, 134944)
(134943, 0, 0, 134943)
(134942, 0, 0, 134942)
(134931, 0, 0, 134931)
(134906, 0, 0, 134906)
(134894, 0, 0, 134894)
(134864, 0, 0, 134864)
(134845, 0, 0, 134845)
(134813, 0, 0, 134813)
(134794, 0, 0, 134794)
(134775, 0, 0, 134775)
(134774, 0, 0, 134774)
(134738, 0, 0, 134738)
(134737, 0, 0, 134737)
(134709, 0, 0, 134709)
(134689, 0, 0, 134689)
(134655, 0, 0, 134655)
(134621, 0, 0, 134621)
(134587, 0, 0, 134587)
(134575, 0, 0, 134575)
(134563, 0, 0, 134563)
(134551, 0, 0, 134551)
(134539, 0, 0, 134539)
(134527, 0, 0, 134527)
(134519, 0, 0, 134519)
(134511, 0, 0, 134511)
(134503, 0, 0, 134503)
(134495, 0, 0, 134495)
(134486, 0, 0, 134486)
(134470, 0, 0, 134470)
(134440, 0, 0, 134440)
(134416, 0, 0, 134416)
(134406, 0, 0, 134406)
(134396, 0, 0, 134396)
(134389, 0, 0, 134389)
(134370, 0, 0, 134370)
(134351, 0, 0, 134351)
(134332, 0, 0, 134332)
(134321, 0, 0, 134321)
(134317, 0, 0, 134317)
(134289, 0, 0, 134289)
(134257, 0, 0, 134257)
(134256, 0, 0, 134256)
(134250, 0, 0, 134250)
(134213, 0, 0, 134213)
(134212, 0, 0, 134212)
(134211, 0, 0, 134211)
(134187, 0, 0, 134187)
(134163, 0, 0, 134163)
(134146, 0, 0, 134146)
(134129, 0, 0, 134129)
(134107, 0, 0, 134107)
(134093, 0, 0, 134093)
(134080, 0, 0, 134080)
(134067, 0, 0, 134067)
(134054, 0, 0, 134054)
(134041, 0, 0, 134041)
(134030, 0, 0, 134030)
(134019, 0, 0, 134019)
(134008, 0, 0, 134008)
(133997, 0, 0, 133997)
(133981, 0, 0, 133981)
(133980, 0, 0, 133980)
(133952, 0, 0, 133952)
(133924, 0, 0, 133924)
(133923, 0, 0, 133923)
(133906, 0, 0, 133906)
(133889, 0, 0, 133889)
(133872, 0, 0, 133872)
(133852, 0, 0, 133852)
(133823, 0, 0, 133823)
(133800, 0, 0, 133800)
(133790, 0, 0, 133790)
(133775, 0, 0, 133775)
(133735, 0, 0, 133735)
(133673, 0, 0, 133673)
(133652, 0, 0, 133652)
(133639, 0, 0, 133639)
(133626, 0, 0, 133626)
(133613, 0, 0, 133613)
(133592, 0, 0, 133592)
(133577, 0, 0, 133577)
(133576, 0, 0, 133576)
(133575, 0, 0, 133575)
(133574, 0, 0, 133574)
(133573, 0, 0, 133573)
(133543, 0, 0, 133543)
(133510, 0, 0, 133510)
(133498, 0, 0, 133498)
(133494, 0, 0, 133494)
(133485, 0, 0, 133485)
(133468, 0, 0, 133468)
(133452, 0, 0, 133452)
(133446, 0, 0, 133446)
(133440, 0, 0, 133440)
(133434, 0, 0, 133434)
(133428, 0, 0, 133428)
(133422, 0, 0, 133422)
(133416, 0, 0, 133416)
(133400, 0, 0, 133400)
(133384, 0, 0, 133384)
(133368, 0, 0, 133368)
(133355, 0, 0, 133355)
(133329, 0, 0, 133329)
(133305, 0, 0, 133305)
(133291, 0, 0, 133291)
(133277, 0, 0, 133277)
(133256, 0, 0, 133256)
(133235, 0, 0, 133235)
(133214, 0, 0, 133214)
(133193, 0, 0, 133193)
(133172, 0, 0, 133172)
(133141, 0, 0, 133141)
(133136, 0, 0, 133136)
(133112, 0, 0, 133112)
(133089, 0, 0, 133089)
(133066, 0, 0, 133066)
(133050, 0, 0, 133050)
(133043, 0, 0, 133043)
(133040, 0, 0, 133040)
(133037, 0, 0, 133037)
(133017, 0, 0, 133017)
(132997, 0, 0, 132997)
(132976, 0, 0, 132976)
(132970, 0, 0, 132970)
(132953, 0, 0, 132953)
(132952, 0, 0, 132952)
(132925, 0, 0, 132925)
(132898, 0, 0, 132898)
(132863, 0, 0, 132863)
(132853, 0, 0, 132853)
(132826, 0, 0, 132826)
(132791, 0, 0, 132791)
(132756, 0, 0, 132756)
(132721, 0, 0, 132721)
(132712, 0, 0, 132712)
(132690, 0, 0, 132690)
(132677, 0, 0, 132677)
(132664, 0, 0, 132664)
(132651, 0, 0, 132651)
(132638, 0, 0, 132638)
(132625, 0, 0, 132625)
(132608, 0, 0, 132608)
(132591, 0, 0, 132591)
(132561, 0, 0, 132561)
(132545, 0, 0, 132545)
(132529, 0, 0, 132529)
(132513, 0, 0, 132513)
(132500, 0, 0, 132500)
(132484, 0, 0, 132484)
(132466, 0, 0, 132466)
(132443, 0, 0, 132443)
(132431, 0, 0, 132431)
(132419, 0, 0, 132419)
(132407, 0, 0, 132407)
(132395, 0, 0, 132395)
(132378, 0, 0, 132378)
(132361, 0, 0, 132361)
(132344, 0, 0, 132344)
(132339, 0, 0, 132339)
(132325, 0, 0, 132325)
(132315, 0, 0, 132315)
(132313, 0, 0, 132313)
(132311, 0, 0, 132311)
(132307, 0, 0, 132307)
(132296, 0, 0, 132296)
(132285, 0, 0, 132285)
(132274, 0, 0, 132274)
(132263, 0, 0, 132263)
(132229, 0, 0, 132229)
(132212, 0, 0, 132212)
(132189, 0, 0, 132189)
(132180, 0, 0, 132180)
(132164, 0, 0, 132164)
(132117, 0, 0, 132117)
(132070, 0, 0, 132070)
(132023, 0, 0, 132023)
(132010, 0, 0, 132010)
(131972, 0, 0, 131972)
(131969, 0, 0, 131969)
(131966, 0, 0, 131966)
(131965, 0, 0, 131965)
(131939, 0, 0, 131939)
(131908, 0, 0, 131908)
(131887, 0, 0, 131887)
(131866, 0, 0, 131866)
(131865, 0, 0, 131865)
(131827, 0, 0, 131827)
(131805, 0, 0, 131805)
(131796, 0, 0, 131796)
(131771, 0, 0, 131771)
(131769, 0, 0, 131769)
(131767, 0, 0, 131767)
(131742, 0, 0, 131742)
(131717, 0, 0, 131717)
(131692, 0, 0, 131692)
(131667, 0, 0, 131667)
(131666, 0, 0, 131666)
(131665, 0, 0, 131665)
(131664, 0, 0, 131664)
(131663, 0, 0, 131663)
(131662, 0, 0, 131662)
(131661, 0, 0, 131661)
(131660, 0, 0, 131660)
(131648, 0, 0, 131648)
(131641, 0, 0, 131641)
(131624, 0, 0, 131624)
(131607, 0, 0, 131607)
(131575, 0, 0, 131575)
(131541, 0, 0, 131541)
(131507, 0, 0, 131507)
(131473, 0, 0, 131473)
(131424, 0, 0, 131424)
(131386, 0, 0, 131386)
(131369, 0, 0, 131369)
(131334, 0, 0, 131334)
(131324, 0, 0, 131324)
(131295, 0, 0, 131295)
(131284, 0, 0, 131284)
(131283, 0, 0, 131283)
(131282, 0, 0, 131282)
(131281, 0, 0, 131281)
(131262, 0, 0, 131262)
(131243, 0, 0, 131243)
(131224, 0, 0, 131224)
(131205, 0, 0, 131205)
(131195, 0, 0, 131195)
(131185, 0, 0, 131185)
(131147, 0, 0, 131147)
(131142, 0, 0, 131142)
(131137, 0, 0, 131137)
(131133, 0, 0, 131133)
(131099, 0, 0, 131099)
(131078, 0, 0, 131078)
(131074, 0, 0, 131074)
(131070, 0, 0, 131070)
(131029, 0, 0, 131029)
(130988, 0, 0, 130988)
(130967, 0, 0, 130967)
(130965, 0, 0, 130965)
(130963, 0, 0, 130963)
(130962, 0, 0, 130962)
(130961, 0, 0, 130961)
(130956, 0, 0, 130956)
(130923, 0, 0, 130923)
(130903, 0, 0, 130903)
(130901, 0, 0, 130901)
(130899, 0, 0, 130899)
(130897, 0, 0, 130897)
(130895, 0, 0, 130895)
(130893, 0, 0, 130893)
(130891, 0, 0, 130891)
(130889, 0, 0, 130889)
(130882, 0, 0, 130882)
(130875, 0, 0, 130875)
(130868, 0, 0, 130868)
(130861, 0, 0, 130861)
(130833, 0, 0, 130833)
(130817, 0, 0, 130817)
(130782, 0, 0, 130782)
(130769, 0, 0, 130769)
(130725, 0, 0, 130725)
(130724, 0, 0, 130724)
(130723, 0, 0, 130723)
(130722, 0, 0, 130722)
(130711, 0, 0, 130711)
(130700, 0, 0, 130700)
(130671, 0, 0, 130671)
(130642, 0, 0, 130642)
(130612, 0, 0, 130612)
(130592, 0, 0, 130592)
(130571, 0, 0, 130571)
(130543, 0, 0, 130543)
(130534, 0, 0, 130534)
(130525, 0, 0, 130525)
(130511, 0, 0, 130511)
(130487, 0, 0, 130487)
(130474, 0, 0, 130474)
(130441, 0, 0, 130441)
(130436, 0, 0, 130436)
(130431, 0, 0, 130431)
(130426, 0, 0, 130426)
(130386, 0, 0, 130386)
(130346, 0, 0, 130346)
(130306, 0, 0, 130306)
(130285, 0, 0, 130285)
(130277, 0, 0, 130277)
(130257, 0, 0, 130257)
(130235, 0, 0, 130235)
(130217, 0, 0, 130217)
(130215, 0, 0, 130215)
(130186, 0, 0, 130186)
(130157, 0, 0, 130157)
(130128, 0, 0, 130128)
(130102, 0, 0, 130102)
(130093, 0, 0, 130093)
(130084, 0, 0, 130084)
(130064, 0, 0, 130064)
(130058, 0, 0, 130058)
(130052, 0, 0, 130052)
(130046, 0, 0, 130046)
(130040, 0, 0, 130040)
(130039, 0, 0, 130039)
(130018, 0, 0, 130018)
(129997, 0, 0, 129997)
(129963, 0, 0, 129963)
(129953, 0, 0, 129953)
(129934, 0, 0, 129934)
(129910, 0, 0, 129910)
(129886, 0, 0, 129886)
(129862, 0, 0, 129862)
(129858, 0, 0, 129858)
(129853, 0, 0, 129853)
(129851, 0, 0, 129851)
(129849, 0, 0, 129849)
(129841, 0, 0, 129841)
(129797, 0, 0, 129797)
(129783, 0, 0, 129783)
(129724, 0, 0, 129724)
(129693, 0, 0, 129693)
(129680, 0, 0, 129680)
(129667, 0, 0, 129667)
(129656, 0, 0, 129656)
(129636, 0, 0, 129636)
(129630, 0, 0, 129630)
(129619, 0, 0, 129619)
(129608, 0, 0, 129608)
(129576, 0, 0, 129576)
(129573, 0, 0, 129573)
(129570, 0, 0, 129570)
(129567, 0, 0, 129567)
(129564, 0, 0, 129564)
(129561, 0, 0, 129561)
(129556, 0, 0, 129556)
(129539, 0, 0, 129539)
(129522, 0, 0, 129522)
(129496, 0, 0, 129496)
(129470, 0, 0, 129470)
(129444, 0, 0, 129444)
(129422, 0, 0, 129422)
(129397, 0, 0, 129397)
(129352, 0, 0, 129352)
(129333, 0, 0, 129333)
(129326, 0, 0, 129326)
(129319, 0, 0, 129319)
(129317, 0, 0, 129317)
(129312, 0, 0, 129312)
(129303, 0, 0, 129303)
(129299, 0, 0, 129299)
(129295, 0, 0, 129295)
(129291, 0, 0, 129291)
(129278, 0, 0, 129278)
(129265, 0, 0, 129265)
(129235, 0, 0, 129235)
(129204, 0, 0, 129204)
(129196, 0, 0, 129196)
(129169, 0, 0, 129169)
(129142, 0, 0, 129142)
(129141, 0, 0, 129141)
(129136, 0, 0, 129136)
(129131, 0, 0, 129131)
(129130, 0, 0, 129130)
(129122, 0, 0, 129122)
(129114, 0, 0, 129114)
(129089, 0, 0, 129089)
(129063, 0, 0, 129063)
(129032, 0, 0, 129032)
(129001, 0, 0, 129001)
(128970, 0, 0, 128970)
(128966, 0, 0, 128966)
(128962, 0, 0, 128962)
(128943, 0, 0, 128943)
(128923, 0, 0, 128923)
(128914, 0, 0, 128914)
(128905, 0, 0, 128905)
(128895, 0, 0, 128895)
(128877, 0, 0, 128877)
(128859, 0, 0, 128859)
