(73319, 0, 0, 73319)
(73277, 0, 0, 73277)
(73258, 0, 0, 73258)
(73155, 0, 0, 73155)
(73117, 0, 0, 73117)
(73090, 0, 0, 73090)
(73088, 0, 0, 73088)
(73088, 0, 0, 73088)
(73050, 0, 0, 73050)
(73020, 0, 0, 73020)
(73101, 0, 138, 73239)
(73048, 0, 138, 73186)
(73026, 0, 138, 73164)
(73005, 0, 138, 73143)
(72952, 0, 138, 73090)
(72906, 0, 138, 73044)
(72906, 0, 138, 73044)
(72864, 0, 138, 73002)
(72859, 0, 138, 72997)
(72802, 0, 138, 72940)
(72936, 0, 460, 73396)
(72904, 0, 480, 73384)
(72884, 0, 480, 73364)
(72816, 0, 480, 73296)
(72787, 0, 480, 73267)
(72703, 0, 480, 73183)
(72703, 0, 480, 73183)
(72664, 0, 480, 73144)
(72601, 0, 480, 73081)
(72538, 0, 480, 73018)
(72706, 15, 728, 73449)
(72646, 15, 728, 73389)
(72522, 74, 728, 73324)
(72508, 74, 728, 73310)
(72472, 74, 728, 73274)
(72472, 74, 728, 73274)
(72394, 74, 728, 73196)
(72394, 74, 728, 73196)
(72334, 114, 728, 73176)
(72270, 74, 728, 73072)
(72523, 148, 969, 73640)
(72451, 148, 969, 73568)
(72451, 148, 969, 73568)
(72413, 148, 969, 73530)
(72823, 148, 213, 73184)
(72788, 148, 213, 73149)
(72751, 148, 213, 73112)
(72713, 148, 213, 73074)
(72698, 148, 213, 73059)
(72676, 148, 213, 73037)
(72656, 148, 979, 73783)
(72656, 148, 979, 73783)
(72625, 148, 979, 73752)
(72612, 148, 979, 73739)
(72553, 148, 979, 73680)
(72553, 148, 979, 73680)
(72473, 148, 979, 73600)
(72429, 148, 979, 73556)
(72426, 148, 979, 73553)
(72908, 0, 213, 73121)
(73102, 0, 213, 73315)
