(154328, 0, 0, 154328)
(154325, 0, 0, 154325)
(154302, 0, 0, 154302)
(154258, 0, 0, 154258)
(154214, 0, 0, 154214)
(154180, 0, 0, 154180)
(154155, 0, 0, 154155)
(154139, 0, 0, 154139)
(154117, 0, 0, 154117)
(154111, 0, 0, 154111)
(154105, 0, 0, 154105)
(154099, 0, 0, 154099)
(154076, 0, 0, 154076)
(154070, 0, 0, 154070)
(154053, 0, 0, 154053)
(154015, 0, 0, 154015)
(153978, 0, 0, 153978)
(153943, 0, 0, 153943)
(153922, 0, 0, 153922)
(153910, 0, 0, 153910)
(153871, 0, 0, 153871)
(153860, 0, 0, 153860)
(153818, 0, 0, 153818)
(153789, 0, 0, 153789)
(153773, 0, 0, 153773)
(153758, 0, 0, 153758)
(153757, 0, 0, 153757)
(153745, 0, 0, 153745)
(153733, 0, 0, 153733)
(153721, 0, 0, 153721)
(153693, 0, 0, 153693)
(153665, 0, 0, 153665)
(153637, 0, 0, 153637)
(153609, 0, 0, 153609)
(153581, 0, 0, 153581)
(153553, 0, 0, 153553)
(153536, 0, 0, 153536)
(153515, 0, 0, 153515)
(153484, 0, 0, 153484)
(153453, 0, 0, 153453)
(153424, 0, 0, 153424)
(153391, 0, 0, 153391)
(153353, 0, 0, 153353)
(153350, 0, 0, 153350)
(153310, 0, 0, 153310)
(153279, 0, 0, 153279)
(153251, 0, 0, 153251)
(153228, 0, 0, 153228)
(153205, 0, 0, 153205)
(153188, 0, 0, 153188)
(153175, 0, 0, 153175)
(153142, 0, 0, 153142)
(153115, 0, 0, 153115)
(153094, 0, 0, 153094)
(153066, 0, 0, 153066)
(153038, 0, 0, 153038)
(153010, 0, 0, 153010)
(152982, 0, 0, 152982)
(152954, 0, 0, 152954)
(152926, 0, 0, 152926)
(152898, 0, 0, 152898)
(152874, 0, 0, 152874)
(152858, 0, 0, 152858)
(152842, 0, 0, 152842)
(152826, 0, 0, 152826)
(152810, 0, 0, 152810)
(152794, 0, 0, 152794)
(152778, 0, 0, 152778)
(152762, 0, 0, 152762)
(152724, 0, 0, 152724)
(152712, 0, 0, 152712)
(152674, 0, 0, 152674)
(152645, 0, 0, 152645)
(152613, 0, 0, 152613)
(152582, 0, 0, 152582)
(152569, 0, 0, 152569)
(152556, 0, 0, 152556)
(152530, 0, 0, 152530)
(152493, 0, 0, 152493)
(152472, 0, 0, 152472)
(152462, 0, 0, 152462)
(152448, 0, 0, 152448)
(152429, 0, 0, 152429)
(152419, 0, 0, 152419)
(152398, 0, 0, 152398)
(152370, 0, 0, 152370)
(152342, 0, 0, 152342)
(152316, 0, 0, 152316)
(152284, 0, 0, 152284)
(152252, 0, 0, 152252)
(152220, 0, 0, 152220)
(152188, 0, 0, 152188)
(152156, 0, 0, 152156)
(152130, 0, 0, 152130)
(152104, 0, 0, 152104)
(152078, 0, 0, 152078)
(152034, 0, 0, 152034)
(151996, 0, 0, 151996)
(151968, 0, 0, 151968)
(151938, 0, 0, 151938)
(151912, 0, 0, 151912)
(151886, 0, 0, 151886)
(151860, 0, 0, 151860)
(151838, 0, 0, 151838)
(151816, 0, 0, 151816)
(151794, 0, 0, 151794)
(151772, 0, 0, 151772)
(151753, 0, 0, 151753)
(151707, 0, 0, 151707)
(151660, 0, 0, 151660)
(151614, 0, 0, 151614)
(151576, 0, 0, 151576)
(151550, 0, 0, 151550)
(151540, 0, 0, 151540)
(151518, 0, 0, 151518)
(151502, 0, 0, 151502)
(151461, 0, 0, 151461)
(151420, 0, 0, 151420)
(151379, 0, 0, 151379)
(151356, 0, 0, 151356)
(151333, 0, 0, 151333)
(151310, 0, 0, 151310)
(151294, 0, 0, 151294)
(151283, 0, 0, 151283)
(151254, 0, 0, 151254)
(151220, 0, 0, 151220)
(151173, 0, 0, 151173)
(151138, 0, 0, 151138)
(151103, 0, 0, 151103)
(151068, 0, 0, 151068)
(151033, 0, 0, 151033)
(150998, 0, 0, 150998)
(150990, 0, 0, 150990)
(150982, 0, 0, 150982)
(150974, 0, 0, 150974)
(150937, 0, 0, 150937)
(150900, 0, 0, 150900)
(150863, 0, 0, 150863)
(150826, 0, 0, 150826)
(150785, 0, 0, 150785)
(150744, 0, 0, 150744)
(150703, 0, 0, 150703)
(150662, 0, 0, 150662)
(150621, 0, 0, 150621)
(150598, 0, 0, 150598)
(150556, 0, 0, 150556)
(150514, 0, 0, 150514)
(150484, 0, 0, 150484)
(150471, 0, 0, 150471)
(150458, 0, 0, 150458)
(150445, 0, 0, 150445)
(150432, 0, 0, 150432)
(150407, 0, 0, 150407)
(150391, 0, 0, 150391)
(150363, 0, 0, 150363)
(150334, 0, 0, 150334)
(150300, 0, 0, 150300)
(150280, 0, 0, 150280)
(150251, 0, 0, 150251)
(150241, 0, 0, 150241)
(150225, 0, 0, 150225)
(150209, 0, 0, 150209)
(150183, 0, 0, 150183)
(150171, 0, 0, 150171)
(150135, 0, 0, 150135)
(150110, 0, 0, 150110)
(150105, 0, 0, 150105)
(150088, 0, 0, 150088)
(150078, 0, 0, 150078)
(150035, 0, 0, 150035)
(150011, 0, 0, 150011)
(149974, 0, 0, 149974)
(149937, 0, 0, 149937)
(149900, 0, 0, 149900)
(149887, 0, 0, 149887)
(149874, 0, 0, 149874)
(149861, 0, 0, 149861)
(149848, 0, 0, 149848)
(149835, 0, 0, 149835)
(149822, 0, 0, 149822)
(149811, 0, 0, 149811)
(149785, 0, 0, 149785)
(149764, 0, 0, 149764)
(149732, 0, 0, 149732)
(149712, 0, 0, 149712)
(149685, 0, 0, 149685)
(149669, 0, 0, 149669)
(149646, 0, 0, 149646)
(149625, 0, 0, 149625)
(149604, 0, 0, 149604)
(149583, 0, 0, 149583)
(149543, 0, 0, 149543)
(149517, 0, 0, 149517)
(149489, 0, 0, 149489)
(149470, 0, 0, 149470)
(149441, 0, 0, 149441)
(149412, 0, 0, 149412)
(149401, 0, 0, 149401)
(149381, 0, 0, 149381)
(149353, 0, 0, 149353)
(149336, 0, 0, 149336)
(149303, 0, 0, 149303)
(149295, 0, 0, 149295)
(149257, 0, 0, 149257)
(149222, 0, 0, 149222)
(149190, 0, 0, 149190)
(149175, 0, 0, 149175)
(149162, 0, 0, 149162)
(149160, 0, 0, 149160)
(149147, 0, 0, 149147)
(149134, 0, 0, 149134)
(149101, 0, 0, 149101)
(149068, 0, 0, 149068)
(149043, 0, 0, 149043)
(149018, 0, 0, 149018)
(148993, 0, 0, 148993)
(148951, 0, 0, 148951)
(148914, 0, 0, 148914)
(148877, 0, 0, 148877)
(148845, 0, 0, 148845)
(148802, 0, 0, 148802)
(148792, 0, 0, 148792)
(148786, 0, 0, 148786)
(148780, 0, 0, 148780)
(148775, 0, 0, 148775)
(148760, 0, 0, 148760)
(148726, 0, 0, 148726)
(148709, 0, 0, 148709)
(148702, 0, 0, 148702)
(148695, 0, 0, 148695)
(148683, 0, 0, 148683)
(148654, 0, 0, 148654)
(148630, 0, 0, 148630)
(148603, 0, 0, 148603)
(148576, 0, 0, 148576)
(148567, 0, 0, 148567)
(148555, 0, 0, 148555)
(148543, 0, 0, 148543)
(148505, 0, 0, 148505)
(148467, 0, 0, 148467)
(148438, 0, 0, 148438)
(148412, 0, 0, 148412)
(148386, 0, 0, 148386)
(148360, 0, 0, 148360)
(148329, 0, 0, 148329)
(148311, 0, 0, 148311)
(148277, 0, 0, 148277)
(148254, 0, 0, 148254)
(148238, 0, 0, 148238)
(148216, 0, 0, 148216)
(148194, 0, 0, 148194)
(148184, 0, 0, 148184)
(148166, 0, 0, 148166)
(148141, 0, 0, 148141)
(148116, 0, 0, 148116)
(148101, 0, 0, 148101)
(148096, 0, 0, 148096)
(148091, 0, 0, 148091)
(148083, 0, 0, 148083)
(148066, 0, 0, 148066)
(148030, 0, 0, 148030)
(147994, 0, 0, 147994)
(147973, 0, 0, 147973)
(147947, 0, 0, 147947)
(147910, 0, 0, 147910)
(147873, 0, 0, 147873)
(147837, 0, 0, 147837)
(147801, 0, 0, 147801)
(147765, 0, 0, 147765)
(147724, 0, 0, 147724)
(147704, 0, 0, 147704)
(147684, 0, 0, 147684)
(147661, 0, 0, 147661)
(147621, 0, 0, 147621)
(147614, 0, 0, 147614)
(147601, 0, 0, 147601)
(147563, 0, 0, 147563)
(147532, 0, 0, 147532)
(147522, 0, 0, 147522)
(147516, 0, 0, 147516)
(147497, 0, 0, 147497)
(147478, 0, 0, 147478)
(147464, 0, 0, 147464)
(147418, 0, 0, 147418)
(147375, 0, 0, 147375)
(147352, 0, 0, 147352)
(147344, 0, 0, 147344)
(147300, 0, 0, 147300)
(147263, 0, 0, 147263)
(147246, 0, 0, 147246)
(147221, 0, 0, 147221)
(147210, 0, 0, 147210)
(147200, 0, 0, 147200)
(147197, 0, 0, 147197)
(147194, 0, 0, 147194)
(147191, 0, 0, 147191)
(147163, 0, 0, 147163)
(147149, 0, 0, 147149)
(147139, 0, 0, 147139)
(147109, 0, 0, 147109)
(147079, 0, 0, 147079)
(147049, 0, 0, 147049)
(147016, 0, 0, 147016)
(146983, 0, 0, 146983)
(146950, 0, 0, 146950)
(146927, 0, 0, 146927)
(146888, 0, 0, 146888)
(146882, 0, 0, 146882)
(146865, 0, 0, 146865)
(146857, 0, 0, 146857)
(146849, 0, 0, 146849)
(146835, 0, 0, 146835)
(146798, 0, 0, 146798)
(146767, 0, 0, 146767)
(146736, 0, 0, 146736)
(146705, 0, 0, 146705)
(146674, 0, 0, 146674)
(146645, 0, 0, 146645)
(146616, 0, 0, 146616)
(146587, 0, 0, 146587)
(146571, 0, 0, 146571)
(146555, 0, 0, 146555)
(146539, 0, 0, 146539)
(146520, 0, 0, 146520)
(146513, 0, 0, 146513)
(146485, 0, 0, 146485)
(146469, 0, 0, 146469)
(146452, 0, 0, 146452)
(146435, 0, 0, 146435)
(146422, 0, 0, 146422)
(146373, 0, 0, 146373)
(146338, 0, 0, 146338)
(146320, 0, 0, 146320)
(146298, 0, 0, 146298)
(146273, 0, 0, 146273)
(146246, 0, 0, 146246)
(146229, 0, 0, 146229)
(146223, 0, 0, 146223)
(146217, 0, 0, 146217)
(146211, 0, 0, 146211)
(146205, 0, 0, 146205)
(146199, 0, 0, 146199)
(146188, 0, 0, 146188)
(146177, 0, 0, 146177)
(146166, 0, 0, 146166)
(146140, 0, 0, 146140)
(146114, 0, 0, 146114)
(146094, 0, 0, 146094)
(146054, 0, 0, 146054)
(146043, 0, 0, 146043)
(146009, 0, 0, 146009)
(145964, 0, 0, 145964)
(145919, 0, 0, 145919)
(145883, 0, 0, 145883)
(145882, 0, 0, 145882)
(145849, 0, 0, 145849)
(145834, 0, 0, 145834)
(145820, 0, 0, 145820)
(145788, 0, 0, 145788)
(145779, 0, 0, 145779)
(145776, 0, 0, 145776)
(145750, 0, 0, 145750)
(145748, 0, 0, 145748)
(145732, 0, 0, 145732)
(145716, 0, 0, 145716)
(145697, 0, 0, 145697)
(145690, 0, 0, 145690)
(145681, 0, 0, 145681)
(145665, 0, 0, 145665)
(145647, 0, 0, 145647)
(145614, 0, 0, 145614)
(145584, 0, 0, 145584)
(145544, 0, 0, 145544)
(145523, 0, 0, 145523)
(145522, 0, 0, 145522)
(145502, 0, 0, 145502)
(145480, 0, 0, 145480)
(145467, 0, 0, 145467)
(145425, 0, 0, 145425)
(145391, 0, 0, 145391)
(145380, 0, 0, 145380)
(145369, 0, 0, 145369)
(145359, 0, 0, 145359)
(145329, 0, 0, 145329)
(145308, 0, 0, 145308)
(145267, 0, 0, 145267)
(145226, 0, 0, 145226)
(145185, 0, 0, 145185)
(145168, 0, 0, 145168)
(145133, 0, 0, 145133)
(145091, 0, 0, 145091)
(145089, 0, 0, 145089)
(145056, 0, 0, 145056)
(145041, 0, 0, 145041)
(145023, 0, 0, 145023)
(145009, 0, 0, 145009)
(144995, 0, 0, 144995)
(144983, 0, 0, 144983)
(144963, 0, 0, 144963)
(144944, 0, 0, 144944)
(144941, 0, 0, 144941)
(144919, 0, 0, 144919)
(144904, 0, 0, 144904)
(144887, 0, 0, 144887)
(144870, 0, 0, 144870)
(144853, 0, 0, 144853)
(144847, 0, 0, 144847)
(144841, 0, 0, 144841)
(144831, 0, 0, 144831)
(144810, 0, 0, 144810)
(144800, 0, 0, 144800)
(144766, 0, 0, 144766)
(144732, 0, 0, 144732)
(144719, 0, 0, 144719)
(144687, 0, 0, 144687)
(144676, 0, 0, 144676)
(144642, 0, 0, 144642)
(144604, 0, 0, 144604)
(144566, 0, 0, 144566)
(144528, 0, 0, 144528)
(144490, 0, 0, 144490)
(144472, 0, 0, 144472)
(144439, 0, 0, 144439)
(144414, 0, 0, 144414)
(144390, 0, 0, 144390)
(144366, 0, 0, 144366)
(144342, 0, 0, 144342)
(144318, 0, 0, 144318)
(144278, 0, 0, 144278)
(144254, 0, 0, 144254)
(144230, 0, 0, 144230)
(144206, 0, 0, 144206)
(144178, 0, 0, 144178)
(144153, 0, 0, 144153)
(144136, 0, 0, 144136)
(144126, 0, 0, 144126)
(144099, 0, 0, 144099)
(144079, 0, 0, 144079)
(144049, 0, 0, 144049)
(144025, 0, 0, 144025)
(144011, 0, 0, 144011)
(143985, 0, 0, 143985)
(143959, 0, 0, 143959)
(143933, 0, 0, 143933)
(143925, 0, 0, 143925)
(143894, 0, 0, 143894)
(143873, 0, 0, 143873)
(143850, 0, 0, 143850)
(143848, 0, 0, 143848)
(143846, 0, 0, 143846)
(143844, 0, 0, 143844)
(143831, 0, 0, 143831)
(143817, 0, 0, 143817)
(143796, 0, 0, 143796)
(143771, 0, 0, 143771)
(143736, 0, 0, 143736)
(143695, 0, 0, 143695)
(143659, 0, 0, 143659)
(143619, 0, 0, 143619)
(143614, 0, 0, 143614)
(143571, 0, 0, 143571)
(143528, 0, 0, 143528)
(143518, 0, 0, 143518)
(143500, 0, 0, 143500)
(143454, 0, 0, 143454)
(143424, 0, 0, 143424)
(143394, 0, 0, 143394)
(143365, 0, 0, 143365)
(143332, 0, 0, 143332)
(143308, 0, 0, 143308)
(143284, 0, 0, 143284)
(143232, 0, 0, 143232)
(143180, 0, 0, 143180)
(143128, 0, 0, 143128)
(143112, 0, 0, 143112)
(143079, 0, 0, 143079)
(143047, 0, 0, 143047)
(143017, 0, 0, 143017)
(142987, 0, 0, 142987)
(142957, 0, 0, 142957)
(142952, 0, 0, 142952)
(142947, 0, 0, 142947)
(142942, 0, 0, 142942)
(142937, 0, 0, 142937)
(142932, 0, 0, 142932)
(142927, 0, 0, 142927)
(142903, 0, 0, 142903)
(142881, 0, 0, 142881)
(142855, 0, 0, 142855)
(142826, 0, 0, 142826)
(142798, 0, 0, 142798)
(142770, 0, 0, 142770)
(142742, 0, 0, 142742)
(142731, 0, 0, 142731)
(142716, 0, 0, 142716)
(142699, 0, 0, 142699)
(142661, 0, 0, 142661)
(142623, 0, 0, 142623)
(142585, 0, 0, 142585)
(142567, 0, 0, 142567)
(142549, 0, 0, 142549)
(142531, 0, 0, 142531)
(142491, 0, 0, 142491)
(142450, 0, 0, 142450)
(142423, 0, 0, 142423)
(142419, 0, 0, 142419)
(142415, 0, 0, 142415)
(142388, 0, 0, 142388)
(142367, 0, 0, 142367)
(142346, 0, 0, 142346)
(142325, 0, 0, 142325)
(142298, 0, 0, 142298)
(142274, 0, 0, 142274)
(142262, 0, 0, 142262)
(142231, 0, 0, 142231)
(142200, 0, 0, 142200)
(142189, 0, 0, 142189)
(142178, 0, 0, 142178)
(142167, 0, 0, 142167)
(142156, 0, 0, 142156)
(142145, 0, 0, 142145)
(142134, 0, 0, 142134)
(142123, 0, 0, 142123)
(142112, 0, 0, 142112)
(142105, 0, 0, 142105)
(142098, 0, 0, 142098)
(142091, 0, 0, 142091)
(142076, 0, 0, 142076)
(142044, 0, 0, 142044)
(142030, 0, 0, 142030)
(141992, 0, 0, 141992)
(141956, 0, 0, 141956)
(141934, 0, 0, 141934)
(141901, 0, 0, 141901)
(141865, 0, 0, 141865)
(141841, 0, 0, 141841)
(141818, 0, 0, 141818)
(141806, 0, 0, 141806)
(141789, 0, 0, 141789)
(141772, 0, 0, 141772)
(141755, 0, 0, 141755)
(141738, 0, 0, 141738)
(141721, 0, 0, 141721)
(141678, 0, 0, 141678)
(141635, 0, 0, 141635)
(141592, 0, 0, 141592)
(141584, 0, 0, 141584)
(141576, 0, 0, 141576)
(141567, 0, 0, 141567)
(141516, 0, 0, 141516)
(141497, 0, 0, 141497)
(141464, 0, 0, 141464)
(141431, 0, 0, 141431)
(141398, 0, 0, 141398)
(141397, 0, 0, 141397)
(141396, 0, 0, 141396)
(141372, 0, 0, 141372)
(141340, 0, 0, 141340)
(141335, 0, 0, 141335)
(141290, 0, 0, 141290)
(141266, 0, 0, 141266)
(141246, 0, 0, 141246)
(141223, 0, 0, 141223)
(141208, 0, 0, 141208)
(141193, 0, 0, 141193)
(141181, 0, 0, 141181)
(141164, 0, 0, 141164)
(141153, 0, 0, 141153)
(141142, 0, 0, 141142)
(141131, 0, 0, 141131)
(141120, 0, 0, 141120)
(141096, 0, 0, 141096)
(141083, 0, 0, 141083)
(141070, 0, 0, 141070)
(141062, 0, 0, 141062)
(141043, 0, 0, 141043)
(141021, 0, 0, 141021)
(141016, 0, 0, 141016)
(140999, 0, 0, 140999)
(140992, 0, 0, 140992)
(140985, 0, 0, 140985)
(140978, 0, 0, 140978)
(140971, 0, 0, 140971)
(140964, 0, 0, 140964)
(140960, 0, 0, 140960)
(140944, 0, 0, 140944)
(140928, 0, 0, 140928)
(140919, 0, 0, 140919)
(140886, 0, 0, 140886)
(140859, 0, 0, 140859)
(140851, 0, 0, 140851)
(140842, 0, 0, 140842)
(140822, 0, 0, 140822)
(140802, 0, 0, 140802)
(140781, 0, 0, 140781)
(140767, 0, 0, 140767)
(140753, 0, 0, 140753)
(140739, 0, 0, 140739)
(140708, 0, 0, 140708)
(140706, 0, 0, 140706)
(140677, 0, 0, 140677)
(140663, 0, 0, 140663)
(140649, 0, 0, 140649)
(140638, 0, 0, 140638)
(140607, 0, 0, 140607)
(140576, 0, 0, 140576)
(140545, 0, 0, 140545)
(140521, 0, 0, 140521)
(140497, 0, 0, 140497)
