(138971, 140, 0, 139111)
(138918, 140, 0, 139058)
(138843, 140, 0, 138983)
(138836, 140, 0, 138976)
(138804, 140, 0, 138944)
(138778, 140, 0, 138918)
(138710, 140, 0, 138850)
(138536, 140, 0, 138676)
(138494, 140, 0, 138634)
(138486, 140, 0, 138626)
(138869, 140, 210, 139219)
(138859, 140, 210, 139209)
(138786, 140, 210, 139136)
(138690, 197, 210, 139097)
(139083, 0, 0, 139083)
(139038, 0, 0, 139038)
(138671, 140, 210, 139021)
(138770, 0, 0, 138770)
(138690, 0, 0, 138690)
(138633, 0, 0, 138633)
(138864, 0, 273, 139137)
(138760, 0, 273, 139033)
(138566, 0, 273, 138839)
(138566, 0, 273, 138839)
(138364, 0, 273, 138637)
(138269, 0, 273, 138542)
(138269, 0, 273, 138542)
(138186, 0, 273, 138459)
(138083, 0, 273, 138356)
(138024, 0, 273, 138297)
(138612, 0, 463, 139075)
(138566, 0, 463, 139029)
(139125, 0, 0, 139125)
