(154328, 0, 0, 154328)
(154292, 0, 0, 154292)
(154247, 0, 0, 154247)
(154247, 0, 0, 154247)
(154217, 0, 0, 154217)
(154164, 0, 0, 154164)
(154164, 0, 0, 154164)
(154121, 0, 0, 154121)
(154005, 0, 0, 154005)
(154005, 0, 0, 154005)
(154189, 0, 294, 154483)
(154189, 0, 294, 154483)
(154189, 0, 294, 154483)
(154123, 0, 294, 154417)
(154308, 0, 0, 154308)
(154298, 0, 0, 154298)
(154286, 0, 0, 154286)
(154203, 0, 0, 154203)
(154164, 0, 0, 154164)
(154133, 0, 0, 154133)
(154230, 0, 169, 154399)
(154212, 0, 169, 154381)
(154206, 0, 169, 154375)
(153813, 0, 169, 153982)
(153813, 0, 169, 153982)
(153725, 0, 169, 153894)
(153725, 0, 169, 153894)
(153647, 0, 169, 153816)
(153608, 0, 169, 153777)
(153566, 0, 169, 153735)
(153985, 0, 445, 154430)
(153985, 0, 445, 154430)
(153984, 0, 445, 154429)
(153914, 0, 445, 154359)
(154328, 0, 0, 154328)
