(73319, 0, 0, 73319)
(73297, 0, 0, 73297)
(73277, 0, 0, 73277)
(73239, 0, 0, 73239)
(73217, 0, 0, 73217)
(73196, 0, 0, 73196)
(73183, 0, 0, 73183)
(73170, 0, 0, 73170)
(73163, 0, 0, 73163)
(73156, 0, 0, 73156)
(73143, 0, 0, 73143)
(73120, 0, 0, 73120)
(73110, 0, 0, 73110)
(73094, 0, 0, 73094)
(73092, 0, 0, 73092)
(73069, 0, 0, 73069)
(73068, 0, 0, 73068)
(73049, 0, 0, 73049)
(73021, 0, 0, 73021)
(73009, 0, 0, 73009)
(72983, 0, 0, 72983)
(72960, 0, 0, 72960)
(72926, 0, 0, 72926)
(72887, 0, 0, 72887)
(72874, 0, 0, 72874)
(72844, 0, 0, 72844)
(72838, 0, 0, 72838)
(72829, 0, 0, 72829)
(72820, 0, 0, 72820)
(72796, 0, 0, 72796)
(72772, 0, 0, 72772)
(72752, 0, 0, 72752)
(72720, 0, 0, 72720)
(72705, 0, 0, 72705)
(72681, 0, 0, 72681)
(72667, 0, 0, 72667)
(72649, 0, 0, 72649)
(72628, 0, 0, 72628)
(72603, 0, 0, 72603)
(72581, 0, 0, 72581)
(72555, 0, 0, 72555)
(72530, 0, 0, 72530)
(72502, 0, 0, 72502)
(72479, 0, 0, 72479)
(72455, 0, 0, 72455)
(72442, 0, 0, 72442)
(72414, 0, 0, 72414)
(72392, 0, 0, 72392)
(72369, 0, 0, 72369)
(72341, 0, 0, 72341)
(72309, 0, 0, 72309)
(72283, 0, 0, 72283)
(72269, 0, 0, 72269)
(72233, 0, 0, 72233)
(72207, 0, 0, 72207)
(72198, 0, 0, 72198)
(72174, 0, 0, 72174)
(72151, 0, 0, 72151)
(72141, 0, 0, 72141)
(72112, 0, 0, 72112)
(72111, 0, 0, 72111)
(72085, 0, 0, 72085)
(72063, 0, 0, 72063)
(72030, 0, 0, 72030)
(71993, 0, 0, 71993)
(71971, 0, 0, 71971)
(71952, 0, 0, 71952)
(71924, 0, 0, 71924)
(71912, 0, 0, 71912)
(71881, 0, 0, 71881)
(71866, 0, 0, 71866)
(71856, 0, 0, 71856)
(71837, 0, 0, 71837)
(71822, 0, 0, 71822)
(71791, 0, 0, 71791)
(71790, 0, 0, 71790)
(71766, 0, 0, 71766)
(71765, 0, 0, 71765)
(71751, 0, 0, 71751)
(71743, 0, 0, 71743)
(71714, 0, 0, 71714)
(71703, 0, 0, 71703)
(71692, 0, 0, 71692)
(71670, 0, 0, 71670)
(71648, 0, 0, 71648)
(71639, 0, 0, 71639)
(71630, 0, 0, 71630)
(71628, 0, 0, 71628)
(71587, 0, 0, 71587)
(71558, 0, 0, 71558)
(71521, 0, 0, 71521)
(71492, 0, 0, 71492)
(71480, 0, 0, 71480)
(71447, 0, 0, 71447)
(71439, 0, 0, 71439)
(71411, 0, 0, 71411)
(71383, 0, 0, 71383)
(71357, 0, 0, 71357)
(71319, 0, 0, 71319)
(71304, 0, 0, 71304)
(71293, 0, 0, 71293)
(71271, 0, 0, 71271)
(71248, 0, 0, 71248)
(71241, 0, 0, 71241)
(71231, 0, 0, 71231)
(71211, 0, 0, 71211)
(71194, 0, 0, 71194)
(71186, 0, 0, 71186)
(71150, 0, 0, 71150)
(71124, 0, 0, 71124)
(71110, 0, 0, 71110)
(71074, 0, 0, 71074)
(71067, 0, 0, 71067)
(71060, 0, 0, 71060)
(71053, 0, 0, 71053)
(71021, 0, 0, 71021)
(71008, 0, 0, 71008)
(71001, 0, 0, 71001)
(70965, 0, 0, 70965)
(70926, 0, 0, 70926)
(70925, 0, 0, 70925)
(70901, 0, 0, 70901)
(70898, 0, 0, 70898)
(70895, 0, 0, 70895)
(70857, 0, 0, 70857)
(70842, 0, 0, 70842)
(70819, 0, 0, 70819)
(70812, 0, 0, 70812)
(70795, 0, 0, 70795)
(70768, 0, 0, 70768)
(70745, 0, 0, 70745)
(70732, 0, 0, 70732)
(70720, 0, 0, 70720)
(70678, 0, 0, 70678)
(70664, 0, 0, 70664)
(70656, 0, 0, 70656)
(70634, 0, 0, 70634)
(70617, 0, 0, 70617)
(70599, 0, 0, 70599)
(70569, 0, 0, 70569)
(70538, 0, 0, 70538)
(70511, 0, 0, 70511)
(70488, 0, 0, 70488)
(70487, 0, 0, 70487)
(70465, 0, 0, 70465)
(70452, 0, 0, 70452)
(70420, 0, 0, 70420)
(70410, 0, 0, 70410)
(70375, 0, 0, 70375)
(70343, 0, 0, 70343)
(70332, 0, 0, 70332)
(70292, 0, 0, 70292)
(70259, 0, 0, 70259)
(70245, 0, 0, 70245)
(70221, 0, 0, 70221)
(70181, 0, 0, 70181)
(70161, 0, 0, 70161)
(70140, 0, 0, 70140)
(70130, 0, 0, 70130)
(70115, 0, 0, 70115)
(70100, 0, 0, 70100)
(70086, 0, 0, 70086)
(70074, 0, 0, 70074)
(70070, 0, 0, 70070)
(70066, 0, 0, 70066)
(70064, 0, 0, 70064)
(70049, 0, 0, 70049)
(70042, 0, 0, 70042)
(70024, 0, 0, 70024)
(70018, 0, 0, 70018)
(70005, 0, 0, 70005)
(69989, 0, 0, 69989)
(69969, 0, 0, 69969)
(69968, 0, 0, 69968)
(69937, 0, 0, 69937)
(69912, 0, 0, 69912)
(69889, 0, 0, 69889)
(69857, 0, 0, 69857)
(69818, 0, 0, 69818)
(69801, 0, 0, 69801)
(69772, 0, 0, 69772)
(69754, 0, 0, 69754)
(69736, 0, 0, 69736)
(69727, 0, 0, 69727)
(69702, 0, 0, 69702)
(69694, 0, 0, 69694)
(69667, 0, 0, 69667)
(69651, 0, 0, 69651)
(69639, 0, 0, 69639)
(69629, 0, 0, 69629)
(69623, 0, 0, 69623)
(69594, 0, 0, 69594)
(69567, 0, 0, 69567)
(69531, 0, 0, 69531)
(69510, 0, 0, 69510)
(69493, 0, 0, 69493)
(69471, 0, 0, 69471)
(69435, 0, 0, 69435)
(69416, 0, 0, 69416)
(69388, 0, 0, 69388)
(69368, 0, 0, 69368)
(69351, 0, 0, 69351)
(69328, 0, 0, 69328)
(69324, 0, 0, 69324)
(69298, 0, 0, 69298)
(69272, 0, 0, 69272)
(69237, 0, 0, 69237)
(69236, 0, 0, 69236)
(69235, 0, 0, 69235)
(69234, 0, 0, 69234)
(69233, 0, 0, 69233)
(69209, 0, 0, 69209)
(69175, 0, 0, 69175)
(69172, 0, 0, 69172)
(69171, 0, 0, 69171)
(69147, 0, 0, 69147)
(69140, 0, 0, 69140)
(69133, 0, 0, 69133)
(69099, 0, 0, 69099)
(69071, 0, 0, 69071)
(69050, 0, 0, 69050)
(69017, 0, 0, 69017)
(68992, 0, 0, 68992)
(68970, 0, 0, 68970)
(68933, 0, 0, 68933)
(68885, 0, 0, 68885)
(68865, 0, 0, 68865)
(68859, 0, 0, 68859)
(68847, 0, 0, 68847)
(68835, 0, 0, 68835)
(68822, 0, 0, 68822)
(68806, 0, 0, 68806)
(68791, 0, 0, 68791)
(68778, 0, 0, 68778)
(68765, 0, 0, 68765)
(68750, 0, 0, 68750)
(68734, 0, 0, 68734)
(68709, 0, 0, 68709)
(68704, 0, 0, 68704)
(68672, 0, 0, 68672)
(68660, 0, 0, 68660)
(68644, 0, 0, 68644)
(68609, 0, 0, 68609)
(68582, 0, 0, 68582)
(68566, 0, 0, 68566)
(68555, 0, 0, 68555)
(68548, 0, 0, 68548)
(68541, 0, 0, 68541)
(68534, 0, 0, 68534)
(68512, 0, 0, 68512)
(68505, 0, 0, 68505)
(68477, 0, 0, 68477)
(68458, 0, 0, 68458)
(68434, 0, 0, 68434)
(68415, 0, 0, 68415)
(68395, 0, 0, 68395)
(68392, 0, 0, 68392)
(68388, 0, 0, 68388)
(68384, 0, 0, 68384)
(68383, 0, 0, 68383)
(68382, 0, 0, 68382)
(68381, 0, 0, 68381)
(68363, 0, 0, 68363)
(68362, 0, 0, 68362)
(68343, 0, 0, 68343)
(68328, 0, 0, 68328)
(68317, 0, 0, 68317)
(68306, 0, 0, 68306)
(68295, 0, 0, 68295)
(68265, 0, 0, 68265)
(68247, 0, 0, 68247)
(68222, 0, 0, 68222)
(68195, 0, 0, 68195)
(68159, 0, 0, 68159)
(68135, 0, 0, 68135)
(68112, 0, 0, 68112)
(68097, 0, 0, 68097)
(68082, 0, 0, 68082)
(68066, 0, 0, 68066)
(68049, 0, 0, 68049)
(68024, 0, 0, 68024)
(68007, 0, 0, 68007)
(67994, 0, 0, 67994)
(67981, 0, 0, 67981)
(67966, 0, 0, 67966)
(67946, 0, 0, 67946)
(67925, 0, 0, 67925)
(67917, 0, 0, 67917)
(67890, 0, 0, 67890)
(67856, 0, 0, 67856)
(67838, 0, 0, 67838)
(67807, 0, 0, 67807)
(67798, 0, 0, 67798)
(67772, 0, 0, 67772)
(67759, 0, 0, 67759)
(67750, 0, 0, 67750)
(67726, 0, 0, 67726)
(67684, 0, 0, 67684)
(67674, 0, 0, 67674)
(67671, 0, 0, 67671)
(67653, 0, 0, 67653)
(67635, 0, 0, 67635)
(67617, 0, 0, 67617)
(67589, 0, 0, 67589)
(67552, 0, 0, 67552)
(67542, 0, 0, 67542)
(67496, 0, 0, 67496)
(67476, 0, 0, 67476)
(67464, 0, 0, 67464)
(67435, 0, 0, 67435)
(67421, 0, 0, 67421)
(67414, 0, 0, 67414)
(67388, 0, 0, 67388)
(67378, 0, 0, 67378)
(67350, 0, 0, 67350)
(67338, 0, 0, 67338)
(67317, 0, 0, 67317)
(67287, 0, 0, 67287)
(67276, 0, 0, 67276)
(67264, 0, 0, 67264)
(67239, 0, 0, 67239)
(67214, 0, 0, 67214)
(67201, 0, 0, 67201)
(67184, 0, 0, 67184)
(67176, 0, 0, 67176)
(67154, 0, 0, 67154)
(67135, 0, 0, 67135)
(67116, 0, 0, 67116)
(67090, 0, 0, 67090)
(67069, 0, 0, 67069)
(67026, 0, 0, 67026)
(67001, 0, 0, 67001)
(66994, 0, 0, 66994)
(66974, 0, 0, 66974)
(66969, 0, 0, 66969)
(66942, 0, 0, 66942)
(66933, 0, 0, 66933)
(66899, 0, 0, 66899)
(66890, 0, 0, 66890)
(66858, 0, 0, 66858)
(66822, 0, 0, 66822)
(66789, 0, 0, 66789)
(66770, 0, 0, 66770)
(66756, 0, 0, 66756)
(66743, 0, 0, 66743)
(66726, 0, 0, 66726)
(66705, 0, 0, 66705)
(66696, 0, 0, 66696)
(66690, 0, 0, 66690)
(66684, 0, 0, 66684)
(66658, 0, 0, 66658)
(66639, 0, 0, 66639)
(66623, 0, 0, 66623)
(66616, 0, 0, 66616)
(66601, 0, 0, 66601)
(66582, 0, 0, 66582)
(66555, 0, 0, 66555)
(66528, 0, 0, 66528)
(66514, 0, 0, 66514)
(66496, 0, 0, 66496)
(66477, 0, 0, 66477)
(66465, 0, 0, 66465)
(66457, 0, 0, 66457)
(66436, 0, 0, 66436)
(66410, 0, 0, 66410)
(66403, 0, 0, 66403)
(66377, 0, 0, 66377)
(66356, 0, 0, 66356)
(66325, 0, 0, 66325)
(66296, 0, 0, 66296)
(66281, 0, 0, 66281)
(66274, 0, 0, 66274)
(66247, 0, 0, 66247)
(66211, 0, 0, 66211)
(66185, 0, 0, 66185)
(66159, 0, 0, 66159)
(66158, 0, 0, 66158)
(66157, 0, 0, 66157)
(66132, 0, 0, 66132)
(66103, 0, 0, 66103)
(66073, 0, 0, 66073)
(66038, 0, 0, 66038)
(66025, 0, 0, 66025)
(66019, 0, 0, 66019)
(65997, 0, 0, 65997)
(65977, 0, 0, 65977)
(65953, 0, 0, 65953)
(65922, 0, 0, 65922)
(65899, 0, 0, 65899)
(65876, 0, 0, 65876)
(65867, 0, 0, 65867)
(65832, 0, 0, 65832)
(65791, 0, 0, 65791)
(65774, 0, 0, 65774)
(65733, 0, 0, 65733)
(65722, 0, 0, 65722)
(65711, 0, 0, 65711)
(65686, 0, 0, 65686)
(65661, 0, 0, 65661)
(65636, 0, 0, 65636)
(65618, 0, 0, 65618)
(65588, 0, 0, 65588)
(65553, 0, 0, 65553)
(65540, 0, 0, 65540)
(65536, 0, 0, 65536)
(65528, 0, 0, 65528)
(65516, 0, 0, 65516)
(65507, 0, 0, 65507)
(65489, 0, 0, 65489)
(65475, 0, 0, 65475)
(65452, 0, 0, 65452)
(65433, 0, 0, 65433)
(65426, 0, 0, 65426)
(65421, 0, 0, 65421)
(65416, 0, 0, 65416)
(65397, 0, 0, 65397)
(65371, 0, 0, 65371)
(65345, 0, 0, 65345)
(65320, 0, 0, 65320)
(65292, 0, 0, 65292)
(65250, 0, 0, 65250)
(65235, 0, 0, 65235)
(65205, 0, 0, 65205)
(65182, 0, 0, 65182)
(65156, 0, 0, 65156)
(65141, 0, 0, 65141)
(65120, 0, 0, 65120)
(65106, 0, 0, 65106)
(65090, 0, 0, 65090)
(65068, 0, 0, 65068)
(65053, 0, 0, 65053)
(65032, 0, 0, 65032)
(65023, 0, 0, 65023)
(65009, 0, 0, 65009)
(65008, 0, 0, 65008)
(64993, 0, 0, 64993)
(64963, 0, 0, 64963)
(64929, 0, 0, 64929)
(64906, 0, 0, 64906)
(64905, 0, 0, 64905)
(64888, 0, 0, 64888)
(64875, 0, 0, 64875)
(64850, 0, 0, 64850)
(64826, 0, 0, 64826)
(64821, 0, 0, 64821)
(64801, 0, 0, 64801)
(64776, 0, 0, 64776)
(64755, 0, 0, 64755)
(64737, 0, 0, 64737)
(64716, 0, 0, 64716)
(64709, 0, 0, 64709)
(64693, 0, 0, 64693)
(64675, 0, 0, 64675)
(64660, 0, 0, 64660)
(64637, 0, 0, 64637)
(64611, 0, 0, 64611)
(64586, 0, 0, 64586)
(64569, 0, 0, 64569)
(64551, 0, 0, 64551)
(64523, 0, 0, 64523)
(64508, 0, 0, 64508)
(64466, 0, 0, 64466)
(64465, 0, 0, 64465)
(64456, 0, 0, 64456)
(64422, 0, 0, 64422)
(64379, 0, 0, 64379)
(64338, 0, 0, 64338)
(64313, 0, 0, 64313)
(64293, 0, 0, 64293)
(64291, 0, 0, 64291)
(64285, 0, 0, 64285)
(64280, 0, 0, 64280)
(64245, 0, 0, 64245)
(64242, 0, 0, 64242)
(64229, 0, 0, 64229)
(64206, 0, 0, 64206)
(64183, 0, 0, 64183)
(64167, 0, 0, 64167)
(64163, 0, 0, 64163)
(64159, 0, 0, 64159)
(64155, 0, 0, 64155)
(64151, 0, 0, 64151)
(64148, 0, 0, 64148)
(64145, 0, 0, 64145)
(64142, 0, 0, 64142)
(64124, 0, 0, 64124)
(64112, 0, 0, 64112)
(64091, 0, 0, 64091)
(64087, 0, 0, 64087)
(64068, 0, 0, 64068)
(64042, 0, 0, 64042)
(64022, 0, 0, 64022)
(64005, 0, 0, 64005)
(63983, 0, 0, 63983)
(63959, 0, 0, 63959)
(63945, 0, 0, 63945)
(63930, 0, 0, 63930)
(63902, 0, 0, 63902)
(63884, 0, 0, 63884)
(63867, 0, 0, 63867)
(63850, 0, 0, 63850)
(63833, 0, 0, 63833)
(63808, 0, 0, 63808)
(63785, 0, 0, 63785)
(63780, 0, 0, 63780)
(63752, 0, 0, 63752)
(63727, 0, 0, 63727)
(63692, 0, 0, 63692)
(63657, 0, 0, 63657)
(63613, 0, 0, 63613)
(63610, 0, 0, 63610)
(63603, 0, 0, 63603)
(63594, 0, 0, 63594)
(63572, 0, 0, 63572)
(63559, 0, 0, 63559)
(63532, 0, 0, 63532)
(63513, 0, 0, 63513)
(63497, 0, 0, 63497)
(63484, 0, 0, 63484)
(63481, 0, 0, 63481)
(63454, 0, 0, 63454)
(63434, 0, 0, 63434)
(63408, 0, 0, 63408)
(63393, 0, 0, 63393)
(63370, 0, 0, 63370)
(63338, 0, 0, 63338)
(63332, 0, 0, 63332)
(63287, 0, 0, 63287)
(63250, 0, 0, 63250)
(63244, 0, 0, 63244)
(63218, 0, 0, 63218)
(63203, 0, 0, 63203)
(63202, 0, 0, 63202)
(63190, 0, 0, 63190)
(63181, 0, 0, 63181)
(63172, 0, 0, 63172)
(63166, 0, 0, 63166)
(63149, 0, 0, 63149)
(63121, 0, 0, 63121)
(63098, 0, 0, 63098)
(63080, 0, 0, 63080)
(63067, 0, 0, 63067)
(63061, 0, 0, 63061)
(63040, 0, 0, 63040)
(63024, 0, 0, 63024)
(63020, 0, 0, 63020)
(63012, 0, 0, 63012)
(62983, 0, 0, 62983)
(62950, 0, 0, 62950)
(62925, 0, 0, 62925)
(62899, 0, 0, 62899)
(62875, 0, 0, 62875)
(62843, 0, 0, 62843)
(62817, 0, 0, 62817)
(62792, 0, 0, 62792)
(62763, 0, 0, 62763)
(62742, 0, 0, 62742)
(62712, 0, 0, 62712)
(62696, 0, 0, 62696)
(62676, 0, 0, 62676)
(62656, 0, 0, 62656)
(62619, 0, 0, 62619)
(62598, 0, 0, 62598)
(62583, 0, 0, 62583)
(62551, 0, 0, 62551)
(62531, 0, 0, 62531)
(62514, 0, 0, 62514)
(62501, 0, 0, 62501)
(62486, 0, 0, 62486)
(62470, 0, 0, 62470)
(62458, 0, 0, 62458)
(62423, 0, 0, 62423)
(62409, 0, 0, 62409)
(62396, 0, 0, 62396)
(62379, 0, 0, 62379)
(62365, 0, 0, 62365)
(62348, 0, 0, 62348)
(62325, 0, 0, 62325)
(62322, 0, 0, 62322)
(62319, 0, 0, 62319)
(62316, 0, 0, 62316)
(62290, 0, 0, 62290)
(62286, 0, 0, 62286)
(62269, 0, 0, 62269)
(62233, 0, 0, 62233)
(62226, 0, 0, 62226)
(62210, 0, 0, 62210)
(62188, 0, 0, 62188)
(62182, 0, 0, 62182)
(62162, 0, 0, 62162)
(62136, 0, 0, 62136)
(62110, 0, 0, 62110)
(62109, 0, 0, 62109)
(62097, 0, 0, 62097)
(62079, 0, 0, 62079)
(62062, 0, 0, 62062)
(62057, 0, 0, 62057)
(62019, 0, 0, 62019)
(62016, 0, 0, 62016)
(61996, 0, 0, 61996)
(61981, 0, 0, 61981)
(61957, 0, 0, 61957)
(61937, 0, 0, 61937)
(61919, 0, 0, 61919)
(61906, 0, 0, 61906)
(61899, 0, 0, 61899)
(61874, 0, 0, 61874)
(61854, 0, 0, 61854)
(61827, 0, 0, 61827)
(61806, 0, 0, 61806)
(61795, 0, 0, 61795)
(61776, 0, 0, 61776)
(61769, 0, 0, 61769)
(61756, 0, 0, 61756)
(61739, 0, 0, 61739)
(61706, 0, 0, 61706)
(61692, 0, 0, 61692)
(61673, 0, 0, 61673)
(61647, 0, 0, 61647)
(61646, 0, 0, 61646)
(61633, 0, 0, 61633)
(61607, 0, 0, 61607)
(61600, 0, 0, 61600)
(61592, 0, 0, 61592)
(61560, 0, 0, 61560)
(61528, 0, 0, 61528)
(61512, 0, 0, 61512)
(61496, 0, 0, 61496)
(61474, 0, 0, 61474)
(61470, 0, 0, 61470)
(61440, 0, 0, 61440)
(61409, 0, 0, 61409)
(61384, 0, 0, 61384)
(61356, 0, 0, 61356)
(61330, 0, 0, 61330)
(61309, 0, 0, 61309)
(61282, 0, 0, 61282)
(61258, 0, 0, 61258)
(61239, 0, 0, 61239)
(61232, 0, 0, 61232)
(61218, 0, 0, 61218)
(61200, 0, 0, 61200)
(61172, 0, 0, 61172)
(61169, 0, 0, 61169)
(61137, 0, 0, 61137)
(61117, 0, 0, 61117)
(61102, 0, 0, 61102)
(61068, 0, 0, 61068)
(61033, 0, 0, 61033)
(61025, 0, 0, 61025)
(61018, 0, 0, 61018)
(61011, 0, 0, 61011)
(60991, 0, 0, 60991)
(60976, 0, 0, 60976)
(60966, 0, 0, 60966)
(60944, 0, 0, 60944)
(60930, 0, 0, 60930)
(60915, 0, 0, 60915)
(60893, 0, 0, 60893)
(60884, 0, 0, 60884)
(60882, 0, 0, 60882)
(60861, 0, 0, 60861)
(60830, 0, 0, 60830)
(60809, 0, 0, 60809)
(60799, 0, 0, 60799)
(60769, 0, 0, 60769)
(60761, 0, 0, 60761)
(60727, 0, 0, 60727)
(60701, 0, 0, 60701)
(60693, 0, 0, 60693)
(60682, 0, 0, 60682)
(60668, 0, 0, 60668)
(60639, 0, 0, 60639)
(60618, 0, 0, 60618)
(60595, 0, 0, 60595)
(60572, 0, 0, 60572)
(60554, 0, 0, 60554)
(60523, 0, 0, 60523)
(60494, 0, 0, 60494)
(60471, 0, 0, 60471)
(60465, 0, 0, 60465)
(60450, 0, 0, 60450)
(60433, 0, 0, 60433)
(60410, 0, 0, 60410)
(60393, 0, 0, 60393)
(60373, 0, 0, 60373)
(60351, 0, 0, 60351)
(60325, 0, 0, 60325)
(60305, 0, 0, 60305)
(60278, 0, 0, 60278)
(60270, 0, 0, 60270)
(60253, 0, 0, 60253)
(60239, 0, 0, 60239)
(60227, 0, 0, 60227)
(60220, 0, 0, 60220)
(60213, 0, 0, 60213)
(60187, 0, 0, 60187)
(60175, 0, 0, 60175)
(60141, 0, 0, 60141)
(60108, 0, 0, 60108)
(60100, 0, 0, 60100)
(60064, 0, 0, 60064)
(60043, 0, 0, 60043)
(60016, 0, 0, 60016)
(59993, 0, 0, 59993)
(59960, 0, 0, 59960)
(59941, 0, 0, 59941)
(59913, 0, 0, 59913)
(59903, 0, 0, 59903)
(59887, 0, 0, 59887)
(59854, 0, 0, 59854)
(59836, 0, 0, 59836)
(59819, 0, 0, 59819)
(59810, 0, 0, 59810)
(59801, 0, 0, 59801)
(59770, 0, 0, 59770)
(59739, 0, 0, 59739)
(59725, 0, 0, 59725)
(59704, 0, 0, 59704)
(59691, 0, 0, 59691)
(59664, 0, 0, 59664)
(59650, 0, 0, 59650)
(59627, 0, 0, 59627)
(59621, 0, 0, 59621)
(59578, 0, 0, 59578)
(59560, 0, 0, 59560)
(59540, 0, 0, 59540)
(59519, 0, 0, 59519)
(59513, 0, 0, 59513)
(59510, 0, 0, 59510)
(59477, 0, 0, 59477)
(59453, 0, 0, 59453)
(59430, 0, 0, 59430)
(59420, 0, 0, 59420)
(59401, 0, 0, 59401)
(59395, 0, 0, 59395)
(59383, 0, 0, 59383)
(59372, 0, 0, 59372)
(59355, 0, 0, 59355)
(59354, 0, 0, 59354)
(59342, 0, 0, 59342)
(59327, 0, 0, 59327)
(59312, 0, 0, 59312)
(59298, 0, 0, 59298)
(59291, 0, 0, 59291)
(59284, 0, 0, 59284)
(59277, 0, 0, 59277)
(59246, 0, 0, 59246)
(59221, 0, 0, 59221)
(59197, 0, 0, 59197)
(59177, 0, 0, 59177)
(59151, 0, 0, 59151)
(59136, 0, 0, 59136)
(59132, 0, 0, 59132)
(59107, 0, 0, 59107)
(59083, 0, 0, 59083)
(59057, 0, 0, 59057)
(59035, 0, 0, 59035)
(59029, 0, 0, 59029)
(59005, 0, 0, 59005)
(58995, 0, 0, 58995)
(58981, 0, 0, 58981)
(58978, 0, 0, 58978)
(58950, 0, 0, 58950)
(58924, 0, 0, 58924)
(58895, 0, 0, 58895)
(58868, 0, 0, 58868)
(58860, 0, 0, 58860)
(58849, 0, 0, 58849)
(58845, 0, 0, 58845)
(58816, 0, 0, 58816)
(58785, 0, 0, 58785)
(58767, 0, 0, 58767)
(58748, 0, 0, 58748)
(58727, 0, 0, 58727)
(58715, 0, 0, 58715)
(58700, 0, 0, 58700)
(58676, 0, 0, 58676)
(58651, 0, 0, 58651)
(58647, 0, 0, 58647)
(58636, 0, 0, 58636)
(58625, 0, 0, 58625)
(58599, 0, 0, 58599)
(58573, 0, 0, 58573)
(58553, 0, 0, 58553)
(58525, 0, 0, 58525)
(58498, 0, 0, 58498)
(58476, 0, 0, 58476)
(58461, 0, 0, 58461)
(58439, 0, 0, 58439)
(58417, 0, 0, 58417)
(58383, 0, 0, 58383)
(58349, 0, 0, 58349)
(58315, 0, 0, 58315)
(58305, 0, 0, 58305)
(58275, 0, 0, 58275)
(58251, 0, 0, 58251)
(58225, 0, 0, 58225)
(58212, 0, 0, 58212)
(58189, 0, 0, 58189)
(58163, 0, 0, 58163)
(58153, 0, 0, 58153)
(58137, 0, 0, 58137)
(58128, 0, 0, 58128)
(58123, 0, 0, 58123)
(58108, 0, 0, 58108)
(58094, 0, 0, 58094)
(58072, 0, 0, 58072)
(58045, 0, 0, 58045)
(58007, 0, 0, 58007)
(57994, 0, 0, 57994)
(57969, 0, 0, 57969)
(57937, 0, 0, 57937)
(57919, 0, 0, 57919)
(57907, 0, 0, 57907)
(57888, 0, 0, 57888)
(57875, 0, 0, 57875)
(57852, 0, 0, 57852)
(57819, 0, 0, 57819)
(57814, 0, 0, 57814)
(57801, 0, 0, 57801)
(57772, 0, 0, 57772)
(57737, 0, 0, 57737)
(57702, 0, 0, 57702)
(57689, 0, 0, 57689)
(57683, 0, 0, 57683)
(57680, 0, 0, 57680)
(57677, 0, 0, 57677)
(57653, 0, 0, 57653)
(57637, 0, 0, 57637)
(57628, 0, 0, 57628)
(57609, 0, 0, 57609)
(57582, 0, 0, 57582)
(57567, 0, 0, 57567)
(57556, 0, 0, 57556)
