(117778, 0, 0, 117778)
(117778, 0, 0, 117778)
(117621, 55, 0, 117676)
(117621, 55, 0, 117676)
(117583, 55, 0, 117638)
(117555, 55, 0, 117610)
(117482, 55, 0, 117537)
(117201, 121, 0, 117322)
(117201, 121, 0, 117322)
(117129, 121, 0, 117250)
(117292, 322, 459, 118073)
(117236, 242, 525, 118003)
(117219, 322, 459, 118000)
(117219, 322, 459, 118000)
(117726, 0, 0, 117726)
(117643, 0, 0, 117643)
(117641, 0, 0, 117641)
(117573, 0, 0, 117573)
(117529, 0, 0, 117529)
(117340, 0, 0, 117340)
(117628, 0, 79, 117707)
(117543, 0, 79, 117622)
(117543, 0, 79, 117622)
(117477, 0, 79, 117556)
(117440, 0, 79, 117519)
(117389, 0, 79, 117468)
(117387, 0, 79, 117466)
(117338, 0, 79, 117417)
(117241, 16, 79, 117336)
(117189, 16, 79, 117284)
(117407, 32, 476, 117915)
(117355, 32, 466, 117853)
(117098, 188, 476, 117762)
(117098, 188, 476, 117762)
(117017, 220, 476, 117713)
(117017, 220, 476, 117713)
(116980, 220, 476, 117676)
(116823, 275, 476, 117574)
(116823, 275, 476, 117574)
(116685, 329, 476, 117490)
(117778, 0, 0, 117778)
