(117778, 0, 0, 117778)
(117752, 0, 0, 117752)
(117743, 0, 0, 117743)
(117715, 0, 0, 117715)
(117703, 0, 0, 117703)
(117668, 0, 0, 117668)
(117653, 0, 0, 117653)
(117638, 0, 0, 117638)
(117637, 0, 0, 117637)
(117628, 0, 0, 117628)
(117619, 0, 0, 117619)
(117606, 0, 0, 117606)
(117587, 0, 0, 117587)
(117578, 0, 0, 117578)
(117569, 0, 0, 117569)
(117567, 0, 0, 117567)
(117557, 0, 0, 117557)
(117547, 0, 0, 117547)
(117537, 0, 0, 117537)
(117527, 0, 0, 117527)
(117517, 0, 0, 117517)
(117507, 0, 0, 117507)
(117506, 0, 0, 117506)
(117487, 0, 0, 117487)
(117470, 0, 0, 117470)
(117465, 0, 0, 117465)
(117464, 0, 0, 117464)
(117463, 0, 0, 117463)
(117462, 0, 0, 117462)
(117431, 0, 0, 117431)
(117407, 0, 0, 117407)
(117374, 0, 0, 117374)
(117364, 0, 0, 117364)
(117326, 0, 0, 117326)
(117278, 0, 0, 117278)
(117274, 0, 0, 117274)
(117270, 0, 0, 117270)
(117258, 0, 0, 117258)
(117246, 0, 0, 117246)
(117205, 0, 0, 117205)
(117175, 0, 0, 117175)
(117165, 0, 0, 117165)
(117162, 0, 0, 117162)
(117159, 0, 0, 117159)
(117111, 0, 0, 117111)
(117085, 0, 0, 117085)
(117059, 0, 0, 117059)
(117033, 0, 0, 117033)
(117023, 0, 0, 117023)
(117007, 0, 0, 117007)
(116988, 0, 0, 116988)
(116973, 0, 0, 116973)
(116958, 0, 0, 116958)
(116937, 0, 0, 116937)
(116916, 0, 0, 116916)
(116895, 0, 0, 116895)
(116893, 0, 0, 116893)
(116862, 0, 0, 116862)
(116834, 0, 0, 116834)
(116811, 0, 0, 116811)
(116796, 0, 0, 116796)
(116788, 0, 0, 116788)
(116787, 0, 0, 116787)
(116786, 0, 0, 116786)
(116785, 0, 0, 116785)
(116784, 0, 0, 116784)
(116774, 0, 0, 116774)
(116764, 0, 0, 116764)
(116754, 0, 0, 116754)
(116744, 0, 0, 116744)
(116710, 0, 0, 116710)
(116676, 0, 0, 116676)
(116642, 0, 0, 116642)
(116608, 0, 0, 116608)
(116574, 0, 0, 116574)
(116569, 0, 0, 116569)
(116538, 0, 0, 116538)
(116507, 0, 0, 116507)
(116476, 0, 0, 116476)
(116456, 0, 0, 116456)
(116451, 0, 0, 116451)
(116446, 0, 0, 116446)
(116441, 0, 0, 116441)
(116436, 0, 0, 116436)
(116417, 0, 0, 116417)
(116405, 0, 0, 116405)
(116404, 0, 0, 116404)
(116403, 0, 0, 116403)
(116373, 0, 0, 116373)
(116371, 0, 0, 116371)
(116339, 0, 0, 116339)
(116321, 0, 0, 116321)
(116303, 0, 0, 116303)
(116292, 0, 0, 116292)
(116269, 0, 0, 116269)
(116234, 0, 0, 116234)
(116215, 0, 0, 116215)
(116201, 0, 0, 116201)
(116159, 0, 0, 116159)
(116144, 0, 0, 116144)
(116098, 0, 0, 116098)
(116080, 0, 0, 116080)
(116062, 0, 0, 116062)
(116045, 0, 0, 116045)
(116035, 0, 0, 116035)
(116025, 0, 0, 116025)
(116015, 0, 0, 116015)
(116005, 0, 0, 116005)
(115972, 0, 0, 115972)
(115951, 0, 0, 115951)
(115937, 0, 0, 115937)
(115913, 0, 0, 115913)
(115900, 0, 0, 115900)
(115887, 0, 0, 115887)
(115875, 0, 0, 115875)
(115863, 0, 0, 115863)
(115842, 0, 0, 115842)
(115814, 0, 0, 115814)
(115801, 0, 0, 115801)
(115788, 0, 0, 115788)
(115766, 0, 0, 115766)
(115764, 0, 0, 115764)
(115762, 0, 0, 115762)
(115760, 0, 0, 115760)
(115758, 0, 0, 115758)
(115730, 0, 0, 115730)
(115702, 0, 0, 115702)
(115674, 0, 0, 115674)
(115673, 0, 0, 115673)
(115623, 0, 0, 115623)
(115595, 0, 0, 115595)
(115571, 0, 0, 115571)
(115570, 0, 0, 115570)
(115531, 0, 0, 115531)
(115512, 0, 0, 115512)
(115502, 0, 0, 115502)
(115494, 0, 0, 115494)
(115480, 0, 0, 115480)
(115479, 0, 0, 115479)
(115447, 0, 0, 115447)
(115415, 0, 0, 115415)
(115392, 0, 0, 115392)
(115386, 0, 0, 115386)
(115380, 0, 0, 115380)
(115374, 0, 0, 115374)
(115367, 0, 0, 115367)
(115360, 0, 0, 115360)
(115339, 0, 0, 115339)
(115310, 0, 0, 115310)
(115299, 0, 0, 115299)
(115288, 0, 0, 115288)
(115262, 0, 0, 115262)
(115251, 0, 0, 115251)
(115225, 0, 0, 115225)
(115210, 0, 0, 115210)
(115200, 0, 0, 115200)
(115186, 0, 0, 115186)
(115165, 0, 0, 115165)
(115149, 0, 0, 115149)
(115134, 0, 0, 115134)
(115128, 0, 0, 115128)
(115127, 0, 0, 115127)
(115113, 0, 0, 115113)
(115088, 0, 0, 115088)
(115062, 0, 0, 115062)
(115025, 0, 0, 115025)
(115023, 0, 0, 115023)
(115021, 0, 0, 115021)
(115019, 0, 0, 115019)
(115017, 0, 0, 115017)
(115015, 0, 0, 115015)
(115013, 0, 0, 115013)
(115007, 0, 0, 115007)
(114987, 0, 0, 114987)
(114967, 0, 0, 114967)
(114947, 0, 0, 114947)
(114930, 0, 0, 114930)
(114903, 0, 0, 114903)
(114876, 0, 0, 114876)
(114832, 0, 0, 114832)
(114811, 0, 0, 114811)
(114796, 0, 0, 114796)
(114766, 0, 0, 114766)
(114736, 0, 0, 114736)
(114706, 0, 0, 114706)
(114676, 0, 0, 114676)
(114664, 0, 0, 114664)
(114646, 0, 0, 114646)
(114641, 0, 0, 114641)
(114604, 0, 0, 114604)
(114559, 0, 0, 114559)
(114550, 0, 0, 114550)
(114504, 0, 0, 114504)
(114450, 0, 0, 114450)
(114424, 0, 0, 114424)
(114409, 0, 0, 114409)
(114405, 0, 0, 114405)
(114401, 0, 0, 114401)
(114397, 0, 0, 114397)
(114393, 0, 0, 114393)
(114372, 0, 0, 114372)
(114358, 0, 0, 114358)
(114321, 0, 0, 114321)
(114302, 0, 0, 114302)
(114283, 0, 0, 114283)
(114279, 0, 0, 114279)
(114275, 0, 0, 114275)
(114274, 0, 0, 114274)
(114273, 0, 0, 114273)
(114272, 0, 0, 114272)
(114268, 0, 0, 114268)
(114264, 0, 0, 114264)
(114239, 0, 0, 114239)
(114212, 0, 0, 114212)
(114197, 0, 0, 114197)
(114187, 0, 0, 114187)
(114177, 0, 0, 114177)
(114164, 0, 0, 114164)
(114157, 0, 0, 114157)
(114150, 0, 0, 114150)
(114143, 0, 0, 114143)
(114136, 0, 0, 114136)
(114129, 0, 0, 114129)
(114122, 0, 0, 114122)
(114116, 0, 0, 114116)
(114092, 0, 0, 114092)
(114036, 0, 0, 114036)
(114022, 0, 0, 114022)
(114008, 0, 0, 114008)
(113989, 0, 0, 113989)
(113988, 0, 0, 113988)
(113987, 0, 0, 113987)
(113986, 0, 0, 113986)
(113985, 0, 0, 113985)
(113984, 0, 0, 113984)
(113980, 0, 0, 113980)
(113933, 0, 0, 113933)
(113907, 0, 0, 113907)
(113904, 0, 0, 113904)
(113901, 0, 0, 113901)
(113898, 0, 0, 113898)
(113895, 0, 0, 113895)
(113894, 0, 0, 113894)
(113893, 0, 0, 113893)
(113892, 0, 0, 113892)
(113891, 0, 0, 113891)
(113890, 0, 0, 113890)
(113889, 0, 0, 113889)
(113888, 0, 0, 113888)
(113873, 0, 0, 113873)
(113872, 0, 0, 113872)
(113871, 0, 0, 113871)
(113865, 0, 0, 113865)
(113859, 0, 0, 113859)
(113853, 0, 0, 113853)
(113847, 0, 0, 113847)
(113844, 0, 0, 113844)
(113837, 0, 0, 113837)
(113830, 0, 0, 113830)
(113823, 0, 0, 113823)
(113816, 0, 0, 113816)
(113802, 0, 0, 113802)
(113788, 0, 0, 113788)
(113774, 0, 0, 113774)
(113760, 0, 0, 113760)
(113757, 0, 0, 113757)
(113754, 0, 0, 113754)
(113734, 0, 0, 113734)
(113698, 0, 0, 113698)
(113689, 0, 0, 113689)
(113686, 0, 0, 113686)
(113683, 0, 0, 113683)
(113680, 0, 0, 113680)
(113647, 0, 0, 113647)
(113615, 0, 0, 113615)
(113564, 0, 0, 113564)
(113539, 0, 0, 113539)
(113518, 0, 0, 113518)
(113502, 0, 0, 113502)
(113486, 0, 0, 113486)
(113452, 0, 0, 113452)
(113418, 0, 0, 113418)
(113384, 0, 0, 113384)
(113350, 0, 0, 113350)
(113330, 0, 0, 113330)
(113310, 0, 0, 113310)
(113290, 0, 0, 113290)
(113270, 0, 0, 113270)
(113250, 0, 0, 113250)
(113230, 0, 0, 113230)
(113226, 0, 0, 113226)
(113193, 0, 0, 113193)
(113192, 0, 0, 113192)
(113189, 0, 0, 113189)
(113178, 0, 0, 113178)
(113159, 0, 0, 113159)
(113147, 0, 0, 113147)
(113134, 0, 0, 113134)
(113132, 0, 0, 113132)
(113126, 0, 0, 113126)
(113120, 0, 0, 113120)
(113114, 0, 0, 113114)
(113108, 0, 0, 113108)
(113106, 0, 0, 113106)
(113104, 0, 0, 113104)
(113102, 0, 0, 113102)
(113100, 0, 0, 113100)
(113089, 0, 0, 113089)
(113078, 0, 0, 113078)
(113066, 0, 0, 113066)
(113058, 0, 0, 113058)
(113057, 0, 0, 113057)
(113056, 0, 0, 113056)
(113055, 0, 0, 113055)
(113054, 0, 0, 113054)
(113053, 0, 0, 113053)
(113052, 0, 0, 113052)
(113051, 0, 0, 113051)
(113028, 0, 0, 113028)
(113005, 0, 0, 113005)
(112968, 0, 0, 112968)
(112962, 0, 0, 112962)
(112948, 0, 0, 112948)
(112934, 0, 0, 112934)
(112920, 0, 0, 112920)
(112906, 0, 0, 112906)
(112892, 0, 0, 112892)
(112881, 0, 0, 112881)
(112853, 0, 0, 112853)
(112829, 0, 0, 112829)
(112798, 0, 0, 112798)
(112773, 0, 0, 112773)
(112733, 0, 0, 112733)
(112722, 0, 0, 112722)
(112691, 0, 0, 112691)
(112640, 0, 0, 112640)
(112633, 0, 0, 112633)
(112619, 0, 0, 112619)
(112599, 0, 0, 112599)
(112579, 0, 0, 112579)
(112560, 0, 0, 112560)
(112541, 0, 0, 112541)
(112509, 0, 0, 112509)
(112477, 0, 0, 112477)
(112465, 0, 0, 112465)
(112453, 0, 0, 112453)
(112442, 0, 0, 112442)
(112431, 0, 0, 112431)
(112420, 0, 0, 112420)
(112410, 0, 0, 112410)
(112409, 0, 0, 112409)
(112405, 0, 0, 112405)
(112404, 0, 0, 112404)
(112403, 0, 0, 112403)
(112386, 0, 0, 112386)
(112369, 0, 0, 112369)
(112352, 0, 0, 112352)
(112335, 0, 0, 112335)
(112309, 0, 0, 112309)
(112308, 0, 0, 112308)
(112307, 0, 0, 112307)
(112306, 0, 0, 112306)
(112305, 0, 0, 112305)
(112304, 0, 0, 112304)
(112297, 0, 0, 112297)
(112290, 0, 0, 112290)
(112283, 0, 0, 112283)
(112276, 0, 0, 112276)
(112269, 0, 0, 112269)
(112257, 0, 0, 112257)
(112234, 0, 0, 112234)
(112211, 0, 0, 112211)
(112188, 0, 0, 112188)
(112165, 0, 0, 112165)
(112120, 0, 0, 112120)
(112089, 0, 0, 112089)
(112053, 0, 0, 112053)
(112039, 0, 0, 112039)
(112023, 0, 0, 112023)
(112006, 0, 0, 112006)
(111997, 0, 0, 111997)
(111993, 0, 0, 111993)
(111989, 0, 0, 111989)
(111964, 0, 0, 111964)
(111939, 0, 0, 111939)
(111914, 0, 0, 111914)
(111913, 0, 0, 111913)
(111912, 0, 0, 111912)
(111911, 0, 0, 111911)
(111910, 0, 0, 111910)
(111909, 0, 0, 111909)
(111908, 0, 0, 111908)
(111907, 0, 0, 111907)
(111906, 0, 0, 111906)
(111905, 0, 0, 111905)
(111886, 0, 0, 111886)
(111867, 0, 0, 111867)
(111852, 0, 0, 111852)
(111834, 0, 0, 111834)
(111812, 0, 0, 111812)
(111790, 0, 0, 111790)
(111768, 0, 0, 111768)
(111746, 0, 0, 111746)
(111720, 0, 0, 111720)
(111705, 0, 0, 111705)
(111693, 0, 0, 111693)
(111681, 0, 0, 111681)
(111669, 0, 0, 111669)
(111655, 0, 0, 111655)
(111630, 0, 0, 111630)
(111603, 0, 0, 111603)
(111585, 0, 0, 111585)
(111578, 0, 0, 111578)
(111571, 0, 0, 111571)
(111554, 0, 0, 111554)
(111528, 0, 0, 111528)
(111522, 0, 0, 111522)
(111516, 0, 0, 111516)
(111510, 0, 0, 111510)
(111475, 0, 0, 111475)
(111440, 0, 0, 111440)
(111404, 0, 0, 111404)
(111382, 0, 0, 111382)
(111335, 0, 0, 111335)
(111309, 0, 0, 111309)
(111266, 0, 0, 111266)
(111235, 0, 0, 111235)
(111204, 0, 0, 111204)
(111173, 0, 0, 111173)
(111142, 0, 0, 111142)
(111112, 0, 0, 111112)
(111094, 0, 0, 111094)
(111076, 0, 0, 111076)
(111058, 0, 0, 111058)
(111040, 0, 0, 111040)
(111014, 0, 0, 111014)
(111006, 0, 0, 111006)
(110998, 0, 0, 110998)
(110990, 0, 0, 110990)
(110983, 0, 0, 110983)
(110967, 0, 0, 110967)
(110957, 0, 0, 110957)
(110936, 0, 0, 110936)
(110933, 0, 0, 110933)
(110911, 0, 0, 110911)
(110892, 0, 0, 110892)
(110890, 0, 0, 110890)
(110882, 0, 0, 110882)
(110874, 0, 0, 110874)
(110866, 0, 0, 110866)
(110858, 0, 0, 110858)
(110846, 0, 0, 110846)
(110799, 0, 0, 110799)
(110752, 0, 0, 110752)
(110742, 0, 0, 110742)
(110735, 0, 0, 110735)
(110727, 0, 0, 110727)
(110719, 0, 0, 110719)
(110711, 0, 0, 110711)
(110695, 0, 0, 110695)
(110671, 0, 0, 110671)
(110654, 0, 0, 110654)
(110637, 0, 0, 110637)
(110631, 0, 0, 110631)
(110625, 0, 0, 110625)
(110619, 0, 0, 110619)
(110583, 0, 0, 110583)
(110547, 0, 0, 110547)
(110511, 0, 0, 110511)
(110475, 0, 0, 110475)
(110439, 0, 0, 110439)
(110429, 0, 0, 110429)
(110419, 0, 0, 110419)
(110409, 0, 0, 110409)
(110399, 0, 0, 110399)
(110389, 0, 0, 110389)
(110379, 0, 0, 110379)
(110357, 0, 0, 110357)
(110325, 0, 0, 110325)
(110297, 0, 0, 110297)
(110269, 0, 0, 110269)
(110239, 0, 0, 110239)
(110238, 0, 0, 110238)
(110237, 0, 0, 110237)
(110229, 0, 0, 110229)
(110221, 0, 0, 110221)
(110200, 0, 0, 110200)
(110179, 0, 0, 110179)
(110158, 0, 0, 110158)
(110137, 0, 0, 110137)
(110116, 0, 0, 110116)
(110109, 0, 0, 110109)
(110102, 0, 0, 110102)
(110095, 0, 0, 110095)
(110068, 0, 0, 110068)
(110041, 0, 0, 110041)
(110014, 0, 0, 110014)
(110013, 0, 0, 110013)
(109989, 0, 0, 109989)
(109978, 0, 0, 109978)
(109977, 0, 0, 109977)
(109976, 0, 0, 109976)
(109975, 0, 0, 109975)
(109974, 0, 0, 109974)
(109957, 0, 0, 109957)
(109952, 0, 0, 109952)
(109947, 0, 0, 109947)
(109910, 0, 0, 109910)
(109868, 0, 0, 109868)
(109840, 0, 0, 109840)
(109831, 0, 0, 109831)
(109796, 0, 0, 109796)
(109773, 0, 0, 109773)
(109772, 0, 0, 109772)
(109771, 0, 0, 109771)
(109770, 0, 0, 109770)
(109769, 0, 0, 109769)
(109768, 0, 0, 109768)
(109767, 0, 0, 109767)
(109766, 0, 0, 109766)
(109765, 0, 0, 109765)
(109764, 0, 0, 109764)
(109763, 0, 0, 109763)
(109750, 0, 0, 109750)
(109740, 0, 0, 109740)
(109730, 0, 0, 109730)
(109723, 0, 0, 109723)
(109716, 0, 0, 109716)
(109681, 0, 0, 109681)
(109646, 0, 0, 109646)
(109613, 0, 0, 109613)
(109580, 0, 0, 109580)
(109565, 0, 0, 109565)
(109538, 0, 0, 109538)
(109537, 0, 0, 109537)
(109511, 0, 0, 109511)
(109475, 0, 0, 109475)
(109451, 0, 0, 109451)
(109429, 0, 0, 109429)
(109428, 0, 0, 109428)
(109427, 0, 0, 109427)
(109426, 0, 0, 109426)
(109401, 0, 0, 109401)
(109392, 0, 0, 109392)
(109373, 0, 0, 109373)
(109354, 0, 0, 109354)
(109338, 0, 0, 109338)
(109325, 0, 0, 109325)
(109323, 0, 0, 109323)
(109303, 0, 0, 109303)
(109290, 0, 0, 109290)
(109266, 0, 0, 109266)
(109246, 0, 0, 109246)
(109225, 0, 0, 109225)
(109216, 0, 0, 109216)
(109207, 0, 0, 109207)
(109198, 0, 0, 109198)
(109189, 0, 0, 109189)
(109154, 0, 0, 109154)
(109138, 0, 0, 109138)
(109125, 0, 0, 109125)
(109112, 0, 0, 109112)
(109111, 0, 0, 109111)
(109110, 0, 0, 109110)
(109106, 0, 0, 109106)
(109073, 0, 0, 109073)
(109057, 0, 0, 109057)
(109028, 0, 0, 109028)
(108999, 0, 0, 108999)
(108969, 0, 0, 108969)
(108941, 0, 0, 108941)
(108936, 0, 0, 108936)
(108931, 0, 0, 108931)
(108919, 0, 0, 108919)
(108907, 0, 0, 108907)
(108894, 0, 0, 108894)
(108885, 0, 0, 108885)
(108868, 0, 0, 108868)
(108861, 0, 0, 108861)
(108854, 0, 0, 108854)
(108847, 0, 0, 108847)
(108827, 0, 0, 108827)
(108791, 0, 0, 108791)
(108790, 0, 0, 108790)
(108789, 0, 0, 108789)
(108788, 0, 0, 108788)
(108787, 0, 0, 108787)
(108764, 0, 0, 108764)
(108751, 0, 0, 108751)
(108745, 0, 0, 108745)
(108742, 0, 0, 108742)
(108736, 0, 0, 108736)
(108728, 0, 0, 108728)
(108720, 0, 0, 108720)
(108712, 0, 0, 108712)
(108698, 0, 0, 108698)
(108680, 0, 0, 108680)
(108673, 0, 0, 108673)
(108666, 0, 0, 108666)
(108659, 0, 0, 108659)
(108623, 0, 0, 108623)
(108611, 0, 0, 108611)
(108610, 0, 0, 108610)
(108601, 0, 0, 108601)
(108595, 0, 0, 108595)
(108576, 0, 0, 108576)
(108544, 0, 0, 108544)
(108512, 0, 0, 108512)
(108480, 0, 0, 108480)
(108462, 0, 0, 108462)
(108444, 0, 0, 108444)
(108422, 0, 0, 108422)
(108421, 0, 0, 108421)
(108420, 0, 0, 108420)
(108393, 0, 0, 108393)
(108378, 0, 0, 108378)
(108347, 0, 0, 108347)
(108346, 0, 0, 108346)
(108345, 0, 0, 108345)
(108344, 0, 0, 108344)
(108309, 0, 0, 108309)
(108260, 0, 0, 108260)
(108239, 0, 0, 108239)
(108221, 0, 0, 108221)
(108177, 0, 0, 108177)
(108173, 0, 0, 108173)
(108169, 0, 0, 108169)
(108157, 0, 0, 108157)
(108130, 0, 0, 108130)
(108129, 0, 0, 108129)
(108128, 0, 0, 108128)
(108127, 0, 0, 108127)
(108126, 0, 0, 108126)
(108125, 0, 0, 108125)
(108124, 0, 0, 108124)
(108084, 0, 0, 108084)
(108044, 0, 0, 108044)
(108004, 0, 0, 108004)
(107994, 0, 0, 107994)
(107964, 0, 0, 107964)
(107934, 0, 0, 107934)
(107907, 0, 0, 107907)
(107884, 0, 0, 107884)
(107870, 0, 0, 107870)
(107860, 0, 0, 107860)
(107815, 0, 0, 107815)
(107798, 0, 0, 107798)
(107781, 0, 0, 107781)
(107761, 0, 0, 107761)
(107749, 0, 0, 107749)
(107743, 0, 0, 107743)
(107737, 0, 0, 107737)
(107731, 0, 0, 107731)
(107725, 0, 0, 107725)
(107719, 0, 0, 107719)
(107713, 0, 0, 107713)
(107707, 0, 0, 107707)
(107701, 0, 0, 107701)
(107695, 0, 0, 107695)
(107694, 0, 0, 107694)
(107693, 0, 0, 107693)
(107692, 0, 0, 107692)
(107691, 0, 0, 107691)
(107690, 0, 0, 107690)
(107689, 0, 0, 107689)
(107688, 0, 0, 107688)
(107687, 0, 0, 107687)
(107664, 0, 0, 107664)
(107655, 0, 0, 107655)
(107618, 0, 0, 107618)
(107608, 0, 0, 107608)
(107579, 0, 0, 107579)
(107572, 0, 0, 107572)
(107546, 0, 0, 107546)
(107539, 0, 0, 107539)
(107504, 0, 0, 107504)
(107488, 0, 0, 107488)
(107472, 0, 0, 107472)
(107456, 0, 0, 107456)
(107421, 0, 0, 107421)
(107401, 0, 0, 107401)
(107391, 0, 0, 107391)
(107381, 0, 0, 107381)
(107376, 0, 0, 107376)
(107349, 0, 0, 107349)
(107318, 0, 0, 107318)
(107281, 0, 0, 107281)
(107248, 0, 0, 107248)
(107238, 0, 0, 107238)
(107235, 0, 0, 107235)
(107203, 0, 0, 107203)
(107174, 0, 0, 107174)
(107145, 0, 0, 107145)
(107136, 0, 0, 107136)
(107130, 0, 0, 107130)
(107099, 0, 0, 107099)
(107060, 0, 0, 107060)
(107045, 0, 0, 107045)
(107035, 0, 0, 107035)
(107025, 0, 0, 107025)
(107015, 0, 0, 107015)
(106999, 0, 0, 106999)
(106987, 0, 0, 106987)
(106969, 0, 0, 106969)
(106961, 0, 0, 106961)
(106938, 0, 0, 106938)
(106917, 0, 0, 106917)
(106912, 0, 0, 106912)
(106897, 0, 0, 106897)
(106893, 0, 0, 106893)
(106873, 0, 0, 106873)
(106855, 0, 0, 106855)
(106835, 0, 0, 106835)
(106812, 0, 0, 106812)
(106793, 0, 0, 106793)
(106774, 0, 0, 106774)
(106755, 0, 0, 106755)
(106736, 0, 0, 106736)
(106706, 0, 0, 106706)
(106691, 0, 0, 106691)
(106687, 0, 0, 106687)
(106666, 0, 0, 106666)
(106644, 0, 0, 106644)
(106622, 0, 0, 106622)
(106599, 0, 0, 106599)
(106568, 0, 0, 106568)
(106520, 0, 0, 106520)
(106475, 0, 0, 106475)
(106458, 0, 0, 106458)
(106441, 0, 0, 106441)
(106433, 0, 0, 106433)
(106425, 0, 0, 106425)
(106417, 0, 0, 106417)
(106391, 0, 0, 106391)
(106375, 0, 0, 106375)
(106374, 0, 0, 106374)
(106373, 0, 0, 106373)
(106355, 0, 0, 106355)
