(70370, 0, 0, 70370)
(70370, 0, 0, 70370)
(70249, 0, 0, 70249)
(70192, 0, 0, 70192)
(70169, 0, 0, 70169)
(70154, 0, 0, 70154)
(70058, 0, 0, 70058)
(69994, 0, 0, 69994)
(69985, 0, 0, 69985)
(69954, 0, 0, 69954)
(70194, 0, 229, 70423)
(70182, 0, 229, 70411)
(70119, 0, 229, 70348)
(70071, 0, 229, 70300)
(70029, 0, 229, 70258)
(70000, 0, 229, 70229)
(69956, 0, 229, 70185)
(69914, 0, 229, 70143)
(69891, 0, 229, 70120)
(69846, 0, 229, 70075)
(69958, 0, 563, 70521)
(69952, 0, 563, 70515)
(69914, 0, 563, 70477)
(69807, 42, 563, 70412)
(69768, 42, 563, 70373)
(69667, 42, 563, 70272)
(69611, 42, 563, 70216)
(69540, 42, 563, 70145)
(69492, 42, 563, 70097)
(69458, 42, 563, 70063)
(69717, 84, 992, 70793)
(69717, 84, 992, 70793)
(69684, 84, 992, 70760)
(69600, 142, 992, 70734)
(69586, 142, 992, 70720)
(69412, 142, 992, 70546)
(69412, 142, 992, 70546)
(69412, 142, 992, 70546)
(69402, 142, 992, 70536)
(69340, 142, 992, 70474)
(69463, 200, 1303, 70966)
(69463, 200, 1303, 70966)
(69394, 200, 1303, 70897)
(69394, 200, 1303, 70897)
(70298, 84, 0, 70382)
(70175, 84, 0, 70259)
(70117, 84, 0, 70201)
(70117, 84, 0, 70201)
(70021, 84, 0, 70105)
(69972, 84, 0, 70056)
(70035, 84, 497, 70616)
(69993, 84, 497, 70574)
(69907, 84, 517, 70508)
(69881, 84, 517, 70482)
(69795, 84, 517, 70396)
(69764, 84, 517, 70365)
(69737, 84, 517, 70338)
(69693, 84, 517, 70294)
(69630, 84, 517, 70231)
(69590, 84, 517, 70191)
(70461, 0, 0, 70461)
