(136770, 0, 0, 136770)
(136750, 0, 0, 136750)
(136748, 0, 0, 136748)
(136746, 0, 0, 136746)
(136744, 0, 0, 136744)
(136727, 0, 0, 136727)
(136707, 0, 0, 136707)
(136681, 0, 0, 136681)
(136653, 0, 0, 136653)
(136638, 0, 0, 136638)
(136617, 0, 0, 136617)
(136585, 0, 0, 136585)
(136565, 0, 0, 136565)
(136564, 0, 0, 136564)
(136559, 0, 0, 136559)
(136529, 0, 0, 136529)
(136503, 0, 0, 136503)
(136480, 0, 0, 136480)
(136477, 0, 0, 136477)
(136474, 0, 0, 136474)
(136450, 0, 0, 136450)
(136426, 0, 0, 136426)
(136402, 0, 0, 136402)
(136378, 0, 0, 136378)
(136354, 0, 0, 136354)
(136330, 0, 0, 136330)
(136306, 0, 0, 136306)
(136275, 0, 0, 136275)
(136225, 0, 0, 136225)
(136175, 0, 0, 136175)
(136125, 0, 0, 136125)
(136075, 0, 0, 136075)
(136025, 0, 0, 136025)
(136024, 0, 0, 136024)
(136023, 0, 0, 136023)
(136013, 0, 0, 136013)
(136003, 0, 0, 136003)
(135993, 0, 0, 135993)
(135975, 0, 0, 135975)
(135957, 0, 0, 135957)
(135937, 0, 0, 135937)
(135931, 0, 0, 135931)
(135925, 0, 0, 135925)
(135919, 0, 0, 135919)
(135913, 0, 0, 135913)
(135907, 0, 0, 135907)
(135901, 0, 0, 135901)
(135879, 0, 0, 135879)
(135860, 0, 0, 135860)
(135859, 0, 0, 135859)
(135842, 0, 0, 135842)
(135829, 0, 0, 135829)
(135811, 0, 0, 135811)
(135783, 0, 0, 135783)
(135763, 0, 0, 135763)
(135742, 0, 0, 135742)
(135721, 0, 0, 135721)
(135700, 0, 0, 135700)
(135679, 0, 0, 135679)
(135661, 0, 0, 135661)
(135651, 0, 0, 135651)
(135627, 0, 0, 135627)
(135618, 0, 0, 135618)
(135609, 0, 0, 135609)
(135600, 0, 0, 135600)
(135591, 0, 0, 135591)
(135571, 0, 0, 135571)
(135551, 0, 0, 135551)
(135531, 0, 0, 135531)
(135511, 0, 0, 135511)
(135491, 0, 0, 135491)
(135459, 0, 0, 135459)
(135430, 0, 0, 135430)
(135401, 0, 0, 135401)
(135394, 0, 0, 135394)
(135387, 0, 0, 135387)
(135369, 0, 0, 135369)
(135339, 0, 0, 135339)
(135337, 0, 0, 135337)
(135335, 0, 0, 135335)
(135333, 0, 0, 135333)
(135300, 0, 0, 135300)
(135272, 0, 0, 135272)
(135251, 0, 0, 135251)
(135229, 0, 0, 135229)
(135216, 0, 0, 135216)
(135206, 0, 0, 135206)
(135183, 0, 0, 135183)
(135165, 0, 0, 135165)
(135148, 0, 0, 135148)
(135112, 0, 0, 135112)
(135095, 0, 0, 135095)
(135089, 0, 0, 135089)
(135069, 0, 0, 135069)
(135068, 0, 0, 135068)
(135055, 0, 0, 135055)
(135042, 0, 0, 135042)
(135029, 0, 0, 135029)
(135014, 0, 0, 135014)
(134973, 0, 0, 134973)
(134971, 0, 0, 134971)
(134967, 0, 0, 134967)
(134933, 0, 0, 134933)
(134920, 0, 0, 134920)
(134918, 0, 0, 134918)
(134884, 0, 0, 134884)
(134870, 0, 0, 134870)
(134856, 0, 0, 134856)
(134849, 0, 0, 134849)
(134842, 0, 0, 134842)
(134832, 0, 0, 134832)
(134827, 0, 0, 134827)
(134822, 0, 0, 134822)
(134808, 0, 0, 134808)
(134803, 0, 0, 134803)
(134793, 0, 0, 134793)
(134774, 0, 0, 134774)
(134768, 0, 0, 134768)
(134762, 0, 0, 134762)
(134756, 0, 0, 134756)
(134750, 0, 0, 134750)
(134744, 0, 0, 134744)
(134737, 0, 0, 134737)
(134730, 0, 0, 134730)
(134715, 0, 0, 134715)
(134700, 0, 0, 134700)
(134697, 0, 0, 134697)
(134669, 0, 0, 134669)
(134642, 0, 0, 134642)
(134638, 0, 0, 134638)
(134634, 0, 0, 134634)
(134630, 0, 0, 134630)
(134613, 0, 0, 134613)
(134596, 0, 0, 134596)
(134579, 0, 0, 134579)
(134578, 0, 0, 134578)
(134577, 0, 0, 134577)
(134576, 0, 0, 134576)
(134575, 0, 0, 134575)
(134562, 0, 0, 134562)
(134535, 0, 0, 134535)
(134530, 0, 0, 134530)
(134518, 0, 0, 134518)
(134506, 0, 0, 134506)
(134488, 0, 0, 134488)
(134478, 0, 0, 134478)
(134434, 0, 0, 134434)
(134424, 0, 0, 134424)
(134404, 0, 0, 134404)
(134384, 0, 0, 134384)
(134364, 0, 0, 134364)
(134344, 0, 0, 134344)
(134324, 0, 0, 134324)
(134303, 0, 0, 134303)
(134282, 0, 0, 134282)
(134261, 0, 0, 134261)
(134240, 0, 0, 134240)
(134219, 0, 0, 134219)
(134187, 0, 0, 134187)
(134165, 0, 0, 134165)
(134163, 0, 0, 134163)
(134138, 0, 0, 134138)
(134131, 0, 0, 134131)
(134111, 0, 0, 134111)
(134102, 0, 0, 134102)
(134101, 0, 0, 134101)
(134100, 0, 0, 134100)
(134099, 0, 0, 134099)
(134098, 0, 0, 134098)
(134097, 0, 0, 134097)
(134096, 0, 0, 134096)
(134062, 0, 0, 134062)
(134031, 0, 0, 134031)
(134017, 0, 0, 134017)
(134004, 0, 0, 134004)
(133959, 0, 0, 133959)
(133931, 0, 0, 133931)
(133910, 0, 0, 133910)
(133874, 0, 0, 133874)
(133838, 0, 0, 133838)
(133802, 0, 0, 133802)
(133766, 0, 0, 133766)
(133730, 0, 0, 133730)
(133722, 0, 0, 133722)
(133698, 0, 0, 133698)
(133674, 0, 0, 133674)
(133650, 0, 0, 133650)
(133626, 0, 0, 133626)
(133602, 0, 0, 133602)
(133578, 0, 0, 133578)
(133564, 0, 0, 133564)
(133550, 0, 0, 133550)
(133532, 0, 0, 133532)
(133514, 0, 0, 133514)
(133481, 0, 0, 133481)
(133448, 0, 0, 133448)
(133415, 0, 0, 133415)
(133382, 0, 0, 133382)
(133349, 0, 0, 133349)
(133316, 0, 0, 133316)
(133296, 0, 0, 133296)
(133291, 0, 0, 133291)
(133265, 0, 0, 133265)
(133242, 0, 0, 133242)
(133236, 0, 0, 133236)
(133225, 0, 0, 133225)
(133205, 0, 0, 133205)
(133185, 0, 0, 133185)
(133165, 0, 0, 133165)
(133146, 0, 0, 133146)
(133123, 0, 0, 133123)
(133100, 0, 0, 133100)
(133077, 0, 0, 133077)
(133062, 0, 0, 133062)
(133040, 0, 0, 133040)
(133018, 0, 0, 133018)
(132996, 0, 0, 132996)
(132972, 0, 0, 132972)
(132949, 0, 0, 132949)
(132944, 0, 0, 132944)
(132943, 0, 0, 132943)
(132915, 0, 0, 132915)
(132887, 0, 0, 132887)
(132868, 0, 0, 132868)
(132849, 0, 0, 132849)
(132838, 0, 0, 132838)
(132818, 0, 0, 132818)
(132808, 0, 0, 132808)
(132793, 0, 0, 132793)
(132778, 0, 0, 132778)
(132760, 0, 0, 132760)
(132742, 0, 0, 132742)
(132710, 0, 0, 132710)
(132687, 0, 0, 132687)
(132672, 0, 0, 132672)
(132651, 0, 0, 132651)
(132630, 0, 0, 132630)
(132615, 0, 0, 132615)
(132599, 0, 0, 132599)
(132583, 0, 0, 132583)
(132574, 0, 0, 132574)
(132565, 0, 0, 132565)
(132542, 0, 0, 132542)
(132517, 0, 0, 132517)
(132485, 0, 0, 132485)
(132474, 0, 0, 132474)
(132462, 0, 0, 132462)
(132460, 0, 0, 132460)
(132428, 0, 0, 132428)
(132419, 0, 0, 132419)
(132392, 0, 0, 132392)
(132377, 0, 0, 132377)
(132362, 0, 0, 132362)
(132345, 0, 0, 132345)
(132328, 0, 0, 132328)
(132295, 0, 0, 132295)
(132291, 0, 0, 132291)
(132263, 0, 0, 132263)
(132256, 0, 0, 132256)
(132248, 0, 0, 132248)
(132240, 0, 0, 132240)
(132239, 0, 0, 132239)
(132220, 0, 0, 132220)
(132201, 0, 0, 132201)
(132198, 0, 0, 132198)
(132183, 0, 0, 132183)
(132146, 0, 0, 132146)
(132126, 0, 0, 132126)
(132077, 0, 0, 132077)
(132064, 0, 0, 132064)
(132051, 0, 0, 132051)
(132049, 0, 0, 132049)
(132014, 0, 0, 132014)
(131997, 0, 0, 131997)
(131963, 0, 0, 131963)
(131957, 0, 0, 131957)
(131951, 0, 0, 131951)
(131945, 0, 0, 131945)
(131939, 0, 0, 131939)
(131922, 0, 0, 131922)
(131905, 0, 0, 131905)
(131888, 0, 0, 131888)
(131871, 0, 0, 131871)
(131863, 0, 0, 131863)
(131856, 0, 0, 131856)
(131849, 0, 0, 131849)
(131842, 0, 0, 131842)
(131838, 0, 0, 131838)
(131827, 0, 0, 131827)
(131809, 0, 0, 131809)
(131805, 0, 0, 131805)
(131801, 0, 0, 131801)
(131789, 0, 0, 131789)
(131777, 0, 0, 131777)
(131776, 0, 0, 131776)
(131767, 0, 0, 131767)
(131737, 0, 0, 131737)
(131707, 0, 0, 131707)
(131672, 0, 0, 131672)
(131637, 0, 0, 131637)
(131614, 0, 0, 131614)
(131600, 0, 0, 131600)
(131583, 0, 0, 131583)
(131571, 0, 0, 131571)
(131546, 0, 0, 131546)
(131523, 0, 0, 131523)
(131493, 0, 0, 131493)
(131477, 0, 0, 131477)
(131471, 0, 0, 131471)
(131465, 0, 0, 131465)
(131445, 0, 0, 131445)
(131425, 0, 0, 131425)
(131405, 0, 0, 131405)
(131375, 0, 0, 131375)
(131345, 0, 0, 131345)
(131335, 0, 0, 131335)
(131325, 0, 0, 131325)
(131306, 0, 0, 131306)
(131297, 0, 0, 131297)
(131281, 0, 0, 131281)
(131280, 0, 0, 131280)
(131250, 0, 0, 131250)
(131232, 0, 0, 131232)
(131225, 0, 0, 131225)
(131218, 0, 0, 131218)
(131180, 0, 0, 131180)
(131167, 0, 0, 131167)
(131166, 0, 0, 131166)
(131165, 0, 0, 131165)
(131148, 0, 0, 131148)
(131131, 0, 0, 131131)
(131111, 0, 0, 131111)
(131092, 0, 0, 131092)
(131073, 0, 0, 131073)
(131054, 0, 0, 131054)
(131027, 0, 0, 131027)
(131019, 0, 0, 131019)
(131008, 0, 0, 131008)
(130987, 0, 0, 130987)
(130960, 0, 0, 130960)
(130933, 0, 0, 130933)
(130906, 0, 0, 130906)
(130879, 0, 0, 130879)
(130852, 0, 0, 130852)
(130814, 0, 0, 130814)
(130795, 0, 0, 130795)
(130776, 0, 0, 130776)
(130743, 0, 0, 130743)
(130737, 0, 0, 130737)
(130731, 0, 0, 130731)
(130725, 0, 0, 130725)
(130707, 0, 0, 130707)
(130700, 0, 0, 130700)
(130696, 0, 0, 130696)
(130690, 0, 0, 130690)
(130684, 0, 0, 130684)
(130678, 0, 0, 130678)
(130656, 0, 0, 130656)
(130636, 0, 0, 130636)
(130616, 0, 0, 130616)
(130596, 0, 0, 130596)
(130583, 0, 0, 130583)
(130570, 0, 0, 130570)
(130557, 0, 0, 130557)
(130544, 0, 0, 130544)
(130529, 0, 0, 130529)
(130524, 0, 0, 130524)
(130523, 0, 0, 130523)
(130522, 0, 0, 130522)
(130506, 0, 0, 130506)
(130477, 0, 0, 130477)
(130461, 0, 0, 130461)
(130446, 0, 0, 130446)
(130424, 0, 0, 130424)
(130414, 0, 0, 130414)
(130399, 0, 0, 130399)
(130384, 0, 0, 130384)
(130359, 0, 0, 130359)
(130346, 0, 0, 130346)
(130319, 0, 0, 130319)
(130292, 0, 0, 130292)
(130265, 0, 0, 130265)
(130264, 0, 0, 130264)
(130250, 0, 0, 130250)
(130236, 0, 0, 130236)
(130218, 0, 0, 130218)
(130211, 0, 0, 130211)
(130182, 0, 0, 130182)
(130153, 0, 0, 130153)
(130124, 0, 0, 130124)
(130085, 0, 0, 130085)
(130070, 0, 0, 130070)
(130048, 0, 0, 130048)
(130045, 0, 0, 130045)
(130028, 0, 0, 130028)
(130001, 0, 0, 130001)
(129988, 0, 0, 129988)
(129987, 0, 0, 129987)
(129963, 0, 0, 129963)
(129954, 0, 0, 129954)
(129936, 0, 0, 129936)
(129932, 0, 0, 129932)
(129928, 0, 0, 129928)
(129912, 0, 0, 129912)
(129896, 0, 0, 129896)
(129887, 0, 0, 129887)
(129880, 0, 0, 129880)
(129878, 0, 0, 129878)
(129876, 0, 0, 129876)
(129874, 0, 0, 129874)
(129860, 0, 0, 129860)
(129819, 0, 0, 129819)
(129786, 0, 0, 129786)
(129764, 0, 0, 129764)
(129724, 0, 0, 129724)
(129709, 0, 0, 129709)
(129701, 0, 0, 129701)
(129678, 0, 0, 129678)
(129653, 0, 0, 129653)
(129648, 0, 0, 129648)
(129630, 0, 0, 129630)
(129625, 0, 0, 129625)
(129603, 0, 0, 129603)
(129590, 0, 0, 129590)
(129577, 0, 0, 129577)
(129573, 0, 0, 129573)
(129556, 0, 0, 129556)
(129539, 0, 0, 129539)
(129530, 0, 0, 129530)
(129498, 0, 0, 129498)
(129491, 0, 0, 129491)
(129484, 0, 0, 129484)
(129469, 0, 0, 129469)
(129445, 0, 0, 129445)
(129423, 0, 0, 129423)
(129401, 0, 0, 129401)
(129391, 0, 0, 129391)
(129343, 0, 0, 129343)
(129314, 0, 0, 129314)
(129285, 0, 0, 129285)
(129284, 0, 0, 129284)
(129266, 0, 0, 129266)
(129248, 0, 0, 129248)
(129232, 0, 0, 129232)
(129206, 0, 0, 129206)
(129189, 0, 0, 129189)
(129168, 0, 0, 129168)
(129164, 0, 0, 129164)
(129156, 0, 0, 129156)
(129137, 0, 0, 129137)
(129118, 0, 0, 129118)
(129117, 0, 0, 129117)
(129116, 0, 0, 129116)
(129115, 0, 0, 129115)
(129095, 0, 0, 129095)
(129075, 0, 0, 129075)
(129065, 0, 0, 129065)
(129054, 0, 0, 129054)
(129039, 0, 0, 129039)
(129024, 0, 0, 129024)
(129009, 0, 0, 129009)
(128974, 0, 0, 128974)
(128946, 0, 0, 128946)
(128914, 0, 0, 128914)
(128896, 0, 0, 128896)
(128878, 0, 0, 128878)
(128833, 0, 0, 128833)
(128801, 0, 0, 128801)
(128781, 0, 0, 128781)
(128761, 0, 0, 128761)
(128740, 0, 0, 128740)
(128721, 0, 0, 128721)
(128702, 0, 0, 128702)
(128693, 0, 0, 128693)
(128684, 0, 0, 128684)
(128675, 0, 0, 128675)
(128666, 0, 0, 128666)
(128657, 0, 0, 128657)
(128640, 0, 0, 128640)
(128623, 0, 0, 128623)
(128606, 0, 0, 128606)
(128589, 0, 0, 128589)
(128586, 0, 0, 128586)
(128579, 0, 0, 128579)
(128560, 0, 0, 128560)
(128541, 0, 0, 128541)
(128522, 0, 0, 128522)
(128503, 0, 0, 128503)
(128484, 0, 0, 128484)
(128455, 0, 0, 128455)
(128429, 0, 0, 128429)
(128403, 0, 0, 128403)
(128377, 0, 0, 128377)
(128351, 0, 0, 128351)
(128325, 0, 0, 128325)
(128314, 0, 0, 128314)
(128313, 0, 0, 128313)
(128302, 0, 0, 128302)
(128284, 0, 0, 128284)
(128258, 0, 0, 128258)
(128252, 0, 0, 128252)
(128246, 0, 0, 128246)
(128237, 0, 0, 128237)
(128228, 0, 0, 128228)
(128216, 0, 0, 128216)
(128187, 0, 0, 128187)
(128163, 0, 0, 128163)
(128154, 0, 0, 128154)
(128128, 0, 0, 128128)
(128126, 0, 0, 128126)
(128119, 0, 0, 128119)
(128112, 0, 0, 128112)
(128105, 0, 0, 128105)
(128098, 0, 0, 128098)
(128097, 0, 0, 128097)
(128096, 0, 0, 128096)
(128095, 0, 0, 128095)
(128091, 0, 0, 128091)
(128056, 0, 0, 128056)
(128033, 0, 0, 128033)
(128012, 0, 0, 128012)
(127989, 0, 0, 127989)
(127986, 0, 0, 127986)
(127962, 0, 0, 127962)
(127945, 0, 0, 127945)
(127938, 0, 0, 127938)
(127931, 0, 0, 127931)
(127924, 0, 0, 127924)
(127917, 0, 0, 127917)
(127910, 0, 0, 127910)
(127903, 0, 0, 127903)
(127892, 0, 0, 127892)
(127880, 0, 0, 127880)
(127861, 0, 0, 127861)
(127835, 0, 0, 127835)
(127815, 0, 0, 127815)
(127795, 0, 0, 127795)
(127775, 0, 0, 127775)
(127763, 0, 0, 127763)
(127751, 0, 0, 127751)
(127739, 0, 0, 127739)
(127727, 0, 0, 127727)
(127722, 0, 0, 127722)
(127717, 0, 0, 127717)
(127682, 0, 0, 127682)
(127672, 0, 0, 127672)
(127657, 0, 0, 127657)
(127641, 0, 0, 127641)
(127624, 0, 0, 127624)
(127615, 0, 0, 127615)
(127591, 0, 0, 127591)
(127581, 0, 0, 127581)
(127577, 0, 0, 127577)
(127552, 0, 0, 127552)
(127527, 0, 0, 127527)
(127491, 0, 0, 127491)
(127480, 0, 0, 127480)
(127469, 0, 0, 127469)
(127453, 0, 0, 127453)
(127450, 0, 0, 127450)
(127447, 0, 0, 127447)
(127433, 0, 0, 127433)
(127410, 0, 0, 127410)
(127387, 0, 0, 127387)
(127380, 0, 0, 127380)
(127379, 0, 0, 127379)
(127378, 0, 0, 127378)
(127373, 0, 0, 127373)
(127367, 0, 0, 127367)
(127364, 0, 0, 127364)
(127334, 0, 0, 127334)
(127315, 0, 0, 127315)
(127311, 0, 0, 127311)
(127306, 0, 0, 127306)
(127297, 0, 0, 127297)
(127291, 0, 0, 127291)
(127285, 0, 0, 127285)
(127279, 0, 0, 127279)
(127273, 0, 0, 127273)
(127237, 0, 0, 127237)
(127201, 0, 0, 127201)
(127165, 0, 0, 127165)
(127153, 0, 0, 127153)
(127124, 0, 0, 127124)
(127115, 0, 0, 127115)
(127102, 0, 0, 127102)
(127101, 0, 0, 127101)
(127067, 0, 0, 127067)
(127049, 0, 0, 127049)
(127040, 0, 0, 127040)
(127028, 0, 0, 127028)
(127012, 0, 0, 127012)
(126996, 0, 0, 126996)
(126969, 0, 0, 126969)
(126935, 0, 0, 126935)
(126914, 0, 0, 126914)
(126913, 0, 0, 126913)
(126912, 0, 0, 126912)
(126903, 0, 0, 126903)
(126898, 0, 0, 126898)
(126893, 0, 0, 126893)
(126882, 0, 0, 126882)
(126861, 0, 0, 126861)
(126859, 0, 0, 126859)
(126857, 0, 0, 126857)
(126855, 0, 0, 126855)
(126853, 0, 0, 126853)
(126851, 0, 0, 126851)
(126843, 0, 0, 126843)
(126835, 0, 0, 126835)
(126822, 0, 0, 126822)
(126813, 0, 0, 126813)
(126804, 0, 0, 126804)
(126795, 0, 0, 126795)
(126786, 0, 0, 126786)
(126780, 0, 0, 126780)
(126774, 0, 0, 126774)
(126748, 0, 0, 126748)
(126730, 0, 0, 126730)
(126714, 0, 0, 126714)
(126713, 0, 0, 126713)
(126706, 0, 0, 126706)
(126695, 0, 0, 126695)
(126684, 0, 0, 126684)
(126673, 0, 0, 126673)
(126662, 0, 0, 126662)
(126659, 0, 0, 126659)
(126656, 0, 0, 126656)
(126638, 0, 0, 126638)
(126631, 0, 0, 126631)
(126626, 0, 0, 126626)
(126619, 0, 0, 126619)
(126609, 0, 0, 126609)
(126599, 0, 0, 126599)
(126589, 0, 0, 126589)
(126579, 0, 0, 126579)
(126569, 0, 0, 126569)
(126559, 0, 0, 126559)
(126549, 0, 0, 126549)
(126520, 0, 0, 126520)
(126491, 0, 0, 126491)
(126490, 0, 0, 126490)
(126489, 0, 0, 126489)
(126488, 0, 0, 126488)
(126487, 0, 0, 126487)
(126486, 0, 0, 126486)
(126485, 0, 0, 126485)
(126465, 0, 0, 126465)
(126445, 0, 0, 126445)
(126425, 0, 0, 126425)
(126405, 0, 0, 126405)
(126385, 0, 0, 126385)
(126365, 0, 0, 126365)
(126361, 0, 0, 126361)
(126355, 0, 0, 126355)
(126349, 0, 0, 126349)
(126343, 0, 0, 126343)
(126337, 0, 0, 126337)
(126327, 0, 0, 126327)
(126317, 0, 0, 126317)
(126307, 0, 0, 126307)
(126297, 0, 0, 126297)
(126295, 0, 0, 126295)
(126293, 0, 0, 126293)
(126291, 0, 0, 126291)
(126289, 0, 0, 126289)
(126281, 0, 0, 126281)
(126273, 0, 0, 126273)
(126259, 0, 0, 126259)
(126234, 0, 0, 126234)
(126229, 0, 0, 126229)
(126193, 0, 0, 126193)
(126153, 0, 0, 126153)
(126137, 0, 0, 126137)
(126104, 0, 0, 126104)
(126096, 0, 0, 126096)
(126088, 0, 0, 126088)
(126081, 0, 0, 126081)
(126074, 0, 0, 126074)
(126062, 0, 0, 126062)
(126038, 0, 0, 126038)
(126019, 0, 0, 126019)
(126017, 0, 0, 126017)
(125999, 0, 0, 125999)
(125993, 0, 0, 125993)
(125984, 0, 0, 125984)
(125977, 0, 0, 125977)
(125962, 0, 0, 125962)
(125913, 0, 0, 125913)
(125910, 0, 0, 125910)
(125896, 0, 0, 125896)
(125878, 0, 0, 125878)
(125860, 0, 0, 125860)
(125858, 0, 0, 125858)
(125855, 0, 0, 125855)
(125853, 0, 0, 125853)
(125816, 0, 0, 125816)
(125813, 0, 0, 125813)
(125786, 0, 0, 125786)
(125742, 0, 0, 125742)
(125736, 0, 0, 125736)
(125701, 0, 0, 125701)
(125699, 0, 0, 125699)
(125693, 0, 0, 125693)
(125687, 0, 0, 125687)
(125673, 0, 0, 125673)
(125659, 0, 0, 125659)
(125626, 0, 0, 125626)
(125606, 0, 0, 125606)
(125597, 0, 0, 125597)
(125583, 0, 0, 125583)
(125557, 0, 0, 125557)
(125534, 0, 0, 125534)
(125519, 0, 0, 125519)
(125499, 0, 0, 125499)
(125479, 0, 0, 125479)
(125459, 0, 0, 125459)
(125435, 0, 0, 125435)
(125402, 0, 0, 125402)
(125397, 0, 0, 125397)
(125390, 0, 0, 125390)
(125378, 0, 0, 125378)
(125365, 0, 0, 125365)
(125358, 0, 0, 125358)
(125317, 0, 0, 125317)
(125296, 0, 0, 125296)
(125275, 0, 0, 125275)
(125254, 0, 0, 125254)
