(144237, 0, 0, 144237)
(144162, 0, 0, 144162)
(144133, 0, 0, 144133)
(144086, 0, 0, 144086)
(144086, 0, 0, 144086)
(144028, 0, 0, 144028)
(144028, 0, 0, 144028)
(143976, 46, 0, 144022)
(143976, 46, 0, 144022)
(143958, 46, 0, 144004)
(144015, 92, 408, 144515)
(144015, 92, 408, 144515)
(143862, 221, 408, 144491)
(143862, 221, 408, 144491)
(144215, 0, 0, 144215)
(144215, 0, 0, 144215)
(144086, 0, 0, 144086)
(144055, 0, 0, 144055)
(143966, 0, 0, 143966)
(143955, 0, 0, 143955)
(144052, 0, 425, 144477)
(144018, 0, 425, 144443)
(143980, 0, 425, 144405)
(143935, 0, 425, 144360)
(143903, 0, 425, 144328)
(143901, 0, 425, 144326)
(143843, 0, 425, 144268)
(143773, 0, 425, 144198)
(143769, 0, 425, 144194)
(144246, 0, 0, 144246)
