(106960, 0, 0, 106960)
(106951, 0, 0, 106951)
(106942, 0, 0, 106942)
(106933, 0, 0, 106933)
(106924, 0, 0, 106924)
(106902, 0, 0, 106902)
(106880, 0, 0, 106880)
(106858, 0, 0, 106858)
(106836, 0, 0, 106836)
(106814, 0, 0, 106814)
(106792, 0, 0, 106792)
(106773, 0, 0, 106773)
(106754, 0, 0, 106754)
(106735, 0, 0, 106735)
(106716, 0, 0, 106716)
(106699, 0, 0, 106699)
(106691, 0, 0, 106691)
(106690, 0, 0, 106690)
(106677, 0, 0, 106677)
(106664, 0, 0, 106664)
(106661, 0, 0, 106661)
(106658, 0, 0, 106658)
(106655, 0, 0, 106655)
(106640, 0, 0, 106640)
(106619, 0, 0, 106619)
(106609, 0, 0, 106609)
(106595, 0, 0, 106595)
(106576, 0, 0, 106576)
(106552, 0, 0, 106552)
(106528, 0, 0, 106528)
(106504, 0, 0, 106504)
(106488, 0, 0, 106488)
(106472, 0, 0, 106472)
(106456, 0, 0, 106456)
(106443, 0, 0, 106443)
(106424, 0, 0, 106424)
(106402, 0, 0, 106402)
(106389, 0, 0, 106389)
(106380, 0, 0, 106380)
(106371, 0, 0, 106371)
(106361, 0, 0, 106361)
(106351, 0, 0, 106351)
(106341, 0, 0, 106341)
(106319, 0, 0, 106319)
(106297, 0, 0, 106297)
(106268, 0, 0, 106268)
(106254, 0, 0, 106254)
(106242, 0, 0, 106242)
(106224, 0, 0, 106224)
(106221, 0, 0, 106221)
(106211, 0, 0, 106211)
(106196, 0, 0, 106196)
(106181, 0, 0, 106181)
(106156, 0, 0, 106156)
(106155, 0, 0, 106155)
(106148, 0, 0, 106148)
(106141, 0, 0, 106141)
(106139, 0, 0, 106139)
(106137, 0, 0, 106137)
(106131, 0, 0, 106131)
(106121, 0, 0, 106121)
(106114, 0, 0, 106114)
(106086, 0, 0, 106086)
(106074, 0, 0, 106074)
(106064, 0, 0, 106064)
(106038, 0, 0, 106038)
(106016, 0, 0, 106016)
(105991, 0, 0, 105991)
(105966, 0, 0, 105966)
(105952, 0, 0, 105952)
(105935, 0, 0, 105935)
(105901, 0, 0, 105901)
(105900, 0, 0, 105900)
(105899, 0, 0, 105899)
(105888, 0, 0, 105888)
(105878, 0, 0, 105878)
(105853, 0, 0, 105853)
(105827, 0, 0, 105827)
(105814, 0, 0, 105814)
(105796, 0, 0, 105796)
(105787, 0, 0, 105787)
(105784, 0, 0, 105784)
(105776, 0, 0, 105776)
(105750, 0, 0, 105750)
(105733, 0, 0, 105733)
(105719, 0, 0, 105719)
(105711, 0, 0, 105711)
(105703, 0, 0, 105703)
(105691, 0, 0, 105691)
(105679, 0, 0, 105679)
(105670, 0, 0, 105670)
(105634, 0, 0, 105634)
(105616, 0, 0, 105616)
(105606, 0, 0, 105606)
(105571, 0, 0, 105571)
(105535, 0, 0, 105535)
(105512, 0, 0, 105512)
(105494, 0, 0, 105494)
(105488, 0, 0, 105488)
(105471, 0, 0, 105471)
(105470, 0, 0, 105470)
(105440, 0, 0, 105440)
(105409, 0, 0, 105409)
(105407, 0, 0, 105407)
(105399, 0, 0, 105399)
(105375, 0, 0, 105375)
(105367, 0, 0, 105367)
(105359, 0, 0, 105359)
(105358, 0, 0, 105358)
(105357, 0, 0, 105357)
(105347, 0, 0, 105347)
(105343, 0, 0, 105343)
(105339, 0, 0, 105339)
(105335, 0, 0, 105335)
(105327, 0, 0, 105327)
(105310, 0, 0, 105310)
(105298, 0, 0, 105298)
(105277, 0, 0, 105277)
(105249, 0, 0, 105249)
(105239, 0, 0, 105239)
(105227, 0, 0, 105227)
(105215, 0, 0, 105215)
(105203, 0, 0, 105203)
(105202, 0, 0, 105202)
(105193, 0, 0, 105193)
(105171, 0, 0, 105171)
(105134, 0, 0, 105134)
(105117, 0, 0, 105117)
(105110, 0, 0, 105110)
(105103, 0, 0, 105103)
(105089, 0, 0, 105089)
(105088, 0, 0, 105088)
(105078, 0, 0, 105078)
(105056, 0, 0, 105056)
(105044, 0, 0, 105044)
(105029, 0, 0, 105029)
(105014, 0, 0, 105014)
(105006, 0, 0, 105006)
(104998, 0, 0, 104998)
(104964, 0, 0, 104964)
(104928, 0, 0, 104928)
(104880, 0, 0, 104880)
(104861, 0, 0, 104861)
(104842, 0, 0, 104842)
(104814, 0, 0, 104814)
(104806, 0, 0, 104806)
(104779, 0, 0, 104779)
(104753, 0, 0, 104753)
(104734, 0, 0, 104734)
(104715, 0, 0, 104715)
(104709, 0, 0, 104709)
(104691, 0, 0, 104691)
(104674, 0, 0, 104674)
(104642, 0, 0, 104642)
(104635, 0, 0, 104635)
(104634, 0, 0, 104634)
(104598, 0, 0, 104598)
(104580, 0, 0, 104580)
(104576, 0, 0, 104576)
(104572, 0, 0, 104572)
(104568, 0, 0, 104568)
(104556, 0, 0, 104556)
(104544, 0, 0, 104544)
(104526, 0, 0, 104526)
(104520, 0, 0, 104520)
(104513, 0, 0, 104513)
(104508, 0, 0, 104508)
(104493, 0, 0, 104493)
(104470, 0, 0, 104470)
(104461, 0, 0, 104461)
(104452, 0, 0, 104452)
(104451, 0, 0, 104451)
(104450, 0, 0, 104450)
(104428, 0, 0, 104428)
(104410, 0, 0, 104410)
(104395, 0, 0, 104395)
(104352, 0, 0, 104352)
(104323, 0, 0, 104323)
(104320, 0, 0, 104320)
(104313, 0, 0, 104313)
(104304, 0, 0, 104304)
(104293, 0, 0, 104293)
(104283, 0, 0, 104283)
(104263, 0, 0, 104263)
(104250, 0, 0, 104250)
(104244, 0, 0, 104244)
(104243, 0, 0, 104243)
(104242, 0, 0, 104242)
(104223, 0, 0, 104223)
(104192, 0, 0, 104192)
(104169, 0, 0, 104169)
(104141, 0, 0, 104141)
(104124, 0, 0, 104124)
(104105, 0, 0, 104105)
(104083, 0, 0, 104083)
(104054, 0, 0, 104054)
(104025, 0, 0, 104025)
(104022, 0, 0, 104022)
(104004, 0, 0, 104004)
(103983, 0, 0, 103983)
(103976, 0, 0, 103976)
(103953, 0, 0, 103953)
(103926, 0, 0, 103926)
(103914, 0, 0, 103914)
(103879, 0, 0, 103879)
(103852, 0, 0, 103852)
(103826, 0, 0, 103826)
(103825, 0, 0, 103825)
(103824, 0, 0, 103824)
(103823, 0, 0, 103823)
(103813, 0, 0, 103813)
(103787, 0, 0, 103787)
(103754, 0, 0, 103754)
(103748, 0, 0, 103748)
(103731, 0, 0, 103731)
(103709, 0, 0, 103709)
(103684, 0, 0, 103684)
(103663, 0, 0, 103663)
(103627, 0, 0, 103627)
(103612, 0, 0, 103612)
(103587, 0, 0, 103587)
(103564, 0, 0, 103564)
(103541, 0, 0, 103541)
(103519, 0, 0, 103519)
(103502, 0, 0, 103502)
(103469, 0, 0, 103469)
(103447, 0, 0, 103447)
(103434, 0, 0, 103434)
(103416, 0, 0, 103416)
(103386, 0, 0, 103386)
(103363, 0, 0, 103363)
(103358, 0, 0, 103358)
(103353, 0, 0, 103353)
(103348, 0, 0, 103348)
(103343, 0, 0, 103343)
(103322, 0, 0, 103322)
(103301, 0, 0, 103301)
(103276, 0, 0, 103276)
(103267, 0, 0, 103267)
(103253, 0, 0, 103253)
(103245, 0, 0, 103245)
(103229, 0, 0, 103229)
(103223, 0, 0, 103223)
(103222, 0, 0, 103222)
(103221, 0, 0, 103221)
(103206, 0, 0, 103206)
(103176, 0, 0, 103176)
(103174, 0, 0, 103174)
(103172, 0, 0, 103172)
(103170, 0, 0, 103170)
(103168, 0, 0, 103168)
(103156, 0, 0, 103156)
(103144, 0, 0, 103144)
(103121, 0, 0, 103121)
(103112, 0, 0, 103112)
(103093, 0, 0, 103093)
(103068, 0, 0, 103068)
(103057, 0, 0, 103057)
(103045, 0, 0, 103045)
(103002, 0, 0, 103002)
(102983, 0, 0, 102983)
(102966, 0, 0, 102966)
(102951, 0, 0, 102951)
(102950, 0, 0, 102950)
(102934, 0, 0, 102934)
(102925, 0, 0, 102925)
(102915, 0, 0, 102915)
(102895, 0, 0, 102895)
(102877, 0, 0, 102877)
(102874, 0, 0, 102874)
(102859, 0, 0, 102859)
(102858, 0, 0, 102858)
(102846, 0, 0, 102846)
(102809, 0, 0, 102809)
(102795, 0, 0, 102795)
(102781, 0, 0, 102781)
(102767, 0, 0, 102767)
(102760, 0, 0, 102760)
(102753, 0, 0, 102753)
(102746, 0, 0, 102746)
(102739, 0, 0, 102739)
(102738, 0, 0, 102738)
(102737, 0, 0, 102737)
(102707, 0, 0, 102707)
(102695, 0, 0, 102695)
(102676, 0, 0, 102676)
(102654, 0, 0, 102654)
(102633, 0, 0, 102633)
(102618, 0, 0, 102618)
(102617, 0, 0, 102617)
(102616, 0, 0, 102616)
(102611, 0, 0, 102611)
(102606, 0, 0, 102606)
(102601, 0, 0, 102601)
(102597, 0, 0, 102597)
(102596, 0, 0, 102596)
(102582, 0, 0, 102582)
(102562, 0, 0, 102562)
(102561, 0, 0, 102561)
(102560, 0, 0, 102560)
(102546, 0, 0, 102546)
(102532, 0, 0, 102532)
(102518, 0, 0, 102518)
(102508, 0, 0, 102508)
(102498, 0, 0, 102498)
(102497, 0, 0, 102497)
(102468, 0, 0, 102468)
(102443, 0, 0, 102443)
(102419, 0, 0, 102419)
(102407, 0, 0, 102407)
(102373, 0, 0, 102373)
(102371, 0, 0, 102371)
(102353, 0, 0, 102353)
(102336, 0, 0, 102336)
(102312, 0, 0, 102312)
(102290, 0, 0, 102290)
(102268, 0, 0, 102268)
(102255, 0, 0, 102255)
(102254, 0, 0, 102254)
(102253, 0, 0, 102253)
(102247, 0, 0, 102247)
(102214, 0, 0, 102214)
(102206, 0, 0, 102206)
(102205, 0, 0, 102205)
(102196, 0, 0, 102196)
(102185, 0, 0, 102185)
(102167, 0, 0, 102167)
(102139, 0, 0, 102139)
(102127, 0, 0, 102127)
(102104, 0, 0, 102104)
(102081, 0, 0, 102081)
(102058, 0, 0, 102058)
(102035, 0, 0, 102035)
(102012, 0, 0, 102012)
(101982, 0, 0, 101982)
(101952, 0, 0, 101952)
(101922, 0, 0, 101922)
(101892, 0, 0, 101892)
(101862, 0, 0, 101862)
(101842, 0, 0, 101842)
(101812, 0, 0, 101812)
(101782, 0, 0, 101782)
(101773, 0, 0, 101773)
(101764, 0, 0, 101764)
(101755, 0, 0, 101755)
(101754, 0, 0, 101754)
(101753, 0, 0, 101753)
(101745, 0, 0, 101745)
(101737, 0, 0, 101737)
(101736, 0, 0, 101736)
(101732, 0, 0, 101732)
(101701, 0, 0, 101701)
(101696, 0, 0, 101696)
(101687, 0, 0, 101687)
(101674, 0, 0, 101674)
(101661, 0, 0, 101661)
(101645, 0, 0, 101645)
(101630, 0, 0, 101630)
(101620, 0, 0, 101620)
(101593, 0, 0, 101593)
(101583, 0, 0, 101583)
(101582, 0, 0, 101582)
(101564, 0, 0, 101564)
(101554, 0, 0, 101554)
(101519, 0, 0, 101519)
(101495, 0, 0, 101495)
(101483, 0, 0, 101483)
(101465, 0, 0, 101465)
(101447, 0, 0, 101447)
(101429, 0, 0, 101429)
(101428, 0, 0, 101428)
(101427, 0, 0, 101427)
(101418, 0, 0, 101418)
(101409, 0, 0, 101409)
(101385, 0, 0, 101385)
(101375, 0, 0, 101375)
(101360, 0, 0, 101360)
(101335, 0, 0, 101335)
(101316, 0, 0, 101316)
(101292, 0, 0, 101292)
(101268, 0, 0, 101268)
(101249, 0, 0, 101249)
(101227, 0, 0, 101227)
(101222, 0, 0, 101222)
(101206, 0, 0, 101206)
(101205, 0, 0, 101205)
(101183, 0, 0, 101183)
(101180, 0, 0, 101180)
(101177, 0, 0, 101177)
(101174, 0, 0, 101174)
(101151, 0, 0, 101151)
(101143, 0, 0, 101143)
(101128, 0, 0, 101128)
(101114, 0, 0, 101114)
(101105, 0, 0, 101105)
(101092, 0, 0, 101092)
(101079, 0, 0, 101079)
(101066, 0, 0, 101066)
(101047, 0, 0, 101047)
(101046, 0, 0, 101046)
(101029, 0, 0, 101029)
(101009, 0, 0, 101009)
(100988, 0, 0, 100988)
(100967, 0, 0, 100967)
(100957, 0, 0, 100957)
(100944, 0, 0, 100944)
(100918, 0, 0, 100918)
(100897, 0, 0, 100897)
(100892, 0, 0, 100892)
(100889, 0, 0, 100889)
(100886, 0, 0, 100886)
(100872, 0, 0, 100872)
(100871, 0, 0, 100871)
(100840, 0, 0, 100840)
(100820, 0, 0, 100820)
(100777, 0, 0, 100777)
(100750, 0, 0, 100750)
(100748, 0, 0, 100748)
(100746, 0, 0, 100746)
(100744, 0, 0, 100744)
(100735, 0, 0, 100735)
(100706, 0, 0, 100706)
(100686, 0, 0, 100686)
(100659, 0, 0, 100659)
(100645, 0, 0, 100645)
(100644, 0, 0, 100644)
(100635, 0, 0, 100635)
(100622, 0, 0, 100622)
(100589, 0, 0, 100589)
(100567, 0, 0, 100567)
(100556, 0, 0, 100556)
(100545, 0, 0, 100545)
(100534, 0, 0, 100534)
(100525, 0, 0, 100525)
(100517, 0, 0, 100517)
(100516, 0, 0, 100516)
(100515, 0, 0, 100515)
(100514, 0, 0, 100514)
(100497, 0, 0, 100497)
(100484, 0, 0, 100484)
(100452, 0, 0, 100452)
(100434, 0, 0, 100434)
(100432, 0, 0, 100432)
(100417, 0, 0, 100417)
(100413, 0, 0, 100413)
(100396, 0, 0, 100396)
(100370, 0, 0, 100370)
(100335, 0, 0, 100335)
(100330, 0, 0, 100330)
(100326, 0, 0, 100326)
(100310, 0, 0, 100310)
(100305, 0, 0, 100305)
(100294, 0, 0, 100294)
(100283, 0, 0, 100283)
(100273, 0, 0, 100273)
(100263, 0, 0, 100263)
(100262, 0, 0, 100262)
(100261, 0, 0, 100261)
(100260, 0, 0, 100260)
(100259, 0, 0, 100259)
(100252, 0, 0, 100252)
(100245, 0, 0, 100245)
(100233, 0, 0, 100233)
(100194, 0, 0, 100194)
(100175, 0, 0, 100175)
(100153, 0, 0, 100153)
(100145, 0, 0, 100145)
(100137, 0, 0, 100137)
(100110, 0, 0, 100110)
(100083, 0, 0, 100083)
(100069, 0, 0, 100069)
(100053, 0, 0, 100053)
(100044, 0, 0, 100044)
(100032, 0, 0, 100032)
(100013, 0, 0, 100013)
(100009, 0, 0, 100009)
(99999, 0, 0, 99999)
(99963, 0, 0, 99963)
(99962, 0, 0, 99962)
(99961, 0, 0, 99961)
(99954, 0, 0, 99954)
(99947, 0, 0, 99947)
(99940, 0, 0, 99940)
(99910, 0, 0, 99910)
(99905, 0, 0, 99905)
(99891, 0, 0, 99891)
(99861, 0, 0, 99861)
(99848, 0, 0, 99848)
(99818, 0, 0, 99818)
(99788, 0, 0, 99788)
(99777, 0, 0, 99777)
(99766, 0, 0, 99766)
(99765, 0, 0, 99765)
(99764, 0, 0, 99764)
(99740, 0, 0, 99740)
(99711, 0, 0, 99711)
(99681, 0, 0, 99681)
(99664, 0, 0, 99664)
(99647, 0, 0, 99647)
(99634, 0, 0, 99634)
(99624, 0, 0, 99624)
(99608, 0, 0, 99608)
(99586, 0, 0, 99586)
(99585, 0, 0, 99585)
(99580, 0, 0, 99580)
(99575, 0, 0, 99575)
(99557, 0, 0, 99557)
(99550, 0, 0, 99550)
(99549, 0, 0, 99549)
(99529, 0, 0, 99529)
(99517, 0, 0, 99517)
(99474, 0, 0, 99474)
(99467, 0, 0, 99467)
(99451, 0, 0, 99451)
(99435, 0, 0, 99435)
(99429, 0, 0, 99429)
(99416, 0, 0, 99416)
(99399, 0, 0, 99399)
(99382, 0, 0, 99382)
(99371, 0, 0, 99371)
(99353, 0, 0, 99353)
(99336, 0, 0, 99336)
(99316, 0, 0, 99316)
(99297, 0, 0, 99297)
(99291, 0, 0, 99291)
(99282, 0, 0, 99282)
(99273, 0, 0, 99273)
(99264, 0, 0, 99264)
(99243, 0, 0, 99243)
(99224, 0, 0, 99224)
(99205, 0, 0, 99205)
(99183, 0, 0, 99183)
(99169, 0, 0, 99169)
(99142, 0, 0, 99142)
(99127, 0, 0, 99127)
(99114, 0, 0, 99114)
(99090, 0, 0, 99090)
(99082, 0, 0, 99082)
(99059, 0, 0, 99059)
(99042, 0, 0, 99042)
(99017, 0, 0, 99017)
(99016, 0, 0, 99016)
(99015, 0, 0, 99015)
(99001, 0, 0, 99001)
(98985, 0, 0, 98985)
(98977, 0, 0, 98977)
(98950, 0, 0, 98950)
(98921, 0, 0, 98921)
(98902, 0, 0, 98902)
(98901, 0, 0, 98901)
(98900, 0, 0, 98900)
(98899, 0, 0, 98899)
(98898, 0, 0, 98898)
(98897, 0, 0, 98897)
(98895, 0, 0, 98895)
(98893, 0, 0, 98893)
(98891, 0, 0, 98891)
(98889, 0, 0, 98889)
(98873, 0, 0, 98873)
(98857, 0, 0, 98857)
(98841, 0, 0, 98841)
(98832, 0, 0, 98832)
(98823, 0, 0, 98823)
(98814, 0, 0, 98814)
(98803, 0, 0, 98803)
(98783, 0, 0, 98783)
(98769, 0, 0, 98769)
(98742, 0, 0, 98742)
(98715, 0, 0, 98715)
(98697, 0, 0, 98697)
(98688, 0, 0, 98688)
(98669, 0, 0, 98669)
(98638, 0, 0, 98638)
(98619, 0, 0, 98619)
(98600, 0, 0, 98600)
(98583, 0, 0, 98583)
(98566, 0, 0, 98566)
(98554, 0, 0, 98554)
(98536, 0, 0, 98536)
(98535, 0, 0, 98535)
(98526, 0, 0, 98526)
(98517, 0, 0, 98517)
(98502, 0, 0, 98502)
(98489, 0, 0, 98489)
(98483, 0, 0, 98483)
(98477, 0, 0, 98477)
(98474, 0, 0, 98474)
(98473, 0, 0, 98473)
(98455, 0, 0, 98455)
(98454, 0, 0, 98454)
(98453, 0, 0, 98453)
(98431, 0, 0, 98431)
(98418, 0, 0, 98418)
(98416, 0, 0, 98416)
(98414, 0, 0, 98414)
(98412, 0, 0, 98412)
(98410, 0, 0, 98410)
(98401, 0, 0, 98401)
(98385, 0, 0, 98385)
(98357, 0, 0, 98357)
(98336, 0, 0, 98336)
(98333, 0, 0, 98333)
(98311, 0, 0, 98311)
(98291, 0, 0, 98291)
(98278, 0, 0, 98278)
(98265, 0, 0, 98265)
(98252, 0, 0, 98252)
(98239, 0, 0, 98239)
(98222, 0, 0, 98222)
(98204, 0, 0, 98204)
(98187, 0, 0, 98187)
(98170, 0, 0, 98170)
(98150, 0, 0, 98150)
(98130, 0, 0, 98130)
(98108, 0, 0, 98108)
(98086, 0, 0, 98086)
(98062, 0, 0, 98062)
(98035, 0, 0, 98035)
(97992, 0, 0, 97992)
(97960, 0, 0, 97960)
(97959, 0, 0, 97959)
(97940, 0, 0, 97940)
(97926, 0, 0, 97926)
(97912, 0, 0, 97912)
(97911, 0, 0, 97911)
(97905, 0, 0, 97905)
(97898, 0, 0, 97898)
(97861, 0, 0, 97861)
(97830, 0, 0, 97830)
(97802, 0, 0, 97802)
(97792, 0, 0, 97792)
(97757, 0, 0, 97757)
(97749, 0, 0, 97749)
(97741, 0, 0, 97741)
(97717, 0, 0, 97717)
(97693, 0, 0, 97693)
(97687, 0, 0, 97687)
(97676, 0, 0, 97676)
(97668, 0, 0, 97668)
(97652, 0, 0, 97652)
(97645, 0, 0, 97645)
(97632, 0, 0, 97632)
(97619, 0, 0, 97619)
(97602, 0, 0, 97602)
(97575, 0, 0, 97575)
(97555, 0, 0, 97555)
(97533, 0, 0, 97533)
(97511, 0, 0, 97511)
(97489, 0, 0, 97489)
(97467, 0, 0, 97467)
(97457, 0, 0, 97457)
(97447, 0, 0, 97447)
(97442, 0, 0, 97442)
(97437, 0, 0, 97437)
(97436, 0, 0, 97436)
(97435, 0, 0, 97435)
(97406, 0, 0, 97406)
(97389, 0, 0, 97389)
(97367, 0, 0, 97367)
(97350, 0, 0, 97350)
(97349, 0, 0, 97349)
(97348, 0, 0, 97348)
(97347, 0, 0, 97347)
(97344, 0, 0, 97344)
(97330, 0, 0, 97330)
(97310, 0, 0, 97310)
(97286, 0, 0, 97286)
(97281, 0, 0, 97281)
(97276, 0, 0, 97276)
(97275, 0, 0, 97275)
(97274, 0, 0, 97274)
(97239, 0, 0, 97239)
(97211, 0, 0, 97211)
(97210, 0, 0, 97210)
(97204, 0, 0, 97204)
(97171, 0, 0, 97171)
(97167, 0, 0, 97167)
(97163, 0, 0, 97163)
(97159, 0, 0, 97159)
(97141, 0, 0, 97141)
(97122, 0, 0, 97122)
(97104, 0, 0, 97104)
(97103, 0, 0, 97103)
(97102, 0, 0, 97102)
(97093, 0, 0, 97093)
(97083, 0, 0, 97083)
(97067, 0, 0, 97067)
(97059, 0, 0, 97059)
(97054, 0, 0, 97054)
(97037, 0, 0, 97037)
(97020, 0, 0, 97020)
(96987, 0, 0, 96987)
(96971, 0, 0, 96971)
(96950, 0, 0, 96950)
(96939, 0, 0, 96939)
(96915, 0, 0, 96915)
(96896, 0, 0, 96896)
(96873, 0, 0, 96873)
(96843, 0, 0, 96843)
(96822, 0, 0, 96822)
(96815, 0, 0, 96815)
(96787, 0, 0, 96787)
(96786, 0, 0, 96786)
(96784, 0, 0, 96784)
(96759, 0, 0, 96759)
(96739, 0, 0, 96739)
(96729, 0, 0, 96729)
(96714, 0, 0, 96714)
(96674, 0, 0, 96674)
(96646, 0, 0, 96646)
(96634, 0, 0, 96634)
(96609, 0, 0, 96609)
(96592, 0, 0, 96592)
(96582, 0, 0, 96582)
(96577, 0, 0, 96577)
(96564, 0, 0, 96564)
(96544, 0, 0, 96544)
(96519, 0, 0, 96519)
(96490, 0, 0, 96490)
(96476, 0, 0, 96476)
(96463, 0, 0, 96463)
(96462, 0, 0, 96462)
(96461, 0, 0, 96461)
(96442, 0, 0, 96442)
(96426, 0, 0, 96426)
(96424, 0, 0, 96424)
(96400, 0, 0, 96400)
(96385, 0, 0, 96385)
(96364, 0, 0, 96364)
(96349, 0, 0, 96349)
(96347, 0, 0, 96347)
(96334, 0, 0, 96334)
(96330, 0, 0, 96330)
(96297, 0, 0, 96297)
(96275, 0, 0, 96275)
(96237, 0, 0, 96237)
(96210, 0, 0, 96210)
(96199, 0, 0, 96199)
(96180, 0, 0, 96180)
(96166, 0, 0, 96166)
(96152, 0, 0, 96152)
(96151, 0, 0, 96151)
(96150, 0, 0, 96150)
(96149, 0, 0, 96149)
(96120, 0, 0, 96120)
(96091, 0, 0, 96091)
(96082, 0, 0, 96082)
(96060, 0, 0, 96060)
(96053, 0, 0, 96053)
(96046, 0, 0, 96046)
(96028, 0, 0, 96028)
(96010, 0, 0, 96010)
(95993, 0, 0, 95993)
(95992, 0, 0, 95992)
(95978, 0, 0, 95978)
(95963, 0, 0, 95963)
(95953, 0, 0, 95953)
(95935, 0, 0, 95935)
(95923, 0, 0, 95923)
