(85334, 0, 0, 85334)
(85322, 0, 0, 85322)
(85305, 0, 0, 85305)
(85296, 0, 0, 85296)
(85282, 0, 0, 85282)
(85261, 0, 0, 85261)
(85242, 0, 0, 85242)
(85228, 0, 0, 85228)
(85214, 0, 0, 85214)
(85206, 0, 0, 85206)
(85190, 0, 0, 85190)
(85168, 0, 0, 85168)
(85154, 0, 0, 85154)
(85137, 0, 0, 85137)
(85125, 0, 0, 85125)
(85100, 0, 0, 85100)
(85094, 0, 0, 85094)
(85084, 0, 0, 85084)
(85057, 0, 0, 85057)
(85042, 0, 0, 85042)
(85019, 0, 0, 85019)
(84995, 0, 0, 84995)
(84990, 0, 0, 84990)
(84981, 0, 0, 84981)
(84958, 0, 0, 84958)
(84936, 0, 0, 84936)
(84905, 0, 0, 84905)
(84902, 0, 0, 84902)
(84897, 0, 0, 84897)
(84873, 0, 0, 84873)
(84868, 0, 0, 84868)
(84849, 0, 0, 84849)
(84833, 0, 0, 84833)
(84817, 0, 0, 84817)
(84789, 0, 0, 84789)
(84761, 0, 0, 84761)
(84746, 0, 0, 84746)
(84722, 0, 0, 84722)
(84697, 0, 0, 84697)
(84671, 0, 0, 84671)
(84657, 0, 0, 84657)
(84653, 0, 0, 84653)
(84632, 0, 0, 84632)
(84613, 0, 0, 84613)
(84594, 0, 0, 84594)
(84562, 0, 0, 84562)
(84553, 0, 0, 84553)
(84536, 0, 0, 84536)
(84528, 0, 0, 84528)
(84507, 0, 0, 84507)
(84490, 0, 0, 84490)
(84486, 0, 0, 84486)
(84470, 0, 0, 84470)
(84448, 0, 0, 84448)
(84438, 0, 0, 84438)
(84418, 0, 0, 84418)
(84399, 0, 0, 84399)
(84377, 0, 0, 84377)
(84374, 0, 0, 84374)
(84362, 0, 0, 84362)
(84354, 0, 0, 84354)
(84343, 0, 0, 84343)
(84321, 0, 0, 84321)
(84315, 0, 0, 84315)
(84305, 0, 0, 84305)
(84292, 0, 0, 84292)
(84280, 0, 0, 84280)
(84262, 0, 0, 84262)
(84252, 0, 0, 84252)
(84233, 0, 0, 84233)
(84223, 0, 0, 84223)
(84213, 0, 0, 84213)
(84181, 0, 0, 84181)
(84166, 0, 0, 84166)
(84143, 0, 0, 84143)
(84129, 0, 0, 84129)
(84114, 0, 0, 84114)
(84094, 0, 0, 84094)
(84065, 0, 0, 84065)
(84050, 0, 0, 84050)
(84040, 0, 0, 84040)
(84016, 0, 0, 84016)
(83989, 0, 0, 83989)
(83972, 0, 0, 83972)
(83963, 0, 0, 83963)
(83940, 0, 0, 83940)
(83914, 0, 0, 83914)
(83913, 0, 0, 83913)
(83891, 0, 0, 83891)
(83871, 0, 0, 83871)
(83866, 0, 0, 83866)
(83832, 0, 0, 83832)
(83802, 0, 0, 83802)
(83773, 0, 0, 83773)
(83760, 0, 0, 83760)
(83759, 0, 0, 83759)
(83732, 0, 0, 83732)
(83705, 0, 0, 83705)
(83683, 0, 0, 83683)
(83657, 0, 0, 83657)
(83640, 0, 0, 83640)
(83614, 0, 0, 83614)
(83588, 0, 0, 83588)
(83564, 0, 0, 83564)
(83538, 0, 0, 83538)
(83510, 0, 0, 83510)
(83480, 0, 0, 83480)
(83451, 0, 0, 83451)
(83423, 0, 0, 83423)
(83412, 0, 0, 83412)
(83395, 0, 0, 83395)
(83363, 0, 0, 83363)
(83360, 0, 0, 83360)
(83357, 0, 0, 83357)
(83356, 0, 0, 83356)
(83355, 0, 0, 83355)
(83354, 0, 0, 83354)
(83317, 0, 0, 83317)
(83288, 0, 0, 83288)
(83277, 0, 0, 83277)
(83268, 0, 0, 83268)
(83229, 0, 0, 83229)
(83218, 0, 0, 83218)
(83203, 0, 0, 83203)
(83179, 0, 0, 83179)
(83150, 0, 0, 83150)
(83142, 0, 0, 83142)
(83124, 0, 0, 83124)
(83099, 0, 0, 83099)
(83082, 0, 0, 83082)
(83061, 0, 0, 83061)
(83037, 0, 0, 83037)
(83012, 0, 0, 83012)
(82992, 0, 0, 82992)
(82965, 0, 0, 82965)
(82932, 0, 0, 82932)
(82921, 0, 0, 82921)
(82910, 0, 0, 82910)
(82899, 0, 0, 82899)
(82885, 0, 0, 82885)
(82871, 0, 0, 82871)
(82857, 0, 0, 82857)
(82855, 0, 0, 82855)
(82831, 0, 0, 82831)
(82822, 0, 0, 82822)
(82808, 0, 0, 82808)
(82794, 0, 0, 82794)
(82768, 0, 0, 82768)
(82753, 0, 0, 82753)
(82742, 0, 0, 82742)
(82730, 0, 0, 82730)
(82725, 0, 0, 82725)
(82703, 0, 0, 82703)
(82697, 0, 0, 82697)
(82679, 0, 0, 82679)
(82654, 0, 0, 82654)
(82629, 0, 0, 82629)
(82604, 0, 0, 82604)
(82595, 0, 0, 82595)
(82586, 0, 0, 82586)
(82577, 0, 0, 82577)
(82568, 0, 0, 82568)
(82539, 0, 0, 82539)
(82533, 0, 0, 82533)
(82522, 0, 0, 82522)
(82504, 0, 0, 82504)
(82486, 0, 0, 82486)
(82477, 0, 0, 82477)
(82469, 0, 0, 82469)
(82449, 0, 0, 82449)
(82439, 0, 0, 82439)
(82426, 0, 0, 82426)
(82410, 0, 0, 82410)
(82389, 0, 0, 82389)
(82379, 0, 0, 82379)
(82378, 0, 0, 82378)
(82365, 0, 0, 82365)
(82358, 0, 0, 82358)
(82351, 0, 0, 82351)
(82344, 0, 0, 82344)
(82332, 0, 0, 82332)
(82320, 0, 0, 82320)
(82308, 0, 0, 82308)
(82296, 0, 0, 82296)
(82276, 0, 0, 82276)
(82251, 0, 0, 82251)
(82232, 0, 0, 82232)
(82223, 0, 0, 82223)
(82209, 0, 0, 82209)
(82195, 0, 0, 82195)
(82187, 0, 0, 82187)
(82179, 0, 0, 82179)
(82162, 0, 0, 82162)
(82145, 0, 0, 82145)
(82121, 0, 0, 82121)
(82101, 0, 0, 82101)
(82078, 0, 0, 82078)
(82062, 0, 0, 82062)
(82045, 0, 0, 82045)
(82020, 0, 0, 82020)
(82006, 0, 0, 82006)
(81996, 0, 0, 81996)
(81989, 0, 0, 81989)
(81964, 0, 0, 81964)
(81948, 0, 0, 81948)
(81932, 0, 0, 81932)
(81927, 0, 0, 81927)
(81915, 0, 0, 81915)
(81897, 0, 0, 81897)
(81883, 0, 0, 81883)
(81869, 0, 0, 81869)
(81855, 0, 0, 81855)
(81841, 0, 0, 81841)
(81827, 0, 0, 81827)
(81813, 0, 0, 81813)
(81805, 0, 0, 81805)
(81790, 0, 0, 81790)
(81772, 0, 0, 81772)
(81755, 0, 0, 81755)
(81736, 0, 0, 81736)
(81705, 0, 0, 81705)
(81695, 0, 0, 81695)
(81682, 0, 0, 81682)
(81666, 0, 0, 81666)
(81650, 0, 0, 81650)
(81632, 0, 0, 81632)
(81614, 0, 0, 81614)
(81585, 0, 0, 81585)
(81580, 0, 0, 81580)
(81570, 0, 0, 81570)
(81540, 0, 0, 81540)
(81533, 0, 0, 81533)
(81529, 0, 0, 81529)
(81526, 0, 0, 81526)
(81523, 0, 0, 81523)
(81499, 0, 0, 81499)
(81475, 0, 0, 81475)
(81463, 0, 0, 81463)
(81433, 0, 0, 81433)
(81424, 0, 0, 81424)
(81400, 0, 0, 81400)
(81379, 0, 0, 81379)
(81363, 0, 0, 81363)
(81329, 0, 0, 81329)
(81317, 0, 0, 81317)
(81312, 0, 0, 81312)
(81300, 0, 0, 81300)
(81276, 0, 0, 81276)
(81275, 0, 0, 81275)
(81258, 0, 0, 81258)
(81242, 0, 0, 81242)
(81220, 0, 0, 81220)
(81201, 0, 0, 81201)
(81194, 0, 0, 81194)
(81184, 0, 0, 81184)
(81160, 0, 0, 81160)
(81136, 0, 0, 81136)
(81114, 0, 0, 81114)
(81102, 0, 0, 81102)
(81090, 0, 0, 81090)
(81066, 0, 0, 81066)
(81054, 0, 0, 81054)
(81044, 0, 0, 81044)
(81031, 0, 0, 81031)
(81016, 0, 0, 81016)
(80997, 0, 0, 80997)
(80983, 0, 0, 80983)
(80969, 0, 0, 80969)
(80950, 0, 0, 80950)
(80917, 0, 0, 80917)
(80890, 0, 0, 80890)
(80871, 0, 0, 80871)
(80852, 0, 0, 80852)
(80833, 0, 0, 80833)
(80813, 0, 0, 80813)
(80790, 0, 0, 80790)
(80768, 0, 0, 80768)
(80755, 0, 0, 80755)
(80720, 0, 0, 80720)
(80704, 0, 0, 80704)
(80691, 0, 0, 80691)
(80678, 0, 0, 80678)
(80665, 0, 0, 80665)
(80649, 0, 0, 80649)
(80633, 0, 0, 80633)
(80617, 0, 0, 80617)
(80592, 0, 0, 80592)
(80577, 0, 0, 80577)
(80550, 0, 0, 80550)
(80535, 0, 0, 80535)
(80523, 0, 0, 80523)
(80518, 0, 0, 80518)
(80505, 0, 0, 80505)
(80492, 0, 0, 80492)
(80470, 0, 0, 80470)
(80459, 0, 0, 80459)
(80434, 0, 0, 80434)
(80417, 0, 0, 80417)
(80408, 0, 0, 80408)
(80397, 0, 0, 80397)
(80370, 0, 0, 80370)
(80354, 0, 0, 80354)
(80338, 0, 0, 80338)
(80321, 0, 0, 80321)
(80295, 0, 0, 80295)
(80265, 0, 0, 80265)
(80242, 0, 0, 80242)
(80222, 0, 0, 80222)
(80202, 0, 0, 80202)
(80187, 0, 0, 80187)
(80167, 0, 0, 80167)
(80152, 0, 0, 80152)
(80134, 0, 0, 80134)
(80106, 0, 0, 80106)
(80095, 0, 0, 80095)
(80072, 0, 0, 80072)
(80061, 0, 0, 80061)
(80049, 0, 0, 80049)
(80019, 0, 0, 80019)
(80016, 0, 0, 80016)
(80013, 0, 0, 80013)
(80004, 0, 0, 80004)
(80003, 0, 0, 80003)
(79990, 0, 0, 79990)
(79965, 0, 0, 79965)
(79958, 0, 0, 79958)
(79928, 0, 0, 79928)
(79919, 0, 0, 79919)
(79915, 0, 0, 79915)
(79896, 0, 0, 79896)
(79874, 0, 0, 79874)
(79852, 0, 0, 79852)
(79823, 0, 0, 79823)
(79806, 0, 0, 79806)
(79789, 0, 0, 79789)
(79774, 0, 0, 79774)
(79759, 0, 0, 79759)
(79744, 0, 0, 79744)
(79725, 0, 0, 79725)
(79706, 0, 0, 79706)
(79685, 0, 0, 79685)
(79678, 0, 0, 79678)
(79663, 0, 0, 79663)
(79648, 0, 0, 79648)
(79640, 0, 0, 79640)
(79609, 0, 0, 79609)
(79595, 0, 0, 79595)
(79582, 0, 0, 79582)
(79562, 0, 0, 79562)
(79521, 0, 0, 79521)
(79508, 0, 0, 79508)
(79495, 0, 0, 79495)
(79482, 0, 0, 79482)
(79457, 0, 0, 79457)
(79430, 0, 0, 79430)
(79403, 0, 0, 79403)
(79380, 0, 0, 79380)
(79363, 0, 0, 79363)
(79346, 0, 0, 79346)
(79311, 0, 0, 79311)
(79303, 0, 0, 79303)
(79277, 0, 0, 79277)
(79267, 0, 0, 79267)
(79240, 0, 0, 79240)
(79218, 0, 0, 79218)
(79200, 0, 0, 79200)
(79186, 0, 0, 79186)
(79171, 0, 0, 79171)
(79162, 0, 0, 79162)
(79145, 0, 0, 79145)
(79124, 0, 0, 79124)
(79119, 0, 0, 79119)
(79099, 0, 0, 79099)
(79088, 0, 0, 79088)
(79073, 0, 0, 79073)
(79058, 0, 0, 79058)
(79043, 0, 0, 79043)
(79028, 0, 0, 79028)
(79019, 0, 0, 79019)
(78996, 0, 0, 78996)
(78982, 0, 0, 78982)
(78966, 0, 0, 78966)
(78948, 0, 0, 78948)
(78926, 0, 0, 78926)
(78906, 0, 0, 78906)
(78878, 0, 0, 78878)
(78853, 0, 0, 78853)
(78827, 0, 0, 78827)
(78809, 0, 0, 78809)
(78805, 0, 0, 78805)
(78794, 0, 0, 78794)
(78783, 0, 0, 78783)
(78762, 0, 0, 78762)
(78743, 0, 0, 78743)
(78726, 0, 0, 78726)
(78717, 0, 0, 78717)
(78705, 0, 0, 78705)
(78698, 0, 0, 78698)
(78691, 0, 0, 78691)
(78652, 0, 0, 78652)
(78630, 0, 0, 78630)
(78617, 0, 0, 78617)
(78606, 0, 0, 78606)
(78593, 0, 0, 78593)
(78580, 0, 0, 78580)
(78566, 0, 0, 78566)
(78532, 0, 0, 78532)
(78511, 0, 0, 78511)
(78505, 0, 0, 78505)
(78479, 0, 0, 78479)
(78458, 0, 0, 78458)
(78443, 0, 0, 78443)
(78421, 0, 0, 78421)
(78409, 0, 0, 78409)
(78403, 0, 0, 78403)
(78375, 0, 0, 78375)
(78368, 0, 0, 78368)
(78346, 0, 0, 78346)
(78324, 0, 0, 78324)
(78310, 0, 0, 78310)
(78296, 0, 0, 78296)
(78274, 0, 0, 78274)
(78264, 0, 0, 78264)
(78245, 0, 0, 78245)
(78230, 0, 0, 78230)
(78216, 0, 0, 78216)
(78204, 0, 0, 78204)
(78192, 0, 0, 78192)
(78167, 0, 0, 78167)
(78166, 0, 0, 78166)
(78160, 0, 0, 78160)
(78149, 0, 0, 78149)
(78133, 0, 0, 78133)
(78100, 0, 0, 78100)
(78071, 0, 0, 78071)
(78064, 0, 0, 78064)
(78055, 0, 0, 78055)
(78046, 0, 0, 78046)
(78023, 0, 0, 78023)
(78009, 0, 0, 78009)
(77998, 0, 0, 77998)
(77981, 0, 0, 77981)
(77963, 0, 0, 77963)
(77957, 0, 0, 77957)
(77949, 0, 0, 77949)
(77930, 0, 0, 77930)
(77912, 0, 0, 77912)
(77898, 0, 0, 77898)
(77882, 0, 0, 77882)
(77866, 0, 0, 77866)
(77852, 0, 0, 77852)
(77835, 0, 0, 77835)
(77806, 0, 0, 77806)
(77774, 0, 0, 77774)
(77752, 0, 0, 77752)
(77742, 0, 0, 77742)
(77726, 0, 0, 77726)
(77699, 0, 0, 77699)
(77670, 0, 0, 77670)
(77650, 0, 0, 77650)
(77636, 0, 0, 77636)
(77624, 0, 0, 77624)
(77599, 0, 0, 77599)
(77596, 0, 0, 77596)
(77578, 0, 0, 77578)
(77565, 0, 0, 77565)
(77552, 0, 0, 77552)
(77539, 0, 0, 77539)
(77526, 0, 0, 77526)
(77491, 0, 0, 77491)
(77465, 0, 0, 77465)
(77439, 0, 0, 77439)
(77413, 0, 0, 77413)
(77397, 0, 0, 77397)
(77388, 0, 0, 77388)
(77385, 0, 0, 77385)
(77371, 0, 0, 77371)
(77367, 0, 0, 77367)
(77351, 0, 0, 77351)
(77350, 0, 0, 77350)
(77334, 0, 0, 77334)
(77329, 0, 0, 77329)
(77306, 0, 0, 77306)
(77289, 0, 0, 77289)
(77279, 0, 0, 77279)
(77259, 0, 0, 77259)
(77247, 0, 0, 77247)
(77217, 0, 0, 77217)
(77193, 0, 0, 77193)
(77169, 0, 0, 77169)
(77144, 0, 0, 77144)
(77119, 0, 0, 77119)
(77103, 0, 0, 77103)
(77085, 0, 0, 77085)
(77060, 0, 0, 77060)
(77043, 0, 0, 77043)
(77027, 0, 0, 77027)
(77000, 0, 0, 77000)
(76984, 0, 0, 76984)
(76970, 0, 0, 76970)
(76959, 0, 0, 76959)
(76941, 0, 0, 76941)
(76926, 0, 0, 76926)
(76917, 0, 0, 76917)
(76905, 0, 0, 76905)
(76895, 0, 0, 76895)
(76881, 0, 0, 76881)
(76874, 0, 0, 76874)
(76866, 0, 0, 76866)
(76848, 0, 0, 76848)
(76845, 0, 0, 76845)
(76825, 0, 0, 76825)
(76818, 0, 0, 76818)
(76795, 0, 0, 76795)
(76793, 0, 0, 76793)
(76791, 0, 0, 76791)
(76781, 0, 0, 76781)
(76768, 0, 0, 76768)
(76755, 0, 0, 76755)
(76726, 0, 0, 76726)
(76714, 0, 0, 76714)
(76701, 0, 0, 76701)
(76692, 0, 0, 76692)
(76674, 0, 0, 76674)
(76642, 0, 0, 76642)
(76612, 0, 0, 76612)
(76587, 0, 0, 76587)
(76566, 0, 0, 76566)
(76546, 0, 0, 76546)
(76511, 0, 0, 76511)
(76490, 0, 0, 76490)
(76482, 0, 0, 76482)
(76460, 0, 0, 76460)
(76457, 0, 0, 76457)
(76437, 0, 0, 76437)
(76412, 0, 0, 76412)
(76394, 0, 0, 76394)
(76371, 0, 0, 76371)
(76366, 0, 0, 76366)
(76345, 0, 0, 76345)
(76326, 0, 0, 76326)
(76307, 0, 0, 76307)
(76295, 0, 0, 76295)
(76279, 0, 0, 76279)
(76268, 0, 0, 76268)
(76262, 0, 0, 76262)
(76245, 0, 0, 76245)
(76226, 0, 0, 76226)
(76214, 0, 0, 76214)
(76202, 0, 0, 76202)
(76184, 0, 0, 76184)
(76153, 0, 0, 76153)
(76124, 0, 0, 76124)
(76111, 0, 0, 76111)
(76093, 0, 0, 76093)
(76083, 0, 0, 76083)
(76065, 0, 0, 76065)
(76049, 0, 0, 76049)
(76029, 0, 0, 76029)
(76017, 0, 0, 76017)
(76012, 0, 0, 76012)
(75997, 0, 0, 75997)
(75973, 0, 0, 75973)
(75952, 0, 0, 75952)
(75947, 0, 0, 75947)
(75925, 0, 0, 75925)
(75912, 0, 0, 75912)
(75885, 0, 0, 75885)
(75868, 0, 0, 75868)
(75845, 0, 0, 75845)
(75814, 0, 0, 75814)
(75792, 0, 0, 75792)
(75774, 0, 0, 75774)
(75773, 0, 0, 75773)
(75751, 0, 0, 75751)
(75729, 0, 0, 75729)
(75688, 0, 0, 75688)
(75664, 0, 0, 75664)
(75649, 0, 0, 75649)
(75642, 0, 0, 75642)
(75605, 0, 0, 75605)
(75593, 0, 0, 75593)
(75581, 0, 0, 75581)
(75556, 0, 0, 75556)
(75529, 0, 0, 75529)
(75494, 0, 0, 75494)
(75482, 0, 0, 75482)
(75473, 0, 0, 75473)
(75470, 0, 0, 75470)
(75461, 0, 0, 75461)
(75444, 0, 0, 75444)
(75427, 0, 0, 75427)
(75405, 0, 0, 75405)
(75385, 0, 0, 75385)
(75368, 0, 0, 75368)
(75365, 0, 0, 75365)
(75349, 0, 0, 75349)
(75333, 0, 0, 75333)
(75317, 0, 0, 75317)
(75306, 0, 0, 75306)
(75277, 0, 0, 75277)
(75247, 0, 0, 75247)
(75218, 0, 0, 75218)
(75208, 0, 0, 75208)
(75197, 0, 0, 75197)
(75182, 0, 0, 75182)
(75149, 0, 0, 75149)
(75137, 0, 0, 75137)
(75113, 0, 0, 75113)
(75092, 0, 0, 75092)
(75090, 0, 0, 75090)
(75063, 0, 0, 75063)
(75038, 0, 0, 75038)
(75034, 0, 0, 75034)
(75031, 0, 0, 75031)
(75000, 0, 0, 75000)
(74974, 0, 0, 74974)
(74947, 0, 0, 74947)
(74920, 0, 0, 74920)
(74901, 0, 0, 74901)
(74882, 0, 0, 74882)
(74856, 0, 0, 74856)
(74843, 0, 0, 74843)
(74817, 0, 0, 74817)
(74814, 0, 0, 74814)
(74794, 0, 0, 74794)
(74793, 0, 0, 74793)
(74774, 0, 0, 74774)
(74749, 0, 0, 74749)
(74722, 0, 0, 74722)
(74715, 0, 0, 74715)
(74693, 0, 0, 74693)
(74677, 0, 0, 74677)
(74661, 0, 0, 74661)
(74650, 0, 0, 74650)
(74636, 0, 0, 74636)
(74625, 0, 0, 74625)
(74597, 0, 0, 74597)
(74578, 0, 0, 74578)
(74569, 0, 0, 74569)
(74551, 0, 0, 74551)
(74535, 0, 0, 74535)
(74529, 0, 0, 74529)
(74510, 0, 0, 74510)
(74508, 0, 0, 74508)
(74506, 0, 0, 74506)
(74484, 0, 0, 74484)
(74469, 0, 0, 74469)
(74463, 0, 0, 74463)
(74456, 0, 0, 74456)
(74429, 0, 0, 74429)
(74404, 0, 0, 74404)
(74379, 0, 0, 74379)
(74354, 0, 0, 74354)
(74350, 0, 0, 74350)
(74332, 0, 0, 74332)
(74314, 0, 0, 74314)
(74301, 0, 0, 74301)
(74286, 0, 0, 74286)
(74273, 0, 0, 74273)
(74256, 0, 0, 74256)
(74234, 0, 0, 74234)
(74212, 0, 0, 74212)
(74200, 0, 0, 74200)
(74194, 0, 0, 74194)
(74167, 0, 0, 74167)
(74159, 0, 0, 74159)
(74140, 0, 0, 74140)
(74121, 0, 0, 74121)
(74102, 0, 0, 74102)
(74099, 0, 0, 74099)
(74086, 0, 0, 74086)
(74078, 0, 0, 74078)
(74064, 0, 0, 74064)
(74036, 0, 0, 74036)
(74018, 0, 0, 74018)
(74011, 0, 0, 74011)
(73979, 0, 0, 73979)
(73964, 0, 0, 73964)
(73949, 0, 0, 73949)
(73916, 0, 0, 73916)
(73885, 0, 0, 73885)
(73854, 0, 0, 73854)
(73837, 0, 0, 73837)
(73805, 0, 0, 73805)
(73791, 0, 0, 73791)
(73773, 0, 0, 73773)
(73749, 0, 0, 73749)
(73745, 0, 0, 73745)
(73724, 0, 0, 73724)
(73698, 0, 0, 73698)
(73682, 0, 0, 73682)
(73671, 0, 0, 73671)
(73654, 0, 0, 73654)
(73643, 0, 0, 73643)
(73631, 0, 0, 73631)
(73604, 0, 0, 73604)
(73603, 0, 0, 73603)
(73595, 0, 0, 73595)
(73579, 0, 0, 73579)
(73567, 0, 0, 73567)
(73539, 0, 0, 73539)
(73531, 0, 0, 73531)
(73512, 0, 0, 73512)
(73486, 0, 0, 73486)
(73471, 0, 0, 73471)
(73465, 0, 0, 73465)
(73445, 0, 0, 73445)
(73424, 0, 0, 73424)
(73416, 0, 0, 73416)
(73404, 0, 0, 73404)
(73389, 0, 0, 73389)
(73369, 0, 0, 73369)
(73349, 0, 0, 73349)
(73343, 0, 0, 73343)
(73320, 0, 0, 73320)
(73318, 0, 0, 73318)
(73303, 0, 0, 73303)
(73273, 0, 0, 73273)
(73243, 0, 0, 73243)
(73215, 0, 0, 73215)
(73206, 0, 0, 73206)
(73187, 0, 0, 73187)
(73169, 0, 0, 73169)
(73163, 0, 0, 73163)
(73139, 0, 0, 73139)
(73118, 0, 0, 73118)
(73097, 0, 0, 73097)
(73067, 0, 0, 73067)
(73041, 0, 0, 73041)
(73019, 0, 0, 73019)
(73000, 0, 0, 73000)
(72963, 0, 0, 72963)
(72950, 0, 0, 72950)
(72937, 0, 0, 72937)
(72912, 0, 0, 72912)
(72906, 0, 0, 72906)
(72901, 0, 0, 72901)
(72896, 0, 0, 72896)
(72871, 0, 0, 72871)
(72846, 0, 0, 72846)
(72824, 0, 0, 72824)
(72800, 0, 0, 72800)
(72781, 0, 0, 72781)
(72756, 0, 0, 72756)
(72734, 0, 0, 72734)
(72706, 0, 0, 72706)
(72688, 0, 0, 72688)
(72668, 0, 0, 72668)
(72661, 0, 0, 72661)
(72655, 0, 0, 72655)
(72649, 0, 0, 72649)
(72634, 0, 0, 72634)
(72611, 0, 0, 72611)
(72588, 0, 0, 72588)
(72567, 0, 0, 72567)
(72558, 0, 0, 72558)
(72528, 0, 0, 72528)
(72508, 0, 0, 72508)
(72497, 0, 0, 72497)
(72478, 0, 0, 72478)
(72449, 0, 0, 72449)
(72427, 0, 0, 72427)
(72412, 0, 0, 72412)
(72388, 0, 0, 72388)
(72369, 0, 0, 72369)
(72346, 0, 0, 72346)
(72320, 0, 0, 72320)
(72315, 0, 0, 72315)
(72301, 0, 0, 72301)
(72287, 0, 0, 72287)
(72267, 0, 0, 72267)
(72236, 0, 0, 72236)
(72227, 0, 0, 72227)
(72209, 0, 0, 72209)
(72191, 0, 0, 72191)
(72171, 0, 0, 72171)
(72151, 0, 0, 72151)
(72131, 0, 0, 72131)
(72111, 0, 0, 72111)
(72107, 0, 0, 72107)
(72101, 0, 0, 72101)
(72100, 0, 0, 72100)
(72069, 0, 0, 72069)
(72042, 0, 0, 72042)
(72026, 0, 0, 72026)
(72004, 0, 0, 72004)
(71989, 0, 0, 71989)
(71961, 0, 0, 71961)
(71953, 0, 0, 71953)
(71945, 0, 0, 71945)
(71939, 0, 0, 71939)
(71920, 0, 0, 71920)
(71901, 0, 0, 71901)
(71887, 0, 0, 71887)
(71864, 0, 0, 71864)
(71850, 0, 0, 71850)
(71843, 0, 0, 71843)
(71830, 0, 0, 71830)
(71819, 0, 0, 71819)
(71811, 0, 0, 71811)
(71791, 0, 0, 71791)
(71768, 0, 0, 71768)
(71767, 0, 0, 71767)
(71766, 0, 0, 71766)
(71745, 0, 0, 71745)
(71727, 0, 0, 71727)
(71706, 0, 0, 71706)
(71682, 0, 0, 71682)
(71655, 0, 0, 71655)
(71623, 0, 0, 71623)
(71595, 0, 0, 71595)
(71582, 0, 0, 71582)
(71578, 0, 0, 71578)
(71565, 0, 0, 71565)
(71548, 0, 0, 71548)
(71538, 0, 0, 71538)
(71517, 0, 0, 71517)
(71503, 0, 0, 71503)
(71497, 0, 0, 71497)
(71480, 0, 0, 71480)
(71467, 0, 0, 71467)
(71447, 0, 0, 71447)
(71427, 0, 0, 71427)
(71412, 0, 0, 71412)
(71389, 0, 0, 71389)
(71364, 0, 0, 71364)
(71345, 0, 0, 71345)
(71327, 0, 0, 71327)
(71315, 0, 0, 71315)
(71295, 0, 0, 71295)
(71269, 0, 0, 71269)
(71256, 0, 0, 71256)
(71243, 0, 0, 71243)
(71230, 0, 0, 71230)
(71217, 0, 0, 71217)
(71196, 0, 0, 71196)
(71164, 0, 0, 71164)
(71154, 0, 0, 71154)
(71122, 0, 0, 71122)
(71103, 0, 0, 71103)
(71102, 0, 0, 71102)
(71082, 0, 0, 71082)
(71058, 0, 0, 71058)
(71036, 0, 0, 71036)
(71009, 0, 0, 71009)
(71004, 0, 0, 71004)
(70999, 0, 0, 70999)
(70978, 0, 0, 70978)
(70957, 0, 0, 70957)
(70952, 0, 0, 70952)
(70930, 0, 0, 70930)
(70916, 0, 0, 70916)
(70887, 0, 0, 70887)
(70871, 0, 0, 70871)
(70840, 0, 0, 70840)
(70832, 0, 0, 70832)
(70813, 0, 0, 70813)
(70807, 0, 0, 70807)
