(218915, 0, 0, 218915)
(218911, 0, 0, 218911)
(218907, 0, 0, 218907)
(218902, 0, 0, 218902)
(218897, 0, 0, 218897)
(218869, 0, 0, 218869)
(218848, 0, 0, 218848)
(218833, 0, 0, 218833)
(218812, 0, 0, 218812)
(218804, 0, 0, 218804)
(218792, 0, 0, 218792)
(218767, 0, 0, 218767)
(218751, 0, 0, 218751)
(218733, 0, 0, 218733)
(218721, 0, 0, 218721)
(218707, 0, 0, 218707)
(218684, 0, 0, 218684)
(218665, 0, 0, 218665)
(218650, 0, 0, 218650)
(218626, 0, 0, 218626)
(218614, 0, 0, 218614)
(218601, 0, 0, 218601)
(218588, 0, 0, 218588)
(218575, 0, 0, 218575)
(218554, 0, 0, 218554)
(218534, 0, 0, 218534)
(218512, 0, 0, 218512)
(218496, 0, 0, 218496)
(218472, 0, 0, 218472)
(218457, 0, 0, 218457)
(218438, 0, 0, 218438)
(218428, 0, 0, 218428)
(218418, 0, 0, 218418)
(218400, 0, 0, 218400)
(218384, 0, 0, 218384)
(218372, 0, 0, 218372)
(218359, 0, 0, 218359)
(218356, 0, 0, 218356)
(218353, 0, 0, 218353)
(218349, 0, 0, 218349)
(218345, 0, 0, 218345)
(218341, 0, 0, 218341)
(218321, 0, 0, 218321)
(218291, 0, 0, 218291)
(218263, 0, 0, 218263)
(218235, 0, 0, 218235)
(218206, 0, 0, 218206)
(218177, 0, 0, 218177)
(218148, 0, 0, 218148)
(218119, 0, 0, 218119)
(218090, 0, 0, 218090)
(218065, 0, 0, 218065)
(218031, 0, 0, 218031)
(217997, 0, 0, 217997)
(217963, 0, 0, 217963)
(217929, 0, 0, 217929)
(217900, 0, 0, 217900)
(217871, 0, 0, 217871)
(217846, 0, 0, 217846)
(217821, 0, 0, 217821)
(217796, 0, 0, 217796)
(217789, 0, 0, 217789)
(217782, 0, 0, 217782)
(217775, 0, 0, 217775)
(217754, 0, 0, 217754)
(217748, 0, 0, 217748)
(217717, 0, 0, 217717)
(217705, 0, 0, 217705)
(217693, 0, 0, 217693)
(217680, 0, 0, 217680)
(217657, 0, 0, 217657)
(217633, 0, 0, 217633)
(217609, 0, 0, 217609)
(217585, 0, 0, 217585)
(217561, 0, 0, 217561)
(217537, 0, 0, 217537)
(217513, 0, 0, 217513)
(217486, 0, 0, 217486)
(217459, 0, 0, 217459)
(217432, 0, 0, 217432)
(217405, 0, 0, 217405)
(217378, 0, 0, 217378)
(217362, 0, 0, 217362)
(217342, 0, 0, 217342)
(217313, 0, 0, 217313)
(217284, 0, 0, 217284)
(217255, 0, 0, 217255)
(217228, 0, 0, 217228)
(217200, 0, 0, 217200)
(217172, 0, 0, 217172)
(217144, 0, 0, 217144)
(217140, 0, 0, 217140)
(217132, 0, 0, 217132)
(217125, 0, 0, 217125)
(217121, 0, 0, 217121)
(217095, 0, 0, 217095)
(217083, 0, 0, 217083)
(217071, 0, 0, 217071)
(217057, 0, 0, 217057)
(217037, 0, 0, 217037)
(217017, 0, 0, 217017)
(216992, 0, 0, 216992)
(216971, 0, 0, 216971)
(216968, 0, 0, 216968)
(216956, 0, 0, 216956)
(216931, 0, 0, 216931)
(216923, 0, 0, 216923)
(216915, 0, 0, 216915)
(216914, 0, 0, 216914)
(216913, 0, 0, 216913)
(216912, 0, 0, 216912)
(216911, 0, 0, 216911)
(216890, 0, 0, 216890)
(216869, 0, 0, 216869)
(216848, 0, 0, 216848)
(216827, 0, 0, 216827)
(216809, 0, 0, 216809)
(216776, 0, 0, 216776)
(216743, 0, 0, 216743)
(216710, 0, 0, 216710)
(216677, 0, 0, 216677)
(216670, 0, 0, 216670)
(216663, 0, 0, 216663)
(216656, 0, 0, 216656)
(216649, 0, 0, 216649)
(216626, 0, 0, 216626)
(216612, 0, 0, 216612)
(216601, 0, 0, 216601)
(216598, 0, 0, 216598)
(216584, 0, 0, 216584)
(216560, 0, 0, 216560)
(216536, 0, 0, 216536)
(216523, 0, 0, 216523)
(216498, 0, 0, 216498)
(216488, 0, 0, 216488)
(216475, 0, 0, 216475)
(216454, 0, 0, 216454)
(216433, 0, 0, 216433)
(216429, 0, 0, 216429)
(216422, 0, 0, 216422)
(216398, 0, 0, 216398)
(216378, 0, 0, 216378)
(216369, 0, 0, 216369)
(216344, 0, 0, 216344)
(216314, 0, 0, 216314)
(216300, 0, 0, 216300)
(216281, 0, 0, 216281)
(216261, 0, 0, 216261)
(216243, 0, 0, 216243)
(216225, 0, 0, 216225)
(216207, 0, 0, 216207)
(216191, 0, 0, 216191)
(216173, 0, 0, 216173)
(216155, 0, 0, 216155)
(216137, 0, 0, 216137)
(216119, 0, 0, 216119)
(216098, 0, 0, 216098)
(216080, 0, 0, 216080)
(216079, 0, 0, 216079)
(216060, 0, 0, 216060)
(216044, 0, 0, 216044)
(216028, 0, 0, 216028)
(216012, 0, 0, 216012)
(215998, 0, 0, 215998)
(215981, 0, 0, 215981)
(215977, 0, 0, 215977)
(215952, 0, 0, 215952)
(215938, 0, 0, 215938)
(215926, 0, 0, 215926)
(215901, 0, 0, 215901)
(215878, 0, 0, 215878)
(215871, 0, 0, 215871)
(215865, 0, 0, 215865)
(215852, 0, 0, 215852)
(215829, 0, 0, 215829)
(215807, 0, 0, 215807)
(215785, 0, 0, 215785)
(215757, 0, 0, 215757)
(215726, 0, 0, 215726)
(215702, 0, 0, 215702)
(215686, 0, 0, 215686)
(215661, 0, 0, 215661)
(215645, 0, 0, 215645)
(215629, 0, 0, 215629)
(215617, 0, 0, 215617)
(215596, 0, 0, 215596)
(215568, 0, 0, 215568)
(215567, 0, 0, 215567)
(215546, 0, 0, 215546)
(215531, 0, 0, 215531)
(215504, 0, 0, 215504)
(215477, 0, 0, 215477)
(215470, 0, 0, 215470)
(215457, 0, 0, 215457)
(215444, 0, 0, 215444)
(215428, 0, 0, 215428)
(215418, 0, 0, 215418)
(215409, 0, 0, 215409)
(215397, 0, 0, 215397)
(215377, 0, 0, 215377)
(215354, 0, 0, 215354)
(215333, 0, 0, 215333)
(215311, 0, 0, 215311)
(215288, 0, 0, 215288)
(215264, 0, 0, 215264)
(215255, 0, 0, 215255)
(215253, 0, 0, 215253)
(215245, 0, 0, 215245)
(215224, 0, 0, 215224)
(215203, 0, 0, 215203)
(215195, 0, 0, 215195)
(215189, 0, 0, 215189)
(215177, 0, 0, 215177)
(215173, 0, 0, 215173)
(215169, 0, 0, 215169)
(215165, 0, 0, 215165)
(215161, 0, 0, 215161)
(215160, 0, 0, 215160)
(215136, 0, 0, 215136)
(215116, 0, 0, 215116)
(215105, 0, 0, 215105)
(215094, 0, 0, 215094)
(215083, 0, 0, 215083)
(215072, 0, 0, 215072)
(215061, 0, 0, 215061)
(215032, 0, 0, 215032)
(215003, 0, 0, 215003)
(214974, 0, 0, 214974)
(214953, 0, 0, 214953)
(214932, 0, 0, 214932)
(214919, 0, 0, 214919)
(214906, 0, 0, 214906)
(214893, 0, 0, 214893)
(214880, 0, 0, 214880)
(214869, 0, 0, 214869)
(214858, 0, 0, 214858)
(214847, 0, 0, 214847)
(214836, 0, 0, 214836)
(214812, 0, 0, 214812)
(214799, 0, 0, 214799)
(214786, 0, 0, 214786)
(214773, 0, 0, 214773)
(214760, 0, 0, 214760)
(214749, 0, 0, 214749)
(214722, 0, 0, 214722)
(214708, 0, 0, 214708)
(214692, 0, 0, 214692)
(214666, 0, 0, 214666)
(214640, 0, 0, 214640)
(214633, 0, 0, 214633)
(214615, 0, 0, 214615)
(214597, 0, 0, 214597)
(214571, 0, 0, 214571)
(214541, 0, 0, 214541)
(214513, 0, 0, 214513)
(214492, 0, 0, 214492)
(214472, 0, 0, 214472)
(214456, 0, 0, 214456)
(214433, 0, 0, 214433)
(214417, 0, 0, 214417)
(214391, 0, 0, 214391)
(214363, 0, 0, 214363)
(214335, 0, 0, 214335)
(214321, 0, 0, 214321)
(214318, 0, 0, 214318)
(214312, 0, 0, 214312)
(214291, 0, 0, 214291)
(214290, 0, 0, 214290)
(214279, 0, 0, 214279)
(214264, 0, 0, 214264)
(214249, 0, 0, 214249)
(214236, 0, 0, 214236)
(214223, 0, 0, 214223)
(214210, 0, 0, 214210)
(214197, 0, 0, 214197)
(214184, 0, 0, 214184)
(214171, 0, 0, 214171)
(214151, 0, 0, 214151)
(214131, 0, 0, 214131)
(214111, 0, 0, 214111)
(214091, 0, 0, 214091)
(214071, 0, 0, 214071)
(214051, 0, 0, 214051)
(214016, 0, 0, 214016)
(214009, 0, 0, 214009)
(213985, 0, 0, 213985)
(213962, 0, 0, 213962)
(213948, 0, 0, 213948)
(213932, 0, 0, 213932)
(213907, 0, 0, 213907)
(213877, 0, 0, 213877)
(213845, 0, 0, 213845)
(213814, 0, 0, 213814)
(213805, 0, 0, 213805)
(213774, 0, 0, 213774)
(213749, 0, 0, 213749)
(213733, 0, 0, 213733)
(213728, 0, 0, 213728)
(213704, 0, 0, 213704)
(213688, 0, 0, 213688)
(213672, 0, 0, 213672)
(213656, 0, 0, 213656)
(213640, 0, 0, 213640)
(213626, 0, 0, 213626)
(213612, 0, 0, 213612)
(213598, 0, 0, 213598)
(213569, 0, 0, 213569)
(213552, 0, 0, 213552)
(213520, 0, 0, 213520)
(213510, 0, 0, 213510)
(213500, 0, 0, 213500)
(213486, 0, 0, 213486)
(213479, 0, 0, 213479)
(213460, 0, 0, 213460)
(213435, 0, 0, 213435)
(213427, 0, 0, 213427)
(213424, 0, 0, 213424)
(213409, 0, 0, 213409)
(213384, 0, 0, 213384)
(213364, 0, 0, 213364)
(213356, 0, 0, 213356)
(213348, 0, 0, 213348)
(213332, 0, 0, 213332)
(213302, 0, 0, 213302)
(213280, 0, 0, 213280)
(213256, 0, 0, 213256)
(213251, 0, 0, 213251)
(213217, 0, 0, 213217)
(213212, 0, 0, 213212)
(213207, 0, 0, 213207)
(213183, 0, 0, 213183)
(213156, 0, 0, 213156)
(213150, 0, 0, 213150)
(213144, 0, 0, 213144)
(213135, 0, 0, 213135)
(213123, 0, 0, 213123)
(213103, 0, 0, 213103)
(213088, 0, 0, 213088)
(213063, 0, 0, 213063)
(213035, 0, 0, 213035)
(213027, 0, 0, 213027)
(213020, 0, 0, 213020)
(213015, 0, 0, 213015)
(212997, 0, 0, 212997)
(212979, 0, 0, 212979)
(212955, 0, 0, 212955)
(212946, 0, 0, 212946)
(212932, 0, 0, 212932)
(212903, 0, 0, 212903)
(212875, 0, 0, 212875)
(212850, 0, 0, 212850)
(212830, 0, 0, 212830)
(212811, 0, 0, 212811)
(212802, 0, 0, 212802)
(212775, 0, 0, 212775)
(212773, 0, 0, 212773)
(212771, 0, 0, 212771)
(212757, 0, 0, 212757)
(212747, 0, 0, 212747)
(212721, 0, 0, 212721)
(212695, 0, 0, 212695)
(212678, 0, 0, 212678)
(212666, 0, 0, 212666)
(212647, 0, 0, 212647)
(212628, 0, 0, 212628)
(212606, 0, 0, 212606)
(212584, 0, 0, 212584)
(212562, 0, 0, 212562)
(212538, 0, 0, 212538)
(212514, 0, 0, 212514)
(212490, 0, 0, 212490)
(212467, 0, 0, 212467)
(212452, 0, 0, 212452)
(212440, 0, 0, 212440)
(212428, 0, 0, 212428)
(212400, 0, 0, 212400)
(212389, 0, 0, 212389)
(212367, 0, 0, 212367)
(212359, 0, 0, 212359)
(212357, 0, 0, 212357)
(212338, 0, 0, 212338)
(212323, 0, 0, 212323)
(212293, 0, 0, 212293)
(212263, 0, 0, 212263)
(212237, 0, 0, 212237)
(212234, 0, 0, 212234)
(212220, 0, 0, 212220)
(212201, 0, 0, 212201)
(212182, 0, 0, 212182)
(212163, 0, 0, 212163)
(212145, 0, 0, 212145)
(212127, 0, 0, 212127)
(212109, 0, 0, 212109)
(212091, 0, 0, 212091)
(212073, 0, 0, 212073)
(212055, 0, 0, 212055)
(212051, 0, 0, 212051)
(212047, 0, 0, 212047)
(212015, 0, 0, 212015)
(212004, 0, 0, 212004)
(211980, 0, 0, 211980)
(211971, 0, 0, 211971)
(211954, 0, 0, 211954)
(211936, 0, 0, 211936)
(211918, 0, 0, 211918)
(211900, 0, 0, 211900)
(211881, 0, 0, 211881)
(211863, 0, 0, 211863)
(211845, 0, 0, 211845)
(211827, 0, 0, 211827)
(211809, 0, 0, 211809)
(211791, 0, 0, 211791)
(211773, 0, 0, 211773)
(211755, 0, 0, 211755)
(211737, 0, 0, 211737)
(211730, 0, 0, 211730)
(211724, 0, 0, 211724)
(211698, 0, 0, 211698)
(211695, 0, 0, 211695)
(211671, 0, 0, 211671)
(211653, 0, 0, 211653)
(211639, 0, 0, 211639)
(211633, 0, 0, 211633)
(211612, 0, 0, 211612)
(211594, 0, 0, 211594)
(211586, 0, 0, 211586)
(211568, 0, 0, 211568)
(211559, 0, 0, 211559)
(211539, 0, 0, 211539)
(211537, 0, 0, 211537)
(211526, 0, 0, 211526)
(211509, 0, 0, 211509)
(211505, 0, 0, 211505)
(211496, 0, 0, 211496)
(211478, 0, 0, 211478)
(211460, 0, 0, 211460)
(211422, 0, 0, 211422)
(211415, 0, 0, 211415)
(211408, 0, 0, 211408)
(211391, 0, 0, 211391)
(211352, 0, 0, 211352)
(211323, 0, 0, 211323)
(211294, 0, 0, 211294)
(211265, 0, 0, 211265)
(211241, 0, 0, 211241)
(211217, 0, 0, 211217)
(211193, 0, 0, 211193)
(211167, 0, 0, 211167)
(211133, 0, 0, 211133)
(211111, 0, 0, 211111)
(211097, 0, 0, 211097)
(211081, 0, 0, 211081)
(211063, 0, 0, 211063)
(211033, 0, 0, 211033)
(211026, 0, 0, 211026)
(211002, 0, 0, 211002)
(211001, 0, 0, 211001)
(211000, 0, 0, 211000)
(210991, 0, 0, 210991)
(210972, 0, 0, 210972)
(210956, 0, 0, 210956)
(210938, 0, 0, 210938)
(210920, 0, 0, 210920)
(210908, 0, 0, 210908)
(210888, 0, 0, 210888)
(210882, 0, 0, 210882)
(210864, 0, 0, 210864)
(210856, 0, 0, 210856)
(210848, 0, 0, 210848)
(210840, 0, 0, 210840)
(210834, 0, 0, 210834)
(210828, 0, 0, 210828)
(210822, 0, 0, 210822)
(210812, 0, 0, 210812)
(210802, 0, 0, 210802)
(210782, 0, 0, 210782)
(210764, 0, 0, 210764)
(210750, 0, 0, 210750)
(210722, 0, 0, 210722)
(210687, 0, 0, 210687)
(210665, 0, 0, 210665)
(210652, 0, 0, 210652)
(210617, 0, 0, 210617)
(210612, 0, 0, 210612)
(210607, 0, 0, 210607)
(210594, 0, 0, 210594)
(210581, 0, 0, 210581)
(210568, 0, 0, 210568)
(210550, 0, 0, 210550)
(210528, 0, 0, 210528)
(210498, 0, 0, 210498)
(210494, 0, 0, 210494)
(210474, 0, 0, 210474)
(210463, 0, 0, 210463)
(210442, 0, 0, 210442)
(210429, 0, 0, 210429)
(210418, 0, 0, 210418)
(210402, 0, 0, 210402)
(210394, 0, 0, 210394)
(210378, 0, 0, 210378)
(210360, 0, 0, 210360)
(210338, 0, 0, 210338)
(210316, 0, 0, 210316)
(210294, 0, 0, 210294)
(210272, 0, 0, 210272)
(210246, 0, 0, 210246)
(210221, 0, 0, 210221)
(210219, 0, 0, 210219)
(210206, 0, 0, 210206)
(210193, 0, 0, 210193)
(210180, 0, 0, 210180)
(210157, 0, 0, 210157)
(210130, 0, 0, 210130)
(210112, 0, 0, 210112)
(210101, 0, 0, 210101)
(210088, 0, 0, 210088)
(210078, 0, 0, 210078)
(210069, 0, 0, 210069)
(210066, 0, 0, 210066)
(210049, 0, 0, 210049)
(210037, 0, 0, 210037)
(210029, 0, 0, 210029)
(210000, 0, 0, 210000)
(209995, 0, 0, 209995)
(209987, 0, 0, 209987)
(209982, 0, 0, 209982)
(209965, 0, 0, 209965)
(209962, 0, 0, 209962)
(209958, 0, 0, 209958)
(209954, 0, 0, 209954)
(209950, 0, 0, 209950)
(209915, 0, 0, 209915)
(209880, 0, 0, 209880)
(209864, 0, 0, 209864)
(209839, 0, 0, 209839)
(209814, 0, 0, 209814)
(209807, 0, 0, 209807)
(209786, 0, 0, 209786)
(209765, 0, 0, 209765)
(209744, 0, 0, 209744)
(209723, 0, 0, 209723)
(209702, 0, 0, 209702)
(209681, 0, 0, 209681)
(209660, 0, 0, 209660)
(209639, 0, 0, 209639)
(209633, 0, 0, 209633)
(209627, 0, 0, 209627)
(209621, 0, 0, 209621)
(209615, 0, 0, 209615)
(209609, 0, 0, 209609)
(209603, 0, 0, 209603)
(209597, 0, 0, 209597)
(209591, 0, 0, 209591)
(209585, 0, 0, 209585)
(209579, 0, 0, 209579)
(209549, 0, 0, 209549)
(209535, 0, 0, 209535)
(209527, 0, 0, 209527)
(209517, 0, 0, 209517)
(209511, 0, 0, 209511)
(209506, 0, 0, 209506)
(209495, 0, 0, 209495)
(209478, 0, 0, 209478)
(209463, 0, 0, 209463)
(209454, 0, 0, 209454)
(209425, 0, 0, 209425)
(209396, 0, 0, 209396)
(209373, 0, 0, 209373)
(209352, 0, 0, 209352)
(209332, 0, 0, 209332)
(209320, 0, 0, 209320)
(209297, 0, 0, 209297)
(209284, 0, 0, 209284)
(209265, 0, 0, 209265)
(209258, 0, 0, 209258)
(209251, 0, 0, 209251)
(209234, 0, 0, 209234)
(209218, 0, 0, 209218)
(209204, 0, 0, 209204)
(209193, 0, 0, 209193)
(209181, 0, 0, 209181)
(209172, 0, 0, 209172)
(209163, 0, 0, 209163)
(209140, 0, 0, 209140)
(209117, 0, 0, 209117)
(209094, 0, 0, 209094)
(209083, 0, 0, 209083)
(209082, 0, 0, 209082)
(209081, 0, 0, 209081)
(209048, 0, 0, 209048)
(209037, 0, 0, 209037)
(209022, 0, 0, 209022)
(209011, 0, 0, 209011)
(208997, 0, 0, 208997)
(208980, 0, 0, 208980)
(208948, 0, 0, 208948)
(208916, 0, 0, 208916)
(208884, 0, 0, 208884)
(208867, 0, 0, 208867)
(208850, 0, 0, 208850)
(208833, 0, 0, 208833)
(208816, 0, 0, 208816)
(208799, 0, 0, 208799)
(208789, 0, 0, 208789)
(208779, 0, 0, 208779)
(208757, 0, 0, 208757)
(208735, 0, 0, 208735)
(208715, 0, 0, 208715)
(208699, 0, 0, 208699)
(208668, 0, 0, 208668)
(208646, 0, 0, 208646)
(208635, 0, 0, 208635)
(208622, 0, 0, 208622)
(208608, 0, 0, 208608)
(208583, 0, 0, 208583)
(208582, 0, 0, 208582)
(208559, 0, 0, 208559)
(208553, 0, 0, 208553)
(208525, 0, 0, 208525)
(208521, 0, 0, 208521)
(208509, 0, 0, 208509)
(208497, 0, 0, 208497)
(208485, 0, 0, 208485)
(208473, 0, 0, 208473)
(208458, 0, 0, 208458)
(208443, 0, 0, 208443)
(208410, 0, 0, 208410)
(208377, 0, 0, 208377)
(208344, 0, 0, 208344)
(208311, 0, 0, 208311)
(208303, 0, 0, 208303)
(208295, 0, 0, 208295)
(208275, 0, 0, 208275)
(208255, 0, 0, 208255)
(208235, 0, 0, 208235)
(208234, 0, 0, 208234)
(208208, 0, 0, 208208)
(208184, 0, 0, 208184)
(208160, 0, 0, 208160)
(208136, 0, 0, 208136)
(208116, 0, 0, 208116)
(208094, 0, 0, 208094)
(208072, 0, 0, 208072)
(208050, 0, 0, 208050)
(208041, 0, 0, 208041)
