(106905, 0, 0, 106905)
(106890, 0, 0, 106890)
(106868, 0, 0, 106868)
(106839, 0, 0, 106839)
(106821, 0, 0, 106821)
(106802, 0, 0, 106802)
(106788, 0, 0, 106788)
(106772, 0, 0, 106772)
(106757, 0, 0, 106757)
(106746, 0, 0, 106746)
(106741, 0, 0, 106741)
(106739, 0, 0, 106739)
(106722, 0, 0, 106722)
(106711, 0, 0, 106711)
(106697, 0, 0, 106697)
(106691, 0, 0, 106691)
(106671, 0, 0, 106671)
(106652, 0, 0, 106652)
(106628, 0, 0, 106628)
(106619, 0, 0, 106619)
(106594, 0, 0, 106594)
(106570, 0, 0, 106570)
(106551, 0, 0, 106551)
(106543, 0, 0, 106543)
(106524, 0, 0, 106524)
(106518, 0, 0, 106518)
(106512, 0, 0, 106512)
(106497, 0, 0, 106497)
(106482, 0, 0, 106482)
(106478, 0, 0, 106478)
(106453, 0, 0, 106453)
(106440, 0, 0, 106440)
(106429, 0, 0, 106429)
(106422, 0, 0, 106422)
(106399, 0, 0, 106399)
(106380, 0, 0, 106380)
(106361, 0, 0, 106361)
(106344, 0, 0, 106344)
(106327, 0, 0, 106327)
(106313, 0, 0, 106313)
(106302, 0, 0, 106302)
(106275, 0, 0, 106275)
(106257, 0, 0, 106257)
(106242, 0, 0, 106242)
(106224, 0, 0, 106224)
(106206, 0, 0, 106206)
(106192, 0, 0, 106192)
(106181, 0, 0, 106181)
(106155, 0, 0, 106155)
(106135, 0, 0, 106135)
(106130, 0, 0, 106130)
(106105, 0, 0, 106105)
(106083, 0, 0, 106083)
(106070, 0, 0, 106070)
(106062, 0, 0, 106062)
(106047, 0, 0, 106047)
(106038, 0, 0, 106038)
(106031, 0, 0, 106031)
(106013, 0, 0, 106013)
(106003, 0, 0, 106003)
(105996, 0, 0, 105996)
(105980, 0, 0, 105980)
(105972, 0, 0, 105972)
(105967, 0, 0, 105967)
(105950, 0, 0, 105950)
(105940, 0, 0, 105940)
(105931, 0, 0, 105931)
(105919, 0, 0, 105919)
(105901, 0, 0, 105901)
(105896, 0, 0, 105896)
(105877, 0, 0, 105877)
(105869, 0, 0, 105869)
(105856, 0, 0, 105856)
(105849, 0, 0, 105849)
(105848, 0, 0, 105848)
(105836, 0, 0, 105836)
(105823, 0, 0, 105823)
(105800, 0, 0, 105800)
(105790, 0, 0, 105790)
(105769, 0, 0, 105769)
(105755, 0, 0, 105755)
(105742, 0, 0, 105742)
(105734, 0, 0, 105734)
(105723, 0, 0, 105723)
(105698, 0, 0, 105698)
(105677, 0, 0, 105677)
(105657, 0, 0, 105657)
(105645, 0, 0, 105645)
(105642, 0, 0, 105642)
(105634, 0, 0, 105634)
(105616, 0, 0, 105616)
(105599, 0, 0, 105599)
(105579, 0, 0, 105579)
(105556, 0, 0, 105556)
(105544, 0, 0, 105544)
(105535, 0, 0, 105535)
(105524, 0, 0, 105524)
(105522, 0, 0, 105522)
(105506, 0, 0, 105506)
(105492, 0, 0, 105492)
(105472, 0, 0, 105472)
(105466, 0, 0, 105466)
(105457, 0, 0, 105457)
(105442, 0, 0, 105442)
(105423, 0, 0, 105423)
(105417, 0, 0, 105417)
(105400, 0, 0, 105400)
(105384, 0, 0, 105384)
(105359, 0, 0, 105359)
(105338, 0, 0, 105338)
(105321, 0, 0, 105321)
(105304, 0, 0, 105304)
(105287, 0, 0, 105287)
(105271, 0, 0, 105271)
(105253, 0, 0, 105253)
(105233, 0, 0, 105233)
(105220, 0, 0, 105220)
(105209, 0, 0, 105209)
(105195, 0, 0, 105195)
(105175, 0, 0, 105175)
(105155, 0, 0, 105155)
(105146, 0, 0, 105146)
(105125, 0, 0, 105125)
(105109, 0, 0, 105109)
(105092, 0, 0, 105092)
(105073, 0, 0, 105073)
(105051, 0, 0, 105051)
(105034, 0, 0, 105034)
(105023, 0, 0, 105023)
(105008, 0, 0, 105008)
(104993, 0, 0, 104993)
(104971, 0, 0, 104971)
(104955, 0, 0, 104955)
(104943, 0, 0, 104943)
(104929, 0, 0, 104929)
(104912, 0, 0, 104912)
(104898, 0, 0, 104898)
(104875, 0, 0, 104875)
(104860, 0, 0, 104860)
(104850, 0, 0, 104850)
(104824, 0, 0, 104824)
(104810, 0, 0, 104810)
(104790, 0, 0, 104790)
(104772, 0, 0, 104772)
(104763, 0, 0, 104763)
(104752, 0, 0, 104752)
(104739, 0, 0, 104739)
(104725, 0, 0, 104725)
(104711, 0, 0, 104711)
(104697, 0, 0, 104697)
(104683, 0, 0, 104683)
(104657, 0, 0, 104657)
(104631, 0, 0, 104631)
(104605, 0, 0, 104605)
(104579, 0, 0, 104579)
(104571, 0, 0, 104571)
(104558, 0, 0, 104558)
(104541, 0, 0, 104541)
(104532, 0, 0, 104532)
(104531, 0, 0, 104531)
(104530, 0, 0, 104530)
(104512, 0, 0, 104512)
(104491, 0, 0, 104491)
(104483, 0, 0, 104483)
(104479, 0, 0, 104479)
(104474, 0, 0, 104474)
(104470, 0, 0, 104470)
(104461, 0, 0, 104461)
(104438, 0, 0, 104438)
(104423, 0, 0, 104423)
(104417, 0, 0, 104417)
(104409, 0, 0, 104409)
(104405, 0, 0, 104405)
(104399, 0, 0, 104399)
(104379, 0, 0, 104379)
(104362, 0, 0, 104362)
(104342, 0, 0, 104342)
(104324, 0, 0, 104324)
(104300, 0, 0, 104300)
(104292, 0, 0, 104292)
(104274, 0, 0, 104274)
(104273, 0, 0, 104273)
(104267, 0, 0, 104267)
(104254, 0, 0, 104254)
(104246, 0, 0, 104246)
(104216, 0, 0, 104216)
(104199, 0, 0, 104199)
(104193, 0, 0, 104193)
(104180, 0, 0, 104180)
(104162, 0, 0, 104162)
(104145, 0, 0, 104145)
(104129, 0, 0, 104129)
(104110, 0, 0, 104110)
(104097, 0, 0, 104097)
(104069, 0, 0, 104069)
(104062, 0, 0, 104062)
(104059, 0, 0, 104059)
(104039, 0, 0, 104039)
(104023, 0, 0, 104023)
(103998, 0, 0, 103998)
(103985, 0, 0, 103985)
(103972, 0, 0, 103972)
(103961, 0, 0, 103961)
(103943, 0, 0, 103943)
(103938, 0, 0, 103938)
(103927, 0, 0, 103927)
(103915, 0, 0, 103915)
(103899, 0, 0, 103899)
(103883, 0, 0, 103883)
(103875, 0, 0, 103875)
(103868, 0, 0, 103868)
(103857, 0, 0, 103857)
(103846, 0, 0, 103846)
(103833, 0, 0, 103833)
(103809, 0, 0, 103809)
(103788, 0, 0, 103788)
(103774, 0, 0, 103774)
(103752, 0, 0, 103752)
(103737, 0, 0, 103737)
(103722, 0, 0, 103722)
(103704, 0, 0, 103704)
(103683, 0, 0, 103683)
(103668, 0, 0, 103668)
(103651, 0, 0, 103651)
(103637, 0, 0, 103637)
(103630, 0, 0, 103630)
(103609, 0, 0, 103609)
(103593, 0, 0, 103593)
(103581, 0, 0, 103581)
(103574, 0, 0, 103574)
(103566, 0, 0, 103566)
(103558, 0, 0, 103558)
(103557, 0, 0, 103557)
(103556, 0, 0, 103556)
(103555, 0, 0, 103555)
(103536, 0, 0, 103536)
(103517, 0, 0, 103517)
(103507, 0, 0, 103507)
(103482, 0, 0, 103482)
(103463, 0, 0, 103463)
(103452, 0, 0, 103452)
(103423, 0, 0, 103423)
(103401, 0, 0, 103401)
(103400, 0, 0, 103400)
(103399, 0, 0, 103399)
(103398, 0, 0, 103398)
(103397, 0, 0, 103397)
(103388, 0, 0, 103388)
(103379, 0, 0, 103379)
(103370, 0, 0, 103370)
(103361, 0, 0, 103361)
(103345, 0, 0, 103345)
(103337, 0, 0, 103337)
(103329, 0, 0, 103329)
(103316, 0, 0, 103316)
(103303, 0, 0, 103303)
(103294, 0, 0, 103294)
(103285, 0, 0, 103285)
(103275, 0, 0, 103275)
(103268, 0, 0, 103268)
(103257, 0, 0, 103257)
(103240, 0, 0, 103240)
(103227, 0, 0, 103227)
(103209, 0, 0, 103209)
(103191, 0, 0, 103191)
(103173, 0, 0, 103173)
(103155, 0, 0, 103155)
(103137, 0, 0, 103137)
(103119, 0, 0, 103119)
(103101, 0, 0, 103101)
(103083, 0, 0, 103083)
(103074, 0, 0, 103074)
(103062, 0, 0, 103062)
(103050, 0, 0, 103050)
(103038, 0, 0, 103038)
(103026, 0, 0, 103026)
(103014, 0, 0, 103014)
(103002, 0, 0, 103002)
(102990, 0, 0, 102990)
(102978, 0, 0, 102978)
(102973, 0, 0, 102973)
(102954, 0, 0, 102954)
(102945, 0, 0, 102945)
(102924, 0, 0, 102924)
(102904, 0, 0, 102904)
(102900, 0, 0, 102900)
(102883, 0, 0, 102883)
(102859, 0, 0, 102859)
(102849, 0, 0, 102849)
(102828, 0, 0, 102828)
(102807, 0, 0, 102807)
(102786, 0, 0, 102786)
(102765, 0, 0, 102765)
(102744, 0, 0, 102744)
(102723, 0, 0, 102723)
(102702, 0, 0, 102702)
(102684, 0, 0, 102684)
(102669, 0, 0, 102669)
(102654, 0, 0, 102654)
(102639, 0, 0, 102639)
(102624, 0, 0, 102624)
(102609, 0, 0, 102609)
(102594, 0, 0, 102594)
(102579, 0, 0, 102579)
(102573, 0, 0, 102573)
(102570, 0, 0, 102570)
(102563, 0, 0, 102563)
(102536, 0, 0, 102536)
(102524, 0, 0, 102524)
(102512, 0, 0, 102512)
(102510, 0, 0, 102510)
(102496, 0, 0, 102496)
(102483, 0, 0, 102483)
(102470, 0, 0, 102470)
(102455, 0, 0, 102455)
(102438, 0, 0, 102438)
(102416, 0, 0, 102416)
(102396, 0, 0, 102396)
(102385, 0, 0, 102385)
(102372, 0, 0, 102372)
(102350, 0, 0, 102350)
(102346, 0, 0, 102346)
(102321, 0, 0, 102321)
(102312, 0, 0, 102312)
(102303, 0, 0, 102303)
(102294, 0, 0, 102294)
(102285, 0, 0, 102285)
(102276, 0, 0, 102276)
(102267, 0, 0, 102267)
(102258, 0, 0, 102258)
(102255, 0, 0, 102255)
(102252, 0, 0, 102252)
(102249, 0, 0, 102249)
(102246, 0, 0, 102246)
(102243, 0, 0, 102243)
(102240, 0, 0, 102240)
(102237, 0, 0, 102237)
(102233, 0, 0, 102233)
(102223, 0, 0, 102223)
(102208, 0, 0, 102208)
(102186, 0, 0, 102186)
(102170, 0, 0, 102170)
(102146, 0, 0, 102146)
(102129, 0, 0, 102129)
(102117, 0, 0, 102117)
(102102, 0, 0, 102102)
(102086, 0, 0, 102086)
(102071, 0, 0, 102071)
(102056, 0, 0, 102056)
(102050, 0, 0, 102050)
(102033, 0, 0, 102033)
(102023, 0, 0, 102023)
(102013, 0, 0, 102013)
(102000, 0, 0, 102000)
(101987, 0, 0, 101987)
(101975, 0, 0, 101975)
(101959, 0, 0, 101959)
(101943, 0, 0, 101943)
(101931, 0, 0, 101931)
(101919, 0, 0, 101919)
(101911, 0, 0, 101911)
(101903, 0, 0, 101903)
(101888, 0, 0, 101888)
(101873, 0, 0, 101873)
(101868, 0, 0, 101868)
(101848, 0, 0, 101848)
(101842, 0, 0, 101842)
(101830, 0, 0, 101830)
(101818, 0, 0, 101818)
(101806, 0, 0, 101806)
(101795, 0, 0, 101795)
(101784, 0, 0, 101784)
(101777, 0, 0, 101777)
(101763, 0, 0, 101763)
(101756, 0, 0, 101756)
(101740, 0, 0, 101740)
(101732, 0, 0, 101732)
(101716, 0, 0, 101716)
(101715, 0, 0, 101715)
(101699, 0, 0, 101699)
(101691, 0, 0, 101691)
(101683, 0, 0, 101683)
(101666, 0, 0, 101666)
(101644, 0, 0, 101644)
(101624, 0, 0, 101624)
(101605, 0, 0, 101605)
(101601, 0, 0, 101601)
(101579, 0, 0, 101579)
(101566, 0, 0, 101566)
(101556, 0, 0, 101556)
(101538, 0, 0, 101538)
(101521, 0, 0, 101521)
(101502, 0, 0, 101502)
(101485, 0, 0, 101485)
(101476, 0, 0, 101476)
(101468, 0, 0, 101468)
(101447, 0, 0, 101447)
(101430, 0, 0, 101430)
(101405, 0, 0, 101405)
(101392, 0, 0, 101392)
(101381, 0, 0, 101381)
(101379, 0, 0, 101379)
(101348, 0, 0, 101348)
(101340, 0, 0, 101340)
(101320, 0, 0, 101320)
(101303, 0, 0, 101303)
(101280, 0, 0, 101280)
(101265, 0, 0, 101265)
(101248, 0, 0, 101248)
(101225, 0, 0, 101225)
(101202, 0, 0, 101202)
(101179, 0, 0, 101179)
(101156, 0, 0, 101156)
(101133, 0, 0, 101133)
(101108, 0, 0, 101108)
(101080, 0, 0, 101080)
(101047, 0, 0, 101047)
(101031, 0, 0, 101031)
(101021, 0, 0, 101021)
(101003, 0, 0, 101003)
(100990, 0, 0, 100990)
(100969, 0, 0, 100969)
(100958, 0, 0, 100958)
(100948, 0, 0, 100948)
(100933, 0, 0, 100933)
(100918, 0, 0, 100918)
(100904, 0, 0, 100904)
(100884, 0, 0, 100884)
(100867, 0, 0, 100867)
(100856, 0, 0, 100856)
(100838, 0, 0, 100838)
(100811, 0, 0, 100811)
(100808, 0, 0, 100808)
(100805, 0, 0, 100805)
(100793, 0, 0, 100793)
(100792, 0, 0, 100792)
(100789, 0, 0, 100789)
(100781, 0, 0, 100781)
(100766, 0, 0, 100766)
(100761, 0, 0, 100761)
(100749, 0, 0, 100749)
(100737, 0, 0, 100737)
(100723, 0, 0, 100723)
(100691, 0, 0, 100691)
(100676, 0, 0, 100676)
(100675, 0, 0, 100675)
(100665, 0, 0, 100665)
(100642, 0, 0, 100642)
(100634, 0, 0, 100634)
(100624, 0, 0, 100624)
(100602, 0, 0, 100602)
(100588, 0, 0, 100588)
(100571, 0, 0, 100571)
(100568, 0, 0, 100568)
(100565, 0, 0, 100565)
(100546, 0, 0, 100546)
(100528, 0, 0, 100528)
(100512, 0, 0, 100512)
(100501, 0, 0, 100501)
(100497, 0, 0, 100497)
(100474, 0, 0, 100474)
(100460, 0, 0, 100460)
(100454, 0, 0, 100454)
(100452, 0, 0, 100452)
(100447, 0, 0, 100447)
(100437, 0, 0, 100437)
(100427, 0, 0, 100427)
(100413, 0, 0, 100413)
(100398, 0, 0, 100398)
(100375, 0, 0, 100375)
(100370, 0, 0, 100370)
(100365, 0, 0, 100365)
(100353, 0, 0, 100353)
(100348, 0, 0, 100348)
(100334, 0, 0, 100334)
(100319, 0, 0, 100319)
(100306, 0, 0, 100306)
(100293, 0, 0, 100293)
(100286, 0, 0, 100286)
(100279, 0, 0, 100279)
(100272, 0, 0, 100272)
(100265, 0, 0, 100265)
(100258, 0, 0, 100258)
(100251, 0, 0, 100251)
(100242, 0, 0, 100242)
(100233, 0, 0, 100233)
(100224, 0, 0, 100224)
(100215, 0, 0, 100215)
(100206, 0, 0, 100206)
(100193, 0, 0, 100193)
(100166, 0, 0, 100166)
(100151, 0, 0, 100151)
(100136, 0, 0, 100136)
(100133, 0, 0, 100133)
(100122, 0, 0, 100122)
(100110, 0, 0, 100110)
(100098, 0, 0, 100098)
(100085, 0, 0, 100085)
(100080, 0, 0, 100080)
(100074, 0, 0, 100074)
(100071, 0, 0, 100071)
(100065, 0, 0, 100065)
(100057, 0, 0, 100057)
(100047, 0, 0, 100047)
(100037, 0, 0, 100037)
(100027, 0, 0, 100027)
(100017, 0, 0, 100017)
(100007, 0, 0, 100007)
(99997, 0, 0, 99997)
(99990, 0, 0, 99990)
(99977, 0, 0, 99977)
(99964, 0, 0, 99964)
(99951, 0, 0, 99951)
(99938, 0, 0, 99938)
(99925, 0, 0, 99925)
(99912, 0, 0, 99912)
(99909, 0, 0, 99909)
(99882, 0, 0, 99882)
(99855, 0, 0, 99855)
(99831, 0, 0, 99831)
(99813, 0, 0, 99813)
(99796, 0, 0, 99796)
(99777, 0, 0, 99777)
(99760, 0, 0, 99760)
(99749, 0, 0, 99749)
(99735, 0, 0, 99735)
(99725, 0, 0, 99725)
(99717, 0, 0, 99717)
(99698, 0, 0, 99698)
(99680, 0, 0, 99680)
(99657, 0, 0, 99657)
(99643, 0, 0, 99643)
(99623, 0, 0, 99623)
(99606, 0, 0, 99606)
(99598, 0, 0, 99598)
(99583, 0, 0, 99583)
(99574, 0, 0, 99574)
(99548, 0, 0, 99548)
(99536, 0, 0, 99536)
(99522, 0, 0, 99522)
(99508, 0, 0, 99508)
(99502, 0, 0, 99502)
(99488, 0, 0, 99488)
(99470, 0, 0, 99470)
(99449, 0, 0, 99449)
(99434, 0, 0, 99434)
(99424, 0, 0, 99424)
(99410, 0, 0, 99410)
(99397, 0, 0, 99397)
(99390, 0, 0, 99390)
(99387, 0, 0, 99387)
(99378, 0, 0, 99378)
(99375, 0, 0, 99375)
(99368, 0, 0, 99368)
(99348, 0, 0, 99348)
(99338, 0, 0, 99338)
(99331, 0, 0, 99331)
(99301, 0, 0, 99301)
(99274, 0, 0, 99274)
(99267, 0, 0, 99267)
(99248, 0, 0, 99248)
(99242, 0, 0, 99242)
(99233, 0, 0, 99233)
(99223, 0, 0, 99223)
(99205, 0, 0, 99205)
(99186, 0, 0, 99186)
(99172, 0, 0, 99172)
(99167, 0, 0, 99167)
(99159, 0, 0, 99159)
(99155, 0, 0, 99155)
(99138, 0, 0, 99138)
(99127, 0, 0, 99127)
(99108, 0, 0, 99108)
(99096, 0, 0, 99096)
(99083, 0, 0, 99083)
(99071, 0, 0, 99071)
(99056, 0, 0, 99056)
(99041, 0, 0, 99041)
(99034, 0, 0, 99034)
(99016, 0, 0, 99016)
(99006, 0, 0, 99006)
(99001, 0, 0, 99001)
(98994, 0, 0, 98994)
(98982, 0, 0, 98982)
(98973, 0, 0, 98973)
(98950, 0, 0, 98950)
(98927, 0, 0, 98927)
(98913, 0, 0, 98913)
(98899, 0, 0, 98899)
(98878, 0, 0, 98878)
(98858, 0, 0, 98858)
(98846, 0, 0, 98846)
(98837, 0, 0, 98837)
(98823, 0, 0, 98823)
(98808, 0, 0, 98808)
(98792, 0, 0, 98792)
(98776, 0, 0, 98776)
(98745, 0, 0, 98745)
(98715, 0, 0, 98715)
(98704, 0, 0, 98704)
(98697, 0, 0, 98697)
(98682, 0, 0, 98682)
(98663, 0, 0, 98663)
(98644, 0, 0, 98644)
(98625, 0, 0, 98625)
(98606, 0, 0, 98606)
(98587, 0, 0, 98587)
(98567, 0, 0, 98567)
(98547, 0, 0, 98547)
(98527, 0, 0, 98527)
(98507, 0, 0, 98507)
(98487, 0, 0, 98487)
(98469, 0, 0, 98469)
(98453, 0, 0, 98453)
(98434, 0, 0, 98434)
(98432, 0, 0, 98432)
(98420, 0, 0, 98420)
(98411, 0, 0, 98411)
(98395, 0, 0, 98395)
(98378, 0, 0, 98378)
(98360, 0, 0, 98360)
(98350, 0, 0, 98350)
(98326, 0, 0, 98326)
(98319, 0, 0, 98319)
(98302, 0, 0, 98302)
(98283, 0, 0, 98283)
(98263, 0, 0, 98263)
(98259, 0, 0, 98259)
(98239, 0, 0, 98239)
(98227, 0, 0, 98227)
(98215, 0, 0, 98215)
(98188, 0, 0, 98188)
(98176, 0, 0, 98176)
(98167, 0, 0, 98167)
(98160, 0, 0, 98160)
(98159, 0, 0, 98159)
(98135, 0, 0, 98135)
(98119, 0, 0, 98119)
(98108, 0, 0, 98108)
(98097, 0, 0, 98097)
(98092, 0, 0, 98092)
(98080, 0, 0, 98080)
(98053, 0, 0, 98053)
(98017, 0, 0, 98017)
(98016, 0, 0, 98016)
(97995, 0, 0, 97995)
(97983, 0, 0, 97983)
(97972, 0, 0, 97972)
(97955, 0, 0, 97955)
(97922, 0, 0, 97922)
(97908, 0, 0, 97908)
(97902, 0, 0, 97902)
(97884, 0, 0, 97884)
(97876, 0, 0, 97876)
(97870, 0, 0, 97870)
(97850, 0, 0, 97850)
(97843, 0, 0, 97843)
(97825, 0, 0, 97825)
(97814, 0, 0, 97814)
(97805, 0, 0, 97805)
(97782, 0, 0, 97782)
(97771, 0, 0, 97771)
(97759, 0, 0, 97759)
(97744, 0, 0, 97744)
(97730, 0, 0, 97730)
(97713, 0, 0, 97713)
(97696, 0, 0, 97696)
(97679, 0, 0, 97679)
(97662, 0, 0, 97662)
(97645, 0, 0, 97645)
(97628, 0, 0, 97628)
(97611, 0, 0, 97611)
(97594, 0, 0, 97594)
(97577, 0, 0, 97577)
(97566, 0, 0, 97566)
(97555, 0, 0, 97555)
(97544, 0, 0, 97544)
(97533, 0, 0, 97533)
(97522, 0, 0, 97522)
(97511, 0, 0, 97511)
(97500, 0, 0, 97500)
(97489, 0, 0, 97489)
(97483, 0, 0, 97483)
(97475, 0, 0, 97475)
(97463, 0, 0, 97463)
(97451, 0, 0, 97451)
(97439, 0, 0, 97439)
(97427, 0, 0, 97427)
(97415, 0, 0, 97415)
(97403, 0, 0, 97403)
(97391, 0, 0, 97391)
(97383, 0, 0, 97383)
(97367, 0, 0, 97367)
(97361, 0, 0, 97361)
(97348, 0, 0, 97348)
(97340, 0, 0, 97340)
(97334, 0, 0, 97334)
(97320, 0, 0, 97320)
(97299, 0, 0, 97299)
(97281, 0, 0, 97281)
(97268, 0, 0, 97268)
(97254, 0, 0, 97254)
(97233, 0, 0, 97233)
(97228, 0, 0, 97228)
(97217, 0, 0, 97217)
(97203, 0, 0, 97203)
(97184, 0, 0, 97184)
(97170, 0, 0, 97170)
(97163, 0, 0, 97163)
(97155, 0, 0, 97155)
(97143, 0, 0, 97143)
(97121, 0, 0, 97121)
(97099, 0, 0, 97099)
(97091, 0, 0, 97091)
(97081, 0, 0, 97081)
(97054, 0, 0, 97054)
(97049, 0, 0, 97049)
(97039, 0, 0, 97039)
(97021, 0, 0, 97021)
(97016, 0, 0, 97016)
(97007, 0, 0, 97007)
(96984, 0, 0, 96984)
(96980, 0, 0, 96980)
(96964, 0, 0, 96964)
(96954, 0, 0, 96954)
(96938, 0, 0, 96938)
(96921, 0, 0, 96921)
(96912, 0, 0, 96912)
(96887, 0, 0, 96887)
(96877, 0, 0, 96877)
(96873, 0, 0, 96873)
(96857, 0, 0, 96857)
(96853, 0, 0, 96853)
(96831, 0, 0, 96831)
(96818, 0, 0, 96818)
(96810, 0, 0, 96810)
(96795, 0, 0, 96795)
(96777, 0, 0, 96777)
(96761, 0, 0, 96761)
(96757, 0, 0, 96757)
(96744, 0, 0, 96744)
(96723, 0, 0, 96723)
(96707, 0, 0, 96707)
(96694, 0, 0, 96694)
(96692, 0, 0, 96692)
(96677, 0, 0, 96677)
(96670, 0, 0, 96670)
(96645, 0, 0, 96645)
(96630, 0, 0, 96630)
(96615, 0, 0, 96615)
(96600, 0, 0, 96600)
(96593, 0, 0, 96593)
(96586, 0, 0, 96586)
(96570, 0, 0, 96570)
(96563, 0, 0, 96563)
(96548, 0, 0, 96548)
(96523, 0, 0, 96523)
(96506, 0, 0, 96506)
(96487, 0, 0, 96487)
(96475, 0, 0, 96475)
(96470, 0, 0, 96470)
(96464, 0, 0, 96464)
(96450, 0, 0, 96450)
(96431, 0, 0, 96431)
(96410, 0, 0, 96410)
(96394, 0, 0, 96394)
(96372, 0, 0, 96372)
(96357, 0, 0, 96357)
(96351, 0, 0, 96351)
(96335, 0, 0, 96335)
(96309, 0, 0, 96309)
(96291, 0, 0, 96291)
(96271, 0, 0, 96271)
(96257, 0, 0, 96257)
(96249, 0, 0, 96249)
(96236, 0, 0, 96236)
(96225, 0, 0, 96225)
(96199, 0, 0, 96199)
(96166, 0, 0, 96166)
(96149, 0, 0, 96149)
(96125, 0, 0, 96125)
(96120, 0, 0, 96120)
(96112, 0, 0, 96112)
(96099, 0, 0, 96099)
(96086, 0, 0, 96086)
(96056, 0, 0, 96056)
(96035, 0, 0, 96035)
(96021, 0, 0, 96021)
(96010, 0, 0, 96010)
(95986, 0, 0, 95986)
(95946, 0, 0, 95946)
(95911, 0, 0, 95911)
(95910, 0, 0, 95910)
(95905, 0, 0, 95905)
(95904, 0, 0, 95904)
(95887, 0, 0, 95887)
(95885, 0, 0, 95885)
(95883, 0, 0, 95883)
(95869, 0, 0, 95869)
(95857, 0, 0, 95857)
(95846, 0, 0, 95846)
(95835, 0, 0, 95835)
(95833, 0, 0, 95833)
(95820, 0, 0, 95820)
(95812, 0, 0, 95812)
(95790, 0, 0, 95790)
(95775, 0, 0, 95775)
(95753, 0, 0, 95753)
(95735, 0, 0, 95735)
(95717, 0, 0, 95717)
(95702, 0, 0, 95702)
(95680, 0, 0, 95680)
(95670, 0, 0, 95670)
(95657, 0, 0, 95657)
(95642, 0, 0, 95642)
(95619, 0, 0, 95619)
(95601, 0, 0, 95601)
(95588, 0, 0, 95588)
(95574, 0, 0, 95574)
(95557, 0, 0, 95557)
(95544, 0, 0, 95544)
(95526, 0, 0, 95526)
(95511, 0, 0, 95511)
(95492, 0, 0, 95492)
(95474, 0, 0, 95474)
(95462, 0, 0, 95462)
(95444, 0, 0, 95444)
(95426, 0, 0, 95426)
(95408, 0, 0, 95408)
(95394, 0, 0, 95394)
(95389, 0, 0, 95389)
(95384, 0, 0, 95384)
(95361, 0, 0, 95361)
(95348, 0, 0, 95348)
(95342, 0, 0, 95342)
(95323, 0, 0, 95323)
(95311, 0, 0, 95311)
(95304, 0, 0, 95304)
(95294, 0, 0, 95294)
(95273, 0, 0, 95273)
(95265, 0, 0, 95265)
(95236, 0, 0, 95236)
(95216, 0, 0, 95216)
(95208, 0, 0, 95208)
(95201, 0, 0, 95201)
(95188, 0, 0, 95188)
(95182, 0, 0, 95182)
(95167, 0, 0, 95167)
(95164, 0, 0, 95164)
(95149, 0, 0, 95149)
(95141, 0, 0, 95141)
(95137, 0, 0, 95137)
(95118, 0, 0, 95118)
(95100, 0, 0, 95100)
(95081, 0, 0, 95081)
(95071, 0, 0, 95071)
(95061, 0, 0, 95061)
(95053, 0, 0, 95053)
(95036, 0, 0, 95036)
(95025, 0, 0, 95025)
(95024, 0, 0, 95024)
(95011, 0, 0, 95011)
(94992, 0, 0, 94992)
(94986, 0, 0, 94986)
(94978, 0, 0, 94978)
(94970, 0, 0, 94970)
(94942, 0, 0, 94942)
(94929, 0, 0, 94929)
(94910, 0, 0, 94910)
(94905, 0, 0, 94905)
(94891, 0, 0, 94891)
(94874, 0, 0, 94874)
(94847, 0, 0, 94847)
(94836, 0, 0, 94836)
(94824, 0, 0, 94824)
(94819, 0, 0, 94819)
(94808, 0, 0, 94808)
(94798, 0, 0, 94798)
(94792, 0, 0, 94792)
(94773, 0, 0, 94773)
(94760, 0, 0, 94760)
(94756, 0, 0, 94756)
(94750, 0, 0, 94750)
(94734, 0, 0, 94734)
(94727, 0, 0, 94727)
(94710, 0, 0, 94710)
(94689, 0, 0, 94689)
(94678, 0, 0, 94678)
(94665, 0, 0, 94665)
(94652, 0, 0, 94652)
(94645, 0, 0, 94645)
(94637, 0, 0, 94637)
(94616, 0, 0, 94616)
(94602, 0, 0, 94602)
(94590, 0, 0, 94590)
(94581, 0, 0, 94581)
(94562, 0, 0, 94562)
(94546, 0, 0, 94546)
(94530, 0, 0, 94530)
(94516, 0, 0, 94516)
(94503, 0, 0, 94503)
(94488, 0, 0, 94488)
(94466, 0, 0, 94466)
(94446, 0, 0, 94446)
(94425, 0, 0, 94425)
(94421, 0, 0, 94421)
(94405, 0, 0, 94405)
(94399, 0, 0, 94399)
