(136108, 0, 0, 136108)
(136090, 0, 0, 136090)
(136075, 0, 0, 136075)
(136047, 0, 0, 136047)
(136032, 0, 0, 136032)
(136019, 0, 0, 136019)
(135999, 0, 0, 135999)
(135980, 0, 0, 135980)
(135957, 0, 0, 135957)
(135946, 0, 0, 135946)
(135921, 0, 0, 135921)
(135911, 0, 0, 135911)
(135904, 0, 0, 135904)
(135887, 0, 0, 135887)
(135884, 0, 0, 135884)
(135881, 0, 0, 135881)
(135878, 0, 0, 135878)
(135875, 0, 0, 135875)
(135872, 0, 0, 135872)
(135850, 0, 0, 135850)
(135828, 0, 0, 135828)
(135808, 0, 0, 135808)
(135795, 0, 0, 135795)
(135780, 0, 0, 135780)
(135763, 0, 0, 135763)
(135746, 0, 0, 135746)
(135729, 0, 0, 135729)
(135712, 0, 0, 135712)
(135695, 0, 0, 135695)
(135688, 0, 0, 135688)
(135681, 0, 0, 135681)
(135674, 0, 0, 135674)
(135667, 0, 0, 135667)
(135660, 0, 0, 135660)
(135640, 0, 0, 135640)
(135618, 0, 0, 135618)
(135611, 0, 0, 135611)
(135593, 0, 0, 135593)
(135583, 0, 0, 135583)
(135582, 0, 0, 135582)
(135574, 0, 0, 135574)
(135566, 0, 0, 135566)
(135537, 0, 0, 135537)
(135526, 0, 0, 135526)
(135505, 0, 0, 135505)
(135499, 0, 0, 135499)
(135495, 0, 0, 135495)
(135466, 0, 0, 135466)
(135447, 0, 0, 135447)
(135432, 0, 0, 135432)
(135417, 0, 0, 135417)
(135402, 0, 0, 135402)
(135381, 0, 0, 135381)
(135358, 0, 0, 135358)
(135338, 0, 0, 135338)
(135322, 0, 0, 135322)
(135312, 0, 0, 135312)
(135296, 0, 0, 135296)
(135282, 0, 0, 135282)
(135259, 0, 0, 135259)
(135255, 0, 0, 135255)
(135236, 0, 0, 135236)
(135232, 0, 0, 135232)
(135214, 0, 0, 135214)
(135210, 0, 0, 135210)
(135206, 0, 0, 135206)
(135204, 0, 0, 135204)
(135202, 0, 0, 135202)
(135196, 0, 0, 135196)
(135178, 0, 0, 135178)
(135150, 0, 0, 135150)
(135125, 0, 0, 135125)
(135118, 0, 0, 135118)
(135091, 0, 0, 135091)
(135090, 0, 0, 135090)
(135089, 0, 0, 135089)
(135081, 0, 0, 135081)
(135077, 0, 0, 135077)
(135073, 0, 0, 135073)
(135060, 0, 0, 135060)
(135053, 0, 0, 135053)
(135033, 0, 0, 135033)
(135021, 0, 0, 135021)
(135014, 0, 0, 135014)
(134999, 0, 0, 134999)
(134984, 0, 0, 134984)
(134970, 0, 0, 134970)
(134962, 0, 0, 134962)
(134954, 0, 0, 134954)
(134938, 0, 0, 134938)
(134922, 0, 0, 134922)
(134909, 0, 0, 134909)
(134896, 0, 0, 134896)
(134883, 0, 0, 134883)
(134870, 0, 0, 134870)
(134860, 0, 0, 134860)
(134856, 0, 0, 134856)
(134840, 0, 0, 134840)
(134837, 0, 0, 134837)
(134835, 0, 0, 134835)
(134819, 0, 0, 134819)
(134799, 0, 0, 134799)
(134793, 0, 0, 134793)
(134780, 0, 0, 134780)
(134765, 0, 0, 134765)
(134751, 0, 0, 134751)
(134738, 0, 0, 134738)
(134716, 0, 0, 134716)
(134715, 0, 0, 134715)
(134709, 0, 0, 134709)
(134692, 0, 0, 134692)
(134687, 0, 0, 134687)
(134668, 0, 0, 134668)
(134649, 0, 0, 134649)
(134620, 0, 0, 134620)
(134600, 0, 0, 134600)
(134583, 0, 0, 134583)
(134558, 0, 0, 134558)
(134538, 0, 0, 134538)
(134522, 0, 0, 134522)
(134505, 0, 0, 134505)
(134499, 0, 0, 134499)
(134490, 0, 0, 134490)
(134464, 0, 0, 134464)
(134438, 0, 0, 134438)
(134433, 0, 0, 134433)
(134425, 0, 0, 134425)
(134422, 0, 0, 134422)
(134419, 0, 0, 134419)
(134416, 0, 0, 134416)
(134413, 0, 0, 134413)
(134410, 0, 0, 134410)
(134407, 0, 0, 134407)
(134404, 0, 0, 134404)
(134378, 0, 0, 134378)
(134374, 0, 0, 134374)
(134370, 0, 0, 134370)
(134366, 0, 0, 134366)
(134362, 0, 0, 134362)
(134358, 0, 0, 134358)
(134354, 0, 0, 134354)
(134350, 0, 0, 134350)
(134323, 0, 0, 134323)
(134294, 0, 0, 134294)
(134275, 0, 0, 134275)
(134254, 0, 0, 134254)
(134235, 0, 0, 134235)
(134218, 0, 0, 134218)
(134205, 0, 0, 134205)
(134187, 0, 0, 134187)
(134172, 0, 0, 134172)
(134160, 0, 0, 134160)
(134148, 0, 0, 134148)
(134130, 0, 0, 134130)
(134100, 0, 0, 134100)
(134075, 0, 0, 134075)
(134056, 0, 0, 134056)
(134035, 0, 0, 134035)
(134019, 0, 0, 134019)
(134004, 0, 0, 134004)
(133998, 0, 0, 133998)
(133977, 0, 0, 133977)
(133975, 0, 0, 133975)
(133973, 0, 0, 133973)
(133959, 0, 0, 133959)
(133949, 0, 0, 133949)
(133941, 0, 0, 133941)
(133913, 0, 0, 133913)
(133892, 0, 0, 133892)
(133866, 0, 0, 133866)
(133848, 0, 0, 133848)
(133830, 0, 0, 133830)
(133825, 0, 0, 133825)
(133806, 0, 0, 133806)
(133797, 0, 0, 133797)
(133778, 0, 0, 133778)
(133755, 0, 0, 133755)
(133724, 0, 0, 133724)
(133716, 0, 0, 133716)
(133709, 0, 0, 133709)
(133704, 0, 0, 133704)
(133699, 0, 0, 133699)
(133677, 0, 0, 133677)
(133665, 0, 0, 133665)
(133659, 0, 0, 133659)
(133642, 0, 0, 133642)
(133625, 0, 0, 133625)
(133601, 0, 0, 133601)
(133592, 0, 0, 133592)
(133568, 0, 0, 133568)
(133567, 0, 0, 133567)
(133549, 0, 0, 133549)
(133522, 0, 0, 133522)
(133506, 0, 0, 133506)
(133502, 0, 0, 133502)
(133501, 0, 0, 133501)
(133500, 0, 0, 133500)
(133489, 0, 0, 133489)
(133484, 0, 0, 133484)
(133468, 0, 0, 133468)
(133454, 0, 0, 133454)
(133440, 0, 0, 133440)
(133427, 0, 0, 133427)
(133414, 0, 0, 133414)
(133399, 0, 0, 133399)
(133380, 0, 0, 133380)
(133357, 0, 0, 133357)
(133337, 0, 0, 133337)
(133318, 0, 0, 133318)
(133304, 0, 0, 133304)
(133290, 0, 0, 133290)
(133266, 0, 0, 133266)
(133245, 0, 0, 133245)
(133241, 0, 0, 133241)
(133234, 0, 0, 133234)
(133227, 0, 0, 133227)
(133215, 0, 0, 133215)
(133197, 0, 0, 133197)
(133196, 0, 0, 133196)
(133181, 0, 0, 133181)
(133171, 0, 0, 133171)
(133168, 0, 0, 133168)
(133156, 0, 0, 133156)
(133139, 0, 0, 133139)
(133106, 0, 0, 133106)
(133088, 0, 0, 133088)
(133066, 0, 0, 133066)
(133063, 0, 0, 133063)
(133056, 0, 0, 133056)
(133049, 0, 0, 133049)
(133046, 0, 0, 133046)
(133043, 0, 0, 133043)
(133025, 0, 0, 133025)
(133005, 0, 0, 133005)
(132990, 0, 0, 132990)
(132982, 0, 0, 132982)
(132970, 0, 0, 132970)
(132951, 0, 0, 132951)
(132938, 0, 0, 132938)
(132922, 0, 0, 132922)
(132905, 0, 0, 132905)
(132897, 0, 0, 132897)
(132891, 0, 0, 132891)
(132874, 0, 0, 132874)
(132866, 0, 0, 132866)
(132858, 0, 0, 132858)
(132847, 0, 0, 132847)
(132829, 0, 0, 132829)
(132811, 0, 0, 132811)
(132797, 0, 0, 132797)
(132794, 0, 0, 132794)
(132775, 0, 0, 132775)
(132753, 0, 0, 132753)
(132746, 0, 0, 132746)
(132729, 0, 0, 132729)
(132710, 0, 0, 132710)
(132694, 0, 0, 132694)
(132678, 0, 0, 132678)
(132657, 0, 0, 132657)
(132653, 0, 0, 132653)
(132642, 0, 0, 132642)
(132631, 0, 0, 132631)
(132622, 0, 0, 132622)
(132612, 0, 0, 132612)
(132588, 0, 0, 132588)
(132563, 0, 0, 132563)
(132538, 0, 0, 132538)
(132527, 0, 0, 132527)
(132516, 0, 0, 132516)
(132511, 0, 0, 132511)
(132486, 0, 0, 132486)
(132464, 0, 0, 132464)
(132439, 0, 0, 132439)
(132431, 0, 0, 132431)
(132403, 0, 0, 132403)
(132393, 0, 0, 132393)
(132378, 0, 0, 132378)
(132370, 0, 0, 132370)
(132356, 0, 0, 132356)
(132345, 0, 0, 132345)
(132334, 0, 0, 132334)
(132311, 0, 0, 132311)
(132284, 0, 0, 132284)
(132264, 0, 0, 132264)
(132253, 0, 0, 132253)
(132250, 0, 0, 132250)
(132247, 0, 0, 132247)
(132219, 0, 0, 132219)
(132209, 0, 0, 132209)
(132204, 0, 0, 132204)
(132199, 0, 0, 132199)
(132186, 0, 0, 132186)
(132167, 0, 0, 132167)
(132165, 0, 0, 132165)
(132139, 0, 0, 132139)
(132119, 0, 0, 132119)
(132097, 0, 0, 132097)
(132080, 0, 0, 132080)
(132063, 0, 0, 132063)
(132045, 0, 0, 132045)
(132028, 0, 0, 132028)
(132015, 0, 0, 132015)
(132005, 0, 0, 132005)
(132002, 0, 0, 132002)
(131986, 0, 0, 131986)
(131967, 0, 0, 131967)
(131962, 0, 0, 131962)
(131946, 0, 0, 131946)
(131926, 0, 0, 131926)
(131913, 0, 0, 131913)
(131909, 0, 0, 131909)
(131896, 0, 0, 131896)
(131873, 0, 0, 131873)
(131856, 0, 0, 131856)
(131852, 0, 0, 131852)
(131837, 0, 0, 131837)
(131823, 0, 0, 131823)
(131806, 0, 0, 131806)
(131778, 0, 0, 131778)
(131771, 0, 0, 131771)
(131764, 0, 0, 131764)
(131748, 0, 0, 131748)
(131733, 0, 0, 131733)
(131709, 0, 0, 131709)
(131685, 0, 0, 131685)
(131678, 0, 0, 131678)
(131673, 0, 0, 131673)
(131668, 0, 0, 131668)
(131660, 0, 0, 131660)
(131639, 0, 0, 131639)
(131625, 0, 0, 131625)
(131603, 0, 0, 131603)
(131597, 0, 0, 131597)
(131590, 0, 0, 131590)
(131583, 0, 0, 131583)
(131577, 0, 0, 131577)
(131571, 0, 0, 131571)
(131569, 0, 0, 131569)
(131557, 0, 0, 131557)
(131533, 0, 0, 131533)
(131509, 0, 0, 131509)
(131497, 0, 0, 131497)
(131485, 0, 0, 131485)
(131461, 0, 0, 131461)
(131445, 0, 0, 131445)
(131433, 0, 0, 131433)
(131418, 0, 0, 131418)
(131407, 0, 0, 131407)
(131388, 0, 0, 131388)
(131380, 0, 0, 131380)
(131370, 0, 0, 131370)
(131350, 0, 0, 131350)
(131340, 0, 0, 131340)
(131330, 0, 0, 131330)
(131319, 0, 0, 131319)
(131308, 0, 0, 131308)
(131307, 0, 0, 131307)
(131294, 0, 0, 131294)
(131281, 0, 0, 131281)
(131271, 0, 0, 131271)
(131253, 0, 0, 131253)
(131236, 0, 0, 131236)
(131232, 0, 0, 131232)
(131210, 0, 0, 131210)
(131188, 0, 0, 131188)
(131166, 0, 0, 131166)
(131148, 0, 0, 131148)
(131130, 0, 0, 131130)
(131127, 0, 0, 131127)
(131115, 0, 0, 131115)
(131103, 0, 0, 131103)
(131083, 0, 0, 131083)
(131063, 0, 0, 131063)
(131043, 0, 0, 131043)
(131023, 0, 0, 131023)
(131009, 0, 0, 131009)
(130997, 0, 0, 130997)
(130982, 0, 0, 130982)
(130967, 0, 0, 130967)
(130966, 0, 0, 130966)
(130965, 0, 0, 130965)
(130964, 0, 0, 130964)
(130954, 0, 0, 130954)
(130947, 0, 0, 130947)
(130928, 0, 0, 130928)
(130907, 0, 0, 130907)
(130891, 0, 0, 130891)
(130871, 0, 0, 130871)
(130842, 0, 0, 130842)
(130814, 0, 0, 130814)
(130803, 0, 0, 130803)
(130794, 0, 0, 130794)
(130785, 0, 0, 130785)
(130781, 0, 0, 130781)
(130764, 0, 0, 130764)
(130748, 0, 0, 130748)
(130732, 0, 0, 130732)
(130717, 0, 0, 130717)
(130702, 0, 0, 130702)
(130687, 0, 0, 130687)
(130672, 0, 0, 130672)
(130663, 0, 0, 130663)
(130635, 0, 0, 130635)
(130617, 0, 0, 130617)
(130612, 0, 0, 130612)
(130607, 0, 0, 130607)
(130602, 0, 0, 130602)
(130597, 0, 0, 130597)
(130577, 0, 0, 130577)
(130557, 0, 0, 130557)
(130537, 0, 0, 130537)
(130517, 0, 0, 130517)
(130497, 0, 0, 130497)
(130494, 0, 0, 130494)
(130491, 0, 0, 130491)
(130488, 0, 0, 130488)
(130482, 0, 0, 130482)
(130463, 0, 0, 130463)
(130448, 0, 0, 130448)
(130445, 0, 0, 130445)
(130414, 0, 0, 130414)
(130401, 0, 0, 130401)
(130394, 0, 0, 130394)
(130379, 0, 0, 130379)
(130352, 0, 0, 130352)
(130325, 0, 0, 130325)
(130309, 0, 0, 130309)
(130295, 0, 0, 130295)
(130270, 0, 0, 130270)
(130259, 0, 0, 130259)
(130243, 0, 0, 130243)
(130230, 0, 0, 130230)
(130226, 0, 0, 130226)
(130209, 0, 0, 130209)
(130194, 0, 0, 130194)
(130179, 0, 0, 130179)
(130164, 0, 0, 130164)
(130149, 0, 0, 130149)
(130142, 0, 0, 130142)
(130135, 0, 0, 130135)
(130128, 0, 0, 130128)
(130110, 0, 0, 130110)
(130092, 0, 0, 130092)
(130073, 0, 0, 130073)
(130061, 0, 0, 130061)
(130044, 0, 0, 130044)
(130035, 0, 0, 130035)
(130034, 0, 0, 130034)
(130013, 0, 0, 130013)
(130006, 0, 0, 130006)
(129979, 0, 0, 129979)
(129956, 0, 0, 129956)
(129934, 0, 0, 129934)
(129915, 0, 0, 129915)
(129901, 0, 0, 129901)
(129887, 0, 0, 129887)
(129882, 0, 0, 129882)
(129868, 0, 0, 129868)
(129855, 0, 0, 129855)
(129836, 0, 0, 129836)
(129831, 0, 0, 129831)
(129800, 0, 0, 129800)
(129786, 0, 0, 129786)
(129775, 0, 0, 129775)
(129767, 0, 0, 129767)
(129759, 0, 0, 129759)
(129746, 0, 0, 129746)
(129729, 0, 0, 129729)
(129713, 0, 0, 129713)
(129683, 0, 0, 129683)
(129656, 0, 0, 129656)
(129647, 0, 0, 129647)
(129633, 0, 0, 129633)
(129626, 0, 0, 129626)
(129609, 0, 0, 129609)
(129596, 0, 0, 129596)
(129586, 0, 0, 129586)
(129571, 0, 0, 129571)
(129542, 0, 0, 129542)
(129513, 0, 0, 129513)
(129493, 0, 0, 129493)
(129473, 0, 0, 129473)
(129456, 0, 0, 129456)
(129439, 0, 0, 129439)
(129427, 0, 0, 129427)
(129415, 0, 0, 129415)
(129396, 0, 0, 129396)
(129383, 0, 0, 129383)
(129370, 0, 0, 129370)
(129357, 0, 0, 129357)
(129342, 0, 0, 129342)
(129325, 0, 0, 129325)
(129320, 0, 0, 129320)
(129315, 0, 0, 129315)
(129309, 0, 0, 129309)
(129304, 0, 0, 129304)
(129289, 0, 0, 129289)
(129270, 0, 0, 129270)
(129258, 0, 0, 129258)
(129243, 0, 0, 129243)
(129228, 0, 0, 129228)
(129213, 0, 0, 129213)
(129191, 0, 0, 129191)
(129169, 0, 0, 129169)
(129160, 0, 0, 129160)
(129146, 0, 0, 129146)
(129120, 0, 0, 129120)
(129116, 0, 0, 129116)
(129099, 0, 0, 129099)
(129079, 0, 0, 129079)
(129062, 0, 0, 129062)
(129059, 0, 0, 129059)
(129033, 0, 0, 129033)
(129013, 0, 0, 129013)
(128993, 0, 0, 128993)
(128973, 0, 0, 128973)
(128968, 0, 0, 128968)
(128963, 0, 0, 128963)
(128958, 0, 0, 128958)
(128954, 0, 0, 128954)
(128929, 0, 0, 128929)
(128906, 0, 0, 128906)
(128887, 0, 0, 128887)
(128867, 0, 0, 128867)
(128844, 0, 0, 128844)
(128822, 0, 0, 128822)
(128808, 0, 0, 128808)
(128779, 0, 0, 128779)
(128772, 0, 0, 128772)
(128755, 0, 0, 128755)
(128745, 0, 0, 128745)
(128724, 0, 0, 128724)
(128717, 0, 0, 128717)
(128697, 0, 0, 128697)
(128691, 0, 0, 128691)
(128675, 0, 0, 128675)
(128659, 0, 0, 128659)
(128640, 0, 0, 128640)
(128629, 0, 0, 128629)
(128615, 0, 0, 128615)
(128600, 0, 0, 128600)
(128585, 0, 0, 128585)
(128570, 0, 0, 128570)
(128566, 0, 0, 128566)
(128562, 0, 0, 128562)
(128558, 0, 0, 128558)
(128548, 0, 0, 128548)
(128523, 0, 0, 128523)
(128503, 0, 0, 128503)
(128483, 0, 0, 128483)
(128455, 0, 0, 128455)
(128443, 0, 0, 128443)
(128433, 0, 0, 128433)
(128423, 0, 0, 128423)
(128403, 0, 0, 128403)
(128383, 0, 0, 128383)
(128373, 0, 0, 128373)
(128363, 0, 0, 128363)
(128343, 0, 0, 128343)
(128310, 0, 0, 128310)
(128290, 0, 0, 128290)
(128273, 0, 0, 128273)
(128251, 0, 0, 128251)
(128223, 0, 0, 128223)
(128217, 0, 0, 128217)
(128200, 0, 0, 128200)
(128185, 0, 0, 128185)
(128168, 0, 0, 128168)
(128151, 0, 0, 128151)
(128145, 0, 0, 128145)
(128120, 0, 0, 128120)
(128100, 0, 0, 128100)
(128087, 0, 0, 128087)
(128086, 0, 0, 128086)
(128074, 0, 0, 128074)
(128071, 0, 0, 128071)
(128068, 0, 0, 128068)
(128065, 0, 0, 128065)
(128050, 0, 0, 128050)
(128042, 0, 0, 128042)
(128025, 0, 0, 128025)
(128018, 0, 0, 128018)
(127999, 0, 0, 127999)
(127983, 0, 0, 127983)
(127977, 0, 0, 127977)
(127975, 0, 0, 127975)
(127964, 0, 0, 127964)
(127946, 0, 0, 127946)
(127928, 0, 0, 127928)
(127907, 0, 0, 127907)
(127894, 0, 0, 127894)
(127867, 0, 0, 127867)
(127851, 0, 0, 127851)
(127848, 0, 0, 127848)
(127845, 0, 0, 127845)
(127818, 0, 0, 127818)
(127803, 0, 0, 127803)
(127788, 0, 0, 127788)
(127779, 0, 0, 127779)
(127770, 0, 0, 127770)
(127757, 0, 0, 127757)
(127752, 0, 0, 127752)
(127734, 0, 0, 127734)
(127720, 0, 0, 127720)
(127693, 0, 0, 127693)
(127676, 0, 0, 127676)
(127654, 0, 0, 127654)
(127647, 0, 0, 127647)
(127638, 0, 0, 127638)
(127617, 0, 0, 127617)
(127596, 0, 0, 127596)
(127570, 0, 0, 127570)
(127566, 0, 0, 127566)
(127562, 0, 0, 127562)
(127558, 0, 0, 127558)
(127542, 0, 0, 127542)
(127526, 0, 0, 127526)
(127510, 0, 0, 127510)
(127494, 0, 0, 127494)
(127478, 0, 0, 127478)
(127466, 0, 0, 127466)
(127451, 0, 0, 127451)
(127429, 0, 0, 127429)
(127406, 0, 0, 127406)
(127383, 0, 0, 127383)
(127360, 0, 0, 127360)
(127329, 0, 0, 127329)
(127322, 0, 0, 127322)
(127306, 0, 0, 127306)
(127284, 0, 0, 127284)
(127269, 0, 0, 127269)
(127254, 0, 0, 127254)
(127231, 0, 0, 127231)
(127217, 0, 0, 127217)
(127196, 0, 0, 127196)
(127182, 0, 0, 127182)
(127168, 0, 0, 127168)
(127154, 0, 0, 127154)
(127134, 0, 0, 127134)
(127117, 0, 0, 127117)
(127112, 0, 0, 127112)
(127095, 0, 0, 127095)
(127087, 0, 0, 127087)
(127075, 0, 0, 127075)
(127068, 0, 0, 127068)
(127061, 0, 0, 127061)
(127056, 0, 0, 127056)
(127049, 0, 0, 127049)
(127039, 0, 0, 127039)
(127029, 0, 0, 127029)
(127019, 0, 0, 127019)
(127009, 0, 0, 127009)
(126997, 0, 0, 126997)
(126976, 0, 0, 126976)
(126955, 0, 0, 126955)
(126930, 0, 0, 126930)
(126921, 0, 0, 126921)
(126903, 0, 0, 126903)
(126883, 0, 0, 126883)
(126876, 0, 0, 126876)
(126865, 0, 0, 126865)
(126851, 0, 0, 126851)
(126847, 0, 0, 126847)
(126843, 0, 0, 126843)
(126833, 0, 0, 126833)
(126814, 0, 0, 126814)
(126806, 0, 0, 126806)
(126782, 0, 0, 126782)
(126773, 0, 0, 126773)
(126753, 0, 0, 126753)
(126732, 0, 0, 126732)
(126705, 0, 0, 126705)
(126697, 0, 0, 126697)
(126671, 0, 0, 126671)
(126651, 0, 0, 126651)
(126640, 0, 0, 126640)
(126629, 0, 0, 126629)
(126624, 0, 0, 126624)
(126618, 0, 0, 126618)
(126610, 0, 0, 126610)
(126609, 0, 0, 126609)
(126608, 0, 0, 126608)
(126606, 0, 0, 126606)
(126584, 0, 0, 126584)
(126562, 0, 0, 126562)
(126549, 0, 0, 126549)
(126532, 0, 0, 126532)
(126531, 0, 0, 126531)
(126523, 0, 0, 126523)
(126520, 0, 0, 126520)
(126509, 0, 0, 126509)
(126498, 0, 0, 126498)
(126482, 0, 0, 126482)
(126468, 0, 0, 126468)
(126454, 0, 0, 126454)
(126440, 0, 0, 126440)
(126432, 0, 0, 126432)
(126426, 0, 0, 126426)
(126411, 0, 0, 126411)
(126400, 0, 0, 126400)
(126389, 0, 0, 126389)
(126384, 0, 0, 126384)
(126365, 0, 0, 126365)
(126351, 0, 0, 126351)
(126337, 0, 0, 126337)
(126323, 0, 0, 126323)
(126306, 0, 0, 126306)
(126289, 0, 0, 126289)
(126272, 0, 0, 126272)
(126254, 0, 0, 126254)
(126243, 0, 0, 126243)
(126228, 0, 0, 126228)
(126209, 0, 0, 126209)
(126190, 0, 0, 126190)
(126171, 0, 0, 126171)
(126152, 0, 0, 126152)
(126133, 0, 0, 126133)
(126115, 0, 0, 126115)
(126097, 0, 0, 126097)
(126079, 0, 0, 126079)
(126061, 0, 0, 126061)
(126044, 0, 0, 126044)
(126027, 0, 0, 126027)
(126022, 0, 0, 126022)
(126017, 0, 0, 126017)
(126016, 0, 0, 126016)
(125993, 0, 0, 125993)
(125971, 0, 0, 125971)
(125967, 0, 0, 125967)
(125959, 0, 0, 125959)
(125936, 0, 0, 125936)
(125914, 0, 0, 125914)
(125907, 0, 0, 125907)
(125887, 0, 0, 125887)
(125879, 0, 0, 125879)
(125866, 0, 0, 125866)
(125859, 0, 0, 125859)
(125831, 0, 0, 125831)
(125805, 0, 0, 125805)
(125773, 0, 0, 125773)
(125766, 0, 0, 125766)
(125756, 0, 0, 125756)
(125730, 0, 0, 125730)
(125719, 0, 0, 125719)
(125696, 0, 0, 125696)
(125677, 0, 0, 125677)
(125662, 0, 0, 125662)
(125647, 0, 0, 125647)
