(221240, 0, 0, 221240)
(221233, 0, 0, 221233)
(221220, 0, 0, 221220)
(221207, 0, 0, 221207)
(221194, 0, 0, 221194)
(221181, 0, 0, 221181)
(221168, 0, 0, 221168)
(221138, 0, 0, 221138)
(221127, 0, 0, 221127)
(221122, 0, 0, 221122)
(221109, 0, 0, 221109)
(221096, 0, 0, 221096)
(221089, 0, 0, 221089)
(221082, 0, 0, 221082)
(221079, 0, 0, 221079)
(221056, 0, 0, 221056)
(221033, 0, 0, 221033)
(221010, 0, 0, 221010)
(220987, 0, 0, 220987)
(220964, 0, 0, 220964)
(220941, 0, 0, 220941)
(220918, 0, 0, 220918)
(220895, 0, 0, 220895)
(220886, 0, 0, 220886)
(220879, 0, 0, 220879)
(220864, 0, 0, 220864)
(220849, 0, 0, 220849)
(220834, 0, 0, 220834)
(220819, 0, 0, 220819)
(220804, 0, 0, 220804)
(220789, 0, 0, 220789)
(220774, 0, 0, 220774)
(220759, 0, 0, 220759)
(220744, 0, 0, 220744)
(220729, 0, 0, 220729)
(220714, 0, 0, 220714)
(220689, 0, 0, 220689)
(220676, 0, 0, 220676)
(220662, 0, 0, 220662)
(220645, 0, 0, 220645)
(220628, 0, 0, 220628)
(220602, 0, 0, 220602)
(220594, 0, 0, 220594)
(220586, 0, 0, 220586)
(220578, 0, 0, 220578)
(220550, 0, 0, 220550)
(220538, 0, 0, 220538)
(220516, 0, 0, 220516)
(220505, 0, 0, 220505)
(220482, 0, 0, 220482)
(220473, 0, 0, 220473)
(220463, 0, 0, 220463)
(220449, 0, 0, 220449)
(220438, 0, 0, 220438)
(220427, 0, 0, 220427)
(220419, 0, 0, 220419)
(220405, 0, 0, 220405)
(220374, 0, 0, 220374)
(220363, 0, 0, 220363)
(220353, 0, 0, 220353)
(220343, 0, 0, 220343)
(220333, 0, 0, 220333)
(220331, 0, 0, 220331)
(220322, 0, 0, 220322)
(220313, 0, 0, 220313)
(220304, 0, 0, 220304)
(220303, 0, 0, 220303)
(220302, 0, 0, 220302)
(220301, 0, 0, 220301)
(220280, 0, 0, 220280)
(220258, 0, 0, 220258)
(220240, 0, 0, 220240)
(220212, 0, 0, 220212)
(220199, 0, 0, 220199)
(220183, 0, 0, 220183)
(220173, 0, 0, 220173)
(220162, 0, 0, 220162)
(220141, 0, 0, 220141)
(220128, 0, 0, 220128)
(220115, 0, 0, 220115)
(220104, 0, 0, 220104)
(220092, 0, 0, 220092)
(220080, 0, 0, 220080)
(220068, 0, 0, 220068)
(220056, 0, 0, 220056)
(220044, 0, 0, 220044)
(220032, 0, 0, 220032)
(220020, 0, 0, 220020)
(220008, 0, 0, 220008)
(219996, 0, 0, 219996)
(219984, 0, 0, 219984)
(219981, 0, 0, 219981)
(219966, 0, 0, 219966)
(219951, 0, 0, 219951)
(219936, 0, 0, 219936)
(219921, 0, 0, 219921)
(219906, 0, 0, 219906)
(219891, 0, 0, 219891)
(219864, 0, 0, 219864)
(219839, 0, 0, 219839)
(219818, 0, 0, 219818)
(219798, 0, 0, 219798)
(219778, 0, 0, 219778)
(219761, 0, 0, 219761)
(219744, 0, 0, 219744)
(219735, 0, 0, 219735)
(219726, 0, 0, 219726)
(219717, 0, 0, 219717)
(219690, 0, 0, 219690)
(219679, 0, 0, 219679)
(219668, 0, 0, 219668)
(219643, 0, 0, 219643)
(219614, 0, 0, 219614)
(219592, 0, 0, 219592)
(219577, 0, 0, 219577)
(219549, 0, 0, 219549)
(219534, 0, 0, 219534)
(219519, 0, 0, 219519)
(219504, 0, 0, 219504)
(219475, 0, 0, 219475)
(219453, 0, 0, 219453)
(219429, 0, 0, 219429)
(219405, 0, 0, 219405)
(219384, 0, 0, 219384)
(219356, 0, 0, 219356)
(219328, 0, 0, 219328)
(219296, 0, 0, 219296)
(219275, 0, 0, 219275)
(219255, 0, 0, 219255)
(219253, 0, 0, 219253)
(219247, 0, 0, 219247)
(219226, 0, 0, 219226)
(219200, 0, 0, 219200)
(219181, 0, 0, 219181)
(219136, 0, 0, 219136)
(219125, 0, 0, 219125)
(219104, 0, 0, 219104)
(219087, 0, 0, 219087)
(219081, 0, 0, 219081)
(219068, 0, 0, 219068)
(219052, 0, 0, 219052)
(219043, 0, 0, 219043)
(219034, 0, 0, 219034)
(219033, 0, 0, 219033)
(219032, 0, 0, 219032)
(219031, 0, 0, 219031)
(219030, 0, 0, 219030)
(219018, 0, 0, 219018)
(219006, 0, 0, 219006)
(218982, 0, 0, 218982)
(218958, 0, 0, 218958)
(218934, 0, 0, 218934)
(218910, 0, 0, 218910)
(218899, 0, 0, 218899)
(218888, 0, 0, 218888)
(218864, 0, 0, 218864)
(218842, 0, 0, 218842)
(218816, 0, 0, 218816)
(218790, 0, 0, 218790)
(218764, 0, 0, 218764)
(218752, 0, 0, 218752)
(218740, 0, 0, 218740)
(218728, 0, 0, 218728)
(218702, 0, 0, 218702)
(218673, 0, 0, 218673)
(218662, 0, 0, 218662)
(218651, 0, 0, 218651)
(218614, 0, 0, 218614)
(218586, 0, 0, 218586)
(218578, 0, 0, 218578)
(218565, 0, 0, 218565)
(218561, 0, 0, 218561)
(218560, 0, 0, 218560)
(218541, 0, 0, 218541)
(218540, 0, 0, 218540)
(218539, 0, 0, 218539)
(218523, 0, 0, 218523)
(218495, 0, 0, 218495)
(218472, 0, 0, 218472)
(218459, 0, 0, 218459)
(218457, 0, 0, 218457)
(218447, 0, 0, 218447)
(218419, 0, 0, 218419)
(218397, 0, 0, 218397)
(218390, 0, 0, 218390)
(218387, 0, 0, 218387)
(218369, 0, 0, 218369)
(218342, 0, 0, 218342)
(218332, 0, 0, 218332)
(218310, 0, 0, 218310)
(218288, 0, 0, 218288)
(218266, 0, 0, 218266)
(218244, 0, 0, 218244)
(218227, 0, 0, 218227)
(218210, 0, 0, 218210)
(218205, 0, 0, 218205)
(218201, 0, 0, 218201)
(218197, 0, 0, 218197)
(218193, 0, 0, 218193)
(218167, 0, 0, 218167)
(218152, 0, 0, 218152)
(218137, 0, 0, 218137)
(218122, 0, 0, 218122)
(218115, 0, 0, 218115)
(218108, 0, 0, 218108)
(218089, 0, 0, 218089)
(218077, 0, 0, 218077)
(218062, 0, 0, 218062)
(218046, 0, 0, 218046)
(218022, 0, 0, 218022)
(218011, 0, 0, 218011)
(217994, 0, 0, 217994)
(217976, 0, 0, 217976)
(217957, 0, 0, 217957)
(217945, 0, 0, 217945)
(217931, 0, 0, 217931)
(217929, 0, 0, 217929)
(217916, 0, 0, 217916)
(217903, 0, 0, 217903)
(217890, 0, 0, 217890)
(217875, 0, 0, 217875)
(217860, 0, 0, 217860)
(217845, 0, 0, 217845)
(217837, 0, 0, 217837)
(217813, 0, 0, 217813)
(217809, 0, 0, 217809)
(217805, 0, 0, 217805)
(217798, 0, 0, 217798)
(217791, 0, 0, 217791)
(217788, 0, 0, 217788)
(217776, 0, 0, 217776)
(217746, 0, 0, 217746)
(217731, 0, 0, 217731)
(217721, 0, 0, 217721)
(217696, 0, 0, 217696)
(217681, 0, 0, 217681)
(217670, 0, 0, 217670)
(217659, 0, 0, 217659)
(217652, 0, 0, 217652)
(217638, 0, 0, 217638)
(217623, 0, 0, 217623)
(217613, 0, 0, 217613)
(217600, 0, 0, 217600)
(217583, 0, 0, 217583)
(217569, 0, 0, 217569)
(217555, 0, 0, 217555)
(217549, 0, 0, 217549)
(217543, 0, 0, 217543)
(217537, 0, 0, 217537)
(217521, 0, 0, 217521)
(217505, 0, 0, 217505)
(217501, 0, 0, 217501)
(217479, 0, 0, 217479)
(217457, 0, 0, 217457)
(217446, 0, 0, 217446)
(217433, 0, 0, 217433)
(217409, 0, 0, 217409)
(217379, 0, 0, 217379)
(217375, 0, 0, 217375)
(217371, 0, 0, 217371)
(217365, 0, 0, 217365)
(217359, 0, 0, 217359)
(217356, 0, 0, 217356)
(217349, 0, 0, 217349)
(217344, 0, 0, 217344)
(217311, 0, 0, 217311)
(217278, 0, 0, 217278)
(217245, 0, 0, 217245)
(217212, 0, 0, 217212)
(217200, 0, 0, 217200)
(217188, 0, 0, 217188)
(217176, 0, 0, 217176)
(217164, 0, 0, 217164)
(217150, 0, 0, 217150)
(217128, 0, 0, 217128)
(217106, 0, 0, 217106)
(217081, 0, 0, 217081)
(217065, 0, 0, 217065)
(217061, 0, 0, 217061)
(217057, 0, 0, 217057)
(217039, 0, 0, 217039)
(217021, 0, 0, 217021)
(217003, 0, 0, 217003)
(216988, 0, 0, 216988)
(216970, 0, 0, 216970)
(216952, 0, 0, 216952)
(216928, 0, 0, 216928)
(216913, 0, 0, 216913)
(216905, 0, 0, 216905)
(216897, 0, 0, 216897)
(216873, 0, 0, 216873)
(216852, 0, 0, 216852)
(216829, 0, 0, 216829)
(216806, 0, 0, 216806)
(216783, 0, 0, 216783)
(216767, 0, 0, 216767)
(216750, 0, 0, 216750)
(216729, 0, 0, 216729)
(216705, 0, 0, 216705)
(216682, 0, 0, 216682)
(216671, 0, 0, 216671)
(216663, 0, 0, 216663)
(216652, 0, 0, 216652)
(216647, 0, 0, 216647)
(216637, 0, 0, 216637)
(216621, 0, 0, 216621)
(216610, 0, 0, 216610)
(216599, 0, 0, 216599)
(216596, 0, 0, 216596)
(216576, 0, 0, 216576)
(216566, 0, 0, 216566)
(216540, 0, 0, 216540)
(216533, 0, 0, 216533)
(216501, 0, 0, 216501)
(216490, 0, 0, 216490)
(216461, 0, 0, 216461)
(216434, 0, 0, 216434)
(216415, 0, 0, 216415)
(216396, 0, 0, 216396)
(216377, 0, 0, 216377)
(216353, 0, 0, 216353)
(216326, 0, 0, 216326)
(216300, 0, 0, 216300)
(216278, 0, 0, 216278)
(216272, 0, 0, 216272)
(216266, 0, 0, 216266)
(216260, 0, 0, 216260)
(216254, 0, 0, 216254)
(216248, 0, 0, 216248)
(216242, 0, 0, 216242)
(216236, 0, 0, 216236)
(216211, 0, 0, 216211)
(216186, 0, 0, 216186)
(216163, 0, 0, 216163)
(216137, 0, 0, 216137)
(216123, 0, 0, 216123)
(216109, 0, 0, 216109)
(216095, 0, 0, 216095)
(216069, 0, 0, 216069)
(216060, 0, 0, 216060)
(216049, 0, 0, 216049)
(216038, 0, 0, 216038)
(216027, 0, 0, 216027)
(216016, 0, 0, 216016)
(215996, 0, 0, 215996)
(215980, 0, 0, 215980)
(215964, 0, 0, 215964)
(215943, 0, 0, 215943)
(215926, 0, 0, 215926)
(215915, 0, 0, 215915)
(215904, 0, 0, 215904)
(215899, 0, 0, 215899)
(215880, 0, 0, 215880)
(215861, 0, 0, 215861)
(215843, 0, 0, 215843)
(215825, 0, 0, 215825)
(215810, 0, 0, 215810)
(215788, 0, 0, 215788)
(215780, 0, 0, 215780)
(215759, 0, 0, 215759)
(215756, 0, 0, 215756)
(215738, 0, 0, 215738)
(215719, 0, 0, 215719)
(215687, 0, 0, 215687)
(215665, 0, 0, 215665)
(215643, 0, 0, 215643)
(215632, 0, 0, 215632)
(215603, 0, 0, 215603)
(215601, 0, 0, 215601)
(215599, 0, 0, 215599)
(215585, 0, 0, 215585)
(215571, 0, 0, 215571)
(215557, 0, 0, 215557)
(215540, 0, 0, 215540)
(215523, 0, 0, 215523)
(215506, 0, 0, 215506)
(215498, 0, 0, 215498)
(215496, 0, 0, 215496)
(215490, 0, 0, 215490)
(215484, 0, 0, 215484)
(215478, 0, 0, 215478)
(215455, 0, 0, 215455)
(215449, 0, 0, 215449)
(215443, 0, 0, 215443)
(215437, 0, 0, 215437)
(215431, 0, 0, 215431)
(215406, 0, 0, 215406)
(215381, 0, 0, 215381)
(215356, 0, 0, 215356)
(215340, 0, 0, 215340)
(215324, 0, 0, 215324)
(215308, 0, 0, 215308)
(215292, 0, 0, 215292)
(215285, 0, 0, 215285)
(215258, 0, 0, 215258)
(215250, 0, 0, 215250)
(215235, 0, 0, 215235)
(215231, 0, 0, 215231)
(215230, 0, 0, 215230)
(215225, 0, 0, 215225)
(215220, 0, 0, 215220)
(215215, 0, 0, 215215)
(215202, 0, 0, 215202)
(215189, 0, 0, 215189)
(215178, 0, 0, 215178)
(215154, 0, 0, 215154)
(215123, 0, 0, 215123)
(215111, 0, 0, 215111)
(215087, 0, 0, 215087)
(215061, 0, 0, 215061)
(215035, 0, 0, 215035)
(215009, 0, 0, 215009)
(214983, 0, 0, 214983)
(214957, 0, 0, 214957)
(214948, 0, 0, 214948)
(214917, 0, 0, 214917)
(214895, 0, 0, 214895)
(214893, 0, 0, 214893)
(214864, 0, 0, 214864)
(214854, 0, 0, 214854)
(214853, 0, 0, 214853)
(214847, 0, 0, 214847)
(214844, 0, 0, 214844)
(214836, 0, 0, 214836)
(214821, 0, 0, 214821)
(214804, 0, 0, 214804)
(214793, 0, 0, 214793)
(214777, 0, 0, 214777)
(214761, 0, 0, 214761)
(214738, 0, 0, 214738)
(214711, 0, 0, 214711)
(214684, 0, 0, 214684)
(214676, 0, 0, 214676)
(214671, 0, 0, 214671)
(214646, 0, 0, 214646)
(214621, 0, 0, 214621)
(214596, 0, 0, 214596)
(214588, 0, 0, 214588)
(214580, 0, 0, 214580)
(214572, 0, 0, 214572)
(214564, 0, 0, 214564)
(214556, 0, 0, 214556)
(214544, 0, 0, 214544)
(214528, 0, 0, 214528)
(214512, 0, 0, 214512)
(214496, 0, 0, 214496)
(214480, 0, 0, 214480)
(214475, 0, 0, 214475)
(214470, 0, 0, 214470)
(214459, 0, 0, 214459)
(214436, 0, 0, 214436)
(214429, 0, 0, 214429)
(214401, 0, 0, 214401)
(214389, 0, 0, 214389)
(214377, 0, 0, 214377)
(214368, 0, 0, 214368)
(214359, 0, 0, 214359)
(214350, 0, 0, 214350)
(214341, 0, 0, 214341)
(214325, 0, 0, 214325)
(214296, 0, 0, 214296)
(214290, 0, 0, 214290)
(214276, 0, 0, 214276)
(214258, 0, 0, 214258)
(214238, 0, 0, 214238)
(214222, 0, 0, 214222)
(214196, 0, 0, 214196)
(214185, 0, 0, 214185)
(214174, 0, 0, 214174)
(214152, 0, 0, 214152)
(214137, 0, 0, 214137)
(214122, 0, 0, 214122)
(214107, 0, 0, 214107)
(214102, 0, 0, 214102)
(214089, 0, 0, 214089)
(214066, 0, 0, 214066)
(214044, 0, 0, 214044)
(214024, 0, 0, 214024)
(214004, 0, 0, 214004)
(213992, 0, 0, 213992)
(213974, 0, 0, 213974)
(213956, 0, 0, 213956)
(213938, 0, 0, 213938)
(213918, 0, 0, 213918)
(213909, 0, 0, 213909)
(213887, 0, 0, 213887)
(213863, 0, 0, 213863)
(213837, 0, 0, 213837)
(213811, 0, 0, 213811)
(213791, 0, 0, 213791)
(213772, 0, 0, 213772)
(213750, 0, 0, 213750)
(213742, 0, 0, 213742)
(213741, 0, 0, 213741)
(213735, 0, 0, 213735)
(213720, 0, 0, 213720)
(213705, 0, 0, 213705)
(213678, 0, 0, 213678)
(213659, 0, 0, 213659)
(213631, 0, 0, 213631)
(213625, 0, 0, 213625)
(213619, 0, 0, 213619)
(213596, 0, 0, 213596)
(213573, 0, 0, 213573)
(213550, 0, 0, 213550)
(213541, 0, 0, 213541)
(213532, 0, 0, 213532)
(213523, 0, 0, 213523)
(213514, 0, 0, 213514)
(213505, 0, 0, 213505)
(213491, 0, 0, 213491)
(213477, 0, 0, 213477)
(213476, 0, 0, 213476)
(213449, 0, 0, 213449)
(213428, 0, 0, 213428)
(213407, 0, 0, 213407)
(213385, 0, 0, 213385)
(213377, 0, 0, 213377)
(213349, 0, 0, 213349)
(213344, 0, 0, 213344)
(213323, 0, 0, 213323)
(213302, 0, 0, 213302)
(213280, 0, 0, 213280)
(213243, 0, 0, 213243)
(213208, 0, 0, 213208)
(213190, 0, 0, 213190)
(213157, 0, 0, 213157)
(213127, 0, 0, 213127)
(213085, 0, 0, 213085)
(213069, 0, 0, 213069)
(213041, 0, 0, 213041)
(213013, 0, 0, 213013)
(212985, 0, 0, 212985)
(212959, 0, 0, 212959)
(212933, 0, 0, 212933)
(212907, 0, 0, 212907)
(212895, 0, 0, 212895)
(212891, 0, 0, 212891)
(212887, 0, 0, 212887)
(212884, 0, 0, 212884)
(212881, 0, 0, 212881)
(212878, 0, 0, 212878)
(212875, 0, 0, 212875)
(212864, 0, 0, 212864)
(212850, 0, 0, 212850)
(212831, 0, 0, 212831)
(212812, 0, 0, 212812)
(212793, 0, 0, 212793)
(212774, 0, 0, 212774)
(212755, 0, 0, 212755)
(212736, 0, 0, 212736)
(212717, 0, 0, 212717)
(212690, 0, 0, 212690)
(212663, 0, 0, 212663)
(212636, 0, 0, 212636)
(212609, 0, 0, 212609)
(212582, 0, 0, 212582)
(212555, 0, 0, 212555)
(212547, 0, 0, 212547)
(212537, 0, 0, 212537)
(212504, 0, 0, 212504)
(212479, 0, 0, 212479)
(212454, 0, 0, 212454)
(212424, 0, 0, 212424)
(212396, 0, 0, 212396)
(212369, 0, 0, 212369)
(212359, 0, 0, 212359)
(212334, 0, 0, 212334)
(212324, 0, 0, 212324)
(212307, 0, 0, 212307)
(212278, 0, 0, 212278)
(212262, 0, 0, 212262)
(212230, 0, 0, 212230)
(212208, 0, 0, 212208)
(212206, 0, 0, 212206)
(212204, 0, 0, 212204)
(212202, 0, 0, 212202)
(212200, 0, 0, 212200)
(212196, 0, 0, 212196)
(212192, 0, 0, 212192)
(212188, 0, 0, 212188)
(212184, 0, 0, 212184)
(212158, 0, 0, 212158)
(212154, 0, 0, 212154)
(212150, 0, 0, 212150)
(212146, 0, 0, 212146)
(212142, 0, 0, 212142)
(212138, 0, 0, 212138)
(212134, 0, 0, 212134)
(212130, 0, 0, 212130)
(212117, 0, 0, 212117)
