(147889, 0, 0, 147889)
(147879, 0, 0, 147879)
(147869, 0, 0, 147869)
(147855, 0, 0, 147855)
(147846, 0, 0, 147846)
(147837, 0, 0, 147837)
(147828, 0, 0, 147828)
(147819, 0, 0, 147819)
(147808, 0, 0, 147808)
(147797, 0, 0, 147797)
(147786, 0, 0, 147786)
(147775, 0, 0, 147775)
(147773, 0, 0, 147773)
(147767, 0, 0, 147767)
(147759, 0, 0, 147759)
(147746, 0, 0, 147746)
(147730, 0, 0, 147730)
(147715, 0, 0, 147715)
(147707, 0, 0, 147707)
(147690, 0, 0, 147690)
(147675, 0, 0, 147675)
(147654, 0, 0, 147654)
(147636, 0, 0, 147636)
(147627, 0, 0, 147627)
(147622, 0, 0, 147622)
(147604, 0, 0, 147604)
(147589, 0, 0, 147589)
(147582, 0, 0, 147582)
(147575, 0, 0, 147575)
(147567, 0, 0, 147567)
(147548, 0, 0, 147548)
(147529, 0, 0, 147529)
(147496, 0, 0, 147496)
(147485, 0, 0, 147485)
(147464, 0, 0, 147464)
(147453, 0, 0, 147453)
(147438, 0, 0, 147438)
(147427, 0, 0, 147427)
(147413, 0, 0, 147413)
(147392, 0, 0, 147392)
(147383, 0, 0, 147383)
(147364, 0, 0, 147364)
(147345, 0, 0, 147345)
(147326, 0, 0, 147326)
(147307, 0, 0, 147307)
(147288, 0, 0, 147288)
(147269, 0, 0, 147269)
(147250, 0, 0, 147250)
(147231, 0, 0, 147231)
(147212, 0, 0, 147212)
(147193, 0, 0, 147193)
(147187, 0, 0, 147187)
(147181, 0, 0, 147181)
(147175, 0, 0, 147175)
(147169, 0, 0, 147169)
(147163, 0, 0, 147163)
(147157, 0, 0, 147157)
(147151, 0, 0, 147151)
(147145, 0, 0, 147145)
(147137, 0, 0, 147137)
(147129, 0, 0, 147129)
(147121, 0, 0, 147121)
(147115, 0, 0, 147115)
(147104, 0, 0, 147104)
(147082, 0, 0, 147082)
(147067, 0, 0, 147067)
(147050, 0, 0, 147050)
(147035, 0, 0, 147035)
(147020, 0, 0, 147020)
(147000, 0, 0, 147000)
(146989, 0, 0, 146989)
(146967, 0, 0, 146967)
(146961, 0, 0, 146961)
(146949, 0, 0, 146949)
(146931, 0, 0, 146931)
(146915, 0, 0, 146915)
(146898, 0, 0, 146898)
(146878, 0, 0, 146878)
(146856, 0, 0, 146856)
(146837, 0, 0, 146837)
(146832, 0, 0, 146832)
(146820, 0, 0, 146820)
(146798, 0, 0, 146798)
(146782, 0, 0, 146782)
(146772, 0, 0, 146772)
(146761, 0, 0, 146761)
(146734, 0, 0, 146734)
(146722, 0, 0, 146722)
(146706, 0, 0, 146706)
(146677, 0, 0, 146677)
(146670, 0, 0, 146670)
(146652, 0, 0, 146652)
(146628, 0, 0, 146628)
(146624, 0, 0, 146624)
(146602, 0, 0, 146602)
(146578, 0, 0, 146578)
(146552, 0, 0, 146552)
(146525, 0, 0, 146525)
(146505, 0, 0, 146505)
(146485, 0, 0, 146485)
(146475, 0, 0, 146475)
(146465, 0, 0, 146465)
(146445, 0, 0, 146445)
(146429, 0, 0, 146429)
(146410, 0, 0, 146410)
(146409, 0, 0, 146409)
(146395, 0, 0, 146395)
(146387, 0, 0, 146387)
(146382, 0, 0, 146382)
(146365, 0, 0, 146365)
(146343, 0, 0, 146343)
(146338, 0, 0, 146338)
(146324, 0, 0, 146324)
(146309, 0, 0, 146309)
(146287, 0, 0, 146287)
(146282, 0, 0, 146282)
(146257, 0, 0, 146257)
(146232, 0, 0, 146232)
(146222, 0, 0, 146222)
(146204, 0, 0, 146204)
(146192, 0, 0, 146192)
(146187, 0, 0, 146187)
(146172, 0, 0, 146172)
(146155, 0, 0, 146155)
(146139, 0, 0, 146139)
(146118, 0, 0, 146118)
(146097, 0, 0, 146097)
(146080, 0, 0, 146080)
(146060, 0, 0, 146060)
(146040, 0, 0, 146040)
(146020, 0, 0, 146020)
(146000, 0, 0, 146000)
(145980, 0, 0, 145980)
(145960, 0, 0, 145960)
(145941, 0, 0, 145941)
(145938, 0, 0, 145938)
(145934, 0, 0, 145934)
(145919, 0, 0, 145919)
(145904, 0, 0, 145904)
(145886, 0, 0, 145886)
(145870, 0, 0, 145870)
(145848, 0, 0, 145848)
(145836, 0, 0, 145836)
(145815, 0, 0, 145815)
(145796, 0, 0, 145796)
(145776, 0, 0, 145776)
(145754, 0, 0, 145754)
(145742, 0, 0, 145742)
(145738, 0, 0, 145738)
(145725, 0, 0, 145725)
(145717, 0, 0, 145717)
(145709, 0, 0, 145709)
(145694, 0, 0, 145694)
(145678, 0, 0, 145678)
(145655, 0, 0, 145655)
(145644, 0, 0, 145644)
(145627, 0, 0, 145627)
(145611, 0, 0, 145611)
(145595, 0, 0, 145595)
(145578, 0, 0, 145578)
(145561, 0, 0, 145561)
(145551, 0, 0, 145551)
(145527, 0, 0, 145527)
(145503, 0, 0, 145503)
(145494, 0, 0, 145494)
(145481, 0, 0, 145481)
(145471, 0, 0, 145471)
(145461, 0, 0, 145461)
(145451, 0, 0, 145451)
(145449, 0, 0, 145449)
(145447, 0, 0, 145447)
(145445, 0, 0, 145445)
(145443, 0, 0, 145443)
(145421, 0, 0, 145421)
(145412, 0, 0, 145412)
(145398, 0, 0, 145398)
(145384, 0, 0, 145384)
(145370, 0, 0, 145370)
(145356, 0, 0, 145356)
(145342, 0, 0, 145342)
(145328, 0, 0, 145328)
(145314, 0, 0, 145314)
(145300, 0, 0, 145300)
(145286, 0, 0, 145286)
(145280, 0, 0, 145280)
(145274, 0, 0, 145274)
(145268, 0, 0, 145268)
(145262, 0, 0, 145262)
(145256, 0, 0, 145256)
(145250, 0, 0, 145250)
(145244, 0, 0, 145244)
(145238, 0, 0, 145238)
(145232, 0, 0, 145232)
(145230, 0, 0, 145230)
(145208, 0, 0, 145208)
(145195, 0, 0, 145195)
(145181, 0, 0, 145181)
(145178, 0, 0, 145178)
(145155, 0, 0, 145155)
(145154, 0, 0, 145154)
(145139, 0, 0, 145139)
(145133, 0, 0, 145133)
(145122, 0, 0, 145122)
(145102, 0, 0, 145102)
(145080, 0, 0, 145080)
(145061, 0, 0, 145061)
(145037, 0, 0, 145037)
(145013, 0, 0, 145013)
(144989, 0, 0, 144989)
(144965, 0, 0, 144965)
(144945, 0, 0, 144945)
(144926, 0, 0, 144926)
(144916, 0, 0, 144916)
(144902, 0, 0, 144902)
(144891, 0, 0, 144891)
(144879, 0, 0, 144879)
(144867, 0, 0, 144867)
(144847, 0, 0, 144847)
(144830, 0, 0, 144830)
(144820, 0, 0, 144820)
(144801, 0, 0, 144801)
(144799, 0, 0, 144799)
(144780, 0, 0, 144780)
(144775, 0, 0, 144775)
(144766, 0, 0, 144766)
(144746, 0, 0, 144746)
(144729, 0, 0, 144729)
(144705, 0, 0, 144705)
(144690, 0, 0, 144690)
(144671, 0, 0, 144671)
(144658, 0, 0, 144658)
(144636, 0, 0, 144636)
(144609, 0, 0, 144609)
(144594, 0, 0, 144594)
(144592, 0, 0, 144592)
(144573, 0, 0, 144573)
(144547, 0, 0, 144547)
(144535, 0, 0, 144535)
(144527, 0, 0, 144527)
(144514, 0, 0, 144514)
(144488, 0, 0, 144488)
(144472, 0, 0, 144472)
(144456, 0, 0, 144456)
(144433, 0, 0, 144433)
(144410, 0, 0, 144410)
(144405, 0, 0, 144405)
(144392, 0, 0, 144392)
(144380, 0, 0, 144380)
(144364, 0, 0, 144364)
(144342, 0, 0, 144342)
(144317, 0, 0, 144317)
(144290, 0, 0, 144290)
(144266, 0, 0, 144266)
(144260, 0, 0, 144260)
(144248, 0, 0, 144248)
(144235, 0, 0, 144235)
(144219, 0, 0, 144219)
(144211, 0, 0, 144211)
(144201, 0, 0, 144201)
(144176, 0, 0, 144176)
(144158, 0, 0, 144158)
(144153, 0, 0, 144153)
(144127, 0, 0, 144127)
(144098, 0, 0, 144098)
(144082, 0, 0, 144082)
(144068, 0, 0, 144068)
(144054, 0, 0, 144054)
(144045, 0, 0, 144045)
(144029, 0, 0, 144029)
(144023, 0, 0, 144023)
(144004, 0, 0, 144004)
(143991, 0, 0, 143991)
(143988, 0, 0, 143988)
(143983, 0, 0, 143983)
(143970, 0, 0, 143970)
(143960, 0, 0, 143960)
(143949, 0, 0, 143949)
(143932, 0, 0, 143932)
(143920, 0, 0, 143920)
(143906, 0, 0, 143906)
(143894, 0, 0, 143894)
(143882, 0, 0, 143882)
(143871, 0, 0, 143871)
(143852, 0, 0, 143852)
(143824, 0, 0, 143824)
(143796, 0, 0, 143796)
(143779, 0, 0, 143779)
(143762, 0, 0, 143762)
(143745, 0, 0, 143745)
(143740, 0, 0, 143740)
(143732, 0, 0, 143732)
(143718, 0, 0, 143718)
(143702, 0, 0, 143702)
(143698, 0, 0, 143698)
(143682, 0, 0, 143682)
(143669, 0, 0, 143669)
(143656, 0, 0, 143656)
(143649, 0, 0, 143649)
(143644, 0, 0, 143644)
(143633, 0, 0, 143633)
(143627, 0, 0, 143627)
(143613, 0, 0, 143613)
(143596, 0, 0, 143596)
(143584, 0, 0, 143584)
(143563, 0, 0, 143563)
(143562, 0, 0, 143562)
(143561, 0, 0, 143561)
(143560, 0, 0, 143560)
(143559, 0, 0, 143559)
(143529, 0, 0, 143529)
(143499, 0, 0, 143499)
(143481, 0, 0, 143481)
(143473, 0, 0, 143473)
(143458, 0, 0, 143458)
(143442, 0, 0, 143442)
(143433, 0, 0, 143433)
(143427, 0, 0, 143427)
(143420, 0, 0, 143420)
(143403, 0, 0, 143403)
(143387, 0, 0, 143387)
(143371, 0, 0, 143371)
(143355, 0, 0, 143355)
(143339, 0, 0, 143339)
(143333, 0, 0, 143333)
(143327, 0, 0, 143327)
(143321, 0, 0, 143321)
(143315, 0, 0, 143315)
(143309, 0, 0, 143309)
(143305, 0, 0, 143305)
(143284, 0, 0, 143284)
(143263, 0, 0, 143263)
(143240, 0, 0, 143240)
(143221, 0, 0, 143221)
(143194, 0, 0, 143194)
(143177, 0, 0, 143177)
(143161, 0, 0, 143161)
(143137, 0, 0, 143137)
(143120, 0, 0, 143120)
(143111, 0, 0, 143111)
(143092, 0, 0, 143092)
(143063, 0, 0, 143063)
(143042, 0, 0, 143042)
(143021, 0, 0, 143021)
(143000, 0, 0, 143000)
(142979, 0, 0, 142979)
(142958, 0, 0, 142958)
(142937, 0, 0, 142937)
(142916, 0, 0, 142916)
(142895, 0, 0, 142895)
(142874, 0, 0, 142874)
(142849, 0, 0, 142849)
(142824, 0, 0, 142824)
(142799, 0, 0, 142799)
(142774, 0, 0, 142774)
(142749, 0, 0, 142749)
(142724, 0, 0, 142724)
(142699, 0, 0, 142699)
(142674, 0, 0, 142674)
(142647, 0, 0, 142647)
(142627, 0, 0, 142627)
(142626, 0, 0, 142626)
(142613, 0, 0, 142613)
(142591, 0, 0, 142591)
(142579, 0, 0, 142579)
(142573, 0, 0, 142573)
(142566, 0, 0, 142566)
(142552, 0, 0, 142552)
(142529, 0, 0, 142529)
(142522, 0, 0, 142522)
(142515, 0, 0, 142515)
(142508, 0, 0, 142508)
(142501, 0, 0, 142501)
(142494, 0, 0, 142494)
(142487, 0, 0, 142487)
(142480, 0, 0, 142480)
(142473, 0, 0, 142473)
(142466, 0, 0, 142466)
(142436, 0, 0, 142436)
(142406, 0, 0, 142406)
(142376, 0, 0, 142376)
(142346, 0, 0, 142346)
(142316, 0, 0, 142316)
(142286, 0, 0, 142286)
(142256, 0, 0, 142256)
(142226, 0, 0, 142226)
(142196, 0, 0, 142196)
(142189, 0, 0, 142189)
(142169, 0, 0, 142169)
(142150, 0, 0, 142150)
(142132, 0, 0, 142132)
(142126, 0, 0, 142126)
(142104, 0, 0, 142104)
(142081, 0, 0, 142081)
(142069, 0, 0, 142069)
(142051, 0, 0, 142051)
(142039, 0, 0, 142039)
(142019, 0, 0, 142019)
(142009, 0, 0, 142009)
(141982, 0, 0, 141982)
(141967, 0, 0, 141967)
(141959, 0, 0, 141959)
(141940, 0, 0, 141940)
(141935, 0, 0, 141935)
(141925, 0, 0, 141925)
(141915, 0, 0, 141915)
(141897, 0, 0, 141897)
(141893, 0, 0, 141893)
(141890, 0, 0, 141890)
(141862, 0, 0, 141862)
(141860, 0, 0, 141860)
(141834, 0, 0, 141834)
(141814, 0, 0, 141814)
(141788, 0, 0, 141788)
(141766, 0, 0, 141766)
(141744, 0, 0, 141744)
(141722, 0, 0, 141722)
(141692, 0, 0, 141692)
(141662, 0, 0, 141662)
(141632, 0, 0, 141632)
(141602, 0, 0, 141602)
(141585, 0, 0, 141585)
(141565, 0, 0, 141565)
(141543, 0, 0, 141543)
(141521, 0, 0, 141521)
(141499, 0, 0, 141499)
(141478, 0, 0, 141478)
(141468, 0, 0, 141468)
(141443, 0, 0, 141443)
(141418, 0, 0, 141418)
(141393, 0, 0, 141393)
(141368, 0, 0, 141368)
(141343, 0, 0, 141343)
(141318, 0, 0, 141318)
(141293, 0, 0, 141293)
(141268, 0, 0, 141268)
(141243, 0, 0, 141243)
(141218, 0, 0, 141218)
(141193, 0, 0, 141193)
(141178, 0, 0, 141178)
(141161, 0, 0, 141161)
(141144, 0, 0, 141144)
(141127, 0, 0, 141127)
(141110, 0, 0, 141110)
(141093, 0, 0, 141093)
(141076, 0, 0, 141076)
(141059, 0, 0, 141059)
(141042, 0, 0, 141042)
(141025, 0, 0, 141025)
(141022, 0, 0, 141022)
(141020, 0, 0, 141020)
(140997, 0, 0, 140997)
(140981, 0, 0, 140981)
(140962, 0, 0, 140962)
(140942, 0, 0, 140942)
(140930, 0, 0, 140930)
(140918, 0, 0, 140918)
(140894, 0, 0, 140894)
(140875, 0, 0, 140875)
(140859, 0, 0, 140859)
(140842, 0, 0, 140842)
(140825, 0, 0, 140825)
(140808, 0, 0, 140808)
(140791, 0, 0, 140791)
(140766, 0, 0, 140766)
(140752, 0, 0, 140752)
(140745, 0, 0, 140745)
(140728, 0, 0, 140728)
(140704, 0, 0, 140704)
(140687, 0, 0, 140687)
(140679, 0, 0, 140679)
(140655, 0, 0, 140655)
(140635, 0, 0, 140635)
(140622, 0, 0, 140622)
(140609, 0, 0, 140609)
(140599, 0, 0, 140599)
(140578, 0, 0, 140578)
(140552, 0, 0, 140552)
(140528, 0, 0, 140528)
(140504, 0, 0, 140504)
(140480, 0, 0, 140480)
(140456, 0, 0, 140456)
(140432, 0, 0, 140432)
(140408, 0, 0, 140408)
(140384, 0, 0, 140384)
(140360, 0, 0, 140360)
(140336, 0, 0, 140336)
(140325, 0, 0, 140325)
(140314, 0, 0, 140314)
(140303, 0, 0, 140303)
(140292, 0, 0, 140292)
(140281, 0, 0, 140281)
(140270, 0, 0, 140270)
(140259, 0, 0, 140259)
(140243, 0, 0, 140243)
(140222, 0, 0, 140222)
(140211, 0, 0, 140211)
(140204, 0, 0, 140204)
(140188, 0, 0, 140188)
(140166, 0, 0, 140166)
(140141, 0, 0, 140141)
(140116, 0, 0, 140116)
(140084, 0, 0, 140084)
(140071, 0, 0, 140071)
(140058, 0, 0, 140058)
(140045, 0, 0, 140045)
(140032, 0, 0, 140032)
(140008, 0, 0, 140008)
(139984, 0, 0, 139984)
(139960, 0, 0, 139960)
(139936, 0, 0, 139936)
(139914, 0, 0, 139914)
(139887, 0, 0, 139887)
(139878, 0, 0, 139878)
(139863, 0, 0, 139863)
(139848, 0, 0, 139848)
(139829, 0, 0, 139829)
(139810, 0, 0, 139810)
(139799, 0, 0, 139799)
(139788, 0, 0, 139788)
(139786, 0, 0, 139786)
(139770, 0, 0, 139770)
(139755, 0, 0, 139755)
(139750, 0, 0, 139750)
(139749, 0, 0, 139749)
(139748, 0, 0, 139748)
(139739, 0, 0, 139739)
(139724, 0, 0, 139724)
(139716, 0, 0, 139716)
(139707, 0, 0, 139707)
(139679, 0, 0, 139679)
(139669, 0, 0, 139669)
(139654, 0, 0, 139654)
(139641, 0, 0, 139641)
(139626, 0, 0, 139626)
(139616, 0, 0, 139616)
(139591, 0, 0, 139591)
(139566, 0, 0, 139566)
(139544, 0, 0, 139544)
(139522, 0, 0, 139522)
(139500, 0, 0, 139500)
(139487, 0, 0, 139487)
(139466, 0, 0, 139466)
(139445, 0, 0, 139445)
(139418, 0, 0, 139418)
(139408, 0, 0, 139408)
(139384, 0, 0, 139384)
(139371, 0, 0, 139371)
(139348, 0, 0, 139348)
(139327, 0, 0, 139327)
(139324, 0, 0, 139324)
(139314, 0, 0, 139314)
(139301, 0, 0, 139301)
(139287, 0, 0, 139287)
(139268, 0, 0, 139268)
(139247, 0, 0, 139247)
(139237, 0, 0, 139237)
(139222, 0, 0, 139222)
(139207, 0, 0, 139207)
(139192, 0, 0, 139192)
(139167, 0, 0, 139167)
(139142, 0, 0, 139142)
(139134, 0, 0, 139134)
(139121, 0, 0, 139121)
(139112, 0, 0, 139112)
(139102, 0, 0, 139102)
(139098, 0, 0, 139098)
(139094, 0, 0, 139094)
(139081, 0, 0, 139081)
(139066, 0, 0, 139066)
(139055, 0, 0, 139055)
(139034, 0, 0, 139034)
(139031, 0, 0, 139031)
(139014, 0, 0, 139014)
(138998, 0, 0, 138998)
(138981, 0, 0, 138981)
(138958, 0, 0, 138958)
(138934, 0, 0, 138934)
(138928, 0, 0, 138928)
(138917, 0, 0, 138917)
(138899, 0, 0, 138899)
(138881, 0, 0, 138881)
(138863, 0, 0, 138863)
(138845, 0, 0, 138845)
(138827, 0, 0, 138827)
(138809, 0, 0, 138809)
(138790, 0, 0, 138790)
(138771, 0, 0, 138771)
(138752, 0, 0, 138752)
(138733, 0, 0, 138733)
(138714, 0, 0, 138714)
(138710, 0, 0, 138710)
(138705, 0, 0, 138705)
(138685, 0, 0, 138685)
(138674, 0, 0, 138674)
(138665, 0, 0, 138665)
(138643, 0, 0, 138643)
(138637, 0, 0, 138637)
(138624, 0, 0, 138624)
(138610, 0, 0, 138610)
(138597, 0, 0, 138597)
(138591, 0, 0, 138591)
(138573, 0, 0, 138573)
(138567, 0, 0, 138567)
(138540, 0, 0, 138540)
(138517, 0, 0, 138517)
(138506, 0, 0, 138506)
(138499, 0, 0, 138499)
(138476, 0, 0, 138476)
(138456, 0, 0, 138456)
(138442, 0, 0, 138442)
(138428, 0, 0, 138428)
(138422, 0, 0, 138422)
(138404, 0, 0, 138404)
(138392, 0, 0, 138392)
(138373, 0, 0, 138373)
(138344, 0, 0, 138344)
(138327, 0, 0, 138327)
(138299, 0, 0, 138299)
(138271, 0, 0, 138271)
(138244, 0, 0, 138244)
(138234, 0, 0, 138234)
(138232, 0, 0, 138232)
(138219, 0, 0, 138219)
(138196, 0, 0, 138196)
(138165, 0, 0, 138165)
(138152, 0, 0, 138152)
(138133, 0, 0, 138133)
(138117, 0, 0, 138117)
(138087, 0, 0, 138087)
(138074, 0, 0, 138074)
(138046, 0, 0, 138046)
(138040, 0, 0, 138040)
(138031, 0, 0, 138031)
(138013, 0, 0, 138013)
(138004, 0, 0, 138004)
(137989, 0, 0, 137989)
(137979, 0, 0, 137979)
(137953, 0, 0, 137953)
(137935, 0, 0, 137935)
(137917, 0, 0, 137917)
(137898, 0, 0, 137898)
(137887, 0, 0, 137887)
(137885, 0, 0, 137885)
(137882, 0, 0, 137882)
(137867, 0, 0, 137867)
(137845, 0, 0, 137845)
(137840, 0, 0, 137840)
(137819, 0, 0, 137819)
(137804, 0, 0, 137804)
(137788, 0, 0, 137788)
(137767, 0, 0, 137767)
(137751, 0, 0, 137751)
(137742, 0, 0, 137742)
(137738, 0, 0, 137738)
(137721, 0, 0, 137721)
(137708, 0, 0, 137708)
(137693, 0, 0, 137693)
(137689, 0, 0, 137689)
(137672, 0, 0, 137672)
(137660, 0, 0, 137660)
(137650, 0, 0, 137650)
(137648, 0, 0, 137648)
(137637, 0, 0, 137637)
(137606, 0, 0, 137606)
(137574, 0, 0, 137574)
(137547, 0, 0, 137547)
(137528, 0, 0, 137528)
(137520, 0, 0, 137520)
(137506, 0, 0, 137506)
(137491, 0, 0, 137491)
(137479, 0, 0, 137479)
(137462, 0, 0, 137462)
(137445, 0, 0, 137445)
(137431, 0, 0, 137431)
(137415, 0, 0, 137415)
(137406, 0, 0, 137406)
(137397, 0, 0, 137397)
(137393, 0, 0, 137393)
(137391, 0, 0, 137391)
(137385, 0, 0, 137385)
(137361, 0, 0, 137361)
(137344, 0, 0, 137344)
(137326, 0, 0, 137326)
(137317, 0, 0, 137317)
(137308, 0, 0, 137308)
(137299, 0, 0, 137299)
(137271, 0, 0, 137271)
(137243, 0, 0, 137243)
(137215, 0, 0, 137215)
(137197, 0, 0, 137197)
(137175, 0, 0, 137175)
(137164, 0, 0, 137164)
(137155, 0, 0, 137155)
(137138, 0, 0, 137138)
(137129, 0, 0, 137129)
(137115, 0, 0, 137115)
(137093, 0, 0, 137093)
(137083, 0, 0, 137083)
(137069, 0, 0, 137069)
(137058, 0, 0, 137058)
(137039, 0, 0, 137039)
(137020, 0, 0, 137020)
(137009, 0, 0, 137009)
(137005, 0, 0, 137005)
(136995, 0, 0, 136995)
(136975, 0, 0, 136975)
(136955, 0, 0, 136955)
(136935, 0, 0, 136935)
(136915, 0, 0, 136915)
(136895, 0, 0, 136895)
(136875, 0, 0, 136875)
(136855, 0, 0, 136855)
(136841, 0, 0, 136841)
(136828, 0, 0, 136828)
(136819, 0, 0, 136819)
(136808, 0, 0, 136808)
(136785, 0, 0, 136785)
(136763, 0, 0, 136763)
(136741, 0, 0, 136741)
(136725, 0, 0, 136725)
(136708, 0, 0, 136708)
(136686, 0, 0, 136686)
(136664, 0, 0, 136664)
(136633, 0, 0, 136633)
(136602, 0, 0, 136602)
(136571, 0, 0, 136571)
(136563, 0, 0, 136563)
(136532, 0, 0, 136532)
(136503, 0, 0, 136503)
(136491, 0, 0, 136491)
(136480, 0, 0, 136480)
(136469, 0, 0, 136469)
(136461, 0, 0, 136461)
(136453, 0, 0, 136453)
(136445, 0, 0, 136445)
(136418, 0, 0, 136418)
(136403, 0, 0, 136403)
(136388, 0, 0, 136388)
(136372, 0, 0, 136372)
(136356, 0, 0, 136356)
(136347, 0, 0, 136347)
(136337, 0, 0, 136337)
(136320, 0, 0, 136320)
(136296, 0, 0, 136296)
(136287, 0, 0, 136287)
(136277, 0, 0, 136277)
(136256, 0, 0, 136256)
(136235, 0, 0, 136235)
(136214, 0, 0, 136214)
(136193, 0, 0, 136193)
(136180, 0, 0, 136180)
(136167, 0, 0, 136167)
(136154, 0, 0, 136154)
(136147, 0, 0, 136147)
(136126, 0, 0, 136126)
(136111, 0, 0, 136111)
(136094, 0, 0, 136094)
(136086, 0, 0, 136086)
(136066, 0, 0, 136066)
(136054, 0, 0, 136054)
(136031, 0, 0, 136031)
(136026, 0, 0, 136026)
(135999, 0, 0, 135999)
(135966, 0, 0, 135966)
(135949, 0, 0, 135949)
(135934, 0, 0, 135934)
(135914, 0, 0, 135914)
(135904, 0, 0, 135904)
(135891, 0, 0, 135891)
(135876, 0, 0, 135876)
(135860, 0, 0, 135860)
(135844, 0, 0, 135844)
(135841, 0, 0, 135841)
(135833, 0, 0, 135833)
(135821, 0, 0, 135821)
(135799, 0, 0, 135799)
(135790, 0, 0, 135790)
(135777, 0, 0, 135777)
(135767, 0, 0, 135767)
(135761, 0, 0, 135761)
(135745, 0, 0, 135745)
(135735, 0, 0, 135735)
(135720, 0, 0, 135720)
(135704, 0, 0, 135704)
(135682, 0, 0, 135682)
(135656, 0, 0, 135656)
(135646, 0, 0, 135646)
(135625, 0, 0, 135625)
(135620, 0, 0, 135620)
(135606, 0, 0, 135606)
(135592, 0, 0, 135592)
(135566, 0, 0, 135566)
(135561, 0, 0, 135561)
(135556, 0, 0, 135556)
(135531, 0, 0, 135531)
(135509, 0, 0, 135509)
(135504, 0, 0, 135504)
(135489, 0, 0, 135489)
(135467, 0, 0, 135467)
(135448, 0, 0, 135448)
(135425, 0, 0, 135425)
(135407, 0, 0, 135407)
(135404, 0, 0, 135404)
(135383, 0, 0, 135383)
(135363, 0, 0, 135363)
(135337, 0, 0, 135337)
(135333, 0, 0, 135333)
(135328, 0, 0, 135328)
