(175410, 0, 0, 175410)
(175389, 0, 0, 175389)
(175365, 0, 0, 175365)
(175359, 0, 0, 175359)
(175349, 0, 0, 175349)
(175344, 0, 0, 175344)
(175326, 0, 0, 175326)
(175311, 0, 0, 175311)
(175297, 0, 0, 175297)
(175287, 0, 0, 175287)
(175284, 0, 0, 175284)
(175281, 0, 0, 175281)
(175269, 0, 0, 175269)
(175256, 0, 0, 175256)
(175240, 0, 0, 175240)
(175220, 0, 0, 175220)
(175213, 0, 0, 175213)
(175187, 0, 0, 175187)
(175184, 0, 0, 175184)
(175165, 0, 0, 175165)
(175150, 0, 0, 175150)
(175141, 0, 0, 175141)
(175131, 0, 0, 175131)
(175119, 0, 0, 175119)
(175100, 0, 0, 175100)
(175081, 0, 0, 175081)
(175071, 0, 0, 175071)
(175059, 0, 0, 175059)
(175056, 0, 0, 175056)
(175048, 0, 0, 175048)
(175040, 0, 0, 175040)
(175013, 0, 0, 175013)
(174984, 0, 0, 174984)
(174972, 0, 0, 174972)
(174946, 0, 0, 174946)
(174925, 0, 0, 174925)
(174903, 0, 0, 174903)
(174888, 0, 0, 174888)
(174879, 0, 0, 174879)
(174863, 0, 0, 174863)
(174850, 0, 0, 174850)
(174829, 0, 0, 174829)
(174808, 0, 0, 174808)
(174787, 0, 0, 174787)
(174766, 0, 0, 174766)
(174745, 0, 0, 174745)
(174735, 0, 0, 174735)
(174725, 0, 0, 174725)
(174715, 0, 0, 174715)
(174705, 0, 0, 174705)
(174691, 0, 0, 174691)
(174664, 0, 0, 174664)
(174655, 0, 0, 174655)
(174635, 0, 0, 174635)
(174611, 0, 0, 174611)
(174591, 0, 0, 174591)
(174576, 0, 0, 174576)
(174546, 0, 0, 174546)
(174545, 0, 0, 174545)
(174518, 0, 0, 174518)
(174510, 0, 0, 174510)
(174486, 0, 0, 174486)
(174478, 0, 0, 174478)
(174470, 0, 0, 174470)
(174465, 0, 0, 174465)
(174436, 0, 0, 174436)
(174425, 0, 0, 174425)
(174397, 0, 0, 174397)
(174374, 0, 0, 174374)
(174349, 0, 0, 174349)
(174323, 0, 0, 174323)
(174297, 0, 0, 174297)
(174295, 0, 0, 174295)
(174275, 0, 0, 174275)
(174259, 0, 0, 174259)
(174239, 0, 0, 174239)
(174229, 0, 0, 174229)
(174216, 0, 0, 174216)
(174215, 0, 0, 174215)
(174214, 0, 0, 174214)
(174209, 0, 0, 174209)
(174197, 0, 0, 174197)
(174196, 0, 0, 174196)
(174195, 0, 0, 174195)
(174194, 0, 0, 174194)
(174178, 0, 0, 174178)
(174168, 0, 0, 174168)
(174147, 0, 0, 174147)
(174122, 0, 0, 174122)
(174093, 0, 0, 174093)
(174089, 0, 0, 174089)
(174087, 0, 0, 174087)
(174085, 0, 0, 174085)
(174067, 0, 0, 174067)
(174049, 0, 0, 174049)
(174031, 0, 0, 174031)
(174014, 0, 0, 174014)
(173995, 0, 0, 173995)
(173972, 0, 0, 173972)
(173967, 0, 0, 173967)
(173953, 0, 0, 173953)
(173930, 0, 0, 173930)
(173904, 0, 0, 173904)
(173880, 0, 0, 173880)
(173863, 0, 0, 173863)
(173846, 0, 0, 173846)
(173832, 0, 0, 173832)
(173826, 0, 0, 173826)
(173804, 0, 0, 173804)
(173786, 0, 0, 173786)
(173785, 0, 0, 173785)
(173768, 0, 0, 173768)
(173748, 0, 0, 173748)
(173724, 0, 0, 173724)
(173696, 0, 0, 173696)
(173679, 0, 0, 173679)
(173658, 0, 0, 173658)
(173649, 0, 0, 173649)
(173635, 0, 0, 173635)
(173621, 0, 0, 173621)
(173592, 0, 0, 173592)
(173563, 0, 0, 173563)
(173534, 0, 0, 173534)
(173521, 0, 0, 173521)
(173508, 0, 0, 173508)
(173495, 0, 0, 173495)
(173480, 0, 0, 173480)
(173460, 0, 0, 173460)
(173453, 0, 0, 173453)
(173433, 0, 0, 173433)
(173418, 0, 0, 173418)
(173402, 0, 0, 173402)
(173395, 0, 0, 173395)
(173394, 0, 0, 173394)
(173382, 0, 0, 173382)
(173370, 0, 0, 173370)
(173355, 0, 0, 173355)
(173340, 0, 0, 173340)
(173325, 0, 0, 173325)
(173310, 0, 0, 173310)
(173289, 0, 0, 173289)
(173272, 0, 0, 173272)
(173249, 0, 0, 173249)
(173246, 0, 0, 173246)
(173242, 0, 0, 173242)
(173229, 0, 0, 173229)
(173215, 0, 0, 173215)
(173191, 0, 0, 173191)
(173190, 0, 0, 173190)
(173166, 0, 0, 173166)
(173149, 0, 0, 173149)
(173140, 0, 0, 173140)
(173117, 0, 0, 173117)
(173094, 0, 0, 173094)
(173072, 0, 0, 173072)
(173055, 0, 0, 173055)
(173053, 0, 0, 173053)
(173047, 0, 0, 173047)
(173030, 0, 0, 173030)
(173020, 0, 0, 173020)
(173013, 0, 0, 173013)
(173004, 0, 0, 173004)
(172987, 0, 0, 172987)
(172954, 0, 0, 172954)
(172941, 0, 0, 172941)
(172918, 0, 0, 172918)
(172910, 0, 0, 172910)
(172895, 0, 0, 172895)
(172880, 0, 0, 172880)
(172865, 0, 0, 172865)
(172850, 0, 0, 172850)
(172834, 0, 0, 172834)
(172826, 0, 0, 172826)
(172818, 0, 0, 172818)
(172810, 0, 0, 172810)
(172802, 0, 0, 172802)
(172792, 0, 0, 172792)
(172764, 0, 0, 172764)
(172752, 0, 0, 172752)
(172740, 0, 0, 172740)
(172731, 0, 0, 172731)
(172706, 0, 0, 172706)
(172693, 0, 0, 172693)
(172670, 0, 0, 172670)
(172647, 0, 0, 172647)
(172628, 0, 0, 172628)
(172605, 0, 0, 172605)
(172597, 0, 0, 172597)
(172568, 0, 0, 172568)
(172545, 0, 0, 172545)
(172525, 0, 0, 172525)
(172517, 0, 0, 172517)
(172509, 0, 0, 172509)
(172501, 0, 0, 172501)
(172493, 0, 0, 172493)
(172474, 0, 0, 172474)
(172455, 0, 0, 172455)
(172440, 0, 0, 172440)
(172432, 0, 0, 172432)
(172424, 0, 0, 172424)
(172414, 0, 0, 172414)
(172397, 0, 0, 172397)
(172386, 0, 0, 172386)
(172376, 0, 0, 172376)
(172369, 0, 0, 172369)
(172365, 0, 0, 172365)
(172361, 0, 0, 172361)
(172327, 0, 0, 172327)
(172306, 0, 0, 172306)
(172298, 0, 0, 172298)
(172293, 0, 0, 172293)
(172271, 0, 0, 172271)
(172260, 0, 0, 172260)
(172255, 0, 0, 172255)
(172225, 0, 0, 172225)
(172196, 0, 0, 172196)
(172189, 0, 0, 172189)
(172171, 0, 0, 172171)
(172161, 0, 0, 172161)
(172142, 0, 0, 172142)
(172123, 0, 0, 172123)
(172111, 0, 0, 172111)
(172099, 0, 0, 172099)
(172087, 0, 0, 172087)
(172075, 0, 0, 172075)
(172073, 0, 0, 172073)
(172071, 0, 0, 172071)
(172054, 0, 0, 172054)
(172044, 0, 0, 172044)
(172028, 0, 0, 172028)
(172017, 0, 0, 172017)
(172000, 0, 0, 172000)
(171976, 0, 0, 171976)
(171966, 0, 0, 171966)
(171960, 0, 0, 171960)
(171950, 0, 0, 171950)
(171933, 0, 0, 171933)
(171928, 0, 0, 171928)
(171907, 0, 0, 171907)
(171889, 0, 0, 171889)
(171867, 0, 0, 171867)
(171848, 0, 0, 171848)
(171835, 0, 0, 171835)
(171819, 0, 0, 171819)
(171807, 0, 0, 171807)
(171790, 0, 0, 171790)
(171773, 0, 0, 171773)
(171756, 0, 0, 171756)
(171747, 0, 0, 171747)
(171717, 0, 0, 171717)
(171687, 0, 0, 171687)
(171657, 0, 0, 171657)
(171630, 0, 0, 171630)
(171609, 0, 0, 171609)
(171588, 0, 0, 171588)
(171571, 0, 0, 171571)
(171554, 0, 0, 171554)
(171553, 0, 0, 171553)
(171552, 0, 0, 171552)
(171529, 0, 0, 171529)
(171506, 0, 0, 171506)
(171483, 0, 0, 171483)
(171460, 0, 0, 171460)
(171437, 0, 0, 171437)
(171414, 0, 0, 171414)
(171391, 0, 0, 171391)
(171368, 0, 0, 171368)
(171345, 0, 0, 171345)
(171322, 0, 0, 171322)
(171299, 0, 0, 171299)
(171276, 0, 0, 171276)
(171253, 0, 0, 171253)
(171225, 0, 0, 171225)
(171197, 0, 0, 171197)
(171169, 0, 0, 171169)
(171141, 0, 0, 171141)
(171113, 0, 0, 171113)
(171085, 0, 0, 171085)
(171057, 0, 0, 171057)
(171029, 0, 0, 171029)
(171001, 0, 0, 171001)
(170973, 0, 0, 170973)
(170945, 0, 0, 170945)
(170928, 0, 0, 170928)
(170916, 0, 0, 170916)
(170904, 0, 0, 170904)
(170892, 0, 0, 170892)
(170880, 0, 0, 170880)
(170868, 0, 0, 170868)
(170856, 0, 0, 170856)
(170844, 0, 0, 170844)
(170832, 0, 0, 170832)
(170820, 0, 0, 170820)
(170808, 0, 0, 170808)
(170795, 0, 0, 170795)
(170782, 0, 0, 170782)
(170769, 0, 0, 170769)
(170756, 0, 0, 170756)
(170743, 0, 0, 170743)
(170730, 0, 0, 170730)
(170717, 0, 0, 170717)
(170704, 0, 0, 170704)
(170691, 0, 0, 170691)
(170678, 0, 0, 170678)
(170664, 0, 0, 170664)
(170662, 0, 0, 170662)
(170660, 0, 0, 170660)
(170648, 0, 0, 170648)
(170636, 0, 0, 170636)
(170624, 0, 0, 170624)
(170617, 0, 0, 170617)
(170610, 0, 0, 170610)
(170603, 0, 0, 170603)
(170587, 0, 0, 170587)
(170571, 0, 0, 170571)
(170554, 0, 0, 170554)
(170529, 0, 0, 170529)
(170507, 0, 0, 170507)
(170488, 0, 0, 170488)
(170481, 0, 0, 170481)
(170474, 0, 0, 170474)
(170471, 0, 0, 170471)
(170468, 0, 0, 170468)
(170465, 0, 0, 170465)
(170450, 0, 0, 170450)
(170439, 0, 0, 170439)
(170431, 0, 0, 170431)
(170423, 0, 0, 170423)
(170410, 0, 0, 170410)
(170387, 0, 0, 170387)
(170356, 0, 0, 170356)
(170331, 0, 0, 170331)
(170303, 0, 0, 170303)
(170292, 0, 0, 170292)
(170280, 0, 0, 170280)
(170248, 0, 0, 170248)
(170230, 0, 0, 170230)
(170220, 0, 0, 170220)
(170208, 0, 0, 170208)
(170196, 0, 0, 170196)
(170172, 0, 0, 170172)
(170148, 0, 0, 170148)
(170139, 0, 0, 170139)
(170130, 0, 0, 170130)
(170120, 0, 0, 170120)
(170110, 0, 0, 170110)
(170100, 0, 0, 170100)
(170085, 0, 0, 170085)
(170074, 0, 0, 170074)
(170044, 0, 0, 170044)
(170031, 0, 0, 170031)
(170016, 0, 0, 170016)
(169997, 0, 0, 169997)
(169990, 0, 0, 169990)
(169983, 0, 0, 169983)
(169973, 0, 0, 169973)
(169966, 0, 0, 169966)
(169959, 0, 0, 169959)
(169953, 0, 0, 169953)
(169929, 0, 0, 169929)
(169924, 0, 0, 169924)
(169920, 0, 0, 169920)
(169899, 0, 0, 169899)
(169878, 0, 0, 169878)
(169856, 0, 0, 169856)
(169843, 0, 0, 169843)
(169820, 0, 0, 169820)
(169802, 0, 0, 169802)
(169784, 0, 0, 169784)
(169756, 0, 0, 169756)
(169749, 0, 0, 169749)
(169742, 0, 0, 169742)
(169719, 0, 0, 169719)
(169696, 0, 0, 169696)
(169684, 0, 0, 169684)
(169667, 0, 0, 169667)
(169649, 0, 0, 169649)
(169630, 0, 0, 169630)
(169609, 0, 0, 169609)
(169588, 0, 0, 169588)
(169567, 0, 0, 169567)
(169546, 0, 0, 169546)
(169525, 0, 0, 169525)
(169504, 0, 0, 169504)
(169483, 0, 0, 169483)
(169462, 0, 0, 169462)
(169441, 0, 0, 169441)
(169420, 0, 0, 169420)
(169401, 0, 0, 169401)
(169382, 0, 0, 169382)
(169363, 0, 0, 169363)
(169344, 0, 0, 169344)
(169325, 0, 0, 169325)
(169306, 0, 0, 169306)
(169287, 0, 0, 169287)
(169268, 0, 0, 169268)
(169249, 0, 0, 169249)
(169236, 0, 0, 169236)
(169232, 0, 0, 169232)
(169228, 0, 0, 169228)
(169225, 0, 0, 169225)
(169222, 0, 0, 169222)
(169212, 0, 0, 169212)
(169185, 0, 0, 169185)
(169163, 0, 0, 169163)
(169149, 0, 0, 169149)
(169135, 0, 0, 169135)
(169121, 0, 0, 169121)
(169107, 0, 0, 169107)
(169067, 0, 0, 169067)
(169027, 0, 0, 169027)
(168996, 0, 0, 168996)
(168986, 0, 0, 168986)
(168976, 0, 0, 168976)
(168960, 0, 0, 168960)
(168944, 0, 0, 168944)
(168928, 0, 0, 168928)
(168912, 0, 0, 168912)
(168877, 0, 0, 168877)
(168843, 0, 0, 168843)
(168825, 0, 0, 168825)
(168809, 0, 0, 168809)
(168777, 0, 0, 168777)
(168768, 0, 0, 168768)
(168734, 0, 0, 168734)
(168727, 0, 0, 168727)
(168718, 0, 0, 168718)
(168691, 0, 0, 168691)
(168664, 0, 0, 168664)
(168637, 0, 0, 168637)
(168610, 0, 0, 168610)
(168583, 0, 0, 168583)
(168556, 0, 0, 168556)
(168545, 0, 0, 168545)
(168534, 0, 0, 168534)
(168518, 0, 0, 168518)
(168498, 0, 0, 168498)
(168487, 0, 0, 168487)
(168476, 0, 0, 168476)
(168465, 0, 0, 168465)
(168452, 0, 0, 168452)
(168434, 0, 0, 168434)
(168433, 0, 0, 168433)
(168410, 0, 0, 168410)
(168387, 0, 0, 168387)
(168364, 0, 0, 168364)
(168342, 0, 0, 168342)
(168318, 0, 0, 168318)
(168294, 0, 0, 168294)
(168270, 0, 0, 168270)
(168246, 0, 0, 168246)
(168222, 0, 0, 168222)
(168198, 0, 0, 168198)
(168174, 0, 0, 168174)
(168150, 0, 0, 168150)
(168127, 0, 0, 168127)
(168104, 0, 0, 168104)
(168081, 0, 0, 168081)
(168058, 0, 0, 168058)
(168035, 0, 0, 168035)
(168012, 0, 0, 168012)
(167989, 0, 0, 167989)
(167966, 0, 0, 167966)
(167939, 0, 0, 167939)
(167909, 0, 0, 167909)
(167887, 0, 0, 167887)
(167857, 0, 0, 167857)
(167853, 0, 0, 167853)
(167828, 0, 0, 167828)
(167803, 0, 0, 167803)
(167778, 0, 0, 167778)
(167762, 0, 0, 167762)
(167748, 0, 0, 167748)
(167731, 0, 0, 167731)
(167712, 0, 0, 167712)
(167702, 0, 0, 167702)
(167680, 0, 0, 167680)
(167666, 0, 0, 167666)
(167653, 0, 0, 167653)
(167644, 0, 0, 167644)
(167617, 0, 0, 167617)
(167590, 0, 0, 167590)
(167563, 0, 0, 167563)
(167536, 0, 0, 167536)
(167509, 0, 0, 167509)
(167492, 0, 0, 167492)
(167475, 0, 0, 167475)
(167458, 0, 0, 167458)
(167441, 0, 0, 167441)
(167424, 0, 0, 167424)
(167407, 0, 0, 167407)
(167384, 0, 0, 167384)
(167373, 0, 0, 167373)
(167364, 0, 0, 167364)
(167350, 0, 0, 167350)
(167331, 0, 0, 167331)
(167325, 0, 0, 167325)
(167319, 0, 0, 167319)
(167311, 0, 0, 167311)
(167296, 0, 0, 167296)
(167281, 0, 0, 167281)
(167266, 0, 0, 167266)
(167247, 0, 0, 167247)
(167225, 0, 0, 167225)
(167223, 0, 0, 167223)
(167215, 0, 0, 167215)
(167201, 0, 0, 167201)
(167187, 0, 0, 167187)
(167176, 0, 0, 167176)
(167165, 0, 0, 167165)
(167154, 0, 0, 167154)
(167143, 0, 0, 167143)
(167139, 0, 0, 167139)
(167135, 0, 0, 167135)
(167124, 0, 0, 167124)
(167101, 0, 0, 167101)
(167089, 0, 0, 167089)
(167081, 0, 0, 167081)
(167073, 0, 0, 167073)
(167065, 0, 0, 167065)
(167056, 0, 0, 167056)
(167047, 0, 0, 167047)
(167038, 0, 0, 167038)
(167020, 0, 0, 167020)
(167002, 0, 0, 167002)
(166986, 0, 0, 166986)
(166970, 0, 0, 166970)
(166947, 0, 0, 166947)
(166924, 0, 0, 166924)
(166907, 0, 0, 166907)
(166890, 0, 0, 166890)
(166873, 0, 0, 166873)
(166856, 0, 0, 166856)
(166839, 0, 0, 166839)
(166822, 0, 0, 166822)
(166805, 0, 0, 166805)
(166788, 0, 0, 166788)
(166777, 0, 0, 166777)
(166766, 0, 0, 166766)
(166755, 0, 0, 166755)
(166744, 0, 0, 166744)
(166733, 0, 0, 166733)
(166722, 0, 0, 166722)
(166711, 0, 0, 166711)
(166700, 0, 0, 166700)
(166699, 0, 0, 166699)
(166698, 0, 0, 166698)
(166697, 0, 0, 166697)
(166685, 0, 0, 166685)
(166673, 0, 0, 166673)
(166655, 0, 0, 166655)
(166637, 0, 0, 166637)
(166612, 0, 0, 166612)
(166593, 0, 0, 166593)
(166590, 0, 0, 166590)
(166574, 0, 0, 166574)
(166561, 0, 0, 166561)
(166548, 0, 0, 166548)
(166534, 0, 0, 166534)
(166509, 0, 0, 166509)
(166498, 0, 0, 166498)
(166487, 0, 0, 166487)
(166476, 0, 0, 166476)
(166465, 0, 0, 166465)
(166454, 0, 0, 166454)
(166434, 0, 0, 166434)
(166414, 0, 0, 166414)
(166394, 0, 0, 166394)
(166374, 0, 0, 166374)
(166363, 0, 0, 166363)
(166354, 0, 0, 166354)
(166342, 0, 0, 166342)
(166330, 0, 0, 166330)
(166318, 0, 0, 166318)
(166306, 0, 0, 166306)
(166294, 0, 0, 166294)
(166282, 0, 0, 166282)
(166270, 0, 0, 166270)
(166258, 0, 0, 166258)
(166246, 0, 0, 166246)
(166234, 0, 0, 166234)
(166229, 0, 0, 166229)
(166224, 0, 0, 166224)
(166219, 0, 0, 166219)
(166214, 0, 0, 166214)
(166209, 0, 0, 166209)
(166204, 0, 0, 166204)
(166199, 0, 0, 166199)
(166194, 0, 0, 166194)
(166189, 0, 0, 166189)
(166184, 0, 0, 166184)
(166179, 0, 0, 166179)
(166140, 0, 0, 166140)
(166123, 0, 0, 166123)
(166113, 0, 0, 166113)
(166091, 0, 0, 166091)
(166070, 0, 0, 166070)
(166049, 0, 0, 166049)
(166027, 0, 0, 166027)
(166005, 0, 0, 166005)
(165985, 0, 0, 165985)
(165978, 0, 0, 165978)
(165958, 0, 0, 165958)
(165937, 0, 0, 165937)
(165926, 0, 0, 165926)
(165909, 0, 0, 165909)
(165896, 0, 0, 165896)
(165881, 0, 0, 165881)
(165852, 0, 0, 165852)
(165823, 0, 0, 165823)
(165794, 0, 0, 165794)
(165765, 0, 0, 165765)
(165759, 0, 0, 165759)
(165753, 0, 0, 165753)
(165747, 0, 0, 165747)
(165740, 0, 0, 165740)
(165731, 0, 0, 165731)
(165722, 0, 0, 165722)
(165713, 0, 0, 165713)
(165704, 0, 0, 165704)
(165695, 0, 0, 165695)
(165686, 0, 0, 165686)
(165677, 0, 0, 165677)
(165668, 0, 0, 165668)
(165659, 0, 0, 165659)
(165650, 0, 0, 165650)
(165641, 0, 0, 165641)
(165632, 0, 0, 165632)
(165623, 0, 0, 165623)
(165614, 0, 0, 165614)
(165588, 0, 0, 165588)
(165579, 0, 0, 165579)
(165568, 0, 0, 165568)
(165564, 0, 0, 165564)
(165552, 0, 0, 165552)
(165538, 0, 0, 165538)
(165535, 0, 0, 165535)
(165523, 0, 0, 165523)
(165511, 0, 0, 165511)
(165499, 0, 0, 165499)
(165487, 0, 0, 165487)
(165475, 0, 0, 165475)
(165463, 0, 0, 165463)
(165451, 0, 0, 165451)
(165429, 0, 0, 165429)
(165407, 0, 0, 165407)
(165385, 0, 0, 165385)
(165363, 0, 0, 165363)
(165341, 0, 0, 165341)
(165321, 0, 0, 165321)
(165311, 0, 0, 165311)
(165301, 0, 0, 165301)
(165283, 0, 0, 165283)
(165265, 0, 0, 165265)
(165247, 0, 0, 165247)
(165229, 0, 0, 165229)
(165200, 0, 0, 165200)
(165171, 0, 0, 165171)
(165163, 0, 0, 165163)
(165144, 0, 0, 165144)
(165125, 0, 0, 165125)
(165100, 0, 0, 165100)
(165075, 0, 0, 165075)
(165055, 0, 0, 165055)
(165035, 0, 0, 165035)
(165015, 0, 0, 165015)
(164995, 0, 0, 164995)
(164978, 0, 0, 164978)
(164957, 0, 0, 164957)
(164942, 0, 0, 164942)
(164934, 0, 0, 164934)
(164915, 0, 0, 164915)
(164898, 0, 0, 164898)
(164877, 0, 0, 164877)
(164857, 0, 0, 164857)
(164844, 0, 0, 164844)
(164828, 0, 0, 164828)
(164819, 0, 0, 164819)
(164799, 0, 0, 164799)
(164791, 0, 0, 164791)
(164783, 0, 0, 164783)
(164764, 0, 0, 164764)
(164757, 0, 0, 164757)
(164746, 0, 0, 164746)
(164715, 0, 0, 164715)
(164704, 0, 0, 164704)
(164693, 0, 0, 164693)
(164682, 0, 0, 164682)
(164669, 0, 0, 164669)
(164658, 0, 0, 164658)
(164635, 0, 0, 164635)
(164622, 0, 0, 164622)
(164608, 0, 0, 164608)
(164604, 0, 0, 164604)
(164575, 0, 0, 164575)
(164555, 0, 0, 164555)
(164543, 0, 0, 164543)
(164527, 0, 0, 164527)
(164512, 0, 0, 164512)
(164495, 0, 0, 164495)
(164482, 0, 0, 164482)
(164473, 0, 0, 164473)
(164464, 0, 0, 164464)
(164449, 0, 0, 164449)
(164434, 0, 0, 164434)
(164433, 0, 0, 164433)
(164408, 0, 0, 164408)
(164388, 0, 0, 164388)
(164370, 0, 0, 164370)
(164362, 0, 0, 164362)
(164357, 0, 0, 164357)
(164344, 0, 0, 164344)
(164334, 0, 0, 164334)
(164317, 0, 0, 164317)
(164299, 0, 0, 164299)
(164281, 0, 0, 164281)
