(98729, 0, 0, 98729)
(98717, 0, 0, 98717)
(98713, 0, 0, 98713)
(98695, 0, 0, 98695)
(98691, 0, 0, 98691)
(98687, 0, 0, 98687)
(98683, 0, 0, 98683)
(98682, 0, 0, 98682)
(98681, 0, 0, 98681)
(98680, 0, 0, 98680)
(98672, 0, 0, 98672)
(98659, 0, 0, 98659)
(98646, 0, 0, 98646)
(98628, 0, 0, 98628)
(98616, 0, 0, 98616)
(98594, 0, 0, 98594)
(98577, 0, 0, 98577)
(98560, 0, 0, 98560)
(98543, 0, 0, 98543)
(98513, 0, 0, 98513)
(98498, 0, 0, 98498)
(98481, 0, 0, 98481)
(98468, 0, 0, 98468)
(98462, 0, 0, 98462)
(98441, 0, 0, 98441)
(98439, 0, 0, 98439)
(98422, 0, 0, 98422)
(98420, 0, 0, 98420)
(98419, 0, 0, 98419)
(98418, 0, 0, 98418)
(98397, 0, 0, 98397)
(98389, 0, 0, 98389)
(98380, 0, 0, 98380)
(98370, 0, 0, 98370)
(98362, 0, 0, 98362)
(98353, 0, 0, 98353)
(98329, 0, 0, 98329)
(98322, 0, 0, 98322)
(98301, 0, 0, 98301)
(98277, 0, 0, 98277)
(98276, 0, 0, 98276)
(98263, 0, 0, 98263)
(98248, 0, 0, 98248)
(98245, 0, 0, 98245)
(98231, 0, 0, 98231)
(98224, 0, 0, 98224)
(98197, 0, 0, 98197)
(98193, 0, 0, 98193)
(98189, 0, 0, 98189)
(98175, 0, 0, 98175)
(98170, 0, 0, 98170)
(98150, 0, 0, 98150)
(98138, 0, 0, 98138)
(98135, 0, 0, 98135)
(98112, 0, 0, 98112)
(98104, 0, 0, 98104)
(98101, 0, 0, 98101)
(98098, 0, 0, 98098)
(98091, 0, 0, 98091)
(98070, 0, 0, 98070)
(98053, 0, 0, 98053)
(98040, 0, 0, 98040)
(98027, 0, 0, 98027)
(98026, 0, 0, 98026)
(98008, 0, 0, 98008)
(98005, 0, 0, 98005)
(97981, 0, 0, 97981)
(97965, 0, 0, 97965)
(97957, 0, 0, 97957)
(97946, 0, 0, 97946)
(97932, 0, 0, 97932)
(97915, 0, 0, 97915)
(97889, 0, 0, 97889)
(97883, 0, 0, 97883)
(97877, 0, 0, 97877)
(97868, 0, 0, 97868)
(97867, 0, 0, 97867)
(97863, 0, 0, 97863)
(97850, 0, 0, 97850)
(97846, 0, 0, 97846)
(97829, 0, 0, 97829)
(97828, 0, 0, 97828)
(97827, 0, 0, 97827)
(97826, 0, 0, 97826)
(97825, 0, 0, 97825)
(97806, 0, 0, 97806)
(97787, 0, 0, 97787)
(97768, 0, 0, 97768)
(97750, 0, 0, 97750)
(97748, 0, 0, 97748)
(97734, 0, 0, 97734)
(97718, 0, 0, 97718)
(97693, 0, 0, 97693)
(97680, 0, 0, 97680)
(97670, 0, 0, 97670)
(97652, 0, 0, 97652)
(97637, 0, 0, 97637)
(97624, 0, 0, 97624)
(97607, 0, 0, 97607)
(97580, 0, 0, 97580)
(97571, 0, 0, 97571)
(97551, 0, 0, 97551)
(97541, 0, 0, 97541)
(97523, 0, 0, 97523)
(97522, 0, 0, 97522)
(97521, 0, 0, 97521)
(97510, 0, 0, 97510)
(97509, 0, 0, 97509)
(97502, 0, 0, 97502)
(97480, 0, 0, 97480)
(97457, 0, 0, 97457)
(97444, 0, 0, 97444)
(97423, 0, 0, 97423)
(97408, 0, 0, 97408)
(97392, 0, 0, 97392)
(97385, 0, 0, 97385)
(97363, 0, 0, 97363)
(97346, 0, 0, 97346)
(97329, 0, 0, 97329)
(97323, 0, 0, 97323)
(97304, 0, 0, 97304)
(97300, 0, 0, 97300)
(97289, 0, 0, 97289)
(97280, 0, 0, 97280)
(97262, 0, 0, 97262)
(97253, 0, 0, 97253)
(97246, 0, 0, 97246)
(97233, 0, 0, 97233)
(97229, 0, 0, 97229)
(97212, 0, 0, 97212)
(97207, 0, 0, 97207)
(97186, 0, 0, 97186)
(97160, 0, 0, 97160)
(97129, 0, 0, 97129)
(97110, 0, 0, 97110)
(97092, 0, 0, 97092)
(97073, 0, 0, 97073)
(97057, 0, 0, 97057)
(97039, 0, 0, 97039)
(97028, 0, 0, 97028)
(97012, 0, 0, 97012)
(97006, 0, 0, 97006)
(96987, 0, 0, 96987)
(96959, 0, 0, 96959)
(96934, 0, 0, 96934)
(96924, 0, 0, 96924)
(96914, 0, 0, 96914)
(96904, 0, 0, 96904)
(96896, 0, 0, 96896)
(96888, 0, 0, 96888)
(96880, 0, 0, 96880)
(96872, 0, 0, 96872)
(96868, 0, 0, 96868)
(96849, 0, 0, 96849)
(96829, 0, 0, 96829)
(96810, 0, 0, 96810)
(96806, 0, 0, 96806)
(96797, 0, 0, 96797)
(96796, 0, 0, 96796)
(96787, 0, 0, 96787)
(96765, 0, 0, 96765)
(96743, 0, 0, 96743)
(96734, 0, 0, 96734)
(96733, 0, 0, 96733)
(96732, 0, 0, 96732)
(96731, 0, 0, 96731)
(96729, 0, 0, 96729)
(96727, 0, 0, 96727)
(96725, 0, 0, 96725)
(96723, 0, 0, 96723)
(96713, 0, 0, 96713)
(96707, 0, 0, 96707)
(96686, 0, 0, 96686)
(96663, 0, 0, 96663)
(96654, 0, 0, 96654)
(96645, 0, 0, 96645)
(96619, 0, 0, 96619)
(96596, 0, 0, 96596)
(96581, 0, 0, 96581)
(96577, 0, 0, 96577)
(96566, 0, 0, 96566)
(96556, 0, 0, 96556)
(96530, 0, 0, 96530)
(96515, 0, 0, 96515)
(96498, 0, 0, 96498)
(96489, 0, 0, 96489)
(96474, 0, 0, 96474)
(96459, 0, 0, 96459)
(96440, 0, 0, 96440)
(96430, 0, 0, 96430)
(96420, 0, 0, 96420)
(96418, 0, 0, 96418)
(96416, 0, 0, 96416)
(96382, 0, 0, 96382)
(96361, 0, 0, 96361)
(96340, 0, 0, 96340)
(96324, 0, 0, 96324)
(96308, 0, 0, 96308)
(96307, 0, 0, 96307)
(96305, 0, 0, 96305)
(96293, 0, 0, 96293)
(96289, 0, 0, 96289)
(96285, 0, 0, 96285)
(96265, 0, 0, 96265)
(96255, 0, 0, 96255)
(96245, 0, 0, 96245)
(96229, 0, 0, 96229)
(96217, 0, 0, 96217)
(96209, 0, 0, 96209)
(96194, 0, 0, 96194)
(96190, 0, 0, 96190)
(96179, 0, 0, 96179)
(96173, 0, 0, 96173)
(96170, 0, 0, 96170)
(96169, 0, 0, 96169)
(96163, 0, 0, 96163)
(96144, 0, 0, 96144)
(96127, 0, 0, 96127)
(96114, 0, 0, 96114)
(96105, 0, 0, 96105)
(96099, 0, 0, 96099)
(96084, 0, 0, 96084)
(96064, 0, 0, 96064)
(96052, 0, 0, 96052)
(96036, 0, 0, 96036)
(96028, 0, 0, 96028)
(96020, 0, 0, 96020)
(96019, 0, 0, 96019)
(96005, 0, 0, 96005)
(95991, 0, 0, 95991)
(95986, 0, 0, 95986)
(95985, 0, 0, 95985)
(95979, 0, 0, 95979)
(95950, 0, 0, 95950)
(95942, 0, 0, 95942)
(95926, 0, 0, 95926)
(95925, 0, 0, 95925)
(95898, 0, 0, 95898)
(95895, 0, 0, 95895)
(95892, 0, 0, 95892)
(95889, 0, 0, 95889)
(95886, 0, 0, 95886)
(95883, 0, 0, 95883)
(95880, 0, 0, 95880)
(95874, 0, 0, 95874)
(95868, 0, 0, 95868)
(95862, 0, 0, 95862)
(95856, 0, 0, 95856)
(95853, 0, 0, 95853)
(95843, 0, 0, 95843)
(95826, 0, 0, 95826)
(95808, 0, 0, 95808)
(95801, 0, 0, 95801)
(95790, 0, 0, 95790)
(95774, 0, 0, 95774)
(95758, 0, 0, 95758)
(95742, 0, 0, 95742)
(95725, 0, 0, 95725)
(95708, 0, 0, 95708)
(95691, 0, 0, 95691)
(95675, 0, 0, 95675)
(95659, 0, 0, 95659)
(95638, 0, 0, 95638)
(95617, 0, 0, 95617)
(95601, 0, 0, 95601)
(95585, 0, 0, 95585)
(95580, 0, 0, 95580)
(95575, 0, 0, 95575)
(95566, 0, 0, 95566)
(95565, 0, 0, 95565)
(95546, 0, 0, 95546)
(95533, 0, 0, 95533)
(95527, 0, 0, 95527)
(95513, 0, 0, 95513)
(95496, 0, 0, 95496)
(95485, 0, 0, 95485)
(95472, 0, 0, 95472)
(95461, 0, 0, 95461)
(95444, 0, 0, 95444)
(95415, 0, 0, 95415)
(95400, 0, 0, 95400)
(95374, 0, 0, 95374)
(95349, 0, 0, 95349)
(95336, 0, 0, 95336)
(95325, 0, 0, 95325)
(95312, 0, 0, 95312)
(95300, 0, 0, 95300)
(95292, 0, 0, 95292)
(95284, 0, 0, 95284)
(95276, 0, 0, 95276)
(95255, 0, 0, 95255)
(95251, 0, 0, 95251)
(95247, 0, 0, 95247)
(95243, 0, 0, 95243)
(95226, 0, 0, 95226)
(95209, 0, 0, 95209)
(95190, 0, 0, 95190)
(95179, 0, 0, 95179)
(95167, 0, 0, 95167)
(95165, 0, 0, 95165)
(95156, 0, 0, 95156)
(95155, 0, 0, 95155)
(95136, 0, 0, 95136)
(95135, 0, 0, 95135)
(95134, 0, 0, 95134)
(95129, 0, 0, 95129)
(95128, 0, 0, 95128)
(95118, 0, 0, 95118)
(95113, 0, 0, 95113)
(95110, 0, 0, 95110)
(95100, 0, 0, 95100)
(95088, 0, 0, 95088)
(95072, 0, 0, 95072)
(95051, 0, 0, 95051)
(95042, 0, 0, 95042)
(95032, 0, 0, 95032)
(95015, 0, 0, 95015)
(95002, 0, 0, 95002)
(94983, 0, 0, 94983)
(94966, 0, 0, 94966)
(94949, 0, 0, 94949)
(94929, 0, 0, 94929)
(94928, 0, 0, 94928)
(94919, 0, 0, 94919)
(94906, 0, 0, 94906)
(94893, 0, 0, 94893)
(94873, 0, 0, 94873)
(94855, 0, 0, 94855)
(94853, 0, 0, 94853)
(94831, 0, 0, 94831)
(94817, 0, 0, 94817)
(94807, 0, 0, 94807)
(94789, 0, 0, 94789)
(94765, 0, 0, 94765)
(94733, 0, 0, 94733)
(94724, 0, 0, 94724)
(94715, 0, 0, 94715)
(94704, 0, 0, 94704)
(94693, 0, 0, 94693)
(94671, 0, 0, 94671)
(94651, 0, 0, 94651)
(94632, 0, 0, 94632)
(94620, 0, 0, 94620)
(94608, 0, 0, 94608)
(94601, 0, 0, 94601)
(94598, 0, 0, 94598)
(94595, 0, 0, 94595)
(94571, 0, 0, 94571)
(94562, 0, 0, 94562)
(94544, 0, 0, 94544)
(94539, 0, 0, 94539)
(94535, 0, 0, 94535)
(94517, 0, 0, 94517)
(94497, 0, 0, 94497)
(94480, 0, 0, 94480)
(94479, 0, 0, 94479)
(94478, 0, 0, 94478)
(94477, 0, 0, 94477)
(94476, 0, 0, 94476)
(94475, 0, 0, 94475)
(94452, 0, 0, 94452)
(94444, 0, 0, 94444)
(94429, 0, 0, 94429)
(94408, 0, 0, 94408)
(94383, 0, 0, 94383)
(94382, 0, 0, 94382)
(94366, 0, 0, 94366)
(94351, 0, 0, 94351)
(94341, 0, 0, 94341)
(94328, 0, 0, 94328)
(94307, 0, 0, 94307)
(94289, 0, 0, 94289)
(94283, 0, 0, 94283)
(94259, 0, 0, 94259)
(94258, 0, 0, 94258)
(94232, 0, 0, 94232)
(94206, 0, 0, 94206)
(94197, 0, 0, 94197)
(94175, 0, 0, 94175)
(94168, 0, 0, 94168)
(94155, 0, 0, 94155)
(94145, 0, 0, 94145)
(94138, 0, 0, 94138)
(94134, 0, 0, 94134)
(94120, 0, 0, 94120)
(94105, 0, 0, 94105)
(94100, 0, 0, 94100)
(94078, 0, 0, 94078)
(94075, 0, 0, 94075)
(94063, 0, 0, 94063)
(94060, 0, 0, 94060)
(94036, 0, 0, 94036)
(94012, 0, 0, 94012)
(93997, 0, 0, 93997)
(93993, 0, 0, 93993)
(93978, 0, 0, 93978)
(93969, 0, 0, 93969)
(93960, 0, 0, 93960)
(93959, 0, 0, 93959)
(93945, 0, 0, 93945)
(93944, 0, 0, 93944)
(93943, 0, 0, 93943)
(93942, 0, 0, 93942)
(93938, 0, 0, 93938)
(93925, 0, 0, 93925)
(93907, 0, 0, 93907)
(93905, 0, 0, 93905)
(93873, 0, 0, 93873)
(93864, 0, 0, 93864)
(93854, 0, 0, 93854)
(93853, 0, 0, 93853)
(93850, 0, 0, 93850)
(93847, 0, 0, 93847)
(93841, 0, 0, 93841)
(93835, 0, 0, 93835)
(93829, 0, 0, 93829)
(93813, 0, 0, 93813)
(93797, 0, 0, 93797)
(93772, 0, 0, 93772)
(93766, 0, 0, 93766)
(93765, 0, 0, 93765)
(93740, 0, 0, 93740)
(93726, 0, 0, 93726)
(93716, 0, 0, 93716)
(93709, 0, 0, 93709)
(93695, 0, 0, 93695)
(93694, 0, 0, 93694)
(93693, 0, 0, 93693)
(93673, 0, 0, 93673)
(93639, 0, 0, 93639)
(93624, 0, 0, 93624)
(93607, 0, 0, 93607)
(93599, 0, 0, 93599)
(93587, 0, 0, 93587)
(93580, 0, 0, 93580)
(93572, 0, 0, 93572)
(93564, 0, 0, 93564)
(93553, 0, 0, 93553)
(93538, 0, 0, 93538)
(93527, 0, 0, 93527)
(93503, 0, 0, 93503)
(93496, 0, 0, 93496)
(93492, 0, 0, 93492)
(93483, 0, 0, 93483)
(93472, 0, 0, 93472)
(93470, 0, 0, 93470)
(93465, 0, 0, 93465)
(93437, 0, 0, 93437)
(93422, 0, 0, 93422)
(93420, 0, 0, 93420)
(93403, 0, 0, 93403)
(93393, 0, 0, 93393)
(93382, 0, 0, 93382)
(93371, 0, 0, 93371)
(93360, 0, 0, 93360)
(93349, 0, 0, 93349)
(93331, 0, 0, 93331)
(93319, 0, 0, 93319)
(93307, 0, 0, 93307)
(93288, 0, 0, 93288)
(93272, 0, 0, 93272)
(93258, 0, 0, 93258)
(93257, 0, 0, 93257)
(93241, 0, 0, 93241)
(93225, 0, 0, 93225)
(93200, 0, 0, 93200)
(93175, 0, 0, 93175)
(93160, 0, 0, 93160)
(93144, 0, 0, 93144)
(93130, 0, 0, 93130)
(93127, 0, 0, 93127)
(93123, 0, 0, 93123)
(93109, 0, 0, 93109)
(93089, 0, 0, 93089)
(93074, 0, 0, 93074)
(93064, 0, 0, 93064)
(93044, 0, 0, 93044)
(93037, 0, 0, 93037)
(93026, 0, 0, 93026)
(93003, 0, 0, 93003)
(92981, 0, 0, 92981)
(92956, 0, 0, 92956)
(92952, 0, 0, 92952)
(92944, 0, 0, 92944)
(92942, 0, 0, 92942)
(92931, 0, 0, 92931)
(92910, 0, 0, 92910)
(92908, 0, 0, 92908)
(92901, 0, 0, 92901)
(92878, 0, 0, 92878)
(92869, 0, 0, 92869)
(92860, 0, 0, 92860)
(92851, 0, 0, 92851)
(92838, 0, 0, 92838)
(92837, 0, 0, 92837)
(92836, 0, 0, 92836)
(92817, 0, 0, 92817)
(92804, 0, 0, 92804)
(92795, 0, 0, 92795)
(92780, 0, 0, 92780)
(92779, 0, 0, 92779)
(92742, 0, 0, 92742)
(92722, 0, 0, 92722)
(92718, 0, 0, 92718)
(92709, 0, 0, 92709)
(92696, 0, 0, 92696)
(92695, 0, 0, 92695)
(92690, 0, 0, 92690)
(92689, 0, 0, 92689)
(92679, 0, 0, 92679)
(92674, 0, 0, 92674)
(92669, 0, 0, 92669)
(92650, 0, 0, 92650)
(92639, 0, 0, 92639)
(92638, 0, 0, 92638)
(92622, 0, 0, 92622)
(92615, 0, 0, 92615)
(92614, 0, 0, 92614)
(92613, 0, 0, 92613)
(92612, 0, 0, 92612)
(92599, 0, 0, 92599)
(92581, 0, 0, 92581)
(92574, 0, 0, 92574)
(92567, 0, 0, 92567)
(92555, 0, 0, 92555)
(92554, 0, 0, 92554)
(92541, 0, 0, 92541)
(92522, 0, 0, 92522)
(92504, 0, 0, 92504)
(92489, 0, 0, 92489)
(92485, 0, 0, 92485)
(92479, 0, 0, 92479)
(92467, 0, 0, 92467)
(92455, 0, 0, 92455)
(92446, 0, 0, 92446)
(92431, 0, 0, 92431)
(92416, 0, 0, 92416)
(92401, 0, 0, 92401)
(92392, 0, 0, 92392)
(92383, 0, 0, 92383)
(92381, 0, 0, 92381)
(92374, 0, 0, 92374)
(92371, 0, 0, 92371)
(92351, 0, 0, 92351)
(92345, 0, 0, 92345)
(92333, 0, 0, 92333)
(92321, 0, 0, 92321)
(92299, 0, 0, 92299)
(92298, 0, 0, 92298)
(92274, 0, 0, 92274)
(92263, 0, 0, 92263)
(92244, 0, 0, 92244)
(92231, 0, 0, 92231)
(92215, 0, 0, 92215)
(92187, 0, 0, 92187)
(92176, 0, 0, 92176)
(92155, 0, 0, 92155)
(92146, 0, 0, 92146)
(92134, 0, 0, 92134)
(92116, 0, 0, 92116)
(92112, 0, 0, 92112)
(92101, 0, 0, 92101)
(92087, 0, 0, 92087)
(92077, 0, 0, 92077)
(92071, 0, 0, 92071)
(92069, 0, 0, 92069)
(92054, 0, 0, 92054)
(92046, 0, 0, 92046)
(92041, 0, 0, 92041)
(92040, 0, 0, 92040)
(92034, 0, 0, 92034)
(92031, 0, 0, 92031)
(92021, 0, 0, 92021)
(92020, 0, 0, 92020)
(92003, 0, 0, 92003)
(91985, 0, 0, 91985)
(91974, 0, 0, 91974)
(91968, 0, 0, 91968)
(91962, 0, 0, 91962)
(91939, 0, 0, 91939)
(91930, 0, 0, 91930)
(91918, 0, 0, 91918)
(91906, 0, 0, 91906)
(91904, 0, 0, 91904)
(91890, 0, 0, 91890)
(91888, 0, 0, 91888)
(91885, 0, 0, 91885)
(91882, 0, 0, 91882)
(91870, 0, 0, 91870)
(91861, 0, 0, 91861)
(91852, 0, 0, 91852)
(91841, 0, 0, 91841)
(91831, 0, 0, 91831)
(91815, 0, 0, 91815)
(91807, 0, 0, 91807)
(91799, 0, 0, 91799)
(91786, 0, 0, 91786)
(91773, 0, 0, 91773)
(91765, 0, 0, 91765)
(91754, 0, 0, 91754)
(91733, 0, 0, 91733)
(91732, 0, 0, 91732)
(91714, 0, 0, 91714)
(91689, 0, 0, 91689)
(91688, 0, 0, 91688)
(91687, 0, 0, 91687)
(91672, 0, 0, 91672)
(91656, 0, 0, 91656)
(91635, 0, 0, 91635)
(91620, 0, 0, 91620)
(91614, 0, 0, 91614)
(91593, 0, 0, 91593)
(91569, 0, 0, 91569)
(91564, 0, 0, 91564)
(91544, 0, 0, 91544)
(91526, 0, 0, 91526)
(91505, 0, 0, 91505)
(91497, 0, 0, 91497)
(91471, 0, 0, 91471)
(91450, 0, 0, 91450)
(91429, 0, 0, 91429)
(91408, 0, 0, 91408)
(91397, 0, 0, 91397)
(91386, 0, 0, 91386)
(91375, 0, 0, 91375)
(91364, 0, 0, 91364)
(91353, 0, 0, 91353)
(91345, 0, 0, 91345)
(91341, 0, 0, 91341)
(91318, 0, 0, 91318)
(91296, 0, 0, 91296)
(91275, 0, 0, 91275)
(91260, 0, 0, 91260)
(91239, 0, 0, 91239)
(91226, 0, 0, 91226)
(91218, 0, 0, 91218)
(91197, 0, 0, 91197)
(91188, 0, 0, 91188)
(91179, 0, 0, 91179)
(91153, 0, 0, 91153)
(91133, 0, 0, 91133)
(91113, 0, 0, 91113)
(91099, 0, 0, 91099)
(91098, 0, 0, 91098)
(91093, 0, 0, 91093)
(91088, 0, 0, 91088)
(91061, 0, 0, 91061)
(91038, 0, 0, 91038)
(91018, 0, 0, 91018)
(90999, 0, 0, 90999)
(90979, 0, 0, 90979)
(90952, 0, 0, 90952)
(90935, 0, 0, 90935)
(90914, 0, 0, 90914)
(90908, 0, 0, 90908)
(90887, 0, 0, 90887)
(90876, 0, 0, 90876)
(90860, 0, 0, 90860)
(90839, 0, 0, 90839)
(90836, 0, 0, 90836)
(90831, 0, 0, 90831)
(90817, 0, 0, 90817)
(90803, 0, 0, 90803)
(90793, 0, 0, 90793)
(90783, 0, 0, 90783)
(90775, 0, 0, 90775)
(90759, 0, 0, 90759)
(90757, 0, 0, 90757)
(90743, 0, 0, 90743)
(90737, 0, 0, 90737)
(90722, 0, 0, 90722)
(90710, 0, 0, 90710)
(90702, 0, 0, 90702)
(90695, 0, 0, 90695)
(90688, 0, 0, 90688)
(90678, 0, 0, 90678)
(90659, 0, 0, 90659)
(90649, 0, 0, 90649)
(90639, 0, 0, 90639)
(90629, 0, 0, 90629)
(90619, 0, 0, 90619)
(90607, 0, 0, 90607)
(90606, 0, 0, 90606)
(90593, 0, 0, 90593)
(90576, 0, 0, 90576)
(90570, 0, 0, 90570)
(90564, 0, 0, 90564)
(90558, 0, 0, 90558)
(90537, 0, 0, 90537)
(90527, 0, 0, 90527)
(90517, 0, 0, 90517)
(90507, 0, 0, 90507)
(90497, 0, 0, 90497)
(90480, 0, 0, 90480)
(90463, 0, 0, 90463)
(90452, 0, 0, 90452)
(90441, 0, 0, 90441)
(90430, 0, 0, 90430)
(90419, 0, 0, 90419)
(90406, 0, 0, 90406)
(90397, 0, 0, 90397)
(90388, 0, 0, 90388)
(90379, 0, 0, 90379)
(90374, 0, 0, 90374)
(90366, 0, 0, 90366)
(90365, 0, 0, 90365)
(90357, 0, 0, 90357)
(90346, 0, 0, 90346)
(90323, 0, 0, 90323)
(90315, 0, 0, 90315)
(90314, 0, 0, 90314)
(90294, 0, 0, 90294)
(90276, 0, 0, 90276)
(90258, 0, 0, 90258)
(90237, 0, 0, 90237)
(90216, 0, 0, 90216)
(90199, 0, 0, 90199)
(90198, 0, 0, 90198)
(90197, 0, 0, 90197)
(90196, 0, 0, 90196)
(90193, 0, 0, 90193)
(90192, 0, 0, 90192)
(90177, 0, 0, 90177)
(90168, 0, 0, 90168)
(90152, 0, 0, 90152)
(90151, 0, 0, 90151)
(90126, 0, 0, 90126)
(90114, 0, 0, 90114)
(90104, 0, 0, 90104)
(90093, 0, 0, 90093)
(90072, 0, 0, 90072)
(90057, 0, 0, 90057)
(90043, 0, 0, 90043)
(90020, 0, 0, 90020)
(90009, 0, 0, 90009)
(90002, 0, 0, 90002)
(89996, 0, 0, 89996)
(89979, 0, 0, 89979)
(89971, 0, 0, 89971)
(89959, 0, 0, 89959)
(89947, 0, 0, 89947)
(89930, 0, 0, 89930)
(89910, 0, 0, 89910)
(89891, 0, 0, 89891)
(89882, 0, 0, 89882)
(89869, 0, 0, 89869)
(89862, 0, 0, 89862)
(89853, 0, 0, 89853)
(89849, 0, 0, 89849)
(89845, 0, 0, 89845)
(89833, 0, 0, 89833)
(89816, 0, 0, 89816)
(89805, 0, 0, 89805)
(89790, 0, 0, 89790)
(89777, 0, 0, 89777)
(89763, 0, 0, 89763)
(89744, 0, 0, 89744)
(89725, 0, 0, 89725)
(89699, 0, 0, 89699)
(89686, 0, 0, 89686)
(89678, 0, 0, 89678)
(89663, 0, 0, 89663)
(89648, 0, 0, 89648)
(89641, 0, 0, 89641)
(89638, 0, 0, 89638)
(89624, 0, 0, 89624)
(89609, 0, 0, 89609)
(89598, 0, 0, 89598)
(89585, 0, 0, 89585)
(89568, 0, 0, 89568)
(89563, 0, 0, 89563)
(89558, 0, 0, 89558)
(89553, 0, 0, 89553)
(89548, 0, 0, 89548)
(89525, 0, 0, 89525)
(89518, 0, 0, 89518)
(89510, 0, 0, 89510)
(89506, 0, 0, 89506)
(89502, 0, 0, 89502)
(89486, 0, 0, 89486)
(89466, 0, 0, 89466)
(89455, 0, 0, 89455)
(89451, 0, 0, 89451)
(89427, 0, 0, 89427)
(89422, 0, 0, 89422)
(89415, 0, 0, 89415)
(89414, 0, 0, 89414)
(89402, 0, 0, 89402)
(89385, 0, 0, 89385)
(89383, 0, 0, 89383)
(89381, 0, 0, 89381)
(89379, 0, 0, 89379)
(89377, 0, 0, 89377)
(89370, 0, 0, 89370)
(89368, 0, 0, 89368)
(89360, 0, 0, 89360)
(89338, 0, 0, 89338)
(89335, 0, 0, 89335)
(89331, 0, 0, 89331)
(89327, 0, 0, 89327)
(89308, 0, 0, 89308)
(89299, 0, 0, 89299)
(89287, 0, 0, 89287)
(89270, 0, 0, 89270)
(89254, 0, 0, 89254)
(89251, 0, 0, 89251)
(89244, 0, 0, 89244)
(89237, 0, 0, 89237)
(89230, 0, 0, 89230)
(89207, 0, 0, 89207)
(89184, 0, 0, 89184)
(89173, 0, 0, 89173)
(89163, 0, 0, 89163)
(89157, 0, 0, 89157)
(89140, 0, 0, 89140)
(89135, 0, 0, 89135)
(89116, 0, 0, 89116)
(89103, 0, 0, 89103)
(89090, 0, 0, 89090)
(89077, 0, 0, 89077)
(89048, 0, 0, 89048)
(89019, 0, 0, 89019)
(88990, 0, 0, 88990)
(88969, 0, 0, 88969)
(88960, 0, 0, 88960)
(88953, 0, 0, 88953)
(88933, 0, 0, 88933)
(88910, 0, 0, 88910)
(88883, 0, 0, 88883)
(88861, 0, 0, 88861)
(88838, 0, 0, 88838)
(88815, 0, 0, 88815)
(88792, 0, 0, 88792)
(88771, 0, 0, 88771)
(88750, 0, 0, 88750)
(88737, 0, 0, 88737)
(88703, 0, 0, 88703)
(88686, 0, 0, 88686)
(88668, 0, 0, 88668)
(88648, 0, 0, 88648)
(88630, 0, 0, 88630)
(88623, 0, 0, 88623)
(88615, 0, 0, 88615)
(88607, 0, 0, 88607)
(88597, 0, 0, 88597)
(88587, 0, 0, 88587)
(88581, 0, 0, 88581)
(88555, 0, 0, 88555)
(88536, 0, 0, 88536)
(88525, 0, 0, 88525)
(88510, 0, 0, 88510)
(88496, 0, 0, 88496)
(88481, 0, 0, 88481)
(88464, 0, 0, 88464)
(88448, 0, 0, 88448)
(88439, 0, 0, 88439)
(88438, 0, 0, 88438)
(88429, 0, 0, 88429)
(88420, 0, 0, 88420)
(88407, 0, 0, 88407)
(88399, 0, 0, 88399)
(88382, 0, 0, 88382)
(88368, 0, 0, 88368)
(88358, 0, 0, 88358)
(88353, 0, 0, 88353)
(88342, 0, 0, 88342)
(88336, 0, 0, 88336)
(88330, 0, 0, 88330)
(88326, 0, 0, 88326)
(88309, 0, 0, 88309)
(88285, 0, 0, 88285)
(88284, 0, 0, 88284)
(88274, 0, 0, 88274)
(88267, 0, 0, 88267)
(88258, 0, 0, 88258)
(88245, 0, 0, 88245)
(88232, 0, 0, 88232)
(88219, 0, 0, 88219)
(88212, 0, 0, 88212)
(88211, 0, 0, 88211)
(88187, 0, 0, 88187)
(88171, 0, 0, 88171)
(88156, 0, 0, 88156)
(88137, 0, 0, 88137)
(88118, 0, 0, 88118)
(88099, 0, 0, 88099)
(88091, 0, 0, 88091)
(88080, 0, 0, 88080)
(88059, 0, 0, 88059)
(88043, 0, 0, 88043)
(88019, 0, 0, 88019)
(88009, 0, 0, 88009)
(87984, 0, 0, 87984)
(87972, 0, 0, 87972)
(87961, 0, 0, 87961)
(87940, 0, 0, 87940)
