(106885, 0, 0, 106885)
(106876, 0, 0, 106876)
(106861, 0, 0, 106861)
(106855, 0, 0, 106855)
(106855, 0, 0, 106855)
(106855, 0, 0, 106855)
(106820, 0, 0, 106820)
(106803, 0, 0, 106803)
(106773, 0, 0, 106773)
(106761, 0, 0, 106761)
(106815, 0, 137, 106952)
(106804, 0, 137, 106941)
(106788, 0, 137, 106925)
(106775, 0, 137, 106912)
(106875, 0, 0, 106875)
(106816, 0, 0, 106816)
(106809, 0, 0, 106809)
(106778, 0, 0, 106778)
(106643, 0, 0, 106643)
(106564, 51, 0, 106615)
(106709, 0, 290, 106999)
(106690, 0, 290, 106980)
(106673, 0, 290, 106963)
(106655, 0, 290, 106945)
(106607, 0, 290, 106897)
(106602, 0, 290, 106892)
(106568, 0, 290, 106858)
(106905, 0, 0, 106905)
