(129803, 0, 0, 129803)
(129789, 0, 0, 129789)
(129775, 0, 0, 129775)
(129764, 0, 0, 129764)
(129756, 0, 0, 129756)
(129736, 0, 0, 129736)
(129730, 0, 0, 129730)
(129722, 0, 0, 129722)
(129714, 0, 0, 129714)
(129702, 0, 0, 129702)
(129690, 0, 0, 129690)
(129687, 0, 0, 129687)
(129677, 0, 0, 129677)
(129661, 0, 0, 129661)
(129660, 0, 0, 129660)
(129645, 0, 0, 129645)
(129633, 0, 0, 129633)
(129625, 0, 0, 129625)
(129617, 0, 0, 129617)
(129609, 0, 0, 129609)
(129603, 0, 0, 129603)
(129601, 0, 0, 129601)
(129589, 0, 0, 129589)
(129570, 0, 0, 129570)
(129548, 0, 0, 129548)
(129526, 0, 0, 129526)
(129517, 0, 0, 129517)
(129503, 0, 0, 129503)
(129492, 0, 0, 129492)
(129471, 0, 0, 129471)
(129453, 0, 0, 129453)
(129428, 0, 0, 129428)
(129403, 0, 0, 129403)
(129378, 0, 0, 129378)
(129353, 0, 0, 129353)
(129328, 0, 0, 129328)
(129325, 0, 0, 129325)
(129322, 0, 0, 129322)
(129319, 0, 0, 129319)
(129316, 0, 0, 129316)
(129313, 0, 0, 129313)
(129309, 0, 0, 129309)
(129287, 0, 0, 129287)
(129271, 0, 0, 129271)
(129241, 0, 0, 129241)
(129237, 0, 0, 129237)
(129213, 0, 0, 129213)
(129194, 0, 0, 129194)
(129183, 0, 0, 129183)
(129172, 0, 0, 129172)
(129161, 0, 0, 129161)
(129147, 0, 0, 129147)
(129133, 0, 0, 129133)
(129119, 0, 0, 129119)
(129105, 0, 0, 129105)
(129091, 0, 0, 129091)
(129080, 0, 0, 129080)
(129069, 0, 0, 129069)
(129058, 0, 0, 129058)
(129047, 0, 0, 129047)
(129036, 0, 0, 129036)
(129007, 0, 0, 129007)
(128978, 0, 0, 128978)
(128949, 0, 0, 128949)
(128920, 0, 0, 128920)
(128891, 0, 0, 128891)
(128866, 0, 0, 128866)
(128849, 0, 0, 128849)
(128845, 0, 0, 128845)
(128837, 0, 0, 128837)
(128817, 0, 0, 128817)
(128816, 0, 0, 128816)
(128801, 0, 0, 128801)
(128793, 0, 0, 128793)
(128785, 0, 0, 128785)
(128777, 0, 0, 128777)
(128769, 0, 0, 128769)
(128751, 0, 0, 128751)
(128750, 0, 0, 128750)
(128749, 0, 0, 128749)
(128748, 0, 0, 128748)
(128737, 0, 0, 128737)
(128726, 0, 0, 128726)
(128724, 0, 0, 128724)
(128723, 0, 0, 128723)
(128714, 0, 0, 128714)
(128679, 0, 0, 128679)
(128659, 0, 0, 128659)
(128649, 0, 0, 128649)
(128639, 0, 0, 128639)
(128629, 0, 0, 128629)
(128607, 0, 0, 128607)
(128589, 0, 0, 128589)
(128575, 0, 0, 128575)
(128565, 0, 0, 128565)
(128564, 0, 0, 128564)
(128561, 0, 0, 128561)
(128558, 0, 0, 128558)
(128555, 0, 0, 128555)
(128552, 0, 0, 128552)
(128549, 0, 0, 128549)
(128540, 0, 0, 128540)
(128531, 0, 0, 128531)
(128522, 0, 0, 128522)
(128513, 0, 0, 128513)
(128504, 0, 0, 128504)
(128495, 0, 0, 128495)
(128486, 0, 0, 128486)
(128485, 0, 0, 128485)
(128470, 0, 0, 128470)
(128451, 0, 0, 128451)
(128432, 0, 0, 128432)
(128413, 0, 0, 128413)
(128390, 0, 0, 128390)
(128380, 0, 0, 128380)
(128364, 0, 0, 128364)
(128345, 0, 0, 128345)
(128326, 0, 0, 128326)
(128320, 0, 0, 128320)
(128319, 0, 0, 128319)
(128318, 0, 0, 128318)
(128300, 0, 0, 128300)
(128282, 0, 0, 128282)
(128274, 0, 0, 128274)
(128260, 0, 0, 128260)
(128241, 0, 0, 128241)
(128229, 0, 0, 128229)
(128217, 0, 0, 128217)
(128202, 0, 0, 128202)
(128184, 0, 0, 128184)
(128166, 0, 0, 128166)
(128160, 0, 0, 128160)
(128159, 0, 0, 128159)
(128157, 0, 0, 128157)
(128135, 0, 0, 128135)
(128114, 0, 0, 128114)
(128113, 0, 0, 128113)
(128111, 0, 0, 128111)
(128101, 0, 0, 128101)
(128089, 0, 0, 128089)
(128074, 0, 0, 128074)
(128057, 0, 0, 128057)
(128048, 0, 0, 128048)
(128047, 0, 0, 128047)
(128046, 0, 0, 128046)
(128020, 0, 0, 128020)
(128003, 0, 0, 128003)
(127979, 0, 0, 127979)
(127955, 0, 0, 127955)
(127931, 0, 0, 127931)
(127926, 0, 0, 127926)
(127921, 0, 0, 127921)
(127899, 0, 0, 127899)
(127887, 0, 0, 127887)
(127875, 0, 0, 127875)
(127847, 0, 0, 127847)
(127828, 0, 0, 127828)
(127809, 0, 0, 127809)
(127790, 0, 0, 127790)
(127766, 0, 0, 127766)
(127742, 0, 0, 127742)
(127718, 0, 0, 127718)
(127682, 0, 0, 127682)
(127663, 0, 0, 127663)
(127647, 0, 0, 127647)
(127635, 0, 0, 127635)
(127629, 0, 0, 127629)
(127623, 0, 0, 127623)
(127620, 0, 0, 127620)
(127604, 0, 0, 127604)
(127601, 0, 0, 127601)
(127591, 0, 0, 127591)
(127570, 0, 0, 127570)
(127562, 0, 0, 127562)
(127554, 0, 0, 127554)
(127530, 0, 0, 127530)
(127514, 0, 0, 127514)
(127501, 0, 0, 127501)
(127487, 0, 0, 127487)
(127459, 0, 0, 127459)
(127436, 0, 0, 127436)
(127405, 0, 0, 127405)
(127378, 0, 0, 127378)
(127358, 0, 0, 127358)
(127329, 0, 0, 127329)
(127311, 0, 0, 127311)
(127289, 0, 0, 127289)
(127288, 0, 0, 127288)
(127286, 0, 0, 127286)
(127280, 0, 0, 127280)
(127277, 0, 0, 127277)
(127269, 0, 0, 127269)
(127259, 0, 0, 127259)
(127256, 0, 0, 127256)
(127242, 0, 0, 127242)
(127228, 0, 0, 127228)
(127214, 0, 0, 127214)
(127200, 0, 0, 127200)
(127166, 0, 0, 127166)
(127165, 0, 0, 127165)
(127164, 0, 0, 127164)
(127163, 0, 0, 127163)
(127162, 0, 0, 127162)
(127151, 0, 0, 127151)
(127140, 0, 0, 127140)
(127133, 0, 0, 127133)
(127114, 0, 0, 127114)
(127113, 0, 0, 127113)
(127101, 0, 0, 127101)
(127089, 0, 0, 127089)
(127081, 0, 0, 127081)
(127075, 0, 0, 127075)
(127071, 0, 0, 127071)
(127056, 0, 0, 127056)
(127041, 0, 0, 127041)
(127035, 0, 0, 127035)
(127020, 0, 0, 127020)
(126998, 0, 0, 126998)
(126979, 0, 0, 126979)
(126961, 0, 0, 126961)
(126956, 0, 0, 126956)
(126951, 0, 0, 126951)
(126946, 0, 0, 126946)
(126942, 0, 0, 126942)
(126938, 0, 0, 126938)
(126934, 0, 0, 126934)
(126930, 0, 0, 126930)
(126926, 0, 0, 126926)
(126919, 0, 0, 126919)
(126911, 0, 0, 126911)
(126894, 0, 0, 126894)
(126877, 0, 0, 126877)
(126859, 0, 0, 126859)
(126846, 0, 0, 126846)
(126835, 0, 0, 126835)
(126834, 0, 0, 126834)
(126832, 0, 0, 126832)
(126830, 0, 0, 126830)
(126826, 0, 0, 126826)
(126799, 0, 0, 126799)
(126794, 0, 0, 126794)
(126793, 0, 0, 126793)
(126792, 0, 0, 126792)
(126777, 0, 0, 126777)
(126762, 0, 0, 126762)
(126747, 0, 0, 126747)
(126732, 0, 0, 126732)
(126717, 0, 0, 126717)
(126716, 0, 0, 126716)
(126715, 0, 0, 126715)
(126714, 0, 0, 126714)
(126694, 0, 0, 126694)
(126674, 0, 0, 126674)
(126654, 0, 0, 126654)
(126634, 0, 0, 126634)
(126626, 0, 0, 126626)
(126610, 0, 0, 126610)
(126607, 0, 0, 126607)
(126595, 0, 0, 126595)
(126584, 0, 0, 126584)
(126572, 0, 0, 126572)
(126556, 0, 0, 126556)
(126540, 0, 0, 126540)
(126524, 0, 0, 126524)
(126509, 0, 0, 126509)
(126494, 0, 0, 126494)
(126488, 0, 0, 126488)
(126482, 0, 0, 126482)
(126454, 0, 0, 126454)
(126447, 0, 0, 126447)
(126440, 0, 0, 126440)
(126429, 0, 0, 126429)
(126427, 0, 0, 126427)
(126425, 0, 0, 126425)
(126424, 0, 0, 126424)
(126423, 0, 0, 126423)
(126401, 0, 0, 126401)
(126388, 0, 0, 126388)
(126375, 0, 0, 126375)
(126374, 0, 0, 126374)
(126373, 0, 0, 126373)
(126355, 0, 0, 126355)
(126331, 0, 0, 126331)
(126330, 0, 0, 126330)
(126328, 0, 0, 126328)
(126322, 0, 0, 126322)
(126301, 0, 0, 126301)
(126291, 0, 0, 126291)
(126278, 0, 0, 126278)
(126269, 0, 0, 126269)
(126251, 0, 0, 126251)
(126233, 0, 0, 126233)
(126225, 0, 0, 126225)
(126215, 0, 0, 126215)
(126205, 0, 0, 126205)
(126176, 0, 0, 126176)
(126157, 0, 0, 126157)
(126134, 0, 0, 126134)
(126121, 0, 0, 126121)
(126120, 0, 0, 126120)
(126119, 0, 0, 126119)
(126118, 0, 0, 126118)
(126107, 0, 0, 126107)
(126080, 0, 0, 126080)
(126054, 0, 0, 126054)
(126021, 0, 0, 126021)
(126000, 0, 0, 126000)
(125967, 0, 0, 125967)
(125934, 0, 0, 125934)
(125911, 0, 0, 125911)
(125888, 0, 0, 125888)
(125865, 0, 0, 125865)
(125842, 0, 0, 125842)
(125820, 0, 0, 125820)
(125796, 0, 0, 125796)
(125784, 0, 0, 125784)
(125778, 0, 0, 125778)
(125777, 0, 0, 125777)
(125760, 0, 0, 125760)
(125751, 0, 0, 125751)
(125742, 0, 0, 125742)
(125727, 0, 0, 125727)
(125696, 0, 0, 125696)
(125689, 0, 0, 125689)
(125679, 0, 0, 125679)
(125671, 0, 0, 125671)
(125650, 0, 0, 125650)
(125648, 0, 0, 125648)
(125632, 0, 0, 125632)
(125628, 0, 0, 125628)
(125611, 0, 0, 125611)
(125585, 0, 0, 125585)
(125582, 0, 0, 125582)
(125567, 0, 0, 125567)
(125552, 0, 0, 125552)
(125537, 0, 0, 125537)
(125522, 0, 0, 125522)
(125507, 0, 0, 125507)
(125486, 0, 0, 125486)
(125465, 0, 0, 125465)
(125444, 0, 0, 125444)
(125423, 0, 0, 125423)
(125402, 0, 0, 125402)
(125374, 0, 0, 125374)
(125357, 0, 0, 125357)
(125340, 0, 0, 125340)
(125322, 0, 0, 125322)
(125311, 0, 0, 125311)
(125300, 0, 0, 125300)
(125289, 0, 0, 125289)
(125274, 0, 0, 125274)
(125259, 0, 0, 125259)
(125244, 0, 0, 125244)
(125229, 0, 0, 125229)
(125228, 0, 0, 125228)
(125227, 0, 0, 125227)
(125226, 0, 0, 125226)
(125208, 0, 0, 125208)
(125193, 0, 0, 125193)
(125178, 0, 0, 125178)
(125168, 0, 0, 125168)
(125146, 0, 0, 125146)
(125141, 0, 0, 125141)
(125136, 0, 0, 125136)
(125131, 0, 0, 125131)
(125130, 0, 0, 125130)
(125129, 0, 0, 125129)
(125103, 0, 0, 125103)
(125085, 0, 0, 125085)
(125083, 0, 0, 125083)
(125081, 0, 0, 125081)
(125074, 0, 0, 125074)
(125067, 0, 0, 125067)
(125049, 0, 0, 125049)
(125025, 0, 0, 125025)
(125020, 0, 0, 125020)
(125006, 0, 0, 125006)
(124987, 0, 0, 124987)
(124984, 0, 0, 124984)
(124964, 0, 0, 124964)
(124948, 0, 0, 124948)
(124943, 0, 0, 124943)
(124916, 0, 0, 124916)
(124899, 0, 0, 124899)
(124877, 0, 0, 124877)
(124870, 0, 0, 124870)
(124869, 0, 0, 124869)
(124860, 0, 0, 124860)
(124829, 0, 0, 124829)
(124816, 0, 0, 124816)
(124789, 0, 0, 124789)
(124787, 0, 0, 124787)
(124776, 0, 0, 124776)
(124762, 0, 0, 124762)
(124753, 0, 0, 124753)
(124750, 0, 0, 124750)
(124734, 0, 0, 124734)
(124725, 0, 0, 124725)
(124695, 0, 0, 124695)
(124670, 0, 0, 124670)
(124668, 0, 0, 124668)
(124651, 0, 0, 124651)
(124630, 0, 0, 124630)
(124609, 0, 0, 124609)
(124604, 0, 0, 124604)
(124600, 0, 0, 124600)
(124596, 0, 0, 124596)
(124592, 0, 0, 124592)
(124588, 0, 0, 124588)
(124564, 0, 0, 124564)
(124552, 0, 0, 124552)
(124540, 0, 0, 124540)
(124520, 0, 0, 124520)
(124498, 0, 0, 124498)
(124478, 0, 0, 124478)
(124457, 0, 0, 124457)
(124443, 0, 0, 124443)
(124421, 0, 0, 124421)
(124399, 0, 0, 124399)
(124388, 0, 0, 124388)
(124385, 0, 0, 124385)
(124372, 0, 0, 124372)
(124346, 0, 0, 124346)
(124333, 0, 0, 124333)
(124310, 0, 0, 124310)
(124309, 0, 0, 124309)
(124290, 0, 0, 124290)
(124276, 0, 0, 124276)
(124270, 0, 0, 124270)
(124264, 0, 0, 124264)
(124258, 0, 0, 124258)
(124239, 0, 0, 124239)
(124220, 0, 0, 124220)
(124215, 0, 0, 124215)
(124210, 0, 0, 124210)
(124188, 0, 0, 124188)
(124181, 0, 0, 124181)
(124168, 0, 0, 124168)
(124155, 0, 0, 124155)
(124151, 0, 0, 124151)
(124147, 0, 0, 124147)
(124133, 0, 0, 124133)
(124119, 0, 0, 124119)
(124118, 0, 0, 124118)
(124113, 0, 0, 124113)
(124108, 0, 0, 124108)
(124095, 0, 0, 124095)
(124077, 0, 0, 124077)
(124066, 0, 0, 124066)
(124055, 0, 0, 124055)
(124036, 0, 0, 124036)
(124034, 0, 0, 124034)
(124026, 0, 0, 124026)
(124019, 0, 0, 124019)
(124007, 0, 0, 124007)
(124000, 0, 0, 124000)
(123982, 0, 0, 123982)
(123980, 0, 0, 123980)
(123966, 0, 0, 123966)
(123956, 0, 0, 123956)
(123943, 0, 0, 123943)
(123930, 0, 0, 123930)
(123918, 0, 0, 123918)
(123909, 0, 0, 123909)
(123904, 0, 0, 123904)
(123888, 0, 0, 123888)
(123872, 0, 0, 123872)
(123857, 0, 0, 123857)
(123842, 0, 0, 123842)
(123841, 0, 0, 123841)
(123840, 0, 0, 123840)
(123819, 0, 0, 123819)
(123810, 0, 0, 123810)
(123801, 0, 0, 123801)
(123792, 0, 0, 123792)
(123777, 0, 0, 123777)
(123773, 0, 0, 123773)
(123769, 0, 0, 123769)
(123765, 0, 0, 123765)
(123761, 0, 0, 123761)
(123743, 0, 0, 123743)
(123725, 0, 0, 123725)
(123707, 0, 0, 123707)
(123689, 0, 0, 123689)
(123671, 0, 0, 123671)
(123651, 0, 0, 123651)
(123650, 0, 0, 123650)
(123649, 0, 0, 123649)
(123640, 0, 0, 123640)
(123624, 0, 0, 123624)
(123611, 0, 0, 123611)
(123598, 0, 0, 123598)
(123576, 0, 0, 123576)
(123560, 0, 0, 123560)
(123553, 0, 0, 123553)
(123539, 0, 0, 123539)
(123538, 0, 0, 123538)
(123537, 0, 0, 123537)
(123507, 0, 0, 123507)
(123477, 0, 0, 123477)
(123455, 0, 0, 123455)
(123432, 0, 0, 123432)
(123421, 0, 0, 123421)
(123402, 0, 0, 123402)
(123401, 0, 0, 123401)
(123400, 0, 0, 123400)
(123396, 0, 0, 123396)
(123395, 0, 0, 123395)
(123394, 0, 0, 123394)
(123380, 0, 0, 123380)
(123358, 0, 0, 123358)
(123331, 0, 0, 123331)
(123294, 0, 0, 123294)
(123286, 0, 0, 123286)
(123260, 0, 0, 123260)
(123255, 0, 0, 123255)
(123242, 0, 0, 123242)
(123218, 0, 0, 123218)
(123210, 0, 0, 123210)
(123202, 0, 0, 123202)
(123188, 0, 0, 123188)
(123167, 0, 0, 123167)
(123160, 0, 0, 123160)
(123143, 0, 0, 123143)
(123126, 0, 0, 123126)
(123122, 0, 0, 123122)
(123106, 0, 0, 123106)
(123081, 0, 0, 123081)
(123074, 0, 0, 123074)
(123052, 0, 0, 123052)
(123022, 0, 0, 123022)
(123005, 0, 0, 123005)
(122988, 0, 0, 122988)
(122971, 0, 0, 122971)
(122970, 0, 0, 122970)
(122969, 0, 0, 122969)
(122959, 0, 0, 122959)
(122947, 0, 0, 122947)
(122942, 0, 0, 122942)
(122924, 0, 0, 122924)
(122909, 0, 0, 122909)
(122893, 0, 0, 122893)
(122892, 0, 0, 122892)
(122891, 0, 0, 122891)
(122868, 0, 0, 122868)
(122858, 0, 0, 122858)
(122833, 0, 0, 122833)
(122822, 0, 0, 122822)
(122816, 0, 0, 122816)
(122810, 0, 0, 122810)
(122798, 0, 0, 122798)
(122786, 0, 0, 122786)
(122761, 0, 0, 122761)
(122736, 0, 0, 122736)
(122717, 0, 0, 122717)
(122707, 0, 0, 122707)
(122697, 0, 0, 122697)
(122687, 0, 0, 122687)
(122667, 0, 0, 122667)
(122666, 0, 0, 122666)
(122665, 0, 0, 122665)
(122664, 0, 0, 122664)
(122655, 0, 0, 122655)
(122647, 0, 0, 122647)
(122620, 0, 0, 122620)
(122606, 0, 0, 122606)
(122592, 0, 0, 122592)
(122573, 0, 0, 122573)
(122572, 0, 0, 122572)
(122569, 0, 0, 122569)
(122557, 0, 0, 122557)
(122546, 0, 0, 122546)
(122545, 0, 0, 122545)
(122543, 0, 0, 122543)
(122530, 0, 0, 122530)
(122521, 0, 0, 122521)
(122505, 0, 0, 122505)
(122498, 0, 0, 122498)
(122480, 0, 0, 122480)
(122469, 0, 0, 122469)
(122443, 0, 0, 122443)
(122420, 0, 0, 122420)
(122404, 0, 0, 122404)
(122389, 0, 0, 122389)
(122374, 0, 0, 122374)
(122342, 0, 0, 122342)
(122315, 0, 0, 122315)
(122285, 0, 0, 122285)
(122283, 0, 0, 122283)
(122264, 0, 0, 122264)
(122245, 0, 0, 122245)
(122236, 0, 0, 122236)
(122219, 0, 0, 122219)
(122218, 0, 0, 122218)
(122216, 0, 0, 122216)
(122206, 0, 0, 122206)
(122196, 0, 0, 122196)
(122186, 0, 0, 122186)
(122176, 0, 0, 122176)
(122165, 0, 0, 122165)
(122157, 0, 0, 122157)
(122144, 0, 0, 122144)
(122140, 0, 0, 122140)
(122128, 0, 0, 122128)
(122116, 0, 0, 122116)
(122103, 0, 0, 122103)
(122093, 0, 0, 122093)
(122089, 0, 0, 122089)
(122069, 0, 0, 122069)
(122048, 0, 0, 122048)
(122035, 0, 0, 122035)
(122010, 0, 0, 122010)
(121987, 0, 0, 121987)
(121964, 0, 0, 121964)
(121941, 0, 0, 121941)
(121918, 0, 0, 121918)
(121895, 0, 0, 121895)
(121882, 0, 0, 121882)
(121864, 0, 0, 121864)
(121857, 0, 0, 121857)
(121826, 0, 0, 121826)
(121811, 0, 0, 121811)
(121809, 0, 0, 121809)
(121807, 0, 0, 121807)
(121775, 0, 0, 121775)
(121734, 0, 0, 121734)
(121722, 0, 0, 121722)
(121707, 0, 0, 121707)
(121692, 0, 0, 121692)
(121680, 0, 0, 121680)
(121679, 0, 0, 121679)
(121663, 0, 0, 121663)
(121647, 0, 0, 121647)
(121636, 0, 0, 121636)
(121602, 0, 0, 121602)
(121568, 0, 0, 121568)
(121559, 0, 0, 121559)
(121550, 0, 0, 121550)
(121545, 0, 0, 121545)
(121537, 0, 0, 121537)
(121529, 0, 0, 121529)
(121521, 0, 0, 121521)
(121513, 0, 0, 121513)
(121505, 0, 0, 121505)
(121504, 0, 0, 121504)
(121494, 0, 0, 121494)
(121473, 0, 0, 121473)
(121464, 0, 0, 121464)
(121445, 0, 0, 121445)
(121426, 0, 0, 121426)
(121407, 0, 0, 121407)
(121388, 0, 0, 121388)
(121369, 0, 0, 121369)
(121365, 0, 0, 121365)
(121361, 0, 0, 121361)
(121350, 0, 0, 121350)
(121344, 0, 0, 121344)
(121335, 0, 0, 121335)
(121324, 0, 0, 121324)
(121313, 0, 0, 121313)
(121312, 0, 0, 121312)
(121311, 0, 0, 121311)
(121310, 0, 0, 121310)
(121292, 0, 0, 121292)
(121283, 0, 0, 121283)
(121258, 0, 0, 121258)
(121256, 0, 0, 121256)
(121231, 0, 0, 121231)
(121209, 0, 0, 121209)
(121196, 0, 0, 121196)
(121169, 0, 0, 121169)
(121164, 0, 0, 121164)
(121141, 0, 0, 121141)
(121118, 0, 0, 121118)
(121109, 0, 0, 121109)
(121102, 0, 0, 121102)
(121095, 0, 0, 121095)
(121094, 0, 0, 121094)
(121074, 0, 0, 121074)
(121053, 0, 0, 121053)
(121049, 0, 0, 121049)
(121045, 0, 0, 121045)
(121031, 0, 0, 121031)
(121024, 0, 0, 121024)
(121016, 0, 0, 121016)
(121015, 0, 0, 121015)
(120984, 0, 0, 120984)
(120949, 0, 0, 120949)
(120934, 0, 0, 120934)
(120924, 0, 0, 120924)
(120901, 0, 0, 120901)
(120898, 0, 0, 120898)
(120895, 0, 0, 120895)
(120892, 0, 0, 120892)
(120889, 0, 0, 120889)
(120870, 0, 0, 120870)
(120869, 0, 0, 120869)
(120868, 0, 0, 120868)
(120867, 0, 0, 120867)
(120866, 0, 0, 120866)
(120858, 0, 0, 120858)
(120854, 0, 0, 120854)
(120834, 0, 0, 120834)
(120823, 0, 0, 120823)
(120805, 0, 0, 120805)
(120784, 0, 0, 120784)
(120757, 0, 0, 120757)
(120748, 0, 0, 120748)
(120744, 0, 0, 120744)
(120737, 0, 0, 120737)
(120722, 0, 0, 120722)
(120713, 0, 0, 120713)
(120703, 0, 0, 120703)
(120702, 0, 0, 120702)
(120701, 0, 0, 120701)
(120682, 0, 0, 120682)
(120663, 0, 0, 120663)
(120652, 0, 0, 120652)
(120641, 0, 0, 120641)
(120622, 0, 0, 120622)
(120608, 0, 0, 120608)
(120596, 0, 0, 120596)
(120584, 0, 0, 120584)
(120557, 0, 0, 120557)
(120549, 0, 0, 120549)
(120541, 0, 0, 120541)
(120513, 0, 0, 120513)
(120485, 0, 0, 120485)
(120484, 0, 0, 120484)
(120483, 0, 0, 120483)
(120465, 0, 0, 120465)
(120461, 0, 0, 120461)
(120454, 0, 0, 120454)
(120438, 0, 0, 120438)
(120437, 0, 0, 120437)
(120430, 0, 0, 120430)
(120429, 0, 0, 120429)
(120425, 0, 0, 120425)
(120413, 0, 0, 120413)
(120387, 0, 0, 120387)
(120375, 0, 0, 120375)
(120353, 0, 0, 120353)
(120352, 0, 0, 120352)
(120317, 0, 0, 120317)
(120299, 0, 0, 120299)
(120281, 0, 0, 120281)
(120263, 0, 0, 120263)
(120245, 0, 0, 120245)
(120212, 0, 0, 120212)
(120188, 0, 0, 120188)
(120182, 0, 0, 120182)
(120181, 0, 0, 120181)
(120178, 0, 0, 120178)
(120175, 0, 0, 120175)
(120167, 0, 0, 120167)
(120159, 0, 0, 120159)
(120151, 0, 0, 120151)
(120114, 0, 0, 120114)
(120100, 0, 0, 120100)
(120086, 0, 0, 120086)
(120072, 0, 0, 120072)
(120060, 0, 0, 120060)
(120048, 0, 0, 120048)
(120036, 0, 0, 120036)
(120024, 0, 0, 120024)
(120018, 0, 0, 120018)
(120012, 0, 0, 120012)
(120006, 0, 0, 120006)
(120000, 0, 0, 120000)
(119994, 0, 0, 119994)
(119988, 0, 0, 119988)
(119968, 0, 0, 119968)
(119948, 0, 0, 119948)
(119938, 0, 0, 119938)
(119928, 0, 0, 119928)
(119927, 0, 0, 119927)
(119926, 0, 0, 119926)
(119925, 0, 0, 119925)
(119919, 0, 0, 119919)
(119883, 0, 0, 119883)
(119879, 0, 0, 119879)
(119846, 0, 0, 119846)
(119842, 0, 0, 119842)
(119838, 0, 0, 119838)
(119834, 0, 0, 119834)
(119819, 0, 0, 119819)
(119797, 0, 0, 119797)
(119787, 0, 0, 119787)
(119783, 0, 0, 119783)
(119779, 0, 0, 119779)
(119772, 0, 0, 119772)
(119765, 0, 0, 119765)
(119760, 0, 0, 119760)
(119755, 0, 0, 119755)
