(106176, 0, 0, 106176)
(106176, 0, 0, 106176)
(106157, 0, 0, 106157)
(106132, 0, 0, 106132)
(106027, 0, 0, 106027)
(106014, 0, 0, 106014)
(106014, 0, 0, 106014)
(105985, 0, 0, 105985)
(105956, 0, 0, 105956)
(105901, 0, 0, 105901)
(106039, 0, 211, 106250)
(105997, 0, 211, 106208)
(105975, 0, 211, 106186)
(105930, 0, 211, 106141)
(106106, 0, 0, 106106)
(106010, 0, 0, 106010)
(105978, 0, 0, 105978)
(105978, 0, 0, 105978)
(105964, 0, 0, 105964)
(105953, 0, 0, 105953)
(105905, 0, 290, 106195)
(105850, 52, 290, 106192)
(105832, 52, 290, 106174)
(105878, 0, 290, 106168)
(105855, 0, 290, 106145)
(105842, 0, 290, 106132)
(105829, 0, 290, 106119)
(105774, 0, 290, 106064)
(106176, 0, 0, 106176)
