NOMBRE : WA1032 
COMENTARIO :  Chino Windy aleatorio puro
VERTICES : 1000
ARISTAS_REQ : 2065
ARISTAS_NOREQ : 0
LISTA_ARISTAS_REQ :
(1,155)   coste   235    343
(1,378)   coste   456    561
(1,644)   coste   454    359
(1,746)   coste   566    537
(1,774)   coste   28    158
(1,878)   coste   622    539
(2,390)   coste   667    649
(2,686)   coste   160    295
(2,723)   coste   878    814
(3,109)   coste   64    176
(4,70)   coste   536    382
(4,476)   coste   389    352
(4,707)   coste   725    632
(4,789)   coste   149    71
(4,828)   coste   368    341
(5,339)   coste   393    374
(5,637)   coste   200    285
(5,802)   coste   626    681
(5,908)   coste   316    415
(6,132)   coste   558    683
(6,535)   coste   802    696
(6,832)   coste   165    137
(6,844)   coste   491    662
(6,980)   coste   264    253
(7,71)   coste   215    308
(7,147)   coste   579    538
(7,525)   coste   642    565
(7,781)   coste   478    562
(8,188)   coste   662    665
(8,708)   coste   622    529
(8,842)   coste   158    176
(8,885)   coste   375    504
(8,937)   coste   498    567
(9,269)   coste   809    817
(9,413)   coste   35    125
(9,426)   coste   527    375
(9,617)   coste   561    482
(9,869)   coste   745    882
(10,138)   coste   373    397
(10,914)   coste   542    631
(11,157)   coste   514    460
(11,415)   coste   230    233
(12,91)   coste   561    730
(12,202)   coste   184    228
(12,222)   coste   336    459
(12,610)   coste   591    612
(13,45)   coste   841    767
(13,225)   coste   494    507
(13,526)   coste   503    327
(14,697)   coste   606    591
(15,926)   coste   383    243
(16,155)   coste   159    268
(16,295)   coste   230    285
(16,466)   coste   319    403
(16,498)   coste   541    360
(16,619)   coste   797    733
(16,749)   coste   979    956
(16,803)   coste   1069    979
(16,922)   coste   661    606
(17,93)   coste   656    558
(17,688)   coste   314    212
(17,793)   coste   431    516
(17,888)   coste   811    820
(18,54)   coste   276    313
(18,154)   coste   218    211
(18,242)   coste   775    927
(18,942)   coste   523    660
(19,26)   coste   339    359
(19,149)   coste   479    358
(19,512)   coste   222    177
(19,792)   coste   540    712
(19,835)   coste   82    235
(19,922)   coste   596    733
(19,994)   coste   826    814
(20,92)   coste   192    147
(20,124)   coste   759    626
(20,233)   coste   705    531
(20,444)   coste   589    610
(21,69)   coste   469    514
(21,895)   coste   784    801
(21,966)   coste   805    881
(22,279)   coste   580    682
(22,534)   coste   818    896
(23,54)   coste   821    700
(23,310)   coste   550    549
(23,551)   coste   364    499
(23,837)   coste   800    755
(23,888)   coste   1031    1023
(24,58)   coste   250    266
(24,117)   coste   748    685
(24,212)   coste   594    657
(24,447)   coste   525    484
(24,461)   coste   651    533
(24,474)   coste   1002    951
(25,284)   coste   768    840
(26,864)   coste   377    179
(26,874)   coste   354    380
(27,77)   coste   442    524
(28,438)   coste   243    155
(28,574)   coste   400    328
(28,649)   coste   427    270
(28,714)   coste   264    169
(28,777)   coste   426    343
(29,170)   coste   721    917
(29,944)   coste   279    86
(29,946)   coste   951    875
(30,98)   coste   847    729
(30,388)   coste   578    544
(30,542)   coste   304    298
(31,150)   coste   904    957
(31,198)   coste   706    614
(31,974)   coste   470    486
(32,898)   coste   368    387
(33,835)   coste   335    411
(33,929)   coste   216    299
(34,95)   coste   185    210
(34,119)   coste   396    345
(34,699)   coste   906    955
(34,776)   coste   617    629
(35,42)   coste   550    532
(35,133)   coste   723    698
(35,155)   coste   807    669
(35,215)   coste   625    730
(36,314)   coste   893    962
(36,620)   coste   296    248
(37,698)   coste   26    67
(38,57)   coste   59    234
(38,66)   coste   505    512
(38,316)   coste   889    985
(39,152)   coste   945    986
(39,159)   coste   1020    985
(39,352)   coste   934    954
(39,614)   coste   938    811
(40,212)   coste   559    576
(40,358)   coste   193    175
(40,635)   coste   127    107
(40,987)   coste   239    283
(41,559)   coste   903    1032
(41,626)   coste   579    640
(42,62)   coste   686    741
(42,913)   coste   542    645
(43,83)   coste   490    471
(43,476)   coste   504    419
(43,930)   coste   639    568
(44,661)   coste   637    574
(44,663)   coste   556    704
(45,258)   coste   730    633
(45,410)   coste   242    274
(45,673)   coste   405    524
(46,284)   coste   628    608
(46,885)   coste   369    345
(46,920)   coste   404    413
(47,162)   coste   813    905
(47,585)   coste   153    124
(47,614)   coste   603    458
(48,178)   coste   569    440
(48,664)   coste   290    241
(48,808)   coste   470    644
(49,519)   coste   694    647
(50,195)   coste   208    199
(50,247)   coste   866    775
(50,275)   coste   578    584
(51,174)   coste   769    717
(51,869)   coste   990    886
(51,988)   coste   286    325
(52,70)   coste   51    68
(52,404)   coste   600    717
(52,449)   coste   878    763
(52,810)   coste   272    262
(53,536)   coste   748    723
(53,868)   coste   244    162
(53,981)   coste   93    106
(54,202)   coste   509    410
(54,295)   coste   447    269
(54,426)   coste   437    367
(54,434)   coste   1127    1089
(54,658)   coste   587    665
(55,844)   coste   475    579
(56,94)   coste   331    357
(56,352)   coste   473    494
(56,468)   coste   865    893
(57,443)   coste   680    649
(57,850)   coste   1144    985
(58,469)   coste   698    618
(59,195)   coste   203    293
(59,483)   coste   853    819
(60,115)   coste   342    336
(61,126)   coste   247    55
(61,488)   coste   674    729
(61,963)   coste   185    282
(62,403)   coste   272    373
(63,671)   coste   643    538
(63,997)   coste   369    341
(64,287)   coste   322    192
(64,695)   coste   756    734
(64,811)   coste   638    536
(65,548)   coste   291    351
(65,770)   coste   732    676
(65,852)   coste   737    786
(66,380)   coste   440    469
(66,599)   coste   186    294
(66,860)   coste   105    57
(67,162)   coste   713    602
(67,469)   coste   193    251
(67,767)   coste   691    725
(67,794)   coste   64    136
(68,188)   coste   882    716
(68,293)   coste   792    764
(69,380)   coste   547    601
(69,734)   coste   690    734
(69,991)   coste   506    592
(71,375)   coste   362    377
(71,964)   coste   586    483
(72,294)   coste   320    322
(72,426)   coste   141    190
(72,719)   coste   331    174
(73,177)   coste   138    34
(73,628)   coste   258    120
(74,790)   coste   730    686
(75,203)   coste   273    253
(75,633)   coste   565    596
(76,224)   coste   873    1002
(76,449)   coste   1020    1003
(76,899)   coste   988    997
(76,922)   coste   239    143
(77,161)   coste   318    176
(77,244)   coste   659    643
(77,322)   coste   453    518
(77,489)   coste   50    18
(77,639)   coste   147    214
(77,738)   coste   677    780
(78,331)   coste   409    561
(78,658)   coste   221    388
(78,811)   coste   977    960
(79,260)   coste   373    340
(79,347)   coste   540    669
(79,387)   coste   673    676
(80,526)   coste   879    805
(80,583)   coste   417    414
(80,589)   coste   914    772
(81,82)   coste   492    428
(81,206)   coste   368    309
(81,317)   coste   645    673
(81,694)   coste   528    475
(81,918)   coste   368    438
(82,115)   coste   234    159
(82,461)   coste   536    628
(82,739)   coste   535    595
(82,823)   coste   844    773
(83,849)   coste   765    924
(84,259)   coste   411    454
(84,342)   coste   746    754
(84,540)   coste   970    983
(84,648)   coste   669    640
(85,555)   coste   158    308
(85,718)   coste   560    666
(86,334)   coste   449    502
(86,883)   coste   524    572
(87,613)   coste   578    373
(88,118)   coste   668    660
(88,423)   coste   30    103
(89,321)   coste   362    380
(89,414)   coste   525    555
(90,152)   coste   855    1000
(90,506)   coste   375    402
(90,507)   coste   300    342
(90,548)   coste   621    616
(90,580)   coste   1028    1037
(90,617)   coste   910    817
(90,706)   coste   487    549
(91,242)   coste   843    770
(91,528)   coste   981    1026
(91,713)   coste   1223    1190
(92,123)   coste   107    112
(92,243)   coste   519    471
(92,377)   coste   240    271
(92,699)   coste   461    425
(92,720)   coste   375    380
(92,751)   coste   341    327
(93,128)   coste   295    367
(93,932)   coste   364    470
(94,357)   coste   194    104
(94,641)   coste   870    990
(95,486)   coste   32    148
(95,616)   coste   411    542
(96,582)   coste   850    652
(96,741)   coste   768    742
(96,963)   coste   251    273
(97,243)   coste   496    564
(98,713)   coste   102    198
(98,748)   coste   849    920
(98,777)   coste   892    1025
(98,781)   coste   645    591
(98,990)   coste   538    533
(99,531)   coste   1394    1377
(99,663)   coste   901    767
(99,822)   coste   278    312
(99,865)   coste   892    890
(100,164)   coste   117    42
(100,183)   coste   801    879
(100,347)   coste   446    606
(100,463)   coste   337    521
(100,789)   coste   930    957
(101,201)   coste   670    835
(101,539)   coste   792    873
(101,790)   coste   337    298
(101,932)   coste   355    293
(102,379)   coste   688    552
(102,644)   coste   478    495
(102,763)   coste   724    744
(103,234)   coste   520    645
(103,654)   coste   425    455
(104,266)   coste   442    410
(104,578)   coste   687    724
(104,678)   coste   1    120
(105,593)   coste   625    611
(105,686)   coste   450    516
(106,239)   coste   706    686
(106,303)   coste   381    328
(106,385)   coste   605    683
(106,722)   coste   587    507
(107,170)   coste   725    669
(107,548)   coste   528    674
(107,655)   coste   207    109
(107,959)   coste   939    900
(108,115)   coste   361    409
(109,347)   coste   548    708
(110,672)   coste   979    1050
(110,970)   coste   262    237
(111,499)   coste   958    857
(111,816)   coste   94    93
(111,859)   coste   526    621
(112,184)   coste   866    904
(112,540)   coste   1033    1187
(112,565)   coste   628    650
(112,641)   coste   983    1089
(112,939)   coste   1045    985
(113,325)   coste   769    699
(114,281)   coste   434    315
(114,836)   coste   357    410
(115,225)   coste   362    453
(115,302)   coste   685    530
(116,355)   coste   285    216
(116,575)   coste   623    447
(116,936)   coste   791    861
(116,994)   coste   258    377
(117,431)   coste   827    813
(117,605)   coste   501    493
(117,775)   coste   399    503
(117,779)   coste   384    309
(118,623)   coste   576    444
(118,926)   coste   565    598
(119,155)   coste   566    661
(119,391)   coste   362    182
(119,878)   coste   429    446
(120,407)   coste   463    505
(120,896)   coste   645    561
(121,186)   coste   622    574
(121,302)   coste   128    89
(121,555)   coste   701    783
(122,733)   coste   206    246
(122,948)   coste   55    50
(123,395)   coste   482    542
(123,498)   coste   191    234
(124,211)   coste   462    263
(124,705)   coste   301    290
(124,924)   coste   177    196
(125,215)   coste   557    561
(125,486)   coste   257    213
(125,691)   coste   630    474
(125,974)   coste   531    558
(125,978)   coste   490    464
(126,137)   coste   388    545
(126,187)   coste   156    301
(126,330)   coste   354    424
(126,446)   coste   309    334
(126,502)   coste   677    762
(126,672)   coste   924    984
(127,204)   coste   862    852
(127,509)   coste   804    795
(127,708)   coste   609    686
(127,713)   coste   737    661
(127,741)   coste   635    577
(128,490)   coste   442    439
(128,835)   coste   730    587
(128,978)   coste   618    699
(129,349)   coste   408    413
(130,532)   coste   568    555
(131,335)   coste   147    145
(131,556)   coste   19    170
(132,693)   coste   381    537
(133,336)   coste   584    655
(134,367)   coste   256    122
(134,783)   coste   449    511
(135,438)   coste   71    186
(135,849)   coste   845    839
(136,549)   coste   433    472
(136,962)   coste   352    290
(137,662)   coste   316    340
(137,735)   coste   455    621
(138,916)   coste   322    318
(139,423)   coste   274    219
(140,379)   coste   838    834
(140,888)   coste   605    670
(140,921)   coste   702    718
(140,940)   coste   892    898
(141,323)   coste   571    626
(142,412)   coste   901    938
(142,613)   coste   767    709
(143,496)   coste   606    578
(143,945)   coste   885    729
(144,663)   coste   481    587
(144,706)   coste   541    550
(144,802)   coste   924    907
(144,920)   coste   963    907
(144,973)   coste   875    759
(145,282)   coste   680    620
(145,603)   coste   483    497
(145,662)   coste   1038    1055
(145,935)   coste   632    668
(146,390)   coste   255    431
(146,589)   coste   721    591
(147,168)   coste   227    368
(147,647)   coste   842    889
(147,815)   coste   532    630
(148,227)   coste   216    209
(148,545)   coste   648    664
(148,640)   coste   939    818
(149,498)   coste   346    430
(149,565)   coste   346    316
(149,619)   coste   439    474
(150,548)   coste   721    657
(150,634)   coste   612    545
(150,961)   coste   306    483
(150,993)   coste   873    769
(151,311)   coste   437    515
(151,547)   coste   285    275
(151,609)   coste   717    735
(152,555)   coste   446    485
(152,890)   coste   925    818
(153,646)   coste   539    515
(153,707)   coste   690    518
(153,761)   coste   299    248
(154,204)   coste   1100    1127
(154,439)   coste   368    267
(154,951)   coste   416    358
(155,266)   coste   813    874
(155,860)   coste   432    451
(155,886)   coste   148    117
(156,205)   coste   709    721
(156,436)   coste   460    456
(156,582)   coste   805    657
(156,667)   coste   463    568
(156,882)   coste   538    516
(157,260)   coste   284    330
(157,269)   coste   684    667
(157,301)   coste   625    612
(157,622)   coste   984    849
(157,669)   coste   746    645
(157,791)   coste   159    153
(157,896)   coste   482    503
(158,204)   coste   346    308
(158,267)   coste   688    614
(158,643)   coste   890    1017
(159,160)   coste   878    813
(159,425)   coste   561    597
(159,497)   coste   689    603
(159,546)   coste   400    423
(159,682)   coste   376    292
(160,807)   coste   765    769
(161,874)   coste   477    548
(162,286)   coste   184    179
(162,311)   coste   964    974
(162,704)   coste   478    577
(163,334)   coste   466    512
(164,414)   coste   635    693
(165,262)   coste   289    183
(165,390)   coste   516    566
(165,656)   coste   649    500
(165,912)   coste   813    730
(166,763)   coste   91    221
(166,781)   coste   789    728
(167,268)   coste   199    159
(167,399)   coste   260    252
(167,403)   coste   285    324
(167,553)   coste   392    452
(167,563)   coste   170    166
(167,760)   coste   367    388
(167,863)   coste   687    624
(167,871)   coste   447    539
(168,203)   coste   176    309
(168,431)   coste   461    538
(168,465)   coste   514    568
(168,914)   coste   288    296
(168,970)   coste   124    143
(169,633)   coste   572    627
(171,415)   coste   790    769
(171,821)   coste   934    973
(171,879)   coste   458    388
(172,501)   coste   831    784
(172,803)   coste   757    749
(172,939)   coste   680    572
(172,942)   coste   515    644
(173,687)   coste   370    328
(175,333)   coste   435    248
(175,578)   coste   621    610
(175,769)   coste   549    664
(175,952)   coste   718    676
(176,674)   coste   129    144
(176,866)   coste   591    457
(177,408)   coste   753    848
(178,893)   coste   1    66
(179,657)   coste   527    668
(179,673)   coste   640    678
(179,731)   coste   635    589
(179,810)   coste   464    479
(180,400)   coste   109    109
(180,721)   coste   608    676
(180,767)   coste   463    422
(180,968)   coste   676    639
(180,976)   coste   270    236
(181,362)   coste   180    189
(181,467)   coste   231    238
(181,946)   coste   146    211
(182,299)   coste   347    174
(182,384)   coste   432    348
(182,927)   coste   516    364
(183,194)   coste   623    606
(183,282)   coste   530    599
(185,338)   coste   292    302
(185,496)   coste   579    589
(186,223)   coste   627    812
(186,225)   coste   597    550
(186,467)   coste   257    226
(186,659)   coste   381    369
(186,679)   coste   649    653
(187,190)   coste   531    347
(187,444)   coste   540    445
(188,448)   coste   535    664
(188,481)   coste   570    478
(188,492)   coste   660    738
(188,526)   coste   910    926
(188,743)   coste   512    598
(188,818)   coste   665    692
(189,539)   coste   641    588
(189,656)   coste   557    483
(189,700)   coste   163    219
(189,738)   coste   448    294
(190,380)   coste   284    101
(190,411)   coste   355    406
(190,467)   coste   396    325
(191,231)   coste   348    202
(191,250)   coste   533    716
(191,479)   coste   783    812
(191,931)   coste   179    81
(192,418)   coste   528    398
(192,746)   coste   263    231
(192,946)   coste   256    238
(193,310)   coste   812    795
(193,462)   coste   120    159
(193,549)   coste   232    297
(193,689)   coste   887    851
(193,745)   coste   751    716
(194,636)   coste   539    653
(194,696)   coste   194    189
(195,348)   coste   80    193
(195,450)   coste   418    289
(195,476)   coste   579    668
(195,743)   coste   488    550
(195,835)   coste   769    811
(196,202)   coste   495    577
(196,493)   coste   853    845
(196,609)   coste   760    820
(197,211)   coste   728    723
(197,344)   coste   921    821
(198,464)   coste   848    936
(198,692)   coste   516    497
(198,917)   coste   904    979
(198,934)   coste   865    963
(199,368)   coste   332    429
(199,410)   coste   324    341
(199,660)   coste   544    394
(199,671)   coste   420    439
(199,814)   coste   233    179
(200,753)   coste   476    416
(200,967)   coste   796    788
(201,318)   coste   600    577
(201,927)   coste   746    628
(202,376)   coste   377    383
(202,771)   coste   430    540
(202,826)   coste   492    658
(203,986)   coste   458    320
(204,557)   coste   1    1
(205,577)   coste   574    506
(205,644)   coste   537    520
(206,362)   coste   457    410
(206,480)   coste   284    231
(207,414)   coste   672    556
(207,807)   coste   830    985
(208,224)   coste   1074    1030
(208,241)   coste   552    622
(208,260)   coste   536    623
(208,867)   coste   878    961
(208,996)   coste   423    570
(209,404)   coste   698    816
(209,442)   coste   281    238
(210,394)   coste   299    170
(210,683)   coste   618    679
(210,790)   coste   950    991
(211,364)   coste   1236    1162
(212,829)   coste   677    472
(213,395)   coste   423    466
(213,599)   coste   469    564
(214,660)   coste   475    310
(215,581)   coste   630    613
(216,681)   coste   274    219
(217,260)   coste   147    169
(217,315)   coste   733    851
(217,404)   coste   453    492
(217,426)   coste   331    389
(217,513)   coste   160    200
(217,676)   coste   168    120
(217,989)   coste   343    342
(218,562)   coste   343    449
(218,739)   coste   815    728
(218,949)   coste   230    137
(219,295)   coste   193    202
(219,332)   coste   378    386
(220,837)   coste   478    649
(221,571)   coste   648    764
(221,682)   coste   455    481
(221,806)   coste   785    803
(221,931)   coste   18    57
(222,675)   coste   755    761
(222,715)   coste   700    560
(223,392)   coste   336    305
(223,402)   coste   241    146
(223,858)   coste   699    632
(223,931)   coste   423    493
(224,862)   coste   498    467
(224,946)   coste   875    704
(224,995)   coste   589    629
(225,315)   coste   881    880
(226,632)   coste   769    782
(227,519)   coste   590    641
(227,821)   coste   589    689
(228,500)   coste   260    256
(228,758)   coste   272    266
(229,581)   coste   964    937
(229,626)   coste   604    645
(230,482)   coste   1068    898
(231,321)   coste   588    557
(231,667)   coste   591    753
(231,695)   coste   644    672
(231,786)   coste   828    745
(231,845)   coste   577    520
(232,556)   coste   51    221
(232,584)   coste   785    843
(233,277)   coste   22    72
(233,579)   coste   740    665
(234,264)   coste   517    468
(234,347)   coste   355    369
(234,423)   coste   324    161
(234,634)   coste   642    518
(235,435)   coste   190    218
(235,587)   coste   411    322
(235,708)   coste   629    533
(236,312)   coste   151    128
(237,303)   coste   552    469
(237,664)   coste   376    345
(237,869)   coste   817    943
(238,398)   coste   275    283
(238,612)   coste   474    458
(238,716)   coste   210    180
(239,479)   coste   435    253
(239,484)   coste   195    352
(239,811)   coste   389    323
(239,929)   coste   415    240
(240,258)   coste   146    169
(240,698)   coste   448    501
(240,839)   coste   492    645
(241,353)   coste   864    758
(241,398)   coste   834    720
(241,506)   coste   276    358
(241,747)   coste   300    475
(241,863)   coste   815    980
(241,931)   coste   16    52
(243,390)   coste   408    383
(243,787)   coste   639    635
(244,479)   coste   925    803
(244,917)   coste   309    316
(244,986)   coste   859    876
(245,295)   coste   565    507
(245,345)   coste   364    265
(245,631)   coste   310    356
(245,838)   coste   945    921
(246,465)   coste   525    393
(247,470)   coste   236    208
(247,484)   coste   206    222
(247,625)   coste   542    592
(248,372)   coste   643    575
(248,715)   coste   1049    926
(249,283)   coste   710    783
(249,313)   coste   604    673
(249,766)   coste   833    917
(249,801)   coste   244    245
(250,319)   coste   1149    1027
(250,897)   coste   788    794
(250,919)   coste   932    846
(251,676)   coste   295    295
(252,629)   coste   446    503
(253,917)   coste   605    659
(254,522)   coste   613    613
(255,577)   coste   792    820
(256,513)   coste   170    226
(256,898)   coste   134    221
(257,288)   coste   1182    1169
(257,459)   coste   133    333
(257,584)   coste   456    462
(257,606)   coste   716    634
(257,613)   coste   654    658
(257,789)   coste   438    448
(258,646)   coste   972    980
(259,318)   coste   564    560
(260,548)   coste   196    68
(260,733)   coste   403    232
(261,569)   coste   781    730
(262,553)   coste   210    282
(262,681)   coste   694    734
(262,723)   coste   896    780
(262,732)   coste   417    351
(262,790)   coste   808    695
(263,444)   coste   99    117
(263,562)   coste   426    471
(263,738)   coste   530    467
(263,846)   coste   606    545
(263,895)   coste   779    784
(264,389)   coste   116    187
(264,396)   coste   467    577
(264,628)   coste   142    252
(264,915)   coste   564    502
(265,289)   coste   741    692
(265,456)   coste   391    205
(265,719)   coste   718    690
(265,929)   coste   542    557
(266,405)   coste   370    530
(267,530)   coste   692    578
(267,666)   coste   413    483
(267,790)   coste   1047    1070
(267,880)   coste   230    173
(268,517)   coste   165    92
(268,612)   coste   459    376
(268,702)   coste   416    386
(269,653)   coste   80    163
(269,711)   coste   16    48
(269,988)   coste   774    783
(270,610)   coste   351    401
(270,698)   coste   417    524
(270,735)   coste   493    315
(270,776)   coste   693    745
(271,286)   coste   425    413
(272,306)   coste   599    445
(272,557)   coste   704    757
(272,635)   coste   196    265
(272,752)   coste   255    191
(272,973)   coste   1072    959
(273,309)   coste   323    382
(273,472)   coste   266    288
(273,743)   coste   394    480
(274,831)   coste   248    323
(274,846)   coste   570    707
(275,292)   coste   485    496
(275,587)   coste   172    133
(276,377)   coste   300    340
(276,392)   coste   322    324
(278,504)   coste   611    557
(278,689)   coste   976    866
(278,903)   coste   773    739
(279,630)   coste   52    28
(279,741)   coste   566    664
(280,399)   coste   253    199
(280,731)   coste   121    83
(281,519)   coste   170    292
(281,641)   coste   964    980
(281,819)   coste   640    533
(281,949)   coste   602    531
(282,402)   coste   158    49
(283,683)   coste   515    621
(283,783)   coste   828    872
(284,324)   coste   679    671
(284,505)   coste   723    617
(284,942)   coste   412    513
(285,301)   coste   433    462
(285,446)   coste   377    491
(286,515)   coste   236    418
(286,936)   coste   732    798
(287,300)   coste   256    294
(287,513)   coste   172    110
(287,549)   coste   410    418
(287,858)   coste   110    120
(287,913)   coste   558    433
(288,490)   coste   545    557
(288,939)   coste   872    706
(289,491)   coste   725    656
(289,959)   coste   189    236
(290,476)   coste   298    299
(290,624)   coste   611    803
(291,301)   coste   240    179
(291,674)   coste   387    379
(291,795)   coste   615    649
(292,335)   coste   786    755
(292,608)   coste   780    804
(292,643)   coste   932    864
(292,873)   coste   8    158
(292,906)   coste   1    36
(295,716)   coste   406    339
(295,934)   coste   723    696
(296,474)   coste   517    579
(297,616)   coste   381    338
(297,676)   coste   479    350
(298,320)   coste   396    318
(298,346)   coste   113    66
(299,411)   coste   463    525
(299,634)   coste   235    364
(299,721)   coste   744    628
(300,826)   coste   653    672
(300,866)   coste   602    722
(301,529)   coste   846    851
(302,833)   coste   626    632
(304,426)   coste   432    601
(304,782)   coste   471    488
(304,874)   coste   396    289
(304,988)   coste   70    140
(305,604)   coste   380    301
(305,706)   coste   195    218
(305,799)   coste   342    231
(306,897)   coste   712    580
(306,996)   coste   608    484
(307,403)   coste   706    516
(308,419)   coste   373    351
(309,705)   coste   378    334
(309,908)   coste   179    259
(310,685)   coste   388    262
(311,317)   coste   355    362
(311,568)   coste   185    127
(312,495)   coste   234    337
(312,866)   coste   164    187
(312,967)   coste   807    724
(313,565)   coste   533    517
(313,896)   coste   252    234
(315,667)   coste   872    889
(316,358)   coste   583    696
(316,810)   coste   150    235
(317,324)   coste   645    670
(317,437)   coste   257    277
(317,510)   coste   651    642
(317,528)   coste   486    498
(318,330)   coste   653    571
(318,370)   coste   699    866
(318,450)   coste   560    628
(319,492)   coste   612    493
(319,534)   coste   468    578
(319,764)   coste   552    693
(320,458)   coste   211    294
(320,536)   coste   409    494
(320,908)   coste   596    637
(320,915)   coste   553    534
(321,378)   coste   743    855
(321,564)   coste   678    742
(321,644)   coste   543    558
(322,404)   coste   848    867
(322,470)   coste   470    346
(322,542)   coste   866    845
(322,604)   coste   730    893
(322,758)   coste   928    906
(323,921)   coste   710    774
(325,635)   coste   381    348
(325,717)   coste   347    404
(326,569)   coste   251    340
(327,369)   coste   668    680
(327,425)   coste   703    705
(327,462)   coste   700    624
(328,607)   coste   309    312
(329,430)   coste   811    816
(329,551)   coste   229    102
(329,588)   coste   497    580
(330,349)   coste   772    774
(330,789)   coste   392    377
(330,923)   coste   239    326
(331,533)   coste   572    556
(331,670)   coste   486    416
(331,948)   coste   258    321
(332,436)   coste   622    600
(332,730)   coste   766    622
(333,544)   coste   211    198
(333,865)   coste   724    659
(333,982)   coste   422    248
(334,785)   coste   324    340
(335,393)   coste   1019    984
(336,618)   coste   658    590
(337,532)   coste   582    717
(337,611)   coste   381    503
(337,706)   coste   364    337
(338,426)   coste   19    104
(338,511)   coste   459    427
(338,528)   coste   652    681
(338,532)   coste   436    420
(338,885)   coste   325    440
(338,918)   coste   330    450
(339,410)   coste   94    225
(339,545)   coste   858    697
(339,911)   coste   796    845
(339,916)   coste   716    891
(340,830)   coste   647    446
(341,398)   coste   903    897
(341,900)   coste   711    802
(341,946)   coste   496    392
(342,604)   coste   118    234
(342,971)   coste   504    466
(343,394)   coste   415    415
(343,591)   coste   559    599
(344,405)   coste   616    550
(344,517)   coste   562    404
(345,393)   coste   216    338
(345,443)   coste   317    204
(345,969)   coste   231    232
(346,526)   coste   66    150
(346,765)   coste   362    524
(347,397)   coste   751    734
(347,446)   coste   334    323
(347,501)   coste   304    300
(347,733)   coste   254    117
(347,780)   coste   651    505
(347,957)   coste   678    831
(348,366)   coste   370    500
(349,843)   coste   813    742
(349,924)   coste   639    553
(350,481)   coste   890    936
(350,687)   coste   509    435
(350,692)   coste   960    946
(351,383)   coste   641    701
(351,551)   coste   405    468
(351,597)   coste   733    780
(352,614)   coste   572    534
(352,668)   coste   677    734
(352,728)   coste   628    590
(353,541)   coste   22    17
(353,632)   coste   728    719
(354,692)   coste   565    628
(355,480)   coste   577    729
(356,382)   coste   279    282
(356,395)   coste   514    538
(356,451)   coste   342    481
(357,396)   coste   888    1027
(357,441)   coste   389    299
(357,601)   coste   851    747
(357,790)   coste   961    986
(357,889)   coste   287    191
(357,957)   coste   555    568
(359,465)   coste   692    638
(359,964)   coste   613    568
(360,449)   coste   1010    894
(360,735)   coste   118    184
(360,796)   coste   833    766
(360,911)   coste   344    383
(361,938)   coste   637    594
(362,784)   coste   290    104
(362,804)   coste   766    795
(363,583)   coste   914    1028
(363,803)   coste   1042    929
(364,747)   coste   896    868
(365,374)   coste   1055    1103
(365,462)   coste   807    796
(366,380)   coste   424    284
(367,814)   coste   269    239
(367,915)   coste   214    351
(368,516)   coste   76    154
(368,608)   coste   336    210
(368,649)   coste   480    450
(368,784)   coste   671    695
(368,874)   coste   609    549
(369,426)   coste   547    574
(369,691)   coste   271    305
(370,427)   coste   621    584
(370,503)   coste   756    776
(370,566)   coste   1050    991
(370,668)   coste   849    856
(371,924)   coste   213    325
(373,587)   coste   529    698
(373,600)   coste   500    379
(374,381)   coste   527    561
(374,617)   coste   621    758
(374,819)   coste   773    815
(374,981)   coste   737    769
(375,496)   coste   432    567
(375,737)   coste   399    359
(375,754)   coste   488    515
(376,858)   coste   419    385
(377,502)   coste   455    321
(378,811)   coste   694    538
(378,835)   coste   838    770
(379,845)   coste   239    182
(380,624)   coste   144    144
(380,625)   coste   344    238
(380,658)   coste   335    375
(380,703)   coste   426    542
(380,886)   coste   293    268
(380,937)   coste   405    447
(381,755)   coste   496    310
(382,398)   coste   334    382
(383,541)   coste   845    802
(384,399)   coste   277    198
(384,836)   coste   398    341
(384,878)   coste   486    588
(385,704)   coste   381    386
(385,915)   coste   936    1101
(386,408)   coste   846    840
(386,822)   coste   746    721
(387,465)   coste   933    950
(387,504)   coste   919    926
(387,621)   coste   256    348
(387,940)   coste   221    180
(388,518)   coste   418    532
(388,759)   coste   776    786
(388,791)   coste   563    429
(388,892)   coste   716    814
(388,935)   coste   580    580
(389,706)   coste   130    91
(390,492)   coste   296    268
(390,506)   coste   235    257
(391,649)   coste   657    605
(391,733)   coste   723    741
(392,589)   coste   779    640
(392,673)   coste   666    674
(392,760)   coste   261    158
(392,888)   coste   669    803
(393,771)   coste   163    187
(394,568)   coste   303    295
(394,935)   coste   94    208
(394,957)   coste   458    336
(395,559)   coste   957    986
(395,859)   coste   671    612
(396,470)   coste   799    898
(396,530)   coste   552    463
(396,758)   coste   428    450
(396,832)   coste   931    1009
(398,429)   coste   830    819
(398,641)   coste   558    457
(398,815)   coste   371    305
(399,853)   coste   537    560
(400,468)   coste   585    682
(401,666)   coste   450    446
(401,685)   coste   155    148
(401,745)   coste   469    498
(401,826)   coste   429    534
(402,594)   coste   727    813
(402,784)   coste   390    381
(403,657)   coste   261    325
(403,689)   coste   576    688
(403,952)   coste   460    351
(405,783)   coste   108    64
(405,915)   coste   513    526
(406,513)   coste   426    472
(406,614)   coste   866    860
(406,717)   coste   327    404
(406,993)   coste   474    546
(407,580)   coste   749    731
(407,815)   coste   547    558
(408,909)   coste   376    424
(409,479)   coste   575    461
(409,533)   coste   431    378
(410,608)   coste   480    525
(410,996)   coste   956    963
(412,700)   coste   710    646
(412,704)   coste   552    472
(413,441)   coste   200    337
(413,530)   coste   566    555
(413,564)   coste   315    370
(414,744)   coste   456    601
(414,946)   coste   220    206
(415,485)   coste   876    798
(415,930)   coste   667    594
(416,421)   coste   670    762
(416,565)   coste   87    108
(416,645)   coste   748    677
(416,976)   coste   447    525
(417,549)   coste   906    913
(417,712)   coste   931    807
(418,553)   coste   395    456
(418,927)   coste   560    575
(418,971)   coste   301    269
(419,455)   coste   744    658
(419,519)   coste   807    665
(420,544)   coste   361    246
(420,718)   coste   923    834
(420,980)   coste   395    539
(421,776)   coste   296    412
(421,804)   coste   285    274
(421,969)   coste   421    433
(422,876)   coste   223    65
(423,697)   coste   673    549
(423,933)   coste   488    500
(424,485)   coste   982    879
(425,744)   coste   687    713
(428,739)   coste   399    408
(428,930)   coste   460    587
(429,525)   coste   460    481
(429,707)   coste   107    163
(429,875)   coste   153    210
(430,808)   coste   435    315
(432,613)   coste   793    777
(432,671)   coste   723    698
(432,886)   coste   758    779
(433,447)   coste   510    482
(433,666)   coste   533    447
(433,703)   coste   835    802
(434,580)   coste   512    389
(434,796)   coste   248    214
(435,647)   coste   672    767
(435,877)   coste   276    263
(436,697)   coste   237    211
(437,487)   coste   743    749
(437,923)   coste   541    502
(437,958)   coste   496    429
(440,719)   coste   837    835
(440,808)   coste   743    791
(441,701)   coste   260    186
(442,748)   coste   408    367
(442,868)   coste   548    427
(443,527)   coste   703    584
(444,469)   coste   614    566
(444,911)   coste   500    626
(444,945)   coste   898    744
(445,516)   coste   680    661
(447,963)   coste   627    458
(447,971)   coste   347    360
(448,575)   coste   682    715
(448,624)   coste   746    731
(448,919)   coste   1219    1097
(449,574)   coste   760    716
(450,474)   coste   676    648
(450,787)   coste   971    1024
(452,616)   coste   619    774
(452,709)   coste   612    527
(452,896)   coste   409    293
(453,493)   coste   517    490
(453,792)   coste   654    591
(453,925)   coste   634    723
(454,633)   coste   35    6
(455,896)   coste   443    417
(456,711)   coste   779    829
(456,779)   coste   76    210
(456,951)   coste   460    418
(457,567)   coste   335    149
(457,970)   coste   162    173
(460,840)   coste   715    710
(462,778)   coste   462    468
(462,933)   coste   794    809
(462,946)   coste   171    127
(463,906)   coste   648    633
(465,806)   coste   613    644
(466,468)   coste   825    922
(466,482)   coste   958    915
(466,765)   coste   372    398
(468,521)   coste   269    149
(468,555)   coste   576    539
(468,747)   coste   731    815
(468,888)   coste   365    455
(469,848)   coste   448    568
(470,523)   coste   988    1107
(471,515)   coste   1072    912
(472,537)   coste   874    1035
(472,572)   coste   838    735
(472,693)   coste   309    395
(472,789)   coste   720    616
(473,551)   coste   372    438
(474,568)   coste   851    858
(475,550)   coste   837    827
(475,572)   coste   704    711
(475,892)   coste   417    379
(477,840)   coste   672    737
(477,935)   coste   295    245
(477,948)   coste   725    552
(478,524)   coste   824    756
(478,558)   coste   198    376
(478,637)   coste   523    592
(478,804)   coste   390    240
(479,719)   coste   831    795
(480,926)   coste   630    629
(481,590)   coste   317    271
(481,625)   coste   468    470
(481,817)   coste   925    950
(482,491)   coste   391    391
(482,579)   coste   1095    1025
(482,728)   coste   360    454
(483,948)   coste   109    4
(484,501)   coste   495    411
(484,595)   coste   665    617
(484,736)   coste   242    67
(485,774)   coste   700    579
(487,762)   coste   994    977
(490,707)   coste   814    764
(490,959)   coste   416    500
(491,945)   coste   285    205
(492,835)   coste   665    762
(493,653)   coste   702    547
(494,500)   coste   537    501
(494,722)   coste   651    652
(494,754)   coste   469    440
(495,665)   coste   674    661
(495,847)   coste   239    262
(496,963)   coste   639    513
(497,832)   coste   576    548
(498,635)   coste   77    118
(498,783)   coste   716    678
(498,788)   coste   460    584
(498,910)   coste   837    861
(499,738)   coste   929    1004
(499,851)   coste   508    357
(499,873)   coste   929    907
(500,507)   coste   209    283
(500,588)   coste   219    169
(500,872)   coste   918    851
(502,638)   coste   132    102
(503,681)   coste   635    563
(504,512)   coste   693    763
(504,646)   coste   532    536
(505,539)   coste   493    632
(505,768)   coste   206    219
(506,552)   coste   425    302
(507,537)   coste   831    957
(508,940)   coste   294    265
(510,777)   coste   861    766
(511,739)   coste   363    373
(511,828)   coste   366    306
(512,592)   coste   483    459
(512,620)   coste   529    436
(513,590)   coste   257    367
(513,608)   coste   138    141
(513,904)   coste   437    425
(513,971)   coste   448    436
(514,523)   coste   482    545
(514,603)   coste   629    549
(514,706)   coste   361    291
(514,748)   coste   885    961
(514,918)   coste   374    353
(517,703)   coste   818    831
(517,704)   coste   712    839
(517,759)   coste   1    54
(518,983)   coste   263    359
(519,568)   coste   623    478
(519,779)   coste   737    777
(520,947)   coste   443    382
(521,524)   coste   683    703
(521,833)   coste   534    486
(522,579)   coste   308    449
(522,654)   coste   553    625
(523,537)   coste   1155    1230
(524,606)   coste   820    841
(524,757)   coste   887    889
(525,670)   coste   297    247
(525,758)   coste   559    657
(527,917)   coste   99    34
(527,963)   coste   192    352
(528,679)   coste   474    629
(530,921)   coste   704    868
(530,947)   coste   216    215
(531,551)   coste   961    932
(532,642)   coste   243    298
(532,658)   coste   424    520
(533,547)   coste   685    678
(533,753)   coste   888    798
(533,819)   coste   350    361
(533,923)   coste   513    394
(533,968)   coste   947    963
(534,814)   coste   644    602
(536,690)   coste   175    121
(536,774)   coste   1088    1024
(538,689)   coste   651    710
(538,870)   coste   763    783
(538,922)   coste   467    441
(539,704)   coste   325    394
(539,717)   coste   289    374
(539,732)   coste   309    392
(540,613)   coste   808    861
(540,689)   coste   742    577
(540,740)   coste   246    328
(540,765)   coste   887    771
(540,885)   coste   669    646
(541,863)   coste   7    178
(541,897)   coste   37    1
(543,680)   coste   764    751
(545,677)   coste   298    391
(546,958)   coste   563    583
(546,1000)   coste   328    324
(547,678)   coste   655    814
(548,835)   coste   274    306
(549,551)   coste   542    548
(549,646)   coste   418    538
(549,806)   coste   936    974
(549,816)   coste   902    1001
(550,714)   coste   274    309
(551,614)   coste   686    698
(552,642)   coste   445    506
(552,967)   coste   529    550
(553,779)   coste   83    72
(553,811)   coste   236    213
(554,607)   coste   137    152
(556,611)   coste   708    623
(556,639)   coste   605    604
(557,574)   coste   797    750
(558,847)   coste   342    274
(558,984)   coste   389    521
(559,798)   coste   852    882
(560,769)   coste   135    106
(561,643)   coste   812    892
(561,995)   coste   170    73
(562,579)   coste   719    816
(562,966)   coste   797    773
(563,682)   coste   135    232
(564,591)   coste   625    737
(564,879)   coste   220    193
(565,912)   coste   376    324
(567,632)   coste   334    463
(568,598)   coste   1009    947
(568,750)   coste   729    665
(568,762)   coste   860    856
(568,856)   coste   456    488
(569,605)   coste   249    207
(570,612)   coste   528    433
(571,792)   coste   516    644
(572,885)   coste   590    584
(573,906)   coste   984    1074
(576,810)   coste   547    514
(577,838)   coste   891    926
(578,634)   coste   866    746
(578,689)   coste   642    619
(578,755)   coste   93    7
(578,922)   coste   633    629
(580,934)   coste   480    499
(581,599)   coste   757    794
(581,960)   coste   642    614
(582,950)   coste   451    276
(583,806)   coste   552    522
(584,943)   coste   363    461
(585,729)   coste   1    100
(586,780)   coste   392    470
(586,936)   coste   860    724
(586,998)   coste   382    343
(587,612)   coste   345    389
(588,856)   coste   421    460
(589,609)   coste   770    853
(589,667)   coste   640    707
(589,907)   coste   424    592
(590,708)   coste   233    174
(590,838)   coste   691    854
(591,725)   coste   395    514
(592,810)   coste   108    64
(593,809)   coste   338    407
(594,831)   coste   603    651
(596,734)   coste   790    816
(597,600)   coste   563    631
(597,901)   coste   945    1125
(598,897)   coste   835    893
(602,860)   coste   512    529
(602,897)   coste   829    973
(603,737)   coste   126    192
(603,950)   coste   471    444
(604,843)   coste   292    328
(604,997)   coste   324    229
(605,886)   coste   304    319
(605,919)   coste   303    249
(605,962)   coste   296    340
(606,737)   coste   57    76
(606,821)   coste   910    784
(607,734)   coste   285    381
(608,801)   coste   523    535
(608,823)   coste   259    440
(609,990)   coste   745    644
(611,686)   coste   517    563
(611,816)   coste   417    451
(611,906)   coste   532    619
(612,946)   coste   876    938
(615,831)   coste   384    467
(616,704)   coste   762    804
(616,992)   coste   558    601
(617,648)   coste   390    348
(618,660)   coste   486    404
(619,986)   coste   709    662
(620,651)   coste   353    338
(620,730)   coste   666    522
(621,633)   coste   520    676
(622,684)   coste   308    356
(622,858)   coste   804    817
(623,704)   coste   746    660
(625,860)   coste   143    54
(626,639)   coste   397    416
(626,894)   coste   322    279
(627,756)   coste   702    888
(627,1000)   coste   439    485
(628,878)   coste   479    532
(629,810)   coste   235    151
(630,858)   coste   297    221
(632,808)   coste   298    263
(633,988)   coste   986    836
(634,695)   coste   645    502
(634,986)   coste   698    739
(635,692)   coste   447    418
(635,887)   coste   375    372
(636,752)   coste   263    373
(636,895)   coste   211    206
(637,660)   coste   504    527
(637,767)   coste   457    528
(637,790)   coste   550    690
(637,845)   coste   399    430
(638,938)   coste   237    63
(639,924)   coste   442    417
(639,925)   coste   642    721
(640,812)   coste   515    333
(640,818)   coste   883    894
(640,974)   coste   541    436
(641,968)   coste   882    926
(642,787)   coste   651    717
(642,937)   coste   711    634
(642,985)   coste   565    745
(644,815)   coste   234    360
(644,826)   coste   239    210
(647,813)   coste   517    616
(647,961)   coste   865    839
(648,724)   coste   980    971
(648,738)   coste   620    677
(648,934)   coste   72    191
(650,949)   coste   846    845
(652,681)   coste   966    1031
(652,692)   coste   970    928
(652,924)   coste   595    589
(653,838)   coste   378    223
(657,896)   coste   714    762
(658,935)   coste   124    130
(658,949)   coste   754    695
(658,987)   coste   232    92
(659,784)   coste   370    256
(661,714)   coste   616    539
(661,780)   coste   1271    1205
(661,929)   coste   425    495
(663,750)   coste   141    175
(664,882)   coste   496    504
(665,931)   coste   611    555
(665,943)   coste   296    298
(667,672)   coste   708    694
(667,825)   coste   129    162
(667,963)   coste   462    392
(668,737)   coste   554    669
(669,737)   coste   125    202
(669,855)   coste   587    511
(670,672)   coste   786    867
(671,710)   coste   460    301
(671,814)   coste   548    637
(671,985)   coste   550    464
(672,858)   coste   595    460
(673,713)   coste   643    600
(674,740)   coste   794    769
(674,755)   coste   558    524
(675,682)   coste   323    416
(675,830)   coste   329    306
(675,887)   coste   441    300
(676,941)   coste   326    300
(677,928)   coste   555    635
(678,751)   coste   502    622
(678,860)   coste   623    527
(678,885)   coste   167    54
(678,901)   coste   271    297
(680,743)   coste   537    612
(681,715)   coste   699    754
(683,954)   coste   162    149
(685,698)   coste   662    773
(686,749)   coste   921    1000
(687,926)   coste   857    846
(687,974)   coste   613    590
(690,707)   coste   521    374
(692,839)   coste   419    371
(692,991)   coste   447    484
(693,725)   coste   217    162
(693,797)   coste   543    485
(693,812)   coste   265    164
(694,736)   coste   83    28
(695,878)   coste   142    265
(696,946)   coste   483    538
(696,950)   coste   196    357
(697,969)   coste   184    151
(699,955)   coste   739    774
(700,881)   coste   142    158
(701,991)   coste   283    279
(705,926)   coste   457    405
(706,883)   coste   517    516
(708,790)   coste   343    409
(709,923)   coste   696    701
(712,814)   coste   375    417
(713,854)   coste   547    696
(713,884)   coste   876    808
(715,876)   coste   358    398
(718,975)   coste   911    885
(720,972)   coste   384    464
(721,995)   coste   442    374
(723,793)   coste   303    249
(725,841)   coste   649    625
(726,892)   coste   511    384
(727,844)   coste   469    281
(727,989)   coste   142    296
(728,981)   coste   141    108
(729,819)   coste   288    215
(731,895)   coste   16    166
(733,853)   coste   602    734
(735,825)   coste   304    326
(735,879)   coste   346    312
(736,757)   coste   708    743
(738,749)   coste   922    905
(739,958)   coste   369    503
(740,768)   coste   479    545
(740,822)   coste   1195    1163
(742,975)   coste   446    526
(744,995)   coste   975    908
(745,829)   coste   603    513
(746,826)   coste   942    778
(746,865)   coste   572    559
(748,795)   coste   909    769
(748,826)   coste   751    714
(749,926)   coste   312    494
(753,806)   coste   771    821
(754,797)   coste   837    918
(756,861)   coste   489    442
(756,971)   coste   657    567
(756,995)   coste   1042    1010
(757,797)   coste   901    859
(758,781)   coste   536    702
(759,891)   coste   668    727
(762,907)   coste   524    531
(763,955)   coste   377    294
(764,838)   coste   159    172
(765,977)   coste   722    637
(766,844)   coste   354    200
(768,796)   coste   289    341
(768,929)   coste   282    456
(769,892)   coste   612    755
(769,957)   coste   567    569
(770,882)   coste   850    736
(770,902)   coste   570    639
(770,988)   coste   556    507
(771,848)   coste   616    579
(772,776)   coste   721    806
(773,948)   coste   166    22
(773,985)   coste   833    757
(775,808)   coste   161    191
(777,898)   coste   82    153
(777,993)   coste   611    555
(781,901)   coste   146    246
(782,962)   coste   507    606
(784,819)   coste   376    434
(784,852)   coste   28    136
(784,985)   coste   236    71
(786,905)   coste   181    371
(786,1000)   coste   750    753
(789,942)   coste   151    213
(791,865)   coste   705    727
(791,911)   coste   303    218
(791,953)   coste   165    231
(794,947)   coste   530    481
(795,913)   coste   934    902
(799,991)   coste   382    420
(800,815)   coste   225    337
(804,889)   coste   776    688
(804,914)   coste   532    519
(805,883)   coste   918    965
(812,823)   coste   460    436
(819,835)   coste   424    399
(820,924)   coste   806    863
(820,954)   coste   633    527
(821,862)   coste   757    734
(824,919)   coste   532    510
(827,976)   coste   370    302
(829,834)   coste   579    571
(829,986)   coste   487    468
(830,948)   coste   307    449
(831,982)   coste   113    152
(832,907)   coste   642    636
(833,897)   coste   616    543
(833,990)   coste   144    195
(835,837)   coste   600    550
(835,932)   coste   548    530
(835,995)   coste   219    137
(836,922)   coste   885    823
(836,1000)   coste   881    770
(837,893)   coste   215    182
(838,907)   coste   539    540
(838,936)   coste   1126    1081
(838,999)   coste   722    681
(842,878)   coste   469    414
(844,916)   coste   492    654
(845,953)   coste   371    232
(845,984)   coste   839    838
(846,875)   coste   488    378
(857,939)   coste   319    224
(859,919)   coste   655    779
(859,988)   coste   408    392
(862,871)   coste   929    844
(866,867)   coste   461    375
(866,950)   coste   455    569
(867,950)   coste   455    317
(870,999)   coste   624    576
(877,985)   coste   443    298
(880,956)   coste   255    260
(881,956)   coste   301    271
(886,916)   coste   388    443
(886,979)   coste   610    742
(888,989)   coste   688    690
(889,922)   coste   294    191
(889,985)   coste   180    2
(890,932)   coste   265    366
(891,998)   coste   578    651
(897,903)   coste   609    554
(897,914)   coste   351    248
(899,977)   coste   516    510
(901,957)   coste   533    459
(905,949)   coste   331    333
(908,921)   coste   74    41
(909,971)   coste   856    819
(911,936)   coste   153    295
(912,927)   coste   879    988
(917,982)   coste   432    506
(919,944)   coste   1053    1075
(922,1000)   coste   508    621
(932,994)   coste   322    320
(934,995)   coste   888    887
(935,945)   coste   514    532
(942,960)   coste   387    364
(943,951)   coste   105    128
(943,965)   coste   469    635
(948,989)   coste   273    327
(952,992)   coste   727    769
(957,964)   coste   227    201
(988,992)   coste   164    327
(1,155)   coste   235    343
(1,774)   coste   28    158
(2,686)   coste   160    295
(105,686)   coste   450    516
(105,593)   coste   625    611
(593,809)   coste   338    407
(723,793)   coste   303    249
(17,793)   coste   431    516
(17,688)   coste   314    212
(3,109)   coste   64    176
(109,347)   coste   548    708
(347,446)   coste   334    323
(4,789)   coste   149    71
(789,942)   coste   151    213
(429,707)   coste   107    163
(429,525)   coste   460    481
(525,670)   coste   297    247
(339,410)   coste   94    225
(6,535)   coste   802    696
(55,844)   coste   475    579
(71,964)   coste   586    483
(758,781)   coste   536    702
(8,188)   coste   662    665
(68,188)   coste   882    716
(68,293)   coste   792    764
(708,790)   coste   343    409
(74,790)   coste   730    686
(642,937)   coste   711    634
(9,413)   coste   35    125
(413,441)   coste   200    337
(269,653)   coste   80    163
(54,426)   coste   437    367
(237,869)   coste   817    943
(12,222)   coste   336    459
(12,202)   coste   184    228
(196,202)   coste   495    577
(13,526)   coste   503    327
(346,526)   coste   66    150
(14,697)   coste   606    591
(697,969)   coste   184    151
(15,926)   coste   383    243
(118,926)   coste   565    598
(498,635)   coste   77    118
(40,635)   coste   127    107
(40,212)   coste   559    576
(619,986)   coste   709    662
(172,803)   coste   757    749
(172,939)   coste   680    572
(857,939)   coste   319    224
(93,128)   coste   295    367
(128,490)   coste   442    439
(288,490)   coste   545    557
(19,792)   coste   540    712
(26,864)   coste   377    179
(835,837)   coste   600    550
(220,837)   coste   478    649
(932,994)   coste   322    320
(92,720)   coste   375    380
(720,972)   coste   384    464
(233,277)   coste   22    72
(21,69)   coste   469    514
(69,734)   coste   690    734
(279,741)   coste   566    664
(534,814)   coste   644    602
(23,310)   coste   550    549
(473,551)   coste   372    438
(117,605)   coste   501    493
(605,886)   coste   304    319
(886,979)   coste   610    742
(25,284)   coste   768    840
(27,77)   coste   442    524
(77,639)   coste   147    214
(556,639)   coste   605    604
(131,556)   coste   19    170
(131,335)   coste   147    145
(77,489)   coste   50    18
(28,777)   coste   426    343
(28,574)   coste   400    328
(28,714)   coste   264    169
(368,649)   coste   480    450
(368,516)   coste   76    154
(445,516)   coste   680    661
(29,946)   coste   951    875
(30,388)   coste   578    544
(388,518)   coste   418    532
(518,983)   coste   263    359
(31,150)   coste   904    957
(198,464)   coste   848    936
(32,898)   coste   368    387
(768,929)   coste   282    456
(505,768)   coste   206    219
(34,95)   coste   185    210
(34,119)   coste   396    345
(119,391)   coste   362    182
(92,699)   coste   461    425
(92,377)   coste   240    271
(42,913)   coste   542    645
(125,215)   coste   557    561
(36,314)   coste   893    962
(36,620)   coste   296    248
(620,651)   coste   353    338
(37,698)   coste   26    67
(685,698)   coste   662    773
(38,316)   coste   889    985
(57,850)   coste   1144    985
(352,614)   coste   572    534
(559,798)   coste   852    882
(43,930)   coste   639    568
(240,258)   coste   146    169
(46,885)   coste   369    345
(540,885)   coste   669    646
(47,162)   coste   813    905
(48,664)   coste   290    241
(632,808)   coste   298    263
(226,632)   coste   769    782
(49,519)   coste   694    647
(281,519)   coste   170    292
(50,195)   coste   208    199
(275,587)   coste   172    133
(235,587)   coste   411    322
(51,174)   coste   769    717
(988,992)   coste   164    327
(53,981)   coste   93    106
(434,796)   coste   248    214
(78,658)   coste   221    388
(56,94)   coste   331    357
(468,747)   coste   731    815
(345,443)   coste   317    204
(245,345)   coste   364    265
(245,631)   coste   310    356
(60,115)   coste   342    336
(82,115)   coste   234    159
(108,115)   coste   361    409
(61,488)   coste   674    729
(126,187)   coste   156    301
(64,287)   coste   322    192
(287,300)   coste   256    294
(553,811)   coste   236    213
(65,770)   coste   732    676
(770,902)   coste   570    639
(66,599)   coste   186    294
(66,860)   coste   105    57
(180,767)   coste   463    422
(72,294)   coste   320    322
(264,628)   coste   142    252
(168,203)   coste   176    309
(168,970)   coste   124    143
(621,633)   coste   520    676
(387,621)   coste   256    348
(224,862)   coste   498    467
(626,639)   coste   397    416
(626,894)   coste   322    279
(79,260)   coste   373    340
(260,548)   coste   196    68
(107,548)   coste   528    674
(107,655)   coste   207    109
(80,583)   coste   417    414
(81,918)   coste   368    438
(206,480)   coste   284    231
(739,958)   coste   369    503
(812,823)   coste   460    436
(342,604)   coste   118    234
(648,724)   coste   980    971
(718,975)   coste   911    885
(742,975)   coste   446    526
(86,334)   coste   449    502
(86,883)   coste   524    572
(706,883)   coste   517    516
(805,883)   coste   918    965
(87,613)   coste   578    373
(139,423)   coste   274    219
(321,644)   coste   543    558
(205,644)   coste   537    520
(414,946)   coste   220    206
(192,946)   coste   256    238
(90,507)   coste   300    342
(123,395)   coste   482    542
(357,601)   coste   851    747
(641,968)   coste   882    926
(452,616)   coste   619    774
(96,963)   coste   251    273
(527,963)   coste   192    352
(582,950)   coste   451    276
(603,950)   coste   471    444
(603,737)   coste   126    192
(97,243)   coste   496    564
(243,787)   coste   639    635
(442,748)   coste   408    367
(833,990)   coste   144    195
(521,833)   coste   534    486
(386,822)   coste   746    721
(386,408)   coste   846    840
(100,183)   coste   801    879
(201,318)   coste   600    577
(102,763)   coste   724    744
(379,845)   coste   239    182
(234,347)   coste   355    369
(347,397)   coste   751    734
(104,266)   coste   442    410
(239,479)   coste   435    253
(385,704)   coste   381    386
(289,959)   coste   189    236
(667,672)   coste   708    694
(111,816)   coste   94    93
(112,184)   coste   866    904
(313,565)   coste   533    517
(113,325)   coste   769    699
(121,302)   coste   128    89
(911,936)   coste   153    295
(569,605)   coste   249    207
(261,569)   coste   781    730
(407,580)   coste   749    731
(580,934)   coste   480    499
(122,733)   coste   206    246
(122,948)   coste   55    50
(124,211)   coste   462    263
(124,705)   coste   301    290
(137,735)   coste   455    621
(330,349)   coste   772    774
(129,349)   coste   408    413
(502,638)   coste   132    102
(638,938)   coste   237    63
(361,938)   coste   637    594
(127,509)   coste   804    795
(130,532)   coste   568    555
(693,725)   coste   217    162
(591,725)   coste   395    514
(367,915)   coste   214    351
(605,962)   coste   296    340
(605,919)   coste   303    249
(824,919)   coste   532    510
(508,940)   coste   294    265
(141,323)   coste   571    626
(323,921)   coste   710    774
(908,921)   coste   74    41
(309,908)   coste   179    259
(412,700)   coste   710    646
(144,706)   coste   541    550
(305,706)   coste   195    218
(282,402)   coste   158    49
(223,402)   coste   241    146
(800,815)   coste   225    337
(148,227)   coste   216    209
(545,677)   coste   298    391
(677,928)   coste   555    635
(406,993)   coste   474    546
(406,717)   coste   327    404
(151,547)   coste   285    275
(153,761)   coste   299    248
(154,439)   coste   368    267
(154,951)   coste   416    358
(156,882)   coste   538    516
(332,436)   coste   622    600
(622,684)   coste   308    356
(669,855)   coste   587    511
(157,791)   coste   159    153
(157,301)   coste   625    612
(301,529)   coste   846    851
(158,204)   coste   346    308
(204,557)   coste   1    1
(267,530)   coste   692    578
(561,643)   coste   812    892
(561,995)   coste   170    73
(425,744)   coste   687    713
(546,1000)   coste   328    324
(163,334)   coste   466    512
(334,785)   coste   324    340
(565,912)   coste   376    324
(416,565)   coste   87    108
(416,645)   coste   748    677
(541,863)   coste   7    178
(353,541)   coste   22    17
(246,465)   coste   525    393
(169,633)   coste   572    627
(454,633)   coste   35    6
(171,879)   coste   458    388
(484,501)   coste   495    411
(173,687)   coste   370    328
(350,687)   coste   509    435
(175,952)   coste   718    676
(175,333)   coste   435    248
(333,544)   coste   211    198
(420,544)   coste   361    246
(312,866)   coste   164    187
(236,312)   coste   151    128
(403,657)   coste   261    325
(307,403)   coste   706    516
(731,895)   coste   16    166
(636,895)   coste   211    206
(299,721)   coste   744    628
(182,299)   coste   347    174
(827,976)   coste   370    302
(181,467)   coste   231    238
(194,696)   coste   194    189
(338,511)   coste   459    427
(481,817)   coste   925    950
(241,931)   coste   16    52
(193,462)   coste   120    159
(462,778)   coste   462    468
(745,829)   coste   603    513
(829,834)   coste   579    571
(453,493)   coste   517    490
(344,517)   coste   562    404
(268,517)   coste   165    92
(268,702)   coste   416    386
(354,692)   coste   565    628
(253,917)   coste   605    659
(199,660)   coste   544    394
(214,660)   coste   475    310
(753,806)   coste   771    821
(552,967)   coste   529    550
(393,771)   coste   163    187
(255,577)   coste   792    820
(208,996)   coste   423    570
(867,950)   coste   455    317
(210,394)   coste   299    170
(283,683)   coste   515    621
(216,681)   coste   274    219
(217,315)   coste   733    851
(218,949)   coste   230    137
(905,949)   coste   331    333
(786,905)   coste   181    371
(650,949)   coste   846    845
(500,872)   coste   918    851
(230,482)   coste   1068    898
(482,728)   coste   360    454
(482,491)   coste   391    391
(257,584)   coste   456    462
(257,459)   coste   133    333
(435,647)   coste   672    767
(647,813)   coste   517    616
(238,398)   coste   275    283
(570,612)   coste   528    433
(248,372)   coste   643    575
(248,715)   coste   1049    926
(715,876)   coste   358    398
(422,876)   coste   223    65
(251,676)   coste   295    295
(676,941)   coste   326    300
(252,629)   coste   446    503
(629,810)   coste   235    151
(576,810)   coste   547    514
(254,522)   coste   613    613
(326,569)   coste   251    340
(263,846)   coste   606    545
(433,666)   coste   533    447
(517,759)   coste   1    54
(271,286)   coste   425    413
(286,515)   coste   236    418
(471,515)   coste   1072    912
(272,306)   coste   599    445
(273,743)   coste   394    480
(680,743)   coste   537    612
(543,680)   coste   764    751
(472,537)   coste   874    1035
(278,689)   coste   976    866
(538,689)   coste   651    710
(380,624)   coste   144    144
(380,703)   coste   426    542
(291,795)   coste   615    649
(296,474)   coste   517    579
(474,568)   coste   851    858
(568,762)   coste   860    856
(320,458)   coste   211    294
(308,419)   coste   373    351
(495,847)   coste   239    262
(558,847)   coste   342    274
(370,668)   coste   849    856
(327,369)   coste   668    680
(328,607)   coste   309    312
(607,734)   coste   285    381
(596,734)   coste   790    816
(554,607)   coste   137    152
(329,588)   coste   497    580
(533,819)   coste   350    361
(784,819)   coste   376    434
(831,982)   coste   113    152
(615,831)   coste   384    467
(337,611)   coste   381    503
(340,830)   coste   647    446
(341,900)   coste   711    802
(586,780)   coste   392    470
(351,597)   coste   733    780
(356,451)   coste   342    481
(421,804)   coste   285    274
(421,776)   coste   296    412
(772,776)   coste   721    806
(374,381)   coste   527    561
(381,755)   coste   496    310
(370,427)   coste   621    584
(370,566)   coste   1050    991
(371,924)   coste   213    325
(652,924)   coste   595    589
(494,754)   coste   469    440
(424,485)   coste   982    879
(432,671)   coste   723    698
(671,710)   coste   460    301
(460,840)   coste   715    710
(477,840)   coste   672    737
(514,523)   coste   482    545
(475,572)   coste   704    711
(484,595)   coste   665    617
(484,736)   coste   242    67
(665,943)   coste   296    298
(943,965)   coste   469    635
(498,788)   coste   460    584
(498,910)   coste   837    861
(499,851)   coste   508    357
(499,873)   coste   929    907
(292,873)   coste   8    158
(292,906)   coste   1    36
(573,906)   coste   984    1074
(513,904)   coste   437    425
(513,971)   coste   448    436
(756,971)   coste   657    567
(756,861)   coste   489    442
(520,947)   coste   443    382
(757,797)   coste   901    859
(560,769)   coste   135    106
(769,892)   coste   612    755
(726,892)   coste   511    384
(725,841)   coste   649    625
(713,854)   coste   547    696
(713,884)   coste   876    808

LISTA_ARISTAS_NOREQ :
