NOMBRE : WA1031 
COMENTARIO :  Chino Windy aleatorio puro
VERTICES : 1000
ARISTAS_REQ : 2074
ARISTAS_NOREQ : 0
LISTA_ARISTAS_REQ :
(1,44)   coste   873    927
(1,170)   coste   705    757
(1,407)   coste   566    519
(1,506)   coste   397    383
(1,560)   coste   610    675
(1,649)   coste   694    652
(2,304)   coste   409    399
(2,395)   coste   84    151
(2,748)   coste   481    449
(2,983)   coste   458    514
(3,8)   coste   453    376
(3,229)   coste   385    367
(3,753)   coste   365    318
(3,998)   coste   188    150
(4,774)   coste   397    384
(4,818)   coste   300    290
(5,82)   coste   205    248
(5,375)   coste   196    224
(5,958)   coste   458    508
(6,517)   coste   587    650
(6,601)   coste   534    481
(6,690)   coste   435    422
(6,824)   coste   735    821
(7,547)   coste   757    751
(7,559)   coste   654    701
(7,743)   coste   344    324
(7,811)   coste   636    598
(7,813)   coste   725    767
(7,824)   coste   549    550
(8,250)   coste   539    493
(8,685)   coste   312    321
(8,706)   coste   116    181
(8,803)   coste   184    219
(9,93)   coste   1114    1119
(9,640)   coste   286    331
(9,800)   coste   499    423
(10,102)   coste   590    550
(10,785)   coste   193    261
(11,229)   coste   209    221
(11,729)   coste   611    655
(11,912)   coste   422    395
(12,237)   coste   268    270
(12,600)   coste   349    434
(12,657)   coste   271    293
(12,675)   coste   344    406
(13,48)   coste   365    376
(13,234)   coste   711    674
(13,905)   coste   322    328
(14,57)   coste   594    505
(14,174)   coste   991    983
(15,513)   coste   341    270
(15,978)   coste   483    537
(16,616)   coste   919    947
(16,701)   coste   1021    1063
(17,86)   coste   348    257
(17,347)   coste   916    884
(17,702)   coste   920    908
(18,124)   coste   751    706
(18,165)   coste   205    177
(18,400)   coste   618    569
(18,653)   coste   514    463
(19,179)   coste   407    450
(19,882)   coste   886    890
(20,183)   coste   205    223
(20,194)   coste   1011    1007
(20,536)   coste   223    300
(20,762)   coste   461    530
(20,936)   coste   389    399
(21,49)   coste   727    666
(21,126)   coste   216    194
(21,131)   coste   86    172
(21,995)   coste   809    886
(22,161)   coste   412    481
(22,319)   coste   593    587
(23,440)   coste   265    243
(23,545)   coste   607    540
(23,933)   coste   549    462
(24,130)   coste   266    277
(24,434)   coste   323    346
(25,89)   coste   349    357
(25,753)   coste   612    650
(26,187)   coste   449    501
(26,806)   coste   379    419
(26,866)   coste   396    335
(27,993)   coste   1219    1219
(28,282)   coste   497    565
(28,495)   coste   389    367
(28,500)   coste   166    162
(28,628)   coste   419    427
(28,689)   coste   429    397
(28,796)   coste   527    558
(28,847)   coste   233    212
(29,124)   coste   943    884
(29,271)   coste   952    926
(30,244)   coste   403    439
(30,532)   coste   322    223
(30,899)   coste   712    725
(31,310)   coste   558    598
(31,504)   coste   395    350
(31,847)   coste   452    415
(32,163)   coste   165    86
(32,190)   coste   231    184
(32,837)   coste   508    466
(32,974)   coste   536    635
(33,39)   coste   894    797
(33,108)   coste   67    29
(33,166)   coste   949    890
(33,335)   coste   407    390
(33,725)   coste   223    221
(34,289)   coste   624    650
(34,338)   coste   337    291
(34,745)   coste   593    601
(35,255)   coste   890    900
(35,551)   coste   499    537
(35,764)   coste   948    989
(35,827)   coste   208    221
(35,923)   coste   867    842
(36,155)   coste   518    542
(36,289)   coste   88    94
(36,303)   coste   850    840
(36,619)   coste   754    741
(36,716)   coste   633    563
(36,815)   coste   760    813
(37,482)   coste   908    942
(37,510)   coste   637    613
(38,91)   coste   459    480
(38,172)   coste   604    692
(38,605)   coste   825    828
(38,632)   coste   535    583
(38,867)   coste   1047    1068
(38,983)   coste   1007    989
(39,71)   coste   454    464
(39,451)   coste   500    436
(39,471)   coste   938    946
(40,198)   coste   651    642
(40,773)   coste   647    636
(41,100)   coste   627    648
(41,225)   coste   628    693
(41,647)   coste   530    561
(42,874)   coste   491    518
(43,453)   coste   486    538
(43,763)   coste   442    432
(43,853)   coste   383    341
(43,999)   coste   700    664
(44,294)   coste   809    777
(44,735)   coste   867    941
(45,301)   coste   766    717
(45,631)   coste   476    492
(45,662)   coste   476    535
(46,276)   coste   327    317
(46,437)   coste   780    768
(46,445)   coste   342    347
(46,739)   coste   743    789
(46,803)   coste   244    229
(47,66)   coste   528    455
(47,383)   coste   298    233
(47,405)   coste   249    224
(47,561)   coste   94    182
(48,181)   coste   212    189
(48,304)   coste   414    409
(48,441)   coste   909    863
(48,500)   coste   587    590
(48,881)   coste   918    892
(49,62)   coste   895    843
(49,321)   coste   437    457
(49,509)   coste   198    206
(49,692)   coste   927    986
(49,942)   coste   430    372
(50,78)   coste   758    753
(50,231)   coste   364    352
(50,496)   coste   568    527
(50,597)   coste   553    560
(50,627)   coste   64    14
(50,629)   coste   377    287
(50,684)   coste   440    404
(50,712)   coste   724    705
(51,106)   coste   19    58
(51,401)   coste   202    254
(51,955)   coste   197    210
(52,86)   coste   338    349
(52,135)   coste   387    402
(52,264)   coste   359    343
(52,268)   coste   621    541
(53,362)   coste   241    201
(53,490)   coste   392    437
(53,612)   coste   300    282
(53,671)   coste   391    388
(54,267)   coste   373    276
(55,123)   coste   394    421
(55,672)   coste   429    478
(55,753)   coste   288    339
(56,249)   coste   597    544
(56,288)   coste   109    94
(56,307)   coste   469    404
(57,509)   coste   698    687
(57,577)   coste   383    332
(58,361)   coste   340    371
(58,884)   coste   493    465
(59,496)   coste   505    530
(59,776)   coste   564    579
(59,855)   coste   915    969
(60,112)   coste   697    673
(60,154)   coste   677    621
(60,691)   coste   592    621
(60,849)   coste   992    1009
(61,124)   coste   156    192
(63,455)   coste   810    727
(63,495)   coste   926    913
(63,746)   coste   460    487
(63,748)   coste   754    776
(63,892)   coste   966    1009
(64,414)   coste   992    999
(65,502)   coste   829    777
(65,528)   coste   215    215
(66,209)   coste   641    666
(66,355)   coste   780    701
(66,523)   coste   360    308
(66,970)   coste   647    578
(67,561)   coste   751    729
(67,921)   coste   280    270
(68,319)   coste   293    309
(68,603)   coste   557    621
(68,886)   coste   262    253
(68,973)   coste   287    292
(69,101)   coste   548    499
(69,302)   coste   789    717
(69,460)   coste   569    561
(69,473)   coste   320    353
(69,738)   coste   576    560
(70,84)   coste   323    357
(70,561)   coste   305    356
(70,814)   coste   299    375
(71,108)   coste   432    516
(71,214)   coste   548    540
(71,260)   coste   229    212
(71,622)   coste   439    504
(71,811)   coste   440    442
(72,74)   coste   667    630
(72,146)   coste   124    123
(72,167)   coste   563    491
(72,448)   coste   688    656
(72,997)   coste   354    324
(73,98)   coste   71    85
(73,159)   coste   228    201
(73,533)   coste   911    946
(73,534)   coste   714    676
(73,735)   coste   334    381
(74,75)   coste   726    756
(74,255)   coste   1068    1032
(74,456)   coste   904    984
(75,591)   coste   512    533
(75,792)   coste   714    718
(76,99)   coste   549    556
(76,231)   coste   668    654
(76,974)   coste   159    234
(77,211)   coste   323    377
(77,521)   coste   808    835
(77,599)   coste   326    350
(77,777)   coste   347    244
(78,529)   coste   184    180
(79,545)   coste   944    981
(79,691)   coste   279    288
(80,255)   coste   690    705
(81,567)   coste   339    411
(81,658)   coste   348    362
(81,687)   coste   92    113
(81,794)   coste   220    218
(81,929)   coste   351    356
(82,424)   coste   734    687
(83,161)   coste   291    322
(83,168)   coste   463    426
(83,238)   coste   548    571
(83,268)   coste   134    117
(83,870)   coste   964    967
(83,887)   coste   152    127
(84,939)   coste   460    476
(84,964)   coste   746    728
(85,129)   coste   777    780
(85,187)   coste   412    404
(85,497)   coste   183    219
(85,702)   coste   478    531
(86,320)   coste   414    369
(86,410)   coste   708    769
(86,603)   coste   618    676
(87,114)   coste   145    211
(87,404)   coste   852    753
(87,456)   coste   708    695
(88,259)   coste   619    630
(88,880)   coste   710    744
(89,312)   coste   949    998
(89,380)   coste   760    796
(89,533)   coste   491    557
(89,575)   coste   276    249
(89,668)   coste   790    787
(89,982)   coste   533    525
(90,193)   coste   370    303
(90,633)   coste   357    374
(91,197)   coste   666    665
(92,345)   coste   163    125
(92,504)   coste   1039    1078
(92,570)   coste   305    385
(92,795)   coste   713    806
(92,971)   coste   741    755
(93,737)   coste   552    635
(93,946)   coste   104    145
(93,991)   coste   726    706
(94,126)   coste   162    131
(94,230)   coste   892    823
(94,266)   coste   848    857
(95,322)   coste   790    800
(95,377)   coste   905    967
(95,536)   coste   1106    1121
(95,788)   coste   570    554
(96,97)   coste   757    775
(96,210)   coste   373    442
(96,656)   coste   699    691
(97,170)   coste   780    813
(97,237)   coste   387    377
(97,494)   coste   497    471
(97,730)   coste   656    695
(98,200)   coste   528    488
(98,438)   coste   676    648
(98,686)   coste   76    148
(98,832)   coste   773    724
(99,207)   coste   560    540
(99,333)   coste   124    148
(100,170)   coste   641    721
(100,988)   coste   370    406
(101,104)   coste   919    906
(101,515)   coste   433    383
(102,432)   coste   691    691
(102,653)   coste   461    509
(102,694)   coste   652    671
(103,188)   coste   523    601
(103,477)   coste   736    747
(103,568)   coste   451    504
(103,678)   coste   169    139
(103,758)   coste   143    109
(104,300)   coste   1163    1104
(104,601)   coste   628    655
(104,876)   coste   258    304
(105,360)   coste   472    394
(106,173)   coste   608    573
(106,357)   coste   319    231
(106,621)   coste   400    435
(106,662)   coste   789    849
(106,881)   coste   419    412
(107,666)   coste   804    799
(107,896)   coste   666    719
(107,932)   coste   468    430
(108,732)   coste   785    719
(108,925)   coste   153    169
(109,215)   coste   165    213
(109,444)   coste   940    849
(110,448)   coste   752    761
(111,215)   coste   877    898
(111,265)   coste   737    695
(111,298)   coste   776    751
(111,374)   coste   245    225
(111,390)   coste   11    53
(112,234)   coste   129    149
(112,256)   coste   128    125
(112,492)   coste   393    422
(113,155)   coste   267    289
(113,226)   coste   838    738
(113,363)   coste   119    114
(113,776)   coste   358    367
(113,844)   coste   447    449
(114,622)   coste   620    598
(114,728)   coste   655    577
(115,655)   coste   731    744
(115,993)   coste   799    786
(116,834)   coste   392    470
(116,892)   coste   128    201
(117,365)   coste   604    639
(117,435)   coste   846    858
(118,549)   coste   199    242
(118,627)   coste   166    197
(118,816)   coste   290    285
(119,418)   coste   772    767
(119,594)   coste   50    88
(120,143)   coste   407    369
(120,351)   coste   217    188
(120,525)   coste   663    661
(120,850)   coste   498    426
(121,431)   coste   806    847
(121,721)   coste   413    415
(122,595)   coste   853    846
(122,673)   coste   845    845
(122,854)   coste   644    720
(122,982)   coste   120    198
(123,126)   coste   632    668
(123,161)   coste   336    269
(123,429)   coste   344    375
(123,528)   coste   644    702
(123,577)   coste   357    354
(123,640)   coste   658    678
(123,850)   coste   572    540
(123,889)   coste   427    439
(124,244)   coste   793    877
(124,501)   coste   474    472
(124,677)   coste   138    110
(125,347)   coste   668    666
(125,972)   coste   613    645
(126,639)   coste   199    207
(126,861)   coste   225    228
(126,999)   coste   855    882
(127,181)   coste   764    782
(127,477)   coste   745    716
(127,690)   coste   731    717
(127,733)   coste   986    908
(127,827)   coste   1146    1199
(128,443)   coste   183    188
(128,583)   coste   532    523
(129,291)   coste   820    792
(129,319)   coste   179    120
(129,464)   coste   926    897
(129,562)   coste   710    717
(129,654)   coste   1090    1099
(129,895)   coste   145    163
(130,345)   coste   357    446
(130,522)   coste   670    605
(130,736)   coste   524    595
(130,825)   coste   835    859
(131,335)   coste   625    674
(132,134)   coste   1014    1011
(132,864)   coste   622    631
(133,152)   coste   520    459
(133,220)   coste   739    782
(133,263)   coste   740    725
(133,810)   coste   740    758
(134,156)   coste   603    571
(134,259)   coste   772    738
(135,347)   coste   981    1070
(135,863)   coste   740    688
(136,208)   coste   671    710
(136,436)   coste   881    876
(136,846)   coste   289    298
(137,289)   coste   783    803
(137,656)   coste   641    587
(137,820)   coste   172    159
(138,260)   coste   488    401
(138,489)   coste   619    593
(138,525)   coste   282    295
(138,752)   coste   247    196
(138,761)   coste   432    402
(139,417)   coste   643    673
(139,495)   coste   283    292
(139,617)   coste   239    223
(139,684)   coste   356    362
(139,968)   coste   584    582
(140,370)   coste   602    528
(140,588)   coste   446    499
(141,728)   coste   836    825
(142,300)   coste   917    941
(142,320)   coste   158    149
(142,552)   coste   551    545
(142,576)   coste   569    501
(142,731)   coste   511    461
(143,622)   coste   531    528
(143,783)   coste   111    122
(144,179)   coste   320    301
(144,318)   coste   254    217
(144,490)   coste   53    117
(144,495)   coste   892    859
(144,515)   coste   512    530
(145,190)   coste   503    459
(145,875)   coste   606    618
(146,213)   coste   877    834
(146,992)   coste   421    423
(147,449)   coste   233    269
(148,304)   coste   448    446
(148,324)   coste   197    202
(148,354)   coste   199    248
(148,628)   coste   656    679
(149,171)   coste   532    561
(149,175)   coste   480    427
(149,201)   coste   282    307
(149,612)   coste   532    457
(149,739)   coste   426    384
(150,853)   coste   265    331
(151,297)   coste   367    337
(151,496)   coste   770    750
(151,664)   coste   532    528
(151,830)   coste   371    391
(152,697)   coste   431    461
(153,314)   coste   385    383
(153,327)   coste   489    499
(153,433)   coste   198    166
(153,522)   coste   754    800
(153,761)   coste   720    787
(154,304)   coste   573    611
(154,522)   coste   567    594
(154,657)   coste   374    378
(155,337)   coste   226    235
(155,366)   coste   111    139
(156,256)   coste   669    659
(156,498)   coste   459    479
(157,692)   coste   815    780
(157,763)   coste   678    655
(158,546)   coste   357    354
(158,665)   coste   612    558
(158,718)   coste   274    339
(158,733)   coste   716    695
(159,722)   coste   408    314
(159,916)   coste   565    559
(160,554)   coste   452    510
(160,819)   coste   826    805
(160,839)   coste   953    961
(162,369)   coste   500    433
(162,749)   coste   397    445
(162,872)   coste   552    601
(163,276)   coste   404    475
(163,499)   coste   538    558
(164,789)   coste   683    660
(164,807)   coste   286    293
(165,191)   coste   1136    1136
(165,454)   coste   589    623
(165,841)   coste   869    849
(166,443)   coste   938    919
(166,593)   coste   211    194
(166,597)   coste   891    896
(167,239)   coste   1019    1023
(167,501)   coste   601    634
(167,682)   coste   1079    992
(168,659)   coste   284    242
(168,708)   coste   177    100
(169,863)   coste   431    423
(170,669)   coste   859    893
(170,821)   coste   788    794
(171,174)   coste   963    968
(171,227)   coste   391    484
(171,838)   coste   817    793
(171,888)   coste   578    562
(172,244)   coste   742    735
(172,687)   coste   237    239
(172,722)   coste   743    651
(172,802)   coste   901    854
(173,492)   coste   723    788
(173,635)   coste   374    327
(174,311)   coste   581    621
(174,466)   coste   587    596
(175,356)   coste   485    528
(175,820)   coste   431    445
(176,299)   coste   339    313
(176,530)   coste   880    842
(176,757)   coste   533    560
(176,977)   coste   411    333
(177,273)   coste   655    563
(177,281)   coste   455    480
(177,656)   coste   719    683
(178,190)   coste   577    503
(178,403)   coste   748    840
(178,504)   coste   1144    1158
(178,677)   coste   786    737
(178,793)   coste   488    423
(179,743)   coste   391    374
(179,828)   coste   120    112
(179,862)   coste   1009    1000
(180,455)   coste   402    422
(180,967)   coste   473    506
(182,443)   coste   281    262
(182,632)   coste   75    57
(183,449)   coste   698    755
(183,552)   coste   269    266
(184,358)   coste   458    515
(184,397)   coste   256    191
(184,529)   coste   1193    1238
(184,572)   coste   557    589
(184,606)   coste   515    536
(184,822)   coste   976    1017
(185,197)   coste   325    322
(185,691)   coste   634    664
(185,695)   coste   643    641
(186,348)   coste   630    580
(186,512)   coste   834    878
(187,627)   coste   545    536
(187,660)   coste   987    1024
(188,363)   coste   458    507
(189,473)   coste   600    649
(189,480)   coste   337    346
(189,608)   coste   748    672
(189,667)   coste   545    555
(189,856)   coste   280    254
(189,912)   coste   725    696
(190,745)   coste   381    377
(191,521)   coste   942    930
(191,654)   coste   103    44
(192,526)   coste   134    137
(192,826)   coste   200    256
(192,968)   coste   592    675
(193,320)   coste   688    619
(194,246)   coste   1164    1159
(194,598)   coste   732    698
(194,869)   coste   864    856
(195,444)   coste   424    400
(195,546)   coste   601    574
(196,272)   coste   147    89
(197,381)   coste   306    384
(197,603)   coste   365    342
(197,706)   coste   397    432
(198,407)   coste   598    642
(198,542)   coste   566    608
(198,669)   coste   149    223
(198,713)   coste   585    644
(199,257)   coste   541    520
(199,285)   coste   331    266
(199,526)   coste   561    592
(199,562)   coste   625    645
(199,737)   coste   374    337
(200,341)   coste   673    570
(201,313)   coste   333    355
(201,962)   coste   639    687
(202,313)   coste   353    271
(202,376)   coste   533    524
(202,775)   coste   864    836
(203,291)   coste   394    405
(203,440)   coste   104    163
(203,912)   coste   377    397
(204,240)   coste   387    416
(204,606)   coste   77    97
(205,386)   coste   507    483
(206,400)   coste   340    340
(206,453)   coste   971    1025
(206,700)   coste   666    622
(206,758)   coste   981    934
(207,383)   coste   783    787
(207,710)   coste   1024    1028
(208,733)   coste   330    416
(209,372)   coste   590    648
(209,540)   coste   78    91
(209,732)   coste   283    291
(209,739)   coste   288    308
(209,958)   coste   387    390
(210,435)   coste   554    483
(210,544)   coste   489    474
(211,975)   coste   403    355
(212,982)   coste   721    687
(213,629)   coste   644    679
(214,557)   coste   578    562
(214,698)   coste   763    677
(215,342)   coste   497    517
(215,611)   coste   1075    1075
(215,645)   coste   908    914
(216,499)   coste   383    408
(216,537)   coste   106    156
(216,986)   coste   306    305
(217,671)   coste   88    85
(217,694)   coste   973    960
(218,569)   coste   908    929
(218,600)   coste   718    633
(218,826)   coste   337    322
(218,943)   coste   800    881
(219,502)   coste   949    963
(220,261)   coste   464    423
(220,463)   coste   498    470
(220,805)   coste   550    635
(221,576)   coste   439    468
(221,695)   coste   498    523
(222,585)   coste   591    553
(222,835)   coste   16    1
(223,834)   coste   188    195
(223,909)   coste   277    195
(224,328)   coste   389    327
(224,394)   coste   1198    1212
(224,604)   coste   789    744
(224,731)   coste   662    613
(224,804)   coste   637    626
(226,357)   coste   596    555
(226,391)   coste   866    851
(226,620)   coste   653    717
(227,368)   coste   387    391
(227,489)   coste   538    530
(227,937)   coste   208    193
(228,403)   coste   687    596
(228,431)   coste   144    223
(229,410)   coste   890    856
(229,681)   coste   741    653
(230,886)   coste   801    812
(230,978)   coste   849    875
(230,989)   coste   443    520
(231,501)   coste   693    640
(232,867)   coste   886    829
(233,353)   coste   415    457
(233,770)   coste   428    516
(234,875)   coste   374    457
(235,454)   coste   193    211
(235,481)   coste   967    954
(235,588)   coste   618    616
(235,845)   coste   776    715
(236,432)   coste   1017    1021
(237,408)   coste   765    774
(237,631)   coste   777    747
(237,743)   coste   540    490
(238,255)   coste   797    819
(238,575)   coste   123    110
(238,629)   coste   450    384
(238,846)   coste   428    414
(239,944)   coste   707    716
(240,297)   coste   216    241
(240,566)   coste   258    223
(240,940)   coste   581    520
(241,805)   coste   435    471
(241,875)   coste   625    660
(241,946)   coste   977    1019
(242,271)   coste   799    800
(242,360)   coste   628    566
(242,663)   coste   187    190
(242,806)   coste   439    396
(243,262)   coste   626    627
(244,609)   coste   629    657
(244,728)   coste   655    682
(244,814)   coste   971    971
(245,413)   coste   276    290
(245,604)   coste   604    633
(245,965)   coste   550    594
(246,511)   coste   1064    1057
(246,566)   coste   614    715
(246,658)   coste   341    344
(247,250)   coste   143    102
(247,599)   coste   467    469
(247,600)   coste   460    465
(247,627)   coste   260    264
(247,673)   coste   280    278
(247,683)   coste   306    241
(247,786)   coste   706    620
(248,357)   coste   442    417
(248,451)   coste   43    79
(248,591)   coste   449    469
(249,662)   coste   311    252
(249,944)   coste   380    347
(250,456)   coste   583    526
(250,709)   coste   629    638
(251,540)   coste   157    180
(252,755)   coste   524    492
(253,339)   coste   99    68
(253,401)   coste   644    646
(253,474)   coste   101    136
(253,735)   coste   851    906
(253,825)   coste   784    839
(254,700)   coste   464    433
(254,734)   coste   398    374
(255,354)   coste   591    498
(255,652)   coste   1030    1017
(255,754)   coste   955    963
(256,348)   coste   883    963
(256,402)   coste   216    159
(256,431)   coste   331    367
(256,539)   coste   438    449
(256,891)   coste   697    668
(256,980)   coste   620    583
(257,303)   coste   409    368
(257,335)   coste   679    665
(257,492)   coste   496    538
(257,610)   coste   783    800
(258,436)   coste   736    741
(258,582)   coste   309    335
(259,279)   coste   196    250
(259,618)   coste   621    531
(259,668)   coste   630    656
(259,690)   coste   116    110
(260,666)   coste   764    687
(260,820)   coste   633    659
(261,343)   coste   466    500
(262,715)   coste   600    568
(262,815)   coste   875    818
(263,281)   coste   778    808
(263,976)   coste   685    695
(264,427)   coste   103    146
(264,833)   coste   371    408
(264,872)   coste   328    396
(265,493)   coste   738    743
(265,992)   coste   340    320
(266,547)   coste   568    587
(266,793)   coste   494    495
(266,843)   coste   739    712
(267,622)   coste   250    194
(267,627)   coste   63    46
(267,903)   coste   592    580
(268,270)   coste   722    771
(268,747)   coste   648    621
(269,326)   coste   392    372
(269,669)   coste   350    412
(269,696)   coste   328    336
(270,653)   coste   400    346
(270,718)   coste   937    901
(270,750)   coste   813    758
(270,938)   coste   415    468
(271,945)   coste   914    936
(272,685)   coste   879    875
(272,771)   coste   834    781
(273,323)   coste   520    571
(273,335)   coste   797    811
(273,535)   coste   413    470
(273,779)   coste   527    618
(273,801)   coste   354    388
(274,541)   coste   1083    1102
(274,683)   coste   125    94
(274,781)   coste   651    655
(275,333)   coste   768    773
(275,496)   coste   899    836
(275,863)   coste   411    417
(276,690)   coste   756    673
(276,967)   coste   796    762
(277,547)   coste   385    409
(277,665)   coste   386    387
(277,805)   coste   468    564
(277,885)   coste   565    535
(278,323)   coste   132    128
(279,405)   coste   484    501
(279,571)   coste   233    218
(279,651)   coste   90    102
(279,712)   coste   703    668
(279,913)   coste   591    667
(279,949)   coste   125    150
(280,467)   coste   212    178
(280,524)   coste   193    179
(280,657)   coste   470    501
(280,761)   coste   573    551
(280,775)   coste   370    305
(280,921)   coste   241    201
(281,346)   coste   1049    1026
(281,406)   coste   631    662
(282,745)   coste   1    66
(283,727)   coste   819    761
(283,831)   coste   557    567
(284,295)   coste   349    410
(284,381)   coste   497    500
(284,902)   coste   720    723
(285,512)   coste   582    667
(285,589)   coste   325    333
(285,689)   coste   48    1
(286,549)   coste   811    846
(286,818)   coste   726    686
(286,822)   coste   1091    1102
(287,474)   coste   802    746
(287,489)   coste   895    829
(287,654)   coste   360    298
(288,826)   coste   914    819
(289,502)   coste   904    893
(289,579)   coste   329    308
(290,550)   coste   598    638
(291,434)   coste   197    134
(292,727)   coste   628    632
(292,940)   coste   428    399
(293,343)   coste   394    446
(293,646)   coste   484    495
(294,306)   coste   1060    1018
(294,669)   coste   1104    1096
(294,981)   coste   669    660
(296,353)   coste   961    969
(297,616)   coste   341    398
(297,732)   coste   549    592
(297,986)   coste   318    330
(298,425)   coste   693    703
(298,584)   coste   133    129
(299,974)   coste   145    151
(301,306)   coste   813    771
(301,506)   coste   278    362
(301,843)   coste   805    839
(302,734)   coste   217    157
(302,889)   coste   581    636
(303,450)   coste   85    156
(303,571)   coste   702    744
(303,589)   coste   819    862
(304,685)   coste   372    392
(305,465)   coste   841    831
(305,819)   coste   370    426
(306,799)   coste   686    718
(307,622)   coste   917    925
(307,849)   coste   187    196
(308,718)   coste   662    600
(309,793)   coste   505    495
(309,854)   coste   695    776
(310,593)   coste   736    725
(310,625)   coste   589    621
(311,366)   coste   357    340
(312,703)   coste   95    123
(313,422)   coste   398    442
(313,634)   coste   673    679
(313,742)   coste   457    458
(313,879)   coste   255    216
(314,329)   coste   755    757
(315,691)   coste   201    203
(315,723)   coste   437    373
(315,994)   coste   368    410
(316,341)   coste   757    757
(316,473)   coste   369    361
(316,687)   coste   371    415
(316,758)   coste   788    779
(317,430)   coste   870    834
(317,444)   coste   901    933
(317,485)   coste   647    635
(317,799)   coste   612    540
(318,387)   coste   465    459
(318,591)   coste   407    375
(319,819)   coste   474    386
(319,828)   coste   398    407
(320,862)   coste   524    507
(320,869)   coste   800    766
(321,707)   coste   633    701
(321,725)   coste   397    458
(321,751)   coste   318    304
(322,354)   coste   536    579
(322,511)   coste   641    625
(323,702)   coste   239    253
(323,825)   coste   411    403
(324,337)   coste   390    448
(325,525)   coste   344    404
(325,634)   coste   895    961
(326,516)   coste   692    611
(326,570)   coste   326    351
(326,817)   coste   56    143
(326,900)   coste   458    357
(327,843)   coste   351    348
(328,342)   coste   202    247
(328,439)   coste   464    412
(328,519)   coste   290    349
(328,662)   coste   634    615
(328,806)   coste   481    481
(328,817)   coste   222    242
(329,369)   coste   748    715
(329,458)   coste   217    138
(329,481)   coste   363    424
(329,552)   coste   199    143
(329,601)   coste   293    293
(329,614)   coste   715    757
(329,630)   coste   257    339
(329,669)   coste   619    610
(330,729)   coste   424    418
(331,486)   coste   427    425
(331,487)   coste   544    475
(331,894)   coste   292    219
(332,637)   coste   498    575
(332,836)   coste   397    462
(333,408)   coste   787    752
(333,573)   coste   191    147
(334,344)   coste   620    643
(334,812)   coste   847    810
(335,420)   coste   1049    1042
(336,385)   coste   662    692
(336,621)   coste   301    332
(336,862)   coste   355    379
(337,354)   coste   167    148
(338,350)   coste   1    5
(339,602)   coste   408    389
(339,644)   coste   592    590
(339,854)   coste   265    261
(339,998)   coste   522    554
(340,355)   coste   554    630
(340,444)   coste   586    587
(340,845)   coste   305    317
(341,379)   coste   912    982
(342,497)   coste   749    819
(343,488)   coste   128    83
(343,593)   coste   706    654
(344,374)   coste   678    691
(344,442)   coste   457    409
(344,545)   coste   768    774
(344,580)   coste   743    716
(345,372)   coste   580    558
(345,382)   coste   778    720
(345,627)   coste   342    376
(346,740)   coste   820    786
(346,824)   coste   628    648
(347,911)   coste   1028    1007
(348,465)   coste   864    771
(348,782)   coste   1021    1036
(348,827)   coste   917    974
(349,727)   coste   607    550
(349,848)   coste   636    621
(350,573)   coste   308    332
(350,756)   coste   603    598
(350,892)   coste   689    619
(350,975)   coste   670    655
(351,563)   coste   222    291
(351,636)   coste   154    194
(352,615)   coste   1126    1062
(352,792)   coste   697    682
(352,867)   coste   930    942
(352,973)   coste   721    691
(355,470)   coste   512    525
(355,986)   coste   97    114
(356,890)   coste   529    510
(356,991)   coste   637    647
(357,501)   coste   227    198
(357,868)   coste   467    470
(357,926)   coste   612    669
(358,405)   coste   872    957
(359,384)   coste   1085    1024
(359,565)   coste   934    951
(359,700)   coste   944    1013
(359,855)   coste   915    936
(359,901)   coste   1174    1190
(359,904)   coste   1230    1298
(361,479)   coste   1028    1008
(361,510)   coste   720    733
(361,561)   coste   935    918
(362,495)   coste   814    747
(362,858)   coste   642    564
(363,494)   coste   787    753
(363,634)   coste   646    618
(363,950)   coste   418    419
(364,447)   coste   626    573
(365,804)   coste   788    808
(366,426)   coste   200    258
(366,875)   coste   497    484
(367,600)   coste   188    209
(367,626)   coste   234    140
(367,749)   coste   302    326
(367,829)   coste   69    47
(368,438)   coste   217    177
(368,506)   coste   160    131
(368,615)   coste   917    968
(369,622)   coste   246    249
(369,683)   coste   210    293
(370,826)   coste   714    711
(371,750)   coste   490    477
(373,591)   coste   479    488
(374,429)   coste   842    846
(374,470)   coste   610    656
(375,426)   coste   423    403
(375,430)   coste   881    938
(376,731)   coste   195    200
(377,398)   coste   636    568
(377,735)   coste   273    322
(377,876)   coste   545    545
(377,988)   coste   682    663
(378,627)   coste   111    96
(379,594)   coste   670    681
(382,514)   coste   275    249
(382,529)   coste   689    698
(382,661)   coste   676    607
(382,967)   coste   711    714
(383,482)   coste   528    476
(383,775)   coste   554    622
(383,798)   coste   1002    1014
(383,918)   coste   697    693
(383,947)   coste   751    809
(384,411)   coste   504    443
(384,893)   coste   987    1001
(384,961)   coste   903    874
(385,545)   coste   803    853
(386,756)   coste   691    646
(386,857)   coste   695    706
(387,627)   coste   415    454
(387,854)   coste   414    408
(388,444)   coste   827    777
(389,472)   coste   391    358
(390,883)   coste   971    983
(390,990)   coste   763    812
(390,997)   coste   535    533
(391,461)   coste   373    370
(391,928)   coste   179    194
(391,964)   coste   745    798
(392,766)   coste   901    944
(392,830)   coste   697    693
(393,404)   coste   688    720
(393,419)   coste   801    857
(393,476)   coste   394    339
(393,536)   coste   852    830
(394,495)   coste   1162    1168
(394,850)   coste   673    696
(395,524)   coste   203    200
(395,774)   coste   703    741
(396,465)   coste   560    597
(396,622)   coste   569    559
(397,597)   coste   808    813
(397,635)   coste   234    258
(397,704)   coste   794    736
(397,777)   coste   788    761
(398,399)   coste   82    104
(398,466)   coste   679    682
(398,990)   coste   364    332
(399,592)   coste   641    601
(399,679)   coste   328    397
(400,486)   coste   557    551
(400,498)   coste   314    342
(400,670)   coste   884    957
(400,694)   coste   495    487
(401,440)   coste   325    286
(402,625)   coste   551    515
(402,748)   coste   365    411
(402,923)   coste   695    706
(402,979)   coste   729    694
(403,534)   coste   764    803
(403,654)   coste   410    413
(403,773)   coste   209    146
(403,941)   coste   438    469
(403,983)   coste   638    645
(404,537)   coste   591    575
(404,705)   coste   299    256
(405,587)   coste   783    712
(405,687)   coste   947    889
(405,784)   coste   751    706
(406,622)   coste   250    323
(406,870)   coste   862    921
(407,655)   coste   537    531
(407,664)   coste   375    381
(408,458)   coste   107    28
(408,925)   coste   552    489
(409,642)   coste   567    573
(409,910)   coste   260    208
(411,595)   coste   250    263
(411,720)   coste   625    629
(411,976)   coste   636    700
(412,488)   coste   731    741
(412,750)   coste   715    744
(413,591)   coste   505    534
(413,640)   coste   568    507
(413,906)   coste   300    292
(413,948)   coste   530    518
(414,823)   coste   617    628
(414,839)   coste   389    375
(415,485)   coste   672    629
(415,720)   coste   331    315
(416,451)   coste   858    797
(416,477)   coste   494    477
(416,534)   coste   598    646
(416,620)   coste   1007    1001
(416,974)   coste   405    392
(418,477)   coste   743    746
(418,725)   coste   262    242
(418,846)   coste   105    72
(418,921)   coste   607    606
(420,593)   coste   220    244
(420,978)   coste   843    806
(421,901)   coste   750    730
(422,842)   coste   471    410
(422,846)   coste   696    637
(423,468)   coste   584    560
(423,700)   coste   501    564
(423,941)   coste   576    498
(424,596)   coste   249    239
(424,600)   coste   677    593
(424,885)   coste   637    644
(425,790)   coste   550    567
(426,709)   coste   218    211
(427,577)   coste   243    182
(427,854)   coste   409    386
(428,528)   coste   420    406
(428,752)   coste   403    429
(428,963)   coste   453    531
(429,473)   coste   646    603
(431,571)   coste   892    833
(431,710)   coste   976    963
(432,553)   coste   498    466
(432,587)   coste   221    266
(432,619)   coste   298    284
(433,544)   coste   88    75
(433,907)   coste   400    425
(434,488)   coste   371    438
(434,844)   coste   410    389
(434,906)   coste   184    91
(435,788)   coste   665    670
(436,454)   coste   847    844
(436,655)   coste   305    308
(436,950)   coste   479    486
(436,951)   coste   173    151
(436,956)   coste   510    503
(437,939)   coste   382    398
(438,517)   coste   893    942
(438,564)   coste   612    591
(439,885)   coste   443    456
(440,507)   coste   364    304
(440,537)   coste   345    327
(440,583)   coste   791    834
(440,739)   coste   246    292
(442,853)   coste   213    274
(442,883)   coste   578    637
(443,838)   coste   206    126
(443,922)   coste   72    153
(444,470)   coste   285    233
(444,574)   coste   578    622
(444,609)   coste   739    687
(444,873)   coste   416    450
(444,930)   coste   262    266
(446,529)   coste   573    568
(447,611)   coste   337    341
(447,612)   coste   873    854
(450,506)   coste   696    729
(450,630)   coste   569    544
(450,806)   coste   926    839
(451,807)   coste   507    473
(452,609)   coste   341    431
(452,886)   coste   631    665
(453,721)   coste   967    892
(455,993)   coste   858    840
(456,713)   coste   921    920
(457,462)   coste   568    545
(457,544)   coste   649    650
(457,561)   coste   504    516
(458,890)   coste   893    893
(459,584)   coste   571    536
(460,508)   coste   610    658
(461,590)   coste   342    290
(461,604)   coste   473    431
(463,525)   coste   441    417
(463,898)   coste   290    202
(465,517)   coste   483    422
(466,594)   coste   376    367
(466,750)   coste   329    304
(466,770)   coste   266    308
(467,663)   coste   225    185
(468,492)   coste   479    528
(469,676)   coste   399    321
(469,689)   coste   447    429
(469,694)   coste   351    351
(471,845)   coste   488    474
(472,842)   coste   37    31
(473,732)   coste   643    654
(473,968)   coste   524    460
(474,608)   coste   539    525
(474,869)   coste   910    930
(474,908)   coste   774    755
(475,709)   coste   776    839
(476,900)   coste   712    724
(478,910)   coste   338    376
(479,484)   coste   713    637
(480,666)   coste   431    420
(480,859)   coste   563    600
(481,624)   coste   415    390
(481,955)   coste   408    375
(482,568)   coste   619    604
(483,936)   coste   448    412
(483,981)   coste   418    453
(484,827)   coste   745    746
(485,919)   coste   480    550
(485,935)   coste   822    828
(486,494)   coste   675    613
(486,539)   coste   370    432
(487,830)   coste   216    201
(487,899)   coste   948    900
(487,996)   coste   81    86
(489,750)   coste   441    411
(489,890)   coste   409    397
(489,934)   coste   1127    1081
(490,702)   coste   46    101
(490,819)   coste   763    765
(491,607)   coste   52    46
(491,840)   coste   26    20
(492,546)   coste   394    425
(492,635)   coste   764    724
(492,754)   coste   366    331
(492,827)   coste   458    496
(492,877)   coste   464    454
(493,531)   coste   917    924
(494,789)   coste   382    446
(495,550)   coste   614    644
(495,590)   coste   258    306
(495,783)   coste   683    611
(495,881)   coste   217    237
(496,946)   coste   959    929
(497,915)   coste   91    101
(498,517)   coste   462    438
(498,585)   coste   346    417
(498,615)   coste   330    366
(498,771)   coste   639    677
(499,537)   coste   214    225
(500,852)   coste   384    385
(502,581)   coste   754    729
(502,586)   coste   595    644
(503,733)   coste   191    158
(503,737)   coste   798    878
(503,941)   coste   901    979
(505,747)   coste   382    464
(505,857)   coste   459    459
(505,975)   coste   220    205
(506,628)   coste   522    550
(507,542)   coste   727    775
(507,595)   coste   570    567
(507,978)   coste   207    162
(508,772)   coste   647    653
(508,848)   coste   448    389
(509,681)   coste   42    50
(509,828)   coste   394    372
(509,854)   coste   294    267
(510,991)   coste   470    438
(511,545)   coste   523    552
(511,684)   coste   825    835
(511,700)   coste   159    145
(511,843)   coste   569    604
(511,884)   coste   681    724
(512,947)   coste   655    697
(512,996)   coste   806    833
(513,760)   coste   432    349
(514,690)   coste   358    399
(516,553)   coste   686    628
(516,636)   coste   594    583
(516,926)   coste   964    1050
(516,933)   coste   1045    1025
(517,719)   coste   667    660
(517,759)   coste   631    678
(517,810)   coste   389    400
(517,824)   coste   719    717
(518,617)   coste   247    327
(518,870)   coste   1080    1095
(519,604)   coste   410    413
(519,724)   coste   135    195
(520,876)   coste   268    287
(521,527)   coste   219    268
(521,948)   coste   500    517
(522,729)   coste   11    17
(523,878)   coste   475    506
(525,691)   coste   475    485
(526,581)   coste   541    536
(526,704)   coste   603    591
(526,926)   coste   223    231
(527,633)   coste   745    702
(527,681)   coste   487    487
(527,760)   coste   322    298
(529,648)   coste   588    554
(529,738)   coste   663    729
(529,750)   coste   757    772
(530,770)   coste   674    660
(533,620)   coste   213    254
(534,643)   coste   571    523
(534,923)   coste   383    431
(535,544)   coste   521    509
(535,808)   coste   563    612
(535,812)   coste   477    533
(535,978)   coste   438    425
(537,704)   coste   403    376
(537,794)   coste   156    221
(537,851)   coste   192    160
(538,945)   coste   691    658
(538,989)   coste   223    221
(540,614)   coste   44    61
(540,650)   coste   493    472
(540,873)   coste   639    591
(541,609)   coste   740    804
(541,749)   coste   495    492
(541,793)   coste   647    692
(541,963)   coste   877    860
(542,977)   coste   263    281
(543,764)   coste   137    77
(543,979)   coste   587    575
(545,644)   coste   440    396
(545,971)   coste   590    587
(546,623)   coste   463    473
(546,908)   coste   104    123
(546,983)   coste   583    569
(547,815)   coste   327    240
(547,990)   coste   601    586
(548,841)   coste   356    405
(549,692)   coste   188    272
(549,842)   coste   226    266
(549,961)   coste   661    592
(549,982)   coste   732    712
(550,673)   coste   326    348
(550,749)   coste   417    436
(551,656)   coste   359    401
(551,937)   coste   17    51
(553,588)   coste   509    593
(553,705)   coste   401    371
(553,997)   coste   179    260
(554,953)   coste   710    770
(555,616)   coste   561    539
(555,751)   coste   406    441
(555,799)   coste   581    605
(556,575)   coste   452    465
(556,619)   coste   454    489
(556,952)   coste   458    549
(557,792)   coste   99    128
(557,941)   coste   331    340
(557,953)   coste   692    764
(558,781)   coste   432    465
(560,778)   coste   496    482
(562,582)   coste   153    171
(562,840)   coste   862    814
(562,939)   coste   910    918
(563,809)   coste   880    852
(564,735)   coste   504    527
(564,792)   coste   176    186
(564,877)   coste   645    582
(565,689)   coste   108    156
(566,598)   coste   381    387
(567,614)   coste   401    491
(568,757)   coste   224    174
(568,777)   coste   178    201
(568,914)   coste   597    615
(569,831)   coste   701    745
(571,574)   coste   444    476
(571,864)   coste   303    345
(571,905)   coste   318    339
(572,696)   coste   416    437
(572,737)   coste   799    778
(574,867)   coste   512    471
(574,954)   coste   544    520
(574,960)   coste   101    93
(575,645)   coste   206    134
(575,747)   coste   192    271
(576,606)   coste   373    397
(576,636)   coste   535    542
(576,639)   coste   747    704
(576,689)   coste   364    319
(577,890)   coste   225    234
(578,928)   coste   760    738
(579,921)   coste   280    373
(580,942)   coste   896    919
(581,958)   coste   666    692
(582,948)   coste   406    364
(583,625)   coste   716    677
(583,875)   coste   975    957
(584,950)   coste   371    295
(585,671)   coste   590    518
(586,963)   coste   193    214
(589,850)   coste   771    756
(592,656)   coste   415    414
(594,772)   coste   564    620
(594,814)   coste   872    869
(594,933)   coste   288    300
(596,825)   coste   356    392
(597,821)   coste   444    514
(597,832)   coste   187    202
(597,908)   coste   377    290
(597,910)   coste   59    47
(598,618)   coste   502    541
(598,722)   coste   476    384
(599,618)   coste   706    712
(600,900)   coste   437    384
(602,638)   coste   348    370
(602,937)   coste   341    375
(605,612)   coste   780    742
(605,800)   coste   641    731
(607,709)   coste   638    702
(607,721)   coste   591    576
(607,935)   coste   451    501
(609,668)   coste   83    70
(609,680)   coste   337    332
(610,688)   coste   610    639
(610,704)   coste   116    176
(611,763)   coste   891    890
(612,965)   coste   302    335
(613,642)   coste   583    562
(613,723)   coste   524    521
(615,985)   coste   858    781
(616,654)   coste   888    912
(616,799)   coste   37    41
(616,805)   coste   470    440
(616,831)   coste   762    691
(617,885)   coste   268    210
(618,812)   coste   626    588
(620,963)   coste   619    585
(620,990)   coste   622    657
(622,850)   coste   659    677
(622,930)   coste   926    930
(622,973)   coste   383    355
(623,660)   coste   798    799
(623,927)   coste   318    312
(624,644)   coste   505    522
(625,840)   coste   485    450
(626,936)   coste   598    656
(627,729)   coste   478    517
(627,843)   coste   339    301
(628,863)   coste   768    809
(628,878)   coste   402    322
(628,956)   coste   577    622
(630,702)   coste   820    777
(630,813)   coste   240    173
(630,821)   coste   527    505
(631,940)   coste   931    918
(632,908)   coste   278    261
(634,640)   coste   489    536
(634,971)   coste   742    731
(636,800)   coste   552    481
(637,776)   coste   289    276
(637,780)   coste   787    827
(638,997)   coste   477    538
(639,679)   coste   515    466
(640,854)   coste   636    579
(641,799)   coste   231    244
(641,833)   coste   56    93
(641,860)   coste   640    667
(641,920)   coste   586    579
(642,713)   coste   519    575
(643,708)   coste   102    142
(646,965)   coste   560    555
(647,927)   coste   720    708
(648,809)   coste   898    825
(649,741)   coste   445    421
(649,991)   coste   310    328
(650,726)   coste   620    592
(653,791)   coste   463    434
(654,659)   coste   533    482
(654,674)   coste   732    704
(654,881)   coste   821    883
(655,987)   coste   501    528
(660,741)   coste   808    889
(663,793)   coste   1    1
(663,978)   coste   536    553
(665,850)   coste   284    292
(666,726)   coste   718    716
(667,857)   coste   865    839
(675,786)   coste   869    869
(676,786)   coste   740    773
(676,921)   coste   293    295
(677,740)   coste   217    238
(678,695)   coste   371    446
(679,845)   coste   311    277
(680,942)   coste   487    507
(681,789)   coste   657    644
(681,797)   coste   107    147
(681,858)   coste   941    907
(681,879)   coste   353    326
(681,966)   coste   914    901
(682,811)   coste   596    532
(683,783)   coste   705    611
(683,908)   coste   656    734
(685,1000)   coste   564    547
(686,961)   coste   722    686
(688,693)   coste   362    438
(688,872)   coste   521    588
(691,699)   coste   503    515
(691,907)   coste   566    549
(692,824)   coste   234    251
(693,704)   coste   199    191
(693,827)   coste   788    855
(693,999)   coste   232    266
(695,853)   coste   298    282
(695,870)   coste   517    557
(696,784)   coste   1065    1032
(696,962)   coste   860    814
(696,971)   coste   223    141
(697,729)   coste   461    455
(697,786)   coste   1012    942
(698,790)   coste   911    893
(698,925)   coste   98    189
(699,843)   coste   448    474
(703,889)   coste   304    345
(706,842)   coste   519    496
(707,755)   coste   317    272
(707,769)   coste   655    639
(709,850)   coste   315    294
(709,977)   coste   179    262
(711,798)   coste   877    906
(712,777)   coste   682    685
(713,752)   coste   570    529
(714,908)   coste   693    700
(714,990)   coste   573    530
(716,765)   coste   377    300
(716,888)   coste   399    425
(717,718)   coste   605    692
(717,818)   coste   283    354
(717,957)   coste   400    400
(721,917)   coste   958    900
(723,830)   coste   316    350
(723,943)   coste   459    434
(724,934)   coste   576    558
(726,817)   coste   314    357
(726,983)   coste   700    627
(727,955)   coste   637    599
(730,874)   coste   434    449
(734,804)   coste   124    160
(735,853)   coste   435    407
(738,871)   coste   288    338
(739,885)   coste   176    225
(739,905)   coste   283    312
(742,789)   coste   326    380
(743,778)   coste   205    122
(744,749)   coste   358    453
(744,985)   coste   520    521
(748,937)   coste   520    551
(749,886)   coste   416    427
(751,888)   coste   641    598
(753,901)   coste   1015    1048
(753,938)   coste   587    563
(753,978)   coste   317    300
(754,913)   coste   784    804
(755,826)   coste   608    665
(756,882)   coste   839    795
(757,771)   coste   400    394
(759,793)   coste   506    529
(761,838)   coste   417    405
(763,957)   coste   27    14
(764,790)   coste   629    657
(765,982)   coste   550    497
(766,774)   coste   912    901
(767,827)   coste   593    582
(768,876)   coste   744    710
(770,808)   coste   705    700
(772,960)   coste   203    194
(774,822)   coste   32    103
(775,799)   coste   508    528
(775,897)   coste   454    450
(776,909)   coste   21    1
(776,971)   coste   490    515
(778,812)   coste   157    132
(779,996)   coste   759    750
(780,795)   coste   630    589
(780,832)   coste   742    711
(781,913)   coste   403    347
(783,869)   coste   332    316
(784,981)   coste   702    703
(787,957)   coste   855    832
(788,868)   coste   464    443
(788,884)   coste   595    568
(788,946)   coste   506    587
(789,904)   coste   877    807
(789,965)   coste   502    502
(790,951)   coste   436    381
(792,886)   coste   652    604
(795,904)   coste   338    400
(797,809)   coste   344    336
(800,939)   coste   474    431
(806,873)   coste   686    643
(810,933)   coste   446    503
(811,990)   coste   710    641
(814,860)   coste   262    238
(815,953)   coste   223    150
(816,918)   coste   317    320
(820,955)   coste   285    270
(822,981)   coste   525    552
(827,888)   coste   1218    1285
(828,889)   coste   634    634
(831,847)   coste   376    324
(832,845)   coste   194    104
(832,924)   coste   205    256
(834,936)   coste   480    516
(835,839)   coste   809    781
(838,861)   coste   183    131
(838,931)   coste   371    368
(839,994)   coste   426    389
(841,925)   coste   687    687
(842,889)   coste   628    612
(842,930)   coste   338    320
(842,963)   coste   499    570
(844,854)   coste   334    389
(847,940)   coste   28    65
(847,947)   coste   986    997
(847,975)   coste   656    713
(848,872)   coste   222    220
(852,922)   coste   585    584
(854,957)   coste   675    684
(859,956)   coste   383    372
(860,911)   coste   438    449
(862,927)   coste   772    855
(865,905)   coste   485    512
(868,969)   coste   127    148
(869,964)   coste   1095    1083
(871,954)   coste   684    765
(871,983)   coste   319    353
(872,922)   coste   595    599
(876,958)   coste   324    305
(876,959)   coste   836    881
(883,916)   coste   950    957
(885,996)   coste   646    638
(886,919)   coste   512    508
(894,982)   coste   395    384
(895,916)   coste   1130    1140
(896,964)   coste   272    345
(900,930)   coste   500    441
(900,945)   coste   999    1002
(903,906)   coste   125    70
(908,945)   coste   705    769
(911,926)   coste   791    745
(911,941)   coste   806    820
(911,968)   coste   490    489
(913,952)   coste   773    718
(914,935)   coste   711    726
(914,956)   coste   311    303
(917,928)   coste   641    636
(919,992)   coste   482    522
(928,1000)   coste   283    277
(933,937)   coste   479    480
(937,959)   coste   455    490
(938,998)   coste   34    97
(940,956)   coste   661    659
(943,956)   coste   390    386
(957,980)   coste   701    712
(974,984)   coste   420    415
(377,735)   coste   273    322
(44,735)   coste   867    941
(100,170)   coste   641    721
(171,227)   coste   391    484
(227,368)   coste   387    391
(368,506)   coste   160    131
(510,991)   coste   470    438
(649,991)   coste   310    328
(2,395)   coste   84    151
(2,304)   coste   409    399
(8,706)   coste   116    181
(938,998)   coste   34    97
(286,818)   coste   726    686
(5,375)   coste   196    224
(329,458)   coste   217    138
(329,601)   coste   293    293
(88,880)   coste   710    744
(88,259)   coste   619    630
(259,690)   coste   116    110
(346,824)   coste   628    648
(277,665)   coste   386    387
(277,547)   coste   385    409
(743,778)   coste   205    122
(7,743)   coste   344    324
(7,559)   coste   654    701
(9,640)   coste   286    331
(653,791)   coste   463    434
(102,653)   coste   461    509
(10,102)   coste   590    550
(10,785)   coste   193    261
(11,912)   coste   422    395
(330,729)   coste   424    418
(237,631)   coste   777    747
(280,921)   coste   241    201
(280,657)   coste   470    501
(865,905)   coste   485    512
(13,905)   coste   322    328
(256,891)   coste   697    668
(112,256)   coste   128    125
(112,234)   coste   129    149
(427,577)   coste   243    182
(57,577)   coste   383    332
(535,978)   coste   438    425
(16,701)   coste   1021    1063
(16,616)   coste   919    947
(17,86)   coste   348    257
(278,323)   coste   132    128
(323,702)   coste   239    253
(144,179)   coste   320    301
(20,762)   coste   461    530
(147,449)   coste   233    269
(183,449)   coste   698    755
(393,419)   coste   801    857
(393,536)   coste   852    830
(131,335)   coste   625    674
(21,131)   coste   86    172
(21,995)   coste   809    886
(123,161)   coste   336    269
(68,973)   coste   287    292
(68,319)   coste   293    309
(23,933)   coste   549    462
(203,440)   coste   104    163
(545,644)   coste   440    396
(130,736)   coste   524    595
(291,434)   coste   197    134
(89,380)   coste   760    796
(26,866)   coste   396    335
(328,342)   coste   202    247
(328,806)   coste   481    481
(27,993)   coste   1219    1219
(28,796)   coste   527    558
(48,441)   coste   909    863
(48,500)   coste   587    590
(285,589)   coste   325    333
(285,689)   coste   48    1
(105,360)   coste   472    394
(242,360)   coste   628    566
(242,271)   coste   799    800
(30,532)   coste   322    223
(31,504)   coste   395    350
(420,593)   coste   220    244
(310,593)   coste   736    725
(32,837)   coste   508    466
(32,163)   coste   165    86
(974,984)   coste   420    415
(33,725)   coste   223    221
(34,745)   coste   593    601
(36,716)   coste   633    563
(36,289)   coste   88    94
(767,827)   coste   593    582
(35,827)   coste   208    221
(255,652)   coste   1030    1017
(602,937)   coste   341    375
(551,937)   coste   17    51
(698,790)   coste   911    893
(764,790)   coste   629    657
(534,923)   coste   383    431
(257,303)   coste   409    368
(556,619)   coste   454    489
(482,568)   coste   619    604
(172,802)   coste   901    854
(605,612)   coste   780    742
(632,908)   coste   278    261
(198,669)   coste   149    223
(41,225)   coste   628    693
(97,730)   coste   656    695
(730,874)   coste   434    449
(42,874)   coste   491    518
(695,853)   coste   298    282
(43,853)   coste   383    341
(43,453)   coste   486    538
(150,853)   coste   265    331
(688,693)   coste   362    438
(693,999)   coste   232    266
(249,662)   coste   311    252
(45,662)   coste   476    535
(46,445)   coste   342    347
(66,970)   coste   647    578
(711,798)   coste   877    906
(383,798)   coste   1002    1014
(405,784)   coste   751    706
(47,405)   coste   249    224
(47,561)   coste   94    182
(49,509)   coste   198    206
(49,62)   coste   895    843
(609,668)   coste   83    70
(609,680)   coste   337    332
(680,942)   coste   487    507
(118,627)   coste   166    197
(50,627)   coste   64    14
(50,231)   coste   364    352
(59,496)   coste   505    530
(597,910)   coste   59    47
(238,629)   coste   450    384
(139,684)   coste   356    362
(279,712)   coste   703    668
(51,401)   coste   202    254
(125,972)   coste   613    645
(125,347)   coste   668    666
(135,347)   coste   981    1070
(53,671)   coste   391    388
(53,362)   coste   241    201
(378,627)   coste   111    96
(267,627)   coste   63    46
(54,267)   coste   373    276
(55,672)   coste   429    478
(56,307)   coste   469    404
(322,511)   coste   641    625
(511,884)   coste   681    724
(637,780)   coste   787    827
(637,776)   coste   289    276
(315,691)   coste   201    203
(124,677)   coste   138    110
(61,124)   coste   156    192
(63,746)   coste   460    487
(180,967)   coste   473    506
(180,455)   coste   402    422
(116,834)   coste   392    470
(116,892)   coste   128    201
(64,414)   coste   992    999
(219,502)   coste   949    963
(428,752)   coste   403    429
(428,528)   coste   420    406
(185,197)   coste   325    322
(197,603)   coste   365    342
(69,101)   coste   548    499
(302,889)   coste   581    636
(738,871)   coste   288    338
(70,84)   coste   323    357
(557,792)   coste   99    128
(214,557)   coste   578    562
(406,622)   coste   250    323
(110,448)   coste   752    761
(72,448)   coste   688    656
(553,997)   coste   179    260
(72,997)   coste   354    324
(72,146)   coste   124    123
(73,98)   coste   71    85
(159,722)   coste   408    314
(533,620)   coste   213    254
(75,591)   coste   512    533
(416,974)   coste   405    392
(76,974)   coste   159    234
(99,207)   coste   560    540
(247,599)   coste   467    469
(446,529)   coste   573    568
(337,354)   coste   167    148
(255,354)   coste   591    498
(80,255)   coste   690    705
(81,929)   coste   351    356
(83,887)   coste   152    127
(83,168)   coste   463    426
(129,464)   coste   926    897
(497,915)   coste   91    101
(142,320)   coste   158    149
(87,114)   coste   145    211
(575,747)   coste   192    271
(284,295)   coste   349    410
(284,381)   coste   497    500
(197,381)   coste   306    384
(92,345)   coste   163    125
(795,904)   coste   338    400
(634,971)   coste   742    731
(126,639)   coste   199    207
(94,126)   coste   162    131
(435,788)   coste   665    670
(96,210)   coste   373    442
(137,656)   coste   641    587
(832,924)   coste   205    256
(236,432)   coste   1017    1021
(103,758)   coste   143    109
(173,635)   coste   374    327
(107,932)   coste   468    430
(215,611)   coste   1075    1075
(374,429)   coste   842    846
(111,374)   coste   245    225
(493,531)   coste   917    924
(265,493)   coste   738    743
(459,584)   coste   571    536
(298,584)   coste   133    129
(492,754)   coste   366    331
(113,363)   coste   119    114
(844,854)   coste   334    389
(141,728)   coste   836    825
(136,846)   coste   289    298
(418,846)   coste   105    72
(783,869)   coste   332    316
(143,783)   coste   111    122
(516,636)   coste   594    583
(351,636)   coste   154    194
(138,525)   coste   282    295
(394,850)   coste   673    696
(256,402)   coste   216    159
(256,431)   coste   331    367
(384,893)   coste   987    1001
(384,411)   coste   504    443
(411,595)   coste   250    263
(290,550)   coste   598    638
(550,673)   coste   326    348
(503,733)   coste   191    158
(127,733)   coste   986    908
(443,922)   coste   72    153
(199,562)   coste   625    645
(134,156)   coste   603    571
(152,697)   coste   431    461
(133,152)   coste   520    459
(133,263)   coste   740    725
(517,719)   coste   667    660
(517,810)   coste   389    400
(655,987)   coste   501    528
(436,655)   coste   305    308
(139,617)   coste   239    223
(139,417)   coste   643    673
(235,454)   coste   193    211
(235,588)   coste   618    616
(329,552)   coste   199    143
(224,731)   coste   662    613
(318,387)   coste   465    459
(241,875)   coste   625    660
(919,992)   coste   482    522
(149,201)   coste   282    307
(175,356)   coste   485    528
(297,986)   coste   318    330
(153,433)   coste   198    166
(883,916)   coste   950    957
(414,823)   coste   617    628
(414,839)   coste   389    375
(160,839)   coste   953    961
(541,749)   coste   495    492
(162,749)   coste   397    445
(848,872)   coste   222    220
(537,851)   coste   192    160
(499,537)   coste   214    225
(654,674)   coste   732    704
(191,654)   coste   103    44
(548,841)   coste   356    405
(275,863)   coste   411    417
(169,863)   coste   431    423
(630,821)   coste   527    505
(838,931)   coste   371    368
(296,353)   coste   961    969
(233,353)   coste   415    457
(233,770)   coste   428    516
(466,770)   coste   266    308
(757,771)   coste   400    394
(542,977)   coste   263    281
(273,801)   coste   354    388
(177,273)   coste   655    563
(178,403)   coste   748    840
(184,572)   coste   557    589
(184,397)   coste   256    191
(240,566)   coste   258    223
(204,240)   coste   387    416
(204,606)   coste   77    97
(348,782)   coste   1021    1036
(623,660)   coste   798    799
(189,856)   coste   280    254
(189,480)   coste   337    346
(192,826)   coste   200    256
(526,581)   coste   541    536
(196,272)   coste   147    89
(686,961)   coste   722    686
(98,686)   coste   76    148
(98,200)   coste   528    488
(200,341)   coste   673    570
(313,422)   coste   398    442
(202,313)   coste   353    271
(775,897)   coste   454    450
(205,386)   coste   507    483
(511,700)   coste   159    145
(540,614)   coste   44    61
(331,894)   coste   292    219
(894,982)   coste   395    384
(212,982)   coste   721    687
(216,537)   coste   106    156
(914,956)   coste   311    303
(943,956)   coste   390    386
(463,898)   coste   290    202
(400,670)   coste   884    957
(400,498)   coste   314    342
(498,585)   coste   346    417
(328,519)   coste   290    349
(734,804)   coste   124    160
(574,867)   coste   512    471
(232,867)   coste   886    829
(340,845)   coste   305    317
(847,947)   coste   986    997
(847,940)   coste   28    65
(815,953)   coste   223    150
(262,815)   coste   875    818
(243,262)   coste   626    627
(262,715)   coste   600    568
(245,413)   coste   276    290
(274,683)   coste   125    94
(373,591)   coste   479    488
(248,591)   coste   449    469
(540,873)   coste   639    591
(251,540)   coste   157    180
(252,755)   coste   524    492
(253,339)   coste   99    68
(287,474)   coste   802    746
(610,704)   coste   116    176
(582,948)   coste   406    364
(371,750)   coste   490    477
(270,750)   coste   813    758
(269,696)   coste   328    336
(326,817)   coste   56    143
(558,781)   coste   432    465
(279,949)   coste   125    150
(279,651)   coste   90    102
(284,902)   coste   720    723
(641,920)   coste   586    579
(641,799)   coste   231    244
(306,799)   coste   686    718
(584,950)   coste   371    295
(717,718)   coste   605    692
(308,718)   coste   662    600
(707,769)   coste   655    639
(555,751)   coste   406    441
(367,829)   coste   69    47
(367,600)   coste   188    209
(600,900)   coste   437    384
(332,836)   coste   397    462
(332,637)   coste   498    575
(344,442)   coste   457    409
(862,927)   coste   772    855
(336,862)   coste   355    379
(350,756)   coste   603    598
(434,906)   coste   184    91
(434,488)   coste   371    438
(382,661)   coste   676    607
(860,911)   coste   438    449
(388,444)   coste   827    777
(444,470)   coste   285    233
(868,969)   coste   127    148
(421,901)   coste   750    730
(364,447)   coste   626    573
(475,709)   coste   776    839
(426,709)   coste   218    211
(505,857)   coste   459    459
(472,842)   coste   37    31
(389,472)   coste   391    358
(578,928)   coste   760    738
(391,928)   coste   179    194
(391,461)   coste   373    370
(399,679)   coste   328    397
(423,941)   coste   576    498
(478,910)   coste   338    376
(409,910)   coste   260    208
(409,642)   coste   567    573
(428,963)   coste   453    531
(457,462)   coste   568    545
(508,772)   coste   647    653
(469,676)   coste   399    321
(491,840)   coste   26    20
(491,607)   coste   52    46
(607,935)   coste   451    501
(768,876)   coste   744    710
(520,876)   coste   268    287
(681,966)   coste   914    901
(681,797)   coste   107    147
(797,809)   coste   344    336
(787,957)   coste   855    832

LISTA_ARISTAS_NOREQ :
