NOMBRE : WA1035 
COMENTARIO :  Chino Windy aleatorio puro
VERTICES : 1000
ARISTAS_REQ : 2090
ARISTAS_NOREQ : 0
LISTA_ARISTAS_REQ :
(1,514)   coste   606    467
(2,175)   coste   592    537
(2,196)   coste   835    892
(2,245)   coste   256    403
(2,497)   coste   519    332
(2,869)   coste   132    499
(3,22)   coste   270    98
(3,132)   coste   460    589
(3,370)   coste   1184    916
(3,566)   coste   294    484
(4,688)   coste   834    851
(4,733)   coste   1246    870
(4,826)   coste   919    731
(4,896)   coste   96    127
(4,946)   coste   650    755
(5,134)   coste   1141    829
(5,427)   coste   861    1072
(6,323)   coste   670    514
(6,384)   coste   568    240
(6,941)   coste   249    621
(7,65)   coste   1    1
(7,221)   coste   261    245
(7,771)   coste   303    1
(7,858)   coste   640    218
(8,137)   coste   627    724
(8,409)   coste   285    509
(8,430)   coste   1117    807
(9,97)   coste   704    595
(9,352)   coste   869    762
(9,906)   coste   726    379
(10,524)   coste   466    381
(10,568)   coste   640    598
(10,734)   coste   475    581
(11,289)   coste   248    133
(11,637)   coste   644    436
(11,660)   coste   363    322
(12,626)   coste   1056    999
(12,987)   coste   565    205
(12,995)   coste   102    565
(13,107)   coste   771    549
(13,181)   coste   434    331
(13,380)   coste   386    212
(13,581)   coste   772    740
(14,627)   coste   207    220
(14,922)   coste   577    376
(15,68)   coste   175    1
(15,81)   coste   468    534
(15,298)   coste   510    731
(15,457)   coste   71    404
(15,643)   coste   392    571
(15,645)   coste   483    141
(15,918)   coste   40    143
(16,371)   coste   370    501
(16,514)   coste   318    414
(17,29)   coste   366    787
(17,142)   coste   71    359
(17,677)   coste   375    576
(17,686)   coste   125    328
(18,44)   coste   501    431
(18,141)   coste   194    1
(18,361)   coste   915    832
(18,802)   coste   9    148
(18,811)   coste   1042    666
(18,919)   coste   518    945
(19,50)   coste   613    708
(19,646)   coste   527    264
(19,890)   coste   381    816
(20,578)   coste   354    1
(20,777)   coste   144    338
(20,982)   coste   133    191
(21,285)   coste   885    757
(21,307)   coste   648    605
(21,388)   coste   1    157
(21,624)   coste   50    157
(22,345)   coste   701    774
(22,406)   coste   501    604
(22,691)   coste   954    992
(23,493)   coste   685    651
(24,314)   coste   851    1017
(24,817)   coste   713    1105
(25,231)   coste   196    335
(25,266)   coste   921    619
(25,536)   coste   261    245
(25,624)   coste   322    548
(26,502)   coste   689    770
(26,663)   coste   845    1036
(26,955)   coste   610    948
(27,280)   coste   536    464
(27,351)   coste   162    374
(27,551)   coste   374    214
(27,626)   coste   100    156
(27,761)   coste   661    403
(27,803)   coste   540    270
(28,480)   coste   253    319
(28,516)   coste   448    175
(28,812)   coste   356    317
(28,984)   coste   230    389
(29,489)   coste   632    853
(29,745)   coste   428    258
(29,755)   coste   414    642
(30,236)   coste   300    491
(30,556)   coste   433    641
(30,619)   coste   93    1
(31,252)   coste   1045    957
(31,341)   coste   134    449
(31,963)   coste   511    352
(32,140)   coste   1098    719
(32,230)   coste   508    397
(32,340)   coste   292    314
(32,524)   coste   778    620
(33,323)   coste   340    341
(33,563)   coste   153    517
(33,783)   coste   450    466
(34,169)   coste   477    408
(34,310)   coste   327    551
(34,388)   coste   1    230
(34,795)   coste   216    540
(35,963)   coste   512    471
(36,370)   coste   811    576
(36,473)   coste   1002    700
(36,480)   coste   1    1
(36,657)   coste   442    574
(36,957)   coste   230    565
(37,323)   coste   917    1026
(38,105)   coste   347    646
(38,231)   coste   490    250
(38,665)   coste   672    720
(38,809)   coste   742    604
(39,347)   coste   466    209
(39,604)   coste   818    521
(39,794)   coste   662    775
(39,919)   coste   455    524
(40,106)   coste   862    994
(40,466)   coste   448    620
(40,584)   coste   348    41
(41,465)   coste   611    434
(42,243)   coste   535    450
(42,511)   coste   587    900
(43,379)   coste   653    740
(43,661)   coste   983    847
(43,749)   coste   947    467
(44,165)   coste   628    945
(44,209)   coste   393    155
(44,579)   coste   868    1013
(44,652)   coste   1114    764
(44,752)   coste   1    1
(44,804)   coste   647    379
(44,833)   coste   402    660
(45,89)   coste   560    451
(45,533)   coste   792    520
(45,695)   coste   304    323
(45,745)   coste   322    116
(45,969)   coste   636    909
(46,688)   coste   1016    824
(47,99)   coste   434    513
(47,206)   coste   651    633
(47,344)   coste   640    766
(47,598)   coste   761    809
(47,758)   coste   216    1
(48,460)   coste   287    98
(48,622)   coste   130    95
(48,715)   coste   470    621
(49,229)   coste   782    732
(49,297)   coste   657    914
(49,398)   coste   630    225
(49,805)   coste   839    1282
(49,865)   coste   663    411
(49,875)   coste   475    166
(50,994)   coste   527    437
(51,434)   coste   631    406
(51,757)   coste   1066    1000
(51,964)   coste   548    579
(52,72)   coste   310    404
(52,547)   coste   236    253
(52,744)   coste   455    458
(53,765)   coste   386    342
(53,882)   coste   544    652
(53,909)   coste   358    467
(53,936)   coste   257    556
(54,249)   coste   312    253
(54,633)   coste   426    422
(54,650)   coste   441    842
(55,366)   coste   821    743
(55,556)   coste   640    844
(55,698)   coste   746    581
(55,783)   coste   759    1021
(56,126)   coste   79    268
(56,509)   coste   672    576
(56,610)   coste   294    406
(56,962)   coste   607    408
(57,167)   coste   408    434
(57,212)   coste   1120    1110
(57,350)   coste   850    1189
(57,580)   coste   590    612
(57,769)   coste   394    684
(58,60)   coste   349    218
(58,281)   coste   179    430
(58,420)   coste   473    17
(59,639)   coste   466    493
(60,303)   coste   368    434
(60,514)   coste   477    242
(60,982)   coste   896    483
(61,509)   coste   713    1070
(61,609)   coste   283    1
(61,631)   coste   143    497
(61,898)   coste   1    175
(62,165)   coste   1059    664
(62,202)   coste   680    1044
(62,374)   coste   633    1038
(63,810)   coste   431    776
(63,855)   coste   699    577
(64,134)   coste   636    787
(64,706)   coste   913    772
(64,808)   coste   357    514
(64,874)   coste   522    523
(65,788)   coste   449    1
(66,456)   coste   370    141
(66,957)   coste   1    211
(67,411)   coste   303    170
(67,994)   coste   253    264
(68,416)   coste   214    419
(68,656)   coste   619    665
(69,119)   coste   1    138
(69,796)   coste   463    804
(69,838)   coste   459    236
(70,442)   coste   896    790
(70,595)   coste   416    734
(70,657)   coste   476    55
(71,145)   coste   656    473
(71,472)   coste   727    576
(73,132)   coste   691    818
(73,202)   coste   138    596
(73,307)   coste   280    298
(73,429)   coste   557    542
(73,628)   coste   980    573
(73,812)   coste   1    105
(73,975)   coste   591    194
(74,169)   coste   807    465
(74,326)   coste   238    626
(74,736)   coste   338    577
(74,861)   coste   240    262
(75,344)   coste   383    471
(75,828)   coste   539    895
(75,851)   coste   678    499
(76,82)   coste   256    219
(76,105)   coste   692    498
(76,323)   coste   692    721
(76,368)   coste   638    946
(76,566)   coste   298    270
(76,688)   coste   595    512
(76,914)   coste   438    447
(76,930)   coste   371    51
(77,429)   coste   826    544
(77,547)   coste   584    369
(77,564)   coste   805    510
(77,632)   coste   334    156
(77,938)   coste   423    693
(78,206)   coste   386    201
(78,474)   coste   508    619
(78,950)   coste   345    440
(79,129)   coste   421    394
(79,290)   coste   299    1
(79,449)   coste   277    562
(79,488)   coste   173    357
(79,741)   coste   1025    777
(79,873)   coste   33    342
(80,201)   coste   134    24
(80,901)   coste   1    283
(80,951)   coste   320    646
(81,217)   coste   543    626
(81,529)   coste   738    723
(81,982)   coste   643    452
(82,443)   coste   36    461
(82,508)   coste   452    317
(82,534)   coste   989    860
(82,612)   coste   59    375
(82,967)   coste   393    722
(82,973)   coste   480    304
(83,608)   coste   891    580
(84,405)   coste   469    548
(84,466)   coste   382    236
(84,665)   coste   499    536
(84,850)   coste   517    413
(84,860)   coste   699    864
(85,378)   coste   1023    1064
(85,805)   coste   1    34
(86,448)   coste   214    606
(86,825)   coste   169    1
(86,910)   coste   53    536
(86,917)   coste   448    277
(86,924)   coste   780    605
(87,673)   coste   1    1
(87,675)   coste   587    239
(88,580)   coste   423    685
(88,811)   coste   374    565
(89,235)   coste   735    735
(89,427)   coste   281    383
(89,992)   coste   616    579
(90,116)   coste   319    626
(90,334)   coste   686    723
(90,537)   coste   1    88
(91,228)   coste   912    716
(92,625)   coste   804    490
(92,974)   coste   1    247
(93,158)   coste   295    318
(93,720)   coste   208    80
(94,171)   coste   415    584
(94,371)   coste   419    517
(94,571)   coste   1    474
(94,930)   coste   737    822
(95,280)   coste   1009    832
(95,324)   coste   744    550
(95,616)   coste   451    692
(95,671)   coste   321    187
(95,679)   coste   480    490
(95,774)   coste   973    889
(95,854)   coste   1113    888
(96,101)   coste   229    387
(96,500)   coste   712    637
(96,564)   coste   125    1
(97,169)   coste   919    686
(97,218)   coste   419    646
(97,247)   coste   1120    1178
(97,290)   coste   580    690
(97,756)   coste   375    515
(97,799)   coste   859    474
(97,829)   coste   1244    1016
(98,254)   coste   417    573
(98,603)   coste   953    650
(98,662)   coste   521    324
(98,714)   coste   220    1
(98,760)   coste   1030    1195
(100,268)   coste   1    254
(101,304)   coste   461    504
(101,578)   coste   365    464
(101,851)   coste   539    542
(102,297)   coste   700    718
(102,455)   coste   1010    1074
(102,791)   coste   836    765
(103,550)   coste   1101    889
(103,708)   coste   466    905
(103,802)   coste   961    919
(104,169)   coste   717    1009
(104,546)   coste   298    313
(105,900)   coste   517    609
(105,985)   coste   403    203
(106,439)   coste   732    797
(106,473)   coste   266    400
(106,917)   coste   429    520
(107,317)   coste   883    618
(107,418)   coste   495    197
(107,650)   coste   226    249
(107,958)   coste   638    824
(108,358)   coste   205    441
(108,813)   coste   605    785
(108,821)   coste   228    627
(108,841)   coste   644    544
(109,152)   coste   210    114
(109,650)   coste   1    12
(109,838)   coste   769    577
(109,905)   coste   61    29
(110,140)   coste   994    1231
(110,346)   coste   278    356
(110,594)   coste   917    904
(110,753)   coste   544    674
(111,605)   coste   522    410
(111,698)   coste   654    851
(111,825)   coste   278    544
(112,742)   coste   419    630
(112,801)   coste   318    392
(113,612)   coste   231    322
(113,663)   coste   763    587
(113,690)   coste   282    119
(114,631)   coste   570    506
(114,843)   coste   758    701
(114,978)   coste   122    406
(115,407)   coste   837    348
(115,504)   coste   303    222
(115,612)   coste   749    857
(115,744)   coste   488    622
(115,750)   coste   282    240
(115,764)   coste   456    484
(115,872)   coste   837    677
(116,645)   coste   869    896
(116,784)   coste   801    455
(117,374)   coste   744    498
(117,733)   coste   439    310
(117,847)   coste   170    456
(118,184)   coste   166    285
(118,889)   coste   278    540
(118,901)   coste   11    174
(119,913)   coste   456    300
(120,479)   coste   592    879
(120,910)   coste   842    398
(121,162)   coste   1226    1006
(121,574)   coste   647    638
(121,821)   coste   1138    812
(122,242)   coste   441    335
(122,303)   coste   472    233
(123,137)   coste   331    592
(123,188)   coste   74    158
(123,270)   coste   711    795
(123,573)   coste   836    802
(123,593)   coste   229    1
(123,629)   coste   778    780
(123,813)   coste   133    454
(123,820)   coste   478    445
(124,310)   coste   523    470
(124,315)   coste   372    722
(124,341)   coste   503    771
(124,445)   coste   670    833
(125,273)   coste   452    429
(125,489)   coste   11    89
(125,576)   coste   440    450
(125,626)   coste   389    222
(125,903)   coste   22    113
(125,953)   coste   572    366
(126,334)   coste   428    366
(127,752)   coste   129    60
(127,831)   coste   408    320
(128,236)   coste   78    227
(128,346)   coste   652    935
(128,437)   coste   796    1011
(128,788)   coste   540    1036
(129,228)   coste   525    421
(129,625)   coste   437    457
(130,136)   coste   248    557
(130,594)   coste   255    451
(130,998)   coste   464    627
(131,871)   coste   212    1
(132,741)   coste   247    1
(133,393)   coste   129    127
(133,398)   coste   123    1
(134,143)   coste   887    588
(134,470)   coste   577    626
(135,414)   coste   481    350
(136,265)   coste   126    492
(136,648)   coste   662    738
(137,241)   coste   253    537
(137,474)   coste   211    372
(138,199)   coste   187    278
(139,373)   coste   142    1
(139,639)   coste   717    792
(139,914)   coste   360    470
(140,569)   coste   759    1009
(141,145)   coste   533    309
(141,409)   coste   470    853
(141,551)   coste   664    495
(142,554)   coste   1266    840
(142,939)   coste   1164    1208
(142,963)   coste   1022    629
(142,975)   coste   568    354
(143,618)   coste   846    664
(143,673)   coste   484    425
(143,691)   coste   817    594
(143,839)   coste   401    731
(143,941)   coste   951    1270
(144,585)   coste   875    828
(146,248)   coste   594    647
(146,269)   coste   598    570
(146,689)   coste   675    893
(146,749)   coste   485    185
(146,871)   coste   200    423
(146,984)   coste   850    818
(147,328)   coste   344    149
(147,432)   coste   489    441
(148,896)   coste   823    733
(149,498)   coste   269    52
(150,285)   coste   301    1
(151,241)   coste   758    643
(151,634)   coste   647    693
(151,936)   coste   654    634
(152,317)   coste   924    951
(152,518)   coste   553    303
(152,585)   coste   808    952
(153,190)   coste   603    577
(153,425)   coste   645    512
(153,906)   coste   582    313
(154,722)   coste   411    613
(154,737)   coste   695    614
(155,383)   coste   748    867
(156,229)   coste   673    664
(156,519)   coste   139    47
(157,288)   coste   392    439
(157,390)   coste   109    380
(157,789)   coste   802    716
(158,167)   coste   336    50
(158,264)   coste   516    602
(158,278)   coste   321    352
(158,356)   coste   1    231
(158,482)   coste   314    548
(158,533)   coste   869    975
(158,599)   coste   246    606
(159,919)   coste   557    514
(160,352)   coste   120    103
(161,265)   coste   720    392
(161,483)   coste   60    133
(161,745)   coste   636    633
(162,834)   coste   752    995
(163,274)   coste   1060    715
(164,415)   coste   1060    906
(164,578)   coste   53    229
(164,865)   coste   595    512
(165,287)   coste   418    494
(165,384)   coste   519    253
(165,390)   coste   286    117
(165,576)   coste   449    170
(165,593)   coste   650    642
(165,836)   coste   71    111
(166,560)   coste   728    897
(166,596)   coste   1155    719
(167,264)   coste   667    421
(167,300)   coste   17    349
(167,424)   coste   98    54
(167,518)   coste   241    629
(168,328)   coste   672    585
(168,708)   coste   371    505
(168,747)   coste   465    799
(168,979)   coste   283    53
(169,354)   coste   491    221
(169,568)   coste   688    620
(169,646)   coste   687    310
(169,995)   coste   778    706
(170,507)   coste   1161    1046
(171,286)   coste   988    576
(171,743)   coste   616    349
(171,838)   coste   594    853
(172,277)   coste   636    596
(172,550)   coste   826    602
(173,234)   coste   284    115
(173,248)   coste   72    131
(173,292)   coste   1    1
(174,196)   coste   1194    1142
(174,415)   coste   1063    718
(174,796)   coste   860    945
(174,915)   coste   516    546
(174,958)   coste   1    94
(174,996)   coste   585    525
(175,583)   coste   554    80
(175,705)   coste   308    355
(176,324)   coste   1    1
(176,676)   coste   203    192
(176,893)   coste   483    684
(177,348)   coste   804    852
(177,482)   coste   99    263
(177,598)   coste   349    99
(177,627)   coste   20    12
(177,694)   coste   700    842
(177,718)   coste   1    88
(177,744)   coste   381    239
(177,974)   coste   550    390
(177,983)   coste   541    357
(178,592)   coste   772    360
(178,662)   coste   80    130
(178,899)   coste   534    822
(178,967)   coste   620    780
(179,236)   coste   862    632
(179,365)   coste   639    581
(179,391)   coste   411    566
(179,582)   coste   622    398
(179,954)   coste   209    357
(180,430)   coste   910    900
(180,585)   coste   200    623
(181,447)   coste   725    403
(181,531)   coste   987    899
(182,207)   coste   996    1033
(182,712)   coste   1    253
(182,739)   coste   651    391
(182,836)   coste   746    754
(183,239)   coste   251    457
(183,408)   coste   94    150
(183,695)   coste   213    353
(183,829)   coste   431    414
(183,864)   coste   418    413
(184,226)   coste   267    460
(184,711)   coste   471    269
(185,429)   coste   241    112
(185,547)   coste   292    435
(185,935)   coste   129    549
(186,245)   coste   549    365
(186,370)   coste   862    643
(186,829)   coste   273    566
(186,830)   coste   191    72
(187,851)   coste   885    856
(188,252)   coste   686    430
(188,466)   coste   353    511
(188,716)   coste   6    368
(188,922)   coste   673    658
(189,410)   coste   87    127
(189,567)   coste   340    103
(189,821)   coste   928    1034
(189,905)   coste   377    432
(189,969)   coste   932    1167
(190,571)   coste   279    189
(190,596)   coste   1261    1081
(190,657)   coste   829    778
(190,737)   coste   89    211
(190,857)   coste   451    733
(191,318)   coste   445    555
(191,793)   coste   963    1042
(191,907)   coste   620    939
(191,943)   coste   1132    775
(192,325)   coste   388    101
(192,692)   coste   699    725
(193,244)   coste   240    58
(193,367)   coste   608    242
(194,618)   coste   495    365
(194,816)   coste   355    621
(195,294)   coste   681    547
(195,480)   coste   928    738
(195,952)   coste   271    113
(196,954)   coste   993    767
(197,482)   coste   529    459
(197,706)   coste   345    560
(197,749)   coste   814    821
(198,466)   coste   707    258
(198,655)   coste   473    554
(199,288)   coste   471    174
(199,513)   coste   43    395
(199,640)   coste   687    319
(199,820)   coste   608    702
(200,607)   coste   797    774
(200,949)   coste   431    160
(201,377)   coste   86    171
(202,335)   coste   555    544
(202,668)   coste   1227    1136
(203,707)   coste   259    472
(204,302)   coste   550    399
(204,419)   coste   638    407
(204,690)   coste   799    933
(205,210)   coste   499    249
(205,411)   coste   378    398
(205,641)   coste   673    854
(205,891)   coste   587    377
(206,698)   coste   852    791
(207,652)   coste   699    1146
(208,501)   coste   356    684
(208,785)   coste   740    812
(208,823)   coste   455    200
(208,851)   coste   660    919
(208,974)   coste   803    634
(209,503)   coste   511    302
(209,725)   coste   1032    962
(210,244)   coste   207    48
(210,277)   coste   132    182
(210,353)   coste   124    446
(210,639)   coste   733    1009
(210,739)   coste   94    30
(210,873)   coste   483    346
(210,928)   coste   126    502
(211,382)   coste   1    267
(211,852)   coste   633    321
(212,215)   coste   858    872
(212,913)   coste   402    437
(213,490)   coste   550    682
(213,993)   coste   903    832
(214,281)   coste   445    370
(214,299)   coste   223    64
(214,325)   coste   572    586
(214,342)   coste   845    746
(214,490)   coste   919    1150
(214,942)   coste   568    861
(214,972)   coste   315    550
(215,288)   coste   337    24
(216,998)   coste   753    700
(217,558)   coste   393    271
(217,972)   coste   810    721
(218,939)   coste   788    728
(218,977)   coste   403    549
(219,564)   coste   535    439
(219,999)   coste   69    307
(220,762)   coste   81    36
(221,761)   coste   451    544
(221,834)   coste   552    550
(222,793)   coste   894    642
(223,401)   coste   75    350
(223,453)   coste   118    20
(223,513)   coste   677    299
(224,266)   coste   295    1
(224,710)   coste   842    617
(224,814)   coste   652    618
(224,878)   coste   430    645
(225,845)   coste   712    560
(227,241)   coste   103    483
(227,283)   coste   318    556
(227,319)   coste   179    379
(228,316)   coste   893    725
(228,812)   coste   927    740
(228,878)   coste   912    962
(229,353)   coste   642    298
(229,440)   coste   892    539
(229,574)   coste   26    209
(229,665)   coste   933    476
(230,511)   coste   337    72
(230,688)   coste   981    689
(231,705)   coste   585    864
(231,757)   coste   539    665
(232,360)   coste   900    957
(232,456)   coste   517    860
(232,631)   coste   1230    1134
(233,602)   coste   769    548
(234,613)   coste   209    1
(235,438)   coste   449    702
(235,895)   coste   386    379
(236,313)   coste   582    576
(237,289)   coste   372    669
(237,529)   coste   565    634
(237,618)   coste   592    705
(237,976)   coste   70    166
(238,389)   coste   136    220
(238,399)   coste   804    403
(239,399)   coste   482    580
(239,784)   coste   329    325
(239,810)   coste   350    130
(240,368)   coste   330    30
(240,707)   coste   810    656
(240,770)   coste   697    821
(240,905)   coste   693    847
(241,389)   coste   364    180
(241,609)   coste   149    27
(241,698)   coste   248    494
(242,524)   coste   737    1101
(242,579)   coste   641    579
(244,393)   coste   50    363
(244,451)   coste   581    588
(244,717)   coste   321    1
(244,749)   coste   227    151
(245,414)   coste   1    259
(245,917)   coste   757    499
(246,740)   coste   662    930
(247,509)   coste   582    496
(247,840)   coste   868    894
(247,963)   coste   560    267
(248,790)   coste   432    388
(249,601)   coste   104    1
(249,773)   coste   487    553
(249,923)   coste   397    217
(250,488)   coste   634    796
(250,493)   coste   498    406
(250,769)   coste   170    324
(251,277)   coste   1    94
(251,529)   coste   1125    700
(252,685)   coste   433    300
(253,661)   coste   704    483
(253,924)   coste   257    325
(254,256)   coste   244    341
(254,299)   coste   505    737
(254,643)   coste   345    339
(254,867)   coste   259    491
(255,442)   coste   493    708
(255,583)   coste   375    772
(256,299)   coste   192    243
(256,407)   coste   518    562
(256,617)   coste   470    518
(256,927)   coste   1    37
(257,319)   coste   252    506
(258,695)   coste   468    90
(258,760)   coste   731    823
(258,945)   coste   1054    1009
(259,536)   coste   301    164
(259,596)   coste   499    945
(259,946)   coste   313    387
(260,422)   coste   699    537
(260,501)   coste   1    45
(260,749)   coste   236    116
(261,475)   coste   403    268
(261,488)   coste   429    608
(261,701)   coste   664    814
(261,904)   coste   610    961
(262,467)   coste   642    494
(262,506)   coste   805    799
(262,925)   coste   241    35
(263,484)   coste   360    583
(263,847)   coste   877    702
(264,303)   coste   453    774
(265,828)   coste   783    861
(266,981)   coste   470    758
(267,320)   coste   596    519
(267,486)   coste   460    80
(267,502)   coste   727    777
(267,616)   coste   678    347
(268,324)   coste   836    783
(269,524)   coste   494    765
(269,876)   coste   390    431
(270,418)   coste   666    457
(270,434)   coste   304    654
(270,735)   coste   691    1099
(271,633)   coste   577    915
(271,933)   coste   412    358
(271,989)   coste   750    547
(272,311)   coste   603    564
(272,707)   coste   459    512
(273,718)   coste   484    387
(273,748)   coste   691    665
(273,805)   coste   588    796
(274,771)   coste   434    584
(275,632)   coste   431    744
(275,729)   coste   139    457
(276,412)   coste   294    30
(276,472)   coste   294    137
(276,615)   coste   283    280
(277,428)   coste   265    384
(277,846)   coste   977    754
(278,517)   coste   1    92
(278,537)   coste   331    101
(278,907)   coste   240    1
(279,991)   coste   360    607
(280,340)   coste   830    411
(280,399)   coste   737    402
(280,861)   coste   293    186
(281,895)   coste   476    210
(281,932)   coste   727    482
(282,728)   coste   494    406
(283,289)   coste   740    575
(283,886)   coste   961    699
(284,336)   coste   841    789
(284,377)   coste   436    599
(284,767)   coste   491    585
(284,814)   coste   593    728
(285,339)   coste   929    946
(285,357)   coste   119    343
(285,491)   coste   623    542
(285,621)   coste   900    671
(285,960)   coste   427    101
(286,724)   coste   192    179
(287,297)   coste   414    347
(287,959)   coste   689    710
(289,832)   coste   497    165
(289,860)   coste   569    323
(289,960)   coste   271    617
(290,401)   coste   946    1198
(291,333)   coste   921    827
(292,615)   coste   269    94
(292,950)   coste   580    744
(293,475)   coste   417    388
(293,491)   coste   143    259
(293,572)   coste   652    843
(293,919)   coste   652    692
(293,930)   coste   640    664
(294,418)   coste   283    344
(294,762)   coste   759    833
(294,788)   coste   1053    907
(295,339)   coste   375    342
(295,700)   coste   154    100
(295,970)   coste   213    379
(296,853)   coste   262    283
(296,886)   coste   565    761
(297,422)   coste   649    899
(297,834)   coste   252    306
(298,735)   coste   403    470
(298,970)   coste   509    466
(299,415)   coste   507    604
(299,428)   coste   608    418
(299,570)   coste   708    483
(299,805)   coste   371    467
(299,997)   coste   198    160
(300,500)   coste   412    596
(300,741)   coste   453    136
(300,787)   coste   645    344
(301,541)   coste   14    6
(301,864)   coste   1    89
(301,940)   coste   538    746
(301,951)   coste   260    340
(302,313)   coste   168    308
(302,360)   coste   1    162
(302,834)   coste   234    579
(302,869)   coste   504    487
(303,447)   coste   583    707
(303,614)   coste   256    550
(304,330)   coste   373    603
(304,693)   coste   749    810
(305,549)   coste   1    247
(305,861)   coste   466    445
(305,895)   coste   372    205
(306,631)   coste   947    788
(306,955)   coste   676    608
(307,633)   coste   591    602
(307,761)   coste   118    101
(308,635)   coste   371    294
(308,929)   coste   491    532
(308,938)   coste   414    173
(309,703)   coste   162    535
(310,444)   coste   565    259
(310,493)   coste   435    497
(310,559)   coste   48    116
(310,947)   coste   391    492
(311,462)   coste   739    1232
(311,612)   coste   784    976
(311,778)   coste   119    498
(312,693)   coste   638    548
(312,736)   coste   478    627
(313,410)   coste   223    1
(314,608)   coste   937    1021
(314,826)   coste   1106    1038
(314,875)   coste   287    566
(315,766)   coste   419    107
(315,838)   coste   415    414
(316,342)   coste   705    730
(316,547)   coste   1    336
(316,987)   coste   637    480
(317,600)   coste   868    720
(317,650)   coste   705    962
(317,685)   coste   1102    646
(321,441)   coste   613    209
(321,982)   coste   968    930
(322,869)   coste   476    310
(323,722)   coste   494    83
(323,792)   coste   1    135
(323,794)   coste   1094    759
(324,732)   coste   401    151
(324,920)   coste   489    483
(325,530)   coste   539    318
(325,629)   coste   568    204
(325,781)   coste   158    318
(325,862)   coste   742    1008
(325,886)   coste   451    572
(326,961)   coste   898    851
(327,628)   coste   510    612
(327,898)   coste   490    777
(327,940)   coste   297    659
(328,395)   coste   969    679
(328,658)   coste   187    90
(328,976)   coste   361    248
(329,635)   coste   16    1
(329,667)   coste   444    614
(329,817)   coste   1188    1004
(330,333)   coste   686    681
(330,391)   coste   663    507
(330,935)   coste   306    524
(331,540)   coste   359    623
(331,936)   coste   385    441
(332,804)   coste   59    264
(333,415)   coste   800    767
(334,350)   coste   343    497
(334,586)   coste   118    465
(334,883)   coste   54    81
(335,907)   coste   1034    896
(335,943)   coste   1059    1107
(335,989)   coste   284    432
(336,427)   coste   535    291
(336,561)   coste   314    374
(336,659)   coste   606    706
(337,480)   coste   915    563
(337,499)   coste   477    172
(337,644)   coste   380    375
(338,778)   coste   1116    834
(338,801)   coste   969    770
(339,908)   coste   1101    997
(340,575)   coste   437    925
(342,417)   coste   443    303
(343,365)   coste   194    197
(343,921)   coste   215    450
(344,580)   coste   403    648
(344,754)   coste   177    320
(345,651)   coste   427    725
(345,899)   coste   954    861
(347,364)   coste   276    16
(347,499)   coste   19    33
(347,544)   coste   723    663
(349,441)   coste   1    118
(349,453)   coste   385    320
(350,487)   coste   879    1095
(352,578)   coste   457    709
(352,756)   coste   916    768
(352,936)   coste   180    65
(353,401)   coste   963    959
(353,411)   coste   408    270
(353,719)   coste   264    233
(353,720)   coste   457    331
(355,419)   coste   244    26
(356,463)   coste   712    471
(356,480)   coste   668    827
(356,968)   coste   808    461
(358,492)   coste   403    430
(358,941)   coste   374    319
(359,682)   coste   702    525
(360,392)   coste   518    775
(360,769)   coste   261    234
(361,734)   coste   540    359
(362,776)   coste   417    502
(362,792)   coste   472    431
(363,366)   coste   83    241
(363,742)   coste   127    418
(363,759)   coste   143    77
(364,452)   coste   677    646
(364,549)   coste   486    548
(364,574)   coste   530    746
(364,842)   coste   572    588
(365,582)   coste   1    299
(365,640)   coste   345    351
(365,987)   coste   300    235
(366,437)   coste   664    417
(366,492)   coste   64    291
(366,549)   coste   593    823
(366,961)   coste   817    728
(367,440)   coste   675    664
(367,521)   coste   410    345
(367,712)   coste   452    803
(367,813)   coste   738    559
(368,771)   coste   137    146
(368,897)   coste   291    22
(369,373)   coste   510    699
(369,448)   coste   594    717
(369,516)   coste   532    527
(370,504)   coste   1073    983
(370,535)   coste   1    369
(371,538)   coste   357    499
(372,935)   coste   835    589
(372,939)   coste   1086    1041
(374,511)   coste   149    240
(375,575)   coste   1012    1220
(375,764)   coste   692    849
(375,857)   coste   775    802
(375,916)   coste   972    1177
(376,764)   coste   615    486
(376,940)   coste   813    985
(377,840)   coste   662    321
(378,589)   coste   578    980
(381,469)   coste   63    221
(381,478)   coste   1    152
(381,638)   coste   368    761
(381,691)   coste   245    686
(382,426)   coste   418    425
(382,433)   coste   490    253
(382,449)   coste   898    585
(382,499)   coste   559    748
(382,600)   coste   733    728
(382,819)   coste   299    303
(382,892)   coste   1045    727
(383,749)   coste   403    127
(384,570)   coste   127    42
(384,598)   coste   149    388
(384,723)   coste   541    78
(384,831)   coste   739    661
(385,532)   coste   207    165
(386,642)   coste   473    181
(386,760)   coste   551    557
(386,809)   coste   128    515
(387,443)   coste   404    350
(387,461)   coste   226    233
(387,691)   coste   980    914
(387,746)   coste   686    437
(388,477)   coste   245    114
(389,529)   coste   4    301
(389,543)   coste   376    266
(389,564)   coste   988    936
(389,569)   coste   583    224
(389,871)   coste   369    417
(390,849)   coste   157    54
(391,466)   coste   620    738
(391,680)   coste   572    503
(391,803)   coste   438    618
(391,937)   coste   1    199
(392,432)   coste   675    659
(392,489)   coste   296    100
(392,552)   coste   290    476
(393,677)   coste   593    547
(394,470)   coste   820    649
(395,432)   coste   2    223
(395,523)   coste   573    672
(395,884)   coste   305    388
(396,875)   coste   646    313
(397,583)   coste   786    464
(397,653)   coste   515    399
(398,516)   coste   353    438
(398,916)   coste   516    213
(399,617)   coste   311    85
(400,608)   coste   395    1
(400,950)   coste   900    689
(400,986)   coste   343    564
(401,933)   coste   496    873
(402,947)   coste   867    603
(403,528)   coste   465    558
(404,812)   coste   692    557
(404,865)   coste   243    651
(404,963)   coste   487    214
(405,453)   coste   750    322
(405,629)   coste   306    436
(405,710)   coste   1065    1075
(406,506)   coste   807    838
(406,701)   coste   591    603
(406,719)   coste   164    580
(407,923)   coste   152    1
(409,967)   coste   464    275
(409,987)   coste   595    678
(410,746)   coste   771    494
(410,901)   coste   563    734
(411,454)   coste   874    915
(411,629)   coste   930    1014
(412,809)   coste   969    662
(412,835)   coste   242    103
(412,931)   coste   993    794
(413,864)   coste   531    551
(414,458)   coste   560    781
(414,543)   coste   367    758
(414,952)   coste   552    508
(415,488)   coste   517    462
(416,575)   coste   545    287
(417,467)   coste   822    928
(417,896)   coste   675    661
(417,990)   coste   227    352
(418,536)   coste   551    828
(419,902)   coste   528    523
(420,600)   coste   285    421
(420,819)   coste   387    231
(421,500)   coste   399    416
(421,515)   coste   604    403
(421,559)   coste   502    447
(422,667)   coste   1149    1205
(423,688)   coste   353    339
(423,734)   coste   629    815
(424,806)   coste   482    328
(425,795)   coste   675    705
(426,548)   coste   784    971
(426,676)   coste   1    478
(426,721)   coste   494    893
(426,852)   coste   388    725
(427,694)   coste   612    495
(428,475)   coste   1188    767
(428,700)   coste   570    563
(430,836)   coste   328    324
(430,837)   coste   883    547
(431,574)   coste   973    774
(431,608)   coste   32    260
(431,613)   coste   414    297
(431,729)   coste   883    736
(431,777)   coste   1008    1100
(431,878)   coste   861    534
(432,451)   coste   505    485
(432,532)   coste   796    838
(432,739)   coste   606    853
(433,668)   coste   599    508
(433,689)   coste   438    681
(433,751)   coste   273    315
(433,925)   coste   12    58
(435,876)   coste   454    509
(436,577)   coste   968    576
(436,709)   coste   327    333
(437,754)   coste   495    593
(438,558)   coste   575    319
(438,559)   coste   376    271
(438,624)   coste   190    171
(438,703)   coste   282    57
(438,725)   coste   518    457
(438,801)   coste   617    718
(438,879)   coste   647    726
(438,965)   coste   564    558
(439,671)   coste   435    372
(439,723)   coste   1034    648
(439,839)   coste   37    165
(439,860)   coste   585    491
(439,897)   coste   296    700
(440,472)   coste   451    702
(440,575)   coste   713    722
(441,591)   coste   388    199
(441,600)   coste   499    655
(441,665)   coste   630    524
(442,728)   coste   855    947
(442,771)   coste   341    247
(442,865)   coste   596    680
(444,537)   coste   497    746
(444,603)   coste   989    900
(445,532)   coste   502    361
(446,633)   coste   1104    1149
(446,752)   coste   145    512
(446,802)   coste   1102    812
(447,602)   coste   542    1008
(447,661)   coste   839    700
(447,764)   coste   579    661
(448,481)   coste   961    1020
(448,649)   coste   303    90
(448,767)   coste   61    219
(449,597)   coste   795    615
(450,768)   coste   1    1
(450,942)   coste   657    586
(451,738)   coste   817    1004
(451,822)   coste   266    423
(453,628)   coste   895    883
(454,544)   coste   387    799
(454,570)   coste   420    57
(455,538)   coste   697    737
(455,609)   coste   1000    1111
(456,551)   coste   1    12
(457,521)   coste   329    605
(458,804)   coste   554    752
(459,555)   coste   194    52
(459,861)   coste   175    357
(459,870)   coste   452    424
(460,483)   coste   663    629
(460,663)   coste   509    495
(461,545)   coste   1    63
(461,667)   coste   849    794
(462,830)   coste   746    1001
(462,885)   coste   105    225
(464,695)   coste   493    422
(464,802)   coste   480    334
(464,996)   coste   476    260
(465,693)   coste   526    682
(465,743)   coste   698    653
(466,778)   coste   1135    1075
(466,852)   coste   91    36
(466,981)   coste   260    292
(467,655)   coste   793    645
(467,782)   coste   143    67
(467,921)   coste   595    652
(467,930)   coste   949    689
(468,914)   coste   220    24
(469,576)   coste   358    660
(470,550)   coste   591    559
(470,710)   coste   563    262
(471,603)   coste   586    408
(473,590)   coste   621    341
(473,716)   coste   622    475
(474,771)   coste   446    466
(476,775)   coste   867    908
(476,958)   coste   663    266
(477,658)   coste   323    556
(477,907)   coste   80    338
(478,576)   coste   492    583
(478,608)   coste   324    392
(478,651)   coste   315    530
(478,973)   coste   893    924
(479,615)   coste   451    342
(479,994)   coste   480    551
(481,665)   coste   281    508
(481,822)   coste   182    151
(482,485)   coste   220    597
(483,728)   coste   250    276
(483,837)   coste   445    396
(483,899)   coste   347    504
(485,573)   coste   248    90
(485,743)   coste   8    346
(485,832)   coste   469    622
(485,933)   coste   522    304
(487,538)   coste   361    381
(487,815)   coste   502    590
(488,709)   coste   388    116
(489,940)   coste   334    1
(490,838)   coste   669    798
(491,947)   coste   407    255
(492,499)   coste   186    493
(493,684)   coste   1    317
(493,772)   coste   1    81
(494,849)   coste   776    1017
(494,956)   coste   807    406
(495,581)   coste   969    1267
(495,719)   coste   579    536
(495,738)   coste   129    108
(496,977)   coste   210    477
(497,848)   coste   377    636
(498,568)   coste   658    853
(498,866)   coste   766    1042
(498,881)   coste   563    218
(499,895)   coste   391    657
(500,669)   coste   254    399
(501,580)   coste   570    497
(501,732)   coste   845    501
(502,842)   coste   621    909
(503,642)   coste   612    726
(505,683)   coste   662    309
(506,902)   coste   194    1
(507,663)   coste   215    1
(507,904)   coste   144    83
(508,763)   coste   475    298
(510,630)   coste   759    568
(510,986)   coste   486    360
(510,993)   coste   645    324
(511,640)   coste   577    609
(511,687)   coste   546    550
(512,621)   coste   827    443
(513,967)   coste   610    396
(514,542)   coste   500    556
(515,550)   coste   862    557
(516,697)   coste   961    789
(517,768)   coste   1    320
(517,807)   coste   225    484
(518,525)   coste   211    345
(518,799)   coste   150    278
(518,837)   coste   18    364
(518,969)   coste   592    289
(520,544)   coste   501    181
(520,714)   coste   277    264
(520,808)   coste   321    327
(521,659)   coste   476    563
(522,790)   coste   743    870
(522,1000)   coste   777    949
(523,583)   coste   431    627
(523,627)   coste   619    478
(525,560)   coste   264    400
(525,672)   coste   464    158
(526,532)   coste   718    1003
(526,695)   coste   799    572
(526,748)   coste   771    730
(526,942)   coste   417    834
(527,534)   coste   249    519
(527,997)   coste   1    1
(528,563)   coste   724    800
(528,830)   coste   817    540
(528,948)   coste   918    713
(530,648)   coste   266    318
(531,682)   coste   1114    879
(532,692)   coste   704    263
(532,744)   coste   773    738
(533,741)   coste   769    312
(534,963)   coste   381    436
(534,993)   coste   906    484
(535,546)   coste   344    302
(535,829)   coste   983    673
(536,572)   coste   742    760
(539,556)   coste   251    1
(539,629)   coste   696    719
(539,879)   coste   646    676
(540,631)   coste   521    514
(540,817)   coste   932    884
(542,692)   coste   68    1
(543,638)   coste   595    327
(543,951)   coste   482    456
(544,858)   coste   88    344
(544,889)   coste   1    218
(547,973)   coste   469    693
(548,959)   coste   592    506
(549,724)   coste   740    648
(550,633)   coste   2    1
(550,749)   coste   472    753
(550,786)   coste   1    120
(551,594)   coste   707    207
(551,647)   coste   574    568
(552,614)   coste   418    591
(552,726)   coste   503    269
(553,707)   coste   469    511
(553,754)   coste   598    673
(553,912)   coste   221    353
(554,885)   coste   1227    1221
(556,613)   coste   307    463
(557,579)   coste   337    87
(558,718)   coste   961    584
(559,588)   coste   872    802
(559,932)   coste   1025    685
(559,937)   coste   678    679
(560,854)   coste   739    920
(560,885)   coste   766    763
(560,947)   coste   554    688
(561,633)   coste   505    890
(561,666)   coste   373    470
(561,680)   coste   737    649
(562,600)   coste   133    282
(562,611)   coste   719    616
(562,839)   coste   568    305
(562,872)   coste   536    800
(563,671)   coste   348    513
(563,704)   coste   536    352
(564,773)   coste   844    884
(564,795)   coste   502    774
(564,953)   coste   628    1048
(565,793)   coste   315    41
(566,897)   coste   544    443
(567,616)   coste   446    212
(567,693)   coste   520    839
(567,982)   coste   904    962
(568,881)   coste   346    577
(569,672)   coste   619    463
(569,707)   coste   426    1
(569,950)   coste   422    332
(570,882)   coste   15    210
(570,890)   coste   387    481
(571,794)   coste   649    195
(572,613)   coste   472    483
(572,664)   coste   583    484
(574,728)   coste   762    660
(576,607)   coste   315    240
(576,686)   coste   599    332
(577,983)   coste   796    496
(578,611)   coste   362    329
(579,917)   coste   554    712
(580,656)   coste   688    368
(580,887)   coste   109    519
(581,827)   coste   515    410
(582,612)   coste   335    287
(582,799)   coste   263    549
(584,894)   coste   626    290
(584,918)   coste   591    864
(584,971)   coste   612    940
(585,851)   coste   71    1
(585,960)   coste   499    704
(586,761)   coste   504    730
(587,647)   coste   160    136
(587,914)   coste   255    319
(588,826)   coste   1    157
(588,884)   coste   761    510
(589,631)   coste   867    819
(589,867)   coste   348    265
(589,956)   coste   593    530
(590,910)   coste   1    5
(590,954)   coste   364    508
(591,890)   coste   587    399
(591,960)   coste   908    835
(592,776)   coste   529    723
(593,962)   coste   543    615
(593,993)   coste   891    750
(594,766)   coste   585    562
(594,936)   coste   81    190
(595,833)   coste   557    332
(595,989)   coste   684    838
(596,838)   coste   215    151
(597,849)   coste   1042    654
(599,882)   coste   223    516
(601,633)   coste   627    707
(603,627)   coste   924    1131
(603,629)   coste   690    499
(603,786)   coste   1054    1109
(603,995)   coste   728    415
(604,980)   coste   530    387
(605,832)   coste   940    596
(606,866)   coste   688    663
(606,997)   coste   268    239
(607,728)   coste   465    540
(608,876)   coste   687    816
(608,921)   coste   573    702
(609,900)   coste   130    371
(609,918)   coste   1008    660
(610,805)   coste   660    950
(610,965)   coste   415    783
(612,963)   coste   680    523
(614,931)   coste   811    971
(617,624)   coste   380    734
(617,674)   coste   627    810
(617,816)   coste   122    409
(617,817)   coste   515    606
(617,925)   coste   403    306
(619,731)   coste   186    419
(620,728)   coste   960    721
(621,781)   coste   943    782
(621,803)   coste   1    122
(623,716)   coste   519    358
(623,826)   coste   993    843
(623,883)   coste   554    675
(624,740)   coste   452    206
(624,926)   coste   1    255
(627,751)   coste   754    786
(628,678)   coste   706    854
(628,951)   coste   409    367
(630,711)   coste   278    436
(631,689)   coste   586    336
(631,814)   coste   722    1062
(634,798)   coste   738    444
(635,817)   coste   976    774
(636,815)   coste   334    709
(636,901)   coste   464    706
(637,717)   coste   583    588
(638,927)   coste   746    753
(640,828)   coste   270    73
(641,884)   coste   618    940
(641,957)   coste   1083    771
(644,681)   coste   203    273
(645,749)   coste   528    425
(646,698)   coste   188    180
(646,730)   coste   163    261
(646,774)   coste   675    595
(646,919)   coste   611    756
(646,966)   coste   635    353
(647,919)   coste   709    565
(649,662)   coste   495    464
(651,981)   coste   539    433
(652,726)   coste   713    533
(652,746)   coste   671    808
(652,892)   coste   413    82
(652,965)   coste   1117    1148
(654,707)   coste   269    207
(655,656)   coste   946    1212
(657,693)   coste   893    1076
(658,690)   coste   1138    1194
(660,667)   coste   511    540
(660,740)   coste   542    924
(660,802)   coste   753    1043
(660,915)   coste   656    673
(663,758)   coste   654    784
(663,775)   coste   305    97
(664,870)   coste   667    732
(665,864)   coste   546    711
(666,931)   coste   671    723
(668,728)   coste   463    515
(668,815)   coste   186    361
(668,823)   coste   1009    1092
(668,847)   coste   317    394
(669,735)   coste   262    210
(670,900)   coste   628    618
(673,683)   coste   963    706
(673,822)   coste   726    445
(674,878)   coste   195    249
(674,937)   coste   552    85
(675,693)   coste   546    938
(675,713)   coste   346    472
(676,758)   coste   389    552
(680,684)   coste   398    659
(680,744)   coste   506    194
(680,797)   coste   1    280
(682,683)   coste   652    790
(682,982)   coste   509    610
(684,987)   coste   1    256
(685,845)   coste   771    714
(687,775)   coste   308    391
(688,927)   coste   298    277
(688,953)   coste   719    636
(689,750)   coste   255    442
(691,985)   coste   800    751
(693,735)   coste   681    585
(693,800)   coste   685    404
(693,834)   coste   349    647
(693,848)   coste   462    471
(694,742)   coste   656    300
(696,730)   coste   267    303
(696,854)   coste   1235    831
(696,881)   coste   335    240
(697,761)   coste   667    914
(697,876)   coste   936    562
(697,909)   coste   705    671
(698,843)   coste   825    975
(699,991)   coste   188    408
(702,792)   coste   623    471
(702,871)   coste   410    364
(702,919)   coste   702    402
(702,965)   coste   622    704
(703,861)   coste   355    1
(704,838)   coste   892    588
(705,818)   coste   883    856
(705,975)   coste   323    265
(708,767)   coste   261    1
(709,750)   coste   405    312
(709,888)   coste   112    249
(710,923)   coste   878    729
(711,810)   coste   442    256
(712,756)   coste   338    301
(713,828)   coste   895    1033
(714,738)   coste   751    638
(714,948)   coste   764    956
(714,999)   coste   589    786
(715,923)   coste   611    430
(717,841)   coste   463    783
(718,850)   coste   455    426
(718,866)   coste   584    497
(720,775)   coste   385    621
(721,777)   coste   348    389
(721,867)   coste   52    1
(722,964)   coste   904    893
(723,796)   coste   575    699
(724,731)   coste   348    387
(726,788)   coste   454    526
(727,761)   coste   359    162
(727,857)   coste   743    596
(727,877)   coste   33    175
(728,806)   coste   520    432
(732,859)   coste   702    589
(736,922)   coste   382    377
(737,864)   coste   187    518
(739,967)   coste   746    583
(744,978)   coste   197    360
(745,852)   coste   364    369
(745,856)   coste   227    321
(751,957)   coste   1169    1268
(754,911)   coste   544    437
(754,960)   coste   466    428
(755,885)   coste   558    908
(759,764)   coste   388    133
(760,810)   coste   290    642
(760,818)   coste   303    326
(760,873)   coste   1125    647
(763,845)   coste   508    608
(764,805)   coste   643    903
(764,876)   coste   721    362
(765,786)   coste   1280    1205
(765,850)   coste   1023    782
(769,998)   coste   167    484
(770,999)   coste   495    207
(771,783)   coste   275    347
(772,780)   coste   1    1
(773,879)   coste   359    395
(774,899)   coste   662    774
(776,826)   coste   736    628
(776,985)   coste   537    710
(777,967)   coste   931    956
(778,878)   coste   551    497
(778,930)   coste   1315    1281
(778,944)   coste   913    747
(779,910)   coste   474    577
(779,989)   coste   513    762
(781,820)   coste   489    179
(782,972)   coste   773    544
(783,989)   coste   1124    989
(783,995)   coste   496    639
(784,876)   coste   393    380
(785,981)   coste   1102    1027
(786,849)   coste   275    514
(796,985)   coste   735    543
(797,946)   coste   484    441
(800,940)   coste   672    571
(802,986)   coste   610    634
(803,829)   coste   444    456
(804,962)   coste   516    613
(805,907)   coste   705    733
(805,992)   coste   554    802
(808,949)   coste   401    411
(810,957)   coste   668    899
(811,942)   coste   21    50
(815,926)   coste   34    50
(816,839)   coste   539    408
(821,969)   coste   75    295
(824,856)   coste   46    271
(824,995)   coste   285    176
(826,898)   coste   1079    1130
(830,941)   coste   782    650
(831,873)   coste   805    752
(835,883)   coste   704    882
(835,935)   coste   174    407
(836,838)   coste   702    695
(839,889)   coste   667    676
(840,860)   coste   895    985
(841,880)   coste   939    981
(844,887)   coste   231    248
(844,899)   coste   294    355
(845,892)   coste   322    325
(847,932)   coste   757    466
(850,956)   coste   405    107
(857,926)   coste   154    548
(858,964)   coste   719    426
(861,961)   coste   875    930
(861,986)   coste   1    1
(863,975)   coste   407    294
(864,1000)   coste   741    638
(867,904)   coste   331    504
(868,876)   coste   254    364
(870,887)   coste   807    585
(870,962)   coste   1029    747
(871,962)   coste   314    253
(877,1000)   coste   1190    1216
(878,912)   coste   638    756
(881,893)   coste   560    627
(883,978)   coste   645    452
(885,953)   coste   928    697
(885,979)   coste   691    655
(888,971)   coste   776    568
(888,984)   coste   438    139
(889,945)   coste   974    1066
(896,904)   coste   1021    584
(901,969)   coste   728    754
(908,920)   coste   640    1002
(908,977)   coste   938    917
(909,987)   coste   658    495
(909,992)   coste   614    774
(911,953)   coste   318    282
(914,953)   coste   599    157
(932,991)   coste   243    64
(934,937)   coste   661    577
(934,975)   coste   328    413
(940,959)   coste   961    743
(941,942)   coste   560    926
(953,979)   coste   443    538
(954,995)   coste   376    229
(978,987)   coste   502    606
(979,988)   coste   125    59
(1,514)   coste   606    467
(16,514)   coste   318    414
(16,371)   coste   370    501
(2,196)   coste   835    892
(175,583)   coste   554    80
(397,583)   coste   786    464
(397,653)   coste   515    399
(322,869)   coste   476    310
(132,741)   coste   247    1
(533,741)   coste   769    312
(370,535)   coste   1    369
(76,566)   coste   298    270
(76,930)   coste   371    51
(4,896)   coste   96    127
(148,896)   coste   823    733
(46,688)   coste   1016    824
(259,946)   coste   313    387
(6,384)   coste   568    240
(384,598)   coste   149    388
(37,323)   coste   917    1026
(358,941)   coste   374    319
(221,761)   coste   451    544
(727,761)   coste   359    162
(544,858)   coste   88    344
(8,137)   coste   627    724
(137,474)   coste   211    372
(9,906)   coste   726    379
(153,906)   coste   582    313
(160,352)   coste   120    103
(10,734)   coste   475    581
(11,660)   coste   363    322
(12,987)   coste   565    205
(27,626)   coste   100    156
(27,351)   coste   162    374
(107,650)   coste   226    249
(109,650)   coste   1    12
(109,905)   coste   61    29
(13,181)   coste   434    331
(13,380)   coste   386    212
(581,827)   coste   515    410
(523,627)   coste   619    478
(736,922)   coste   382    377
(15,645)   coste   483    141
(15,68)   coste   175    1
(15,918)   coste   40    143
(298,970)   coste   509    466
(295,970)   coste   213    379
(142,975)   coste   568    354
(73,975)   coste   591    194
(811,942)   coste   21    50
(159,919)   coste   557    514
(19,890)   coste   381    816
(646,774)   coste   675    595
(20,982)   coste   133    191
(682,982)   coste   509    610
(359,682)   coste   702    525
(164,578)   coste   53    229
(285,960)   coste   427    101
(34,388)   coste   1    230
(34,795)   coste   216    540
(345,651)   coste   427    725
(381,691)   coste   245    686
(381,478)   coste   1    152
(23,493)   coste   685    651
(493,684)   coste   1    317
(493,772)   coste   1    81
(772,780)   coste   1    1
(540,817)   coste   932    884
(224,266)   coste   295    1
(224,814)   coste   652    618
(26,502)   coste   689    770
(280,861)   coste   293    186
(456,551)   coste   1    12
(36,480)   coste   1    1
(888,984)   coste   438    139
(45,745)   coste   322    116
(30,556)   coste   433    641
(539,556)   coste   251    1
(31,963)   coste   511    352
(404,963)   coste   487    214
(252,685)   coste   433    300
(35,963)   coste   512    471
(110,140)   coste   994    1231
(110,753)   coste   544    674
(32,230)   coste   508    397
(32,340)   coste   292    314
(33,783)   coste   450    466
(641,957)   coste   1083    771
(386,809)   coste   128    515
(571,794)   coste   649    195
(40,584)   coste   348    41
(584,894)   coste   626    290
(41,465)   coste   611    434
(42,243)   coste   535    450
(42,511)   coste   587    900
(43,379)   coste   653    740
(447,661)   coste   839    700
(447,764)   coste   579    661
(44,209)   coste   393    155
(44,752)   coste   1    1
(127,752)   coste   129    60
(127,831)   coste   408    320
(446,752)   coste   145    512
(258,695)   coste   468    90
(821,969)   coste   75    295
(121,821)   coste   1138    812
(47,99)   coste   434    513
(78,206)   coste   386    201
(676,758)   coste   389    552
(176,676)   coste   203    192
(48,715)   coste   470    621
(715,923)   coste   611    430
(407,923)   coste   152    1
(48,460)   coste   287    98
(48,622)   coste   130    95
(297,834)   coste   252    306
(396,875)   coste   646    313
(479,994)   coste   480    551
(51,964)   coste   548    579
(52,72)   coste   310    404
(77,547)   coste   584    369
(53,765)   coste   386    342
(53,936)   coste   257    556
(570,882)   coste   15    210
(384,570)   coste   127    42
(384,723)   coste   541    78
(54,633)   coste   426    422
(56,509)   coste   672    576
(56,610)   coste   294    406
(804,962)   coste   516    613
(332,804)   coste   59    264
(57,769)   coste   394    684
(250,769)   coste   170    324
(212,913)   coste   402    437
(119,913)   coste   456    300
(69,119)   coste   1    138
(334,350)   coste   343    497
(58,420)   coste   473    17
(59,639)   coste   466    493
(303,614)   coste   256    550
(61,609)   coste   283    1
(61,898)   coste   1    175
(62,165)   coste   1059    664
(165,576)   coste   449    170
(576,607)   coste   315    240
(117,374)   coste   744    498
(63,810)   coste   431    776
(63,855)   coste   699    577
(64,808)   coste   357    514
(64,874)   coste   522    523
(205,411)   coste   378    398
(205,891)   coste   587    377
(655,656)   coste   946    1212
(70,442)   coste   896    790
(595,989)   coste   684    838
(276,472)   coste   294    137
(185,429)   coste   241    112
(628,678)   coste   706    854
(863,975)   coste   407    294
(75,344)   coste   383    471
(344,754)   coste   177    320
(187,851)   coste   885    856
(82,973)   coste   480    304
(914,953)   coste   599    157
(219,564)   coste   535    439
(219,999)   coste   69    307
(79,129)   coste   421    394
(79,488)   coste   173    357
(79,290)   coste   299    1
(79,449)   coste   277    562
(80,901)   coste   1    283
(217,558)   coste   393    271
(83,608)   coste   891    580
(84,850)   coste   517    413
(850,956)   coste   405    107
(86,825)   coste   169    1
(111,825)   coste   278    544
(448,767)   coste   61    219
(87,675)   coste   587    239
(87,673)   coste   1    1
(143,673)   coste   484    425
(143,618)   coste   846    664
(89,235)   coste   735    735
(89,992)   coste   616    579
(90,537)   coste   1    88
(116,784)   coste   801    455
(91,228)   coste   912    716
(208,974)   coste   803    634
(353,720)   coste   457    331
(353,719)   coste   264    233
(95,679)   coste   480    490
(268,324)   coste   836    783
(100,268)   coste   1    254
(567,616)   coste   446    212
(189,567)   coste   340    103
(439,671)   coste   435    372
(439,839)   coste   37    165
(696,854)   coste   1235    831
(96,101)   coste   229    387
(101,304)   coste   461    504
(218,939)   coste   788    728
(712,756)   coste   338    301
(518,799)   coste   150    278
(518,837)   coste   18    364
(803,829)   coste   444    456
(621,803)   coste   1    122
(512,621)   coste   827    443
(98,662)   coste   521    324
(254,867)   coste   259    491
(721,867)   coste   52    1
(471,603)   coste   586    408
(520,714)   coste   277    264
(102,791)   coste   836    765
(455,538)   coste   697    737
(103,708)   coste   466    905
(470,550)   coste   591    559
(394,470)   coste   820    649
(670,900)   coste   628    618
(317,600)   coste   868    720
(174,958)   coste   1    94
(174,996)   coste   585    525
(464,996)   coste   476    260
(123,813)   coste   133    454
(123,188)   coste   74    158
(841,880)   coste   939    981
(130,594)   coste   255    451
(694,742)   coste   656    300
(438,801)   coste   617    718
(113,690)   coste   282    119
(114,978)   coste   122    406
(744,978)   coste   197    360
(680,744)   coste   506    194
(115,750)   coste   282    240
(118,184)   coste   166    285
(184,711)   coste   471    269
(184,226)   coste   267    460
(229,574)   coste   26    209
(156,229)   coste   673    664
(156,519)   coste   139    47
(242,579)   coste   641    579
(557,579)   coste   337    87
(781,820)   coste   489    179
(315,838)   coste   415    414
(490,838)   coste   669    798
(125,903)   coste   22    113
(125,489)   coste   11    89
(489,940)   coste   334    1
(327,940)   coste   297    659
(366,437)   coste   664    417
(363,366)   coste   83    241
(136,265)   coste   126    492
(216,998)   coste   753    700
(131,871)   coste   212    1
(244,393)   coste   50    363
(244,749)   coste   227    151
(383,749)   coste   403    127
(155,383)   coste   748    867
(135,414)   coste   481    350
(138,199)   coste   187    278
(139,373)   coste   142    1
(369,373)   coste   510    699
(569,707)   coste   426    1
(203,707)   coste   259    472
(144,585)   coste   875    828
(173,248)   coste   72    131
(269,876)   coste   390    431
(435,876)   coste   454    509
(328,658)   coste   187    90
(149,498)   coste   269    52
(498,866)   coste   766    1042
(150,285)   coste   301    1
(285,357)   coste   119    343
(151,634)   coste   647    693
(634,798)   coste   738    444
(323,722)   coste   494    83
(323,792)   coste   1    135
(737,864)   coste   187    518
(864,1000)   coste   741    638
(157,390)   coste   109    380
(157,288)   coste   392    439
(157,789)   coste   802    716
(167,264)   coste   667    421
(167,300)   coste   17    349
(300,787)   coste   645    344
(161,483)   coste   60    133
(163,274)   coste   1060    715
(274,771)   coste   434    584
(368,771)   coste   137    146
(368,897)   coste   291    22
(299,415)   coste   507    604
(299,997)   coste   198    160
(287,959)   coste   689    710
(525,560)   coste   264    400
(168,747)   coste   465    799
(168,979)   coste   283    53
(979,988)   coste   125    59
(169,354)   coste   491    221
(169,646)   coste   687    310
(646,966)   coste   635    353
(170,507)   coste   1161    1046
(485,743)   coste   8    346
(277,846)   coste   977    754
(292,615)   coste   269    94
(426,676)   coste   1    478
(177,482)   coste   99    263
(197,482)   coste   529    459
(177,348)   coste   804    852
(177,718)   coste   1    88
(844,899)   coste   294    355
(844,887)   coste   231    248
(179,954)   coste   209    357
(590,954)   coste   364    508
(343,365)   coste   194    197
(343,921)   coste   215    450
(447,602)   coste   542    1008
(233,602)   coste   769    548
(183,408)   coste   94    150
(623,716)   coste   519    358
(191,318)   coste   445    555
(191,793)   coste   963    1042
(477,907)   coste   80    338
(325,862)   coste   742    1008
(532,692)   coste   704    263
(385,532)   coste   207    165
(367,521)   coste   410    345
(617,816)   coste   122    409
(195,294)   coste   681    547
(294,762)   coste   759    833
(220,762)   coste   81    36
(223,513)   coste   677    299
(377,840)   coste   662    321
(204,419)   coste   638    407
(302,360)   coste   1    162
(232,360)   coste   900    957
(210,928)   coste   126    502
(210,244)   coste   207    48
(244,717)   coste   321    1
(214,972)   coste   315    550
(342,417)   coste   443    303
(417,990)   coste   227    352
(496,977)   coste   210    477
(222,793)   coste   894    642
(565,793)   coste   315    41
(225,845)   coste   712    560
(845,892)   coste   322    325
(227,319)   coste   179    379
(257,319)   coste   252    506
(283,289)   coste   740    575
(289,832)   coste   497    165
(313,410)   coste   223    1
(410,746)   coste   771    494
(389,543)   coste   376    266
(543,638)   coste   595    327
(246,740)   coste   662    930
(773,879)   coste   359    395
(256,927)   coste   1    37
(260,422)   coste   699    537
(293,475)   coste   417    388
(262,925)   coste   241    35
(506,902)   coste   194    1
(419,902)   coste   528    523
(355,419)   coste   244    26
(263,484)   coste   360    583
(263,847)   coste   877    702
(847,932)   coste   757    466
(932,991)   coste   243    64
(279,991)   coste   360    607
(267,320)   coste   596    519
(267,486)   coste   460    80
(868,876)   coste   254    364
(271,933)   coste   412    358
(517,807)   coste   225    484
(699,991)   coste   188    408
(282,728)   coste   494    406
(620,728)   coste   960    721
(296,886)   coste   565    761
(296,853)   coste   262    283
(339,908)   coste   1101    997
(491,947)   coste   407    255
(402,947)   coste   867    603
(549,724)   coste   740    648
(305,549)   coste   1    247
(291,333)   coste   921    827
(454,570)   coste   420    57
(301,541)   coste   14    6
(301,864)   coste   1    89
(413,864)   coste   531    551
(308,929)   coste   491    532
(329,635)   coste   16    1
(309,703)   coste   162    535
(310,444)   coste   565    259
(310,559)   coste   48    116
(421,559)   coste   502    447
(462,830)   coste   746    1001
(528,830)   coste   817    540
(403,528)   coste   465    558
(441,591)   coste   388    199
(732,859)   coste   702    589
(366,961)   coste   817    728
(366,492)   coste   64    291
(337,644)   coste   380    375
(644,681)   coste   203    273
(347,499)   coste   19    33
(39,347)   coste   466    209
(39,604)   coste   818    521
(604,980)   coste   530    387
(364,452)   coste   677    646
(487,815)   coste   502    590
(815,926)   coste   34    50
(356,463)   coste   712    471
(356,968)   coste   808    461
(433,751)   coste   273    315
(461,545)   coste   1    63
(552,726)   coste   503    269
(588,884)   coste   761    510
(400,986)   coste   343    564
(510,986)   coste   486    360
(412,835)   coste   242    103
(412,931)   coste   993    794
(481,822)   coste   182    151
(495,738)   coste   129    108
(459,555)   coste   194    52
(468,914)   coste   220    24
(587,914)   coste   255    319
(587,647)   coste   160    136
(505,683)   coste   662    309
(553,707)   coste   469    511
(654,707)   coste   269    207
(674,878)   coste   195    249
(778,878)   coste   551    497
(778,944)   coste   913    747

LISTA_ARISTAS_NOREQ :
