NOMBRE : WB0535 
COMENTARIO :  Chino Windy aleatorio grafico
VERTICES :  500
ARISTAS_REQ : 1095
ARISTAS_NOREQ : 0
LISTA_ARISTAS_REQ :
(1,112)   coste   28    33
(1,241)   coste   40    44
(1,398)   coste   55    57
(1,417)   coste   33    27
(2,42)   coste   38    35
(2,125)   coste   49    50
(2,308)   coste   30    15
(2,419)   coste   53    76
(3,34)   coste   61    36
(3,219)   coste   16    20
(3,369)   coste   29    22
(4,221)   coste   57    41
(4,319)   coste   20    28
(4,368)   coste   46    39
(4,375)   coste   66    54
(5,19)   coste   59    44
(5,232)   coste   26    44
(5,285)   coste   31    31
(5,331)   coste   26    38
(6,55)   coste   43    41
(6,128)   coste   71    52
(6,225)   coste   37    31
(7,222)   coste   59    56
(7,305)   coste   40    61
(7,330)   coste   22    4
(8,11)   coste   39    65
(8,222)   coste   62    47
(8,232)   coste   58    68
(9,16)   coste   37    49
(9,243)   coste   13    9
(9,438)   coste   39    30
(9,474)   coste   48    50
(10,151)   coste   24    10
(10,170)   coste   9    38
(10,327)   coste   3    28
(11,232)   coste   48    53
(11,331)   coste   62    46
(12,147)   coste   16    41
(12,267)   coste   19    38
(12,295)   coste   37    32
(12,350)   coste   17    18
(12,482)   coste   46    38
(13,155)   coste   70    45
(13,269)   coste   69    40
(13,488)   coste   48    40
(14,276)   coste   26    17
(14,418)   coste   24    12
(15,65)   coste   11    1
(15,163)   coste   30    20
(16,243)   coste   17    32
(16,312)   coste   16    21
(16,474)   coste   41    68
(17,47)   coste   71    53
(17,263)   coste   25    44
(17,266)   coste   28    15
(17,431)   coste   21    12
(18,125)   coste   61    41
(18,157)   coste   18    1
(18,223)   coste   13    9
(18,412)   coste   8    29
(18,467)   coste   29    30
(19,90)   coste   58    43
(19,118)   coste   53    40
(20,24)   coste   55    52
(20,283)   coste   49    21
(20,388)   coste   48    40
(21,69)   coste   57    50
(21,398)   coste   60    58
(21,481)   coste   15    36
(22,91)   coste   52    32
(22,139)   coste   39    62
(22,443)   coste   31    31
(23,29)   coste   22    25
(23,201)   coste   6    8
(23,423)   coste   15    31
(24,283)   coste   29    51
(24,388)   coste   5    31
(24,452)   coste   18    40
(25,75)   coste   49    57
(25,204)   coste   35    48
(25,310)   coste   50    50
(26,51)   coste   41    44
(26,282)   coste   57    35
(26,387)   coste   53    54
(27,209)   coste   43    51
(27,365)   coste   14    29
(27,405)   coste   58    54
(28,40)   coste   65    56
(28,379)   coste   67    51
(28,465)   coste   53    61
(29,158)   coste   24    22
(29,300)   coste   31    25
(29,372)   coste   32    18
(29,423)   coste   34    28
(30,169)   coste   21    40
(30,256)   coste   13    15
(30,303)   coste   39    56
(30,339)   coste   30    44
(30,487)   coste   26    31
(31,113)   coste   53    59
(31,177)   coste   25    37
(31,355)   coste   11    28
(31,363)   coste   32    35
(32,61)   coste   47    36
(32,179)   coste   77    72
(32,425)   coste   38    49
(33,91)   coste   31    31
(33,139)   coste   22    16
(33,374)   coste   10    25
(34,144)   coste   21    43
(34,270)   coste   52    58
(34,369)   coste   22    39
(34,432)   coste   31    31
(35,264)   coste   58    67
(35,321)   coste   54    71
(35,341)   coste   59    37
(35,383)   coste   34    40
(36,82)   coste   67    61
(36,96)   coste   30    34
(36,120)   coste   57    55
(36,217)   coste   48    43
(36,230)   coste   56    44
(36,484)   coste   31    36
(37,67)   coste   40    26
(37,77)   coste   54    68
(37,87)   coste   54    47
(38,198)   coste   7    6
(38,314)   coste   48    50
(38,488)   coste   28    17
(39,148)   coste   14    24
(39,298)   coste   63    42
(39,442)   coste   36    40
(39,449)   coste   32    42
(39,472)   coste   26    29
(40,379)   coste   26    8
(40,407)   coste   27    43
(41,103)   coste   23    26
(41,118)   coste   55    41
(41,227)   coste   26    52
(41,251)   coste   4    3
(41,461)   coste   33    29
(42,125)   coste   53    35
(42,233)   coste   45    37
(42,237)   coste   45    52
(42,308)   coste   65    57
(43,61)   coste   51    42
(43,202)   coste   38    60
(43,271)   coste   33    36
(44,46)   coste   1    1
(44,185)   coste   35    39
(44,291)   coste   22    34
(44,441)   coste   7    35
(45,48)   coste   33    64
(45,141)   coste   11    7
(46,185)   coste   6    11
(47,252)   coste   65    41
(47,266)   coste   17    25
(48,303)   coste   8    1
(49,166)   coste   72    77
(49,451)   coste   32    34
(49,476)   coste   42    29
(50,112)   coste   13    34
(50,241)   coste   34    25
(50,280)   coste   5    1
(50,364)   coste   36    24
(50,417)   coste   1    27
(51,250)   coste   25    40
(51,282)   coste   59    50
(52,76)   coste   22    44
(52,98)   coste   19    4
(52,281)   coste   40    36
(52,439)   coste   24    9
(53,78)   coste   81    73
(53,127)   coste   33    24
(53,290)   coste   61    57
(54,151)   coste   7    28
(54,170)   coste   23    37
(54,274)   coste   16    17
(54,325)   coste   1    1
(55,317)   coste   1    13
(56,100)   coste   2    33
(56,216)   coste   32    43
(56,416)   coste   29    15
(57,194)   coste   27    27
(57,381)   coste   37    32
(57,388)   coste   56    75
(58,71)   coste   72    59
(58,83)   coste   10    25
(58,119)   coste   39    64
(58,345)   coste   9    32
(58,471)   coste   60    62
(59,105)   coste   24    21
(59,106)   coste   37    39
(59,300)   coste   38    49
(60,133)   coste   4    7
(60,269)   coste   51    76
(60,444)   coste   4    21
(61,425)   coste   55    68
(62,297)   coste   43    32
(62,318)   coste   3    17
(62,342)   coste   42    41
(63,131)   coste   55    31
(63,184)   coste   66    53
(63,234)   coste   39    47
(63,273)   coste   61    47
(63,450)   coste   43    27
(64,367)   coste   27    6
(64,436)   coste   34    49
(65,163)   coste   32    3
(65,458)   coste   45    30
(66,239)   coste   58    76
(66,250)   coste   72    63
(66,282)   coste   57    67
(67,329)   coste   46    36
(67,347)   coste   51    37
(68,80)   coste   23    39
(68,344)   coste   32    59
(68,459)   coste   61    42
(69,398)   coste   66    75
(69,405)   coste   22    1
(69,481)   coste   53    46
(70,219)   coste   54    51
(70,318)   coste   65    63
(70,490)   coste   5    37
(71,114)   coste   61    53
(71,119)   coste   43    48
(71,345)   coste   52    58
(72,391)   coste   43    70
(72,448)   coste   42    39
(72,491)   coste   61    40
(73,145)   coste   52    32
(73,346)   coste   20    2
(73,485)   coste   11    21
(74,430)   coste   15    1
(74,464)   coste   55    59
(75,272)   coste   45    53
(75,477)   coste   73    49
(76,123)   coste   78    77
(76,195)   coste   17    19
(76,304)   coste   41    29
(76,356)   coste   36    17
(76,439)   coste   29    10
(77,87)   coste   42    54
(77,174)   coste   21    11
(78,199)   coste   37    29
(78,281)   coste   58    53
(79,115)   coste   52    45
(79,164)   coste   44    25
(79,177)   coste   34    29
(79,291)   coste   32    29
(80,275)   coste   32    53
(80,459)   coste   19    11
(80,483)   coste   50    43
(81,115)   coste   23    39
(81,124)   coste   22    25
(81,164)   coste   31    27
(81,380)   coste   67    55
(81,478)   coste   11    11
(82,217)   coste   68    63
(82,247)   coste   59    56
(83,119)   coste   33    23
(83,345)   coste   30    47
(83,376)   coste   47    30
(83,471)   coste   66    72
(84,202)   coste   59    41
(84,271)   coste   39    42
(84,348)   coste   67    55
(85,166)   coste   64    69
(85,257)   coste   19    30
(85,268)   coste   12    30
(86,134)   coste   10    12
(86,299)   coste   24    10
(86,392)   coste   25    44
(87,156)   coste   69    38
(87,174)   coste   46    75
(87,469)   coste   21    38
(88,161)   coste   43    43
(88,209)   coste   49    52
(88,301)   coste   60    63
(89,288)   coste   25    53
(89,410)   coste   43    44
(89,475)   coste   45    65
(90,118)   coste   20    14
(90,232)   coste   38    48
(90,292)   coste   44    66
(91,139)   coste   29    14
(91,374)   coste   35    28
(92,95)   coste   26    14
(92,143)   coste   31    25
(92,178)   coste   13    12
(92,289)   coste   21    20
(92,496)   coste   48    44
(93,106)   coste   58    54
(93,309)   coste   54    43
(93,332)   coste   47    56
(94,146)   coste   57    46
(94,152)   coste   30    28
(94,153)   coste   12    22
(94,313)   coste   33    23
(94,337)   coste   39    42
(95,178)   coste   32    21
(95,192)   coste   24    21
(95,496)   coste   34    41
(96,120)   coste   12    19
(96,465)   coste   63    46
(97,134)   coste   48    19
(97,265)   coste   58    28
(97,299)   coste   25    22
(97,415)   coste   15    15
(98,439)   coste   16    20
(98,489)   coste   15    5
(98,497)   coste   42    24
(99,162)   coste   40    35
(99,361)   coste   80    75
(99,395)   coste   43    76
(100,216)   coste   20    36
(100,416)   coste   29    31
(100,437)   coste   47    70
(100,493)   coste   57    42
(101,190)   coste   16    27
(101,200)   coste   39    37
(101,428)   coste   21    35
(102,197)   coste   38    35
(102,265)   coste   42    19
(102,499)   coste   36    27
(103,160)   coste   41    41
(103,251)   coste   1    8
(103,284)   coste   59    60
(103,292)   coste   59    49
(103,461)   coste   34    12
(104,366)   coste   61    36
(104,463)   coste   46    48
(105,233)   coste   32    28
(105,300)   coste   40    39
(106,426)   coste   64    68
(107,231)   coste   37    51
(107,279)   coste   25    1
(108,117)   coste   18    10
(108,342)   coste   40    40
(108,440)   coste   31    24
(109,228)   coste   64    87
(109,236)   coste   45    46
(109,311)   coste   36    24
(109,322)   coste   35    22
(110,132)   coste   43    41
(110,213)   coste   29    14
(110,244)   coste   3    25
(110,366)   coste   26    27
(110,410)   coste   27    50
(110,463)   coste   60    58
(111,138)   coste   84    60
(111,290)   coste   61    83
(111,359)   coste   36    32
(112,241)   coste   15    1
(112,280)   coste   37    23
(112,417)   coste   35    17
(113,177)   coste   29    60
(113,355)   coste   13    39
(114,319)   coste   56    37
(114,375)   coste   55    63
(115,130)   coste   77    78
(115,164)   coste   58    67
(116,139)   coste   42    54
(116,443)   coste   62    52
(116,494)   coste   37    33
(117,280)   coste   21    15
(117,427)   coste   36    46
(118,227)   coste   38    29
(119,495)   coste   45    54
(120,217)   coste   19    28
(121,262)   coste   13    17
(121,296)   coste   21    34
(122,328)   coste   71    61
(122,395)   coste   57    54
(122,435)   coste   46    40
(123,195)   coste   52    59
(123,252)   coste   41    27
(124,164)   coste   34    37
(124,373)   coste   21    17
(124,380)   coste   41    57
(124,478)   coste   29    33
(125,140)   coste   78    65
(125,308)   coste   18    38
(126,171)   coste   31    37
(126,409)   coste   58    68
(126,474)   coste   53    72
(127,290)   coste   70    54
(127,354)   coste   31    43
(127,480)   coste   55    55
(128,179)   coste   68    88
(128,197)   coste   72    54
(128,401)   coste   68    56
(129,156)   coste   33    40
(129,276)   coste   21    31
(129,307)   coste   38    31
(129,469)   coste   36    41
(130,380)   coste   11    34
(130,491)   coste   53    53
(131,234)   coste   5    27
(131,255)   coste   42    44
(132,244)   coste   12    17
(132,382)   coste   20    9
(132,410)   coste   33    46
(133,167)   coste   67    37
(133,269)   coste   51    58
(133,420)   coste   70    49
(133,444)   coste   3    16
(134,299)   coste   21    12
(134,415)   coste   30    41
(135,172)   coste   56    69
(135,200)   coste   10    6
(135,206)   coste   42    53
(135,416)   coste   38    50
(136,191)   coste   69    80
(136,228)   coste   44    56
(136,322)   coste   82    59
(137,196)   coste   8    39
(137,334)   coste   10    25
(137,437)   coste   48    54
(138,290)   coste   21    32
(138,394)   coste   48    44
(138,473)   coste   51    36
(139,374)   coste   24    16
(140,145)   coste   52    56
(140,308)   coste   80    70
(142,167)   coste   77    76
(142,269)   coste   69    77
(142,420)   coste   64    41
(143,178)   coste   34    33
(143,289)   coste   20    15
(144,215)   coste   24    14
(144,432)   coste   16    12
(144,433)   coste   11    9
(145,346)   coste   30    40
(145,485)   coste   45    30
(146,152)   coste   48    35
(146,153)   coste   43    30
(147,207)   coste   48    47
(147,295)   coste   6    16
(147,350)   coste   38    14
(147,482)   coste   20    3
(148,225)   coste   27    26
(148,277)   coste   40    25
(148,442)   coste   26    25
(148,449)   coste   44    47
(149,216)   coste   30    43
(149,258)   coste   1    7
(150,204)   coste   1    14
(150,238)   coste   28    53
(151,170)   coste   16    23
(151,274)   coste   32    4
(151,325)   coste   32    22
(151,327)   coste   44    34
(152,153)   coste   12    11
(152,337)   coste   44    37
(153,337)   coste   36    39
(154,235)   coste   16    30
(154,278)   coste   41    52
(154,287)   coste   52    57
(154,456)   coste   70    54
(155,302)   coste   28    46
(155,492)   coste   37    30
(156,374)   coste   43    27
(156,469)   coste   39    46
(157,223)   coste   5    20
(157,286)   coste   29    21
(157,412)   coste   9    14
(158,300)   coste   45    16
(158,372)   coste   22    16
(158,423)   coste   17    35
(159,164)   coste   4    1
(159,338)   coste   53    37
(159,455)   coste   12    8
(159,478)   coste   9    21
(159,498)   coste   23    30
(160,284)   coste   15    16
(160,361)   coste   46    64
(160,461)   coste   36    24
(161,187)   coste   10    23
(161,209)   coste   41    42
(161,215)   coste   50    38
(161,301)   coste   22    22
(162,395)   coste   9    35
(162,435)   coste   75    46
(163,458)   coste   36    47
(164,478)   coste   1    17
(165,193)   coste   51    29
(165,408)   coste   34    15
(165,426)   coste   49    45
(166,191)   coste   4    4
(166,268)   coste   36    48
(167,420)   coste   12    26
(167,444)   coste   50    56
(167,477)   coste   69    50
(168,181)   coste   34    45
(168,259)   coste   36    31
(168,397)   coste   25    44
(169,303)   coste   51    60
(169,339)   coste   1    19
(169,487)   coste   1    1
(170,189)   coste   38    60
(170,325)   coste   14    22
(171,349)   coste   52    49
(171,454)   coste   48    64
(172,194)   coste   40    54
(172,206)   coste   30    1
(173,424)   coste   27    30
(173,456)   coste   40    63
(173,466)   coste   39    53
(174,307)   coste   62    46
(175,193)   coste   61    43
(175,343)   coste   1    20
(176,340)   coste   24    17
(176,436)   coste   59    43
(177,355)   coste   34    41
(178,289)   coste   30    36
(178,403)   coste   45    57
(178,496)   coste   21    11
(179,182)   coste   62    63
(179,425)   coste   57    54
(180,334)   coste   40    48
(180,373)   coste   60    57
(180,390)   coste   44    44
(181,259)   coste   7    22
(181,349)   coste   16    23
(181,397)   coste   26    43
(181,409)   coste   28    19
(182,254)   coste   39    18
(182,425)   coste   50    45
(182,436)   coste   77    57
(183,261)   coste   11    30
(183,302)   coste   54    46
(183,314)   coste   23    50
(184,273)   coste   25    6
(185,338)   coste   34    18
(185,434)   coste   22    50
(186,201)   coste   44    32
(186,326)   coste   52    35
(186,385)   coste   37    53
(187,214)   coste   56    57
(187,215)   coste   14    36
(187,301)   coste   27    39
(188,288)   coste   1    1
(188,294)   coste   48    51
(188,475)   coste   24    26
(189,325)   coste   38    34
(190,235)   coste   34    28
(190,296)   coste   46    48
(190,428)   coste   9    1
(191,268)   coste   76    73
(192,257)   coste   34    54
(192,496)   coste   39    52
(193,226)   coste   42    58
(193,422)   coste   18    39
(195,252)   coste   56    51
(195,304)   coste   24    24
(195,356)   coste   57    29
(195,439)   coste   48    30
(196,231)   coste   1    1
(196,334)   coste   18    10
(196,390)   coste   41    25
(197,265)   coste   46    52
(198,314)   coste   49    40
(199,281)   coste   53    23
(199,354)   coste   33    39
(200,206)   coste   46    58
(200,416)   coste   59    31
(201,326)   coste   26    22
(202,271)   coste   62    61
(203,245)   coste   14    1
(203,333)   coste   34    19
(203,400)   coste   36    57
(204,238)   coste   51    45
(204,310)   coste   58    38
(205,211)   coste   14    22
(205,376)   coste   23    37
(205,384)   coste   36    32
(205,495)   coste   28    33
(207,295)   coste   28    20
(207,482)   coste   44    52
(208,218)   coste   11    23
(208,224)   coste   55    78
(208,242)   coste   69    69
(208,315)   coste   57    37
(208,402)   coste   26    27
(208,404)   coste   37    57
(209,301)   coste   28    28
(209,365)   coste   57    30
(210,239)   coste   30    14
(210,282)   coste   55    40
(210,327)   coste   25    50
(210,387)   coste   53    59
(211,230)   coste   45    30
(211,384)   coste   41    35
(211,495)   coste   34    55
(212,221)   coste   28    15
(212,413)   coste   15    11
(213,244)   coste   5    17
(213,366)   coste   47    38
(213,463)   coste   34    54
(214,233)   coste   35    56
(214,301)   coste   59    57
(215,433)   coste   9    8
(216,416)   coste   22    30
(218,315)   coste   47    46
(218,357)   coste   47    63
(218,419)   coste   76    74
(219,293)   coste   41    41
(219,369)   coste   29    39
(219,393)   coste   22    26
(219,490)   coste   42    54
(220,320)   coste   12    1
(220,351)   coste   48    33
(220,462)   coste   34    41
(221,319)   coste   54    56
(221,413)   coste   23    42
(222,330)   coste   93    65
(223,286)   coste   20    8
(223,412)   coste   17    23
(223,467)   coste   5    28
(224,242)   coste   14    1
(224,357)   coste   27    11
(225,277)   coste   31    52
(225,442)   coste   37    46
(226,309)   coste   1    26
(226,316)   coste   71    68
(226,343)   coste   50    44
(226,422)   coste   39    19
(227,438)   coste   35    48
(228,382)   coste   73    46
(229,389)   coste   47    44
(229,399)   coste   46    59
(229,486)   coste   9    25
(230,484)   coste   12    35
(231,279)   coste   50    52
(231,390)   coste   30    44
(232,285)   coste   64    50
(232,331)   coste   51    26
(234,273)   coste   48    37
(234,491)   coste   48    31
(235,278)   coste   61    35
(235,287)   coste   35    31
(235,428)   coste   24    36
(236,311)   coste   16    44
(236,322)   coste   43    45
(236,468)   coste   1    1
(237,315)   coste   19    12
(237,404)   coste   12    12
(238,310)   coste   24    18
(239,282)   coste   27    19
(239,327)   coste   43    37
(240,246)   coste   1    3
(240,323)   coste   14    18
(240,378)   coste   15    39
(241,280)   coste   6    19
(241,427)   coste   23    27
(242,357)   coste   4    5
(243,312)   coste   24    15
(243,396)   coste   37    35
(243,438)   coste   1    3
(243,474)   coste   60    63
(245,333)   coste   17    12
(245,385)   coste   49    50
(245,400)   coste   27    36
(245,446)   coste   49    28
(246,363)   coste   20    20
(246,386)   coste   43    43
(247,253)   coste   20    17
(247,328)   coste   34    37
(247,457)   coste   21    7
(248,394)   coste   18    12
(248,473)   coste   59    37
(249,349)   coste   22    19
(249,377)   coste   42    38
(249,407)   coste   39    37
(249,454)   coste   3    18
(249,460)   coste   31    14
(250,282)   coste   58    75
(251,292)   coste   70    68
(251,461)   coste   15    23
(253,294)   coste   16    6
(253,457)   coste   13    42
(253,500)   coste   48    45
(254,348)   coste   45    47
(254,425)   coste   37    60
(255,391)   coste   25    31
(255,411)   coste   10    4
(255,445)   coste   18    7
(256,339)   coste   37    32
(256,358)   coste   35    33
(257,268)   coste   56    45
(258,493)   coste   75    56
(259,397)   coste   5    5
(259,409)   coste   58    41
(260,358)   coste   65    45
(260,360)   coste   1    23
(260,367)   coste   19    30
(261,302)   coste   31    38
(261,314)   coste   1    1
(261,492)   coste   58    81
(262,279)   coste   35    58
(262,336)   coste   1    16
(263,431)   coste   28    53
(264,321)   coste   26    27
(264,383)   coste   31    28
(265,499)   coste   50    29
(266,431)   coste   28    26
(267,339)   coste   51    41
(267,340)   coste   33    31
(267,358)   coste   38    45
(268,476)   coste   49    60
(270,369)   coste   41    67
(270,432)   coste   22    42
(271,348)   coste   10    23
(272,446)   coste   1    17
(274,325)   coste   17    42
(274,351)   coste   40    36
(275,359)   coste   55    45
(275,459)   coste   25    13
(275,483)   coste   14    1
(276,418)   coste   20    46
(277,401)   coste   29    1
(278,287)   coste   1    1
(279,296)   coste   36    47
(279,336)   coste   60    59
(280,297)   coste   32    42
(280,427)   coste   11    12
(282,387)   coste   55    57
(283,388)   coste   39    24
(284,395)   coste   43    32
(284,461)   coste   39    42
(285,331)   coste   13    11
(286,467)   coste   31    25
(288,475)   coste   13    30
(291,338)   coste   42    26
(291,441)   coste   5    32
(293,393)   coste   37    38
(293,448)   coste   14    41
(294,457)   coste   27    44
(294,475)   coste   46    36
(295,482)   coste   21    16
(297,318)   coste   67    59
(297,427)   coste   37    21
(298,392)   coste   43    43
(298,472)   coste   40    64
(299,392)   coste   36    53
(299,415)   coste   15    26
(300,423)   coste   33    28
(302,492)   coste   42    44
(304,489)   coste   38    21
(305,330)   coste   36    34
(305,361)   coste   43    52
(305,414)   coste   31    53
(306,443)   coste   40    39
(306,451)   coste   59    63
(306,494)   coste   21    23
(307,469)   coste   37    34
(309,411)   coste   35    44
(309,422)   coste   17    16
(311,322)   coste   3    1
(311,468)   coste   42    43
(312,438)   coste   45    39
(312,453)   coste   37    66
(313,337)   coste   29    44
(313,364)   coste   7    36
(313,417)   coste   10    30
(315,404)   coste   1    27
(316,343)   coste   7    16
(317,324)   coste   55    48
(317,486)   coste   61    33
(318,342)   coste   27    19
(320,351)   coste   43    56
(320,462)   coste   37    40
(321,383)   coste   45    60
(321,403)   coste   49    58
(322,468)   coste   17    24
(323,353)   coste   37    47
(323,470)   coste   21    33
(324,389)   coste   43    29
(324,486)   coste   13    26
(326,467)   coste   20    30
(327,351)   coste   34    42
(328,335)   coste   1    8
(328,435)   coste   32    50
(328,500)   coste   51    35
(329,347)   coste   1    25
(330,414)   coste   7    9
(332,391)   coste   15    41
(332,411)   coste   29    20
(332,445)   coste   5    3
(333,446)   coste   20    3
(334,390)   coste   42    45
(335,435)   coste   31    46
(335,500)   coste   43    42
(339,487)   coste   7    1
(340,358)   coste   38    29
(341,471)   coste   9    23
(341,479)   coste   54    29
(342,427)   coste   55    31
(344,362)   coste   21    36
(344,434)   coste   56    45
(346,419)   coste   81    52
(346,485)   coste   8    13
(347,406)   coste   30    11
(349,409)   coste   49    52
(349,454)   coste   37    26
(350,482)   coste   42    44
(352,381)   coste   37    31
(352,430)   coste   12    25
(352,464)   coste   8    12
(353,421)   coste   1    12
(353,470)   coste   44    43
(354,480)   coste   20    14
(355,363)   coste   39    22
(355,378)   coste   23    23
(356,439)   coste   44    43
(359,459)   coste   65    48
(360,367)   coste   53    22
(362,434)   coste   30    55
(362,498)   coste   52    49
(363,378)   coste   29    26
(363,386)   coste   27    45
(364,417)   coste   3    35
(365,402)   coste   45    60
(366,463)   coste   29    33
(367,436)   coste   41    62
(368,375)   coste   54    35
(368,466)   coste   13    8
(370,371)   coste   44    52
(370,429)   coste   28    17
(370,440)   coste   54    27
(371,429)   coste   34    53
(371,440)   coste   31    31
(372,423)   coste   17    19
(373,478)   coste   48    64
(376,384)   coste   45    39
(376,495)   coste   49    54
(377,454)   coste   24    54
(377,460)   coste   10    36
(378,421)   coste   26    45
(381,464)   coste   46    52
(385,399)   coste   46    55
(385,400)   coste   33    66
(386,441)   coste   12    39
(388,452)   coste   25    12
(389,447)   coste   1    1
(389,486)   coste   23    37
(391,411)   coste   24    39
(391,445)   coste   15    1
(392,401)   coste   48    51
(393,448)   coste   65    62
(393,490)   coste   68    45
(394,473)   coste   54    56
(395,453)   coste   44    43
(396,438)   coste   46    20
(396,453)   coste   9    1
(399,400)   coste   37    17
(402,404)   coste   65    49
(403,479)   coste   36    56
(405,481)   coste   41    30
(406,452)   coste   29    30
(408,426)   coste   49    43
(411,445)   coste   28    9
(413,450)   coste   20    17
(421,470)   coste   66    34
(422,426)   coste   50    50
(424,456)   coste   18    20
(424,466)   coste   46    43
(429,440)   coste   11    29
(430,464)   coste   43    21
(432,433)   coste   25    38
(434,498)   coste   20    22
(437,493)   coste   35    49
(442,449)   coste   44    22
(442,472)   coste   29    35
(443,494)   coste   19    34
(444,477)   coste   72    56
(451,476)   coste   12    19
(454,460)   coste   21    4
(455,498)   coste   19    1
(458,497)   coste   5    15
(459,483)   coste   14    23
(462,493)   coste   63    46
(465,499)   coste   8    14
(470,480)   coste   61    76
(471,479)   coste   53    56
(489,497)   coste   53    21
(112,241)   coste   15    1
(21,398)   coste   60    58
(364,417)   coste   3    35
(42,233)   coste   45    37
(125,140)   coste   78    65
(218,419)   coste   76    74
(218,357)   coste   47    63
(3,219)   coste   16    20
(219,293)   coste   41    41
(34,270)   coste   52    58
(114,319)   coste   56    37
(368,375)   coste   54    35
(5,19)   coste   59    44
(5,285)   coste   31    31
(6,55)   coste   43    41
(55,317)   coste   1    13
(7,222)   coste   59    56
(8,11)   coste   39    65
(227,438)   coste   35    48
(10,327)   coste   3    28
(170,325)   coste   14    22
(12,267)   coste   19    38
(267,340)   coste   33    31
(147,350)   coste   38    14
(295,482)   coste   21    16
(207,295)   coste   28    20
(13,269)   coste   69    40
(142,269)   coste   69    77
(155,492)   coste   37    30
(129,276)   coste   21    31
(129,307)   coste   38    31
(65,163)   coste   32    3
(47,252)   coste   65    41
(266,431)   coste   28    26
(18,412)   coste   8    29
(223,286)   coste   20    8
(20,283)   coste   49    21
(388,452)   coste   25    12
(405,481)   coste   41    30
(22,443)   coste   31    31
(306,443)   coste   40    39
(33,139)   coste   22    16
(23,29)   coste   22    25
(201,326)   coste   26    22
(372,423)   coste   17    19
(25,75)   coste   49    57
(75,272)   coste   45    53
(272,446)   coste   1    17
(75,477)   coste   73    49
(238,310)   coste   24    18
(26,387)   coste   53    54
(51,250)   coste   25    40
(66,282)   coste   57    67
(27,365)   coste   14    29
(88,209)   coste   49    52
(28,40)   coste   65    56
(465,499)   coste   8    14
(105,300)   coste   40    39
(30,256)   coste   13    15
(48,303)   coste   8    1
(45,48)   coste   33    64
(45,141)   coste   11    7
(339,487)   coste   7    1
(113,355)   coste   13    39
(246,363)   coste   20    20
(32,61)   coste   47    36
(179,425)   coste   57    54
(128,179)   coste   68    88
(128,197)   coste   72    54
(264,383)   coste   31    28
(341,471)   coste   9    23
(83,471)   coste   66    72
(82,217)   coste   68    63
(96,120)   coste   12    19
(211,230)   coste   45    30
(211,384)   coste   41    35
(37,87)   coste   54    47
(67,347)   coste   51    37
(77,174)   coste   21    11
(38,314)   coste   48    50
(261,314)   coste   1    1
(183,261)   coste   11    30
(39,148)   coste   14    24
(298,472)   coste   40    64
(442,449)   coste   44    22
(41,251)   coste   4    3
(103,251)   coste   1    8
(103,292)   coste   59    49
(160,461)   coste   36    24
(160,361)   coste   46    64
(237,404)   coste   12    12
(402,404)   coste   65    49
(43,271)   coste   33    36
(271,348)   coste   10    23
(84,202)   coste   59    41
(386,441)   coste   12    39
(49,451)   coste   32    34
(268,476)   coste   49    60
(50,280)   coste   5    1
(117,280)   coste   21    15
(52,281)   coste   40    36
(52,98)   coste   19    4
(98,489)   coste   15    5
(356,439)   coste   44    43
(53,290)   coste   61    57
(111,290)   coste   61    83
(78,199)   coste   37    29
(56,416)   coste   29    15
(100,493)   coste   57    42
(462,493)   coste   63    46
(57,381)   coste   37    32
(58,345)   coste   9    32
(59,106)   coste   37    39
(60,133)   coste   4    7
(62,297)   coste   43    32
(297,427)   coste   37    21
(63,450)   coste   43    27
(413,450)   coste   20    17
(131,234)   coste   5    27
(234,273)   coste   48    37
(458,497)   coste   5    15
(68,80)   coste   23    39
(80,459)   coste   19    11
(344,362)   coste   21    36
(70,490)   coste   5    37
(72,448)   coste   42    39
(391,445)   coste   15    1
(411,445)   coste   28    9
(130,491)   coste   53    53
(73,485)   coste   11    21
(352,430)   coste   12    25
(123,195)   coste   52    59
(195,304)   coste   24    24
(275,483)   coste   14    1
(275,359)   coste   55    45
(81,478)   coste   11    11
(124,380)   coste   41    57
(85,257)   coste   19    30
(86,299)   coste   24    10
(161,187)   coste   10    23
(187,215)   coste   14    36
(215,433)   coste   9    8
(214,301)   coste   59    57
(89,410)   coste   43    44
(188,288)   coste   1    1
(92,95)   coste   26    14
(95,192)   coste   24    21
(143,289)   coste   20    15
(93,309)   coste   54    43
(226,309)   coste   1    26
(94,146)   coste   57    46
(97,415)   coste   15    15
(97,265)   coste   58    28
(102,265)   coste   42    19
(99,162)   coste   40    35
(122,395)   coste   57    54
(137,437)   coste   48    54
(101,190)   coste   16    27
(190,296)   coste   46    48
(235,428)   coste   24    36
(262,279)   coste   35    58
(108,440)   coste   31    24
(371,440)   coste   31    31
(228,382)   coste   73    46
(132,382)   coste   20    9
(132,244)   coste   12    17
(322,468)   coste   17    24
(116,494)   coste   37    33
(328,335)   coste   1    8
(180,373)   coste   60    57
(126,171)   coste   31    37
(354,480)   coste   20    14
(277,401)   coste   29    1
(167,420)   coste   12    26
(172,206)   coste   30    1
(136,191)   coste   69    80
(394,473)   coste   54    56
(278,287)   coste   1    1
(424,456)   coste   18    20
(159,338)   coste   53    37
(165,193)   coste   51    29
(175,193)   coste   61    43
(175,343)   coste   1    20
(168,397)   coste   25    44
(181,349)   coste   16    23
(249,454)   coste   3    18
(173,466)   coste   39    53
(403,479)   coste   36    56
(182,254)   coste   39    18
(182,436)   coste   77    57
(367,436)   coste   41    62
(260,367)   coste   19    30
(186,385)   coste   37    53
(245,385)   coste   49    50
(203,245)   coste   14    1
(245,333)   coste   17    12
(224,242)   coste   14    1
(220,320)   coste   12    1
(229,399)   coste   46    59
(240,323)   coste   14    18
(396,453)   coste   9    1
(253,457)   coste   13    42
(253,500)   coste   48    45
(377,460)   coste   10    36
(324,389)   coste   43    29
(389,447)   coste   1    1
(353,421)   coste   1    12
(370,429)   coste   28    17

LISTA_ARISTAS_NOREQ :
