NOMBRE : WB0531 
COMENTARIO :  Chino Windy aleatorio grafico
VERTICES :  500
ARISTAS_REQ : 1075
ARISTAS_NOREQ : 0
LISTA_ARISTAS_REQ :
(1,4)   coste   36    37
(1,16)   coste   38    39
(1,89)   coste   21    22
(1,275)   coste   61    59
(1,315)   coste   34    34
(1,398)   coste   22    23
(2,143)   coste   20    17
(2,215)   coste   38    42
(2,350)   coste   31    26
(3,303)   coste   32    32
(3,309)   coste   73    72
(3,448)   coste   42    39
(4,89)   coste   24    26
(4,398)   coste   39    38
(4,450)   coste   41    38
(5,58)   coste   70    67
(5,241)   coste   51    55
(5,254)   coste   48    48
(5,460)   coste   54    56
(6,13)   coste   24    24
(6,72)   coste   26    22
(6,351)   coste   14    13
(6,493)   coste   28    27
(7,71)   coste   73    77
(7,79)   coste   43    40
(7,116)   coste   93    98
(7,459)   coste   65    62
(8,273)   coste   19    21
(8,280)   coste   44    46
(8,448)   coste   42    41
(9,49)   coste   52    50
(9,151)   coste   39    39
(9,313)   coste   32    29
(10,166)   coste   56    62
(10,264)   coste   27    32
(10,414)   coste   12    13
(11,77)   coste   34    31
(11,124)   coste   34    39
(11,206)   coste   1    5
(11,450)   coste   20    19
(12,52)   coste   17    17
(12,195)   coste   29    27
(12,415)   coste   7    2
(13,351)   coste   41    36
(13,493)   coste   25    23
(14,65)   coste   34    32
(14,91)   coste   25    22
(14,93)   coste   30    26
(14,178)   coste   73    71
(15,164)   coste   33    36
(15,369)   coste   45    46
(15,481)   coste   9    15
(16,275)   coste   37    33
(16,315)   coste   23    27
(16,398)   coste   36    33
(17,226)   coste   21    20
(17,317)   coste   48    44
(17,323)   coste   28    25
(17,330)   coste   46    45
(18,120)   coste   31    36
(18,240)   coste   36    37
(18,245)   coste   15    12
(18,379)   coste   42    39
(19,224)   coste   22    22
(19,254)   coste   25    20
(19,281)   coste   25    23
(19,363)   coste   16    15
(20,226)   coste   44    44
(20,317)   coste   23    27
(20,402)   coste   36    32
(20,407)   coste   41    46
(21,209)   coste   43    43
(21,392)   coste   42    43
(21,488)   coste   24    25
(22,391)   coste   16    19
(22,406)   coste   28    33
(22,464)   coste   31    36
(23,109)   coste   32    36
(23,191)   coste   9    11
(23,478)   coste   28    30
(24,47)   coste   50    50
(24,175)   coste   26    26
(24,471)   coste   24    19
(25,157)   coste   31    31
(25,378)   coste   7    8
(26,315)   coste   45    48
(26,329)   coste   13    12
(26,339)   coste   36    35
(27,96)   coste   48    45
(27,106)   coste   41    42
(27,150)   coste   41    41
(27,232)   coste   21    20
(28,119)   coste   63    60
(28,283)   coste   52    51
(28,426)   coste   16    20
(29,161)   coste   72    72
(29,201)   coste   66    69
(29,354)   coste   73    75
(30,50)   coste   27    28
(30,183)   coste   52    53
(30,405)   coste   41    44
(30,429)   coste   44    47
(31,185)   coste   51    52
(31,314)   coste   51    48
(31,381)   coste   33    32
(31,433)   coste   15    17
(32,146)   coste   38    38
(32,467)   coste   31    29
(33,140)   coste   34    37
(33,293)   coste   59    63
(33,467)   coste   48    49
(34,204)   coste   15    18
(34,321)   coste   15    15
(34,343)   coste   27    29
(35,302)   coste   43    47
(35,385)   coste   27    23
(35,423)   coste   83    84
(35,465)   coste   26    25
(36,155)   coste   39    39
(36,342)   coste   33    33
(36,493)   coste   27    26
(37,267)   coste   46    44
(37,366)   coste   35    36
(37,435)   coste   37    34
(37,476)   coste   6    8
(38,98)   coste   54    52
(38,121)   coste   20    20
(38,311)   coste   23    23
(38,335)   coste   27    25
(39,103)   coste   20    22
(39,270)   coste   39    35
(39,357)   coste   30    31
(40,41)   coste   21    23
(40,156)   coste   27    27
(40,360)   coste   62    59
(40,456)   coste   36    39
(41,127)   coste   31    31
(41,156)   coste   11    8
(42,65)   coste   15    20
(42,187)   coste   59    58
(42,374)   coste   8    7
(43,73)   coste   12    8
(43,115)   coste   41    40
(43,346)   coste   39    40
(44,82)   coste   22    20
(44,210)   coste   18    17
(44,235)   coste   25    29
(45,64)   coste   33    33
(45,159)   coste   58    59
(45,237)   coste   12    13
(45,409)   coste   39    42
(46,132)   coste   23    28
(46,170)   coste   17    23
(46,285)   coste   13    13
(47,175)   coste   46    47
(47,265)   coste   15    10
(47,461)   coste   41    42
(48,300)   coste   4    2
(48,439)   coste   29    30
(48,495)   coste   49    49
(49,304)   coste   44    42
(49,313)   coste   20    24
(49,484)   coste   41    40
(50,63)   coste   22    21
(50,405)   coste   27    25
(51,145)   coste   21    27
(51,326)   coste   34    37
(51,394)   coste   52    50
(51,460)   coste   18    23
(52,195)   coste   23    20
(52,316)   coste   29    29
(52,415)   coste   20    17
(53,119)   coste   41    39
(53,447)   coste   16    14
(54,345)   coste   46    45
(54,355)   coste   28    32
(54,386)   coste   74    77
(54,417)   coste   47    47
(55,184)   coste   17    17
(55,298)   coste   10    15
(55,452)   coste   33    39
(56,200)   coste   40    43
(56,248)   coste   39    37
(56,264)   coste   41    41
(56,266)   coste   28    27
(56,371)   coste   33    36
(57,196)   coste   37    34
(57,219)   coste   9    12
(57,445)   coste   27    32
(58,144)   coste   71    76
(58,241)   coste   24    24
(59,111)   coste   46    45
(59,220)   coste   30    30
(59,301)   coste   31    33
(60,205)   coste   24    24
(60,410)   coste   44    49
(60,441)   coste   12    15
(61,161)   coste   73    76
(61,174)   coste   43    41
(61,358)   coste   76    79
(62,186)   coste   29    29
(62,422)   coste   16    11
(62,454)   coste   49    47
(63,368)   coste   15    16
(63,405)   coste   21    18
(64,225)   coste   31    28
(64,237)   coste   34    30
(64,442)   coste   62    65
(65,91)   coste   27    22
(65,187)   coste   56    53
(65,374)   coste   12    16
(66,124)   coste   46    44
(66,179)   coste   50    52
(66,187)   coste   47    45
(67,81)   coste   55    53
(67,153)   coste   59    62
(67,234)   coste   29    34
(67,281)   coste   73    69
(67,473)   coste   29    31
(68,167)   coste   18    13
(68,276)   coste   14    12
(68,297)   coste   17    16
(69,130)   coste   44    43
(69,173)   coste   30    36
(69,263)   coste   44    43
(69,331)   coste   45    46
(69,341)   coste   35    36
(70,332)   coste   34    39
(70,365)   coste   16    16
(70,371)   coste   46    42
(70,499)   coste   42    38
(71,195)   coste   31    27
(71,328)   coste   41    43
(71,459)   coste   17    15
(72,351)   coste   35    36
(72,489)   coste   14    16
(73,115)   coste   48    43
(73,430)   coste   45    45
(74,282)   coste   24    25
(74,415)   coste   47    45
(75,207)   coste   69    65
(75,227)   coste   10    6
(75,257)   coste   42    44
(75,259)   coste   50    48
(76,129)   coste   67    65
(76,180)   coste   51    50
(76,258)   coste   33    31
(77,124)   coste   29    25
(77,206)   coste   31    30
(77,344)   coste   17    16
(78,138)   coste   28    33
(78,236)   coste   35    34
(78,403)   coste   36    34
(78,420)   coste   23    26
(78,449)   coste   35    36
(79,277)   coste   46    45
(79,369)   coste   50    48
(80,163)   coste   27    27
(80,336)   coste   55    54
(80,407)   coste   32    32
(81,117)   coste   57    55
(81,234)   coste   23    27
(81,473)   coste   33    30
(82,210)   coste   40    41
(82,235)   coste   25    22
(82,292)   coste   55    55
(83,141)   coste   31    29
(83,396)   coste   31    32
(83,488)   coste   18    20
(84,107)   coste   38    41
(84,269)   coste   50    50
(84,428)   coste   26    23
(84,498)   coste   77    81
(85,123)   coste   33    27
(85,385)   coste   32    38
(85,455)   coste   11    14
(85,465)   coste   36    36
(85,477)   coste   45    45
(86,100)   coste   51    51
(86,228)   coste   38    43
(86,356)   coste   81    81
(87,218)   coste   19    23
(87,308)   coste   3    2
(87,416)   coste   30    32
(87,475)   coste   13    17
(88,176)   coste   28    25
(88,346)   coste   42    40
(88,449)   coste   47    44
(89,398)   coste   43    42
(90,197)   coste   37    37
(90,263)   coste   46    46
(90,399)   coste   16    15
(90,440)   coste   21    20
(91,93)   coste   15    13
(91,374)   coste   25    27
(92,185)   coste   32    30
(92,211)   coste   44    44
(92,247)   coste   42    44
(92,314)   coste   55    53
(93,374)   coste   41    42
(94,230)   coste   40    37
(94,262)   coste   62    61
(94,432)   coste   52    53
(95,243)   coste   14    15
(95,353)   coste   16    12
(96,345)   coste   46    40
(96,480)   coste   49    43
(96,496)   coste   19    18
(97,131)   coste   37    37
(97,242)   coste   26    27
(97,307)   coste   19    17
(97,362)   coste   48    45
(98,274)   coste   36    35
(98,376)   coste   34    33
(98,469)   coste   41    47
(99,154)   coste   13    16
(99,196)   coste   44    44
(99,219)   coste   36    41
(99,485)   coste   38    35
(100,188)   coste   50    52
(100,356)   coste   34    34
(101,130)   coste   54    57
(101,273)   coste   29    28
(101,280)   coste   17    12
(102,176)   coste   27    25
(102,487)   coste   35    35
(103,357)   coste   9    12
(104,171)   coste   57    57
(104,347)   coste   60    58
(104,490)   coste   49    45
(105,310)   coste   57    52
(105,395)   coste   40    40
(105,453)   coste   36    36
(106,345)   coste   31    31
(106,386)   coste   37    38
(107,428)   coste   15    18
(107,497)   coste   41    35
(108,158)   coste   26    25
(108,339)   coste   27    27
(108,352)   coste   22    21
(109,191)   coste   31    35
(109,229)   coste   41    41
(109,384)   coste   64    61
(109,478)   coste   42    39
(110,133)   coste   22    22
(110,177)   coste   42    39
(110,287)   coste   33    37
(110,325)   coste   24    25
(111,231)   coste   41    46
(111,301)   coste   36    36
(111,361)   coste   37    33
(112,260)   coste   10    15
(112,418)   coste   42    41
(113,278)   coste   45    40
(113,308)   coste   50    47
(113,416)   coste   39    35
(114,255)   coste   12    18
(114,302)   coste   51    56
(114,451)   coste   67    63
(115,160)   coste   39    41
(115,346)   coste   30    30
(115,380)   coste   18    20
(115,430)   coste   43    46
(115,489)   coste   38    36
(116,328)   coste   84    83
(116,459)   coste   91    90
(117,327)   coste   65    67
(117,483)   coste   36    34
(118,294)   coste   50    52
(118,364)   coste   15    17
(118,463)   coste   56    57
(119,178)   coste   40    43
(119,447)   coste   33    31
(120,245)   coste   37    37
(120,379)   coste   14    12
(121,311)   coste   12    14
(121,335)   coste   37    34
(122,289)   coste   16    17
(122,303)   coste   46    46
(122,319)   coste   39    42
(123,233)   coste   53    54
(123,358)   coste   37    34
(123,455)   coste   18    22
(124,206)   coste   30    31
(124,344)   coste   38    40
(125,252)   coste   15    18
(125,318)   coste   28    25
(125,377)   coste   70    73
(125,491)   coste   24    24
(126,242)   coste   64    68
(126,307)   coste   67    64
(126,462)   coste   45    42
(127,276)   coste   27    28
(127,417)   coste   43    45
(127,427)   coste   30    29
(128,272)   coste   49    50
(128,299)   coste   20    24
(128,322)   coste   54    54
(128,340)   coste   43    47
(128,372)   coste   28    28
(129,179)   coste   22    23
(129,180)   coste   47    45
(129,239)   coste   27    29
(129,258)   coste   54    48
(130,280)   coste   48    49
(130,331)   coste   49    45
(130,341)   coste   14    17
(131,204)   coste   39    37
(131,362)   coste   27    29
(132,155)   coste   39    42
(132,285)   coste   17    16
(132,500)   coste   38    40
(133,177)   coste   48    51
(133,382)   coste   55    57
(134,244)   coste   33    36
(134,251)   coste   35    31
(134,300)   coste   45    51
(134,439)   coste   28    31
(135,217)   coste   4    5
(135,287)   coste   18    20
(135,325)   coste   30    29
(136,240)   coste   45    42
(136,392)   coste   58    57
(136,436)   coste   56    57
(137,145)   coste   39    37
(137,152)   coste   16    16
(137,208)   coste   41    42
(137,357)   coste   40    36
(138,162)   coste   12    12
(138,238)   coste   47    46
(138,449)   coste   13    11
(139,142)   coste   46    45
(139,393)   coste   22    22
(139,438)   coste   42    44
(140,467)   coste   25    22
(141,396)   coste   47    44
(141,468)   coste   51    49
(141,488)   coste   31    31
(142,250)   coste   40    42
(142,393)   coste   50    45
(142,438)   coste   37    33
(143,215)   coste   50    50
(143,350)   coste   30    27
(144,220)   coste   49    49
(144,301)   coste   61    61
(144,361)   coste   62    65
(146,242)   coste   44    46
(146,462)   coste   37    41
(147,267)   coste   21    26
(147,435)   coste   42    43
(148,209)   coste   43    37
(148,392)   coste   53    51
(148,411)   coste   25    23
(148,432)   coste   28    28
(149,172)   coste   31    29
(149,202)   coste   32    32
(149,434)   coste   26    28
(150,232)   coste   33    35
(150,453)   coste   12    13
(150,480)   coste   25    22
(151,313)   coste   42    46
(152,182)   coste   39    38
(152,208)   coste   37    33
(152,357)   coste   24    25
(153,281)   coste   45    48
(153,284)   coste   23    22
(153,350)   coste   46    47
(153,390)   coste   25    20
(154,196)   coste   47    45
(154,219)   coste   52    55
(155,342)   coste   36    36
(156,167)   coste   27    24
(156,261)   coste   40    39
(157,237)   coste   35    37
(157,278)   coste   28    29
(157,378)   coste   31    32
(158,339)   coste   4    7
(158,352)   coste   22    19
(159,409)   coste   20    23
(159,442)   coste   63    63
(160,192)   coste   36    34
(160,380)   coste   26    26
(161,174)   coste   36    41
(161,201)   coste   44    38
(161,458)   coste   21    23
(162,238)   coste   34    37
(162,449)   coste   25    21
(163,500)   coste   6    2
(164,369)   coste   19    18
(164,486)   coste   25    25
(165,190)   coste   41    43
(165,272)   coste   70    73
(165,295)   coste   52    53
(166,200)   coste   50    46
(166,323)   coste   24    26
(166,330)   coste   32    31
(166,414)   coste   54    57
(167,261)   coste   42    44
(167,276)   coste   21    25
(167,297)   coste   18    18
(168,189)   coste   18    23
(168,198)   coste   35    37
(168,221)   coste   42    42
(168,457)   coste   40    43
(169,359)   coste   30    33
(169,406)   coste   32    26
(169,444)   coste   18    18
(170,285)   coste   25    29
(170,402)   coste   34    37
(171,209)   coste   27    24
(171,347)   coste   40    37
(171,490)   coste   8    12
(172,348)   coste   48    47
(172,387)   coste   29    25
(172,434)   coste   42    43
(173,177)   coste   57    58
(173,341)   coste   29    31
(174,367)   coste   58    56
(175,471)   coste   32    32
(176,449)   coste   48    47
(176,487)   coste   46    47
(177,325)   coste   49    49
(178,187)   coste   69    69
(178,447)   coste   35    38
(179,239)   coste   26    28
(180,239)   coste   32    36
(180,258)   coste   63    61
(180,305)   coste   53    48
(180,383)   coste   46    45
(181,213)   coste   32    28
(181,437)   coste   7    10
(182,208)   coste   10    8
(182,338)   coste   43    48
(182,357)   coste   45    41
(183,265)   coste   57    54
(183,429)   coste   20    26
(183,461)   coste   47    45
(184,236)   coste   42    39
(184,298)   coste   29    33
(185,381)   coste   29    29
(185,425)   coste   51    56
(185,481)   coste   43    45
(186,347)   coste   42    42
(186,396)   coste   38    39
(186,422)   coste   20    20
(186,454)   coste   41    41
(188,238)   coste   75    74
(188,356)   coste   27    27
(189,198)   coste   40    38
(189,469)   coste   48    47
(190,295)   coste   14    18
(191,384)   coste   57    60
(191,478)   coste   34    38
(192,249)   coste   45    49
(192,446)   coste   38    37
(193,350)   coste   33    33
(193,375)   coste   32    26
(193,390)   coste   39    36
(194,229)   coste   46    47
(194,375)   coste   54    52
(194,478)   coste   44    40
(195,328)   coste   57    58
(195,459)   coste   47    45
(196,219)   coste   43    37
(197,320)   coste   22    23
(197,399)   coste   24    26
(197,437)   coste   33    27
(197,440)   coste   23    22
(198,207)   coste   73    73
(198,259)   coste   64    60
(198,293)   coste   72    69
(199,296)   coste   80    84
(199,324)   coste   68    67
(199,404)   coste   58    54
(200,330)   coste   44    46
(200,371)   coste   14    17
(201,312)   coste   11    11
(201,354)   coste   14    15
(201,458)   coste   38    36
(202,218)   coste   33    34
(202,222)   coste   43    45
(202,349)   coste   43    47
(202,434)   coste   31    31
(203,288)   coste   12    8
(203,379)   coste   38    39
(203,406)   coste   26    30
(203,464)   coste   7    7
(204,290)   coste   57    52
(204,321)   coste   7    4
(204,343)   coste   35    32
(205,222)   coste   37    42
(205,441)   coste   33    34
(207,293)   coste   76    73
(207,494)   coste   31    30
(209,490)   coste   28    32
(210,235)   coste   47    44
(210,378)   coste   11    10
(211,247)   coste   14    16
(211,322)   coste   50    48
(211,468)   coste   44    48
(212,249)   coste   41    45
(212,279)   coste   43    43
(212,424)   coste   23    23
(212,492)   coste   40    41
(212,494)   coste   72    72
(214,228)   coste   55    58
(214,400)   coste   55    55
(214,430)   coste   54    54
(215,306)   coste   33    35
(216,388)   coste   34    35
(216,466)   coste   23    25
(217,382)   coste   63    60
(218,308)   coste   19    16
(218,434)   coste   15    16
(218,475)   coste   28    29
(219,445)   coste   34    38
(219,485)   coste   9    3
(220,301)   coste   37    34
(220,361)   coste   47    48
(221,256)   coste   39    44
(221,259)   coste   40    36
(221,443)   coste   42    39
(221,457)   coste   12    16
(222,349)   coste   24    26
(223,250)   coste   29    35
(223,294)   coste   31    31
(223,397)   coste   19    18
(224,281)   coste   11    7
(224,363)   coste   8    11
(225,237)   coste   63    58
(225,278)   coste   57    57
(226,317)   coste   33    36
(227,257)   coste   41    44
(227,388)   coste   15    19
(227,466)   coste   40    40
(228,400)   coste   13    16
(229,375)   coste   32    30
(230,262)   coste   29    24
(230,472)   coste   36    34
(231,311)   coste   24    20
(231,335)   coste   24    18
(232,453)   coste   35    34
(233,358)   coste   48    50
(233,423)   coste   76    82
(233,465)   coste   64    65
(234,281)   coste   68    68
(234,473)   coste   21    20
(236,403)   coste   14    14
(236,420)   coste   45    44
(237,278)   coste   40    38
(238,403)   coste   33    32
(240,245)   coste   24    25
(240,333)   coste   22    23
(240,359)   coste   27    32
(240,436)   coste   35    38
(241,254)   coste   51    52
(242,307)   coste   5    5
(242,462)   coste   30    28
(243,297)   coste   25    24
(243,353)   coste   6    7
(244,251)   coste   13    13
(244,427)   coste   29    28
(246,305)   coste   59    59
(246,324)   coste   77    79
(246,383)   coste   69    64
(247,468)   coste   36    36
(248,264)   coste   41    41
(248,266)   coste   32    31
(248,477)   coste   15    15
(249,279)   coste   18    15
(249,474)   coste   15    14
(250,294)   coste   39    35
(250,438)   coste   40    40
(252,318)   coste   41    40
(252,377)   coste   57    56
(252,491)   coste   19    22
(253,426)   coste   36    33
(253,463)   coste   64    68
(253,479)   coste   39    39
(253,495)   coste   29    31
(254,363)   coste   37    35
(255,302)   coste   63    69
(255,451)   coste   53    53
(256,257)   coste   44    44
(256,413)   coste   48    52
(256,443)   coste   32    33
(257,259)   coste   28    27
(257,388)   coste   38    36
(260,418)   coste   46    45
(260,419)   coste   23    23
(261,360)   coste   28    26
(262,410)   coste   36    33
(262,472)   coste   11    11
(263,331)   coste   14    11
(264,414)   coste   45    41
(265,461)   coste   33    38
(266,477)   coste   36    38
(267,435)   coste   23    24
(268,291)   coste   22    21
(268,336)   coste   34    38
(268,365)   coste   27    31
(268,499)   coste   22    27
(269,412)   coste   34    39
(269,497)   coste   67    68
(269,498)   coste   77    76
(270,326)   coste   50    45
(270,401)   coste   16    16
(271,352)   coste   35    33
(271,367)   coste   5    5
(271,458)   coste   26    27
(272,295)   coste   29    32
(273,280)   coste   25    30
(273,448)   coste   41    45
(274,443)   coste   39    42
(274,457)   coste   38    42
(275,398)   coste   46    51
(277,369)   coste   11    10
(277,425)   coste   46    44
(277,486)   coste   47    45
(279,474)   coste   23    18
(279,494)   coste   70    75
(281,363)   coste   15    10
(282,415)   coste   56    54
(282,452)   coste   42    44
(283,426)   coste   52    52
(283,463)   coste   47    49
(284,390)   coste   18    18
(285,402)   coste   44    44
(286,327)   coste   38    35
(286,408)   coste   65    63
(286,470)   coste   21    21
(286,483)   coste   55    55
(287,325)   coste   14    13
(288,406)   coste   19    22
(288,464)   coste   13    10
(289,303)   coste   34    39
(290,337)   coste   26    27
(290,343)   coste   31    37
(291,336)   coste   16    19
(291,499)   coste   47    45
(292,389)   coste   37    36
(292,482)   coste   36    34
(294,364)   coste   35    32
(294,397)   coste   23    23
(296,376)   coste   21    26
(296,404)   coste   29    32
(296,421)   coste   20    22
(296,469)   coste   38    37
(297,353)   coste   31    31
(298,316)   coste   31    28
(298,452)   coste   30    29
(299,322)   coste   47    48
(299,340)   coste   28    33
(299,372)   coste   46    46
(300,439)   coste   25    26
(301,361)   coste   14    14
(304,313)   coste   54    53
(304,484)   coste   58    60
(305,324)   coste   61    61
(305,383)   coste   18    18
(306,375)   coste   79    79
(307,462)   coste   36    35
(308,416)   coste   25    31
(309,382)   coste   40    43
(309,448)   coste   52    58
(310,395)   coste   21    25
(311,335)   coste   22    27
(312,354)   coste   6    8
(312,458)   coste   48    47
(314,433)   coste   61    56
(316,452)   coste   27    26
(317,407)   coste   20    22
(318,491)   coste   48    49
(319,482)   coste   58    61
(319,491)   coste   55    57
(320,437)   coste   6    7
(321,343)   coste   33    35
(323,330)   coste   38    41
(324,383)   coste   51    48
(326,394)   coste   21    24
(326,401)   coste   33    35
(326,460)   coste   31    32
(327,408)   coste   63    65
(327,483)   coste   42    46
(328,459)   coste   34    31
(329,339)   coste   23    28
(332,365)   coste   32    32
(332,366)   coste   21    26
(332,499)   coste   24    23
(333,359)   coste   7    7
(333,373)   coste   44    41
(333,436)   coste   35    36
(334,368)   coste   19    22
(334,405)   coste   34    34
(334,413)   coste   59    57
(337,343)   coste   58    56
(337,362)   coste   59    62
(338,348)   coste   36    31
(338,387)   coste   22    18
(340,454)   coste   33    36
(342,493)   coste   35    33
(345,386)   coste   55    49
(346,380)   coste   37    38
(347,396)   coste   38    34
(347,490)   coste   48    48
(348,387)   coste   38    36
(349,461)   coste   46    47
(350,390)   coste   25    23
(351,474)   coste   42    44
(351,493)   coste   30    30
(352,367)   coste   34    36
(355,439)   coste   49    49
(355,479)   coste   62    61
(358,455)   coste   53    49
(359,406)   coste   25    25
(359,444)   coste   46    46
(360,408)   coste   56    53
(364,397)   coste   25    19
(365,499)   coste   23    28
(366,476)   coste   33    33
(366,499)   coste   36    35
(367,458)   coste   31    34
(368,405)   coste   17    23
(369,425)   coste   47    50
(369,486)   coste   39    40
(370,424)   coste   42    46
(370,446)   coste   15    11
(370,492)   coste   44    43
(372,454)   coste   41    43
(373,436)   coste   12    10
(373,471)   coste   37    32
(376,404)   coste   50    54
(376,469)   coste   36    36
(380,489)   coste   26    26
(381,433)   coste   48    51
(381,481)   coste   37    36
(384,442)   coste   33    34
(385,465)   coste   1    6
(388,466)   coste   27    32
(389,441)   coste   36    40
(389,482)   coste   62    63
(391,464)   coste   34    36
(392,411)   coste   32    38
(393,438)   coste   58    63
(394,401)   coste   50    48
(394,460)   coste   34    34
(395,453)   coste   40    43
(399,440)   coste   15    18
(400,430)   coste   39    36
(404,421)   coste   31    32
(406,464)   coste   29    28
(410,472)   coste   25    21
(411,432)   coste   46    46
(412,484)   coste   46    46
(412,497)   coste   60    55
(413,445)   coste   37    35
(417,427)   coste   33    29
(417,431)   coste   48    45
(418,433)   coste   50    54
(419,446)   coste   52    49
(420,487)   coste   43    43
(421,469)   coste   41    39
(422,454)   coste   53    49
(423,465)   coste   93    93
(424,446)   coste   52    46
(424,492)   coste   23    23
(428,497)   coste   45    46
(429,461)   coste   44    44
(431,456)   coste   35    39
(431,496)   coste   32    27
(435,476)   coste   34    37
(443,457)   coste   31    32
(451,498)   coste   57    60
(453,480)   coste   30    26
(455,465)   coste   39    41
(456,470)   coste   54    57
(456,496)   coste   59    56
(466,492)   coste   41    42
(479,495)   coste   32    29
(480,496)   coste   53    48
(484,497)   coste   23    25
(89,398)   coste   43    42
(16,275)   coste   37    33
(16,315)   coste   23    27
(2,215)   coste   38    42
(143,350)   coste   30    27
(3,303)   coste   32    32
(309,382)   coste   40    43
(58,241)   coste   24    24
(6,13)   coste   24    24
(6,351)   coste   14    13
(72,489)   coste   14    16
(36,493)   coste   27    26
(7,79)   coste   43    40
(7,116)   coste   93    98
(71,459)   coste   17    15
(71,195)   coste   31    27
(8,273)   coste   19    21
(101,273)   coste   29    28
(9,313)   coste   32    29
(304,313)   coste   54    53
(10,414)   coste   12    13
(166,323)   coste   24    26
(124,206)   coste   30    31
(12,415)   coste   7    2
(282,415)   coste   56    54
(42,65)   coste   15    20
(14,93)   coste   30    26
(14,178)   coste   73    71
(178,447)   coste   35    38
(15,481)   coste   9    15
(164,486)   coste   25    25
(20,226)   coste   44    44
(20,402)   coste   36    32
(120,379)   coste   14    12
(240,245)   coste   24    25
(240,359)   coste   27    32
(224,281)   coste   11    7
(153,281)   coste   45    48
(80,407)   coste   32    32
(21,392)   coste   42    43
(136,392)   coste   58    57
(83,488)   coste   18    20
(22,406)   coste   28    33
(169,406)   coste   32    26
(288,464)   coste   13    10
(23,191)   coste   9    11
(191,384)   coste   57    60
(109,229)   coste   41    41
(24,175)   coste   26    26
(373,471)   coste   37    32
(210,378)   coste   11    10
(44,210)   coste   18    17
(26,339)   coste   36    35
(158,339)   coste   4    7
(106,386)   coste   37    38
(232,453)   coste   35    34
(28,283)   coste   52    51
(253,426)   coste   36    33
(253,495)   coste   29    31
(29,201)   coste   66    69
(161,458)   coste   21    23
(312,354)   coste   6    8
(30,50)   coste   27    28
(30,429)   coste   44    47
(63,405)   coste   21    18
(185,425)   coste   51    56
(92,314)   coste   55    53
(92,211)   coste   44    44
(211,322)   coste   50    48
(32,146)   coste   38    38
(32,467)   coste   31    29
(33,293)   coste   59    63
(34,343)   coste   27    29
(204,321)   coste   7    4
(35,302)   coste   43    47
(35,423)   coste   83    84
(85,385)   coste   32    38
(155,342)   coste   36    36
(37,267)   coste   46    44
(37,476)   coste   6    8
(121,311)   coste   12    14
(231,311)   coste   24    20
(39,270)   coste   39    35
(182,357)   coste   45    41
(182,208)   coste   10    8
(40,41)   coste   21    23
(40,456)   coste   36    39
(431,456)   coste   35    39
(360,408)   coste   56    53
(43,73)   coste   12    8
(115,430)   coste   43    46
(214,430)   coste   54    54
(82,235)   coste   25    22
(82,292)   coste   55    55
(159,442)   coste   63    63
(225,237)   coste   63    58
(46,170)   coste   17    23
(265,461)   coste   33    38
(48,300)   coste   4    2
(326,401)   coste   33    35
(298,316)   coste   31    28
(55,298)   coste   10    15
(355,479)   coste   62    61
(184,236)   coste   42    39
(236,403)   coste   14    14
(56,371)   coste   33    36
(266,477)   coste   36    38
(57,219)   coste   9    12
(99,219)   coste   36    41
(99,154)   coste   13    16
(413,445)   coste   37    35
(59,301)   coste   31    33
(60,205)   coste   24    24
(410,472)   coste   25    21
(389,441)   coste   36    40
(61,174)   coste   43    41
(62,422)   coste   16    11
(186,454)   coste   41    41
(334,368)   coste   19    22
(66,179)   coste   50    52
(67,473)   coste   29    31
(68,276)   coste   14    12
(167,261)   coste   42    44
(69,331)   coste   45    46
(130,341)   coste   14    17
(173,177)   coste   57    58
(133,177)   coste   48    51
(90,263)   coste   46    46
(90,399)   coste   16    15
(257,259)   coste   28    27
(221,259)   coste   40    36
(76,258)   coste   33    31
(129,239)   coste   27    29
(78,420)   coste   23    26
(162,449)   coste   25    21
(291,336)   coste   16    19
(117,483)   coste   36    34
(107,428)   coste   15    18
(451,498)   coste   57    60
(86,100)   coste   51    51
(228,400)   coste   13    16
(188,356)   coste   27    27
(202,218)   coste   33    34
(113,416)   coste   39    35
(88,176)   coste   28    25
(176,487)   coste   46    47
(197,440)   coste   23    22
(247,468)   coste   36    36
(94,230)   coste   40    37
(411,432)   coste   46    46
(243,353)   coste   6    7
(131,362)   coste   27    29
(126,242)   coste   64    68
(98,274)   coste   36    35
(98,469)   coste   41    47
(104,347)   coste   60    58
(105,395)   coste   40    40
(412,497)   coste   60    55
(108,352)   coste   22    21
(271,352)   coste   35    33
(135,287)   coste   18    20
(260,418)   coste   46    45
(114,255)   coste   12    18
(160,192)   coste   36    34
(118,463)   coste   56    57
(294,364)   coste   35    32
(122,319)   coste   39    42
(319,482)   coste   58    61
(319,491)   coste   55    57
(318,491)   coste   48    49
(244,427)   coste   29    28
(128,340)   coste   43    47
(128,272)   coste   49    50
(128,372)   coste   28    28
(139,393)   coste   22    22
(149,172)   coste   31    29
(172,387)   coste   29    25
(165,295)   coste   52    53
(189,198)   coste   40    38
(338,348)   coste   36    31
(181,213)   coste   32    28
(181,437)   coste   7    10
(193,375)   coste   32    26
(194,375)   coste   54    52
(199,324)   coste   68    67
(246,324)   coste   77    79
(296,421)   coste   20    22
(222,349)   coste   24    26
(290,337)   coste   26    27
(279,494)   coste   70    75
(279,474)   coste   23    18
(212,424)   coste   23    23
(370,424)   coste   42    46
(223,397)   coste   19    18

LISTA_ARISTAS_NOREQ :
