NOMBRE : WB1035 
COMENTARIO :  Chino Windy aleatorio grafico
VERTICES : 1000
ARISTAS_REQ : 2168
ARISTAS_NOREQ : 0
LISTA_ARISTAS_REQ :
(1,190)   coste   39    28
(1,298)   coste   35    32
(1,516)   coste   22    27
(2,216)   coste   20    11
(2,407)   coste   32    31
(2,566)   coste   42    24
(2,619)   coste   40    42
(3,11)   coste   1    1
(3,12)   coste   12    33
(3,412)   coste   19    39
(4,228)   coste   24    32
(4,396)   coste   38    23
(4,402)   coste   1    11
(5,635)   coste   31    22
(5,678)   coste   28    12
(5,711)   coste   11    25
(5,882)   coste   17    30
(6,56)   coste   30    27
(6,73)   coste   18    22
(6,981)   coste   14    20
(7,193)   coste   1    7
(7,481)   coste   12    13
(7,656)   coste   57    55
(7,984)   coste   36    37
(8,279)   coste   7    6
(8,570)   coste   32    32
(8,900)   coste   13    15
(9,428)   coste   38    39
(9,593)   coste   44    42
(9,617)   coste   11    22
(9,762)   coste   34    41
(10,234)   coste   25    16
(10,512)   coste   41    25
(10,555)   coste   19    2
(11,12)   coste   28    29
(12,412)   coste   24    35
(13,155)   coste   42    43
(13,472)   coste   23    22
(13,606)   coste   30    34
(13,661)   coste   23    26
(13,774)   coste   24    27
(14,355)   coste   41    43
(14,379)   coste   35    24
(14,750)   coste   10    30
(14,868)   coste   38    33
(15,143)   coste   5    26
(15,387)   coste   32    22
(15,395)   coste   17    23
(15,674)   coste   30    22
(15,691)   coste   35    17
(16,244)   coste   31    10
(16,511)   coste   8    12
(16,676)   coste   30    42
(16,964)   coste   12    15
(17,222)   coste   21    21
(17,330)   coste   15    26
(17,862)   coste   21    32
(17,871)   coste   29    8
(18,429)   coste   47    51
(18,614)   coste   4    17
(18,941)   coste   17    9
(19,220)   coste   57    40
(19,737)   coste   48    51
(19,884)   coste   35    40
(20,212)   coste   46    37
(20,296)   coste   36    43
(20,398)   coste   39    19
(21,546)   coste   33    34
(21,716)   coste   31    43
(21,828)   coste   19    21
(22,91)   coste   7    1
(22,236)   coste   22    6
(22,726)   coste   29    34
(22,895)   coste   13    28
(22,942)   coste   11    15
(23,626)   coste   45    28
(23,631)   coste   52    42
(23,687)   coste   21    4
(23,907)   coste   32    43
(24,81)   coste   30    48
(24,816)   coste   36    31
(24,887)   coste   51    49
(25,608)   coste   22    11
(25,649)   coste   35    36
(25,831)   coste   12    1
(25,853)   coste   2    1
(26,189)   coste   21    12
(26,285)   coste   25    14
(26,404)   coste   25    31
(26,495)   coste   37    43
(26,873)   coste   31    20
(26,910)   coste   23    28
(27,67)   coste   43    35
(27,75)   coste   26    41
(27,563)   coste   45    40
(28,396)   coste   35    30
(28,564)   coste   2    1
(28,701)   coste   30    42
(28,844)   coste   22    30
(29,155)   coste   47    41
(29,531)   coste   8    1
(29,787)   coste   29    9
(29,983)   coste   11    12
(30,302)   coste   33    19
(30,405)   coste   12    10
(30,494)   coste   33    43
(31,409)   coste   23    15
(31,480)   coste   32    51
(31,533)   coste   42    32
(31,555)   coste   26    39
(31,766)   coste   39    40
(31,902)   coste   23    17
(32,40)   coste   26    23
(32,261)   coste   18    25
(32,641)   coste   23    12
(33,83)   coste   18    22
(33,85)   coste   9    7
(33,813)   coste   1    3
(34,122)   coste   21    23
(34,211)   coste   25    23
(34,229)   coste   32    11
(35,46)   coste   21    8
(35,453)   coste   32    43
(35,802)   coste   9    18
(36,254)   coste   50    51
(36,646)   coste   28    40
(36,740)   coste   23    9
(37,260)   coste   6    18
(37,347)   coste   26    20
(37,801)   coste   32    26
(38,240)   coste   8    13
(38,563)   coste   32    37
(38,969)   coste   13    13
(39,175)   coste   24    39
(39,252)   coste   26    13
(39,905)   coste   25    24
(40,261)   coste   23    32
(40,333)   coste   35    25
(40,812)   coste   43    55
(40,924)   coste   27    25
(41,459)   coste   17    18
(41,502)   coste   24    21
(41,809)   coste   22    38
(42,483)   coste   9    20
(42,830)   coste   24    24
(42,838)   coste   27    28
(43,322)   coste   41    29
(43,327)   coste   16    11
(43,493)   coste   6    18
(43,565)   coste   22    28
(43,581)   coste   29    20
(44,72)   coste   19    16
(44,182)   coste   29    31
(44,820)   coste   25    10
(44,921)   coste   20    16
(44,987)   coste   38    51
(45,497)   coste   60    64
(45,501)   coste   37    19
(45,955)   coste   8    22
(46,161)   coste   29    39
(46,444)   coste   29    37
(46,802)   coste   35    39
(46,999)   coste   32    33
(47,126)   coste   35    31
(47,470)   coste   23    15
(47,911)   coste   4    13
(48,487)   coste   43    27
(48,580)   coste   24    14
(49,105)   coste   19    3
(49,592)   coste   17    15
(49,926)   coste   20    6
(50,166)   coste   1    11
(50,458)   coste   19    21
(50,527)   coste   30    18
(50,755)   coste   29    17
(51,90)   coste   22    17
(51,250)   coste   18    19
(51,585)   coste   39    25
(52,202)   coste   18    17
(52,500)   coste   52    37
(52,623)   coste   34    25
(52,699)   coste   31    35
(52,885)   coste   33    29
(53,181)   coste   3    18
(53,207)   coste   18    27
(53,380)   coste   11    8
(53,716)   coste   3    14
(53,883)   coste   18    15
(54,530)   coste   11    2
(54,816)   coste   7    6
(54,887)   coste   2    7
(55,192)   coste   30    27
(55,368)   coste   21    37
(55,426)   coste   1    1
(55,551)   coste   31    17
(56,188)   coste   21    25
(56,702)   coste   18    15
(56,807)   coste   7    10
(56,859)   coste   33    42
(56,981)   coste   23    32
(57,401)   coste   8    8
(57,417)   coste   12    17
(57,636)   coste   21    23
(57,796)   coste   16    4
(57,927)   coste   32    23
(58,335)   coste   7    28
(58,388)   coste   19    5
(58,698)   coste   29    32
(58,995)   coste   31    36
(59,216)   coste   43    55
(59,407)   coste   45    50
(59,547)   coste   42    21
(60,156)   coste   17    10
(60,289)   coste   7    14
(60,718)   coste   30    33
(60,769)   coste   27    30
(61,133)   coste   33    29
(61,307)   coste   48    38
(61,399)   coste   32    36
(62,142)   coste   15    3
(62,263)   coste   14    21
(62,746)   coste   16    13
(63,515)   coste   5    8
(63,894)   coste   5    8
(63,990)   coste   33    29
(64,276)   coste   25    27
(64,455)   coste   26    40
(64,471)   coste   30    18
(65,401)   coste   48    36
(65,686)   coste   29    33
(65,796)   coste   36    33
(66,145)   coste   27    23
(66,465)   coste   34    28
(66,574)   coste   24    16
(67,75)   coste   4    25
(67,268)   coste   16    20
(67,996)   coste   11    30
(68,352)   coste   12    21
(68,577)   coste   19    9
(68,962)   coste   12    11
(69,559)   coste   27    6
(69,586)   coste   24    33
(69,718)   coste   26    12
(70,180)   coste   57    46
(70,425)   coste   38    36
(70,814)   coste   33    29
(71,140)   coste   43    44
(71,350)   coste   34    36
(71,386)   coste   34    20
(71,504)   coste   31    33
(71,713)   coste   26    32
(72,182)   coste   34    21
(72,508)   coste   47    37
(72,987)   coste   38    36
(73,412)   coste   12    25
(73,914)   coste   21    25
(73,982)   coste   41    21
(74,159)   coste   26    22
(74,165)   coste   23    4
(74,305)   coste   12    21
(74,762)   coste   52    50
(75,268)   coste   34    26
(75,996)   coste   1    7
(76,406)   coste   29    17
(76,584)   coste   1    5
(77,315)   coste   50    47
(77,336)   coste   19    26
(77,916)   coste   22    33
(78,167)   coste   2    14
(78,556)   coste   14    20
(78,640)   coste   41    34
(79,107)   coste   28    39
(79,202)   coste   21    34
(79,500)   coste   28    16
(80,103)   coste   24    18
(80,308)   coste   20    30
(80,358)   coste   46    37
(80,786)   coste   29    13
(81,571)   coste   35    35
(81,704)   coste   36    46
(81,870)   coste   36    22
(82,420)   coste   29    19
(82,523)   coste   30    37
(82,575)   coste   29    24
(82,697)   coste   30    43
(83,85)   coste   21    2
(83,191)   coste   9    24
(83,215)   coste   21    26
(83,705)   coste   18    19
(83,787)   coste   8    17
(83,952)   coste   33    23
(84,121)   coste   2    1
(84,141)   coste   21    22
(84,475)   coste   23    17
(84,587)   coste   13    17
(84,638)   coste   23    22
(85,787)   coste   19    19
(85,813)   coste   1    5
(86,464)   coste   1    9
(86,781)   coste   31    18
(86,894)   coste   38    53
(87,185)   coste   24    34
(87,349)   coste   43    35
(87,611)   coste   34    32
(88,309)   coste   4    1
(88,329)   coste   30    31
(88,733)   coste   26    11
(89,241)   coste   32    47
(89,298)   coste   35    27
(89,337)   coste   23    29
(89,446)   coste   53    49
(89,850)   coste   23    35
(90,163)   coste   10    13
(90,250)   coste   26    25
(90,683)   coste   26    17
(91,236)   coste   6    13
(91,664)   coste   28    17
(91,942)   coste   20    7
(92,749)   coste   42    36
(92,768)   coste   1    18
(92,782)   coste   31    26
(93,326)   coste   26    22
(93,754)   coste   15    10
(93,940)   coste   42    35
(94,98)   coste   35    26
(94,113)   coste   6    7
(94,205)   coste   36    59
(94,462)   coste   34    32
(94,646)   coste   58    52
(94,740)   coste   43    58
(94,992)   coste   60    42
(95,192)   coste   27    22
(95,513)   coste   29    25
(95,551)   coste   6    22
(96,522)   coste   55    38
(96,562)   coste   51    37
(96,622)   coste   44    39
(96,745)   coste   20    12
(97,151)   coste   32    28
(97,263)   coste   38    24
(97,746)   coste   29    42
(98,113)   coste   24    32
(98,462)   coste   15    27
(98,645)   coste   60    69
(99,228)   coste   22    14
(99,439)   coste   24    15
(99,564)   coste   14    14
(99,765)   coste   27    18
(99,844)   coste   8    8
(100,292)   coste   9    25
(100,487)   coste   28    38
(100,552)   coste   20    30
(101,160)   coste   6    1
(101,354)   coste   7    7
(101,476)   coste   24    27
(101,590)   coste   32    23
(102,114)   coste   43    26
(102,830)   coste   37    58
(102,908)   coste   14    14
(103,308)   coste   34    27
(103,786)   coste   35    48
(104,204)   coste   22    27
(104,501)   coste   25    2
(105,195)   coste   41    47
(105,518)   coste   19    27
(105,592)   coste   17    29
(105,618)   coste   13    10
(105,926)   coste   36    30
(105,937)   coste   34    46
(106,666)   coste   1    3
(106,841)   coste   41    47
(106,845)   coste   35    33
(107,500)   coste   21    36
(107,639)   coste   27    33
(108,109)   coste   29    27
(108,280)   coste   22    24
(108,435)   coste   60    57
(108,448)   coste   15    19
(108,486)   coste   22    32
(108,819)   coste   35    37
(109,341)   coste   36    41
(109,486)   coste   12    23
(109,632)   coste   35    47
(110,290)   coste   26    34
(110,625)   coste   15    23
(110,832)   coste   23    18
(110,958)   coste   29    29
(111,193)   coste   5    1
(111,463)   coste   24    37
(111,840)   coste   9    12
(112,131)   coste   26    16
(112,293)   coste   46    30
(112,381)   coste   10    25
(113,462)   coste   33    33
(113,936)   coste   34    30
(114,851)   coste   33    12
(114,908)   coste   22    22
(115,132)   coste   20    25
(115,518)   coste   28    15
(115,532)   coste   22    9
(115,937)   coste   36    48
(116,544)   coste   13    1
(116,613)   coste   16    23
(116,742)   coste   26    35
(117,578)   coste   23    25
(117,658)   coste   9    24
(117,822)   coste   25    43
(118,236)   coste   51    56
(118,656)   coste   1    1
(118,984)   coste   13    6
(119,315)   coste   24    25
(119,772)   coste   36    15
(119,801)   coste   24    13
(119,846)   coste   34    23
(120,186)   coste   39    20
(120,408)   coste   28    23
(120,629)   coste   23    14
(121,141)   coste   11    13
(121,475)   coste   32    25
(121,587)   coste   18    9
(121,783)   coste   43    38
(122,827)   coste   41    38
(123,253)   coste   24    30
(123,526)   coste   30    44
(123,721)   coste   4    13
(124,242)   coste   22    26
(124,264)   coste   30    12
(124,521)   coste   27    33
(124,647)   coste   27    21
(125,154)   coste   33    39
(125,379)   coste   27    31
(125,398)   coste   22    8
(125,750)   coste   21    21
(126,534)   coste   24    35
(126,715)   coste   36    30
(127,595)   coste   26    10
(127,848)   coste   27    30
(127,903)   coste   29    31
(128,277)   coste   9    9
(128,328)   coste   25    24
(128,849)   coste   3    6
(129,148)   coste   29    30
(129,168)   coste   14    1
(129,514)   coste   3    6
(129,775)   coste   38    39
(130,320)   coste   20    1
(130,376)   coste   26    28
(130,559)   coste   16    35
(130,644)   coste   16    25
(131,821)   coste   33    40
(132,532)   coste   36    29
(132,618)   coste   18    25
(132,688)   coste   25    25
(133,214)   coste   35    34
(133,399)   coste   5    18
(133,953)   coste   39    27
(134,418)   coste   23    43
(134,529)   coste   26    12
(134,603)   coste   24    32
(134,719)   coste   16    3
(134,965)   coste   9    13
(135,267)   coste   16    17
(135,549)   coste   19    22
(135,764)   coste   8    5
(136,382)   coste   12    19
(136,540)   coste   24    30
(137,210)   coste   15    30
(137,808)   coste   26    29
(137,854)   coste   43    27
(137,988)   coste   28    29
(138,291)   coste   27    37
(138,295)   coste   27    15
(138,554)   coste   16    13
(138,912)   coste   15    26
(138,917)   coste   23    30
(139,742)   coste   32    41
(139,818)   coste   17    17
(139,962)   coste   32    35
(140,634)   coste   27    41
(140,665)   coste   6    18
(140,935)   coste   41    38
(141,204)   coste   43    31
(141,638)   coste   21    15
(141,858)   coste   36    22
(142,263)   coste   8    8
(142,746)   coste   30    18
(143,310)   coste   21    29
(143,395)   coste   20    34
(143,691)   coste   6    22
(144,421)   coste   33    15
(144,751)   coste   22    21
(144,973)   coste   11    13
(145,457)   coste   41    42
(145,874)   coste   22    27
(146,206)   coste   34    35
(146,366)   coste   36    37
(146,622)   coste   27    27
(146,627)   coste   33    30
(147,406)   coste   8    15
(147,584)   coste   10    12
(148,230)   coste   18    20
(148,928)   coste   24    23
(149,475)   coste   36    45
(149,783)   coste   4    8
(150,235)   coste   15    19
(150,475)   coste   32    23
(150,542)   coste   25    23
(151,441)   coste   13    14
(151,507)   coste   33    19
(151,970)   coste   15    2
(152,702)   coste   13    10
(152,759)   coste   25    17
(152,789)   coste   16    10
(152,982)   coste   18    18
(153,282)   coste   31    34
(153,433)   coste   24    42
(153,558)   coste   18    15
(154,398)   coste   24    34
(154,553)   coste   24    12
(154,888)   coste   27    7
(155,531)   coste   35    42
(156,289)   coste   15    24
(156,769)   coste   25    16
(157,810)   coste   31    15
(157,919)   coste   24    31
(158,675)   coste   34    15
(158,692)   coste   27    32
(158,842)   coste   23    8
(159,389)   coste   25    34
(159,762)   coste   35    27
(160,354)   coste   2    19
(160,476)   coste   12    12
(160,590)   coste   20    21
(161,802)   coste   43    29
(161,946)   coste   39    39
(161,999)   coste   24    46
(162,226)   coste   18    14
(162,237)   coste   22    27
(163,207)   coste   39    23
(163,250)   coste   34    36
(163,346)   coste   45    41
(163,883)   coste   38    17
(164,376)   coste   14    38
(164,717)   coste   44    45
(164,805)   coste   26    6
(164,892)   coste   29    20
(165,305)   coste   28    35
(165,822)   coste   32    34
(166,458)   coste   34    37
(166,527)   coste   21    19
(166,755)   coste   39    30
(166,881)   coste   27    28
(167,506)   coste   1    4
(167,556)   coste   6    19
(168,514)   coste   7    4
(169,356)   coste   19    15
(169,378)   coste   27    43
(169,668)   coste   9    19
(169,801)   coste   28    27
(170,433)   coste   45    57
(170,635)   coste   10    22
(170,767)   coste   14    2
(170,1000)   coste   16    10
(171,286)   coste   24    19
(171,457)   coste   20    42
(171,601)   coste   25    35
(171,834)   coste   8    22
(172,727)   coste   17    18
(172,757)   coste   21    31
(172,777)   coste   39    37
(173,273)   coste   38    38
(173,318)   coste   30    36
(173,720)   coste   19    24
(173,835)   coste   9    20
(174,259)   coste   34    33
(174,793)   coste   25    19
(174,856)   coste   43    32
(174,933)   coste   1    23
(175,889)   coste   45    32
(175,905)   coste   17    32
(176,545)   coste   20    28
(176,669)   coste   27    33
(176,708)   coste   22    31
(177,178)   coste   43    39
(177,271)   coste   37    27
(177,301)   coste   22    29
(177,881)   coste   18    33
(178,271)   coste   8    15
(178,480)   coste   49    40
(179,239)   coste   8    22
(179,731)   coste   10    24
(179,860)   coste   17    10
(180,360)   coste   15    29
(180,790)   coste   17    20
(180,814)   coste   23    25
(181,187)   coste   30    27
(181,207)   coste   14    10
(181,380)   coste   15    4
(181,716)   coste   32    25
(181,883)   coste   25    7
(182,987)   coste   26    31
(183,339)   coste   28    21
(183,510)   coste   39    16
(183,588)   coste   27    24
(184,190)   coste   15    18
(184,413)   coste   41    28
(184,850)   coste   22    40
(184,863)   coste   31    42
(184,929)   coste   22    6
(185,233)   coste   33    10
(185,362)   coste   45    37
(186,447)   coste   38    19
(186,474)   coste   24    9
(186,629)   coste   29    44
(187,207)   coste   27    33
(187,275)   coste   47    56
(187,883)   coste   34    17
(188,255)   coste   41    51
(188,807)   coste   23    2
(188,859)   coste   33    25
(189,285)   coste   33    19
(189,873)   coste   1    22
(189,910)   coste   40    29
(190,298)   coste   32    21
(190,929)   coste   33    27
(191,221)   coste   19    31
(191,503)   coste   32    45
(191,952)   coste   9    3
(192,368)   coste   3    24
(192,426)   coste   32    23
(192,551)   coste   19    11
(193,481)   coste   1    1
(194,201)   coste   43    63
(194,393)   coste   27    47
(194,424)   coste   30    34
(194,791)   coste   20    30
(195,232)   coste   16    11
(195,592)   coste   25    30
(195,599)   coste   60    61
(195,986)   coste   53    49
(196,538)   coste   39    45
(196,756)   coste   49    41
(196,771)   coste   23    26
(197,370)   coste   19    20
(197,971)   coste   41    35
(197,985)   coste   28    13
(198,369)   coste   26    24
(198,838)   coste   18    13
(198,851)   coste   9    23
(199,510)   coste   24    21
(199,588)   coste   38    33
(199,927)   coste   18    25
(200,366)   coste   29    20
(200,545)   coste   40    29
(200,562)   coste   15    7
(200,622)   coste   32    17
(201,424)   coste   15    17
(201,863)   coste   59    74
(202,623)   coste   22    35
(203,437)   coste   27    18
(203,450)   coste   19    5
(203,745)   coste   48    45
(203,778)   coste   40    27
(204,858)   coste   12    18
(205,837)   coste   47    46
(205,992)   coste   16    26
(206,877)   coste   6    20
(206,878)   coste   22    20
(207,346)   coste   52    64
(207,883)   coste   2    15
(208,391)   coste   48    37
(208,537)   coste   4    7
(209,359)   coste   21    32
(209,391)   coste   36    40
(209,903)   coste   27    20
(210,808)   coste   35    34
(210,854)   coste   9    29
(211,229)   coste   13    30
(211,460)   coste   24    12
(211,696)   coste   23    19
(212,270)   coste   40    18
(212,379)   coste   43    35
(213,489)   coste   24    34
(213,760)   coste   23    16
(213,958)   coste   43    40
(214,383)   coste   43    53
(214,399)   coste   26    22
(214,626)   coste   20    26
(214,891)   coste   6    8
(215,221)   coste   12    32
(215,705)   coste   11    18
(216,407)   coste   13    13
(216,547)   coste   32    52
(216,566)   coste   16    2
(216,619)   coste   52    48
(217,256)   coste   43    44
(217,334)   coste   49    51
(217,944)   coste   39    31
(218,612)   coste   30    31
(218,771)   coste   32    52
(219,222)   coste   13    24
(219,871)   coste   19    11
(220,567)   coste   42    42
(220,864)   coste   41    49
(220,884)   coste   28    30
(221,503)   coste   24    13
(221,693)   coste   46    55
(222,330)   coste   1    1
(222,535)   coste   4    7
(222,871)   coste   1    8
(223,591)   coste   15    20
(223,651)   coste   35    25
(223,712)   coste   37    51
(223,913)   coste   38    45
(224,462)   coste   33    30
(224,631)   coste   27    34
(224,936)   coste   14    26
(225,297)   coste   24    34
(225,443)   coste   22    19
(225,621)   coste   1    17
(225,897)   coste   50    41
(226,237)   coste   31    19
(226,671)   coste   17    26
(227,397)   coste   30    19
(227,630)   coste   11    17
(227,757)   coste   42    31
(227,777)   coste   23    28
(227,780)   coste   17    1
(228,402)   coste   43    22
(228,844)   coste   1    17
(229,377)   coste   41    25
(230,672)   coste   24    26
(230,928)   coste   43    31
(231,553)   coste   29    26
(231,677)   coste   33    25
(231,817)   coste   37    28
(231,893)   coste   36    18
(232,986)   coste   16    34
(233,319)   coste   26    28
(233,362)   coste   16    22
(233,788)   coste   21    19
(234,512)   coste   10    24
(234,555)   coste   18    38
(234,650)   coste   14    24
(235,291)   coste   34    29
(235,295)   coste   16    24
(235,912)   coste   32    15
(236,942)   coste   4    7
(237,340)   coste   13    6
(237,671)   coste   22    20
(238,268)   coste   32    38
(238,293)   coste   39    20
(238,381)   coste   69    46
(239,860)   coste   26    11
(240,557)   coste   41    17
(240,563)   coste   28    27
(240,969)   coste   2    1
(241,337)   coste   39    29
(241,964)   coste   54    42
(242,264)   coste   20    17
(242,521)   coste   30    26
(242,728)   coste   15    30
(243,365)   coste   24    42
(243,729)   coste   42    34
(243,917)   coste   28    27
(244,511)   coste   3    6
(244,964)   coste   27    23
(245,262)   coste   19    10
(245,314)   coste   23    6
(245,441)   coste   28    26
(246,585)   coste   17    28
(246,640)   coste   36    48
(246,683)   coste   30    14
(246,978)   coste   5    14
(247,456)   coste   31    18
(247,467)   coste   19    19
(247,571)   coste   16    28
(247,870)   coste   36    21
(248,297)   coste   38    22
(248,569)   coste   14    5
(249,466)   coste   14    2
(249,519)   coste   39    24
(249,712)   coste   9    15
(250,950)   coste   54    43
(250,966)   coste   48    67
(251,726)   coste   5    1
(252,353)   coste   15    32
(252,905)   coste   25    26
(252,995)   coste   13    15
(253,418)   coste   27    33
(253,721)   coste   28    37
(254,307)   coste   28    37
(254,438)   coste   31    25
(254,775)   coste   15    9
(255,725)   coste   34    28
(255,859)   coste   20    12
(256,334)   coste   1    4
(256,548)   coste   22    24
(256,667)   coste   17    23
(256,944)   coste   42    35
(257,338)   coste   11    8
(257,657)   coste   36    49
(257,794)   coste   15    12
(258,370)   coste   42    33
(258,573)   coste   21    40
(258,652)   coste   32    35
(258,690)   coste   21    25
(258,753)   coste   41    35
(259,552)   coste   9    13
(259,856)   coste   29    38
(260,310)   coste   7    22
(260,347)   coste   21    15
(261,434)   coste   15    18
(261,642)   coste   19    30
(261,924)   coste   34    22
(262,314)   coste   6    1
(262,441)   coste   39    49
(263,746)   coste   27    25
(264,728)   coste   6    23
(265,280)   coste   16    21
(265,517)   coste   17    31
(265,819)   coste   30    21
(265,890)   coste   1    11
(265,954)   coste   38    37
(266,287)   coste   24    29
(266,920)   coste   21    25
(266,948)   coste   30    16
(267,549)   coste   19    32
(267,770)   coste   40    45
(268,293)   coste   18    29
(268,996)   coste   28    29
(269,278)   coste   1    7
(269,362)   coste   21    13
(269,788)   coste   27    38
(269,889)   coste   25    29
(270,482)   coste   16    25
(270,989)   coste   29    33
(272,373)   coste   29    33
(272,820)   coste   35    26
(272,947)   coste   32    32
(273,275)   coste   47    44
(273,720)   coste   53    51
(274,331)   coste   27    27
(274,336)   coste   30    43
(275,380)   coste   63    58
(276,375)   coste   16    17
(276,709)   coste   49    48
(276,900)   coste   29    35
(277,328)   coste   22    21
(277,849)   coste   16    28
(278,630)   coste   40    30
(279,570)   coste   15    30
(279,886)   coste   27    14
(279,900)   coste   25    22
(280,448)   coste   5    16
(280,524)   coste   21    13
(280,890)   coste   9    10
(281,344)   coste   15    18
(281,369)   coste   37    32
(281,411)   coste   12    12
(281,597)   coste   12    28
(281,880)   coste   1    14
(282,403)   coste   24    35
(282,473)   coste   50    41
(282,484)   coste   29    34
(282,558)   coste   36    35
(283,375)   coste   4    8
(283,378)   coste   31    40
(283,709)   coste   35    35
(284,441)   coste   26    29
(284,507)   coste   3    13
(284,722)   coste   16    22
(284,970)   coste   12    1
(285,768)   coste   38    42
(285,910)   coste   1    1
(286,400)   coste   21    10
(286,601)   coste   19    42
(286,747)   coste   13    28
(286,834)   coste   21    5
(286,892)   coste   17    23
(287,600)   coste   30    14
(287,920)   coste   26    12
(288,459)   coste   35    17
(288,715)   coste   8    17
(289,769)   coste   26    24
(290,832)   coste   46    38
(290,897)   coste   30    29
(291,554)   coste   35    20
(292,303)   coste   29    23
(292,628)   coste   18    39
(292,706)   coste   30    37
(292,741)   coste   1    6
(293,381)   coste   43    33
(294,904)   coste   13    17
(294,968)   coste   1    18
(294,976)   coste   24    22
(295,539)   coste   26    38
(295,542)   coste   17    10
(295,912)   coste   9    17
(296,485)   coste   39    23
(296,778)   coste   42    33
(297,443)   coste   11    14
(297,569)   coste   35    31
(298,875)   coste   19    36
(299,415)   coste   10    19
(299,620)   coste   31    17
(299,798)   coste   18    36
(300,390)   coste   8    14
(300,496)   coste   21    18
(300,865)   coste   27    28
(300,963)   coste   31    17
(301,714)   coste   35    48
(301,881)   coste   17    35
(302,405)   coste   35    27
(302,494)   coste   17    8
(302,960)   coste   14    14
(303,741)   coste   11    17
(303,752)   coste   22    8
(303,875)   coste   22    33
(304,504)   coste   24    30
(304,935)   coste   7    11
(305,389)   coste   26    25
(306,428)   coste   40    34
(306,593)   coste   32    14
(306,681)   coste   17    19
(306,739)   coste   22    24
(306,923)   coste   12    23
(307,514)   coste   26    35
(307,775)   coste   9    1
(308,358)   coste   27    20
(308,805)   coste   27    26
(309,329)   coste   32    18
(309,733)   coste   20    17
(310,347)   coste   38    42
(311,322)   coste   35    27
(311,581)   coste   35    29
(311,723)   coste   21    41
(311,732)   coste   20    29
(312,374)   coste   38    24
(312,468)   coste   14    20
(312,679)   coste   53    44
(312,731)   coste   23    13
(312,736)   coste   20    32
(313,432)   coste   24    13
(313,579)   coste   16    8
(313,792)   coste   3    1
(313,907)   coste   46    34
(314,441)   coste   43    52
(315,846)   coste   2    1
(315,916)   coste   21    27
(316,406)   coste   31    44
(316,677)   coste   13    19
(316,893)   coste   19    27
(317,394)   coste   7    6
(317,566)   coste   36    33
(317,836)   coste   18    17
(318,720)   coste   20    24
(318,959)   coste   17    12
(319,362)   coste   30    30
(319,788)   coste   5    3
(320,376)   coste   12    12
(320,662)   coste   24    13
(321,402)   coste   21    43
(321,609)   coste   37    38
(321,765)   coste   48    35
(322,465)   coste   40    35
(322,581)   coste   25    17
(323,334)   coste   32    38
(323,548)   coste   36    36
(323,667)   coste   34    33
(323,714)   coste   48    28
(323,758)   coste   43    59
(324,528)   coste   28    11
(324,641)   coste   12    30
(324,785)   coste   15    27
(325,326)   coste   32    51
(325,574)   coste   21    21
(325,754)   coste   29    20
(325,940)   coste   1    1
(326,754)   coste   37    43
(327,493)   coste   20    34
(327,581)   coste   25    31
(328,561)   coste   8    1
(328,652)   coste   6    14
(328,849)   coste   16    12
(329,733)   coste   37    20
(329,949)   coste   27    29
(330,871)   coste   1    4
(331,531)   coste   14    27
(331,983)   coste   13    11
(332,414)   coste   24    11
(332,825)   coste   33    29
(333,866)   coste   27    15
(333,924)   coste   8    5
(334,548)   coste   21    22
(334,667)   coste   19    17
(335,349)   coste   40    51
(335,388)   coste   12    19
(335,611)   coste   36    26
(335,698)   coste   30    39
(336,785)   coste   41    28
(337,446)   coste   42    33
(337,850)   coste   42    45
(338,351)   coste   28    51
(338,526)   coste   41    51
(338,794)   coste   1    1
(339,588)   coste   20    20
(339,791)   coste   43    27
(340,671)   coste   9    1
(340,918)   coste   19    24
(341,500)   coste   37    42
(341,632)   coste   59    43
(341,639)   coste   44    60
(342,429)   coste   20    18
(342,653)   coste   29    30
(342,876)   coste   42    42
(343,479)   coste   7    17
(343,536)   coste   41    36
(343,839)   coste   15    1
(344,411)   coste   27    9
(344,517)   coste   29    33
(344,880)   coste   12    12
(345,823)   coste   9    28
(345,919)   coste   19    17
(345,960)   coste   18    5
(346,966)   coste   53    53
(347,993)   coste   43    30
(348,434)   coste   30    21
(348,440)   coste   13    20
(348,505)   coste   46    30
(349,611)   coste   32    28
(349,663)   coste   58    67
(350,713)   coste   41    35
(350,864)   coste   16    27
(351,526)   coste   6    27
(351,794)   coste   34    41
(352,430)   coste   9    22
(352,577)   coste   6    22
(353,461)   coste   45    44
(353,905)   coste   25    26
(353,991)   coste   29    30
(353,995)   coste   31    24
(354,476)   coste   16    8
(355,379)   coste   1    7
(355,750)   coste   35    23
(356,668)   coste   6    12
(356,691)   coste   7    23
(357,564)   coste   22    26
(357,568)   coste   19    26
(357,701)   coste   11    24
(358,601)   coste   40    46
(359,903)   coste   25    18
(359,998)   coste   39    32
(360,510)   coste   17    26
(360,790)   coste   21    22
(360,814)   coste   17    34
(361,451)   coste   23    30
(361,603)   coste   30    40
(361,660)   coste   11    32
(362,788)   coste   23    8
(363,427)   coste   41    35
(363,482)   coste   34    35
(363,988)   coste   19    11
(363,989)   coste   20    30
(364,695)   coste   17    19
(364,797)   coste   24    25
(364,918)   coste   18    20
(365,729)   coste   1    12
(365,974)   coste   39    33
(365,994)   coste   27    33
(366,545)   coste   22    29
(366,878)   coste   38    23
(367,693)   coste   25    23
(367,694)   coste   38    30
(367,930)   coste   36    30
(368,426)   coste   34    39
(369,597)   coste   40    19
(369,699)   coste   26    26
(369,975)   coste   31    42
(370,753)   coste   46    37
(370,971)   coste   48    41
(370,985)   coste   14    24
(371,572)   coste   13    20
(371,605)   coste   18    29
(371,800)   coste   15    15
(372,471)   coste   39    37
(372,550)   coste   17    19
(373,576)   coste   43    32
(373,697)   coste   34    34
(373,947)   coste   13    10
(374,679)   coste   34    21
(374,731)   coste   17    7
(375,709)   coste   44    41
(376,644)   coste   29    27
(376,717)   coste   31    19
(377,461)   coste   8    10
(377,991)   coste   8    11
(378,668)   coste   21    20
(378,862)   coste   28    14
(379,750)   coste   17    12
(380,716)   coste   7    27
(382,525)   coste   23    10
(382,824)   coste   42    30
(382,826)   coste   46    29
(382,901)   coste   27    40
(383,399)   coste   42    41
(383,891)   coste   35    46
(384,425)   coste   36    39
(384,810)   coste   11    20
(384,919)   coste   40    39
(385,737)   coste   23    5
(385,799)   coste   15    17
(385,803)   coste   11    13
(386,504)   coste   1    2
(387,395)   coste   36    26
(387,455)   coste   33    18
(387,674)   coste   15    8
(388,611)   coste   41    42
(388,997)   coste   29    36
(389,999)   coste   31    32
(390,499)   coste   28    26
(390,963)   coste   30    14
(391,537)   coste   27    22
(391,909)   coste   11    24
(392,436)   coste   26    26
(392,508)   coste   23    31
(392,602)   coste   33    13
(393,636)   coste   37    26
(393,791)   coste   15    29
(393,961)   coste   44    27
(394,566)   coste   44    42
(395,582)   coste   34    48
(396,971)   coste   34    26
(397,447)   coste   21    20
(397,630)   coste   9    1
(399,953)   coste   25    35
(400,747)   coste   19    10
(400,892)   coste   32    35
(401,796)   coste   4    12
(401,872)   coste   2    1
(402,609)   coste   1    15
(403,484)   coste   29    26
(403,558)   coste   29    42
(404,449)   coste   22    24
(404,779)   coste   16    13
(404,951)   coste   31    36
(405,494)   coste   35    28
(406,584)   coste   11    16
(406,614)   coste   52    36
(406,893)   coste   12    17
(407,547)   coste   40    52
(407,566)   coste   15    10
(408,474)   coste   54    41
(408,727)   coste   34    17
(408,777)   coste   28    31
(409,555)   coste   21    11
(409,650)   coste   22    31
(409,766)   coste   29    32
(410,583)   coste   28    34
(410,676)   coste   34    29
(410,833)   coste   23    24
(411,517)   coste   9    2
(412,914)   coste   34    21
(413,680)   coste   17    16
(413,863)   coste   44    49
(413,929)   coste   32    41
(414,419)   coste   22    19
(414,825)   coste   49    30
(414,956)   coste   20    20
(415,648)   coste   22    20
(415,735)   coste   29    24
(416,635)   coste   12    24
(416,879)   coste   28    15
(416,938)   coste   46    44
(416,1000)   coste   25    26
(417,588)   coste   39    22
(417,636)   coste   17    10
(418,497)   coste   50    56
(418,719)   coste   38    43
(418,972)   coste   53    42
(419,513)   coste   31    26
(419,543)   coste   45    43
(419,956)   coste   16    8
(420,452)   coste   30    28
(420,519)   coste   29    14
(420,523)   coste   21    6
(420,658)   coste   33    33
(421,605)   coste   41    40
(421,616)   coste   27    30
(421,751)   coste   21    7
(421,973)   coste   19    8
(422,549)   coste   22    18
(422,744)   coste   15    7
(422,896)   coste   1    15
(423,527)   coste   12    18
(423,954)   coste   16    22
(424,820)   coste   51    38
(425,651)   coste   39    45
(427,485)   coste   63    43
(427,989)   coste   28    48
(428,436)   coste   40    32
(428,681)   coste   13    20
(428,925)   coste   24    16
(429,653)   coste   27    14
(429,941)   coste   29    26
(430,643)   coste   16    18
(430,743)   coste   34    40
(430,855)   coste   15    20
(431,492)   coste   18    23
(431,811)   coste   53    60
(431,975)   coste   32    36
(432,579)   coste   8    10
(432,792)   coste   25    28
(433,558)   coste   28    28
(434,642)   coste   1    19
(435,448)   coste   62    42
(435,486)   coste   33    49
(436,925)   coste   28    21
(437,450)   coste   1    3
(437,748)   coste   16    19
(437,778)   coste   14    32
(437,817)   coste   10    6
(438,440)   coste   30    23
(438,775)   coste   32    29
(439,550)   coste   9    3
(439,765)   coste   8    10
(440,505)   coste   42    47
(441,734)   coste   49    34
(441,970)   coste   15    11
(442,499)   coste   6    11
(442,529)   coste   38    32
(442,949)   coste   2    1
(443,569)   coste   49    45
(443,621)   coste   26    24
(444,703)   coste   1    5
(444,725)   coste   10    12
(445,454)   coste   6    4
(445,572)   coste   29    31
(445,695)   coste   42    45
(446,724)   coste   57    59
(447,474)   coste   9    11
(448,486)   coste   38    22
(448,524)   coste   18    10
(448,890)   coste   20    9
(449,950)   coste   35    40
(449,951)   coste   18    26
(450,748)   coste   17    25
(450,778)   coste   27    31
(450,817)   coste   22    27
(451,660)   coste   5    4
(451,932)   coste   22    28
(452,658)   coste   35    34
(452,759)   coste   28    27
(453,802)   coste   23    23
(454,572)   coste   34    26
(454,806)   coste   10    14
(454,939)   coste   24    22
(455,471)   coste   13    23
(456,467)   coste   17    36
(456,571)   coste   29    47
(457,488)   coste   21    15
(457,852)   coste   18    26
(458,755)   coste   20    19
(458,881)   coste   28    33
(459,502)   coste   25    26
(459,809)   coste   22    13
(460,696)   coste   13    11
(460,899)   coste   8    8
(461,991)   coste   22    11
(462,645)   coste   55    52
(464,609)   coste   56    39
(465,574)   coste   34    35
(465,599)   coste   57    59
(466,519)   coste   23    41
(466,712)   coste   1    19
(467,887)   coste   35    33
(468,731)   coste   35    33
(468,736)   coste   34    18
(469,535)   coste   15    17
(469,861)   coste   28    11
(470,477)   coste   25    16
(470,520)   coste   16    10
(470,911)   coste   1    1
(472,661)   coste   27    5
(472,774)   coste   16    17
(473,547)   coste   57    61
(473,558)   coste   65    55
(475,587)   coste   26    21
(477,520)   coste   1    4
(477,911)   coste   18    33
(478,704)   coste   36    29
(478,804)   coste   29    25
(478,870)   coste   21    29
(478,934)   coste   23    14
(478,998)   coste   36    17
(479,536)   coste   36    30
(479,605)   coste   39    47
(479,839)   coste   1    1
(480,766)   coste   39    45
(480,902)   coste   19    11
(481,840)   coste   12    6
(482,989)   coste   26    23
(483,830)   coste   46    43
(483,838)   coste   21    31
(484,655)   coste   34    28
(485,645)   coste   37    29
(485,778)   coste   55    57
(486,632)   coste   59    57
(487,580)   coste   24    32
(487,706)   coste   20    29
(488,594)   coste   22    39
(488,852)   coste   17    10
(489,760)   coste   43    46
(489,958)   coste   28    18
(490,498)   coste   8    9
(490,538)   coste   28    33
(490,612)   coste   11    24
(491,657)   coste   44    34
(491,798)   coste   58    44
(491,869)   coste   25    28
(492,624)   coste   54    57
(492,811)   coste   44    43
(493,565)   coste   14    11
(494,773)   coste   32    9
(494,922)   coste   42    34
(494,957)   coste   21    26
(494,960)   coste   25    27
(495,779)   coste   51    50
(495,873)   coste   17    1
(496,865)   coste   24    35
(496,932)   coste   20    16
(496,963)   coste   15    7
(497,972)   coste   49    47
(498,538)   coste   3    11
(498,612)   coste   25    22
(499,949)   coste   22    12
(501,843)   coste   43    23
(501,955)   coste   18    19
(502,809)   coste   11    20
(503,693)   coste   35    26
(505,528)   coste   39    43
(505,785)   coste   18    30
(507,722)   coste   28    25
(507,970)   coste   18    1
(508,602)   coste   18    20
(509,808)   coste   5    1
(509,988)   coste   11    15
(510,814)   coste   27    37
(511,964)   coste   30    35
(512,555)   coste   26    27
(513,543)   coste   45    45
(513,956)   coste   11    13
(514,775)   coste   24    11
(515,689)   coste   40    20
(515,894)   coste   13    17
(515,990)   coste   28    38
(516,706)   coste   28    37
(516,824)   coste   18    19
(518,618)   coste   17    14
(518,937)   coste   44    44
(518,943)   coste   14    16
(519,523)   coste   22    17
(519,575)   coste   28    25
(520,911)   coste   13    25
(520,976)   coste   14    23
(521,647)   coste   28    23
(522,745)   coste   55    54
(522,907)   coste   51    38
(523,575)   coste   34    36
(524,890)   coste   32    16
(525,654)   coste   41    42
(525,826)   coste   22    32
(525,847)   coste   29    18
(525,901)   coste   37    26
(526,721)   coste   51    36
(528,641)   coste   45    26
(528,785)   coste   19    25
(529,603)   coste   35    23
(529,965)   coste   16    22
(530,816)   coste   14    27
(531,983)   coste   6    17
(533,555)   coste   32    29
(533,966)   coste   29    28
(534,715)   coste   4    3
(534,799)   coste   29    20
(534,803)   coste   23    37
(535,861)   coste   1    6
(535,977)   coste   11    12
(536,758)   coste   39    46
(537,909)   coste   30    24
(538,612)   coste   33    23
(538,771)   coste   44    56
(538,979)   coste   34    41
(539,542)   coste   15    17
(539,595)   coste   14    17
(539,848)   coste   40    34
(540,580)   coste   23    29
(541,627)   coste   48    29
(541,700)   coste   11    25
(542,595)   coste   25    27
(543,956)   coste   40    34
(544,613)   coste   14    22
(544,742)   coste   35    33
(544,818)   coste   17    17
(545,562)   coste   30    44
(545,708)   coste   29    20
(546,828)   coste   49    48
(546,856)   coste   22    41
(548,667)   coste   9    6
(549,744)   coste   5    21
(549,764)   coste   14    7
(552,628)   coste   18    17
(553,888)   coste   26    16
(554,781)   coste   38    42
(554,912)   coste   32    41
(556,640)   coste   24    30
(557,969)   coste   23    21
(559,586)   coste   34    13
(560,596)   coste   17    11
(560,852)   coste   45    25
(560,915)   coste   28    11
(561,652)   coste   1    20
(561,690)   coste   21    19
(562,622)   coste   24    31
(564,568)   coste   29    19
(564,844)   coste   15    22
(565,729)   coste   32    37
(565,974)   coste   23    16
(566,836)   coste   60    47
(567,795)   coste   31    16
(567,864)   coste   28    19
(567,884)   coste   24    14
(570,589)   coste   5    21
(570,610)   coste   23    20
(570,900)   coste   17    30
(571,870)   coste   27    31
(572,605)   coste   33    23
(572,800)   coste   17    17
(572,806)   coste   18    35
(572,866)   coste   50    45
(573,638)   coste   29    33
(573,843)   coste   27    11
(576,578)   coste   46    50
(576,947)   coste   53    37
(577,962)   coste   29    32
(578,822)   coste   9    11
(579,784)   coste   41    25
(579,792)   coste   18    17
(582,930)   coste   1    19
(583,673)   coste   14    20
(583,833)   coste   1    4
(585,683)   coste   3    20
(585,749)   coste   40    43
(585,978)   coste   24    22
(586,644)   coste   14    15
(586,718)   coste   43    41
(586,784)   coste   38    28
(587,638)   coste   11    14
(589,610)   coste   8    1
(589,900)   coste   30    32
(590,835)   coste   20    42
(590,906)   coste   29    22
(591,651)   coste   23    24
(591,913)   coste   25    42
(592,926)   coste   21    14
(593,617)   coste   48    35
(593,739)   coste   6    1
(594,786)   coste   53    48
(594,852)   coste   43    45
(595,848)   coste   28    38
(596,915)   coste   24    8
(597,699)   coste   1    1
(597,880)   coste   13    4
(597,931)   coste   10    1
(598,615)   coste   35    21
(598,643)   coste   37    23
(598,797)   coste   15    1
(599,747)   coste   36    51
(600,837)   coste   45    45
(600,920)   coste   36    49
(601,834)   coste   21    18
(602,925)   coste   43    57
(604,654)   coste   38    46
(604,847)   coste   36    52
(605,839)   coste   38    44
(605,973)   coste   21    26
(606,659)   coste   20    27
(606,980)   coste   30    46
(607,649)   coste   33    15
(607,831)   coste   36    48
(608,853)   coste   10    1
(610,900)   coste   30    45
(611,997)   coste   11    27
(613,761)   coste   14    8
(614,941)   coste   22    10
(615,643)   coste   35    33
(615,806)   coste   15    19
(615,939)   coste   16    14
(616,696)   coste   16    13
(616,751)   coste   10    4
(616,899)   coste   1    7
(617,655)   coste   52    38
(618,688)   coste   12    31
(618,943)   coste   25    29
(619,836)   coste   51    41
(620,798)   coste   1    8
(620,869)   coste   40    30
(621,832)   coste   25    29
(623,885)   coste   1    14
(624,755)   coste   37    45
(624,811)   coste   21    23
(624,815)   coste   1    6
(625,832)   coste   31    21
(625,958)   coste   18    10
(626,687)   coste   19    37
(626,891)   coste   3    3
(627,682)   coste   51    46
(627,684)   coste   50    52
(627,700)   coste   35    40
(628,741)   coste   31    16
(628,752)   coste   31    31
(629,845)   coste   34    20
(630,780)   coste   14    3
(631,907)   coste   35    50
(631,936)   coste   40    35
(632,663)   coste   73    66
(633,653)   coste   20    6
(633,876)   coste   30    36
(634,665)   coste   29    25
(634,935)   coste   50    62
(635,711)   coste   30    15
(635,767)   coste   21    27
(635,882)   coste   12    12
(635,1000)   coste   9    3
(636,686)   coste   46    53
(636,961)   coste   44    54
(637,670)   coste   40    47
(637,867)   coste   21    11
(637,886)   coste   20    35
(639,663)   coste   27    34
(642,695)   coste   45    40
(643,743)   coste   19    3
(643,797)   coste   37    28
(643,855)   coste   11    1
(644,784)   coste   34    22
(646,740)   coste   20    37
(647,648)   coste   34    27
(647,735)   coste   5    23
(648,735)   coste   16    9
(649,831)   coste   35    16
(650,755)   coste   38    38
(651,919)   coste   38    42
(652,690)   coste   19    20
(653,876)   coste   22    22
(654,847)   coste   15    3
(655,946)   coste   21    22
(656,984)   coste   9    1
(657,773)   coste   31    37
(657,922)   coste   46    46
(659,661)   coste   49    39
(659,724)   coste   49    34
(659,980)   coste   50    50
(660,932)   coste   39    36
(661,774)   coste   43    41
(662,892)   coste   24    27
(664,763)   coste   1    15
(664,895)   coste   16    1
(665,935)   coste   20    42
(666,845)   coste   32    35
(667,714)   coste   52    60
(668,674)   coste   14    12
(668,691)   coste   13    33
(669,677)   coste   41    35
(669,708)   coste   8    9
(670,689)   coste   37    35
(670,867)   coste   43    22
(670,990)   coste   6    11
(671,918)   coste   21    8
(672,707)   coste   23    23
(672,772)   coste   1    1
(673,776)   coste   22    23
(673,833)   coste   21    22
(675,692)   coste   41    24
(675,842)   coste   12    7
(676,734)   coste   31    27
(677,893)   coste   22    37
(678,711)   coste   19    10
(678,898)   coste   18    18
(680,774)   coste   20    40
(681,925)   coste   31    27
(682,685)   coste   20    21
(682,710)   coste   27    31
(682,877)   coste   15    24
(683,978)   coste   9    11
(684,700)   coste   7    10
(685,710)   coste   34    22
(685,877)   coste   41    44
(686,961)   coste   39    43
(687,891)   coste   33    31
(688,943)   coste   1    14
(689,986)   coste   46    51
(689,990)   coste   22    17
(692,821)   coste   23    18
(692,842)   coste   27    20
(694,840)   coste   26    13
(694,930)   coste   18    17
(695,918)   coste   19    23
(696,899)   coste   15    10
(698,995)   coste   19    36
(699,931)   coste   23    12
(702,789)   coste   22    27
(703,725)   coste   17    11
(704,934)   coste   6    25
(704,998)   coste   27    14
(705,787)   coste   31    28
(707,772)   coste   16    22
(707,862)   coste   11    23
(710,877)   coste   33    26
(711,882)   coste   13    19
(711,898)   coste   6    21
(713,876)   coste   27    25
(714,758)   coste   47    65
(717,805)   coste   31    44
(719,972)   coste   16    29
(720,959)   coste   36    22
(722,734)   coste   35    41
(723,732)   coste   17    14
(724,746)   coste   39    47
(724,945)   coste   26    29
(726,895)   coste   43    38
(727,777)   coste   32    16
(728,736)   coste   29    18
(729,974)   coste   17    21
(730,756)   coste   34    42
(730,848)   coste   53    53
(730,979)   coste   48    33
(731,860)   coste   7    10
(732,974)   coste   20    11
(737,803)   coste   25    29
(738,783)   coste   12    13
(738,858)   coste   32    29
(739,923)   coste   18    8
(741,752)   coste   1    1
(742,818)   coste   26    19
(743,855)   coste   1    9
(743,857)   coste   34    30
(746,945)   coste   26    35
(747,834)   coste   35    25
(748,817)   coste   17    17
(749,782)   coste   8    7
(750,868)   coste   35    27
(752,875)   coste   32    31
(753,985)   coste   15    20
(754,940)   coste   41    30
(755,815)   coste   37    36
(756,979)   coste   1    1
(757,777)   coste   20    26
(759,789)   coste   20    33
(760,782)   coste   40    38
(761,841)   coste   21    19
(761,948)   coste   27    36
(763,895)   coste   1    4
(764,829)   coste   16    20
(764,896)   coste   9    8
(766,902)   coste   20    24
(767,879)   coste   19    12
(767,1000)   coste   4    7
(768,782)   coste   22    36
(770,953)   coste   15    1
(773,922)   coste   7    22
(773,957)   coste   21    23
(776,793)   coste   11    11
(777,780)   coste   22    18
(779,873)   coste   46    42
(781,894)   coste   54    48
(787,813)   coste   2    17
(790,814)   coste   39    45
(792,907)   coste   34    31
(793,933)   coste   28    27
(795,884)   coste   20    21
(795,904)   coste   37    31
(796,872)   coste   13    15
(798,869)   coste   45    35
(800,806)   coste   16    16
(802,946)   coste   38    38
(803,854)   coste   39    36
(804,870)   coste   41    27
(804,934)   coste   45    43
(806,939)   coste   19    20
(807,981)   coste   12    7
(808,988)   coste   11    17
(810,919)   coste   31    18
(812,945)   coste   42    42
(812,980)   coste   41    31
(816,887)   coste   30    8
(819,890)   coste   37    25
(820,921)   coste   1    6
(820,947)   coste   32    37
(821,938)   coste   27    17
(823,919)   coste   1    9
(823,960)   coste   36    41
(824,826)   coste   5    1
(825,897)   coste   21    8
(827,944)   coste   33    37
(828,835)   coste   36    32
(828,906)   coste   50    32
(829,896)   coste   2    17
(830,838)   coste   55    32
(831,853)   coste   23    26
(831,959)   coste   56    50
(835,906)   coste   35    53
(837,992)   coste   46    41
(838,851)   coste   40    25
(838,975)   coste   42    44
(841,845)   coste   13    21
(841,948)   coste   21    10
(843,955)   coste   24    25
(845,948)   coste   34    21
(846,916)   coste   33    36
(847,901)   coste   7    4
(848,994)   coste   43    32
(851,908)   coste   35    33
(852,874)   coste   36    40
(855,857)   coste   37    32
(857,967)   coste   20    1
(861,977)   coste   19    3
(863,929)   coste   17    28
(864,884)   coste   50    43
(865,932)   coste   38    40
(867,886)   coste   19    10
(868,888)   coste   37    40
(872,927)   coste   8    6
(874,915)   coste   32    16
(877,878)   coste   37    27
(879,1000)   coste   6    17
(880,931)   coste   6    12
(882,898)   coste   16    7
(889,997)   coste   23    9
(890,954)   coste   22    28
(904,968)   coste   1    2
(904,976)   coste   21    25
(912,917)   coste   42    40
(913,957)   coste   22    40
(914,982)   coste   1    5
(916,928)   coste   33    20
(922,957)   coste   11    21
(923,938)   coste   20    22
(932,963)   coste   13    23
(934,998)   coste   13    1
(950,951)   coste   29    29
(952,993)   coste   21    15
(968,976)   coste   27    28
(1,516)   coste   22    27
(216,407)   coste   13    13
(216,619)   coste   52    48
(3,12)   coste   12    33
(4,396)   coste   38    23
(635,882)   coste   12    12
(882,898)   coste   16    7
(678,711)   coste   19    10
(6,981)   coste   14    20
(193,481)   coste   1    1
(656,984)   coste   9    1
(8,279)   coste   7    6
(279,886)   coste   27    14
(570,900)   coste   17    30
(276,900)   coste   29    35
(276,375)   coste   16    17
(428,681)   coste   13    20
(593,617)   coste   48    35
(593,739)   coste   6    1
(159,762)   coste   35    27
(10,555)   coste   19    2
(533,555)   coste   32    29
(234,512)   coste   10    24
(234,650)   coste   14    24
(13,472)   coste   23    22
(155,531)   coste   35    42
(29,531)   coste   8    1
(29,787)   coste   29    9
(606,980)   coste   30    46
(355,379)   coste   1    7
(750,868)   coste   35    27
(15,143)   coste   5    26
(143,310)   coste   21    29
(387,674)   coste   15    8
(387,455)   coste   33    18
(244,511)   coste   3    6
(676,734)   coste   31    27
(222,535)   coste   4    7
(535,861)   coste   1    6
(17,330)   coste   15    26
(17,862)   coste   21    32
(18,614)   coste   4    17
(429,941)   coste   29    26
(342,429)   coste   20    18
(19,884)   coste   35    40
(385,737)   coste   23    5
(20,398)   coste   39    19
(212,270)   coste   40    18
(296,778)   coste   42    33
(21,546)   coste   33    34
(22,91)   coste   7    1
(91,664)   coste   28    17
(251,726)   coste   5    1
(236,942)   coste   4    7
(118,236)   coste   51    56
(23,687)   coste   21    4
(23,907)   coste   32    43
(24,816)   coste   36    31
(54,816)   coste   7    6
(649,831)   coste   35    16
(831,959)   coste   56    50
(25,831)   coste   12    1
(25,853)   coste   2    1
(495,873)   coste   17    1
(189,873)   coste   1    22
(189,285)   coste   33    19
(285,910)   coste   1    1
(27,563)   coste   45    40
(357,564)   coste   22    26
(331,983)   coste   13    11
(30,405)   coste   12    10
(494,773)   coste   32    9
(657,773)   coste   31    37
(491,657)   coste   44    34
(480,902)   coste   19    11
(178,480)   coste   49    40
(32,40)   coste   26    23
(261,434)   coste   15    18
(324,641)   coste   12    30
(33,813)   coste   1    3
(83,191)   coste   9    24
(191,952)   coste   9    3
(34,229)   coste   32    11
(35,802)   coste   9    18
(46,999)   coste   32    33
(36,740)   coste   23    9
(94,646)   coste   58    52
(37,260)   coste   6    18
(119,801)   coste   24    13
(119,315)   coste   24    25
(315,846)   coste   2    1
(38,240)   coste   8    13
(240,969)   coste   2    1
(39,175)   coste   24    39
(333,924)   coste   8    5
(812,945)   coste   42    42
(41,459)   coste   17    18
(288,459)   coste   35    17
(288,715)   coste   8    17
(502,809)   coste   11    20
(42,483)   coste   9    20
(43,327)   coste   16    11
(493,565)   coste   14    11
(565,974)   coste   23    16
(732,974)   coste   20    11
(44,820)   coste   25    10
(182,987)   coste   26    31
(45,955)   coste   8    22
(418,497)   coste   50    56
(444,725)   coste   10    12
(47,126)   coste   35    31
(487,580)   coste   24    32
(487,706)   coste   20    29
(49,926)   coste   20    6
(105,937)   coste   34    46
(166,881)   coste   27    28
(301,881)   coste   17    35
(423,527)   coste   12    18
(423,954)   coste   16    22
(51,250)   coste   18    19
(585,683)   coste   3    20
(90,683)   coste   26    17
(90,163)   coste   10    13
(52,623)   coste   34    25
(79,202)   coste   21    34
(53,883)   coste   18    15
(192,368)   coste   3    24
(55,426)   coste   1    1
(55,551)   coste   31    17
(56,702)   coste   18    15
(56,807)   coste   7    10
(255,859)   coste   20    12
(57,401)   coste   8    8
(401,872)   coste   2    1
(417,636)   coste   17    10
(199,927)   coste   18    25
(335,698)   coste   30    39
(59,547)   coste   42    21
(473,547)   coste   57    61
(156,769)   coste   25    16
(60,289)   coste   7    14
(60,718)   coste   30    33
(61,399)   coste   32    36
(62,142)   coste   15    3
(63,894)   coste   5    8
(781,894)   coste   54    48
(64,471)   coste   30    18
(65,686)   coste   29    33
(66,145)   coste   27    23
(325,574)   coste   21    21
(325,940)   coste   1    1
(268,996)   coste   28    29
(68,962)   coste   12    11
(352,577)   coste   6    22
(69,559)   coste   27    6
(586,644)   coste   14    15
(130,644)   coste   16    25
(130,320)   coste   20    1
(70,425)   coste   38    36
(790,814)   coste   39    45
(71,386)   coste   34    20
(386,504)   coste   1    2
(350,713)   coste   41    35
(508,602)   coste   18    20
(914,982)   coste   1    5
(165,822)   coste   32    34
(305,389)   coste   26    25
(406,584)   coste   11    16
(406,893)   coste   12    17
(231,893)   coste   36    18
(231,817)   coste   37    28
(748,817)   coste   17    17
(77,336)   coste   19    26
(78,556)   coste   14    20
(167,506)   coste   1    4
(246,640)   coste   36    48
(246,978)   coste   5    14
(107,639)   coste   27    33
(103,786)   coste   35    48
(308,358)   coste   27    20
(308,805)   coste   27    26
(804,870)   coste   41    27
(420,519)   coste   29    14
(249,519)   coste   39    24
(519,575)   coste   28    25
(215,705)   coste   11    18
(84,121)   coste   2    1
(121,783)   coste   43    38
(121,141)   coste   11    13
(150,475)   coste   32    23
(86,464)   coste   1    9
(464,609)   coste   56    39
(87,185)   coste   24    34
(349,611)   coste   32    28
(349,663)   coste   58    67
(88,309)   coste   4    1
(329,733)   coste   37    20
(329,949)   coste   27    29
(89,298)   coste   35    27
(298,875)   coste   19    36
(241,337)   coste   39    29
(337,446)   coste   42    33
(184,850)   coste   22    40
(92,768)   coste   1    18
(749,782)   coste   8    7
(760,782)   coste   40    38
(93,326)   coste   26    22
(205,992)   coste   16    26
(462,645)   coste   55    52
(95,513)   coste   29    25
(513,543)   coste   45    45
(522,745)   coste   55    54
(97,151)   coste   32    28
(151,970)   coste   15    2
(284,970)   coste   12    1
(284,722)   coste   16    22
(99,439)   coste   24    15
(321,765)   coste   48    35
(100,292)   coste   9    25
(259,552)   coste   9    13
(354,476)   coste   16    8
(102,908)   coste   14    14
(114,851)   coste   33    12
(198,851)   coste   9    23
(204,858)   coste   12    18
(195,232)   coste   16    11
(232,986)   coste   16    34
(518,618)   coste   17    14
(106,845)   coste   35    33
(280,524)   coste   21    13
(435,486)   coste   33    49
(265,819)   coste   30    21
(110,290)   coste   26    34
(110,625)   coste   15    23
(111,463)   coste   24    37
(694,840)   coste   26    13
(112,131)   coste   26    16
(131,821)   coste   33    40
(821,938)   coste   27    17
(238,381)   coste   69    46
(224,936)   coste   14    26
(116,613)   coste   16    23
(117,578)   coste   23    25
(452,658)   coste   35    34
(707,772)   coste   16    22
(120,629)   coste   23    14
(123,526)   coste   30    44
(351,526)   coste   6    27
(253,721)   coste   28    37
(242,264)   coste   20    17
(242,521)   coste   30    26
(127,903)   coste   29    31
(730,848)   coste   53    53
(128,277)   coste   9    9
(328,849)   coste   16    12
(148,928)   coste   24    23
(438,775)   coste   32    29
(376,717)   coste   31    19
(692,821)   coste   23    18
(158,692)   coste   27    32
(688,943)   coste   1    14
(214,891)   coste   6    8
(383,891)   coste   35    46
(770,953)   coste   15    1
(267,770)   coste   40    45
(134,603)   coste   24    32
(719,972)   coste   16    29
(135,764)   coste   8    5
(549,764)   coste   14    7
(382,525)   coste   23    10
(210,854)   coste   9    29
(138,291)   coste   27    37
(295,912)   coste   9    17
(243,917)   coste   28    27
(139,818)   coste   17    17
(634,665)   coste   29    25
(144,973)   coste   11    13
(421,751)   coste   21    7
(852,874)   coste   36    40
(206,877)   coste   6    20
(627,700)   coste   35    40
(230,672)   coste   24    26
(245,441)   coste   28    26
(759,789)   coste   20    33
(153,282)   coste   31    34
(433,558)   coste   28    28
(553,888)   coste   26    16
(384,810)   coste   11    20
(675,842)   coste   12    7
(655,946)   coste   21    22
(226,671)   coste   17    26
(340,671)   coste   9    1
(346,966)   coste   53    53
(356,668)   coste   6    12
(879,1000)   coste   6    17
(172,727)   coste   17    18
(227,757)   coste   42    31
(273,275)   coste   47    44
(173,318)   coste   30    36
(173,835)   coste   9    20
(835,906)   coste   35    53
(174,793)   coste   25    19
(174,856)   coste   43    32
(889,997)   coste   23    9
(176,708)   coste   22    31
(366,545)   coste   22    29
(366,878)   coste   38    23
(669,677)   coste   41    35
(316,677)   coste   13    19
(179,860)   coste   17    10
(374,731)   coste   17    7
(183,339)   coste   28    21
(362,788)   coste   23    8
(319,788)   coste   5    3
(447,474)   coste   9    11
(503,693)   coste   35    26
(201,424)   coste   15    17
(393,791)   coste   15    29
(393,961)   coste   44    27
(599,747)   coste   36    51
(400,747)   coste   19    10
(196,771)   coste   23    26
(756,979)   coste   1    1
(197,971)   coste   41    35
(258,370)   coste   42    33
(753,985)   coste   15    20
(281,369)   coste   37    32
(437,450)   coste   1    3
(600,837)   coste   45    45
(391,537)   coste   27    22
(209,391)   coste   36    40
(359,998)   coste   39    32
(934,998)   coste   13    1
(478,934)   coste   23    14
(460,899)   coste   8    8
(213,489)   coste   24    34
(217,944)   coste   39    31
(256,334)   coste   1    4
(591,913)   coste   25    42
(466,712)   coste   1    19
(443,621)   coste   26    24
(297,443)   coste   11    14
(297,569)   coste   35    31
(825,897)   coste   21    8
(397,630)   coste   9    1
(630,780)   coste   14    3
(377,461)   coste   8    10
(728,736)   coste   29    18
(262,314)   coste   6    1
(456,467)   coste   17    36
(950,951)   coste   29    29
(353,991)   coste   29    30
(323,667)   coste   34    33
(257,338)   coste   11    8
(338,794)   coste   1    1
(573,843)   coste   27    11
(561,690)   coste   21    19
(642,695)   coste   45    40
(364,695)   coste   17    19
(411,517)   coste   9    2
(266,948)   coste   30    16
(761,948)   coste   27    36
(287,920)   coste   26    12
(482,989)   coste   26    23
(427,989)   coste   28    48
(272,373)   coste   29    33
(373,576)   coste   43    32
(283,709)   coste   35    35
(597,931)   coste   10    1
(403,484)   coste   29    26
(294,976)   coste   24    22
(520,976)   coste   14    23
(477,520)   coste   1    4
(904,968)   coste   1    2
(795,904)   coste   37    31
(299,415)   coste   10    19
(620,869)   coste   40    30
(300,390)   coste   8    14
(300,865)   coste   27    28
(306,923)   coste   12    23
(312,468)   coste   14    20
(432,579)   coste   8    10
(579,784)   coste   41    25
(317,836)   coste   18    17
(536,758)   coste   39    46
(343,839)   coste   15    1
(345,823)   coste   9    28
(348,440)   coste   13    20
(361,660)   coste   11    32
(451,932)   coste   22    28
(598,797)   coste   15    1
(367,930)   coste   36    30
(431,975)   coste   32    36
(371,572)   coste   13    20
(800,806)   coste   16    16
(824,826)   coste   5    1
(847,901)   coste   7    4
(654,847)   coste   15    3
(442,499)   coste   6    11
(392,436)   coste   26    26
(404,449)   coste   22    24
(404,779)   coste   16    13
(410,833)   coste   23    24
(583,673)   coste   14    20
(648,735)   coste   16    9
(422,896)   coste   1    15
(492,811)   coste   44    43
(445,454)   coste   6    4
(454,939)   coste   24    22
(488,594)   coste   22    39
(490,498)   coste   8    9
(560,915)   coste   28    11
(589,610)   coste   8    1
(637,867)   coste   21    11
(685,710)   coste   34    22
(857,967)   coste   20    1

LISTA_ARISTAS_NOREQ :
