NOMBRE : WB1051 
COMENTARIO :  Chino Windy aleatorio grafico
VERTICES : 1000
ARISTAS_REQ : 2980
ARISTAS_NOREQ : 0
LISTA_ARISTAS_REQ :
(1,61)   coste   28    33
(1,276)   coste   33    35
(1,491)   coste   43    48
(1,640)   coste   38    32
(1,725)   coste   35    35
(1,771)   coste   7    10
(2,165)   coste   30    29
(2,475)   coste   36    39
(2,520)   coste   20    24
(2,762)   coste   41    45
(2,772)   coste   46    47
(2,872)   coste   40    46
(3,147)   coste   44    41
(3,161)   coste   44    44
(3,193)   coste   11    9
(3,405)   coste   46    46
(3,516)   coste   32    35
(3,728)   coste   35    37
(4,109)   coste   12    12
(4,241)   coste   27    30
(4,286)   coste   20    24
(4,303)   coste   39    40
(4,357)   coste   12    15
(4,574)   coste   26    28
(5,297)   coste   40    38
(5,393)   coste   30    27
(5,638)   coste   12    17
(5,997)   coste   32    35
(6,757)   coste   39    37
(6,784)   coste   9    10
(6,793)   coste   39    39
(6,961)   coste   36    36
(6,972)   coste   20    22
(7,195)   coste   11    11
(7,700)   coste   30    32
(7,758)   coste   37    37
(7,808)   coste   26    22
(7,837)   coste   11    9
(8,257)   coste   41    47
(8,336)   coste   48    43
(8,363)   coste   36    37
(8,648)   coste   19    17
(8,691)   coste   47    44
(8,755)   coste   40    44
(9,380)   coste   22    27
(9,386)   coste   24    26
(9,679)   coste   17    17
(9,840)   coste   37    35
(9,867)   coste   38    39
(9,946)   coste   25    23
(9,983)   coste   61    62
(10,201)   coste   21    26
(10,395)   coste   47    50
(10,513)   coste   32    32
(10,602)   coste   43    41
(10,717)   coste   27    29
(10,781)   coste   40    40
(11,214)   coste   37    37
(11,258)   coste   38    33
(11,402)   coste   22    18
(11,447)   coste   27    27
(11,613)   coste   22    23
(11,796)   coste   24    26
(11,910)   coste   33    33
(12,68)   coste   42    41
(12,481)   coste   36    36
(12,632)   coste   43    38
(12,713)   coste   48    49
(12,766)   coste   34    37
(12,887)   coste   35    38
(12,899)   coste   44    47
(12,945)   coste   38    42
(12,985)   coste   34    35
(13,30)   coste   30    29
(13,174)   coste   20    23
(13,259)   coste   29    30
(13,758)   coste   68    72
(14,273)   coste   14    15
(14,460)   coste   47    51
(14,486)   coste   53    49
(14,495)   coste   50    48
(14,761)   coste   35    34
(15,617)   coste   5    6
(15,785)   coste   40    41
(15,956)   coste   9    14
(16,127)   coste   34    38
(16,207)   coste   31    34
(16,470)   coste   43    39
(16,788)   coste   21    18
(17,86)   coste   38    40
(17,294)   coste   28    23
(17,686)   coste   30    30
(17,764)   coste   20    19
(17,855)   coste   41    41
(17,916)   coste   21    20
(18,132)   coste   1    4
(18,705)   coste   20    21
(18,925)   coste   29    33
(19,189)   coste   30    33
(19,549)   coste   54    51
(19,646)   coste   18    16
(19,841)   coste   36    37
(20,225)   coste   31    31
(20,388)   coste   49    51
(20,566)   coste   34    30
(20,795)   coste   43    47
(20,812)   coste   35    32
(21,350)   coste   29    27
(21,608)   coste   12    10
(21,623)   coste   39    38
(21,649)   coste   45    49
(21,795)   coste   29    31
(21,851)   coste   19    17
(22,148)   coste   10    8
(22,217)   coste   9    6
(22,564)   coste   33    30
(22,669)   coste   30    29
(22,831)   coste   30    29
(23,153)   coste   54    51
(23,389)   coste   53    49
(23,406)   coste   50    52
(23,444)   coste   43    46
(23,825)   coste   51    49
(24,152)   coste   51    53
(24,348)   coste   44    43
(24,485)   coste   60    58
(24,488)   coste   18    16
(24,500)   coste   22    23
(24,532)   coste   27    25
(24,556)   coste   11    10
(25,126)   coste   42    38
(25,223)   coste   48    43
(25,277)   coste   26    25
(25,289)   coste   14    13
(25,333)   coste   38    38
(25,508)   coste   43    48
(25,749)   coste   50    50
(26,83)   coste   3    1
(26,589)   coste   36    38
(27,264)   coste   55    58
(27,268)   coste   61    59
(27,811)   coste   44    41
(27,816)   coste   56    60
(27,950)   coste   31    32
(28,415)   coste   22    20
(28,430)   coste   32    34
(28,746)   coste   35    38
(28,830)   coste   10    11
(28,969)   coste   20    18
(29,572)   coste   42    40
(29,679)   coste   57    55
(29,681)   coste   47    51
(29,803)   coste   50    51
(29,983)   coste   27    22
(30,100)   coste   6    4
(30,174)   coste   8    8
(30,259)   coste   36    33
(30,758)   coste   57    54
(31,43)   coste   32    27
(31,75)   coste   44    44
(31,191)   coste   36    41
(31,224)   coste   65    68
(31,229)   coste   31    32
(31,578)   coste   35    41
(31,667)   coste   42    47
(32,78)   coste   11    12
(32,103)   coste   10    12
(32,197)   coste   29    26
(32,542)   coste   33    35
(32,557)   coste   20    25
(32,570)   coste   26    24
(32,853)   coste   39    36
(32,964)   coste   17    16
(32,984)   coste   39    34
(33,204)   coste   40    39
(33,337)   coste   41    41
(33,594)   coste   17    16
(33,694)   coste   22    23
(33,874)   coste   12    8
(33,911)   coste   30    25
(34,338)   coste   39    35
(34,392)   coste   17    18
(34,494)   coste   15    11
(34,626)   coste   33    35
(34,986)   coste   33    30
(35,529)   coste   24    21
(35,700)   coste   27    33
(35,711)   coste   31    29
(35,777)   coste   22    26
(35,808)   coste   16    17
(35,848)   coste   24    22
(36,355)   coste   42    45
(36,647)   coste   10    13
(36,656)   coste   46    49
(36,953)   coste   61    55
(37,395)   coste   20    16
(37,616)   coste   46    46
(37,703)   coste   16    13
(37,717)   coste   37    38
(37,917)   coste   40    42
(38,205)   coste   36    36
(38,221)   coste   22    19
(38,312)   coste   7    9
(38,598)   coste   11    9
(38,942)   coste   42    43
(39,393)   coste   46    46
(39,555)   coste   28    25
(39,605)   coste   1    7
(39,788)   coste   50    48
(39,999)   coste   13    13
(40,237)   coste   30    34
(40,244)   coste   9    4
(40,455)   coste   49    48
(40,470)   coste   41    45
(40,680)   coste   53    52
(41,663)   coste   35    34
(41,723)   coste   41    40
(41,810)   coste   5    10
(42,218)   coste   12    13
(42,540)   coste   19    16
(42,786)   coste   25    22
(42,827)   coste   8    11
(43,75)   coste   15    20
(43,229)   coste   23    22
(43,578)   coste   15    14
(43,618)   coste   28    32
(43,854)   coste   37    32
(44,76)   coste   23    26
(44,185)   coste   13    8
(44,507)   coste   1    3
(44,530)   coste   29    27
(44,695)   coste   9    8
(44,976)   coste   38    38
(45,319)   coste   40    38
(45,439)   coste   43    45
(45,709)   coste   37    37
(45,775)   coste   32    32
(45,824)   coste   31    31
(46,721)   coste   9    5
(46,770)   coste   11    11
(46,900)   coste   43    46
(46,922)   coste   23    29
(47,314)   coste   29    29
(47,423)   coste   42    45
(47,426)   coste   16    12
(47,434)   coste   30    28
(47,590)   coste   37    42
(48,52)   coste   34    37
(48,204)   coste   42    47
(48,425)   coste   37    38
(48,559)   coste   29    29
(48,642)   coste   22    20
(48,841)   coste   48    48
(49,614)   coste   18    16
(49,664)   coste   36    38
(49,800)   coste   46    48
(49,823)   coste   15    11
(50,188)   coste   21    16
(50,278)   coste   26    22
(50,476)   coste   23    20
(50,793)   coste   42    38
(50,861)   coste   35    40
(51,147)   coste   25    23
(51,460)   coste   20    21
(51,563)   coste   29    26
(51,726)   coste   40    42
(52,204)   coste   31    31
(52,425)   coste   24    18
(52,642)   coste   45    42
(52,911)   coste   52    46
(53,325)   coste   22    23
(53,512)   coste   12    11
(53,698)   coste   19    22
(53,783)   coste   13    15
(53,914)   coste   42    40
(54,211)   coste   45    51
(54,799)   coste   57    61
(54,805)   coste   22    22
(54,860)   coste   33    29
(54,878)   coste   32    33
(55,200)   coste   41    38
(55,370)   coste   30    30
(55,611)   coste   44    41
(55,797)   coste   29    26
(55,835)   coste   27    26
(55,901)   coste   7    4
(56,173)   coste   19    22
(56,660)   coste   27    30
(56,754)   coste   33    38
(56,791)   coste   26    24
(56,868)   coste   29    28
(57,234)   coste   29    31
(57,280)   coste   42    39
(57,416)   coste   26    28
(57,815)   coste   41    45
(57,849)   coste   36    33
(57,959)   coste   28    28
(58,60)   coste   8    9
(58,305)   coste   38    35
(58,347)   coste   10    11
(58,627)   coste   30    31
(58,908)   coste   21    22
(59,256)   coste   16    22
(59,319)   coste   26    24
(59,436)   coste   49    52
(59,709)   coste   15    15
(59,818)   coste   38    38
(60,627)   coste   41    37
(60,908)   coste   30    27
(61,168)   coste   61    57
(61,465)   coste   34    33
(61,707)   coste   33    32
(61,771)   coste   29    27
(61,931)   coste   35    32
(62,274)   coste   38    38
(62,335)   coste   44    45
(62,359)   coste   27    26
(62,538)   coste   3    3
(62,606)   coste   41    40
(62,652)   coste   45    45
(62,926)   coste   16    14
(63,74)   coste   42    45
(63,93)   coste   33    27
(63,360)   coste   27    23
(63,375)   coste   48    49
(63,429)   coste   23    24
(63,503)   coste   43    41
(63,665)   coste   21    20
(64,286)   coste   40    42
(64,452)   coste   14    12
(64,574)   coste   48    46
(64,612)   coste   36    34
(64,802)   coste   30    32
(65,91)   coste   42    42
(65,183)   coste   19    14
(65,340)   coste   5    4
(65,371)   coste   22    23
(66,125)   coste   21    22
(66,531)   coste   5    7
(66,706)   coste   36    41
(66,712)   coste   27    26
(66,720)   coste   21    21
(67,102)   coste   47    42
(67,154)   coste   25    27
(67,366)   coste   13    9
(67,599)   coste   23    20
(68,151)   coste   21    22
(68,481)   coste   28    28
(68,591)   coste   37    41
(68,899)   coste   9    13
(68,945)   coste   36    32
(69,105)   coste   41    36
(69,164)   coste   47    44
(69,644)   coste   11    13
(69,885)   coste   32    34
(69,974)   coste   28    29
(70,113)   coste   13    9
(70,141)   coste   27    33
(70,232)   coste   24    26
(70,296)   coste   44    44
(70,441)   coste   36    38
(70,585)   coste   26    24
(70,905)   coste   30    30
(71,230)   coste   54    54
(71,361)   coste   57    53
(71,390)   coste   64    66
(71,662)   coste   43    37
(71,727)   coste   50    52
(72,536)   coste   52    53
(72,562)   coste   44    43
(72,601)   coste   50    52
(72,767)   coste   51    56
(72,902)   coste   35    32
(73,452)   coste   40    43
(73,873)   coste   41    45
(73,877)   coste   38    34
(73,927)   coste   30    33
(74,429)   coste   36    34
(74,503)   coste   28    33
(74,599)   coste   22    18
(75,229)   coste   35    33
(75,578)   coste   8    7
(75,618)   coste   21    18
(75,675)   coste   28    31
(75,854)   coste   19    22
(76,185)   coste   21    21
(76,391)   coste   33    31
(76,469)   coste   43    44
(76,507)   coste   26    24
(76,530)   coste   13    19
(76,907)   coste   41    35
(77,181)   coste   35    40
(77,487)   coste   27    25
(77,888)   coste   7    6
(77,907)   coste   46    45
(77,949)   coste   36    31
(78,103)   coste   8    9
(78,197)   coste   12    14
(78,482)   coste   27    27
(78,542)   coste   26    27
(78,570)   coste   37    35
(78,964)   coste   6    6
(78,984)   coste   43    45
(79,324)   coste   27    30
(79,369)   coste   40    40
(79,566)   coste   28    23
(79,746)   coste   17    20
(80,243)   coste   36    42
(80,279)   coste   13    14
(80,349)   coste   5    7
(80,414)   coste   32    33
(80,684)   coste   13    18
(80,850)   coste   7    11
(81,162)   coste   21    26
(81,468)   coste   50    51
(81,577)   coste   42    46
(81,739)   coste   52    48
(81,930)   coste   58    57
(81,954)   coste   9    6
(82,136)   coste   33    35
(82,497)   coste   47    41
(82,637)   coste   4    4
(82,813)   coste   28    28
(82,890)   coste   24    26
(83,192)   coste   27    32
(83,457)   coste   49    44
(83,589)   coste   36    35
(84,140)   coste   19    20
(84,210)   coste   18    16
(84,226)   coste   22    21
(84,411)   coste   14    16
(84,595)   coste   6    5
(84,693)   coste   2    2
(84,733)   coste   27    27
(84,871)   coste   22    18
(85,387)   coste   28    26
(85,477)   coste   9    8
(85,534)   coste   16    17
(85,581)   coste   22    24
(85,592)   coste   23    21
(85,738)   coste   18    13
(86,133)   coste   29    26
(86,139)   coste   21    20
(86,196)   coste   16    18
(86,331)   coste   51    51
(86,643)   coste   31    31
(86,855)   coste   41    38
(87,219)   coste   26    28
(87,408)   coste   21    19
(87,935)   coste   47    42
(87,962)   coste   43    43
(87,971)   coste   53    50
(88,120)   coste   6    7
(88,273)   coste   50    49
(88,495)   coste   17    15
(88,761)   coste   27    28
(88,892)   coste   27    23
(88,957)   coste   22    22
(89,160)   coste   39    38
(89,308)   coste   43    39
(89,433)   coste   31    27
(89,464)   coste   43    40
(89,550)   coste   39    38
(90,231)   coste   30    31
(90,706)   coste   24    26
(90,720)   coste   43    43
(90,992)   coste   7    13
(91,183)   coste   26    30
(91,340)   coste   41    41
(91,501)   coste   35    40
(91,532)   coste   37    38
(91,645)   coste   25    22
(92,358)   coste   37    36
(92,458)   coste   39    35
(92,622)   coste   26    28
(92,663)   coste   33    33
(92,697)   coste   47    49
(92,860)   coste   49    44
(92,864)   coste   53    50
(93,360)   coste   27    25
(93,375)   coste   29    32
(93,390)   coste   57    56
(93,503)   coste   48    46
(93,665)   coste   48    45
(93,821)   coste   47    42
(94,130)   coste   11    12
(94,321)   coste   12    11
(94,478)   coste   20    25
(95,300)   coste   44    44
(95,326)   coste   45    41
(95,528)   coste   34    33
(95,545)   coste   29    28
(95,782)   coste   32    29
(96,160)   coste   20    21
(96,233)   coste   14    13
(96,367)   coste   31    32
(96,692)   coste   33    28
(97,238)   coste   46    43
(97,826)   coste   49    50
(97,886)   coste   24    22
(97,940)   coste   37    43
(97,955)   coste   36    42
(98,282)   coste   19    23
(98,342)   coste   28    24
(98,382)   coste   30    26
(98,422)   coste   34    29
(98,537)   coste   28    27
(98,880)   coste   50    51
(99,123)   coste   40    36
(99,198)   coste   26    22
(99,265)   coste   27    24
(99,316)   coste   10    15
(99,505)   coste   24    22
(99,628)   coste   13    18
(99,744)   coste   28    29
(100,259)   coste   38    34
(100,758)   coste   50    51
(101,153)   coste   64    69
(101,362)   coste   68    70
(101,737)   coste   54    60
(101,825)   coste   69    71
(101,882)   coste   67    65
(102,366)   coste   40    37
(102,420)   coste   51    50
(102,599)   coste   53    55
(102,894)   coste   36    37
(103,302)   coste   39    42
(103,454)   coste   30    25
(103,482)   coste   27    24
(103,557)   coste   24    27
(103,570)   coste   24    29
(103,964)   coste   5    6
(104,277)   coste   35    36
(104,289)   coste   43    49
(104,328)   coste   36    37
(104,453)   coste   41    41
(104,462)   coste   41    41
(105,261)   coste   16    20
(105,327)   coste   22    21
(105,636)   coste   29    26
(105,644)   coste   34    31
(105,992)   coste   27    28
(106,138)   coste   13    13
(106,215)   coste   9    9
(106,550)   coste   23    21
(106,719)   coste   32    29
(106,921)   coste   13    13
(107,444)   coste   37    38
(107,621)   coste   11    13
(107,769)   coste   59    62
(107,818)   coste   39    36
(107,883)   coste   26    29
(108,172)   coste   34    30
(108,236)   coste   28    24
(108,575)   coste   22    22
(108,881)   coste   34    32
(108,896)   coste   22    24
(108,912)   coste   24    20
(109,241)   coste   30    33
(109,286)   coste   36    35
(109,303)   coste   30    27
(109,357)   coste   17    21
(109,891)   coste   40    38
(110,179)   coste   46    44
(110,187)   coste   44    42
(110,293)   coste   33    33
(110,682)   coste   44    42
(110,685)   coste   11    11
(111,202)   coste   30    31
(111,239)   coste   17    17
(111,507)   coste   30    35
(111,869)   coste   16    13
(111,976)   coste   22    21
(112,118)   coste   36    39
(112,266)   coste   52    50
(112,678)   coste   17    17
(112,748)   coste   35    38
(112,889)   coste   19    18
(112,928)   coste   17    16
(113,141)   coste   23    22
(113,232)   coste   16    15
(113,296)   coste   50    46
(113,533)   coste   46    46
(113,905)   coste   28    28
(114,128)   coste   37    32
(114,129)   coste   37    34
(114,170)   coste   33    29
(114,376)   coste   22    20
(114,661)   coste   16    21
(114,941)   coste   39    36
(115,195)   coste   5    5
(115,657)   coste   51    48
(115,758)   coste   33    34
(115,808)   coste   21    23
(115,837)   coste   11    10
(116,246)   coste   24    24
(116,365)   coste   33    35
(116,456)   coste   22    26
(117,278)   coste   13    7
(117,757)   coste   18    16
(117,784)   coste   48    51
(117,793)   coste   21    19
(117,961)   coste   30    31
(118,748)   coste   27    22
(118,889)   coste   22    24
(118,928)   coste   41    41
(118,967)   coste   36    36
(119,596)   coste   24    28
(119,603)   coste   11    10
(119,934)   coste   39    40
(120,422)   coste   27    29
(120,761)   coste   31    35
(120,892)   coste   19    18
(120,957)   coste   20    19
(121,167)   coste   37    33
(121,353)   coste   34    32
(121,561)   coste   13    8
(121,609)   coste   18    19
(121,900)   coste   33    30
(121,962)   coste   62    67
(122,126)   coste   34    37
(122,203)   coste   6    7
(122,670)   coste   11    12
(122,673)   coste   32    33
(122,999)   coste   38    39
(123,316)   coste   35    33
(123,384)   coste   34    34
(123,628)   coste   25    28
(123,981)   coste   32    29
(124,130)   coste   27    22
(124,321)   coste   13    14
(124,352)   coste   27    29
(124,478)   coste   6    6
(124,741)   coste   9    11
(124,794)   coste   41    39
(125,636)   coste   31    27
(125,712)   coste   31    31
(125,720)   coste   35    33
(126,145)   coste   22    24
(126,333)   coste   30    27
(126,670)   coste   41    39
(126,673)   coste   33    27
(127,207)   coste   51    51
(127,237)   coste   36    34
(127,470)   coste   9    13
(127,680)   coste   10    13
(127,788)   coste   44    47
(128,134)   coste   18    16
(128,170)   coste   11    7
(128,376)   coste   16    12
(128,493)   coste   18    20
(128,626)   coste   22    21
(128,858)   coste   23    22
(129,376)   coste   36    32
(129,521)   coste   20    16
(129,661)   coste   50    47
(129,687)   coste   18    19
(129,941)   coste   5    5
(130,213)   coste   37    32
(130,321)   coste   9    8
(130,352)   coste   30    31
(130,741)   coste   27    23
(131,351)   coste   41    39
(131,356)   coste   30    31
(131,396)   coste   46    44
(131,553)   coste   50    47
(131,718)   coste   33    32
(131,743)   coste   45    44
(132,275)   coste   27    28
(132,925)   coste   31    27
(132,1000)   coste   25    21
(133,196)   coste   16    16
(133,228)   coste   31    29
(133,377)   coste   48    50
(133,643)   coste   24    18
(133,939)   coste   37    35
(134,170)   coste   12    12
(134,392)   coste   33    38
(134,493)   coste   31    37
(134,626)   coste   20    21
(135,205)   coste   43    45
(135,427)   coste   15    19
(135,523)   coste   43    41
(135,527)   coste   15    16
(135,809)   coste   27    23
(136,554)   coste   37    37
(136,635)   coste   37    32
(136,637)   coste   33    32
(136,813)   coste   26    27
(137,299)   coste   44    42
(137,480)   coste   20    23
(137,845)   coste   46    48
(137,866)   coste   45    47
(137,996)   coste   48    44
(138,215)   coste   22    22
(138,525)   coste   20    25
(138,550)   coste   16    22
(138,719)   coste   22    22
(139,196)   coste   36    33
(139,331)   coste   52    48
(139,419)   coste   38    40
(139,643)   coste   39    43
(139,855)   coste   23    24
(140,411)   coste   12    12
(140,483)   coste   32    29
(140,565)   coste   2    3
(140,591)   coste   32    32
(140,595)   coste   16    11
(140,693)   coste   16    14
(140,798)   coste   14    12
(141,232)   coste   30    31
(141,839)   coste   8    12
(141,905)   coste   4    7
(142,263)   coste   25    30
(142,624)   coste   27    27
(142,768)   coste   24    21
(142,777)   coste   42    48
(142,975)   coste   24    23
(143,194)   coste   57    60
(143,404)   coste   46    45
(143,409)   coste   56    57
(143,419)   coste   64    59
(143,451)   coste   34    35
(144,596)   coste   24    25
(144,603)   coste   7    6
(144,799)   coste   18    16
(144,860)   coste   44    47
(144,878)   coste   49    46
(144,934)   coste   23    20
(145,277)   coste   40    39
(145,333)   coste   17    20
(145,619)   coste   32    30
(145,673)   coste   29    35
(145,745)   coste   52    49
(145,958)   coste   53    58
(146,237)   coste   42    42
(146,586)   coste   27    27
(146,606)   coste   35    40
(146,652)   coste   41    37
(147,281)   coste   53    53
(147,460)   coste   42    38
(147,563)   coste   45    45
(147,726)   coste   34    30
(148,217)   coste   12    13
(148,564)   coste   28    27
(148,629)   coste   14    12
(148,669)   coste   26    28
(148,831)   coste   22    21
(149,514)   coste   15    16
(149,655)   coste   41    38
(149,960)   coste   33    28
(149,968)   coste   42    40
(150,232)   coste   35    37
(150,269)   coste   41    42
(150,533)   coste   9    9
(150,548)   coste   43    39
(150,897)   coste   32    32
(151,334)   coste   48    43
(151,483)   coste   32    34
(151,820)   coste   45    41
(151,899)   coste   23    22
(152,348)   coste   39    35
(152,481)   coste   52    53
(152,485)   coste   11    9
(152,488)   coste   53    54
(153,362)   coste   24    26
(153,389)   coste   33    32
(153,737)   coste   33    39
(153,825)   coste   19    16
(153,882)   coste   15    17
(154,156)   coste   29    27
(154,366)   coste   28    28
(154,599)   coste   44    44
(154,875)   coste   25    24
(154,894)   coste   39    40
(154,917)   coste   46    49
(155,230)   coste   29    32
(155,420)   coste   5    8
(155,653)   coste   10    15
(155,727)   coste   45    40
(155,821)   coste   31    31
(156,428)   coste   34    37
(156,615)   coste   18    19
(156,701)   coste   36    32
(156,875)   coste   11    10
(156,917)   coste   42    47
(157,230)   coste   51    51
(157,361)   coste   6    8
(157,662)   coste   27    26
(157,759)   coste   30    29
(158,173)   coste   40    39
(158,499)   coste   27    26
(158,660)   coste   36    32
(158,754)   coste   35    36
(158,791)   coste   33    35
(159,163)   coste   28    25
(159,504)   coste   29    34
(159,615)   coste   26    26
(159,701)   coste   2    7
(159,840)   coste   32    28
(159,946)   coste   28    31
(160,233)   coste   11    16
(160,525)   coste   22    24
(160,699)   coste   4    5
(161,193)   coste   40    41
(161,336)   coste   30    26
(161,345)   coste   37    35
(161,405)   coste   11    13
(161,728)   coste   44    48
(161,920)   coste   53    54
(161,989)   coste   36    37
(162,191)   coste   50    51
(162,208)   coste   52    47
(162,224)   coste   60    63
(162,930)   coste   47    46
(162,954)   coste   27    24
(163,395)   coste   39    45
(163,504)   coste   16    14
(163,513)   coste   28    29
(163,701)   coste   26    25
(163,717)   coste   28    24
(164,284)   coste   19    17
(164,338)   coste   15    20
(164,459)   coste   33    31
(164,518)   coste   36    41
(164,573)   coste   29    28
(164,766)   coste   36    35
(164,887)   coste   34    40
(164,974)   coste   33    38
(165,475)   coste   35    37
(165,520)   coste   35    32
(165,772)   coste   39    43
(165,849)   coste   46    46
(165,872)   coste   27    28
(166,254)   coste   10    10
(166,400)   coste   23    23
(166,610)   coste   45    46
(166,624)   coste   31    30
(166,754)   coste   37    35
(166,975)   coste   28    29
(167,219)   coste   37    39
(167,353)   coste   33    35
(167,408)   coste   33    37
(167,464)   coste   24    26
(167,561)   coste   24    27
(168,269)   coste   34    31
(168,498)   coste   6    1
(168,548)   coste   41    42
(169,252)   coste   14    15
(169,443)   coste   52    50
(169,790)   coste   43    39
(169,884)   coste   41    43
(169,947)   coste   35    33
(170,376)   coste   12    14
(170,626)   coste   25    22
(170,661)   coste   50    48
(171,334)   coste   21    23
(171,364)   coste   19    18
(171,397)   coste   21    17
(171,714)   coste   34    31
(171,820)   coste   30    34
(171,857)   coste   36    32
(171,913)   coste   33    33
(172,521)   coste   27    24
(172,687)   coste   30    32
(172,896)   coste   8    11
(172,918)   coste   33    35
(173,660)   coste   9    10
(173,791)   coste   7    9
(173,868)   coste   25    22
(174,259)   coste   32    35
(174,758)   coste   57    52
(175,489)   coste   43    40
(175,511)   coste   17    17
(175,616)   coste   33    30
(175,620)   coste   49    50
(176,200)   coste   44    44
(176,406)   coste   53    48
(176,611)   coste   18    17
(176,716)   coste   43    45
(176,842)   coste   43    49
(177,501)   coste   10    6
(177,641)   coste   7    11
(177,645)   coste   27    31
(177,862)   coste   23    20
(177,937)   coste   15    18
(178,423)   coste   41    41
(178,467)   coste   38    43
(178,497)   coste   51    52
(178,710)   coste   33    38
(178,955)   coste   49    48
(179,407)   coste   55    51
(179,510)   coste   20    26
(179,535)   coste   47    44
(179,685)   coste   42    38
(179,751)   coste   23    28
(180,516)   coste   12    14
(180,690)   coste   36    41
(180,755)   coste   23    24
(180,879)   coste   39    35
(181,398)   coste   39    37
(181,431)   coste   38    38
(181,620)   coste   24    24
(181,888)   coste   37    40
(181,949)   coste   38    34
(182,184)   coste   21    20
(182,248)   coste   23    23
(182,301)   coste   30    30
(182,388)   coste   30    34
(182,750)   coste   26    25
(182,909)   coste   12    14
(183,340)   coste   17    16
(183,532)   coste   37    38
(184,265)   coste   19    19
(184,301)   coste   12    14
(184,448)   coste   33    31
(184,588)   coste   6    4
(184,744)   coste   29    30
(185,530)   coste   32    26
(185,695)   coste   11    10
(186,293)   coste   39    42
(186,297)   coste   30    31
(186,638)   coste   20    15
(186,997)   coste   52    47
(187,344)   coste   40    40
(187,486)   coste   31    29
(187,682)   coste   5    5
(188,343)   coste   29    24
(188,476)   coste   1    1
(189,549)   coste   21    23
(189,646)   coste   31    32
(189,857)   coste   42    39
(189,913)   coste   28    32
(190,602)   coste   36    41
(190,728)   coste   48    46
(190,781)   coste   47    48
(190,822)   coste   57    57
(190,920)   coste   34    36
(191,224)   coste   30    30
(191,667)   coste   57    56
(191,930)   coste   11    15
(192,457)   coste   20    23
(192,654)   coste   32    29
(192,828)   coste   47    49
(193,405)   coste   41    36
(193,516)   coste   28    25
(193,728)   coste   42    43
(194,404)   coste   37    39
(194,409)   coste   26    23
(194,419)   coste   11    13
(194,451)   coste   52    49
(195,758)   coste   31    35
(195,808)   coste   21    21
(195,837)   coste   11    8
(196,228)   coste   46    45
(196,331)   coste   42    44
(196,643)   coste   13    10
(196,939)   coste   52    47
(197,482)   coste   29    28
(197,542)   coste   22    18
(197,853)   coste   37    37
(197,866)   coste   44    41
(197,964)   coste   15    16
(197,991)   coste   41    41
(198,265)   coste   12    12
(198,316)   coste   32    33
(198,505)   coste   28    30
(198,628)   coste   33    33
(198,689)   coste   10    11
(198,744)   coste   8    9
(199,320)   coste   35    34
(199,671)   coste   27    25
(199,933)   coste   39    37
(199,987)   coste   41    45
(200,207)   coste   29    33
(200,611)   coste   42    40
(200,797)   coste   18    19
(200,901)   coste   42    44
(201,489)   coste   43    49
(201,602)   coste   23    25
(201,717)   coste   44    43
(201,951)   coste   4    7
(202,239)   coste   22    21
(202,468)   coste   31    34
(202,496)   coste   34    32
(202,552)   coste   31    29
(202,869)   coste   31    34
(203,670)   coste   1    5
(203,673)   coste   33    35
(203,999)   coste   31    34
(204,425)   coste   8    10
(204,594)   coste   40    38
(204,694)   coste   27    32
(204,874)   coste   34    35
(204,911)   coste   21    23
(205,312)   coste   40    34
(205,427)   coste   38    39
(205,484)   coste   48    49
(205,598)   coste   42    41
(206,584)   coste   45    46
(206,618)   coste   50    52
(206,847)   coste   38    40
(206,907)   coste   55    51
(206,919)   coste   46    42
(207,470)   coste   48    48
(207,797)   coste   42    36
(208,242)   coste   30    33
(208,418)   coste   46    44
(208,954)   coste   47    43
(209,639)   coste   10    11
(209,786)   coste   22    21
(209,895)   coste   33    34
(209,948)   coste   17    16
(210,226)   coste   10    9
(210,421)   coste   31    29
(210,522)   coste   18    22
(210,595)   coste   19    24
(210,871)   coste   3    8
(210,965)   coste   35    32
(211,217)   coste   49    55
(211,567)   coste   55    51
(211,805)   coste   48    49
(211,864)   coste   36    31
(212,262)   coste   25    20
(212,523)   coste   28    32
(212,826)   coste   30    30
(212,832)   coste   8    5
(212,886)   coste   34    40
(212,898)   coste   34    33
(213,245)   coste   51    49
(213,352)   coste   13    12
(213,558)   coste   26    24
(213,912)   coste   31    35
(214,372)   coste   26    28
(214,402)   coste   38    40
(214,447)   coste   30    30
(214,461)   coste   31    27
(214,910)   coste   16    19
(215,471)   coste   32    34
(215,550)   coste   21    19
(215,921)   coste   8    7
(216,393)   coste   36    39
(216,466)   coste   46    46
(216,559)   coste   46    42
(216,642)   coste   30    32
(216,997)   coste   27    26
(217,629)   coste   7    8
(217,805)   coste   59    64
(217,831)   coste   36    39
(218,540)   coste   17    21
(218,760)   coste   11    8
(218,786)   coste   28    29
(219,408)   coste   29    30
(219,561)   coste   38    32
(219,962)   coste   37    38
(220,326)   coste   24    22
(220,590)   coste   42    44
(220,614)   coste   42    41
(220,649)   coste   41    39
(220,664)   coste   24    25
(220,782)   coste   37    38
(221,238)   coste   24    26
(221,435)   coste   37    36
(221,598)   coste   13    14
(221,923)   coste   38    37
(221,940)   coste   33    34
(222,249)   coste   47    45
(222,403)   coste   24    23
(222,793)   coste   42    43
(222,898)   coste   40    35
(222,904)   coste   15    17
(222,972)   coste   22    27
(223,425)   coste   50    51
(223,508)   coste   6    4
(223,911)   coste   48    48
(224,259)   coste   65    66
(224,667)   coste   63    66
(224,930)   coste   19    19
(225,388)   coste   46    44
(225,424)   coste   32    30
(225,449)   coste   48    49
(225,456)   coste   47    44
(226,231)   coste   23    26
(226,421)   coste   30    30
(226,522)   coste   25    29
(226,595)   coste   17    17
(226,733)   coste   19    21
(226,798)   coste   21    16
(226,871)   coste   6    6
(227,329)   coste   27    28
(227,549)   coste   39    41
(227,569)   coste   27    25
(227,838)   coste   28    32
(227,857)   coste   21    21
(227,913)   coste   36    34
(228,377)   coste   23    25
(228,643)   coste   41    44
(228,792)   coste   50    47
(228,939)   coste   37    34
(228,953)   coste   46    43
(229,584)   coste   34    31
(230,361)   coste   55    55
(230,420)   coste   35    35
(230,653)   coste   31    34
(230,662)   coste   29    31
(230,727)   coste   20    23
(231,421)   coste   15    15
(231,706)   coste   32    30
(231,733)   coste   30    31
(231,871)   coste   21    24
(232,533)   coste   29    34
(233,367)   coste   30    29
(233,692)   coste   19    19
(233,699)   coste   11    9
(234,416)   coste   48    48
(234,475)   coste   36    38
(234,849)   coste   34    34
(235,378)   coste   32    32
(235,410)   coste   19    19
(235,506)   coste   32    32
(235,817)   coste   37    37
(235,936)   coste   16    14
(235,993)   coste   44    48
(236,346)   coste   39    41
(236,881)   coste   43    41
(236,896)   coste   26    25
(237,285)   coste   23    21
(237,470)   coste   29    23
(237,680)   coste   25    26
(237,980)   coste   27    26
(238,435)   coste   42    40
(238,923)   coste   41    40
(238,940)   coste   19    18
(239,507)   coste   26    27
(239,530)   coste   36    33
(239,869)   coste   30    26
(239,976)   coste   33    31
(240,379)   coste   3    4
(240,490)   coste   11    12
(240,967)   coste   26    29
(240,990)   coste   19    17
(241,303)   coste   33    38
(241,526)   coste   23    19
(241,574)   coste   19    22
(241,612)   coste   32    30
(242,418)   coste   18    14
(242,684)   coste   44    44
(243,279)   coste   42    39
(243,349)   coste   43    41
(243,361)   coste   49    53
(243,414)   coste   14    14
(243,850)   coste   36    36
(244,455)   coste   38    39
(244,725)   coste   46    47
(245,558)   coste   49    47
(245,732)   coste   39    38
(245,912)   coste   53    54
(245,924)   coste   51    52
(246,430)   coste   17    18
(246,746)   coste   40    41
(246,969)   coste   32    27
(247,305)   coste   41    42
(247,381)   coste   13    15
(247,558)   coste   43    43
(247,908)   coste   53    49
(248,301)   coste   20    26
(248,350)   coste   29    31
(248,528)   coste   30    27
(248,545)   coste   30    27
(248,750)   coste   4    1
(248,909)   coste   26    27
(249,403)   coste   43    43
(249,551)   coste   31    36
(249,793)   coste   47    43
(249,904)   coste   37    39
(250,284)   coste   46    41
(250,402)   coste   33    33
(250,447)   coste   46    41
(250,613)   coste   15    15
(251,287)   coste   16    16
(251,313)   coste   29    33
(251,634)   coste   26    21
(251,732)   coste   34    31
(251,833)   coste   19    24
(251,932)   coste   49    49
(251,987)   coste   40    38
(252,383)   coste   49    43
(252,443)   coste   41    41
(252,935)   coste   38    38
(252,947)   coste   39    43
(253,271)   coste   38    38
(253,306)   coste   32    36
(253,568)   coste   28    29
(253,625)   coste   11    6
(253,686)   coste   41    39
(254,400)   coste   18    14
(254,660)   coste   37    33
(254,754)   coste   25    23
(254,975)   coste   38    38
(255,496)   coste   23    25
(255,552)   coste   33    31
(255,684)   coste   36    33
(255,739)   coste   26    26
(255,869)   coste   42    40
(256,709)   coste   32    36
(256,769)   coste   49    51
(256,818)   coste   22    22
(257,363)   coste   36    35
(257,691)   coste   24    20
(257,724)   coste   25    30
(257,730)   coste   20    25
(258,372)   coste   42    43
(258,731)   coste   43    43
(258,778)   coste   18    23
(258,796)   coste   20    20
(258,910)   coste   25    24
(260,453)   coste   47    47
(260,462)   coste   19    18
(260,721)   coste   39    39
(260,922)   coste   13    16
(261,327)   coste   5    4
(261,636)   coste   15    16
(262,523)   coste   8    7
(262,527)   coste   35    36
(262,826)   coste   37    41
(262,832)   coste   22    20
(263,624)   coste   18    17
(263,659)   coste   37    42
(263,756)   coste   38    43
(263,768)   coste   21    22
(263,975)   coste   31    30
(264,268)   coste   16    14
(264,441)   coste   20    18
(264,729)   coste   23    26
(264,773)   coste   48    45
(264,816)   coste   28    31
(264,905)   coste   39    38
(264,950)   coste   46    51
(265,316)   coste   28    31
(265,588)   coste   18    17
(265,744)   coste   13    12
(266,394)   coste   41    39
(266,593)   coste   60    55
(266,678)   coste   40    43
(267,474)   coste   27    27
(267,600)   coste   24    24
(267,617)   coste   13    14
(268,441)   coste   25    22
(268,729)   coste   9    12
(268,773)   coste   42    42
(268,950)   coste   41    43
(269,310)   coste   42    44
(269,498)   coste   35    32
(269,548)   coste   9    5
(269,897)   coste   21    22
(270,437)   coste   32    35
(270,762)   coste   41    40
(270,790)   coste   46    50
(270,884)   coste   57    56
(270,936)   coste   51    51
(271,306)   coste   12    8
(271,498)   coste   58    54
(271,519)   coste   49    44
(271,625)   coste   43    44
(271,740)   coste   44    50
(272,380)   coste   17    21
(272,386)   coste   18    20
(272,445)   coste   32    27
(272,781)   coste   49    44
(272,840)   coste   28    26
(272,867)   coste   27    27
(273,460)   coste   56    53
(273,495)   coste   40    36
(273,761)   coste   33    32
(273,834)   coste   55    58
(274,335)   coste   36    34
(274,407)   coste   42    45
(274,538)   coste   37    36
(274,652)   coste   42    45
(274,774)   coste   46    51
(275,322)   coste   25    19
(275,369)   coste   33    29
(275,925)   coste   26    25
(275,1000)   coste   20    19
(276,455)   coste   15    15
(276,560)   coste   11    13
(276,771)   coste   31    28
(276,931)   coste   30    31
(276,977)   coste   10    14
(277,289)   coste   22    17
(277,333)   coste   21    24
(277,619)   coste   36    39
(278,757)   coste   20    19
(278,793)   coste   18    21
(279,414)   coste   33    38
(279,684)   coste   22    20
(279,850)   coste   22    24
(280,399)   coste   32    33
(280,437)   coste   37    39
(280,475)   coste   44    41
(280,849)   coste   32    38
(281,407)   coste   43    42
(281,726)   coste   33    38
(281,774)   coste   47    49
(281,920)   coste   51    50
(282,342)   coste   12    11
(282,382)   coste   11    12
(282,422)   coste   34    36
(282,880)   coste   45    43
(283,666)   coste   14    12
(283,742)   coste   49    49
(283,859)   coste   4    5
(283,884)   coste   46    49
(283,947)   coste   32    34
(284,338)   coste   15    15
(284,459)   coste   16    18
(284,518)   coste   23    22
(285,470)   coste   33    30
(285,680)   coste   25    25
(285,980)   coste   18    18
(286,357)   coste   22    18
(286,526)   coste   32    31
(286,574)   coste   19    19
(286,612)   coste   26    26
(287,313)   coste   17    21
(287,515)   coste   38    35
(287,634)   coste   39    33
(287,787)   coste   26    27
(287,833)   coste   27    28
(287,933)   coste   55    55
(287,987)   coste   25    21
(288,571)   coste   18    18
(288,765)   coste   29    33
(288,806)   coste   4    2
(288,915)   coste   8    3
(289,333)   coste   43    40
(289,749)   coste   43    44
(290,479)   coste   30    29
(290,582)   coste   9    12
(290,835)   coste   21    20
(290,870)   coste   40    40
(290,901)   coste   37    36
(291,318)   coste   13    17
(291,500)   coste   41    37
(291,722)   coste   36    39
(291,924)   coste   35    37
(291,952)   coste   54    51
(291,994)   coste   22    26
(292,296)   coste   14    13
(292,317)   coste   21    22
(292,585)   coste   22    25
(292,677)   coste   41    39
(292,773)   coste   51    48
(293,442)   coste   56    51
(293,682)   coste   55    54
(293,685)   coste   40    36
(294,401)   coste   19    15
(294,704)   coste   52    51
(294,764)   coste   19    16
(294,939)   coste   51    53
(295,329)   coste   11    15
(295,337)   coste   29    25
(295,471)   coste   38    37
(295,838)   coste   24    21
(295,921)   coste   33    37
(295,965)   coste   28    30
(296,317)   coste   28    26
(296,585)   coste   17    20
(297,393)   coste   45    43
(297,638)   coste   32    30
(297,997)   coste   26    22
(298,439)   coste   36    37
(298,775)   coste   52    47
(298,824)   coste   30    35
(298,929)   coste   46    42
(298,978)   coste   51    48
(299,480)   coste   49    49
(299,482)   coste   44    41
(299,748)   coste   30    32
(299,845)   coste   17    14
(299,866)   coste   21    19
(300,301)   coste   41    42
(300,448)   coste   10    6
(301,448)   coste   32    31
(301,528)   coste   35    34
(301,545)   coste   26    28
(301,588)   coste   15    19
(302,454)   coste   16    16
(302,482)   coste   31    31
(302,490)   coste   39    37
(302,964)   coste   37    38
(303,891)   coste   28    26
(304,601)   coste   14    15
(304,674)   coste   12    14
(304,702)   coste   42    44
(304,767)   coste   21    21
(304,863)   coste   36    40
(304,973)   coste   36    34
(305,347)   coste   31    27
(305,381)   coste   33    32
(305,908)   coste   15    13
(306,502)   coste   50    52
(306,519)   coste   41    38
(306,568)   coste   43    44
(307,328)   coste   19    16
(307,374)   coste   14    20
(307,619)   coste   21    20
(307,737)   coste   28    30
(308,383)   coste   41    44
(308,433)   coste   23    24
(308,464)   coste   51    45
(308,971)   coste   40    37
(309,597)   coste   14    11
(309,681)   coste   10    6
(309,776)   coste   30    24
(309,938)   coste   34    35
(310,341)   coste   20    15
(310,543)   coste   11    11
(310,548)   coste   39    40
(310,734)   coste   11    8
(310,814)   coste   19    22
(310,897)   coste   39    34
(311,415)   coste   30    32
(311,780)   coste   19    19
(311,830)   coste   17    13
(312,598)   coste   8    8
(312,658)   coste   42    42
(312,942)   coste   34    37
(313,515)   coste   30    33
(313,634)   coste   34    33
(313,787)   coste   7    6
(313,902)   coste   48    53
(313,987)   coste   33    33
(314,354)   coste   28    22
(314,412)   coste   42    44
(314,426)   coste   22    18
(314,637)   coste   42    41
(315,396)   coste   20    16
(315,439)   coste   32    30
(315,775)   coste   36    38
(315,836)   coste   29    27
(315,929)   coste   32    34
(316,448)   coste   41    41
(316,505)   coste   33    35
(316,628)   coste   22    24
(317,438)   coste   51    47
(317,585)   coste   48    42
(317,633)   coste   44    49
(317,677)   coste   26    25
(318,722)   coste   36    31
(318,924)   coste   25    23
(318,932)   coste   46    43
(318,994)   coste   24    24
(319,709)   coste   18    15
(319,775)   coste   54    48
(320,325)   coste   14    11
(320,512)   coste   25    21
(320,671)   coste   8    12
(320,891)   coste   54    57
(321,352)   coste   29    31
(321,478)   coste   10    8
(321,741)   coste   16    22
(322,463)   coste   33    33
(322,509)   coste   34    33
(322,651)   coste   38    39
(322,1000)   coste   1    1
(323,607)   coste   5    5
(323,914)   coste   65    67
(324,369)   coste   15    15
(324,446)   coste   33    35
(324,566)   coste   41    41
(324,604)   coste   32    31
(324,746)   coste   35    35
(325,512)   coste   8    8
(325,671)   coste   17    14
(325,783)   coste   31    32
(325,891)   coste   61    57
(326,528)   coste   37    36
(326,545)   coste   37    40
(326,649)   coste   40    36
(326,664)   coste   44    46
(326,782)   coste   20    25
(327,706)   coste   38    36
(327,992)   coste   8    9
(328,333)   coste   30    34
(328,374)   coste   31    28
(328,619)   coste   15    16
(329,337)   coste   30    29
(329,549)   coste   42    39
(329,838)   coste   15    20
(329,857)   coste   32    33
(330,759)   coste   20    18
(330,785)   coste   19    19
(330,956)   coste   39    36
(331,643)   coste   33    32
(331,943)   coste   41    42
(332,705)   coste   12    14
(332,843)   coste   18    17
(332,944)   coste   27    25
(333,619)   coste   27    27
(334,364)   coste   32    35
(334,397)   coste   12    9
(334,714)   coste   11    13
(335,586)   coste   22    21
(335,652)   coste   7    5
(335,751)   coste   28    29
(336,345)   coste   39    36
(336,405)   coste   15    12
(336,648)   coste   29    28
(337,549)   coste   44    43
(337,921)   coste   39    35
(338,459)   coste   21    21
(338,494)   coste   38    37
(338,518)   coste   33    27
(338,573)   coste   24    25
(338,986)   coste   31    29
(339,385)   coste   25    26
(339,435)   coste   32    31
(339,658)   coste   34    31
(339,683)   coste   13    16
(339,923)   coste   38    38
(340,371)   coste   26    25
(340,547)   coste   35    36
(341,543)   coste   25    23
(341,734)   coste   12    11
(341,740)   coste   22    24
(341,814)   coste   9    9
(341,819)   coste   24    19
(342,382)   coste   24    23
(342,422)   coste   28    27
(342,537)   coste   32    27
(342,761)   coste   32    29
(342,892)   coste   10    13
(343,394)   coste   25    23
(343,476)   coste   23    22
(343,861)   coste   29    26
(343,970)   coste   12    11
(344,486)   coste   28    32
(344,535)   coste   10    13
(344,563)   coste   39    36
(344,726)   coste   36    36
(345,368)   coste   42    43
(345,405)   coste   36    39
(345,822)   coste   40    39
(345,989)   coste   37    36
(346,722)   coste   24    27
(346,881)   coste   23    19
(346,952)   coste   39    43
(346,994)   coste   23    27
(347,627)   coste   27    28
(347,852)   coste   40    36
(347,908)   coste   15    17
(348,481)   coste   46    45
(348,488)   coste   26    29
(348,713)   coste   27    31
(349,414)   coste   32    31
(349,418)   coste   24    25
(349,684)   coste   16    17
(349,850)   coste   4    9
(350,750)   coste   28    29
(350,795)   coste   28    31
(350,909)   coste   32    29
(351,356)   coste   14    14
(351,492)   coste   31    34
(351,541)   coste   20    17
(351,621)   coste   40    36
(351,718)   coste   14    13
(351,906)   coste   23    20
(352,558)   coste   40    35
(352,741)   coste   23    21
(352,912)   coste   30    29
(353,464)   coste   39    43
(353,561)   coste   34    34
(353,609)   coste   53    48
(353,900)   coste   41    41
(354,412)   coste   23    23
(354,614)   coste   36    35
(354,637)   coste   38    34
(354,823)   coste   27    30
(355,580)   coste   63    69
(355,647)   coste   46    46
(355,656)   coste   13    13
(355,943)   coste   20    22
(355,953)   coste   22    21
(356,541)   coste   26    29
(356,621)   coste   37    32
(356,718)   coste   15    15
(356,906)   coste   32    32
(357,574)   coste   30    31
(357,783)   coste   39    40
(358,458)   coste   20    15
(358,524)   coste   24    26
(358,622)   coste   31    31
(358,668)   coste   13    13
(358,697)   coste   50    51
(358,723)   coste   35    41
(358,873)   coste   35    37
(359,538)   coste   28    25
(359,606)   coste   16    13
(359,652)   coste   44    44
(359,926)   coste   21    19
(360,375)   coste   23    28
(360,429)   coste   43    44
(360,665)   coste   21    20
(360,846)   coste   35    33
(361,662)   coste   23    28
(362,450)   coste   16    17
(362,825)   coste   7    9
(363,648)   coste   48    48
(363,691)   coste   25    25
(363,844)   coste   44    45
(364,397)   coste   39    34
(364,646)   coste   36    36
(364,714)   coste   33    32
(365,456)   coste   33    39
(365,514)   coste   34    40
(365,747)   coste   29    25
(365,828)   coste   29    31
(366,894)   coste   25    25
(367,587)   coste   47    46
(367,692)   coste   23    22
(367,699)   coste   35    36
(367,749)   coste   37    35
(368,387)   coste   48    48
(368,581)   coste   37    35
(368,780)   coste   24    19
(369,604)   coste   23    23
(369,925)   coste   42    39
(370,492)   coste   27    28
(370,611)   coste   39    39
(370,835)   coste   15    18
(370,901)   coste   32    32
(370,906)   coste   36    37
(371,547)   coste   37    39
(371,593)   coste   49    51
(371,634)   coste   49    45
(372,461)   coste   14    14
(372,910)   coste   22    22
(373,378)   coste   40    39
(373,399)   coste   45    43
(373,506)   coste   27    31
(373,753)   coste   19    22
(374,389)   coste   26    21
(374,619)   coste   23    23
(374,736)   coste   12    17
(374,737)   coste   33    38
(375,390)   coste   47    48
(375,688)   coste   27    26
(375,846)   coste   33    34
(376,493)   coste   29    29
(376,687)   coste   30    27
(376,858)   coste   27    29
(377,792)   coste   38    40
(377,939)   coste   36    34
(377,978)   coste   35    35
(378,399)   coste   4    1
(378,437)   coste   19    24
(378,753)   coste   49    47
(378,936)   coste   25    21
(379,862)   coste   25    19
(379,893)   coste   27    25
(379,966)   coste   12    11
(379,967)   coste   27    26
(379,990)   coste   15    14
(380,386)   coste   12    9
(380,445)   coste   47    43
(380,867)   coste   25    24
(381,558)   coste   40    39
(381,627)   coste   33    33
(381,852)   coste   22    20
(382,442)   coste   48    47
(382,880)   coste   35    35
(382,892)   coste   37    35
(382,903)   coste   49    49
(383,443)   coste   20    22
(383,935)   coste   25    27
(383,971)   coste   22    22
(384,440)   coste   20    16
(384,779)   coste   25    29
(384,981)   coste   12    8
(385,435)   coste   38    43
(385,658)   coste   11    14
(385,683)   coste   33    33
(385,942)   coste   29    26
(386,679)   coste   36    41
(386,840)   coste   21    21
(386,946)   coste   28    23
(387,415)   coste   39    36
(387,446)   coste   27    24
(387,534)   coste   15    19
(387,581)   coste   18    15
(388,424)   coste   38    38
(388,449)   coste   28    28
(388,689)   coste   33    35
(388,744)   coste   35    29
(388,909)   coste   29    30
(389,736)   coste   25    26
(389,737)   coste   31    29
(389,825)   coste   48    50
(389,882)   coste   18    20
(390,727)   coste   44    41
(391,469)   coste   12    15
(391,487)   coste   27    28
(391,907)   coste   14    10
(392,626)   coste   16    16
(392,752)   coste   33    31
(393,466)   coste   33    38
(393,605)   coste   43    40
(393,638)   coste   42    41
(393,997)   coste   25    21
(394,476)   coste   50    48
(394,856)   coste   35    35
(394,970)   coste   31    32
(395,616)   coste   47    48
(395,703)   coste   28    26
(395,717)   coste   19    18
(396,436)   coste   27    24
(396,818)   coste   40    43
(396,836)   coste   31    27
(396,883)   coste   27    27
(397,569)   coste   31    27
(397,820)   coste   19    21
(398,431)   coste   23    22
(398,469)   coste   18    17
(398,650)   coste   28    32
(399,437)   coste   25    26
(399,936)   coste   25    22
(400,440)   coste   33    33
(400,660)   coste   36    39
(400,754)   coste   30    32
(400,779)   coste   43    45
(401,704)   coste   37    36
(401,764)   coste   7    7
(401,916)   coste   32    30
(402,447)   coste   13    14
(402,613)   coste   15    17
(403,432)   coste   32    29
(403,467)   coste   25    30
(403,898)   coste   30    30
(403,904)   coste   10    15
(404,409)   coste   20    18
(404,419)   coste   50    48
(404,451)   coste   14    14
(405,648)   coste   47    45
(405,989)   coste   46    43
(406,611)   coste   53    52
(406,745)   coste   55    56
(406,958)   coste   50    46
(407,535)   coste   58    58
(407,774)   coste   25    23
(408,464)   coste   48    46
(408,935)   coste   43    42
(408,962)   coste   62    56
(408,971)   coste   36    41
(409,811)   coste   43    45
(410,437)   coste   41    44
(410,817)   coste   46    43
(410,936)   coste   27    28
(410,993)   coste   30    30
(411,483)   coste   27    21
(411,565)   coste   12    12
(411,595)   coste   12    15
(411,693)   coste   13    8
(412,637)   coste   16    17
(412,800)   coste   37    37
(412,813)   coste   26    29
(412,823)   coste   43    42
(412,890)   coste   19    19
(413,520)   coste   31    33
(413,772)   coste   13    8
(414,850)   coste   25    23
(415,780)   coste   38    39
(415,830)   coste   20    20
(415,969)   coste   36    34
(416,959)   coste   3    3
(417,633)   coste   33    31
(417,677)   coste   27    30
(417,688)   coste   29    30
(417,763)   coste   9    8
(417,846)   coste   20    18
(417,982)   coste   13    18
(418,684)   coste   31    29
(418,850)   coste   21    21
(419,451)   coste   62    60
(419,855)   coste   48    45
(420,785)   coste   50    47
(420,821)   coste   36    31
(421,522)   coste   30    29
(421,871)   coste   28    29
(422,537)   coste   6    10
(422,630)   coste   32    32
(422,892)   coste   21    23
(422,957)   coste   27    25
(423,426)   coste   42    42
(423,434)   coste   22    27
(423,497)   coste   45    46
(423,710)   coste   30    31
(423,979)   coste   39    38
(424,449)   coste   22    16
(425,508)   coste   51    51
(425,694)   coste   38    38
(425,911)   coste   32    32
(426,434)   coste   29    28
(426,497)   coste   46    46
(426,710)   coste   40    41
(427,527)   coste   35    35
(427,696)   coste   41    38
(427,809)   coste   20    18
(428,597)   coste   36    37
(428,615)   coste   27    26
(428,679)   coste   32    30
(428,807)   coste   38    40
(429,438)   coste   46    50
(429,665)   coste   28    26
(430,746)   coste   41    38
(430,830)   coste   40    42
(430,969)   coste   18    18
(431,620)   coste   46    40
(431,650)   coste   19    20
(431,789)   coste   32    29
(432,467)   coste   13    14
(432,886)   coste   39    36
(432,898)   coste   23    23
(432,904)   coste   43    43
(432,955)   coste   15    21
(433,471)   coste   48    48
(433,550)   coste   38    44
(434,623)   coste   39    41
(434,710)   coste   47    46
(434,979)   coste   31    25
(435,598)   coste   35    36
(435,635)   coste   26    27
(435,658)   coste   38    39
(435,683)   coste   42    47
(435,923)   coste   9    12
(436,818)   coste   18    20
(436,836)   coste   38    37
(436,883)   coste   4    9
(437,936)   coste   19    16
(438,517)   coste   47    43
(438,776)   coste   48    50
(439,775)   coste   14    18
(439,824)   coste   50    56
(439,836)   coste   23    25
(439,929)   coste   30    35
(440,610)   coste   24    24
(440,779)   coste   12    18
(441,729)   coste   23    29
(441,773)   coste   28    32
(442,880)   coste   20    16
(442,903)   coste   16    16
(443,712)   coste   47    42
(443,935)   coste   40    45
(444,621)   coste   39    41
(444,676)   coste   48    52
(444,769)   coste   59    57
(445,774)   coste   37    37
(445,781)   coste   41    41
(445,867)   coste   40    42
(446,534)   coste   24    22
(446,604)   coste   8    6
(447,910)   coste   32    35
(448,588)   coste   27    26
(449,505)   coste   34    37
(449,689)   coste   23    24
(449,744)   coste   34    35
(450,676)   coste   38    42
(450,825)   coste   23    21
(452,715)   coste   49    46
(453,462)   coste   31    32
(453,749)   coste   36    34
(453,922)   coste   54    56
(454,482)   coste   28    27
(454,557)   coste   27    27
(454,964)   coste   29    29
(455,560)   coste   32    31
(455,725)   coste   30    33
(455,771)   coste   36    38
(456,514)   coste   53    50
(457,511)   coste   13    9
(457,620)   coste   36    33
(457,654)   coste   31    36
(458,622)   coste   16    15
(458,668)   coste   21    24
(458,723)   coste   24    24
(458,810)   coste   40    39
(458,927)   coste   34    32
(459,518)   coste   11    9
(459,752)   coste   24    22
(460,486)   coste   34    40
(460,563)   coste   15    15
(461,910)   coste   36    33
(462,721)   coste   53    53
(462,922)   coste   32    29
(463,509)   coste   36    32
(463,623)   coste   17    16
(463,651)   coste   12    16
(463,979)   coste   27    23
(465,707)   coste   6    4
(465,803)   coste   52    54
(466,605)   coste   21    24
(466,999)   coste   33    32
(467,898)   coste   33    33
(467,955)   coste   26    28
(468,552)   coste   26    25
(468,577)   coste   10    9
(468,739)   coste   26    29
(469,487)   coste   33    31
(469,907)   coste   23    24
(470,680)   coste   16    14
(470,980)   coste   17    18
(471,550)   coste   35    38
(471,921)   coste   38    38
(471,965)   coste   36    33
(472,554)   coste   21    18
(472,635)   coste   37    33
(472,683)   coste   45    46
(472,813)   coste   43    40
(472,876)   coste   20    17
(473,691)   coste   51    51
(473,844)   coste   48    48
(473,963)   coste   24    21
(473,998)   coste   29    32
(474,600)   coste   23    19
(474,650)   coste   37    31
(474,789)   coste   19    22
(475,849)   coste   10    11
(476,856)   coste   31    31
(476,861)   coste   19    18
(476,970)   coste   30    26
(477,581)   coste   30    28
(477,592)   coste   28    22
(477,631)   coste   9    9
(477,738)   coste   3    5
(478,741)   coste   14    20
(478,794)   coste   34    36
(479,582)   coste   34    28
(479,835)   coste   42    45
(479,870)   coste   35    35
(479,901)   coste   40    41
(480,845)   coste   39    44
(480,866)   coste   37    39
(480,996)   coste   29    28
(481,632)   coste   52    52
(481,713)   coste   28    32
(481,899)   coste   21    24
(482,845)   coste   41    42
(482,964)   coste   24    23
(483,565)   coste   25    24
(483,569)   coste   26    27
(483,820)   coste   16    13
(484,567)   coste   30    36
(484,583)   coste   30    28
(484,672)   coste   46    45
(484,696)   coste   43    45
(485,641)   coste   54    55
(485,937)   coste   55    56
(486,563)   coste   25    23
(487,907)   coste   19    20
(488,500)   coste   30    29
(488,556)   coste   27    23
(488,952)   coste   53    49
(489,511)   coste   47    51
(489,589)   coste   58    56
(489,616)   coste   39    35
(489,951)   coste   43    46
(490,967)   coste   22    20
(490,990)   coste   31    33
(491,502)   coste   50    53
(491,640)   coste   28    27
(491,725)   coste   20    21
(492,582)   coste   45    39
(492,718)   coste   26    27
(492,743)   coste   55    52
(492,835)   coste   38    32
(492,906)   coste   10    12
(493,626)   coste   26    28
(493,858)   coste   6    5
(494,573)   coste   37    36
(494,985)   coste   34    37
(494,986)   coste   20    22
(495,761)   coste   26    28
(495,892)   coste   37    37
(496,552)   coste   8    13
(496,739)   coste   11    12
(496,869)   coste   28    25
(497,637)   coste   49    45
(497,710)   coste   16    14
(498,548)   coste   39    41
(499,539)   coste   30    33
(499,655)   coste   16    16
(499,919)   coste   39    35
(499,968)   coste   18    13
(500,532)   coste   19    18
(500,556)   coste   17    11
(501,641)   coste   11    9
(501,645)   coste   28    31
(501,862)   coste   28    27
(501,937)   coste   24    21
(502,519)   coste   15    17
(502,640)   coste   39    38
(502,870)   coste   41    41
(503,599)   coste   36    35
(503,821)   coste   26    24
(504,513)   coste   13    17
(504,701)   coste   33    32
(504,717)   coste   32    35
(504,840)   coste   30    25
(505,628)   coste   15    15
(505,689)   coste   25    20
(505,744)   coste   27    28
(506,753)   coste   15    18
(506,804)   coste   22    22
(506,817)   coste   24    24
(507,530)   coste   30    27
(507,976)   coste   36    38
(508,587)   coste   24    21
(508,911)   coste   48    47
(509,651)   coste   24    25
(509,812)   coste   33    34
(510,586)   coste   45    45
(510,685)   coste   30    27
(510,751)   coste   18    19
(511,620)   coste   33    36
(511,654)   coste   44    45
(512,671)   coste   25    23
(512,698)   coste   29    27
(512,914)   coste   43    43
(513,781)   coste   29    31
(513,840)   coste   33    28
(514,747)   coste   39    39
(514,888)   coste   44    45
(514,960)   coste   42    42
(515,562)   coste   22    22
(515,787)   coste   26    23
(515,987)   coste   27    31
(516,690)   coste   49    48
(516,755)   coste   33    36
(516,879)   coste   51    47
(517,681)   coste   31    30
(517,776)   coste   10    9
(517,938)   coste   11    8
(517,988)   coste   39    41
(518,613)   coste   49    49
(518,752)   coste   19    17
(519,870)   coste   38    38
(520,742)   coste   53    55
(520,762)   coste   40    45
(520,772)   coste   27    28
(520,872)   coste   32    35
(521,687)   coste   28    25
(521,794)   coste   37    42
(521,896)   coste   37    32
(521,918)   coste   18    20
(521,941)   coste   13    16
(522,838)   coste   21    23
(522,871)   coste   23    20
(522,965)   coste   12    12
(523,527)   coste   30    30
(523,826)   coste   40    38
(523,832)   coste   25    28
(524,668)   coste   33    34
(524,697)   coste   36    34
(524,873)   coste   40    39
(525,692)   coste   27    28
(525,699)   coste   19    16
(525,719)   coste   9    14
(526,574)   coste   15    12
(526,612)   coste   16    18
(526,802)   coste   27    27
(528,545)   coste   5    9
(528,750)   coste   31    31
(528,782)   coste   45    44
(529,578)   coste   29    33
(529,667)   coste   30    29
(529,675)   coste   10    10
(529,700)   coste   16    16
(530,584)   coste   38    38
(530,695)   coste   39    35
(531,706)   coste   37    34
(531,712)   coste   27    32
(531,720)   coste   14    16
(532,556)   coste   17    21
(533,897)   coste   37    43
(534,581)   coste   22    23
(534,592)   coste   25    25
(535,726)   coste   38    39
(536,576)   coste   41    42
(536,601)   coste   18    20
(536,767)   coste   12    15
(537,546)   coste   19    22
(537,630)   coste   32    31
(537,892)   coste   32    30
(538,606)   coste   42    41
(538,926)   coste   15    11
(539,655)   coste   24    26
(539,919)   coste   18    15
(539,960)   coste   23    28
(539,968)   coste   40    36
(540,760)   coste   20    20
(540,827)   coste   25    22
(540,948)   coste   26    26
(541,621)   coste   35    39
(541,718)   coste   28    31
(541,906)   coste   29    26
(542,544)   coste   45    41
(542,853)   coste   20    26
(542,964)   coste   34    37
(542,984)   coste   37    34
(542,991)   coste   34    38
(543,548)   coste   34    35
(543,814)   coste   26    32
(543,816)   coste   38    40
(543,839)   coste   39    37
(543,897)   coste   30    29
(544,724)   coste   36    34
(544,730)   coste   40    36
(544,991)   coste   17    14
(545,750)   coste   27    33
(545,782)   coste   45    46
(546,630)   coste   32    32
(546,895)   coste   19    19
(546,995)   coste   16    16
(547,593)   coste   43    45
(547,708)   coste   27    26
(547,928)   coste   46    40
(548,897)   coste   15    13
(549,646)   coste   40    40
(549,857)   coste   18    17
(549,913)   coste   10    9
(550,921)   coste   31    31
(551,843)   coste   57    55
(551,944)   coste   46    48
(551,963)   coste   59    62
(551,998)   coste   41    43
(552,577)   coste   28    32
(552,739)   coste   6    6
(553,582)   coste   41    40
(553,704)   coste   31    34
(553,743)   coste   6    11
(554,635)   coste   16    21
(554,876)   coste   38    34
(554,923)   coste   36    36
(555,716)   coste   32    33
(555,788)   coste   47    50
(555,842)   coste   24    27
(555,999)   coste   25    21
(557,570)   coste   6    5
(557,964)   coste   29    30
(558,852)   coste   37    42
(559,642)   coste   19    17
(559,841)   coste   33    38
(560,771)   coste   15    20
(560,931)   coste   16    19
(560,977)   coste   9    12
(561,609)   coste   30    29
(561,900)   coste   39    43
(561,962)   coste   62    60
(562,576)   coste   46    46
(562,787)   coste   41    43
(562,902)   coste   56    54
(562,987)   coste   45    49
(563,726)   coste   40    39
(564,629)   coste   18    16
(564,831)   coste   44    40
(565,591)   coste   25    29
(566,812)   coste   29    29
(567,583)   coste   16    13
(567,672)   coste   39    38
(567,864)   coste   50    53
(568,625)   coste   31    32
(568,686)   coste   37    34
(568,916)   coste   38    36
(569,693)   coste   29    29
(569,820)   coste   12    9
(571,672)   coste   40    42
(571,765)   coste   17    18
(571,806)   coste   21    21
(571,915)   coste   26    24
(572,803)   coste   11    11
(572,938)   coste   32    33
(572,983)   coste   59    60
(572,988)   coste   22    21
(573,887)   coste   28    27
(573,985)   coste   34    34
(573,986)   coste   19    20
(574,612)   coste   10    15
(574,802)   coste   33    37
(575,881)   coste   25    28
(575,912)   coste   4    7
(576,914)   coste   23    22
(577,739)   coste   32    32
(577,954)   coste   50    50
(578,667)   coste   41    39
(578,675)   coste   28    23
(578,847)   coste   42    42
(578,854)   coste   24    24
(579,657)   coste   21    19
(579,711)   coste   29    28
(579,756)   coste   8    9
(579,777)   coste   39    34
(579,848)   coste   32    34
(580,647)   coste   30    32
(580,792)   coste   46    47
(580,953)   coste   70    69
(582,743)   coste   47    49
(582,835)   coste   26    32
(582,870)   coste   37    40
(583,672)   coste   25    27
(583,696)   coste   42    38
(583,864)   coste   61    61
(584,618)   coste   44    43
(584,847)   coste   46    48
(585,773)   coste   40    36
(586,652)   coste   16    13
(586,751)   coste   34    34
(587,749)   coste   47    47
(587,911)   coste   45    49
(589,822)   coste   53    57
(589,829)   coste   19    17
(590,608)   coste   47    43
(590,649)   coste   11    8
(590,851)   coste   40    38
(591,945)   coste   9    7
(592,738)   coste   21    23
(592,844)   coste   35    33
(592,925)   coste   37    33
(593,678)   coste   45    51
(593,708)   coste   41    37
(593,902)   coste   29    25
(594,694)   coste   9    5
(594,874)   coste   29    24
(594,911)   coste   34    34
(595,693)   coste   10    7
(595,798)   coste   1    2
(595,871)   coste   20    20
(596,603)   coste   23    24
(596,799)   coste   35    34
(596,934)   coste   22    19
(597,776)   coste   34    38
(597,807)   coste   10    11
(598,942)   coste   41    47
(600,650)   coste   34    34
(600,789)   coste   30    28
(601,702)   coste   47    47
(601,767)   coste   4    2
(601,973)   coste   44    49
(602,829)   coste   46    48
(602,951)   coste   21    21
(603,934)   coste   27    24
(604,925)   coste   36    34
(605,788)   coste   49    51
(605,999)   coste   17    20
(606,977)   coste   37    39
(607,698)   coste   41    40
(607,783)   coste   50    56
(607,914)   coste   59    60
(608,623)   coste   29    28
(608,651)   coste   34    34
(608,795)   coste   36    40
(608,851)   coste   10    11
(609,900)   coste   30    25
(610,779)   coste   14    11
(611,797)   coste   53    50
(612,802)   coste   28    26
(614,664)   coste   20    26
(614,823)   coste   18    12
(615,679)   coste   41    38
(615,701)   coste   24    26
(615,875)   coste   26    27
(616,703)   coste   36    38
(617,956)   coste   14    20
(618,847)   coste   11    10
(618,854)   coste   9    7
(619,736)   coste   40    36
(620,654)   coste   37    37
(621,883)   coste   35    35
(622,663)   coste   20    18
(622,723)   coste   36    35
(622,810)   coste   31    32
(622,865)   coste   21    25
(623,651)   coste   22    20
(623,851)   coste   27    32
(623,979)   coste   17    16
(624,659)   coste   45    46
(624,768)   coste   41    40
(624,975)   coste   19    17
(625,686)   coste   33    32
(626,752)   coste   40    38
(626,858)   coste   28    28
(627,852)   coste   18    19
(627,908)   coste   40    38
(627,933)   coste   44    44
(629,831)   coste   37    39
(630,957)   coste   23    27
(630,995)   coste   31    26
(631,738)   coste   10    10
(631,844)   coste   16    14
(632,713)   coste   29    23
(632,952)   coste   61    60
(632,985)   coste   19    19
(632,986)   coste   45    45
(633,677)   coste   26    31
(633,763)   coste   25    23
(633,982)   coste   25    25
(634,732)   coste   40    40
(634,932)   coste   32    35
(635,923)   coste   17    19
(636,885)   coste   43    42
(636,992)   coste   24    26
(637,813)   coste   31    31
(637,890)   coste   22    24
(638,997)   coste   39    42
(639,786)   coste   23    19
(639,895)   coste   25    21
(639,995)   coste   36    30
(640,725)   coste   38    33
(641,645)   coste   39    34
(641,862)   coste   19    17
(641,937)   coste   13    9
(643,943)   coste   58    56
(644,766)   coste   41    42
(644,885)   coste   39    41
(644,974)   coste   14    14
(645,967)   coste   36    33
(646,913)   coste   43    38
(647,656)   coste   48    50
(647,953)   coste   53    52
(648,755)   coste   53    52
(649,851)   coste   40    40
(650,789)   coste   13    14
(651,812)   coste   49    45
(651,979)   coste   34    33
(652,751)   coste   32    31
(653,727)   coste   39    35
(653,821)   coste   15    19
(654,747)   coste   38    39
(654,828)   coste   22    26
(655,919)   coste   36    36
(655,960)   coste   9    9
(655,968)   coste   16    17
(656,943)   coste   16    15
(656,953)   coste   28    28
(657,659)   coste   47    47
(657,711)   coste   43    44
(657,756)   coste   23    18
(657,848)   coste   45    46
(658,683)   coste   45    47
(658,942)   coste   18    18
(659,756)   coste   35    31
(660,754)   coste   12    11
(660,791)   coste   10    10
(661,941)   coste   49    50
(662,727)   coste   46    43
(662,759)   coste   46    48
(663,865)   coste   7    11
(663,934)   coste   32    31
(665,846)   coste   40    40
(666,742)   coste   40    37
(666,762)   coste   51    48
(666,859)   coste   15    21
(666,884)   coste   42    42
(666,947)   coste   43    40
(667,675)   coste   22    19
(667,700)   coste   23    18
(668,723)   coste   29    32
(668,873)   coste   26    22
(668,877)   coste   23    17
(668,927)   coste   31    30
(669,831)   coste   15    17
(670,673)   coste   37    40
(670,999)   coste   32    30
(671,914)   coste   43    44
(672,696)   coste   29    27
(672,806)   coste   37    35
(672,915)   coste   43    45
(673,745)   coste   36    37
(673,958)   coste   42    43
(674,702)   coste   40    36
(674,863)   coste   30    25
(674,973)   coste   23    24
(675,700)   coste   15    20
(676,769)   coste   21    24
(677,763)   coste   28    27
(677,846)   coste   40    40
(678,708)   coste   24    23
(678,928)   coste   13    11
(679,946)   coste   25    27
(679,983)   coste   58    59
(680,980)   coste   4    6
(681,776)   coste   23    23
(681,938)   coste   29    33
(682,903)   coste   27    30
(686,855)   coste   29    28
(686,916)   coste   11    8
(687,858)   coste   21    25
(687,896)   coste   39    36
(687,941)   coste   25    22
(688,763)   coste   37    34
(688,846)   coste   10    15
(688,982)   coste   33    35
(689,744)   coste   12    8
(690,755)   coste   45    47
(690,834)   coste   25    23
(690,879)   coste   1    1
(691,724)   coste   48    42
(691,730)   coste   42    45
(691,963)   coste   55    55
(692,699)   coste   23    18
(692,719)   coste   29    32
(694,874)   coste   31    27
(694,911)   coste   34    33
(696,809)   coste   34    36
(697,864)   coste   8    7
(698,783)   coste   14    17
(698,914)   coste   42    45
(699,719)   coste   26    31
(700,808)   coste   26    31
(701,875)   coste   36    39
(702,973)   coste   25    20
(703,917)   coste   51    51
(704,743)   coste   28    33
(705,944)   coste   30    29
(706,720)   coste   19    23
(706,992)   coste   29    30
(707,771)   coste   56    55
(707,803)   coste   57    57
(707,931)   coste   44    50
(708,889)   coste   33    32
(708,928)   coste   17    18
(709,775)   coste   37    40
(711,756)   coste   37    34
(711,768)   coste   25    25
(711,777)   coste   7    7
(711,848)   coste   5    6
(712,993)   coste   46    44
(713,985)   coste   44    46
(715,765)   coste   30    30
(715,873)   coste   43    41
(716,745)   coste   52    53
(716,842)   coste   8    5
(716,999)   coste   50    50
(718,906)   coste   20    21
(721,770)   coste   16    17
(721,900)   coste   42    45
(721,922)   coste   25    24
(722,881)   coste   28    25
(722,924)   coste   16    11
(722,994)   coste   13    10
(723,927)   coste   14    11
(724,730)   coste   6    8
(725,771)   coste   38    41
(728,920)   coste   14    17
(729,773)   coste   35    37
(729,950)   coste   43    44
(730,755)   coste   49    51
(731,778)   coste   29    29
(731,815)   coste   26    28
(731,959)   coste   36    39
(732,833)   coste   30    29
(732,932)   coste   39    34
(733,798)   coste   21    23
(734,740)   coste   25    29
(734,819)   coste   37    31
(735,801)   coste   20    22
(735,856)   coste   33    36
(735,861)   coste   31    35
(735,963)   coste   48    47
(735,996)   coste   34    36
(736,745)   coste   43    44
(736,958)   coste   44    45
(737,882)   coste   27    25
(738,844)   coste   17    16
(739,954)   coste   50    48
(740,814)   coste   26    25
(740,819)   coste   23    22
(742,762)   coste   36    35
(742,859)   coste   50    55
(745,958)   coste   6    5
(746,969)   coste   28    29
(747,828)   coste   15    19
(747,888)   coste   39    36
(747,949)   coste   18    19
(748,845)   coste   44    43
(748,889)   coste   27    28
(750,909)   coste   29    27
(753,804)   coste   14    14
(753,817)   coste   31    31
(755,879)   coste   46    46
(757,784)   coste   48    49
(757,793)   coste   5    2
(757,961)   coste   36    35
(757,972)   coste   35    36
(758,837)   coste   22    25
(759,785)   coste   36    35
(761,892)   coste   24    22
(763,982)   coste   9    10
(764,916)   coste   23    26
(765,806)   coste   28    30
(765,915)   coste   32    32
(766,887)   coste   4    3
(766,974)   coste   25    25
(768,777)   coste   25    22
(768,848)   coste   36    34
(769,818)   coste   62    59
(770,922)   coste   21    23
(771,931)   coste   26    25
(772,872)   coste   16    21
(774,867)   coste   59    57
(775,824)   coste   53    52
(775,836)   coste   17    13
(775,929)   coste   48    48
(776,807)   coste   42    42
(776,938)   coste   9    11
(777,808)   coste   35    33
(777,848)   coste   10    10
(778,796)   coste   21    20
(778,815)   coste   42    40
(779,981)   coste   34    35
(780,830)   coste   30    29
(784,863)   coste   54    53
(784,961)   coste   28    26
(785,956)   coste   31    37
(786,827)   coste   18    16
(786,895)   coste   23    28
(786,948)   coste   22    20
(786,995)   coste   24    26
(787,902)   coste   45    45
(787,987)   coste   33    34
(790,884)   coste   7    7
(790,993)   coste   40    38
(791,868)   coste   25    21
(792,953)   coste   42    42
(792,978)   coste   50    54
(793,972)   coste   32    36
(794,918)   coste   20    20
(794,941)   coste   44    46
(795,812)   coste   34    35
(796,910)   coste   37    35
(797,901)   coste   32    29
(798,871)   coste   24    19
(799,860)   coste   35    31
(799,878)   coste   39    41
(799,934)   coste   24    23
(800,813)   coste   29    28
(800,823)   coste   49    49
(800,876)   coste   40    41
(800,890)   coste   23    23
(801,861)   coste   48    47
(801,963)   coste   30    28
(801,996)   coste   43    48
(803,938)   coste   48    42
(803,988)   coste   21    15
(804,817)   coste   30    27
(804,885)   coste   45    40
(805,860)   coste   49    47
(805,878)   coste   45    46
(808,837)   coste   33    29
(808,848)   coste   20    26
(810,865)   coste   20    16
(811,814)   coste   39    40
(811,819)   coste   35    33
(813,876)   coste   44    45
(813,890)   coste   9    8
(814,819)   coste   17    16
(815,959)   coste   26    21
(816,839)   coste   17    23
(816,905)   coste   22    24
(817,885)   coste   34    36
(818,883)   coste   18    16
(822,829)   coste   41    42
(822,989)   coste   10    10
(824,978)   coste   55    51
(826,832)   coste   34    37
(826,886)   coste   33    37
(826,940)   coste   22    23
(827,895)   coste   32    32
(827,948)   coste   34    33
(827,995)   coste   25    28
(828,949)   coste   26    26
(832,898)   coste   36    30
(833,933)   coste   37    38
(833,987)   coste   40    36
(834,853)   coste   35    35
(834,879)   coste   20    18
(834,984)   coste   34    30
(835,901)   coste   28    26
(836,929)   coste   52    48
(838,965)   coste   14    11
(839,905)   coste   13    13
(840,946)   coste   21    25
(843,944)   coste   23    28
(844,998)   coste   60    62
(845,866)   coste   7    7
(845,991)   coste   43    43
(846,982)   coste   33    29
(847,854)   coste   19    17
(851,979)   coste   35    37
(853,984)   coste   16    17
(855,916)   coste   33    36
(856,861)   coste   20    19
(856,970)   coste   5    3
(856,996)   coste   53    48
(857,913)   coste   9    10
(859,947)   coste   38    40
(860,878)   coste   27    26
(861,970)   coste   20    22
(862,893)   coste   20    20
(862,937)   coste   13    9
(862,966)   coste   16    13
(862,990)   coste   29    29
(863,961)   coste   38    37
(863,973)   coste   31    32
(865,934)   coste   31    31
(866,991)   coste   33    30
(868,968)   coste   29    30
(869,976)   coste   24    26
(873,877)   coste   8    11
(874,911)   coste   17    22
(875,917)   coste   34    35
(876,890)   coste   51    49
(877,927)   coste   30    29
(880,903)   coste   30    29
(881,924)   coste   41    36
(881,994)   coste   34    33
(884,947)   coste   31    33
(884,993)   coste   45    45
(886,898)   coste   37    35
(886,940)   coste   44    42
(886,955)   coste   25    26
(887,974)   coste   33    34
(888,949)   coste   27    25
(889,928)   coste   21    19
(892,957)   coste   36    30
(893,937)   coste   28    27
(893,966)   coste   19    16
(893,990)   coste   16    16
(894,917)   coste   25    27
(895,995)   coste   11    12
(898,955)   coste   33    30
(918,941)   coste   30    26
(919,960)   coste   44    46
(924,932)   coste   45    42
(924,994)   coste   17    18
(926,983)   coste   55    51
(931,977)   coste   20    18
(933,987)   coste   44    49
(935,971)   coste   15    20
(937,966)   coste   23    22
(938,988)   coste   35    37
(943,953)   coste   28    32
(944,998)   coste   42    36
(952,994)   coste   54    54
(960,968)   coste   23    25
(961,973)   coste   45    41
(963,998)   coste   41    39
(966,967)   coste   33    38
(966,990)   coste   13    13
(985,986)   coste   20    19
(475,849)   coste   10    11
(520,772)   coste   27    28
(742,762)   coste   36    35
(193,516)   coste   28    25
(516,755)   coste   33    36
(405,989)   coste   46    43
(822,989)   coste   10    10
(728,920)   coste   14    17
(281,920)   coste   51    50
(286,526)   coste   32    31
(357,783)   coste   39    40
(297,638)   coste   32    30
(6,784)   coste   9    10
(757,961)   coste   36    35
(863,961)   coste   38    37
(7,837)   coste   11    9
(115,195)   coste   5    5
(257,730)   coste   20    25
(336,648)   coste   29    28
(363,691)   coste   25    25
(9,380)   coste   22    27
(428,679)   coste   32    30
(840,946)   coste   21    25
(445,867)   coste   40    42
(29,983)   coste   27    22
(201,951)   coste   4    7
(513,781)   coste   29    31
(190,602)   coste   36    41
(11,613)   coste   22    23
(518,613)   coste   49    49
(459,518)   coste   11    9
(402,447)   coste   13    14
(461,910)   coste   36    33
(12,945)   coste   38    42
(481,713)   coste   28    32
(766,887)   coste   4    3
(30,100)   coste   6    4
(224,259)   coste   65    66
(191,224)   coste   30    30
(14,761)   coste   35    34
(344,486)   coste   28    32
(88,495)   coste   17    15
(88,120)   coste   6    7
(15,617)   coste   5    6
(330,785)   coste   19    19
(207,797)   coste   42    36
(555,788)   coste   47    50
(86,196)   coste   16    18
(294,939)   coste   51    53
(18,705)   coste   20    21
(189,646)   coste   31    32
(559,841)   coste   33    38
(216,559)   coste   46    42
(20,795)   coste   43    47
(225,424)   coste   32    30
(651,812)   coste   49    45
(350,909)   coste   32    29
(463,623)   coste   17    16
(590,649)   coste   11    8
(22,669)   coste   30    29
(23,153)   coste   54    51
(389,736)   coste   25    26
(176,406)   coste   53    48
(107,444)   coste   37    38
(24,488)   coste   18    16
(488,952)   coste   53    49
(152,348)   coste   39    35
(500,532)   coste   19    18
(25,289)   coste   14    13
(145,333)   coste   17    20
(508,587)   coste   24    21
(587,749)   coste   47    47
(589,829)   coste   19    17
(27,811)   coste   44    41
(409,811)   coste   43    45
(194,409)   coste   26    23
(816,905)   coste   22    24
(141,905)   coste   4    7
(28,830)   coste   10    11
(430,969)   coste   18    18
(572,938)   coste   32    33
(309,681)   coste   10    6
(309,597)   coste   14    11
(597,807)   coste   10    11
(31,667)   coste   42    47
(75,854)   coste   19    22
(32,853)   coste   39    36
(557,964)   coste   29    30
(834,984)   coste   34    30
(337,921)   coste   39    35
(215,921)   coste   8    7
(594,874)   coste   29    24
(34,494)   coste   15    11
(529,675)   coste   10    10
(711,848)   coste   5    6
(142,777)   coste   42    48
(580,647)   coste   30    32
(580,792)   coste   46    47
(656,943)   coste   16    15
(37,616)   coste   46    46
(38,312)   coste   7    9
(385,942)   coste   29    26
(39,605)   coste   1    7
(40,237)   coste   30    34
(244,455)   coste   38    39
(276,455)   coste   15    15
(276,560)   coste   11    13
(41,663)   coste   35    34
(540,827)   coste   25    22
(827,995)   coste   25    28
(630,995)   coste   31    26
(76,185)   coste   21    21
(185,695)   coste   11    10
(530,584)   coste   38    38
(111,976)   coste   22    21
(45,709)   coste   37    37
(439,775)   coste   14    18
(298,824)   coste   30    35
(770,922)   coste   21    23
(462,922)   coste   32    29
(47,314)   coste   29    29
(423,710)   coste   30    31
(52,425)   coste   24    18
(614,823)   coste   18    12
(50,278)   coste   26    22
(117,278)   coste   13    7
(188,476)   coste   1    1
(861,970)   coste   20    22
(53,698)   coste   19    22
(576,914)   coste   23    22
(54,805)   coste   22    22
(211,864)   coste   36    31
(144,878)   coste   49    46
(144,603)   coste   7    6
(119,603)   coste   11    10
(835,901)   coste   28    26
(56,173)   coste   19    22
(660,791)   coste   10    10
(57,280)   coste   42    39
(57,416)   coste   26    28
(58,60)   coste   8    9
(305,381)   coste   33    32
(347,627)   coste   27    28
(59,818)   coste   38    38
(436,883)   coste   4    9
(465,707)   coste   6    4
(62,538)   coste   3    3
(335,652)   coste   7    5
(359,606)   coste   16    13
(63,93)   coste   33    27
(429,665)   coste   28    26
(503,821)   coste   26    24
(64,452)   coste   14    12
(340,371)   coste   26    25
(66,712)   coste   27    26
(706,720)   coste   19    23
(102,599)   coste   53    55
(154,875)   coste   25    24
(151,334)   coste   48    43
(334,397)   coste   12    9
(69,885)   coste   32    34
(164,284)   coste   19    17
(644,974)   coste   14    14
(70,232)   coste   24    26
(296,585)   coste   17    20
(441,729)   coste   23    29
(71,361)   coste   57    53
(72,902)   coste   35    32
(458,927)   coste   34    32
(398,469)   coste   18    17
(398,431)   coste   23    22
(77,888)   coste   7    6
(828,949)   coste   26    26
(275,369)   coste   33    29
(279,414)   coste   33    38
(468,577)   coste   10    9
(739,954)   coste   50    48
(82,136)   coste   33    35
(457,511)   coste   13    9
(210,226)   coste   10    9
(84,693)   coste   2    2
(84,595)   coste   6    5
(595,798)   coste   1    2
(85,477)   coste   9    8
(85,534)   coste   16    17
(368,581)   coste   37    35
(368,780)   coste   24    19
(311,780)   coste   19    19
(631,738)   coste   10    10
(331,643)   coste   33    32
(87,408)   coste   21    19
(219,962)   coste   37    38
(308,971)   coste   40    37
(892,957)   coste   36    30
(89,550)   coste   39    38
(160,233)   coste   11    16
(167,464)   coste   24    26
(167,561)   coste   24    27
(90,992)   coste   7    13
(90,231)   coste   30    31
(231,421)   coste   15    15
(177,645)   coste   27    31
(92,622)   coste   26    28
(94,321)   coste   12    11
(321,741)   coste   16    22
(478,794)   coste   34    36
(95,545)   coste   29    28
(300,448)   coste   10    6
(326,782)   coste   20    25
(248,528)   coste   30    27
(97,886)   coste   24    22
(238,435)   coste   42    40
(826,940)   coste   22    23
(282,342)   coste   12    11
(382,880)   coste   35    35
(99,316)   coste   10    15
(123,981)   coste   32    29
(198,689)   coste   10    11
(505,628)   coste   15    15
(101,362)   coste   68    70
(362,450)   coste   16    17
(155,420)   coste   5    8
(302,454)   coste   16    16
(104,453)   coste   41    41
(328,619)   coste   15    16
(261,636)   coste   15    16
(106,138)   coste   13    13
(525,719)   coste   9    14
(676,769)   coste   21    24
(172,896)   coste   8    11
(575,912)   coste   4    7
(346,881)   coste   23    19
(110,293)   coste   33    33
(118,748)   coste   27    22
(678,928)   coste   13    11
(889,928)   coste   21    19
(128,134)   coste   18    16
(376,687)   coste   30    27
(521,941)   coste   13    16
(116,365)   coste   33    35
(596,934)   coste   22    19
(122,203)   coste   6    7
(203,670)   coste   1    5
(673,745)   coste   36    37
(745,958)   coste   6    5
(213,352)   coste   13    12
(493,858)   coste   6    5
(351,541)   coste   20    17
(492,743)   coste   55    52
(322,1000)   coste   1    1
(228,377)   coste   23    25
(135,427)   coste   15    19
(696,809)   coste   34    36
(554,635)   coste   16    21
(137,480)   coste   20    23
(845,866)   coste   7    7
(866,991)   coste   33    30
(735,996)   coste   34    36
(254,975)   coste   38    38
(143,404)   coste   46    45
(586,751)   coste   34    34
(150,548)   coste   43    39
(334,714)   coste   11    13
(569,820)   coste   12    9
(158,499)   coste   27    26
(610,779)   coste   14    11
(169,252)   coste   14    15
(383,443)   coste   20    22
(283,884)   coste   46    49
(171,364)   coste   19    18
(716,842)   coste   8    5
(893,937)   coste   28    27
(178,467)   coste   38    43
(407,774)   coste   25    23
(690,879)   coste   1    1
(343,394)   coste   25    23
(320,671)   coste   8    12
(833,933)   coste   37    38
(515,987)   coste   27    31
(255,496)   coste   23    25
(484,567)   coste   30    36
(206,847)   coste   38    40
(539,919)   coste   18    15
(242,418)   coste   18    14
(838,965)   coste   14    11
(262,832)   coste   22    20
(245,732)   coste   39    38
(249,551)   coste   31    36
(410,993)   coste   30    30
(506,753)   coste   15    18
(924,994)   coste   17    18
(251,313)   coste   29    33
(318,932)   coste   46    43
(253,568)   coste   28    29
(306,502)   coste   50    52
(579,756)   coste   8    9
(267,600)   coste   24    24
(600,650)   coste   34    34
(310,543)   coste   11    11
(270,437)   coste   32    35
(378,437)   coste   19    24
(378,399)   coste   4    1
(740,819)   coste   23    22
(571,765)   coste   17    18
(290,582)   coste   9    12
(479,870)   coste   35    35
(292,317)   coste   21    22
(317,633)   coste   44    49
(315,929)   coste   32    34
(517,776)   coste   10    9
(354,412)   coste   23    23
(332,843)   coste   18    17
(944,998)   coste   42    36
(339,683)   coste   13    16
(547,708)   coste   27    26
(668,873)   coste   26    22
(715,873)   coste   43    41
(688,846)   coste   10    15
(763,982)   coste   9    10
(472,876)   coste   20    17
(583,672)   coste   25    27

LISTA_ARISTAS_NOREQ :
