NOMBRE : WB1052 
COMENTARIO :  Chino Windy aleatorio grafico
VERTICES : 1000
ARISTAS_REQ : 2981
ARISTAS_NOREQ : 0
LISTA_ARISTAS_REQ :
(1,58)   coste   33    43
(1,108)   coste   54    58
(1,181)   coste   43    52
(1,372)   coste   48    36
(1,489)   coste   41    40
(2,120)   coste   13    18
(2,347)   coste   25    23
(2,429)   coste   40    47
(2,779)   coste   5    13
(3,144)   coste   38    46
(3,627)   coste   56    58
(3,736)   coste   37    48
(3,752)   coste   32    26
(3,753)   coste   38    39
(3,926)   coste   40    36
(4,17)   coste   15    15
(4,40)   coste   33    39
(4,909)   coste   28    32
(4,910)   coste   28    28
(5,238)   coste   8    12
(5,355)   coste   27    35
(5,373)   coste   44    46
(5,616)   coste   28    34
(5,641)   coste   12    16
(5,693)   coste   28    24
(6,31)   coste   20    15
(6,299)   coste   39    50
(6,409)   coste   26    32
(6,598)   coste   31    27
(6,726)   coste   1    1
(6,778)   coste   38    38
(7,310)   coste   7    7
(7,377)   coste   57    60
(7,783)   coste   50    50
(7,811)   coste   29    32
(8,355)   coste   26    27
(8,407)   coste   34    26
(8,679)   coste   19    14
(8,755)   coste   14    26
(8,843)   coste   26    17
(8,845)   coste   6    8
(8,859)   coste   23    19
(9,158)   coste   66    62
(9,389)   coste   33    40
(9,459)   coste   22    32
(9,815)   coste   57    62
(9,931)   coste   58    60
(10,151)   coste   44    39
(10,439)   coste   38    40
(10,564)   coste   53    49
(10,737)   coste   35    37
(10,741)   coste   34    44
(10,807)   coste   74    79
(10,819)   coste   32    31
(11,80)   coste   41    37
(11,504)   coste   32    36
(11,624)   coste   29    28
(11,694)   coste   19    19
(11,961)   coste   31    22
(12,21)   coste   19    13
(12,224)   coste   49    49
(12,620)   coste   15    17
(12,663)   coste   10    14
(12,853)   coste   36    34
(12,882)   coste   34    32
(13,348)   coste   37    38
(13,350)   coste   41    33
(13,598)   coste   47    49
(13,697)   coste   23    29
(13,968)   coste   29    34
(14,72)   coste   37    43
(14,192)   coste   33    40
(14,225)   coste   15    18
(14,527)   coste   16    14
(14,872)   coste   38    44
(15,141)   coste   10    12
(15,278)   coste   33    40
(15,557)   coste   60    62
(15,757)   coste   52    59
(15,794)   coste   58    50
(15,905)   coste   48    45
(16,539)   coste   36    34
(16,560)   coste   22    24
(16,788)   coste   40    41
(16,798)   coste   38    47
(17,265)   coste   12    20
(17,580)   coste   42    49
(17,909)   coste   34    27
(17,910)   coste   33    27
(18,94)   coste   27    30
(18,153)   coste   34    26
(18,347)   coste   38    37
(18,415)   coste   39    36
(18,531)   coste   35    34
(18,854)   coste   25    24
(19,341)   coste   41    50
(19,436)   coste   19    20
(19,543)   coste   12    19
(19,684)   coste   6    11
(19,709)   coste   19    13
(19,747)   coste   9    5
(20,188)   coste   41    41
(20,501)   coste   17    17
(20,593)   coste   28    33
(20,597)   coste   14    7
(20,625)   coste   33    39
(20,718)   coste   18    12
(21,79)   coste   38    33
(21,189)   coste   32    28
(21,620)   coste   26    26
(21,663)   coste   19    25
(21,882)   coste   18    23
(22,250)   coste   27    25
(22,692)   coste   17    14
(22,826)   coste   2    1
(22,956)   coste   44    38
(23,55)   coste   31    29
(23,239)   coste   29    28
(23,455)   coste   33    27
(23,677)   coste   34    27
(23,866)   coste   5    9
(24,201)   coste   41    46
(24,541)   coste   38    33
(24,911)   coste   18    21
(24,927)   coste   31    29
(24,967)   coste   25    23
(25,28)   coste   34    30
(25,368)   coste   44    46
(25,482)   coste   17    15
(25,612)   coste   34    34
(25,899)   coste   30    24
(25,907)   coste   9    1
(25,936)   coste   16    15
(25,945)   coste   21    19
(26,48)   coste   23    22
(26,305)   coste   13    22
(26,488)   coste   19    18
(26,690)   coste   43    37
(26,832)   coste   40    45
(27,252)   coste   35    40
(27,386)   coste   53    48
(27,427)   coste   62    57
(27,484)   coste   47    55
(27,556)   coste   52    53
(28,78)   coste   41    36
(28,191)   coste   38    41
(28,368)   coste   15    20
(28,678)   coste   41    42
(28,685)   coste   36    32
(28,936)   coste   25    23
(29,95)   coste   43    41
(29,126)   coste   33    39
(29,171)   coste   38    40
(29,533)   coste   23    13
(29,548)   coste   28    24
(30,285)   coste   52    53
(30,379)   coste   25    21
(30,655)   coste   28    21
(30,725)   coste   43    34
(30,738)   coste   27    28
(30,805)   coste   33    43
(31,409)   coste   19    25
(31,598)   coste   30    33
(31,726)   coste   15    26
(31,778)   coste   24    33
(31,919)   coste   30    31
(32,212)   coste   28    31
(32,302)   coste   24    18
(32,384)   coste   24    27
(32,634)   coste   26    34
(33,220)   coste   47    43
(33,316)   coste   29    24
(33,584)   coste   31    28
(33,646)   coste   34    26
(33,869)   coste   43    42
(34,343)   coste   47    45
(34,394)   coste   42    41
(34,480)   coste   40    42
(34,608)   coste   44    36
(34,998)   coste   36    26
(35,132)   coste   22    16
(35,421)   coste   16    17
(35,713)   coste   43    36
(35,836)   coste   42    47
(36,162)   coste   20    15
(36,366)   coste   42    37
(36,720)   coste   35    45
(36,743)   coste   15    11
(36,815)   coste   11    18
(37,95)   coste   43    45
(37,247)   coste   48    45
(37,540)   coste   47    52
(37,835)   coste   54    59
(37,884)   coste   24    28
(38,172)   coste   21    10
(38,383)   coste   33    26
(38,470)   coste   29    30
(38,525)   coste   31    25
(38,561)   coste   24    26
(38,883)   coste   50    55
(39,134)   coste   48    49
(39,360)   coste   4    1
(39,746)   coste   15    19
(39,750)   coste   18    14
(40,596)   coste   18    20
(40,680)   coste   32    32
(40,800)   coste   39    32
(40,909)   coste   41    53
(40,910)   coste   42    39
(40,924)   coste   31    31
(41,128)   coste   22    29
(41,182)   coste   54    46
(41,315)   coste   35    34
(41,649)   coste   18    26
(41,655)   coste   53    52
(42,66)   coste   46    45
(42,83)   coste   42    41
(42,490)   coste   44    52
(42,546)   coste   21    22
(42,809)   coste   16    12
(43,176)   coste   26    21
(43,293)   coste   19    23
(43,345)   coste   24    34
(43,397)   coste   26    24
(43,660)   coste   31    29
(43,792)   coste   30    37
(43,960)   coste   16    7
(44,61)   coste   17    23
(44,64)   coste   38    29
(44,220)   coste   7    14
(44,370)   coste   6    2
(44,965)   coste   14    14
(45,469)   coste   35    35
(45,540)   coste   44    40
(45,548)   coste   39    41
(45,582)   coste   19    20
(45,591)   coste   19    18
(45,606)   coste   36    37
(45,834)   coste   41    33
(45,994)   coste   22    23
(46,259)   coste   20    26
(46,460)   coste   23    33
(46,550)   coste   20    20
(46,609)   coste   24    30
(46,703)   coste   24    18
(47,198)   coste   19    16
(47,361)   coste   30    39
(47,524)   coste   26    31
(47,622)   coste   36    45
(47,875)   coste   10    12
(48,305)   coste   45    46
(48,476)   coste   30    27
(48,488)   coste   43    43
(48,609)   coste   35    30
(48,690)   coste   19    22
(48,832)   coste   21    25
(49,193)   coste   20    12
(49,272)   coste   41    31
(49,529)   coste   22    14
(49,727)   coste   25    19
(49,996)   coste   15    8
(50,147)   coste   17    27
(50,256)   coste   26    22
(50,551)   coste   25    28
(50,675)   coste   18    14
(50,873)   coste   13    17
(50,928)   coste   30    30
(50,959)   coste   20    9
(51,117)   coste   23    17
(51,221)   coste   33    22
(51,254)   coste   43    43
(51,567)   coste   30    28
(51,642)   coste   45    52
(52,187)   coste   6    10
(52,224)   coste   38    35
(52,308)   coste   44    56
(52,698)   coste   45    51
(52,825)   coste   46    46
(52,853)   coste   39    32
(53,58)   coste   34    37
(53,108)   coste   34    30
(53,447)   coste   7    8
(53,644)   coste   54    48
(53,780)   coste   17    12
(54,295)   coste   16    16
(54,502)   coste   16    10
(54,556)   coste   19    25
(54,574)   coste   27    33
(54,583)   coste   34    42
(54,714)   coste   33    27
(54,799)   coste   16    15
(54,933)   coste   35    39
(55,239)   coste   30    25
(55,337)   coste   26    29
(55,677)   coste   24    32
(55,760)   coste   31    26
(55,939)   coste   30    31
(56,110)   coste   38    39
(56,246)   coste   31    25
(56,566)   coste   21    24
(56,657)   coste   38    39
(56,806)   coste   25    27
(57,85)   coste   1    11
(57,180)   coste   29    27
(57,906)   coste   5    11
(58,108)   coste   24    24
(58,447)   coste   35    36
(58,652)   coste   62    54
(58,780)   coste   50    44
(59,399)   coste   30    22
(59,544)   coste   44    43
(59,568)   coste   25    24
(59,585)   coste   27    23
(59,784)   coste   18    12
(60,139)   coste   16    17
(60,155)   coste   12    14
(60,283)   coste   26    23
(60,402)   coste   42    40
(60,589)   coste   26    25
(60,744)   coste   14    14
(61,220)   coste   21    17
(61,370)   coste   23    30
(61,396)   coste   39    29
(61,565)   coste   38    29
(61,965)   coste   8    10
(62,127)   coste   19    20
(62,335)   coste   31    27
(62,387)   coste   12    10
(62,391)   coste   18    22
(62,493)   coste   38    34
(62,833)   coste   31    27
(63,289)   coste   36    32
(63,292)   coste   33    36
(63,478)   coste   10    10
(63,496)   coste   49    41
(63,856)   coste   33    32
(64,231)   coste   21    23
(64,250)   coste   25    26
(64,288)   coste   26    29
(64,370)   coste   24    34
(64,635)   coste   20    19
(64,761)   coste   33    33
(64,764)   coste   35    26
(65,184)   coste   47    50
(65,371)   coste   53    46
(65,614)   coste   43    39
(65,621)   coste   33    36
(65,789)   coste   46    45
(65,858)   coste   28    37
(66,110)   coste   45    51
(66,243)   coste   39    32
(66,477)   coste   25    16
(66,590)   coste   51    46
(66,809)   coste   54    58
(67,153)   coste   19    25
(67,322)   coste   14    17
(67,581)   coste   47    41
(67,605)   coste   37    48
(67,758)   coste   45    48
(67,854)   coste   27    26
(68,256)   coste   33    36
(68,428)   coste   23    19
(68,749)   coste   33    32
(68,776)   coste   4    4
(68,782)   coste   40    34
(68,795)   coste   33    36
(68,868)   coste   52    41
(69,93)   coste   32    35
(69,264)   coste   37    38
(69,542)   coste   30    30
(69,706)   coste   38    41
(70,253)   coste   22    31
(70,587)   coste   9    3
(70,786)   coste   18    24
(70,849)   coste   4    10
(71,354)   coste   38    31
(71,406)   coste   33    40
(71,628)   coste   36    33
(71,648)   coste   16    24
(71,993)   coste   8    1
(72,192)   coste   24    21
(72,203)   coste   31    29
(72,225)   coste   32    25
(72,410)   coste   51    56
(72,527)   coste   52    56
(72,611)   coste   21    20
(72,844)   coste   62    58
(72,860)   coste   40    42
(73,92)   coste   33    30
(73,96)   coste   37    49
(73,579)   coste   32    21
(73,676)   coste   3    13
(73,915)   coste   21    18
(74,600)   coste   16    14
(74,724)   coste   25    24
(74,912)   coste   15    5
(74,987)   coste   14    17
(75,287)   coste   27    30
(75,388)   coste   48    46
(75,462)   coste   15    18
(75,511)   coste   25    20
(75,573)   coste   11    11
(75,958)   coste   29    32
(76,173)   coste   48    54
(76,228)   coste   38    38
(76,519)   coste   53    43
(76,723)   coste   12    17
(76,999)   coste   40    51
(77,183)   coste   40    43
(77,267)   coste   37    42
(77,306)   coste   47    48
(77,507)   coste   36    44
(77,740)   coste   30    39
(77,813)   coste   30    38
(78,191)   coste   6    8
(78,211)   coste   23    30
(78,368)   coste   23    17
(78,371)   coste   47    45
(79,149)   coste   42    36
(79,189)   coste   31    35
(79,882)   coste   26    16
(80,616)   coste   10    11
(80,641)   coste   29    29
(80,693)   coste   33    37
(80,694)   coste   21    30
(80,893)   coste   39    28
(81,334)   coste   12    9
(81,380)   coste   18    21
(81,500)   coste   28    24
(81,622)   coste   47    46
(81,882)   coste   40    46
(81,934)   coste   7    4
(82,491)   coste   11    11
(82,722)   coste   1    1
(83,486)   coste   51    43
(83,490)   coste   42    39
(83,546)   coste   51    50
(83,990)   coste   28    30
(84,393)   coste   38    43
(84,517)   coste   50    48
(84,880)   coste   40    32
(84,932)   coste   22    17
(84,963)   coste   39    36
(85,143)   coste   30    33
(85,180)   coste   30    31
(85,683)   coste   45    43
(85,906)   coste   12    6
(86,156)   coste   9    13
(86,457)   coste   35    31
(86,742)   coste   36    27
(86,763)   coste   9    8
(87,339)   coste   36    31
(87,424)   coste   20    22
(87,468)   coste   32    31
(87,986)   coste   13    11
(87,998)   coste   39    42
(88,194)   coste   36    29
(88,397)   coste   32    32
(88,517)   coste   51    49
(88,653)   coste   31    24
(88,973)   coste   15    8
(89,519)   coste   12    7
(89,558)   coste   35    34
(89,647)   coste   44    46
(89,723)   coste   47    50
(89,737)   coste   36    36
(89,890)   coste   36    47
(90,583)   coste   23    31
(90,588)   coste   30    31
(90,748)   coste   2    12
(90,972)   coste   13    15
(91,246)   coste   55    49
(91,554)   coste   44    43
(91,806)   coste   46    39
(91,855)   coste   14    19
(91,990)   coste   53    53
(92,229)   coste   43    47
(92,628)   coste   44    36
(92,648)   coste   51    46
(92,676)   coste   21    18
(92,915)   coste   20    27
(93,210)   coste   29    27
(93,542)   coste   25    22
(93,547)   coste   30    24
(93,636)   coste   28    19
(94,136)   coste   25    27
(94,415)   coste   12    9
(94,440)   coste   31    39
(94,531)   coste   30    30
(94,787)   coste   39    31
(95,533)   coste   21    19
(95,537)   coste   45    44
(95,540)   coste   37    31
(95,814)   coste   15    16
(95,884)   coste   31    30
(96,382)   coste   41    43
(96,579)   coste   22    12
(96,659)   coste   48    44
(96,676)   coste   54    55
(96,700)   coste   54    49
(97,269)   coste   3    14
(97,326)   coste   24    35
(97,558)   coste   26    34
(97,651)   coste   25    18
(97,781)   coste   11    5
(97,819)   coste   38    29
(98,169)   coste   20    17
(98,274)   coste   40    42
(98,313)   coste   6    1
(98,745)   coste   40    33
(99,498)   coste   27    22
(99,670)   coste   11    20
(99,674)   coste   45    41
(99,734)   coste   21    31
(99,748)   coste   33    35
(100,107)   coste   11    4
(100,271)   coste   30    31
(100,321)   coste   13    22
(100,507)   coste   33    37
(100,513)   coste   19    30
(100,739)   coste   6    10
(101,112)   coste   19    14
(101,118)   coste   55    49
(101,125)   coste   40    38
(101,512)   coste   27    31
(101,601)   coste   45    47
(101,745)   coste   36    42
(101,820)   coste   54    46
(102,177)   coste   3    1
(102,362)   coste   27    31
(102,386)   coste   33    43
(102,596)   coste   30    31
(102,680)   coste   32    34
(102,924)   coste   20    31
(103,285)   coste   29    32
(103,486)   coste   21    20
(103,738)   coste   37    36
(103,856)   coste   33    40
(103,990)   coste   55    53
(104,197)   coste   39    34
(104,546)   coste   30    22
(104,809)   coste   34    35
(104,839)   coste   21    20
(105,434)   coste   29    28
(105,464)   coste   38    35
(105,545)   coste   49    42
(105,824)   coste   22    22
(105,955)   coste   43    44
(106,342)   coste   27    31
(106,363)   coste   31    36
(106,534)   coste   32    28
(106,575)   coste   29    35
(106,705)   coste   27    20
(107,271)   coste   42    35
(107,311)   coste   31    30
(107,513)   coste   31    28
(107,739)   coste   11    15
(107,921)   coste   11    3
(108,447)   coste   15    20
(108,780)   coste   50    48
(109,155)   coste   38    31
(109,283)   coste   31    39
(109,535)   coste   30    26
(109,744)   coste   37    32
(109,999)   coste   27    23
(110,243)   coste   30    29
(110,566)   coste   24    21
(110,806)   coste   36    37
(110,990)   coste   46    47
(111,167)   coste   34    36
(111,432)   coste   18    27
(111,623)   coste   37    31
(111,654)   coste   62    61
(111,971)   coste   1    5
(111,976)   coste   38    35
(112,118)   coste   42    41
(112,125)   coste   26    31
(112,161)   coste   58    56
(112,492)   coste   53    51
(112,512)   coste   38    35
(112,601)   coste   31    28
(113,124)   coste   32    26
(113,357)   coste   53    53
(113,666)   coste   11    11
(113,687)   coste   42    34
(113,858)   coste   55    49
(113,903)   coste   46    39
(113,952)   coste   47    44
(114,184)   coste   36    45
(114,351)   coste   8    2
(114,541)   coste   38    38
(114,604)   coste   29    22
(115,538)   coste   23    24
(115,549)   coste   31    35
(115,563)   coste   24    22
(115,603)   coste   25    25
(115,951)   coste   11    15
(116,124)   coste   32    40
(116,395)   coste   37    26
(116,681)   coste   42    38
(116,903)   coste   24    30
(116,941)   coste   17    12
(117,221)   coste   39    40
(117,333)   coste   25    16
(117,461)   coste   38    41
(117,567)   coste   20    19
(117,642)   coste   31    31
(118,161)   coste   30    39
(118,601)   coste   30    28
(118,777)   coste   49    50
(119,235)   coste   1    5
(119,243)   coste   24    31
(119,477)   coste   38    35
(119,916)   coste   42    40
(119,953)   coste   10    2
(120,347)   coste   20    17
(120,415)   coste   39    31
(120,779)   coste   6    9
(120,787)   coste   32    28
(121,352)   coste   28    37
(121,715)   coste   23    28
(121,883)   coste   58    59
(121,929)   coste   31    31
(122,262)   coste   43    45
(122,340)   coste   50    51
(122,810)   coste   51    47
(122,917)   coste   72    71
(123,244)   coste   33    38
(123,294)   coste   19    13
(123,458)   coste   41    33
(123,731)   coste   33    34
(124,666)   coste   27    30
(124,687)   coste   45    45
(124,818)   coste   32    37
(124,903)   coste   17    13
(125,161)   coste   71    63
(125,492)   coste   26    25
(125,512)   coste   44    40
(125,601)   coste   35    37
(126,281)   coste   16    10
(126,408)   coste   26    23
(126,516)   coste   34    22
(126,549)   coste   37    37
(126,804)   coste   32    28
(126,901)   coste   9    17
(126,916)   coste   25    32
(127,387)   coste   9    14
(127,391)   coste   36    32
(127,445)   coste   46    39
(127,493)   coste   37    29
(127,614)   coste   45    48
(128,285)   coste   38    36
(128,649)   coste   49    47
(128,655)   coste   40    34
(128,738)   coste   51    43
(129,508)   coste   45    38
(129,530)   coste   44    46
(129,948)   coste   20    20
(130,138)   coste   39    30
(130,150)   coste   23    21
(130,398)   coste   34    36
(130,767)   coste   22    14
(130,830)   coste   27    24
(130,850)   coste   10    13
(131,176)   coste   25    21
(131,345)   coste   14    9
(131,846)   coste   15    13
(131,880)   coste   74    73
(131,897)   coste   10    11
(131,963)   coste   42    35
(132,222)   coste   25    17
(132,422)   coste   53    53
(132,713)   coste   31    27
(133,749)   coste   52    56
(133,840)   coste   67    55
(133,844)   coste   47    44
(133,894)   coste   35    33
(133,937)   coste   43    53
(134,294)   coste   25    36
(134,360)   coste   44    46
(134,448)   coste   34    38
(134,731)   coste   38    46
(134,750)   coste   30    25
(134,840)   coste   42    44
(134,928)   coste   36    30
(135,232)   coste   62    61
(135,632)   coste   54    46
(135,730)   coste   20    20
(135,778)   coste   23    26
(136,415)   coste   17    13
(136,532)   coste   26    33
(136,555)   coste   46    49
(136,787)   coste   17    19
(136,997)   coste   42    34
(137,204)   coste   63    64
(137,511)   coste   45    54
(137,573)   coste   52    64
(137,790)   coste   58    57
(137,798)   coste   69    64
(138,150)   coste   32    25
(138,263)   coste   51    56
(138,398)   coste   3    12
(138,850)   coste   36    38
(139,155)   coste   25    25
(139,402)   coste   34    30
(139,589)   coste   30    31
(139,744)   coste   16    18
(140,212)   coste   28    19
(140,375)   coste   22    18
(140,384)   coste   24    21
(140,414)   coste   13    15
(140,908)   coste   33    40
(140,992)   coste   33    40
(141,278)   coste   40    49
(141,557)   coste   48    49
(141,757)   coste   52    46
(141,905)   coste   45    55
(142,206)   coste   9    6
(142,557)   coste   51    57
(142,701)   coste   25    22
(142,983)   coste   4    5
(143,493)   coste   47    37
(143,614)   coste   40    43
(144,199)   coste   37    39
(144,268)   coste   31    29
(144,327)   coste   40    36
(144,483)   coste   36    40
(144,627)   coste   49    43
(144,822)   coste   17    11
(144,926)   coste   28    27
(145,151)   coste   19    26
(145,217)   coste   60    56
(145,564)   coste   45    57
(145,807)   coste   47    41
(145,895)   coste   30    40
(146,169)   coste   33    34
(146,313)   coste   20    18
(146,745)   coste   46    56
(146,820)   coste   65    57
(147,675)   coste   17    17
(147,731)   coste   22    15
(147,928)   coste   26    26
(147,959)   coste   22    15
(148,515)   coste   38    39
(148,581)   coste   46    45
(148,602)   coste   26    22
(148,828)   coste   19    23
(148,896)   coste   15    13
(148,981)   coste   38    39
(149,198)   coste   3    1
(149,875)   coste   11    2
(150,289)   coste   30    27
(150,292)   coste   23    27
(150,398)   coste   19    20
(150,474)   coste   21    21
(150,830)   coste   9    1
(150,850)   coste   15    15
(151,651)   coste   27    18
(151,807)   coste   67    71
(151,819)   coste   17    9
(151,895)   coste   19    16
(152,456)   coste   22    15
(152,626)   coste   45    47
(152,817)   coste   39    36
(152,974)   coste   31    31
(153,322)   coste   24    29
(153,581)   coste   45    44
(153,854)   coste   11    22
(154,204)   coste   16    11
(154,259)   coste   21    25
(154,539)   coste   29    26
(154,550)   coste   32    32
(154,560)   coste   47    47
(154,703)   coste   29    27
(154,790)   coste   64    66
(154,798)   coste   22    27
(155,283)   coste   19    27
(155,744)   coste   1    4
(156,447)   coste   49    58
(156,472)   coste   48    38
(156,547)   coste   45    46
(156,763)   coste   14    20
(156,950)   coste   28    30
(157,218)   coste   20    14
(157,473)   coste   25    23
(157,487)   coste   33    42
(157,553)   coste   19    19
(157,717)   coste   14    17
(157,774)   coste   21    18
(158,365)   coste   57    55
(158,867)   coste   53    50
(158,931)   coste   11    11
(158,957)   coste   64    57
(159,170)   coste   28    31
(159,202)   coste   35    39
(159,260)   coste   40    36
(159,499)   coste   30    39
(159,578)   coste   33    34
(159,594)   coste   45    54
(159,879)   coste   34    26
(160,179)   coste   12    18
(160,444)   coste   21    30
(160,452)   coste   15    18
(160,466)   coste   1    1
(160,862)   coste   21    22
(160,984)   coste   36    28
(161,492)   coste   54    51
(161,601)   coste   29    33
(162,708)   coste   11    18
(162,815)   coste   3    3
(162,876)   coste   35    38
(163,350)   coste   64    67
(163,645)   coste   22    12
(163,696)   coste   13    18
(163,697)   coste   47    43
(164,319)   coste   39    34
(164,376)   coste   15    26
(164,639)   coste   40    37
(164,704)   coste   48    49
(164,913)   coste   27    26
(165,401)   coste   33    25
(165,469)   coste   27    24
(165,707)   coste   28    37
(165,735)   coste   24    20
(166,199)   coste   10    20
(166,303)   coste   48    47
(166,327)   coste   9    8
(166,664)   coste   14    25
(166,797)   coste   1    8
(167,432)   coste   18    22
(167,623)   coste   25    17
(167,705)   coste   39    46
(167,721)   coste   19    19
(167,902)   coste   38    40
(167,971)   coste   27    27
(168,190)   coste   13    14
(168,375)   coste   30    31
(168,771)   coste   37    35
(168,808)   coste   49    44
(168,842)   coste   36    39
(168,992)   coste   6    9
(169,274)   coste   38    42
(169,348)   coste   32    39
(170,202)   coste   21    26
(170,544)   coste   44    49
(170,578)   coste   19    13
(170,879)   coste   46    36
(171,426)   coste   21    22
(171,495)   coste   27    29
(171,533)   coste   34    30
(171,754)   coste   8    1
(171,762)   coste   34    37
(171,814)   coste   30    26
(172,354)   coste   31    35
(172,383)   coste   27    21
(172,470)   coste   27    22
(172,525)   coste   34    38
(172,561)   coste   23    21
(173,291)   coste   46    38
(173,647)   coste   55    50
(173,723)   coste   49    55
(173,875)   coste   46    39
(174,233)   coste   55    54
(174,751)   coste   16    10
(174,802)   coste   65    68
(174,944)   coste   52    57
(175,626)   coste   32    35
(175,817)   coste   41    42
(175,930)   coste   11    14
(175,974)   coste   9    2
(176,345)   coste   4    10
(176,846)   coste   20    12
(176,960)   coste   11    6
(177,277)   coste   26    27
(177,362)   coste   30    24
(177,386)   coste   43    45
(177,680)   coste   34    35
(177,924)   coste   31    22
(178,472)   coste   38    35
(178,742)   coste   34    38
(178,857)   coste   36    47
(178,950)   coste   37    31
(178,995)   coste   17    26
(179,452)   coste   7    13
(179,466)   coste   22    18
(179,848)   coste   3    9
(179,984)   coste   29    28
(180,475)   coste   14    24
(180,683)   coste   24    25
(180,906)   coste   16    26
(181,299)   coste   55    53
(181,417)   coste   62    55
(181,489)   coste   8    19
(181,985)   coste   57    53
(182,282)   coste   25    17
(182,315)   coste   26    34
(182,649)   coste   43    47
(182,801)   coste   13    22
(182,893)   coste   15    17
(182,898)   coste   40    31
(183,306)   coste   28    24
(183,514)   coste   33    33
(183,733)   coste   36    37
(183,740)   coste   9    16
(184,604)   coste   53    45
(184,858)   coste   36    36
(185,200)   coste   27    27
(185,471)   coste   32    32
(185,615)   coste   17    26
(185,672)   coste   17    16
(185,885)   coste   37    40
(186,234)   coste   29    27
(186,275)   coste   67    69
(186,276)   coste   22    22
(186,431)   coste   67    70
(186,701)   coste   32    30
(186,791)   coste   43    39
(186,983)   coste   57    58
(187,224)   coste   49    38
(187,320)   coste   47    47
(187,698)   coste   39    44
(187,853)   coste   32    33
(188,401)   coste   32    22
(188,591)   coste   43    33
(188,593)   coste   39    39
(188,718)   coste   25    21
(188,994)   coste   45    45
(189,522)   coste   51    42
(189,552)   coste   38    38
(189,610)   coste   47    51
(189,882)   coste   39    39
(190,545)   coste   35    28
(190,771)   coste   27    33
(190,808)   coste   30    39
(190,824)   coste   38    34
(190,842)   coste   22    24
(190,955)   coste   34    32
(190,992)   coste   21    24
(191,211)   coste   28    29
(191,368)   coste   24    22
(191,371)   coste   46    52
(191,504)   coste   53    59
(192,225)   coste   34    28
(192,410)   coste   31    33
(192,527)   coste   42    34
(192,611)   coste   46    40
(192,860)   coste   22    24
(192,937)   coste   44    47
(193,272)   coste   28    22
(193,529)   coste   18    21
(193,631)   coste   44    38
(193,691)   coste   23    30
(193,727)   coste   13    14
(193,775)   coste   41    35
(193,996)   coste   19    17
(194,290)   coste   46    50
(194,397)   coste   30    24
(194,491)   coste   62    53
(194,792)   coste   27    24
(194,973)   coste   46    39
(195,572)   coste   27    28
(195,653)   coste   12    6
(195,913)   coste   31    31
(195,973)   coste   10    11
(196,302)   coste   23    24
(196,634)   coste   43    44
(196,929)   coste   52    56
(197,398)   coste   48    49
(197,486)   coste   42    45
(197,490)   coste   24    25
(197,546)   coste   53    51
(197,839)   coste   56    52
(198,875)   coste   8    4
(199,268)   coste   29    35
(199,327)   coste   1    6
(199,797)   coste   22    19
(199,822)   coste   20    22
(200,393)   coste   55    58
(200,615)   coste   6    17
(200,625)   coste   41    44
(200,672)   coste   29    26
(201,357)   coste   27    32
(201,687)   coste   57    56
(201,911)   coste   43    47
(201,952)   coste   41    37
(201,967)   coste   52    49
(202,399)   coste   35    41
(202,879)   coste   13    21
(203,499)   coste   14    19
(203,611)   coste   26    33
(203,844)   coste   41    44
(204,259)   coste   40    36
(204,790)   coste   51    61
(204,798)   coste   8    10
(205,421)   coste   57    60
(205,577)   coste   30    19
(205,638)   coste   19    22
(205,686)   coste   28    29
(205,765)   coste   25    24
(205,978)   coste   38    40
(206,557)   coste   48    52
(206,983)   coste   1    5
(207,422)   coste   46    38
(207,530)   coste   12    4
(207,736)   coste   30    30
(207,753)   coste   14    3
(208,246)   coste   30    36
(208,657)   coste   26    22
(208,714)   coste   36    29
(208,922)   coste   18    20
(208,933)   coste   38    35
(209,249)   coste   13    13
(209,270)   coste   30    29
(209,382)   coste   24    22
(209,613)   coste   48    45
(209,650)   coste   41    48
(210,457)   coste   23    33
(210,542)   coste   17    27
(210,547)   coste   26    21
(210,636)   coste   2    13
(210,640)   coste   29    22
(210,667)   coste   26    27
(211,368)   coste   47    37
(211,371)   coste   37    29
(211,504)   coste   48    55
(211,621)   coste   45    44
(212,384)   coste   20    13
(212,414)   coste   33    44
(212,908)   coste   23    20
(213,229)   coste   15    11
(213,352)   coste   49    48
(213,628)   coste   48    44
(213,883)   coste   9    15
(214,783)   coste   2    5
(214,980)   coste   14    18
(215,467)   coste   45    45
(215,474)   coste   33    26
(215,496)   coste   21    26
(215,702)   coste   41    45
(215,767)   coste   35    30
(215,794)   coste   59    56
(215,830)   coste   34    41
(215,850)   coste   39    39
(216,423)   coste   30    24
(216,728)   coste   20    23
(216,746)   coste   18    15
(217,219)   coste   53    53
(217,326)   coste   38    48
(217,886)   coste   41    46
(218,286)   coste   5    13
(218,473)   coste   44    39
(218,487)   coste   22    23
(218,553)   coste   36    38
(218,717)   coste   27    16
(218,756)   coste   49    50
(218,774)   coste   32    27
(218,788)   coste   32    35
(219,257)   coste   40    36
(219,326)   coste   42    38
(219,586)   coste   6    8
(220,396)   coste   35    37
(220,965)   coste   21    25
(221,254)   coste   24    22
(221,567)   coste   26    29
(221,595)   coste   62    61
(221,642)   coste   38    40
(221,863)   coste   34    31
(222,436)   coste   21    20
(222,713)   coste   29    31
(222,865)   coste   28    19
(223,393)   coste   23    27
(223,699)   coste   32    40
(223,923)   coste   48    49
(223,947)   coste   53    49
(224,663)   coste   48    47
(224,853)   coste   16    16
(225,356)   coste   50    54
(225,611)   coste   33    33
(225,812)   coste   48    46
(225,872)   coste   39    36
(226,442)   coste   33    34
(226,633)   coste   37    31
(226,793)   coste   25    31
(226,835)   coste   41    41
(226,851)   coste   27    34
(227,297)   coste   21    21
(227,476)   coste   11    16
(227,912)   coste   34    24
(227,987)   coste   25    23
(228,519)   coste   14    16
(228,535)   coste   26    31
(228,723)   coste   52    48
(228,890)   coste   23    31
(228,999)   coste   21    20
(229,628)   coste   51    47
(229,878)   coste   62    65
(229,915)   coste   32    38
(230,330)   coste   10    4
(230,375)   coste   36    31
(230,403)   coste   12    6
(230,979)   coste   22    17
(230,980)   coste   35    34
(231,250)   coste   14    14
(231,288)   coste   15    21
(231,635)   coste   8    10
(231,914)   coste   25    31
(231,956)   coste   42    41
(232,265)   coste   36    32
(232,871)   coste   30    33
(232,919)   coste   20    26
(233,248)   coste   35    45
(233,461)   coste   54    52
(233,944)   coste   13    13
(234,248)   coste   48    44
(234,275)   coste   64    64
(234,276)   coste   36    41
(234,449)   coste   54    54
(234,791)   coste   11    11
(234,877)   coste   48    48
(235,243)   coste   19    20
(235,408)   coste   33    33
(235,477)   coste   39    34
(236,280)   coste   7    15
(236,344)   coste   39    43
(236,477)   coste   55    52
(236,590)   coste   26    23
(236,707)   coste   50    46
(237,460)   coste   28    17
(237,609)   coste   27    28
(237,690)   coste   42    41
(237,764)   coste   34    29
(237,914)   coste   12    9
(238,355)   coste   31    29
(238,373)   coste   37    39
(238,616)   coste   33    27
(238,641)   coste   25    18
(239,258)   coste   49    45
(239,337)   coste   28    30
(239,455)   coste   34    35
(239,668)   coste   31    37
(239,677)   coste   3    1
(239,866)   coste   31    39
(239,964)   coste   46    38
(240,503)   coste   36    41
(240,808)   coste   48    44
(240,812)   coste   45    38
(240,872)   coste   41    42
(241,336)   coste   23    19
(241,353)   coste   22    19
(241,452)   coste   19    26
(241,817)   coste   24    24
(241,848)   coste   21    20
(242,413)   coste   11    13
(242,444)   coste   8    10
(242,466)   coste   32    28
(242,675)   coste   29    28
(242,959)   coste   24    26
(243,477)   coste   36    39
(243,566)   coste   33    36
(244,284)   coste   1    2
(244,458)   coste   11    2
(244,515)   coste   42    43
(244,975)   coste   32    37
(245,251)   coste   26    25
(245,376)   coste   34    28
(245,400)   coste   26    38
(245,481)   coste   25    30
(245,572)   coste   53    46
(245,639)   coste   44    39
(245,669)   coste   38    30
(245,803)   coste   17    19
(246,657)   coste   11    11
(246,855)   coste   35    43
(246,922)   coste   30    22
(247,437)   coste   3    8
(247,712)   coste   45    36
(247,835)   coste   64    64
(248,309)   coste   12    2
(248,791)   coste   36    36
(249,270)   coste   23    23
(249,382)   coste   30    37
(249,613)   coste   51    42
(249,793)   coste   57    51
(250,635)   coste   4    14
(250,761)   coste   14    13
(251,376)   coste   17    14
(251,639)   coste   27    15
(251,669)   coste   34    34
(252,502)   coste   34    34
(252,556)   coste   18    26
(252,843)   coste   30    29
(252,859)   coste   27    35
(253,351)   coste   14    16
(253,632)   coste   30    21
(253,689)   coste   29    24
(253,710)   coste   21    14
(253,786)   coste   24    17
(253,849)   coste   23    20
(254,863)   coste   15    14
(255,316)   coste   23    26
(255,366)   coste   20    15
(255,392)   coste   38    32
(255,412)   coste   29    28
(255,520)   coste   32    28
(255,869)   coste   37    44
(256,413)   coste   20    25
(256,428)   coste   22    22
(256,675)   coste   21    19
(256,749)   coste   44    35
(256,873)   coste   24    34
(256,959)   coste   15    24
(257,320)   coste   41    43
(257,586)   coste   38    37
(257,698)   coste   33    43
(257,847)   coste   43    43
(258,668)   coste   40    38
(258,949)   coste   41    41
(258,964)   coste   45    44
(258,982)   coste   49    49
(259,703)   coste   14    18
(259,790)   coste   63    61
(259,798)   coste   43    45
(260,578)   coste   44    42
(260,594)   coste   10    12
(260,613)   coste   16    23
(260,650)   coste   52    47
(261,405)   coste   8    7
(261,425)   coste   12    21
(261,695)   coste   46    55
(261,716)   coste   32    34
(261,760)   coste   26    24
(261,939)   coste   34    31
(262,340)   coste   30    25
(262,810)   coste   22    28
(262,892)   coste   42    37
(263,329)   coste   44    49
(263,359)   coste   46    44
(263,839)   coste   18    27
(264,372)   coste   24    28
(264,465)   coste   5    3
(264,580)   coste   57    54
(265,580)   coste   52    48
(265,909)   coste   44    35
(265,910)   coste   43    48
(266,544)   coste   28    29
(266,585)   coste   47    47
(266,784)   coste   2    4
(266,878)   coste   47    40
(267,312)   coste   38    44
(267,507)   coste   49    50
(267,513)   coste   62    66
(267,813)   coste   55    59
(268,327)   coste   36    30
(268,822)   coste   25    18
(268,887)   coste   22    25
(268,926)   coste   8    12
(269,326)   coste   26    25
(269,558)   coste   22    30
(269,651)   coste   30    29
(269,781)   coste   17    18
(270,382)   coste   41    33
(270,594)   coste   33    24
(270,613)   coste   28    17
(271,321)   coste   34    35
(271,622)   coste   17    29
(271,711)   coste   33    41
(272,631)   coste   23    27
(272,691)   coste   13    3
(272,727)   coste   35    26
(272,996)   coste   29    25
(273,548)   coste   17    17
(273,582)   coste   17    11
(273,804)   coste   11    3
(273,834)   coste   28    27
(274,313)   coste   47    52
(274,348)   coste   29    24
(274,512)   coste   26    31
(274,745)   coste   28    26
(274,968)   coste   29    35
(275,276)   coste   40    48
(275,431)   coste   16    5
(275,449)   coste   55    48
(276,431)   coste   45    43
(276,701)   coste   47    45
(277,335)   coste   9    9
(277,485)   coste   5    8
(277,680)   coste   31    25
(277,833)   coste   33    34
(277,924)   coste   17    23
(278,328)   coste   45    35
(278,467)   coste   65    71
(278,702)   coste   48    54
(278,757)   coste   49    47
(278,794)   coste   50    54
(278,905)   coste   14    24
(279,322)   coste   6    3
(279,536)   coste   32    36
(279,854)   coste   24    26
(280,343)   coste   39    43
(280,344)   coste   39    33
(280,480)   coste   36    47
(280,590)   coste   30    28
(280,707)   coste   38    48
(281,548)   coste   27    29
(281,582)   coste   25    22
(281,804)   coste   12    11
(281,901)   coste   3    4
(282,315)   coste   41    45
(282,801)   coste   24    21
(282,898)   coste   33    30
(283,589)   coste   20    20
(283,729)   coste   14    16
(283,969)   coste   22    28
(284,458)   coste   5    10
(284,515)   coste   31    31
(284,521)   coste   23    26
(284,975)   coste   37    36
(285,655)   coste   39    35
(285,738)   coste   31    32
(286,487)   coste   20    21
(286,717)   coste   35    27
(286,756)   coste   45    44
(286,788)   coste   23    22
(287,388)   coste   28    29
(287,419)   coste   24    31
(287,462)   coste   33    28
(287,511)   coste   50    39
(287,573)   coste   43    45
(287,958)   coste   4    4
(287,970)   coste   43    43
(288,460)   coste   37    29
(288,635)   coste   19    19
(288,764)   coste   23    30
(288,914)   coste   12    9
(289,292)   coste   15    5
(289,478)   coste   34    27
(289,496)   coste   27    30
(289,830)   coste   33    30
(290,319)   coste   50    55
(290,491)   coste   17    15
(290,704)   coste   28    27
(290,722)   coste   35    33
(291,361)   coste   46    52
(291,671)   coste   60    54
(291,766)   coste   49    54
(291,946)   coste   46    51
(292,474)   coste   34    29
(292,478)   coste   31    38
(292,496)   coste   18    17
(292,830)   coste   21    23
(293,397)   coste   27    33
(293,648)   coste   38    35
(293,660)   coste   20    16
(293,792)   coste   40    30
(293,960)   coste   20    19
(293,993)   coste   40    32
(294,731)   coste   42    34
(294,750)   coste   44    42
(294,928)   coste   45    41
(295,502)   coste   14    17
(295,556)   coste   7    15
(295,574)   coste   16    10
(295,799)   coste   15    13
(296,355)   coste   33    28
(296,679)   coste   22    28
(296,755)   coste   5    8
(296,843)   coste   20    16
(296,845)   coste   4    10
(297,476)   coste   39    35
(297,565)   coste   22    18
(297,600)   coste   12    4
(297,724)   coste   21    22
(297,965)   coste   39    30
(297,987)   coste   3    13
(298,400)   coste   33    24
(298,658)   coste   27    22
(298,803)   coste   33    33
(298,917)   coste   22    16
(299,489)   coste   44    48
(299,726)   coste   47    42
(299,871)   coste   31    29
(299,985)   coste   26    27
(300,518)   coste   11    4
(300,543)   coste   33    33
(300,592)   coste   41    40
(300,770)   coste   7    11
(301,484)   coste   22    29
(301,498)   coste   43    42
(301,581)   coste   37    37
(301,605)   coste   54    51
(301,838)   coste   38    40
(302,384)   coste   44    39
(302,634)   coste   24    26
(303,664)   coste   30    34
(303,797)   coste   43    45
(303,857)   coste   30    31
(303,940)   coste   38    44
(303,995)   coste   52    47
(304,450)   coste   41    33
(304,454)   coste   33    31
(304,918)   coste   10    7
(304,977)   coste   40    43
(305,488)   coste   24    19
(305,857)   coste   55    55
(305,912)   coste   39    33
(306,419)   coste   29    40
(306,529)   coste   48    47
(306,740)   coste   12    15
(307,325)   coste   35    41
(307,439)   coste   30    33
(307,741)   coste   18    7
(307,890)   coste   23    18
(308,450)   coste   48    43
(308,825)   coste   40    32
(308,918)   coste   63    52
(309,461)   coste   13    15
(309,791)   coste   41    32
(309,877)   coste   47    47
(310,377)   coste   70    71
(310,783)   coste   48    42
(310,980)   coste   55    60
(311,506)   coste   30    21
(311,870)   coste   17    22
(311,921)   coste   25    24
(312,321)   coste   31    24
(312,507)   coste   15    15
(312,513)   coste   25    24
(312,711)   coste   26    31
(312,739)   coste   25    31
(313,745)   coste   32    31
(314,358)   coste   44    42
(314,570)   coste   18    28
(314,661)   coste   21    21
(314,692)   coste   53    43
(314,773)   coste   29    34
(315,649)   coste   43    36
(315,725)   coste   38    37
(315,898)   coste   27    19
(316,366)   coste   22    19
(316,412)   coste   39    44
(316,646)   coste   37    33
(316,869)   coste   14    17
(317,349)   coste   23    23
(317,494)   coste   31    35
(317,518)   coste   31    34
(317,782)   coste   32    26
(317,889)   coste   41    30
(317,891)   coste   28    37
(318,526)   coste   46    44
(318,682)   coste   42    33
(318,768)   coste   47    42
(318,864)   coste   29    24
(318,949)   coste   41    41
(319,704)   coste   34    30
(319,913)   coste   53    42
(320,522)   coste   19    13
(320,552)   coste   24    18
(320,610)   coste   40    47
(320,698)   coste   3    8
(321,711)   coste   4    6
(321,739)   coste   10    8
(322,854)   coste   11    21
(323,595)   coste   51    51
(323,599)   coste   52    50
(323,678)   coste   36    38
(323,685)   coste   55    49
(323,863)   coste   53    52
(324,394)   coste   42    46
(324,418)   coste   22    22
(324,446)   coste   37    40
(324,608)   coste   38    38
(324,827)   coste   32    30
(325,576)   coste   27    28
(325,719)   coste   31    30
(325,729)   coste   24    19
(325,969)   coste   31    33
(326,781)   coste   33    27
(326,895)   coste   35    32
(327,797)   coste   13    19
(327,822)   coste   29    21
(327,940)   coste   22    25
(328,374)   coste   25    34
(328,757)   coste   32    29
(328,772)   coste   48    49
(328,802)   coste   22    30
(328,805)   coste   34    28
(328,905)   coste   25    28
(329,359)   coste   18    16
(329,619)   coste   71    66
(330,403)   coste   7    17
(330,571)   coste   31    33
(330,980)   coste   34    31
(331,466)   coste   23    23
(331,494)   coste   28    21
(331,862)   coste   8    6
(331,891)   coste   17    19
(332,365)   coste   41    46
(332,874)   coste   19    18
(332,904)   coste   27    24
(333,461)   coste   40    39
(333,567)   coste   19    24
(333,642)   coste   28    22
(334,380)   coste   14    17
(334,500)   coste   24    22
(334,622)   coste   48    45
(335,391)   coste   22    25
(335,485)   coste   20    15
(335,833)   coste   24    19
(336,452)   coste   33    31
(336,456)   coste   38    36
(336,817)   coste   13    6
(336,1000)   coste   35    34
(337,760)   coste   37    35
(337,777)   coste   49    37
(337,939)   coste   9    11
(337,964)   coste   21    18
(338,416)   coste   27    30
(338,659)   coste   29    27
(338,700)   coste   40    35
(338,885)   coste   37    42
(338,897)   coste   30    31
(339,468)   coste   13    12
(339,699)   coste   30    32
(339,986)   coste   22    19
(339,989)   coste   38    36
(340,810)   coste   4    8
(340,892)   coste   26    27
(340,947)   coste   45    35
(341,654)   coste   25    23
(341,709)   coste   38    35
(341,829)   coste   14    4
(341,976)   coste   37    32
(342,402)   coste   34    40
(342,432)   coste   50    47
(342,705)   coste   18    16
(342,902)   coste   38    32
(343,480)   coste   34    33
(343,707)   coste   25    33
(343,998)   coste   40    46
(344,480)   coste   30    24
(344,590)   coste   44    43
(344,759)   coste   49    51
(345,517)   coste   46    52
(345,846)   coste   11    10
(346,577)   coste   19    15
(346,671)   coste   16    21
(346,765)   coste   36    30
(346,888)   coste   26    33
(347,415)   coste   35    43
(347,779)   coste   27    28
(348,430)   coste   43    37
(348,968)   coste   13    17
(349,518)   coste   29    28
(349,592)   coste   21    25
(349,889)   coste   19    25
(350,381)   coste   48    47
(350,696)   coste   58    60
(350,697)   coste   27    29
(350,730)   coste   37    45
(351,604)   coste   24    27
(351,710)   coste   13    19
(352,878)   coste   58    54
(352,883)   coste   40    41
(352,929)   coste   50    57
(353,452)   coste   30    25
(353,848)   coste   17    9
(353,984)   coste   35    33
(354,383)   coste   12    6
(354,406)   coste   40    31
(354,628)   coste   14    10
(355,373)   coste   29    27
(355,679)   coste   6    12
(355,755)   coste   30    30
(355,845)   coste   30    20
(356,585)   coste   60    59
(356,812)   coste   11    11
(356,872)   coste   18    17
(357,687)   coste   37    30
(357,952)   coste   10    16
(358,692)   coste   8    18
(358,773)   coste   38    38
(359,420)   coste   53    54
(359,618)   coste   48    51
(359,619)   coste   50    47
(360,448)   coste   44    48
(360,746)   coste   20    11
(360,750)   coste   24    24
(360,935)   coste   53    53
(361,506)   coste   10    12
(361,524)   coste   8    10
(361,766)   coste   16    6
(362,386)   coste   39    42
(362,683)   coste   24    26
(363,434)   coste   21    21
(363,534)   coste   35    37
(363,575)   coste   12    22
(363,617)   coste   35    41
(364,385)   coste   31    26
(364,695)   coste   46    41
(364,925)   coste   44    44
(365,867)   coste   50    46
(365,874)   coste   48    57
(365,904)   coste   48    52
(366,743)   coste   35    33
(366,869)   coste   27    22
(367,378)   coste   15    26
(367,602)   coste   18    19
(367,896)   coste   29    32
(367,981)   coste   13    13
(368,936)   coste   39    39
(369,541)   coste   7    7
(369,604)   coste   14    5
(369,710)   coste   38    37
(369,911)   coste   18    16
(370,965)   coste   14    26
(371,607)   coste   35    46
(371,621)   coste   26    18
(371,789)   coste   37    41
(371,841)   coste   30    31
(372,465)   coste   25    23
(372,479)   coste   44    43
(372,489)   coste   44    46
(373,554)   coste   35    30
(373,679)   coste   33    32
(374,802)   coste   58    54
(374,805)   coste   8    1
(374,905)   coste   36    37
(375,403)   coste   27    22
(375,414)   coste   28    30
(375,771)   coste   10    9
(375,979)   coste   27    32
(375,992)   coste   30    31
(376,639)   coste   29    29
(376,913)   coste   33    36
(377,564)   coste   27    32
(377,807)   coste   47    39
(377,811)   coste   55    54
(378,429)   coste   1    1
(378,602)   coste   17    15
(378,896)   coste   29    25
(378,981)   coste   25    32
(379,655)   coste   43    49
(379,725)   coste   52    42
(379,805)   coste   13    12
(380,500)   coste   15    24
(380,620)   coste   32    42
(380,882)   coste   31    33
(380,934)   coste   19    18
(381,541)   coste   45    45
(381,656)   coste   45    45
(381,689)   coste   45    40
(381,710)   coste   48    53
(381,927)   coste   43    47
(382,613)   coste   45    40
(382,650)   coste   28    29
(383,406)   coste   25    21
(384,414)   coste   25    35
(384,634)   coste   30    27
(385,443)   coste   7    1
(385,904)   coste   35    25
(386,837)   coste   26    20
(387,391)   coste   40    36
(387,445)   coste   30    27
(387,493)   coste   38    37
(387,833)   coste   36    30
(388,419)   coste   24    16
(388,816)   coste   46    45
(388,958)   coste   33    32
(389,459)   coste   15    14
(389,720)   coste   16    13
(389,796)   coste   42    40
(389,931)   coste   72    72
(389,957)   coste   42    38
(390,392)   coste   38    37
(390,520)   coste   29    32
(390,796)   coste   13    17
(390,966)   coste   48    48
(391,493)   coste   27    20
(391,614)   coste   43    50
(392,412)   coste   21    13
(392,526)   coste   25    35
(392,920)   coste   30    36
(393,699)   coste   52    52
(393,880)   coste   64    58
(393,932)   coste   23    33
(394,418)   coste   50    49
(394,420)   coste   33    23
(394,480)   coste   51    46
(394,619)   coste   39    33
(394,759)   coste   19    26
(395,599)   coste   44    39
(395,681)   coste   24    23
(395,903)   coste   40    40
(395,941)   coste   17    20
(396,528)   coste   42    31
(396,584)   coste   34    35
(396,864)   coste   35    37
(397,517)   coste   53    50
(397,792)   coste   23    28
(398,850)   coste   35    41
(399,568)   coste   21    15
(399,585)   coste   23    28
(399,784)   coste   42    44
(400,481)   coste   14    6
(400,658)   coste   41    41
(400,669)   coste   43    39
(400,803)   coste   10    20
(400,917)   coste   38    34
(401,469)   coste   28    25
(401,591)   coste   35    28
(401,718)   coste   39    36
(401,735)   coste   30    29
(401,988)   coste   28    31
(402,902)   coste   23    25
(402,954)   coste   34    30
(403,571)   coste   33    31
(403,771)   coste   30    26
(403,908)   coste   39    44
(403,979)   coste   27    19
(404,411)   coste   18    19
(404,536)   coste   44    38
(404,758)   coste   11    15
(404,800)   coste   35    34
(404,837)   coste   38    37
(404,861)   coste   35    43
(405,425)   coste   24    26
(405,716)   coste   39    33
(405,760)   coste   39    39
(405,777)   coste   38    44
(405,820)   coste   53    55
(405,939)   coste   35    38
(405,964)   coste   36    34
(406,470)   coste   34    34
(406,673)   coste   38    35
(406,993)   coste   31    34
(407,554)   coste   57    61
(407,679)   coste   39    32
(407,845)   coste   28    38
(407,859)   coste   20    21
(407,933)   coste   18    28
(408,901)   coste   25    20
(408,916)   coste   22    17
(408,953)   coste   19    18
(409,598)   coste   38    33
(409,726)   coste   34    30
(409,730)   coste   49    47
(409,778)   coste   14    16
(409,919)   coste   44    37
(410,860)   coste   26    26
(410,868)   coste   53    50
(410,937)   coste   31    26
(411,484)   coste   49    47
(411,605)   coste   28    17
(411,758)   coste   16    26
(411,800)   coste   38    43
(411,837)   coste   11    16
(412,526)   coste   17    12
(412,920)   coste   13    14
(413,428)   coste   23    23
(413,444)   coste   21    9
(413,891)   coste   32    32
(413,959)   coste   25    31
(414,634)   coste   51    41
(414,992)   coste   20    21
(415,787)   coste   25    25
(416,471)   coste   28    34
(416,885)   coste   18    15
(416,897)   coste   41    41
(416,963)   coste   20    24
(417,465)   coste   50    41
(417,479)   coste   23    19
(417,871)   coste   26    27
(417,985)   coste   8    8
(418,435)   coste   51    49
(418,619)   coste   40    40
(418,827)   coste   40    35
(419,529)   coste   32    39
(419,958)   coste   35    37
(420,618)   coste   8    7
(420,619)   coste   25    22
(420,759)   coste   8    18
(421,508)   coste   48    45
(422,530)   coste   41    41
(422,752)   coste   31    27
(422,753)   coste   33    28
(423,426)   coste   33    28
(423,495)   coste   28    19
(423,728)   coste   18    16
(423,746)   coste   48    50
(423,762)   coste   16    23
(423,942)   coste   34    34
(424,468)   coste   33    37
(424,625)   coste   43    39
(424,986)   coste   22    21
(424,988)   coste   35    45
(424,998)   coste   48    50
(425,695)   coste   42    45
(425,716)   coste   33    30
(425,760)   coste   43    31
(425,820)   coste   57    57
(426,495)   coste   14    15
(426,754)   coste   21    21
(426,762)   coste   15    13
(427,498)   coste   27    27
(427,574)   coste   15    17
(427,799)   coste   36    37
(427,838)   coste   13    8
(428,776)   coste   31    29
(428,891)   coste   14    16
(429,602)   coste   25    22
(429,896)   coste   31    26
(430,645)   coste   16    20
(430,696)   coste   37    45
(430,697)   coste   39    36
(431,449)   coste   61    55
(432,534)   coste   40    44
(432,623)   coste   42    42
(432,705)   coste   41    29
(432,971)   coste   15    17
(433,435)   coste   39    32
(433,446)   coste   21    23
(433,509)   coste   25    18
(433,827)   coste   45    44
(433,938)   coste   33    33
(433,989)   coste   39    51
(434,575)   coste   34    33
(434,617)   coste   33    45
(434,662)   coste   30    33
(435,446)   coste   27    24
(435,509)   coste   25    14
(435,827)   coste   14    15
(435,938)   coste   9    12
(436,543)   coste   21    23
(436,684)   coste   11    21
(436,865)   coste   6    11
(437,438)   coste   42    46
(437,441)   coste   35    33
(437,712)   coste   36    47
(437,785)   coste   23    18
(438,441)   coste   33    26
(438,785)   coste   18    21
(439,451)   coste   25    33
(439,559)   coste   30    40
(439,719)   coste   20    25
(439,741)   coste   32    42
(439,943)   coste   31    31
(440,531)   coste   5    16
(440,688)   coste   3    14
(440,821)   coste   27    35
(440,823)   coste   39    31
(441,712)   coste   31    31
(441,785)   coste   28    20
(442,633)   coste   4    13
(442,700)   coste   17    20
(442,793)   coste   56    65
(442,851)   coste   50    46
(443,874)   coste   38    38
(443,904)   coste   35    36
(443,925)   coste   12    15
(444,466)   coste   22    20
(444,862)   coste   25    22
(445,587)   coste   17    22
(445,665)   coste   8    8
(445,833)   coste   33    38
(446,509)   coste   7    8
(446,608)   coste   31    34
(446,827)   coste   21    29
(446,938)   coste   33    29
(447,780)   coste   28    23
(448,750)   coste   39    41
(448,840)   coste   34    31
(448,894)   coste   52    57
(448,935)   coste   12    10
(449,791)   coste   46    46
(449,877)   coste   45    45
(450,629)   coste   56    55
(450,825)   coste   54    60
(450,918)   coste   40    43
(451,559)   coste   36    30
(451,617)   coste   43    34
(451,630)   coste   30    24
(451,662)   coste   37    46
(451,719)   coste   17    17
(451,943)   coste   9    15
(452,848)   coste   13    13
(453,542)   coste   30    28
(453,636)   coste   27    22
(453,667)   coste   22    19
(453,706)   coste   20    16
(453,769)   coste   8    19
(453,821)   coste   19    19
(453,997)   coste   36    31
(454,629)   coste   18    17
(454,847)   coste   35    29
(454,886)   coste   53    44
(454,918)   coste   28    26
(454,977)   coste   10    18
(455,677)   coste   39    31
(455,866)   coste   27    23
(455,867)   coste   46    50
(455,966)   coste   30    36
(456,817)   coste   28    25
(456,831)   coste   46    46
(456,974)   coste   40    43
(456,1000)   coste   43    41
(457,547)   coste   27    25
(457,640)   coste   1    8
(458,521)   coste   34    29
(458,975)   coste   36    37
(459,720)   coste   18    16
(459,743)   coste   43    44
(459,815)   coste   37    42
(460,914)   coste   22    23
(460,956)   coste   35    29
(461,791)   coste   47    42
(461,877)   coste   46    39
(462,573)   coste   31    32
(462,816)   coste   35    29
(462,958)   coste   33    27
(462,970)   coste   26    27
(463,523)   coste   32    32
(463,528)   coste   43    39
(463,644)   coste   24    29
(463,652)   coste   35    26
(463,682)   coste   48    37
(463,768)   coste   14    19
(464,662)   coste   42    43
(464,824)   coste   50    50
(464,979)   coste   44    42
(464,980)   coste   51    43
(465,479)   coste   30    26
(466,862)   coste   28    17
(466,984)   coste   34    33
(467,496)   coste   58    61
(467,702)   coste   41    52
(467,794)   coste   19    23
(468,699)   coste   35    24
(468,986)   coste   22    27
(468,989)   coste   54    55
(469,591)   coste   16    18
(469,707)   coste   40    50
(469,735)   coste   37    40
(469,834)   coste   40    38
(470,525)   coste   55    54
(470,561)   coste   19    26
(470,673)   coste   3    9
(471,633)   coste   39    42
(471,672)   coste   33    32
(471,851)   coste   41    39
(471,885)   coste   17    18
(471,963)   coste   40    34
(472,763)   coste   32    43
(472,857)   coste   42    39
(472,950)   coste   34    32
(473,488)   coste   40    43
(473,664)   coste   23    25
(473,774)   coste   12    14
(474,496)   coste   28    23
(474,767)   coste   18    18
(474,830)   coste   14    12
(474,850)   coste   13    5
(475,683)   coste   40    34
(475,906)   coste   1    7
(476,764)   coste   32    29
(477,590)   coste   34    27
(478,496)   coste   49    55
(478,856)   coste   29    25
(479,871)   coste   39    43
(481,669)   coste   35    39
(481,803)   coste   16    14
(481,917)   coste   41    41
(482,612)   coste   26    15
(482,732)   coste   41    43
(482,899)   coste   17    12
(482,907)   coste   24    13
(482,936)   coste   21    26
(482,945)   coste   24    28
(483,627)   coste   51    48
(483,822)   coste   50    48
(483,940)   coste   31    38
(483,995)   coste   46    50
(484,605)   coste   39    44
(484,837)   coste   48    48
(484,838)   coste   42    50
(485,596)   coste   25    27
(485,680)   coste   22    17
(485,833)   coste   31    23
(485,924)   coste   12    8
(486,490)   coste   29    33
(486,856)   coste   30    35
(487,788)   coste   35    34
(487,832)   coste   42    35
(488,774)   coste   54    45
(489,985)   coste   43    40
(490,546)   coste   52    41
(491,704)   coste   45    42
(491,722)   coste   9    14
(492,601)   coste   39    36
(492,726)   coste   62    57
(493,614)   coste   22    25
(494,889)   coste   27    24
(494,1000)   coste   27    27
(495,537)   coste   48    45
(495,754)   coste   29    26
(495,762)   coste   21    29
(496,702)   coste   42    41
(496,830)   coste   21    27
(497,569)   coste   47    38
(497,728)   coste   1    1
(497,942)   coste   22    14
(497,975)   coste   28    30
(498,670)   coste   14    19
(498,838)   coste   10    10
(498,900)   coste   21    21
(499,611)   coste   36    30
(499,844)   coste   56    59
(499,879)   coste   11    6
(500,620)   coste   56    54
(500,934)   coste   30    31
(501,615)   coste   45    48
(501,625)   coste   19    19
(501,718)   coste   33    29
(501,735)   coste   50    52
(501,988)   coste   30    35
(502,556)   coste   21    24
(502,574)   coste   33    30
(502,799)   coste   26    22
(502,859)   coste   30    30
(502,933)   coste   34    37
(503,808)   coste   28    18
(503,824)   coste   36    36
(503,842)   coste   15    16
(503,955)   coste   8    8
(504,624)   coste   57    57
(505,508)   coste   55    48
(505,686)   coste   40    47
(505,852)   coste   49    46
(505,948)   coste   16    21
(505,978)   coste   50    42
(506,524)   coste   20    18
(506,766)   coste   17    16
(506,870)   coste   23    17
(506,946)   coste   17    22
(507,513)   coste   17    17
(507,514)   coste   55    52
(507,739)   coste   38    38
(508,530)   coste   54    58
(508,948)   coste   37    46
(509,608)   coste   34    36
(509,827)   coste   20    25
(509,938)   coste   24    18
(510,513)   coste   47    56
(510,514)   coste   28    20
(510,733)   coste   18    22
(510,852)   coste   34    39
(510,870)   coste   51    55
(511,573)   coste   10    6
(512,745)   coste   22    21
(513,739)   coste   25    23
(513,921)   coste   32    29
(514,733)   coste   9    14
(515,602)   coste   31    32
(515,674)   coste   41    37
(515,981)   coste   20    18
(516,549)   coste   22    23
(516,563)   coste   17    11
(516,916)   coste   1    9
(517,880)   coste   29    22
(518,592)   coste   33    37
(518,770)   coste   11    13
(519,647)   coste   45    53
(519,723)   coste   52    51
(519,737)   coste   39    38
(519,890)   coste   28    35
(520,720)   coste   36    34
(520,743)   coste   30    30
(520,796)   coste   39    39
(521,569)   coste   42    43
(521,975)   coste   30    24
(522,552)   coste   5    1
(522,610)   coste   28    38
(523,528)   coste   5    10
(523,565)   coste   40    47
(523,644)   coste   6    18
(523,768)   coste   35    38
(524,622)   coste   40    41
(524,875)   coste   47    48
(525,561)   coste   32    33
(526,584)   coste   30    34
(526,864)   coste   31    37
(526,920)   coste   1    3
(527,872)   coste   46    45
(528,565)   coste   41    36
(529,727)   coste   3    1
(529,996)   coste   32    26
(530,736)   coste   29    33
(530,753)   coste   13    9
(531,688)   coste   12    21
(531,821)   coste   40    33
(532,555)   coste   13    12
(532,626)   coste   25    19
(532,787)   coste   36    34
(532,997)   coste   34    41
(533,754)   coste   28    36
(533,814)   coste   24    19
(534,575)   coste   32    23
(534,705)   coste   24    36
(535,729)   coste   34    40
(535,890)   coste   27    23
(535,969)   coste   15    22
(535,999)   coste   10    11
(536,562)   coste   14    26
(536,688)   coste   27    29
(536,823)   coste   19    17
(536,861)   coste   13    11
(536,962)   coste   34    31
(537,712)   coste   52    44
(537,754)   coste   45    39
(537,814)   coste   29    39
(538,563)   coste   37    40
(538,603)   coste   3    4
(538,762)   coste   35    35
(538,951)   coste   30    30
(539,560)   coste   30    33
(539,798)   coste   12    11
(540,606)   coste   10    1
(540,884)   coste   25    21
(540,994)   coste   21    21
(541,604)   coste   14    13
(541,710)   coste   33    30
(541,911)   coste   21    21
(542,636)   coste   17    12
(542,706)   coste   19    23
(542,769)   coste   36    42
(543,684)   coste   18    20
(543,747)   coste   6    13
(543,770)   coste   34    34
(544,578)   coste   40    39
(544,784)   coste   27    33
(544,878)   coste   41    50
(545,771)   coste   11    21
(545,824)   coste   36    28
(545,979)   coste   19    20
(546,809)   coste   12    14
(546,839)   coste   36    43
(547,636)   coste   23    29
(548,582)   coste   22    14
(548,804)   coste   24    21
(549,563)   coste   12    15
(550,609)   coste   35    44
(550,703)   coste   7    4
(551,749)   coste   37    45
(551,840)   coste   30    38
(551,873)   coste   12    17
(551,894)   coste   55    61
(551,928)   coste   32    30
(552,610)   coste   30    37
(553,717)   coste   19    16
(553,756)   coste   35    35
(553,774)   coste   25    29
(554,657)   coste   57    53
(554,855)   coste   29    37
(555,626)   coste   20    18
(555,787)   coste   53    48
(555,997)   coste   50    42
(556,574)   coste   12    20
(558,651)   coste   26    27
(558,781)   coste   33    28
(559,719)   coste   44    44
(559,811)   coste   26    32
(559,943)   coste   17    19
(560,788)   coste   36    31
(561,673)   coste   31    26
(562,688)   coste   37    37
(562,823)   coste   15    8
(562,861)   coste   6    10
(562,962)   coste   16    18
(563,916)   coste   21    20
(563,951)   coste   40    36
(564,807)   coste   28    28
(564,811)   coste   49    51
(565,600)   coste   23    25
(565,724)   coste   24    23
(566,806)   coste   41    40
(567,642)   coste   22    22
(568,585)   coste   14    15
(568,784)   coste   28    38
(569,643)   coste   20    27
(569,942)   coste   24    28
(569,972)   coste   30    35
(570,661)   coste   19    17
(570,773)   coste   43    45
(570,790)   coste   67    67
(571,908)   coste   30    26
(571,980)   coste   45    35
(572,653)   coste   46    46
(572,658)   coste   27    26
(572,913)   coste   32    29
(573,958)   coste   44    42
(574,799)   coste   13    16
(574,838)   coste   33    25
(575,705)   coste   45    49
(576,630)   coste   38    41
(576,719)   coste   31    34
(576,881)   coste   28    26
(577,638)   coste   8    10
(577,671)   coste   7    19
(577,765)   coste   30    35
(577,888)   coste   16    20
(579,650)   coste   51    43
(579,676)   coste   37    36
(580,909)   coste   14    13
(581,828)   coste   33    38
(582,804)   coste   23    15
(582,834)   coste   32    26
(583,588)   coste   30    30
(583,714)   coste   11    12
(583,748)   coste   26    35
(584,864)   coste   21    28
(584,920)   coste   29    26
(586,886)   coste   27    19
(586,977)   coste   44    38
(587,665)   coste   27    23
(587,849)   coste   13    8
(588,714)   coste   27    30
(588,748)   coste   30    26
(588,922)   coste   40    33
(588,972)   coste   19    31
(589,729)   coste   32    24
(591,994)   coste   30    22
(592,770)   coste   39    30
(592,831)   coste   45    36
(592,889)   coste   19    19
(592,1000)   coste   39    33
(593,597)   coste   13    17
(593,718)   coste   21    21
(593,851)   coste   32    33
(594,613)   coste   7    5
(595,599)   coste   27    22
(595,863)   coste   33    42
(596,680)   coste   17    17
(596,800)   coste   38    49
(596,924)   coste   19    18
(597,718)   coste   16    13
(597,851)   coste   44    44
(598,778)   coste   40    36
(598,968)   coste   43    52
(599,863)   coste   56    59
(599,941)   coste   42    43
(600,724)   coste   18    12
(600,912)   coste   28    23
(600,987)   coste   2    4
(602,828)   coste   39    45
(602,896)   coste   19    23
(602,981)   coste   15    13
(603,643)   coste   30    41
(603,762)   coste   32    33
(603,942)   coste   34    33
(603,951)   coste   19    20
(604,710)   coste   25    33
(605,758)   coste   8    11
(605,837)   coste   41    31
(606,884)   coste   31    27
(606,994)   coste   24    19
(607,678)   coste   61    57
(607,681)   coste   33    43
(607,818)   coste   50    39
(607,841)   coste   32    25
(608,998)   coste   30    34
(609,690)   coste   9    10
(609,832)   coste   20    25
(612,685)   coste   23    34
(612,732)   coste   22    21
(612,899)   coste   30    26
(612,936)   coste   27    19
(613,650)   coste   51    51
(615,625)   coste   42    41
(615,672)   coste   32    27
(616,641)   coste   25    23
(616,649)   coste   43    46
(616,693)   coste   29    37
(617,630)   coste   14    11
(617,662)   coste   27    37
(617,881)   coste   12    10
(618,759)   coste   7    8
(619,759)   coste   35    32
(620,663)   coste   13    9
(620,882)   coste   27    26
(621,789)   coste   58    55
(621,841)   coste   49    50
(622,934)   coste   43    44
(623,721)   coste   12    9
(623,829)   coste   40    39
(623,971)   coste   37    42
(623,976)   coste   17    23
(623,991)   coste   34    24
(624,907)   coste   27    27
(624,945)   coste   21    17
(624,961)   coste   16    6
(625,986)   coste   55    53
(625,988)   coste   36    35
(626,787)   coste   43    42
(626,930)   coste   31    41
(626,974)   coste   35    31
(627,831)   coste   38    38
(628,993)   coste   40    39
(629,825)   coste   31    38
(629,847)   coste   37    40
(629,918)   coste   20    18
(629,977)   coste   23    28
(630,662)   coste   25    26
(630,719)   coste   31    35
(630,881)   coste   16    22
(631,691)   coste   21    13
(631,775)   coste   20    13
(632,689)   coste   17    7
(632,710)   coste   33    24
(632,786)   coste   15    5
(632,849)   coste   29    26
(633,659)   coste   56    50
(633,700)   coste   32    28
(633,851)   coste   35    37
(635,761)   coste   13    16
(636,640)   coste   28    29
(636,667)   coste   21    16
(637,706)   coste   29    19
(637,769)   coste   26    30
(637,821)   coste   35    32
(637,823)   coste   35    35
(637,962)   coste   24    22
(638,671)   coste   11    13
(638,686)   coste   29    22
(638,765)   coste   37    36
(638,888)   coste   5    4
(638,978)   coste   27    19
(639,669)   coste   39    48
(640,667)   coste   30    31
(641,693)   coste   10    17
(642,732)   coste   46    47
(643,942)   coste   28    27
(643,951)   coste   38    40
(643,972)   coste   39    36
(644,652)   coste   55    56
(644,768)   coste   39    37
(644,780)   coste   38    39
(645,696)   coste   34    23
(645,697)   coste   35    38
(646,761)   coste   25    29
(646,869)   coste   25    23
(647,723)   coste   11    4
(648,660)   coste   44    41
(648,993)   coste   28    29
(651,781)   coste   18    21
(651,819)   coste   15    9
(651,895)   coste   13    18
(652,682)   coste   35    42
(652,768)   coste   29    28
(653,704)   coste   34    33
(653,913)   coste   33    27
(653,973)   coste   14    10
(654,829)   coste   20    31
(654,976)   coste   26    26
(655,725)   coste   42    36
(655,738)   coste   24    20
(656,911)   coste   54    44
(656,927)   coste   5    11
(656,967)   coste   36    28
(657,855)   coste   36    24
(657,922)   coste   33    32
(658,803)   coste   32    35
(658,917)   coste   30    37
(659,700)   coste   27    23
(660,792)   coste   20    22
(660,960)   coste   38    35
(660,993)   coste   31    27
(661,773)   coste   20    23
(661,790)   coste   56    57
(661,956)   coste   50    51
(663,853)   coste   45    36
(663,882)   coste   37    28
(664,774)   coste   36    37
(664,797)   coste   13    23
(664,940)   coste   26    32
(665,833)   coste   39    37
(665,849)   coste   35    35
(666,789)   coste   46    44
(666,818)   coste   39    35
(666,858)   coste   49    53
(666,903)   coste   33    36
(667,997)   coste   18    22
(668,677)   coste   25    25
(668,949)   coste   62    70
(668,966)   coste   24    29
(668,982)   coste   20    16
(669,803)   coste   42    36
(670,674)   coste   28    35
(670,734)   coste   13    8
(670,900)   coste   6    2
(671,888)   coste   15    9
(671,978)   coste   24    34
(672,885)   coste   27    31
(672,932)   coste   49    42
(673,722)   coste   54    57
(674,734)   coste   30    28
(674,828)   coste   40    40
(675,873)   coste   40    29
(675,959)   coste   1    7
(676,915)   coste   7    7
(677,866)   coste   37    29
(678,681)   coste   55    60
(678,685)   coste   43    36
(679,755)   coste   31    29
(679,845)   coste   22    25
(680,910)   coste   31    30
(680,924)   coste   6    11
(681,841)   coste   46    53
(681,903)   coste   37    48
(681,941)   coste   27    37
(682,768)   coste   25    30
(682,864)   coste   62    51
(682,949)   coste   51    51
(683,906)   coste   33    41
(684,709)   coste   14    11
(684,747)   coste   14    22
(684,865)   coste   10    12
(685,732)   coste   27    24
(685,936)   coste   36    35
(686,888)   coste   18    29
(686,948)   coste   60    59
(686,978)   coste   5    6
(687,952)   coste   17    21
(688,821)   coste   35    28
(688,823)   coste   23    22
(689,710)   coste   17    16
(689,730)   coste   41    43
(689,786)   coste   17    14
(690,832)   coste   7    12
(691,775)   coste   15    15
(691,996)   coste   36    30
(692,761)   coste   38    41
(692,773)   coste   31    26
(692,826)   coste   10    11
(694,801)   coste   18    20
(694,893)   coste   20    21
(694,961)   coste   22    27
(695,716)   coste   68    65
(695,760)   coste   49    43
(696,697)   coste   49    40
(697,968)   coste   45    39
(698,847)   coste   34    29
(699,923)   coste   30    34
(699,947)   coste   45    52
(701,944)   coste   60    67
(701,983)   coste   27    30
(702,794)   coste   49    49
(704,913)   coste   28    32
(705,902)   coste   52    51
(706,769)   coste   20    23
(707,834)   coste   29    35
(708,815)   coste   24    23
(708,876)   coste   22    13
(709,747)   coste   18    22
(709,829)   coste   31    38
(709,865)   coste   31    20
(712,785)   coste   46    48
(713,836)   coste   1    8
(713,865)   coste   31    38
(714,922)   coste   43    41
(714,933)   coste   27    32
(715,929)   coste   3    5
(716,820)   coste   32    33
(717,756)   coste   32    27
(719,881)   coste   39    37
(719,943)   coste   30    27
(720,743)   coste   32    30
(720,796)   coste   46    45
(721,836)   coste   43    41
(721,954)   coste   37    46
(721,976)   coste   33    32
(721,991)   coste   12    15
(724,987)   coste   16    24
(725,772)   coste   47    42
(725,898)   coste   42    43
(727,996)   coste   23    22
(728,975)   coste   32    33
(729,969)   coste   19    15
(730,778)   coste   33    33
(731,928)   coste   7    8
(732,936)   coste   50    49
(733,852)   coste   47    49
(734,900)   coste   7    1
(735,988)   coste   11    9
(736,753)   coste   32    33
(736,887)   coste   11    17
(736,926)   coste   36    34
(737,741)   coste   14    12
(737,890)   coste   34    37
(738,856)   coste   32    39
(740,813)   coste   41    45
(741,890)   coste   24    24
(742,763)   coste   27    25
(742,950)   coste   17    17
(742,995)   coste   56    51
(743,815)   coste   29    26
(745,820)   coste   54    49
(746,750)   coste   20    24
(747,770)   coste   41    40
(748,972)   coste   20    28
(749,776)   coste   38    35
(749,868)   coste   44    43
(749,873)   coste   41    34
(751,772)   coste   53    54
(751,802)   coste   55    56
(751,899)   coste   69    71
(751,944)   coste   67    64
(752,753)   coste   21    20
(754,814)   coste   32    31
(755,845)   coste   20    17
(757,802)   coste   19    19
(757,905)   coste   26    24
(758,837)   coste   42    40
(760,939)   coste   27    24
(763,950)   coste   5    16
(764,914)   coste   33    29
(766,870)   coste   22    32
(766,946)   coste   13    10
(767,850)   coste   4    8
(769,821)   coste   6    7
(771,979)   coste   20    21
(771,992)   coste   28    29
(772,802)   coste   31    28
(772,898)   coste   40    32
(773,826)   coste   24    23
(773,956)   coste   37    44
(775,996)   coste   33    40
(776,782)   coste   24    24
(776,795)   coste   30    34
(776,868)   coste   43    46
(776,891)   coste   39    35
(777,939)   coste   39    34
(777,964)   coste   27    18
(778,919)   coste   46    39
(779,787)   coste   42    45
(779,930)   coste   37    37
(781,819)   coste   34    32
(781,895)   coste   13    12
(782,795)   coste   38    39
(782,891)   coste   25    24
(783,980)   coste   16    14
(786,849)   coste   16    12
(789,818)   coste   15    24
(789,841)   coste   19    9
(789,858)   coste   55    44
(790,956)   coste   64    59
(791,877)   coste   33    25
(793,835)   coste   19    15
(793,851)   coste   54    57
(795,868)   coste   34    27
(796,957)   coste   23    34
(796,966)   coste   47    40
(797,940)   coste   13    14
(800,861)   coste   41    38
(801,893)   coste   10    11
(801,961)   coste   28    25
(802,905)   coste   38    37
(803,917)   coste   47    39
(804,901)   coste   14    24
(805,905)   coste   44    49
(806,855)   coste   46    50
(806,990)   coste   36    31
(808,812)   coste   42    44
(808,842)   coste   18    19
(808,955)   coste   28    20
(809,839)   coste   46    51
(810,892)   coste   9    16
(810,947)   coste   32    34
(811,943)   coste   44    44
(812,872)   coste   18    16
(813,816)   coste   10    15
(813,970)   coste   28    29
(815,876)   coste   37    27
(816,958)   coste   20    21
(816,970)   coste   28    21
(817,930)   coste   39    39
(817,974)   coste   36    31
(817,1000)   coste   40    33
(818,841)   coste   29    25
(818,903)   coste   37    29
(819,895)   coste   29    24
(821,997)   coste   41    42
(822,926)   coste   22    29
(823,861)   coste   15    25
(823,962)   coste   15    18
(824,955)   coste   30    30
(825,847)   coste   31    32
(825,918)   coste   48    40
(826,956)   coste   42    38
(827,938)   coste   21    25
(829,976)   coste   25    28
(830,850)   coste   12    17
(831,889)   coste   54    52
(831,1000)   coste   41    39
(833,910)   coste   37    28
(835,851)   coste   48    50
(836,954)   coste   40    44
(836,991)   coste   27    24
(840,894)   coste   36    40
(840,935)   coste   25    25
(842,955)   coste   16    8
(843,845)   coste   21    16
(843,859)   coste   13    13
(844,860)   coste   60    58
(845,859)   coste   23    25
(846,897)   coste   14    13
(846,960)   coste   27    20
(848,984)   coste   30    33
(852,870)   coste   55    58
(852,948)   coste   53    58
(857,995)   coste   37    46
(860,937)   coste   25    28
(862,891)   coste   26    23
(864,920)   coste   32    31
(867,931)   coste   57    55
(867,957)   coste   28    19
(868,937)   coste   48    45
(870,946)   coste   21    24
(871,919)   coste   16    15
(871,985)   coste   29    26
(873,959)   coste   35    30
(874,904)   coste   8    9
(874,925)   coste   35    37
(880,932)   coste   48    45
(882,934)   coste   36    33
(885,963)   coste   33    22
(886,977)   coste   40    39
(887,926)   coste   30    25
(888,978)   coste   25    26
(889,1000)   coste   19    22
(890,969)   coste   26    27
(890,999)   coste   37    32
(892,947)   coste   31    22
(893,961)   coste   33    37
(894,935)   coste   49    44
(897,963)   coste   27    29
(899,907)   coste   31    23
(899,945)   coste   27    22
(902,954)   coste   13    24
(903,941)   coste   30    39
(904,925)   coste   21    20
(907,945)   coste   18    23
(907,961)   coste   20    27
(911,927)   coste   48    37
(912,987)   coste   25    24
(913,973)   coste   44    48
(916,953)   coste   43    35
(918,977)   coste   38    35
(919,985)   coste   41    51
(923,947)   coste   16    15
(923,989)   coste   32    30
(927,967)   coste   27    31
(931,957)   coste   66    67
(932,963)   coste   40    36
(939,964)   coste   21    10
(945,961)   coste   15    15
(947,989)   coste   40    41
(949,982)   coste   58    57
(954,991)   coste   46    47
(957,966)   coste   51    47
(958,970)   coste   29    32
(966,982)   coste   26    27
(1,372)   coste   48    36
(108,447)   coste   15    20
(181,489)   coste   8    19
(120,347)   coste   20    17
(2,779)   coste   5    13
(2,429)   coste   40    47
(378,429)   coste   1    1
(422,752)   coste   31    27
(17,265)   coste   12    20
(40,909)   coste   41    53
(238,641)   coste   25    18
(373,554)   coste   35    30
(409,919)   coste   44    37
(871,919)   coste   16    15
(417,871)   coste   26    27
(492,726)   coste   62    57
(730,778)   coste   33    33
(377,564)   coste   27    32
(559,811)   coste   26    32
(8,679)   coste   19    14
(296,755)   coste   5    8
(252,843)   coste   30    29
(9,459)   coste   22    32
(158,931)   coste   11    11
(36,815)   coste   11    18
(10,439)   coste   38    40
(737,741)   coste   14    12
(145,807)   coste   47    41
(11,694)   coste   19    19
(624,961)   coste   16    6
(224,853)   coste   16    16
(380,882)   coste   31    33
(380,500)   coste   15    24
(13,968)   coste   29    34
(274,348)   coste   29    24
(696,697)   coste   49    40
(14,225)   coste   15    18
(72,611)   coste   21    20
(141,757)   coste   52    46
(757,802)   coste   19    19
(467,794)   coste   19    23
(487,788)   coste   35    34
(153,854)   coste   11    22
(440,531)   coste   5    16
(341,829)   coste   14    4
(436,865)   coste   6    11
(747,770)   coste   41    40
(593,597)   coste   13    17
(20,597)   coste   14    7
(20,625)   coste   33    39
(250,761)   coste   14    13
(460,956)   coste   35    29
(23,239)   coste   29    28
(24,927)   coste   31    29
(541,710)   coste   33    30
(253,710)   coste   21    14
(28,936)   coste   25    23
(482,732)   coste   41    43
(26,48)   coste   23    22
(305,912)   coste   39    33
(473,488)   coste   40    43
(690,832)   coste   7    12
(27,386)   coste   53    48
(427,838)   coste   13    8
(78,371)   coste   47    45
(371,621)   coste   26    18
(323,678)   coste   36    38
(29,533)   coste   23    13
(95,814)   coste   15    16
(171,426)   coste   21    22
(103,285)   coste   29    32
(128,655)   coste   40    34
(328,805)   coste   34    28
(212,908)   coste   23    20
(403,908)   coste   39    44
(196,634)   coste   43    44
(33,584)   coste   31    28
(220,396)   coste   35    37
(366,869)   coste   27    22
(34,343)   coste   47    45
(394,759)   coste   19    26
(344,480)   coste   30    24
(446,608)   coste   31    34
(87,998)   coste   39    42
(421,508)   coste   48    45
(713,836)   coste   1    8
(37,884)   coste   24    28
(540,884)   coste   25    21
(540,994)   coste   21    21
(793,835)   coste   19    15
(172,561)   coste   23    21
(172,354)   coste   31    35
(216,746)   coste   18    15
(404,800)   coste   35    34
(404,758)   coste   11    15
(485,924)   coste   12    8
(277,485)   coste   5    8
(277,335)   coste   9    9
(41,649)   coste   18    26
(182,898)   coste   40    31
(42,809)   coste   16    12
(83,490)   coste   42    39
(546,839)   coste   36    43
(43,960)   coste   16    7
(176,345)   coste   4    10
(293,792)   coste   40    30
(44,965)   coste   14    14
(469,834)   coste   40    38
(401,591)   coste   35    28
(46,259)   coste   20    26
(154,259)   coste   21    25
(154,204)   coste   16    11
(47,875)   coste   10    12
(149,198)   coste   3    1
(361,524)   coste   8    10
(49,996)   coste   15    8
(272,727)   coste   35    26
(272,691)   coste   13    3
(50,959)   coste   20    9
(147,731)   coste   22    15
(51,221)   coste   33    22
(254,863)   coste   15    14
(117,567)   coste   20    19
(117,461)   coste   38    41
(461,877)   coste   46    39
(187,698)   coste   39    44
(53,780)   coste   17    12
(295,502)   coste   14    17
(502,933)   coste   34    37
(574,799)   coste   13    16
(583,748)   coste   26    35
(760,939)   coste   27    24
(56,806)   coste   25    27
(806,990)   coste   36    31
(57,85)   coste   1    11
(180,683)   coste   24    25
(475,906)   coste   1    7
(463,652)   coste   35    26
(463,523)   coste   32    32
(59,784)   coste   18    12
(399,585)   coste   23    28
(139,402)   coste   34    30
(109,155)   coste   38    31
(63,478)   coste   10    10
(292,474)   coste   34    29
(496,702)   coste   42    41
(486,856)   coste   30    35
(288,635)   coste   19    19
(288,764)   coste   23    30
(143,614)   coste   40    43
(789,858)   coste   55    44
(236,590)   coste   26    23
(301,581)   coste   37    37
(68,776)   coste   4    4
(428,891)   coste   14    16
(782,891)   coste   25    24
(749,868)   coste   44    43
(868,937)   coste   48    45
(93,547)   coste   30    24
(542,706)   coste   19    23
(786,849)   coste   16    12
(587,849)   coste   13    8
(445,587)   coste   17    22
(71,648)   coste   16    24
(410,860)   coste   26    26
(499,844)   coste   56    59
(73,676)   coste   3    13
(297,724)   coste   21    22
(388,419)   coste   24    16
(76,173)   coste   48    54
(519,890)   coste   28    35
(535,999)   coste   10    11
(535,969)   coste   15    22
(183,306)   coste   28    24
(267,813)   coste   55    59
(507,513)   coste   17    17
(513,921)   coste   32    29
(801,893)   coste   10    11
(622,934)   coste   43    44
(271,622)   coste   17    29
(290,491)   coste   17    15
(84,932)   coste   22    17
(517,880)   coste   29    22
(416,963)   coste   20    24
(178,742)   coste   34    38
(763,950)   coste   5    16
(339,986)   coste   22    19
(88,973)   coste   15    8
(558,651)   coste   26    27
(569,972)   coste   30    35
(91,855)   coste   14    19
(213,229)   coste   15    11
(213,352)   coste   49    48
(210,636)   coste   2    13
(537,712)   coste   52    44
(338,700)   coste   40    35
(97,269)   coste   3    14
(97,781)   coste   11    5
(512,745)   coste   22    21
(99,674)   coste   45    41
(670,900)   coste   6    2
(321,711)   coste   4    6
(101,112)   coste   19    14
(118,161)   coste   30    39
(105,464)   coste   38    35
(434,662)   coste   30    33
(545,771)   coste   11    21
(106,534)   coste   32    28
(342,705)   coste   18    16
(363,575)   coste   12    22
(167,432)   coste   18    22
(113,687)   coste   42    34
(115,951)   coste   11    15
(538,603)   coste   3    4
(603,643)   coste   30    41
(116,941)   coste   17    12
(395,599)   coste   44    39
(607,681)   coste   33    43
(777,964)   coste   27    18
(258,964)   coste   45    44
(119,953)   coste   10    2
(340,810)   coste   4    8
(244,284)   coste   1    2
(123,294)   coste   19    13
(123,458)   coste   41    33
(281,901)   coste   3    4
(408,901)   coste   25    20
(129,948)   coste   20    20
(138,398)   coste   3    12
(846,897)   coste   14    13
(133,894)   coste   35    33
(532,555)   coste   13    12
(137,790)   coste   58    57
(142,206)   coste   9    6
(142,701)   coste   25    22
(268,327)   coste   36    30
(268,887)   coste   22    25
(483,995)   coste   46    50
(602,896)   coste   19    23
(602,981)   coste   15    13
(626,974)   coste   35    31
(472,857)   coste   42    39
(218,286)   coste   5    13
(553,717)   coste   19    16
(365,867)   coste   50    46
(159,170)   coste   28    31
(260,594)   coste   10    12
(594,613)   coste   7    5
(179,848)   coste   3    9
(242,444)   coste   8    10
(160,466)   coste   1    1
(160,984)   coste   36    28
(862,891)   coste   26    23
(708,876)   coste   22    13
(164,376)   coste   15    26
(245,639)   coste   44    39
(245,803)   coste   17    19
(735,988)   coste   11    9
(166,797)   coste   1    8
(797,940)   coste   13    14
(902,954)   coste   13    24
(808,812)   coste   42    44
(503,842)   coste   15    16
(291,766)   coste   49    54
(751,772)   coste   53    54
(185,471)   coste   32    32
(200,615)   coste   6    17
(186,276)   coste   22    22
(234,791)   coste   11    11
(275,449)   coste   55    48
(572,658)   coste   27    26
(638,978)   coste   27    19
(505,978)   coste   50    42
(208,922)   coste   18    20
(209,650)   coste   41    48
(249,270)   coste   23    23
(453,667)   coste   22    19
(230,980)   coste   35    34
(423,942)   coste   34    34
(257,847)   coste   43    43
(947,989)   coste   40    41
(226,442)   coste   33    34
(237,914)   coste   12    9
(241,336)   coste   23    19
(400,481)   coste   14    6
(437,785)   coste   23    18
(438,785)   coste   18    21
(255,392)   coste   38    32
(255,520)   coste   32    28
(412,920)   coste   13    14
(318,949)   coste   41    41
(695,716)   coste   68    65
(329,359)   coste   18    16
(279,536)   coste   32    36
(325,729)   coste   24    19
(816,970)   coste   28    21
(518,592)   coste   33    37
(450,918)   coste   40    43
(314,661)   coste   21    21
(358,773)   coste   38    38
(324,418)   coste   22    22
(827,938)   coste   21    25
(332,874)   coste   19    18
(831,1000)   coste   41    39
(420,618)   coste   8    7
(364,385)   coste   31    26
(562,861)   coste   6    10
(451,943)   coste   9    15
(769,821)   coste   6    7
(637,823)   coste   35    35
(510,852)   coste   34    39

LISTA_ARISTAS_NOREQ :
