(227, 0, 0, 227)
(227, 0, 0, 227)
(227, 0, 0, 227)
(224, 0, 0, 224)
(220, 0, 0, 220)
(220, 0, 0, 220)
(220, 0, 0, 220)
(220, 0, 0, 220)
(220, 0, 0, 220)
(220, 0, 0, 220)
(215, 0, 7, 222)
(191, 20, 7, 218)
(197, 0, 7, 204)
(173, 20, 7, 200)
(181, 0, 7, 188)
(181, 0, 7, 188)
(181, 0, 7, 188)
(180, 0, 7, 187)
(180, 0, 7, 187)
(180, 0, 7, 187)
(180, 0, 66, 246)
(174, 5, 66, 245)
(174, 5, 66, 245)
(174, 5, 66, 245)
(174, 5, 66, 245)
(174, 5, 66, 245)
(174, 5, 66, 245)
(174, 5, 66, 245)
(174, 5, 66, 245)
(209, 0, 0, 209)
(204, 0, 4, 208)
(203, 0, 4, 207)
(201, 0, 4, 205)
(196, 0, 4, 200)
(196, 0, 4, 200)
(196, 0, 4, 200)
(194, 0, 4, 198)
(194, 0, 4, 198)
(194, 0, 4, 198)
(194, 0, 4, 198)
(194, 0, 32, 226)
(194, 0, 32, 226)
(192, 0, 32, 224)
(192, 0, 32, 224)
(203, 0, 5, 208)
(201, 0, 5, 206)
(200, 0, 5, 205)
(200, 0, 5, 205)
(200, 0, 5, 205)
(200, 0, 5, 205)
(176, 20, 26, 222)
(188, 0, 26, 214)
(188, 0, 26, 214)
(188, 0, 26, 214)
(188, 0, 26, 214)
(188, 0, 26, 214)
(181, 0, 26, 207)
(181, 0, 26, 207)
(181, 0, 26, 207)
(181, 0, 26, 207)
(181, 0, 45, 226)
(181, 0, 45, 226)
(181, 0, 45, 226)
(181, 0, 45, 226)
(181, 0, 45, 226)
(181, 0, 45, 226)
(179, 0, 45, 224)
(179, 0, 45, 224)
(179, 0, 45, 224)
(179, 0, 45, 224)
(179, 0, 44, 223)
(179, 0, 44, 223)
(179, 0, 44, 223)
(179, 0, 44, 223)
(179, 0, 44, 223)
(179, 0, 44, 223)
(179, 0, 44, 223)
(179, 0, 44, 223)
(179, 0, 44, 223)
(178, 0, 44, 222)
(179, 0, 44, 223)
(179, 0, 44, 223)
(179, 0, 44, 223)
(179, 0, 44, 223)
(179, 0, 44, 223)
(179, 0, 44, 223)
(179, 0, 44, 223)
(179, 0, 44, 223)
(179, 0, 44, 223)
(179, 0, 44, 223)
(179, 0, 44, 223)
(179, 0, 44, 223)
(179, 0, 44, 223)
(179, 0, 44, 223)
(176, 0, 44, 220)
(176, 0, 44, 220)
(176, 0, 44, 220)
(176, 0, 44, 220)
(176, 0, 44, 220)
(176, 0, 44, 220)
(176, 0, 78, 254)
(176, 0, 78, 254)
(176, 0, 78, 254)
(176, 0, 78, 254)
(179, 0, 44, 223)
(179, 0, 44, 223)
(177, 0, 44, 221)
(177, 0, 44, 221)
(177, 0, 44, 221)
(177, 0, 44, 221)
(177, 0, 42, 219)
(173, 0, 42, 215)
(173, 0, 42, 215)
(173, 0, 42, 215)
(173, 0, 42, 215)
(173, 0, 42, 215)
(173, 0, 42, 215)
(173, 0, 42, 215)
(173, 0, 42, 215)
(173, 0, 42, 215)
(173, 0, 66, 239)
(173, 0, 66, 239)
(173, 0, 66, 239)
(173, 0, 66, 239)
(173, 0, 66, 239)
(173, 0, 66, 239)
(173, 0, 66, 239)
(173, 0, 66, 239)
(173, 0, 66, 239)
(169, 0, 66, 235)
(173, 0, 66, 239)
(173, 0, 66, 239)
(173, 0, 66, 239)
(173, 0, 66, 239)
(177, 0, 42, 219)
(177, 0, 42, 219)
(177, 0, 42, 219)
(177, 0, 42, 219)
(177, 0, 42, 219)
(177, 0, 42, 219)
(177, 0, 42, 219)
(177, 0, 42, 219)
(177, 0, 42, 219)
(177, 0, 42, 219)
(177, 0, 42, 219)
(177, 0, 42, 219)
(177, 0, 42, 219)
(177, 0, 42, 219)
(177, 0, 42, 219)
(177, 0, 42, 219)
(175, 0, 42, 217)
(175, 0, 42, 217)
(175, 0, 42, 217)
(171, 0, 42, 213)
(171, 0, 42, 213)
(171, 0, 42, 213)
(171, 0, 42, 213)
(171, 0, 42, 213)
(171, 0, 42, 213)
(171, 0, 42, 213)
(171, 0, 76, 247)
(171, 0, 76, 247)
(171, 0, 76, 247)
(171, 0, 76, 247)
(173, 0, 42, 215)
(173, 0, 42, 215)
(173, 0, 42, 215)
(173, 0, 42, 215)
(173, 0, 42, 215)
(173, 0, 42, 215)
(173, 0, 66, 239)
(173, 0, 66, 239)
(173, 0, 66, 239)
(173, 0, 66, 239)
(173, 0, 66, 239)
(173, 0, 66, 239)
(173, 0, 66, 239)
(173, 0, 66, 239)
(170, 0, 66, 236)
(174, 0, 42, 216)
(177, 0, 42, 219)
(177, 0, 42, 219)
(177, 0, 42, 219)
(177, 0, 42, 219)
(177, 0, 42, 219)
(177, 0, 42, 219)
(177, 0, 42, 219)
(177, 0, 42, 219)
(177, 0, 42, 219)
(177, 0, 42, 219)
(177, 0, 42, 219)
(177, 0, 42, 219)
(177, 0, 42, 219)
(177, 0, 42, 219)
(177, 0, 42, 219)
(177, 0, 42, 219)
(177, 0, 42, 219)
(177, 0, 42, 219)
(177, 0, 42, 219)
(177, 0, 42, 219)
(177, 0, 42, 219)
(177, 0, 42, 219)
(177, 0, 42, 219)
(177, 0, 42, 219)
(177, 0, 42, 219)
(177, 0, 42, 219)
(177, 0, 42, 219)
(177, 0, 42, 219)
(177, 0, 42, 219)
(177, 0, 42, 219)
(177, 0, 42, 219)
(173, 0, 42, 215)
(173, 0, 42, 215)
(173, 0, 42, 215)
(173, 0, 42, 215)
(173, 0, 42, 215)
(173, 0, 42, 215)
(173, 0, 42, 215)
(173, 0, 42, 215)
(173, 0, 42, 215)
(173, 0, 66, 239)
(173, 0, 66, 239)
(173, 0, 66, 239)
(173, 0, 66, 239)
(173, 0, 42, 215)
(173, 0, 42, 215)
(173, 0, 42, 215)
(173, 0, 42, 215)
(173, 0, 42, 215)
(173, 0, 42, 215)
(173, 0, 66, 239)
(173, 0, 66, 239)
(173, 0, 66, 239)
(173, 0, 66, 239)
(173, 0, 66, 239)
(173, 0, 66, 239)
(173, 0, 66, 239)
(173, 0, 66, 239)
(173, 0, 66, 239)
(177, 0, 42, 219)
(177, 0, 42, 219)
(177, 0, 42, 219)
(177, 0, 42, 219)
(177, 0, 42, 219)
(177, 0, 42, 219)
(177, 0, 42, 219)
(177, 0, 42, 219)
(173, 0, 42, 215)
(173, 0, 42, 215)
(173, 0, 42, 215)
(173, 0, 66, 239)
(173, 0, 66, 239)
(173, 0, 66, 239)
(173, 0, 66, 239)
(177, 0, 42, 219)
(177, 0, 42, 219)
(177, 0, 42, 219)
(177, 0, 42, 219)
(177, 0, 42, 219)
(177, 0, 42, 219)
(176, 0, 42, 218)
(176, 0, 42, 218)
(176, 0, 42, 218)
(176, 0, 42, 218)
(176, 0, 42, 218)
(176, 0, 42, 218)
(176, 0, 42, 218)
(176, 0, 42, 218)
(176, 0, 42, 218)
(176, 0, 42, 218)
(176, 0, 48, 224)
(176, 0, 48, 224)
(175, 0, 48, 223)
(175, 0, 48, 223)
(175, 0, 48, 223)
(175, 0, 48, 223)
(175, 0, 48, 223)
(175, 0, 48, 223)
(175, 0, 48, 223)
(175, 0, 48, 223)
(174, 0, 49, 223)
(174, 0, 49, 223)
(174, 0, 49, 223)
(174, 0, 49, 223)
(176, 0, 42, 218)
(176, 0, 42, 218)
(176, 0, 42, 218)
(176, 0, 42, 218)
(176, 0, 42, 218)
(176, 0, 42, 218)
(176, 0, 48, 224)
(176, 0, 48, 224)
(176, 0, 48, 224)
(176, 0, 48, 224)
(176, 0, 48, 224)
(176, 0, 48, 224)
(176, 0, 48, 224)
(176, 0, 48, 224)
(176, 0, 48, 224)
(177, 0, 42, 219)
(177, 0, 42, 219)
(177, 0, 42, 219)
(177, 0, 42, 219)
(177, 0, 42, 219)
(177, 0, 42, 219)
(177, 0, 42, 219)
(177, 0, 42, 219)
(177, 0, 42, 219)
(177, 0, 42, 219)
(177, 0, 42, 219)
(177, 0, 42, 219)
(177, 0, 42, 219)
(177, 0, 42, 219)
(177, 0, 42, 219)
(177, 0, 42, 219)
(177, 0, 42, 219)
(176, 0, 42, 218)
(176, 0, 42, 218)
(176, 0, 42, 218)
(176, 0, 42, 218)
(176, 0, 56, 232)
(176, 0, 56, 232)
(176, 0, 56, 232)
(176, 0, 56, 232)
(176, 0, 56, 232)
(176, 0, 56, 232)
(176, 0, 56, 232)
(176, 0, 56, 232)
(176, 0, 56, 232)
(176, 0, 42, 218)
(176, 0, 42, 218)
(176, 0, 42, 218)
(176, 0, 42, 218)
(176, 0, 42, 218)
(176, 0, 42, 218)
(176, 0, 42, 218)
(176, 0, 42, 218)
(176, 0, 42, 218)
(176, 0, 42, 218)
(176, 0, 42, 218)
(176, 0, 56, 232)
(176, 0, 56, 232)
(176, 0, 56, 232)
(176, 0, 56, 232)
(176, 0, 42, 218)
(176, 0, 42, 218)
(176, 0, 42, 218)
(176, 0, 42, 218)
(176, 0, 42, 218)
(176, 0, 42, 218)
(176, 0, 56, 232)
(176, 0, 56, 232)
(176, 0, 56, 232)
(176, 0, 56, 232)
(176, 0, 56, 232)
(176, 0, 56, 232)
(176, 0, 56, 232)
(173, 0, 56, 229)
(173, 0, 56, 229)
(176, 0, 42, 218)
(176, 0, 42, 218)
(176, 0, 42, 218)
(176, 0, 42, 218)
(176, 0, 42, 218)
(176, 0, 42, 218)
(176, 0, 42, 218)
(176, 0, 42, 218)
(175, 0, 42, 217)
(175, 0, 42, 217)
(175, 0, 42, 217)
(175, 0, 90, 265)
(175, 0, 90, 265)
(175, 0, 90, 265)
(175, 0, 90, 265)
(177, 0, 42, 219)
(177, 0, 42, 219)
(177, 0, 42, 219)
(177, 0, 42, 219)
(177, 0, 42, 219)
(177, 0, 42, 219)
(177, 0, 42, 219)
(177, 0, 42, 219)
(177, 0, 42, 219)
(177, 0, 42, 219)
(177, 0, 42, 219)
(176, 0, 42, 218)
(176, 0, 42, 218)
(176, 0, 42, 218)
(176, 0, 42, 218)
(176, 0, 42, 218)
(176, 0, 76, 252)
(176, 0, 76, 252)
(175, 0, 76, 251)
(175, 0, 76, 251)
(173, 0, 76, 249)
(173, 0, 76, 249)
(173, 0, 76, 249)
(173, 0, 76, 249)
(173, 0, 76, 249)
(173, 0, 76, 249)
(173, 0, 115, 288)
(173, 0, 115, 288)
(173, 0, 115, 288)
(173, 0, 115, 288)
(174, 0, 42, 216)
(174, 0, 42, 216)
(174, 0, 42, 216)
(174, 0, 42, 216)
(174, 0, 42, 216)
(174, 0, 42, 216)
(174, 0, 62, 236)
(174, 0, 62, 236)
(174, 0, 62, 236)
(174, 0, 62, 236)
(174, 0, 62, 236)
(174, 0, 62, 236)
(174, 0, 62, 236)
(174, 0, 62, 236)
(174, 0, 62, 236)
(177, 0, 42, 219)
(177, 0, 42, 219)
(177, 0, 42, 219)
(177, 0, 42, 219)
(177, 0, 42, 219)
(177, 0, 42, 219)
(177, 0, 42, 219)
(177, 0, 42, 219)
(177, 0, 42, 219)
(177, 0, 42, 219)
(177, 0, 42, 219)
(177, 0, 42, 219)
(177, 0, 42, 219)
(177, 0, 42, 219)
(177, 0, 42, 219)
(177, 0, 42, 219)
(177, 0, 42, 219)
(177, 0, 42, 219)
(177, 0, 42, 219)
(174, 0, 42, 216)
(174, 0, 42, 216)
(174, 0, 76, 250)
(174, 0, 76, 250)
(174, 0, 76, 250)
(174, 0, 76, 250)
(174, 0, 76, 250)
(174, 0, 76, 250)
(174, 0, 76, 250)
(174, 0, 76, 250)
(174, 0, 76, 250)
(177, 0, 42, 219)
(177, 0, 42, 219)
(177, 0, 42, 219)
(177, 0, 42, 219)
(177, 0, 42, 219)
(177, 0, 42, 219)
(177, 0, 42, 219)
(177, 0, 42, 219)
(177, 0, 42, 219)
(177, 0, 42, 219)
(177, 0, 42, 219)
(177, 0, 42, 219)
(177, 0, 42, 219)
(177, 0, 42, 219)
(177, 0, 42, 219)
(177, 0, 42, 219)
(177, 0, 42, 219)
(177, 0, 42, 219)
(177, 0, 42, 219)
(177, 0, 42, 219)
(177, 0, 42, 219)
(177, 0, 42, 219)
(177, 0, 42, 219)
(177, 0, 42, 219)
(177, 0, 42, 219)
(177, 0, 42, 219)
(177, 0, 42, 219)
(177, 0, 42, 219)
(177, 0, 42, 219)
(177, 0, 42, 219)
(177, 0, 42, 219)
(177, 0, 42, 219)
(177, 0, 42, 219)
(177, 0, 42, 219)
(177, 0, 42, 219)
(177, 0, 42, 219)
(177, 0, 42, 219)
(177, 0, 42, 219)
(177, 0, 42, 219)
(177, 0, 42, 219)
(177, 0, 42, 219)
(177, 0, 42, 219)
(177, 0, 42, 219)
(177, 0, 42, 219)
(177, 0, 42, 219)
(177, 0, 42, 219)
(177, 0, 42, 219)
(177, 0, 42, 219)
(177, 0, 42, 219)
(177, 0, 42, 219)
(177, 0, 42, 219)
(177, 0, 42, 219)
(177, 0, 42, 219)
(177, 0, 42, 219)
(177, 0, 42, 219)
(177, 0, 42, 219)
(177, 0, 42, 219)
(177, 0, 42, 219)
(177, 0, 42, 219)
(177, 0, 42, 219)
(177, 0, 42, 219)
(177, 0, 42, 219)
(177, 0, 42, 219)
(177, 0, 42, 219)
(177, 0, 42, 219)
(177, 0, 42, 219)
(177, 0, 42, 219)
(177, 0, 42, 219)
(177, 0, 42, 219)
(177, 0, 42, 219)
(177, 0, 42, 219)
(177, 0, 42, 219)
(177, 0, 42, 219)
(177, 0, 42, 219)
(177, 0, 42, 219)
(177, 0, 42, 219)
(177, 0, 42, 219)
(177, 0, 42, 219)
(177, 0, 42, 219)
(177, 0, 42, 219)
(177, 0, 42, 219)
(177, 0, 42, 219)
(177, 0, 42, 219)
(177, 0, 42, 219)
(176, 0, 42, 218)
(176, 0, 42, 218)
(176, 0, 42, 218)
(176, 0, 42, 218)
(176, 0, 42, 218)
(176, 0, 42, 218)
(176, 0, 42, 218)
(176, 0, 48, 224)
(174, 0, 48, 222)
(174, 0, 48, 222)
(174, 0, 48, 222)
(174, 0, 48, 222)
(174, 0, 48, 222)
(174, 0, 48, 222)
(174, 0, 48, 222)
(174, 0, 48, 222)
(174, 0, 48, 222)
(174, 0, 55, 229)
(173, 0, 55, 228)
(173, 0, 55, 228)
(173, 0, 55, 228)
(176, 0, 42, 218)
(176, 0, 42, 218)
(176, 0, 42, 218)
(176, 0, 42, 218)
(176, 0, 42, 218)
(176, 0, 42, 218)
(176, 0, 48, 224)
(176, 0, 48, 224)
(176, 0, 48, 224)
(176, 0, 48, 224)
(176, 0, 48, 224)
(176, 0, 48, 224)
(176, 0, 48, 224)
(176, 0, 48, 224)
(176, 0, 48, 224)
(176, 0, 42, 218)
(177, 0, 42, 219)
(177, 0, 42, 219)
(177, 0, 42, 219)
(177, 0, 42, 219)
(177, 0, 42, 219)
(177, 0, 42, 219)
(177, 0, 42, 219)
(177, 0, 42, 219)
(177, 0, 42, 219)
(177, 0, 42, 219)
(177, 0, 42, 219)
(177, 0, 42, 219)
(177, 0, 42, 219)
(177, 0, 42, 219)
(177, 0, 42, 219)
(177, 0, 42, 219)
(177, 0, 42, 219)
(177, 0, 42, 219)
(177, 0, 42, 219)
(177, 0, 42, 219)
(177, 0, 42, 219)
(177, 0, 42, 219)
(177, 0, 42, 219)
(177, 0, 42, 219)
(177, 0, 42, 219)
(177, 0, 42, 219)
(177, 0, 42, 219)
(177, 0, 42, 219)
(177, 0, 42, 219)
(177, 0, 42, 219)
(177, 0, 42, 219)
(177, 0, 42, 219)
(177, 0, 42, 219)
(174, 0, 42, 216)
(174, 0, 42, 216)
(174, 0, 42, 216)
(174, 0, 42, 216)
(174, 0, 42, 216)
(174, 0, 42, 216)
(174, 0, 42, 216)
(174, 0, 76, 250)
(174, 0, 76, 250)
(172, 0, 76, 248)
(172, 0, 76, 248)
(177, 0, 42, 219)
(177, 0, 42, 219)
(177, 0, 42, 219)
(177, 0, 42, 219)
(177, 0, 42, 219)
(177, 0, 42, 219)
(177, 0, 42, 219)
(177, 0, 42, 219)
(177, 0, 42, 219)
(177, 0, 42, 219)
(177, 0, 42, 219)
(177, 0, 42, 219)
(177, 0, 42, 219)
(177, 0, 42, 219)
(177, 0, 42, 219)
(177, 0, 42, 219)
(177, 0, 42, 219)
(176, 0, 42, 218)
(176, 0, 42, 218)
(176, 0, 42, 218)
(176, 0, 42, 218)
(176, 0, 42, 218)
(174, 0, 42, 216)
(174, 0, 42, 216)
(174, 0, 42, 216)
(174, 0, 42, 216)
(174, 0, 105, 279)
(174, 0, 105, 279)
(174, 0, 105, 279)
(174, 0, 105, 279)
(175, 0, 42, 217)
(175, 0, 42, 217)
(171, 0, 42, 213)
(171, 0, 42, 213)
(171, 0, 42, 213)
(171, 0, 42, 213)
(171, 0, 64, 235)
(171, 0, 64, 235)
(171, 0, 64, 235)
(171, 0, 64, 235)
(171, 0, 64, 235)
(171, 0, 64, 235)
(171, 0, 64, 235)
(171, 0, 64, 235)
(171, 0, 64, 235)
(173, 0, 42, 215)
(177, 0, 42, 219)
(177, 0, 42, 219)
(177, 0, 42, 219)
(177, 0, 42, 219)
(177, 0, 42, 219)
(177, 0, 42, 219)
(173, 0, 42, 215)
(173, 0, 42, 215)
(173, 0, 42, 215)
(173, 0, 42, 215)
(173, 0, 66, 239)
(173, 0, 66, 239)
(173, 0, 66, 239)
(173, 0, 66, 239)
(177, 0, 42, 219)
(177, 0, 42, 219)
(177, 0, 42, 219)
(177, 0, 42, 219)
(177, 0, 42, 219)
(177, 0, 42, 219)
(177, 0, 42, 219)
(177, 0, 42, 219)
(177, 0, 42, 219)
(177, 0, 42, 219)
(177, 0, 42, 219)
(177, 0, 42, 219)
(176, 0, 42, 218)
(176, 0, 42, 218)
(176, 0, 42, 218)
(176, 0, 42, 218)
(176, 0, 56, 232)
(176, 0, 56, 232)
(172, 0, 56, 228)
(172, 0, 56, 228)
(172, 0, 56, 228)
(172, 0, 56, 228)
(172, 0, 56, 228)
(172, 0, 56, 228)
(171, 0, 56, 227)
(171, 0, 56, 227)
(171, 0, 87, 258)
(171, 0, 87, 258)
(171, 0, 87, 258)
(171, 0, 87, 258)
(177, 0, 42, 219)
(177, 0, 42, 219)
(177, 0, 42, 219)
(177, 0, 42, 219)
(177, 0, 42, 219)
(177, 0, 42, 219)
(177, 0, 42, 219)
(177, 0, 42, 219)
(177, 0, 42, 219)
(177, 0, 42, 219)
(177, 0, 42, 219)
(177, 0, 42, 219)
(177, 0, 42, 219)
(174, 0, 42, 216)
(174, 0, 42, 216)
(174, 0, 42, 216)
(174, 0, 76, 250)
(174, 0, 76, 250)
(174, 0, 76, 250)
(174, 0, 76, 250)
(174, 0, 76, 250)
(174, 0, 76, 250)
(174, 0, 76, 250)
(174, 0, 76, 250)
(174, 0, 76, 250)
(174, 0, 76, 250)
(174, 0, 76, 250)
(174, 0, 76, 250)
(174, 0, 76, 250)
(174, 0, 76, 250)
(177, 0, 42, 219)
(177, 0, 42, 219)
(177, 0, 42, 219)
(177, 0, 42, 219)
(175, 0, 42, 217)
(175, 0, 42, 217)
(175, 0, 52, 227)
(175, 0, 52, 227)
(175, 0, 52, 227)
(175, 0, 52, 227)
(175, 0, 52, 227)
(175, 0, 52, 227)
(175, 0, 52, 227)
(175, 0, 52, 227)
(175, 0, 52, 227)
(177, 0, 42, 219)
(177, 0, 42, 219)
(177, 0, 42, 219)
(177, 0, 42, 219)
(177, 0, 42, 219)
(177, 0, 42, 219)
(177, 0, 42, 219)
(177, 0, 42, 219)
(177, 0, 42, 219)
(177, 0, 42, 219)
(177, 0, 42, 219)
(177, 0, 42, 219)
(177, 0, 42, 219)
(177, 0, 42, 219)
(177, 0, 42, 219)
(176, 0, 42, 218)
(176, 0, 42, 218)
(176, 0, 42, 218)
(176, 0, 42, 218)
(176, 0, 42, 218)
(176, 0, 42, 218)
(176, 0, 48, 224)
(176, 0, 48, 224)
(176, 0, 48, 224)
(176, 0, 48, 224)
(176, 0, 48, 224)
(176, 0, 48, 224)
(176, 0, 48, 224)
(176, 0, 48, 224)
(176, 0, 48, 224)
(177, 0, 42, 219)
(177, 0, 42, 219)
(177, 0, 42, 219)
(177, 0, 42, 219)
(177, 0, 42, 219)
(177, 0, 42, 219)
(177, 0, 42, 219)
(177, 0, 42, 219)
(177, 0, 42, 219)
(177, 0, 42, 219)
(177, 0, 42, 219)
(177, 0, 42, 219)
(177, 0, 42, 219)
(177, 0, 42, 219)
(177, 0, 42, 219)
(177, 0, 42, 219)
(177, 0, 42, 219)
(177, 0, 42, 219)
(177, 0, 42, 219)
(177, 0, 42, 219)
(177, 0, 42, 219)
(177, 0, 42, 219)
(177, 0, 42, 219)
(177, 0, 42, 219)
(177, 0, 42, 219)
(177, 0, 42, 219)
(177, 0, 42, 219)
(177, 0, 42, 219)
(177, 0, 42, 219)
(177, 0, 42, 219)
(177, 0, 42, 219)
(177, 0, 42, 219)
(177, 0, 42, 219)
(177, 0, 42, 219)
(177, 0, 42, 219)
(177, 0, 42, 219)
(177, 0, 42, 219)
(177, 0, 42, 219)
(177, 0, 42, 219)
(177, 0, 42, 219)
(177, 0, 42, 219)
(177, 0, 42, 219)
(177, 0, 42, 219)
(177, 0, 42, 219)
(173, 0, 42, 215)
(173, 0, 42, 215)
(173, 0, 42, 215)
(173, 0, 42, 215)
(173, 0, 42, 215)
(173, 0, 42, 215)
(173, 0, 42, 215)
(173, 0, 66, 239)
(173, 0, 66, 239)
(173, 0, 66, 239)
(173, 0, 66, 239)
(173, 0, 66, 239)
(173, 0, 66, 239)
(173, 0, 66, 239)
(173, 0, 66, 239)
(173, 0, 66, 239)
(173, 0, 42, 215)
(173, 0, 42, 215)
(173, 0, 42, 215)
(173, 0, 42, 215)
(173, 0, 42, 215)
(173, 0, 42, 215)
(173, 0, 42, 215)
(173, 0, 42, 215)
(173, 0, 42, 215)
(173, 0, 42, 215)
(173, 0, 42, 215)
(173, 0, 66, 239)
(173, 0, 66, 239)
(173, 0, 66, 239)
(173, 0, 66, 239)
(177, 0, 42, 219)
(177, 0, 42, 219)
(177, 0, 42, 219)
(177, 0, 42, 219)
(177, 0, 42, 219)
(177, 0, 42, 219)
(177, 0, 42, 219)
(173, 0, 42, 215)
(173, 0, 42, 215)
(173, 0, 42, 215)
(173, 0, 42, 215)
(172, 0, 42, 214)
(172, 0, 42, 214)
(172, 0, 42, 214)
(172, 0, 42, 214)
(172, 0, 42, 214)
(172, 0, 70, 242)
(172, 0, 70, 242)
(172, 0, 70, 242)
(172, 0, 70, 242)
(172, 0, 70, 242)
(172, 0, 70, 242)
(172, 0, 70, 242)
(172, 0, 70, 242)
(172, 0, 70, 242)
(172, 0, 70, 242)
(168, 0, 70, 238)
(168, 0, 70, 238)
(168, 0, 70, 238)
(168, 0, 70, 238)
(177, 0, 42, 219)
(177, 0, 42, 219)
(177, 0, 42, 219)
(177, 0, 42, 219)
(177, 0, 42, 219)
(177, 0, 42, 219)
(177, 0, 42, 219)
(177, 0, 42, 219)
(177, 0, 42, 219)
(177, 0, 42, 219)
(177, 0, 42, 219)
(177, 0, 42, 219)
(177, 0, 42, 219)
(177, 0, 42, 219)
(177, 0, 42, 219)
(177, 0, 42, 219)
(177, 0, 42, 219)
(177, 0, 42, 219)
(177, 0, 42, 219)
(177, 0, 42, 219)
(177, 0, 42, 219)
(177, 0, 42, 219)
(177, 0, 42, 219)
(177, 0, 42, 219)
(177, 0, 42, 219)
(177, 0, 42, 219)
(177, 0, 42, 219)
(177, 0, 42, 219)
(177, 0, 42, 219)
(177, 0, 42, 219)
(177, 0, 42, 219)
(177, 0, 42, 219)
(177, 0, 42, 219)
(177, 0, 42, 219)
(177, 0, 42, 219)
(177, 0, 42, 219)
(177, 0, 42, 219)
(177, 0, 42, 219)
(177, 0, 42, 219)
(177, 0, 42, 219)
(177, 0, 42, 219)
(177, 0, 42, 219)
(177, 0, 42, 219)
(176, 0, 42, 218)
(176, 0, 42, 218)
(176, 0, 42, 218)
(176, 0, 56, 232)
(176, 0, 56, 232)
(176, 0, 56, 232)
(176, 0, 56, 232)
(176, 0, 56, 232)
(176, 0, 56, 232)
(176, 0, 56, 232)
(176, 0, 56, 232)
(176, 0, 56, 232)
(176, 0, 56, 232)
(176, 0, 56, 232)
(176, 0, 56, 232)
(176, 0, 56, 232)
(176, 0, 56, 232)
(177, 0, 42, 219)
(177, 0, 42, 219)
(177, 0, 42, 219)
(177, 0, 42, 219)
(177, 0, 42, 219)
(177, 0, 42, 219)
(177, 0, 42, 219)
(177, 0, 42, 219)
(177, 0, 42, 219)
(177, 0, 42, 219)
(176, 0, 42, 218)
(176, 0, 42, 218)
(176, 0, 42, 218)
(176, 0, 42, 218)
(176, 0, 42, 218)
(176, 0, 42, 218)
(176, 0, 46, 222)
(176, 0, 46, 222)
(176, 0, 46, 222)
(176, 0, 46, 222)
(176, 0, 46, 222)
(176, 0, 46, 222)
(176, 0, 46, 222)
(176, 0, 46, 222)
(176, 0, 46, 222)
(176, 0, 46, 222)
(176, 0, 46, 222)
(176, 0, 46, 222)
(176, 0, 46, 222)
(176, 0, 46, 222)
(177, 0, 42, 219)
(177, 0, 42, 219)
(177, 0, 42, 219)
(177, 0, 42, 219)
(177, 0, 42, 219)
(177, 0, 42, 219)
(177, 0, 42, 219)
(177, 0, 42, 219)
(177, 0, 42, 219)
(177, 0, 42, 219)
(177, 0, 42, 219)
(177, 0, 42, 219)
(177, 0, 42, 219)
(177, 0, 42, 219)
(177, 0, 42, 219)
(177, 0, 42, 219)
(177, 0, 42, 219)
(177, 0, 42, 219)
(177, 0, 42, 219)
(177, 0, 42, 219)
(177, 0, 42, 219)
(175, 0, 42, 217)
(175, 0, 42, 217)
(175, 0, 42, 217)
(175, 0, 42, 217)
(175, 0, 42, 217)
(175, 0, 52, 227)
(175, 0, 52, 227)
(175, 0, 52, 227)
(175, 0, 52, 227)
(177, 0, 42, 219)
(177, 0, 42, 219)
(176, 0, 42, 218)
(176, 0, 42, 218)
(176, 0, 42, 218)
(176, 0, 42, 218)
(176, 0, 56, 232)
(176, 0, 56, 232)
(176, 0, 56, 232)
(176, 0, 56, 232)
(176, 0, 56, 232)
(176, 0, 56, 232)
(176, 0, 56, 232)
(176, 0, 56, 232)
(174, 0, 56, 230)
(176, 0, 42, 218)
(177, 0, 42, 219)
(177, 0, 42, 219)
(177, 0, 42, 219)
(177, 0, 42, 219)
(177, 0, 42, 219)
(176, 0, 42, 218)
(176, 0, 42, 218)
(176, 0, 42, 218)
(176, 0, 42, 218)
(176, 0, 42, 218)
(176, 0, 46, 222)
(176, 0, 46, 222)
(176, 0, 46, 222)
(172, 0, 46, 218)
(172, 0, 46, 218)
(172, 0, 46, 218)
(172, 0, 46, 218)
(172, 0, 46, 218)
(172, 0, 46, 218)
(171, 0, 46, 217)
(172, 0, 58, 230)
(172, 0, 58, 230)
(172, 0, 58, 230)
(172, 0, 58, 230)
(172, 0, 58, 230)
(170, 0, 58, 228)
(170, 0, 58, 228)
(170, 0, 58, 228)
(170, 0, 58, 228)
(173, 0, 42, 215)
(173, 0, 42, 215)
(173, 0, 42, 215)
(173, 0, 42, 215)
(173, 0, 42, 215)
(173, 0, 42, 215)
(173, 0, 42, 215)
(173, 0, 42, 215)
(173, 0, 42, 215)
(173, 0, 42, 215)
(173, 0, 42, 215)
(173, 0, 70, 243)
(173, 0, 70, 243)
(173, 0, 70, 243)
(173, 0, 70, 243)
(177, 0, 42, 219)
(177, 0, 42, 219)
(176, 0, 42, 218)
(176, 0, 42, 218)
(176, 0, 42, 218)
(176, 0, 42, 218)
(176, 0, 56, 232)
(176, 0, 56, 232)
(176, 0, 56, 232)
(173, 0, 56, 229)
(173, 0, 56, 229)
(173, 0, 56, 229)
(173, 0, 56, 229)
(173, 0, 56, 229)
(171, 0, 56, 227)
(174, 0, 42, 216)
(177, 0, 42, 219)
(177, 0, 42, 219)
(177, 0, 42, 219)
(177, 0, 42, 219)
(177, 0, 42, 219)
(177, 0, 42, 219)
(177, 0, 42, 219)
(177, 0, 42, 219)
(177, 0, 42, 219)
(177, 0, 42, 219)
(177, 0, 42, 219)
(177, 0, 42, 219)
(174, 0, 42, 216)
(174, 0, 42, 216)
(173, 0, 42, 215)
(173, 0, 42, 215)
(173, 0, 42, 215)
(173, 0, 42, 215)
(173, 0, 42, 215)
(173, 0, 42, 215)
(173, 0, 110, 283)
(173, 0, 110, 283)
(173, 0, 110, 283)
(173, 0, 110, 283)
(169, 0, 110, 279)
(169, 0, 110, 279)
(169, 0, 110, 279)
(169, 0, 110, 279)
(169, 0, 110, 279)
(173, 0, 42, 215)
(173, 0, 42, 215)
(173, 0, 42, 215)
(173, 0, 42, 215)
(173, 0, 42, 215)
(173, 0, 42, 215)
(173, 0, 42, 215)
(173, 0, 42, 215)
(173, 0, 42, 215)
(173, 0, 42, 215)
(173, 0, 42, 215)
(173, 0, 66, 239)
(173, 0, 66, 239)
(173, 0, 66, 239)
(173, 0, 66, 239)
(177, 0, 42, 219)
(177, 0, 42, 219)
(177, 0, 42, 219)
(177, 0, 42, 219)
(177, 0, 42, 219)
(177, 0, 42, 219)
(177, 0, 42, 219)
(177, 0, 42, 219)
(177, 0, 42, 219)
(177, 0, 42, 219)
(177, 0, 42, 219)
(177, 0, 42, 219)
(174, 0, 42, 216)
(174, 0, 42, 216)
(174, 0, 42, 216)
(174, 0, 42, 216)
(174, 0, 76, 250)
(174, 0, 76, 250)
(174, 0, 76, 250)
(174, 0, 76, 250)
(174, 0, 76, 250)
(174, 0, 76, 250)
(174, 0, 76, 250)
(174, 0, 76, 250)
(174, 0, 76, 250)
(174, 0, 76, 250)
(174, 0, 76, 250)
(174, 0, 76, 250)
(174, 0, 76, 250)
(174, 0, 76, 250)
(177, 0, 42, 219)
(177, 0, 42, 219)
(177, 0, 42, 219)
(173, 0, 42, 215)
(173, 0, 42, 215)
(173, 0, 42, 215)
(173, 0, 66, 239)
(173, 0, 66, 239)
(173, 0, 66, 239)
(173, 0, 66, 239)
(173, 0, 66, 239)
(173, 0, 66, 239)
(173, 0, 66, 239)
(173, 0, 66, 239)
(173, 0, 66, 239)
(177, 0, 42, 219)
(177, 0, 42, 219)
(177, 0, 42, 219)
(177, 0, 42, 219)
(176, 0, 42, 218)
(176, 0, 42, 218)
(176, 0, 42, 218)
(176, 0, 42, 218)
(176, 0, 42, 218)
(176, 0, 42, 218)
(176, 0, 42, 218)
(176, 0, 46, 222)
(176, 0, 46, 222)
(176, 0, 46, 222)
(176, 0, 46, 222)
(177, 0, 42, 219)
(177, 0, 42, 219)
(177, 0, 42, 219)
(177, 0, 42, 219)
(177, 0, 42, 219)
(177, 0, 42, 219)
(177, 0, 42, 219)
(177, 0, 42, 219)
(177, 0, 42, 219)
(177, 0, 42, 219)
(177, 0, 42, 219)
(173, 0, 42, 215)
(173, 0, 42, 215)
(173, 0, 42, 215)
(173, 0, 42, 215)
(173, 0, 42, 215)
(173, 0, 70, 243)
(173, 0, 70, 243)
(173, 0, 70, 243)
(173, 0, 70, 243)
(173, 0, 70, 243)
(173, 0, 70, 243)
(173, 0, 70, 243)
(173, 0, 70, 243)
(173, 0, 70, 243)
(173, 0, 70, 243)
(173, 0, 70, 243)
(173, 0, 70, 243)
(173, 0, 70, 243)
(169, 0, 70, 239)
(177, 0, 42, 219)
(177, 0, 42, 219)
(177, 0, 42, 219)
(177, 0, 42, 219)
(177, 0, 42, 219)
(177, 0, 42, 219)
(177, 0, 42, 219)
(177, 0, 42, 219)
(177, 0, 42, 219)
(177, 0, 42, 219)
(177, 0, 42, 219)
(177, 0, 42, 219)
(177, 0, 42, 219)
(177, 0, 42, 219)
(177, 0, 42, 219)
(177, 0, 42, 219)
(177, 0, 42, 219)
(177, 0, 42, 219)
(177, 0, 42, 219)
(177, 0, 42, 219)
(177, 0, 42, 219)
(177, 0, 42, 219)
(177, 0, 42, 219)
(175, 0, 42, 217)
(175, 0, 42, 217)
(174, 0, 42, 216)
(174, 0, 52, 226)
(174, 0, 52, 226)
(174, 0, 52, 226)
(174, 0, 52, 226)
(175, 0, 42, 217)
(175, 0, 42, 217)
(174, 0, 42, 216)
(174, 0, 42, 216)
(174, 0, 42, 216)
(174, 0, 42, 216)
(174, 0, 66, 240)
(174, 0, 66, 240)
(174, 0, 66, 240)
(174, 0, 66, 240)
(174, 0, 66, 240)
(174, 0, 66, 240)
(174, 0, 66, 240)
(174, 0, 66, 240)
(174, 0, 66, 240)
(175, 0, 42, 217)
(177, 0, 42, 219)
(177, 0, 42, 219)
(177, 0, 42, 219)
(177, 0, 42, 219)
(177, 0, 42, 219)
(177, 0, 42, 219)
(177, 0, 42, 219)
(177, 0, 42, 219)
(177, 0, 42, 219)
(176, 0, 42, 218)
(177, 0, 42, 219)
(177, 0, 42, 219)
(177, 0, 42, 219)
(177, 0, 42, 219)
(176, 0, 42, 218)
(176, 0, 42, 218)
(176, 0, 42, 218)
(173, 0, 42, 215)
(173, 0, 42, 215)
(173, 0, 42, 215)
(173, 0, 110, 283)
(173, 0, 110, 283)
(173, 0, 110, 283)
(173, 0, 110, 283)
(173, 0, 110, 283)
(173, 0, 110, 283)
(173, 0, 110, 283)
(173, 0, 110, 283)
(173, 0, 110, 283)
(177, 0, 42, 219)
(177, 0, 42, 219)
(177, 0, 42, 219)
(177, 0, 42, 219)
(173, 0, 42, 215)
(173, 0, 42, 215)
(173, 0, 42, 215)
(173, 0, 42, 215)
(171, 0, 42, 213)
(171, 0, 42, 213)
(171, 0, 42, 213)
(171, 0, 76, 247)
(171, 0, 76, 247)
(171, 0, 76, 247)
(171, 0, 76, 247)
(177, 0, 42, 219)
(177, 0, 42, 219)
(177, 0, 42, 219)
(177, 0, 42, 219)
(177, 0, 42, 219)
(177, 0, 42, 219)
(177, 0, 42, 219)
(177, 0, 42, 219)
(177, 0, 42, 219)
(177, 0, 42, 219)
(177, 0, 42, 219)
(176, 0, 42, 218)
(176, 0, 42, 218)
(176, 0, 42, 218)
(176, 0, 42, 218)
(176, 0, 42, 218)
(176, 0, 48, 224)
(176, 0, 48, 224)
(176, 0, 48, 224)
(176, 0, 48, 224)
(176, 0, 48, 224)
(176, 0, 48, 224)
(176, 0, 48, 224)
(176, 0, 48, 224)
(176, 0, 48, 224)
(176, 0, 48, 224)
(176, 0, 48, 224)
(176, 0, 48, 224)
(176, 0, 48, 224)
(176, 0, 48, 224)
(177, 0, 42, 219)
(177, 0, 42, 219)
(177, 0, 42, 219)
(177, 0, 42, 219)
(177, 0, 42, 219)
(177, 0, 42, 219)
(177, 0, 42, 219)
(177, 0, 42, 219)
(177, 0, 42, 219)
(177, 0, 42, 219)
(177, 0, 42, 219)
(177, 0, 42, 219)
(177, 0, 42, 219)
(177, 0, 42, 219)
(177, 0, 42, 219)
(177, 0, 42, 219)
(177, 0, 42, 219)
(177, 0, 42, 219)
(177, 0, 42, 219)
(177, 0, 42, 219)
(177, 0, 42, 219)
(177, 0, 42, 219)
(177, 0, 42, 219)
(177, 0, 42, 219)
(177, 0, 42, 219)
(177, 0, 42, 219)
(177, 0, 42, 219)
(177, 0, 42, 219)
(177, 0, 42, 219)
(177, 0, 42, 219)
(177, 0, 42, 219)
(177, 0, 42, 219)
(177, 0, 42, 219)
(176, 0, 42, 218)
(176, 0, 42, 218)
(176, 0, 42, 218)
(176, 0, 76, 252)
(176, 0, 76, 252)
(176, 0, 76, 252)
(176, 0, 76, 252)
(176, 0, 76, 252)
(176, 0, 76, 252)
(172, 0, 76, 248)
(172, 0, 76, 248)
(172, 0, 76, 248)
(177, 0, 42, 219)
(177, 0, 42, 219)
(177, 0, 42, 219)
(177, 0, 42, 219)
(177, 0, 42, 219)
(177, 0, 42, 219)
(177, 0, 42, 219)
(177, 0, 42, 219)
(177, 0, 42, 219)
(177, 0, 42, 219)
(177, 0, 42, 219)
(177, 0, 42, 219)
(177, 0, 42, 219)
(176, 0, 42, 218)
(176, 0, 42, 218)
(176, 0, 42, 218)
(174, 0, 42, 216)
(174, 0, 42, 216)
(174, 0, 42, 216)
(174, 0, 42, 216)
(174, 0, 42, 216)
(174, 0, 105, 279)
(174, 0, 105, 279)
(174, 0, 105, 279)
(174, 0, 105, 279)
(174, 0, 105, 279)
(174, 0, 105, 279)
(174, 0, 105, 279)
(174, 0, 105, 279)
(174, 0, 105, 279)
(175, 0, 42, 217)
(177, 0, 42, 219)
(174, 0, 42, 216)
(174, 0, 42, 216)
(174, 0, 42, 216)
(174, 0, 42, 216)
(174, 0, 42, 216)
(174, 0, 42, 216)
(174, 0, 42, 216)
(174, 0, 42, 216)
(173, 0, 42, 215)
(174, 0, 76, 250)
(174, 0, 76, 250)
(174, 0, 76, 250)
(174, 0, 76, 250)
(177, 0, 42, 219)
(177, 0, 42, 219)
(177, 0, 42, 219)
(177, 0, 42, 219)
(177, 0, 42, 219)
(176, 0, 42, 218)
(177, 0, 42, 219)
(177, 0, 42, 219)
(177, 0, 42, 219)
(177, 0, 42, 219)
(177, 0, 42, 219)
(177, 0, 42, 219)
(177, 0, 42, 219)
(177, 0, 42, 219)
(177, 0, 42, 219)
(177, 0, 42, 219)
(177, 0, 42, 219)
(177, 0, 42, 219)
(174, 0, 42, 216)
(174, 0, 42, 216)
(174, 0, 42, 216)
(174, 0, 42, 216)
(174, 0, 42, 216)
(174, 0, 42, 216)
(174, 0, 42, 216)
(173, 0, 42, 215)
(173, 0, 76, 249)
(173, 0, 76, 249)
(169, 0, 76, 245)
(169, 0, 76, 245)
(176, 0, 42, 218)
(176, 0, 42, 218)
(176, 0, 42, 218)
(176, 0, 42, 218)
(176, 0, 42, 218)
(176, 0, 42, 218)
(176, 0, 56, 232)
(173, 0, 56, 229)
(173, 0, 56, 229)
(173, 0, 56, 229)
(173, 0, 56, 229)
(169, 0, 56, 225)
(169, 0, 56, 225)
(169, 0, 56, 225)
(169, 0, 56, 225)
(177, 0, 42, 219)
(175, 0, 42, 217)
(175, 0, 42, 217)
(175, 0, 42, 217)
(175, 0, 42, 217)
(175, 0, 42, 217)
(172, 0, 42, 214)
(172, 0, 42, 214)
(172, 0, 42, 214)
(172, 0, 42, 214)
(172, 0, 42, 214)
(172, 0, 74, 246)
(172, 0, 74, 246)
(172, 0, 74, 246)
(172, 0, 74, 246)
(174, 0, 42, 216)
(172, 0, 42, 214)
(172, 0, 42, 214)
(172, 0, 42, 214)
(172, 0, 42, 214)
(172, 0, 42, 214)
(172, 0, 74, 246)
(172, 0, 74, 246)
(172, 0, 74, 246)
(172, 0, 74, 246)
(172, 0, 74, 246)
(172, 0, 74, 246)
(172, 0, 74, 246)
(172, 0, 74, 246)
(172, 0, 74, 246)
(175, 0, 42, 217)
(177, 0, 42, 219)
(177, 0, 42, 219)
(177, 0, 42, 219)
(177, 0, 42, 219)
(177, 0, 42, 219)
(177, 0, 42, 219)
(177, 0, 42, 219)
(177, 0, 42, 219)
(177, 0, 42, 219)
(177, 0, 42, 219)
(177, 0, 42, 219)
(177, 0, 42, 219)
(177, 0, 42, 219)
(177, 0, 42, 219)
(177, 0, 42, 219)
(176, 0, 42, 218)
(176, 0, 42, 218)
(176, 0, 42, 218)
(176, 0, 42, 218)
(176, 0, 42, 218)
(175, 0, 46, 221)
(175, 0, 46, 221)
(174, 0, 46, 220)
(174, 0, 46, 220)
(174, 0, 46, 220)
(174, 0, 46, 220)
(174, 0, 46, 220)
(174, 0, 46, 220)
(174, 0, 46, 220)
(176, 0, 42, 218)
(176, 0, 42, 218)
(176, 0, 42, 218)
(176, 0, 42, 218)
(176, 0, 42, 218)
(176, 0, 42, 218)
(176, 0, 42, 218)
(176, 0, 42, 218)
(176, 0, 42, 218)
(176, 0, 42, 218)
(176, 0, 42, 218)
(173, 0, 48, 221)
(173, 0, 48, 221)
(173, 0, 48, 221)
(173, 0, 48, 221)
(177, 0, 42, 219)
(177, 0, 42, 219)
(177, 0, 42, 219)
(177, 0, 42, 219)
(177, 0, 42, 219)
(177, 0, 42, 219)
(177, 0, 42, 219)
(177, 0, 42, 219)
(177, 0, 42, 219)
(177, 0, 42, 219)
(177, 0, 42, 219)
(177, 0, 42, 219)
(177, 0, 42, 219)
(177, 0, 42, 219)
(175, 0, 42, 217)
(175, 0, 42, 217)
(175, 0, 52, 227)
(175, 0, 52, 227)
(175, 0, 52, 227)
(175, 0, 52, 227)
(175, 0, 52, 227)
(175, 0, 52, 227)
(175, 0, 52, 227)
(175, 0, 52, 227)
(175, 0, 52, 227)
(175, 0, 52, 227)
(174, 0, 52, 226)
(170, 0, 52, 222)
(170, 0, 52, 222)
(170, 0, 52, 222)
(177, 0, 42, 219)
(177, 0, 42, 219)
(173, 0, 42, 215)
(173, 0, 42, 215)
(173, 0, 42, 215)
(173, 0, 42, 215)
(173, 0, 70, 243)
(173, 0, 70, 243)
(173, 0, 70, 243)
(173, 0, 70, 243)
(173, 0, 70, 243)
(173, 0, 70, 243)
(173, 0, 70, 243)
(173, 0, 70, 243)
(173, 0, 70, 243)
(173, 0, 42, 215)
(177, 0, 42, 219)
(177, 0, 42, 219)
(177, 0, 42, 219)
(177, 0, 42, 219)
(177, 0, 42, 219)
(177, 0, 42, 219)
(177, 0, 42, 219)
(177, 0, 42, 219)
(177, 0, 42, 219)
(177, 0, 42, 219)
(177, 0, 42, 219)
(177, 0, 42, 219)
(177, 0, 42, 219)
(177, 0, 42, 219)
(177, 0, 42, 219)
(177, 0, 42, 219)
(177, 0, 42, 219)
(177, 0, 42, 219)
(177, 0, 42, 219)
(176, 0, 42, 218)
(177, 0, 42, 219)
(177, 0, 42, 219)
(177, 0, 42, 219)
(177, 0, 42, 219)
(177, 0, 42, 219)
(177, 0, 42, 219)
(177, 0, 42, 219)
(177, 0, 42, 219)
(176, 0, 42, 218)
(176, 0, 42, 218)
(176, 0, 56, 232)
(176, 0, 56, 232)
(176, 0, 56, 232)
(176, 0, 56, 232)
(176, 0, 56, 232)
(176, 0, 56, 232)
(176, 0, 56, 232)
(176, 0, 56, 232)
(176, 0, 56, 232)
(176, 0, 56, 232)
(176, 0, 56, 232)
(176, 0, 56, 232)
(176, 0, 56, 232)
(176, 0, 56, 232)
(176, 0, 42, 218)
(176, 0, 42, 218)
(176, 0, 42, 218)
(176, 0, 42, 218)
(176, 0, 42, 218)
(176, 0, 42, 218)
(176, 0, 56, 232)
(175, 0, 56, 231)
(175, 0, 56, 231)
(175, 0, 56, 231)
(175, 0, 56, 231)
(175, 0, 56, 231)
(175, 0, 56, 231)
(175, 0, 56, 231)
(175, 0, 56, 231)
(176, 0, 42, 218)
(177, 0, 42, 219)
(176, 0, 42, 218)
(176, 0, 42, 218)
(176, 0, 42, 218)
(176, 0, 42, 218)
(176, 0, 42, 218)
(176, 0, 42, 218)
(176, 0, 42, 218)
(176, 0, 42, 218)
(176, 0, 42, 218)
(176, 0, 56, 232)
(176, 0, 56, 232)
(176, 0, 56, 232)
(176, 0, 56, 232)
(177, 0, 42, 219)
(177, 0, 42, 219)
(175, 0, 42, 217)
(175, 0, 42, 217)
(175, 0, 42, 217)
(174, 0, 42, 216)
(175, 0, 52, 227)
(175, 0, 52, 227)
(175, 0, 52, 227)
(175, 0, 52, 227)
(175, 0, 52, 227)
(175, 0, 52, 227)
(175, 0, 52, 227)
(175, 0, 52, 227)
(175, 0, 52, 227)
(177, 0, 42, 219)
(173, 0, 42, 215)
(173, 0, 42, 215)
(173, 0, 42, 215)
(173, 0, 42, 215)
(173, 0, 42, 215)
(173, 0, 42, 215)
(173, 0, 42, 215)
(172, 0, 42, 214)
(172, 0, 42, 214)
(172, 0, 42, 214)
(172, 0, 72, 244)
(172, 0, 72, 244)
(169, 0, 72, 241)
(169, 0, 72, 241)
(174, 0, 42, 216)
(174, 0, 42, 216)
(174, 0, 42, 216)
(174, 0, 42, 216)
(174, 0, 42, 216)
(174, 0, 42, 216)
(174, 0, 76, 250)
(174, 0, 76, 250)
(174, 0, 76, 250)
(174, 0, 76, 250)
(174, 0, 76, 250)
(174, 0, 76, 250)
(174, 0, 76, 250)
(174, 0, 76, 250)
(174, 0, 76, 250)
(174, 0, 42, 216)
(174, 0, 42, 216)
(174, 0, 42, 216)
(174, 0, 42, 216)
(174, 0, 42, 216)
(174, 0, 42, 216)
(174, 0, 42, 216)
(174, 0, 42, 216)
(174, 0, 42, 216)
(174, 0, 42, 216)
(174, 0, 42, 216)
(174, 0, 76, 250)
(174, 0, 76, 250)
(174, 0, 76, 250)
(174, 0, 76, 250)
(177, 0, 42, 219)
(177, 0, 42, 219)
(177, 0, 42, 219)
(177, 0, 42, 219)
(173, 0, 42, 215)
(173, 0, 42, 215)
(173, 0, 66, 239)
(173, 0, 66, 239)
(172, 0, 66, 238)
(172, 0, 66, 238)
(172, 0, 66, 238)
(172, 0, 66, 238)
(172, 0, 66, 238)
(172, 0, 66, 238)
(172, 0, 66, 238)
(177, 0, 42, 219)
(177, 0, 42, 219)
(177, 0, 42, 219)
(173, 0, 42, 215)
(173, 0, 42, 215)
(173, 0, 42, 215)
(173, 0, 42, 215)
(173, 0, 42, 215)
(173, 0, 42, 215)
(173, 0, 42, 215)
(173, 0, 42, 215)
(173, 0, 70, 243)
(173, 0, 70, 243)
(173, 0, 70, 243)
(173, 0, 70, 243)
(177, 0, 42, 219)
(177, 0, 42, 219)
(177, 0, 42, 219)
(177, 0, 42, 219)
(177, 0, 42, 219)
(177, 0, 42, 219)
(177, 0, 42, 219)
(177, 0, 42, 219)
(177, 0, 42, 219)
(177, 0, 42, 219)
(177, 0, 42, 219)
(177, 0, 42, 219)
(177, 0, 42, 219)
(177, 0, 42, 219)
(177, 0, 42, 219)
(177, 0, 42, 219)
(177, 0, 42, 219)
(177, 0, 42, 219)
(177, 0, 42, 219)
(177, 0, 42, 219)
(177, 0, 42, 219)
(177, 0, 42, 219)
(177, 0, 42, 219)
(177, 0, 42, 219)
(177, 0, 42, 219)
(177, 0, 42, 219)
(177, 0, 42, 219)
(177, 0, 42, 219)
(177, 0, 42, 219)
(177, 0, 42, 219)
(177, 0, 42, 219)
(177, 0, 42, 219)
(177, 0, 42, 219)
(173, 0, 42, 215)
(173, 0, 42, 215)
(173, 0, 42, 215)
(173, 0, 70, 243)
(173, 0, 70, 243)
(173, 0, 70, 243)
(173, 0, 70, 243)
(173, 0, 70, 243)
(173, 0, 70, 243)
(173, 0, 70, 243)
(173, 0, 70, 243)
(172, 0, 70, 242)
(177, 0, 42, 219)
(177, 0, 42, 219)
(177, 0, 42, 219)
(177, 0, 42, 219)
(177, 0, 42, 219)
(177, 0, 42, 219)
(177, 0, 42, 219)
(177, 0, 42, 219)
(177, 0, 42, 219)
(177, 0, 42, 219)
(177, 0, 42, 219)
(177, 0, 42, 219)
(177, 0, 42, 219)
(177, 0, 42, 219)
(177, 0, 42, 219)
(177, 0, 42, 219)
(177, 0, 42, 219)
(177, 0, 42, 219)
(177, 0, 42, 219)
(177, 0, 42, 219)
(177, 0, 42, 219)
(177, 0, 42, 219)
(177, 0, 42, 219)
(177, 0, 42, 219)
(177, 0, 42, 219)
(177, 0, 42, 219)
(177, 0, 42, 219)
(177, 0, 42, 219)
(177, 0, 42, 219)
(177, 0, 42, 219)
(177, 0, 42, 219)
(177, 0, 42, 219)
(177, 0, 42, 219)
(177, 0, 42, 219)
(177, 0, 42, 219)
(177, 0, 42, 219)
(177, 0, 42, 219)
(177, 0, 42, 219)
(177, 0, 42, 219)
(173, 0, 42, 215)
(173, 0, 42, 215)
(173, 0, 70, 243)
(173, 0, 70, 243)
(173, 0, 70, 243)
(173, 0, 70, 243)
(177, 0, 42, 219)
(177, 0, 42, 219)
(177, 0, 42, 219)
(177, 0, 42, 219)
(177, 0, 42, 219)
(177, 0, 42, 219)
(177, 0, 42, 219)
(177, 0, 42, 219)
(176, 0, 42, 218)
(176, 0, 42, 218)
(176, 0, 42, 218)
(176, 0, 42, 218)
(176, 0, 42, 218)
(175, 0, 42, 217)
(175, 0, 42, 217)
(175, 0, 42, 217)
(175, 0, 99, 274)
(175, 0, 99, 274)
(175, 0, 99, 274)
(175, 0, 99, 274)
(175, 0, 99, 274)
(175, 0, 99, 274)
(175, 0, 99, 274)
(175, 0, 99, 274)
(175, 0, 99, 274)
(175, 0, 99, 274)
(175, 0, 99, 274)
(175, 0, 99, 274)
(175, 0, 99, 274)
(175, 0, 99, 274)
(176, 0, 42, 218)
(176, 0, 42, 218)
(176, 0, 42, 218)
(176, 0, 42, 218)
(176, 0, 42, 218)
(176, 0, 42, 218)
(176, 0, 46, 222)
(176, 0, 46, 222)
(176, 0, 46, 222)
(176, 0, 46, 222)
(176, 0, 46, 222)
(176, 0, 46, 222)
(176, 0, 46, 222)
(176, 0, 46, 222)
(176, 0, 46, 222)
(177, 0, 42, 219)
(174, 0, 42, 216)
(174, 0, 42, 216)
(174, 0, 42, 216)
(174, 0, 42, 216)
(174, 0, 42, 216)
(174, 0, 42, 216)
(174, 0, 42, 216)
(174, 0, 42, 216)
(174, 0, 42, 216)
(174, 0, 42, 216)
(174, 0, 76, 250)
(174, 0, 76, 250)
(174, 0, 76, 250)
(174, 0, 76, 250)
(177, 0, 42, 219)
(174, 0, 42, 216)
(174, 0, 42, 216)
(174, 0, 42, 216)
(174, 0, 42, 216)
(174, 0, 42, 216)
(173, 0, 76, 249)
(173, 0, 76, 249)
(173, 0, 76, 249)
(173, 0, 76, 249)
(172, 0, 76, 248)
(172, 0, 76, 248)
(172, 0, 76, 248)
(172, 0, 76, 248)
(172, 0, 76, 248)
(174, 0, 42, 216)
(174, 0, 42, 216)
(174, 0, 42, 216)
(174, 0, 42, 216)
(174, 0, 42, 216)
(174, 0, 42, 216)
(174, 0, 42, 216)
(174, 0, 42, 216)
(170, 0, 42, 212)
(170, 0, 42, 212)
(170, 0, 42, 212)
(170, 0, 88, 258)
(170, 0, 88, 258)
(170, 0, 88, 258)
(170, 0, 88, 258)
(173, 0, 42, 215)
(173, 0, 42, 215)
(172, 0, 42, 214)
(172, 0, 42, 214)
(172, 0, 42, 214)
(172, 0, 42, 214)
(172, 0, 58, 230)
(172, 0, 58, 230)
(172, 0, 58, 230)
(172, 0, 58, 230)
(172, 0, 58, 230)
(172, 0, 58, 230)
(172, 0, 58, 230)
(172, 0, 58, 230)
(172, 0, 58, 230)
(177, 0, 42, 219)
(177, 0, 42, 219)
(177, 0, 42, 219)
(177, 0, 42, 219)
(177, 0, 42, 219)
(177, 0, 42, 219)
(177, 0, 42, 219)
(177, 0, 42, 219)
(177, 0, 42, 219)
(177, 0, 42, 219)
(177, 0, 42, 219)
(177, 0, 42, 219)
(177, 0, 42, 219)
(177, 0, 42, 219)
(177, 0, 42, 219)
(177, 0, 42, 219)
(177, 0, 42, 219)
(177, 0, 42, 219)
(177, 0, 42, 219)
(177, 0, 42, 219)
(177, 0, 42, 219)
(177, 0, 42, 219)
(175, 0, 42, 217)
(175, 0, 42, 217)
(175, 0, 42, 217)
(175, 0, 42, 217)
(174, 0, 42, 216)
(174, 0, 42, 216)
(170, 0, 42, 212)
(170, 0, 42, 212)
(170, 0, 42, 212)
(170, 0, 94, 264)
(170, 0, 94, 264)
(170, 0, 94, 264)
(170, 0, 94, 264)
(170, 0, 94, 264)
(169, 0, 94, 263)
(169, 0, 94, 263)
(169, 0, 94, 263)
(169, 0, 94, 263)
(169, 0, 94, 263)
(169, 0, 90, 259)
(169, 0, 90, 259)
(169, 0, 90, 259)
(169, 0, 90, 259)
(173, 0, 42, 215)
(173, 0, 42, 215)
(173, 0, 42, 215)
(173, 0, 42, 215)
(173, 0, 42, 215)
(173, 0, 42, 215)
(169, 0, 66, 235)
(169, 0, 66, 235)
(169, 0, 66, 235)
(169, 0, 66, 235)
(169, 0, 66, 235)
(168, 0, 66, 234)
(168, 0, 66, 234)
(168, 0, 66, 234)
(168, 0, 66, 234)
(167, 8, 42, 217)
(177, 0, 42, 219)
(177, 0, 42, 219)
(177, 0, 42, 219)
(177, 0, 42, 219)
(173, 0, 42, 215)
(173, 0, 42, 215)
(173, 0, 42, 215)
(173, 0, 42, 215)
(173, 0, 42, 215)
(173, 0, 42, 215)
(173, 0, 66, 239)
(173, 0, 66, 239)
(173, 0, 66, 239)
(173, 0, 66, 239)
(173, 0, 42, 215)
(173, 0, 42, 215)
(173, 0, 42, 215)
(173, 0, 42, 215)
(173, 0, 42, 215)
(173, 0, 42, 215)
(173, 0, 66, 239)
(173, 0, 66, 239)
(173, 0, 66, 239)
(173, 0, 66, 239)
(173, 0, 66, 239)
(173, 0, 66, 239)
(173, 0, 66, 239)
(173, 0, 66, 239)
(173, 0, 66, 239)
(177, 0, 42, 219)
(177, 0, 42, 219)
(177, 0, 42, 219)
(177, 0, 42, 219)
(177, 0, 42, 219)
(177, 0, 42, 219)
(177, 0, 42, 219)
(177, 0, 42, 219)
(177, 0, 42, 219)
(177, 0, 42, 219)
(177, 0, 42, 219)
(177, 0, 42, 219)
(177, 0, 42, 219)
(177, 0, 42, 219)
(177, 0, 42, 219)
(177, 0, 42, 219)
(177, 0, 42, 219)
(177, 0, 42, 219)
(177, 0, 42, 219)
(177, 0, 42, 219)
(177, 0, 42, 219)
(177, 0, 42, 219)
(177, 0, 42, 219)
(177, 0, 42, 219)
(177, 0, 42, 219)
(177, 0, 42, 219)
(177, 0, 42, 219)
(177, 0, 42, 219)
(177, 0, 42, 219)
(177, 0, 42, 219)
(176, 0, 42, 218)
(176, 0, 42, 218)
(176, 0, 42, 218)
(176, 0, 42, 218)
(176, 0, 42, 218)
(176, 0, 42, 218)
(174, 0, 42, 216)
(174, 0, 42, 216)
(174, 0, 42, 216)
(174, 0, 42, 216)
(174, 0, 42, 216)
(174, 0, 62, 236)
(174, 0, 62, 236)
(170, 0, 62, 232)
(170, 0, 62, 232)
(173, 0, 42, 215)
(173, 0, 42, 215)
(173, 0, 42, 215)
(173, 0, 42, 215)
(173, 0, 42, 215)
(173, 0, 42, 215)
(173, 0, 70, 243)
(173, 0, 70, 243)
(170, 0, 70, 240)
(170, 0, 70, 240)
(170, 0, 70, 240)
(170, 0, 70, 240)
(170, 0, 70, 240)
(170, 0, 70, 240)
(170, 0, 70, 240)
(174, 0, 42, 216)
(174, 0, 42, 216)
(174, 0, 42, 216)
(174, 0, 42, 216)
(174, 0, 42, 216)
(174, 0, 42, 216)
(174, 0, 42, 216)
(174, 0, 42, 216)
(173, 0, 42, 215)
(173, 0, 42, 215)
(173, 0, 42, 215)
(173, 0, 110, 283)
(173, 0, 110, 283)
(173, 0, 110, 283)
(173, 0, 110, 283)
(177, 0, 42, 219)
(176, 0, 42, 218)
(176, 0, 42, 218)
(176, 0, 42, 218)
(176, 0, 42, 218)
(176, 0, 42, 218)
(176, 0, 48, 224)
(176, 0, 48, 224)
(176, 0, 48, 224)
(176, 0, 48, 224)
(176, 0, 48, 224)
(176, 0, 48, 224)
(176, 0, 48, 224)
(176, 0, 48, 224)
(176, 0, 48, 224)
(177, 0, 42, 219)
(175, 0, 42, 217)
(175, 0, 42, 217)
(175, 0, 42, 217)
(175, 0, 42, 217)
(175, 0, 42, 217)
(175, 0, 42, 217)
(175, 0, 42, 217)
(175, 0, 42, 217)
(175, 0, 42, 217)
(175, 0, 42, 217)
(175, 0, 52, 227)
(175, 0, 52, 227)
(175, 0, 52, 227)
(175, 0, 52, 227)
(175, 0, 42, 217)
(175, 0, 42, 217)
(175, 0, 42, 217)
(175, 0, 42, 217)
(175, 0, 42, 217)
(175, 0, 42, 217)
(175, 0, 52, 227)
(175, 0, 52, 227)
(175, 0, 52, 227)
(175, 0, 52, 227)
(175, 0, 52, 227)
(175, 0, 52, 227)
(175, 0, 52, 227)
(175, 0, 52, 227)
(175, 0, 52, 227)
(177, 0, 42, 219)
(177, 0, 42, 219)
(177, 0, 42, 219)
(177, 0, 42, 219)
(177, 0, 42, 219)
(177, 0, 42, 219)
(177, 0, 42, 219)
(177, 0, 42, 219)
(177, 0, 42, 219)
(177, 0, 42, 219)
(177, 0, 42, 219)
(177, 0, 42, 219)
(177, 0, 42, 219)
(177, 0, 42, 219)
(177, 0, 42, 219)
(177, 0, 42, 219)
(177, 0, 42, 219)
(177, 0, 42, 219)
(177, 0, 42, 219)
(177, 0, 42, 219)
(177, 0, 42, 219)
(177, 0, 42, 219)
(177, 0, 42, 219)
(177, 0, 42, 219)
(177, 0, 42, 219)
(177, 0, 42, 219)
(177, 0, 42, 219)
(177, 0, 42, 219)
(177, 0, 42, 219)
(177, 0, 42, 219)
(176, 0, 42, 218)
(177, 0, 42, 219)
(177, 0, 42, 219)
(177, 0, 42, 219)
(177, 0, 42, 219)
(177, 0, 42, 219)
(177, 0, 42, 219)
(177, 0, 42, 219)
(177, 0, 42, 219)
(177, 0, 42, 219)
(177, 0, 42, 219)
(177, 0, 42, 219)
(177, 0, 42, 219)
(177, 0, 42, 219)
(177, 0, 42, 219)
(177, 0, 42, 219)
(177, 0, 42, 219)
(177, 0, 42, 219)
(177, 0, 42, 219)
(177, 0, 42, 219)
(177, 0, 42, 219)
(177, 0, 42, 219)
(177, 0, 42, 219)
(177, 0, 42, 219)
(177, 0, 42, 219)
(177, 0, 42, 219)
(177, 0, 42, 219)
(177, 0, 42, 219)
(177, 0, 42, 219)
(177, 0, 42, 219)
(177, 0, 42, 219)
(177, 0, 42, 219)
(177, 0, 42, 219)
(177, 0, 42, 219)
(177, 0, 42, 219)
(177, 0, 42, 219)
(177, 0, 42, 219)
(177, 0, 42, 219)
(177, 0, 42, 219)
(177, 0, 42, 219)
(176, 0, 42, 218)
(177, 0, 42, 219)
(177, 0, 42, 219)
(177, 0, 42, 219)
(177, 0, 42, 219)
(175, 0, 42, 217)
(175, 0, 42, 217)
(175, 0, 42, 217)
(175, 0, 42, 217)
(175, 0, 42, 217)
(175, 0, 42, 217)
(175, 0, 52, 227)
(175, 0, 52, 227)
(175, 0, 52, 227)
(175, 0, 52, 227)
(175, 0, 52, 227)
(174, 0, 52, 226)
(174, 0, 52, 226)
(174, 0, 52, 226)
(174, 0, 52, 226)
(177, 0, 42, 219)
(177, 0, 42, 219)
(177, 0, 42, 219)
(177, 0, 42, 219)
(177, 0, 42, 219)
(177, 0, 42, 219)
(177, 0, 42, 219)
(177, 0, 42, 219)
(177, 0, 42, 219)
(177, 0, 42, 219)
(177, 0, 42, 219)
(177, 0, 42, 219)
(177, 0, 42, 219)
(177, 0, 42, 219)
(177, 0, 42, 219)
(177, 0, 42, 219)
(177, 0, 42, 219)
(177, 0, 42, 219)
(177, 0, 42, 219)
(177, 0, 42, 219)
(177, 0, 42, 219)
(177, 0, 42, 219)
(177, 0, 42, 219)
(176, 0, 42, 218)
(176, 0, 42, 218)
(176, 0, 42, 218)
(176, 0, 42, 218)
(176, 0, 42, 218)
(176, 0, 42, 218)
(176, 0, 42, 218)
(176, 0, 42, 218)
(176, 0, 76, 252)
(176, 0, 76, 252)
(176, 0, 76, 252)
(176, 0, 76, 252)
(176, 0, 76, 252)
(176, 0, 76, 252)
(176, 0, 76, 252)
(176, 0, 76, 252)
(176, 0, 76, 252)
(176, 0, 76, 252)
(176, 0, 76, 252)
(176, 0, 76, 252)
(173, 0, 76, 249)
(173, 0, 76, 249)
(177, 0, 42, 219)
(177, 0, 42, 219)
(177, 0, 42, 219)
(177, 0, 42, 219)
(177, 0, 42, 219)
(177, 0, 42, 219)
(177, 0, 42, 219)
(177, 0, 42, 219)
(176, 0, 42, 218)
(176, 0, 42, 218)
(176, 0, 42, 218)
(176, 0, 42, 218)
(176, 0, 42, 218)
(175, 0, 42, 217)
(175, 0, 42, 217)
(175, 0, 42, 217)
(175, 0, 62, 237)
(175, 0, 62, 237)
(175, 0, 62, 237)
(175, 0, 62, 237)
(175, 0, 62, 237)
(175, 0, 62, 237)
(175, 0, 62, 237)
(175, 0, 62, 237)
(175, 0, 62, 237)
(175, 0, 62, 237)
(175, 0, 62, 237)
(175, 0, 62, 237)
(175, 0, 62, 237)
(175, 0, 62, 237)
(176, 0, 42, 218)
(176, 0, 42, 218)
(176, 0, 42, 218)
(176, 0, 42, 218)
(175, 0, 42, 217)
(175, 0, 42, 217)
(172, 0, 62, 234)
(172, 0, 62, 234)
(172, 0, 62, 234)
(172, 0, 62, 234)
(172, 0, 62, 234)
(172, 0, 62, 234)
(172, 0, 62, 234)
(172, 0, 62, 234)
(172, 0, 62, 234)
(174, 0, 42, 216)
(177, 0, 42, 219)
(177, 0, 42, 219)
(177, 0, 42, 219)
(177, 0, 42, 219)
(176, 0, 42, 218)
(176, 0, 42, 218)
(176, 0, 42, 218)
(176, 0, 42, 218)
(176, 0, 42, 218)
(175, 0, 42, 217)
(175, 0, 76, 251)
(175, 0, 76, 251)
(175, 0, 76, 251)
(175, 0, 76, 251)
(176, 0, 42, 218)
(176, 0, 42, 218)
(176, 0, 42, 218)
(176, 0, 42, 218)
(176, 0, 42, 218)
(176, 0, 42, 218)
(176, 0, 46, 222)
(176, 0, 46, 222)
(176, 0, 46, 222)
(176, 0, 46, 222)
(176, 0, 46, 222)
(176, 0, 46, 222)
(176, 0, 46, 222)
(176, 0, 46, 222)
(176, 0, 46, 222)
(177, 0, 42, 219)
(177, 0, 42, 219)
(177, 0, 42, 219)
(177, 0, 42, 219)
(177, 0, 42, 219)
(177, 0, 42, 219)
(177, 0, 42, 219)
(177, 0, 42, 219)
(177, 0, 42, 219)
(177, 0, 42, 219)
(177, 0, 42, 219)
(177, 0, 42, 219)
(173, 0, 42, 215)
(173, 0, 42, 215)
(173, 0, 42, 215)
(173, 0, 42, 215)
(173, 0, 42, 215)
(173, 0, 42, 215)
(173, 0, 42, 215)
(173, 0, 42, 215)
(173, 0, 42, 215)
(173, 0, 66, 239)
(173, 0, 66, 239)
(173, 0, 66, 239)
(173, 0, 66, 239)
(173, 0, 66, 239)
(173, 0, 66, 239)
(173, 0, 66, 239)
(173, 0, 66, 239)
(172, 0, 66, 238)
(176, 0, 42, 218)
(177, 0, 42, 219)
(177, 0, 42, 219)
(177, 0, 42, 219)
(177, 0, 42, 219)
(177, 0, 42, 219)
(177, 0, 42, 219)
(177, 0, 42, 219)
(177, 0, 42, 219)
(177, 0, 42, 219)
(177, 0, 42, 219)
(176, 0, 42, 218)
(176, 0, 42, 218)
(176, 0, 42, 218)
(176, 0, 42, 218)
(176, 0, 42, 218)
(176, 0, 42, 218)
(176, 0, 42, 218)
(176, 0, 42, 218)
(176, 0, 42, 218)
(176, 0, 42, 218)
(176, 0, 76, 252)
(176, 0, 76, 252)
(176, 0, 76, 252)
(176, 0, 76, 252)
(172, 0, 76, 248)
(172, 0, 76, 248)
(172, 0, 76, 248)
(172, 0, 76, 248)
(172, 0, 76, 248)
(177, 0, 42, 219)
(177, 0, 42, 219)
(177, 0, 42, 219)
(176, 0, 42, 218)
(176, 0, 42, 218)
(176, 0, 42, 218)
(176, 0, 42, 218)
(176, 0, 42, 218)
(175, 0, 42, 217)
(175, 0, 42, 217)
(175, 0, 42, 217)
(173, 0, 62, 235)
(173, 0, 62, 235)
(173, 0, 62, 235)
(173, 0, 62, 235)
(177, 0, 42, 219)
(177, 0, 42, 219)
(177, 0, 42, 219)
(177, 0, 42, 219)
(177, 0, 42, 219)
(177, 0, 42, 219)
(177, 0, 42, 219)
(177, 0, 42, 219)
(177, 0, 42, 219)
(177, 0, 42, 219)
(177, 0, 42, 219)
(177, 0, 42, 219)
(177, 0, 42, 219)
(177, 0, 42, 219)
(177, 0, 42, 219)
(177, 0, 42, 219)
(177, 0, 42, 219)
(177, 0, 42, 219)
(173, 0, 42, 215)
(173, 0, 42, 215)
(173, 0, 42, 215)
(173, 0, 42, 215)
(173, 0, 42, 215)
(173, 0, 42, 215)
(173, 0, 42, 215)
(173, 0, 42, 215)
(172, 0, 66, 238)
(172, 0, 66, 238)
(172, 0, 66, 238)
(172, 0, 66, 238)
(176, 0, 42, 218)
(176, 0, 42, 218)
(176, 0, 42, 218)
(176, 0, 42, 218)
(176, 0, 42, 218)
(176, 0, 42, 218)
(176, 0, 56, 232)
(176, 0, 56, 232)
(176, 0, 56, 232)
(176, 0, 56, 232)
(172, 0, 56, 228)
(172, 0, 56, 228)
(172, 0, 56, 228)
(172, 0, 56, 228)
(172, 0, 56, 228)
(176, 0, 42, 218)
(176, 0, 42, 218)
(176, 0, 42, 218)
(176, 0, 42, 218)
(176, 0, 42, 218)
(176, 0, 42, 218)
(176, 0, 42, 218)
(176, 0, 42, 218)
(176, 0, 42, 218)
(176, 0, 42, 218)
(176, 0, 42, 218)
(176, 0, 56, 232)
(176, 0, 56, 232)
(176, 0, 56, 232)
(176, 0, 56, 232)
(177, 0, 42, 219)
(177, 0, 42, 219)
(177, 0, 42, 219)
(177, 0, 42, 219)
(177, 0, 42, 219)
(177, 0, 42, 219)
(177, 0, 42, 219)
(177, 0, 42, 219)
(177, 0, 42, 219)
(177, 0, 42, 219)
(177, 0, 42, 219)
(177, 0, 42, 219)
(177, 0, 42, 219)
(177, 0, 42, 219)
(177, 0, 42, 219)
(177, 0, 42, 219)
(177, 0, 42, 219)
(177, 0, 42, 219)
(177, 0, 42, 219)
(177, 0, 42, 219)
(177, 0, 42, 219)
(177, 0, 42, 219)
(177, 0, 42, 219)
(177, 0, 42, 219)
(174, 0, 42, 216)
(174, 0, 42, 216)
(174, 0, 76, 250)
(174, 0, 76, 250)
(174, 0, 76, 250)
(174, 0, 76, 250)
(177, 0, 42, 219)
(177, 0, 42, 219)
(177, 0, 42, 219)
(177, 0, 42, 219)
(176, 0, 42, 218)
(176, 0, 42, 218)
(176, 0, 48, 224)
(175, 0, 48, 223)
(175, 0, 48, 223)
(175, 0, 48, 223)
(175, 0, 48, 223)
(175, 0, 48, 223)
(175, 0, 48, 223)
(175, 0, 48, 223)
(175, 0, 48, 223)
(176, 0, 42, 218)
(176, 0, 42, 218)
(175, 0, 42, 217)
(175, 0, 42, 217)
(175, 0, 42, 217)
(175, 0, 42, 217)
(175, 0, 42, 217)
(175, 0, 42, 217)
(175, 0, 42, 217)
(175, 0, 42, 217)
(175, 0, 42, 217)
(175, 0, 62, 237)
(175, 0, 62, 237)
(175, 0, 62, 237)
(175, 0, 62, 237)
(177, 0, 42, 219)
(177, 0, 42, 219)
(177, 0, 42, 219)
(177, 0, 42, 219)
(177, 0, 42, 219)
(177, 0, 42, 219)
(177, 0, 42, 219)
(173, 0, 42, 215)
(173, 0, 42, 215)
(173, 0, 42, 215)
(173, 0, 42, 215)
(173, 0, 42, 215)
(173, 0, 42, 215)
(170, 0, 42, 212)
(170, 0, 42, 212)
(170, 0, 42, 212)
(170, 0, 88, 258)
(170, 0, 88, 258)
(170, 0, 88, 258)
(170, 0, 88, 258)
(170, 0, 88, 258)
(170, 0, 88, 258)
(170, 0, 88, 258)
(170, 0, 88, 258)
(170, 0, 88, 258)
(170, 0, 88, 258)
(170, 0, 88, 258)
(170, 0, 88, 258)
(170, 0, 88, 258)
(170, 0, 88, 258)
(173, 0, 42, 215)
(173, 0, 42, 215)
(173, 0, 42, 215)
(173, 0, 42, 215)
(173, 0, 42, 215)
(173, 0, 42, 215)
(169, 0, 70, 239)
(166, 0, 70, 236)
(166, 0, 70, 236)
(166, 0, 70, 236)
(166, 0, 70, 236)
(166, 0, 70, 236)
(166, 0, 70, 236)
(166, 0, 70, 236)
(166, 0, 70, 236)
(173, 0, 42, 215)
(174, 0, 42, 216)
(173, 0, 42, 215)
(173, 0, 42, 215)
(173, 0, 42, 215)
(173, 0, 42, 215)
(173, 0, 42, 215)
(173, 0, 42, 215)
(173, 0, 42, 215)
(173, 0, 42, 215)
(173, 0, 42, 215)
(172, 0, 110, 282)
(172, 0, 110, 282)
(172, 0, 110, 282)
(172, 0, 110, 282)
(176, 0, 42, 218)
(176, 0, 42, 218)
(176, 0, 42, 218)
(176, 0, 42, 218)
(176, 0, 42, 218)
(175, 0, 42, 217)
(175, 0, 56, 231)
(175, 0, 56, 231)
(175, 0, 56, 231)
(175, 0, 56, 231)
(175, 0, 56, 231)
(175, 0, 56, 231)
(175, 0, 56, 231)
(175, 0, 56, 231)
(175, 0, 56, 231)
(176, 0, 42, 218)
(177, 0, 42, 219)
(176, 0, 42, 218)
(176, 0, 42, 218)
(176, 0, 42, 218)
(176, 0, 42, 218)
(176, 0, 42, 218)
(176, 0, 42, 218)
(176, 0, 42, 218)
(176, 0, 42, 218)
(176, 0, 42, 218)
(176, 0, 48, 224)
(176, 0, 48, 224)
(176, 0, 48, 224)
(176, 0, 48, 224)
(177, 0, 42, 219)
(177, 0, 42, 219)
(177, 0, 42, 219)
(177, 0, 42, 219)
(177, 0, 42, 219)
(173, 0, 42, 215)
(173, 0, 42, 215)
(173, 0, 42, 215)
(173, 0, 42, 215)
(173, 0, 42, 215)
(173, 0, 42, 215)
(173, 0, 42, 215)
(173, 0, 42, 215)
(173, 0, 42, 215)
(173, 0, 42, 215)
(172, 0, 42, 214)
(173, 0, 66, 239)
(173, 0, 66, 239)
(173, 0, 66, 239)
(173, 0, 66, 239)
(173, 0, 66, 239)
(173, 0, 66, 239)
(173, 0, 66, 239)
(173, 0, 66, 239)
(173, 0, 66, 239)
(173, 0, 66, 239)
(173, 0, 66, 239)
(173, 0, 66, 239)
(173, 0, 66, 239)
(173, 0, 66, 239)
(177, 0, 42, 219)
(177, 0, 42, 219)
(176, 0, 42, 218)
(176, 0, 42, 218)
(176, 0, 42, 218)
(176, 0, 42, 218)
(176, 0, 76, 252)
(176, 0, 76, 252)
(176, 0, 76, 252)
(176, 0, 76, 252)
(176, 0, 76, 252)
(176, 0, 76, 252)
(176, 0, 76, 252)
(176, 0, 76, 252)
(176, 0, 76, 252)
(177, 0, 42, 219)
(177, 0, 42, 219)
(177, 0, 42, 219)
(177, 0, 42, 219)
(177, 0, 42, 219)
(177, 0, 42, 219)
(177, 0, 42, 219)
(177, 0, 42, 219)
(177, 0, 42, 219)
(177, 0, 42, 219)
(173, 0, 42, 215)
(175, 0, 42, 217)
(175, 0, 42, 217)
(175, 0, 42, 217)
(174, 0, 42, 216)
(174, 0, 42, 216)
(174, 0, 42, 216)
(174, 0, 42, 216)
(174, 0, 42, 216)
(173, 0, 42, 215)
(173, 0, 42, 215)
(173, 0, 115, 288)
(173, 0, 115, 288)
(173, 0, 115, 288)
(173, 0, 115, 288)
(173, 0, 115, 288)
(173, 0, 115, 288)
(173, 0, 115, 288)
(173, 0, 115, 288)
(173, 0, 115, 288)
(177, 0, 42, 219)
(177, 0, 42, 219)
(177, 0, 42, 219)
(177, 0, 42, 219)
(177, 0, 42, 219)
(177, 0, 42, 219)
(177, 0, 42, 219)
(177, 0, 42, 219)
(177, 0, 42, 219)
(177, 0, 42, 219)
(177, 0, 42, 219)
(177, 0, 42, 219)
(177, 0, 42, 219)
(177, 0, 42, 219)
(177, 0, 42, 219)
(177, 0, 42, 219)
(177, 0, 42, 219)
(177, 0, 42, 219)
(177, 0, 42, 219)
(177, 0, 42, 219)
(177, 0, 42, 219)
(177, 0, 42, 219)
(177, 0, 42, 219)
(177, 0, 42, 219)
(177, 0, 42, 219)
(177, 0, 42, 219)
(176, 0, 42, 218)
(176, 0, 42, 218)
(176, 0, 42, 218)
(176, 0, 42, 218)
(176, 0, 42, 218)
(176, 0, 46, 222)
(176, 0, 46, 222)
(176, 0, 46, 222)
(176, 0, 46, 222)
(176, 0, 46, 222)
(176, 0, 46, 222)
(176, 0, 46, 222)
(176, 0, 46, 222)
(176, 0, 46, 222)
(176, 0, 46, 222)
(176, 0, 46, 222)
(176, 0, 46, 222)
(172, 0, 46, 218)
(172, 0, 46, 218)
(172, 0, 46, 218)
(172, 0, 46, 218)
(172, 0, 46, 218)
(172, 0, 46, 218)
(172, 0, 46, 218)
(172, 0, 46, 218)
(172, 0, 70, 242)
(172, 0, 70, 242)
(172, 0, 70, 242)
(172, 0, 70, 242)
(172, 0, 70, 242)
(172, 0, 70, 242)
(172, 0, 70, 242)
(172, 0, 70, 242)
(172, 0, 70, 242)
(173, 0, 42, 215)
(177, 0, 42, 219)
(177, 0, 42, 219)
(177, 0, 42, 219)
(176, 0, 42, 218)
(176, 0, 42, 218)
(176, 0, 42, 218)
(176, 0, 42, 218)
(176, 0, 42, 218)
(176, 0, 42, 218)
(176, 0, 42, 218)
(176, 0, 46, 222)
(176, 0, 46, 222)
(176, 0, 46, 222)
(176, 0, 46, 222)
(177, 0, 42, 219)
(177, 0, 42, 219)
(177, 0, 42, 219)
(177, 0, 42, 219)
(176, 0, 42, 218)
(176, 0, 42, 218)
(176, 0, 48, 224)
(176, 0, 48, 224)
(176, 0, 48, 224)
(176, 0, 48, 224)
(176, 0, 48, 224)
(176, 0, 48, 224)
(176, 0, 48, 224)
(176, 0, 48, 224)
(176, 0, 48, 224)
(176, 0, 42, 218)
(177, 0, 42, 219)
(177, 0, 42, 219)
(177, 0, 42, 219)
(177, 0, 42, 219)
(177, 0, 42, 219)
(177, 0, 42, 219)
(177, 0, 42, 219)
(177, 0, 42, 219)
(177, 0, 42, 219)
(177, 0, 42, 219)
(177, 0, 42, 219)
(177, 0, 42, 219)
(177, 0, 42, 219)
(177, 0, 42, 219)
(177, 0, 42, 219)
(177, 0, 42, 219)
(177, 0, 42, 219)
(177, 0, 42, 219)
(177, 0, 42, 219)
(177, 0, 42, 219)
(177, 0, 42, 219)
(177, 0, 42, 219)
(177, 0, 42, 219)
(177, 0, 42, 219)
(177, 0, 42, 219)
(177, 0, 42, 219)
(177, 0, 42, 219)
(177, 0, 42, 219)
(177, 0, 42, 219)
(177, 0, 42, 219)
(177, 0, 42, 219)
(177, 0, 42, 219)
(177, 0, 42, 219)
(177, 0, 42, 219)
(177, 0, 42, 219)
(177, 0, 42, 219)
(177, 0, 42, 219)
(176, 0, 42, 218)
(176, 0, 42, 218)
(176, 0, 42, 218)
(176, 0, 48, 224)
(176, 0, 48, 224)
(176, 0, 48, 224)
(176, 0, 48, 224)
(176, 0, 42, 218)
(176, 0, 42, 218)
(176, 0, 42, 218)
(176, 0, 42, 218)
(176, 0, 42, 218)
(176, 0, 42, 218)
(176, 0, 48, 224)
(176, 0, 48, 224)
(176, 0, 48, 224)
(176, 0, 48, 224)
(176, 0, 48, 224)
(176, 0, 48, 224)
(176, 0, 48, 224)
(176, 0, 48, 224)
(176, 0, 48, 224)
(176, 0, 42, 218)
(176, 0, 42, 218)
(176, 0, 42, 218)
(176, 0, 42, 218)
(176, 0, 42, 218)
(176, 0, 42, 218)
(176, 0, 42, 218)
(176, 0, 42, 218)
(176, 0, 42, 218)
(176, 0, 42, 218)
(176, 0, 42, 218)
(176, 0, 48, 224)
(176, 0, 48, 224)
(176, 0, 48, 224)
(176, 0, 48, 224)
(175, 0, 42, 217)
(175, 0, 42, 217)
(175, 0, 42, 217)
(174, 0, 42, 216)
(170, 0, 42, 212)
(170, 0, 42, 212)
(170, 0, 94, 264)
(170, 0, 94, 264)
(170, 0, 94, 264)
(170, 0, 94, 264)
(170, 0, 94, 264)
(170, 0, 94, 264)
(170, 0, 94, 264)
(170, 0, 94, 264)
(170, 0, 94, 264)
(177, 0, 42, 219)
(177, 0, 42, 219)
(177, 0, 42, 219)
(177, 0, 42, 219)
(177, 0, 42, 219)
(177, 0, 42, 219)
(177, 0, 42, 219)
(177, 0, 42, 219)
(177, 0, 42, 219)
(177, 0, 42, 219)
(177, 0, 42, 219)
(177, 0, 42, 219)
(177, 0, 42, 219)
(177, 0, 42, 219)
(177, 0, 42, 219)
(177, 0, 42, 219)
(177, 0, 42, 219)
(177, 0, 42, 219)
(177, 0, 42, 219)
(177, 0, 42, 219)
(177, 0, 42, 219)
(176, 0, 42, 218)
(176, 0, 42, 218)
(176, 0, 42, 218)
(176, 0, 42, 218)
(176, 0, 42, 218)
(172, 0, 42, 214)
(172, 0, 42, 214)
(172, 0, 42, 214)
(172, 0, 42, 214)
(172, 0, 42, 214)
(172, 0, 84, 256)
(172, 0, 84, 256)
(172, 0, 84, 256)
(172, 0, 84, 256)
(172, 0, 84, 256)
(172, 0, 84, 256)
(172, 0, 84, 256)
(172, 0, 84, 256)
(172, 0, 84, 256)
(172, 0, 84, 256)
(172, 0, 84, 256)
(172, 0, 84, 256)
(172, 0, 84, 256)
(172, 0, 84, 256)
(177, 0, 42, 219)
(177, 0, 42, 219)
(177, 0, 42, 219)
(177, 0, 42, 219)
(177, 0, 42, 219)
(176, 0, 42, 218)
(176, 0, 42, 218)
(176, 0, 42, 218)
(176, 0, 42, 218)
(176, 0, 42, 218)
(176, 0, 42, 218)
(176, 0, 42, 218)
(176, 0, 42, 218)
(176, 0, 42, 218)
(176, 0, 42, 218)
(176, 0, 42, 218)
(176, 0, 48, 224)
(176, 0, 48, 224)
(176, 0, 48, 224)
(176, 0, 48, 224)
(176, 0, 48, 224)
(176, 0, 48, 224)
(176, 0, 48, 224)
(176, 0, 48, 224)
(176, 0, 48, 224)
(176, 0, 48, 224)
(176, 0, 48, 224)
(176, 0, 48, 224)
(176, 0, 48, 224)
(176, 0, 48, 224)
(177, 0, 42, 219)
(177, 0, 42, 219)
(177, 0, 42, 219)
(177, 0, 42, 219)
(177, 0, 42, 219)
(177, 0, 42, 219)
(177, 0, 42, 219)
(177, 0, 42, 219)
(177, 0, 42, 219)
(177, 0, 42, 219)
(177, 0, 42, 219)
(177, 0, 42, 219)
(177, 0, 42, 219)
(176, 0, 42, 218)
(176, 0, 42, 218)
(176, 0, 42, 218)
(176, 0, 76, 252)
(176, 0, 76, 252)
(176, 0, 76, 252)
(176, 0, 76, 252)
(176, 0, 76, 252)
(176, 0, 76, 252)
(176, 0, 76, 252)
(176, 0, 76, 252)
(176, 0, 76, 252)
(176, 0, 76, 252)
(176, 0, 76, 252)
(176, 0, 76, 252)
(176, 0, 76, 252)
(176, 0, 76, 252)
(177, 0, 42, 219)
(177, 0, 42, 219)
(177, 0, 42, 219)
(177, 0, 42, 219)
(173, 0, 42, 215)
(173, 0, 42, 215)
(173, 0, 70, 243)
(173, 0, 70, 243)
(173, 0, 70, 243)
(173, 0, 70, 243)
(173, 0, 70, 243)
(173, 0, 70, 243)
(173, 0, 70, 243)
(173, 0, 70, 243)
(173, 0, 70, 243)
(177, 0, 42, 219)
(177, 0, 42, 219)
(177, 0, 42, 219)
(177, 0, 42, 219)
(177, 0, 42, 219)
(177, 0, 42, 219)
(177, 0, 42, 219)
(177, 0, 42, 219)
(177, 0, 42, 219)
(177, 0, 42, 219)
(177, 0, 42, 219)
(177, 0, 42, 219)
(177, 0, 42, 219)
(177, 0, 42, 219)
(176, 0, 42, 218)
(176, 0, 42, 218)
(176, 0, 42, 218)
(176, 0, 42, 218)
(176, 0, 42, 218)
(176, 0, 42, 218)
(176, 0, 42, 218)
(176, 0, 76, 252)
(176, 0, 76, 252)
(176, 0, 76, 252)
(176, 0, 76, 252)
(176, 0, 76, 252)
(176, 0, 76, 252)
(176, 0, 76, 252)
(176, 0, 76, 252)
(176, 0, 76, 252)
(177, 0, 42, 219)
(177, 0, 42, 219)
(177, 0, 42, 219)
(177, 0, 42, 219)
(177, 0, 42, 219)
(177, 0, 42, 219)
(177, 0, 42, 219)
(177, 0, 42, 219)
(177, 0, 42, 219)
(177, 0, 42, 219)
(177, 0, 42, 219)
(177, 0, 42, 219)
(177, 0, 42, 219)
(177, 0, 42, 219)
(177, 0, 42, 219)
(177, 0, 42, 219)
(177, 0, 42, 219)
(177, 0, 42, 219)
(177, 0, 42, 219)
(177, 0, 42, 219)
(177, 0, 42, 219)
(177, 0, 42, 219)
(177, 0, 42, 219)
(177, 0, 42, 219)
(177, 0, 42, 219)
(177, 0, 42, 219)
(177, 0, 42, 219)
(177, 0, 42, 219)
(177, 0, 42, 219)
(177, 0, 42, 219)
(177, 0, 42, 219)
(177, 0, 42, 219)
(177, 0, 42, 219)
(177, 0, 42, 219)
(177, 0, 42, 219)
(177, 0, 42, 219)
(177, 0, 42, 219)
(177, 0, 42, 219)
(177, 0, 42, 219)
(177, 0, 42, 219)
(177, 0, 42, 219)
(177, 0, 42, 219)
(175, 0, 42, 217)
(175, 0, 42, 217)
(175, 0, 42, 217)
(175, 0, 42, 217)
(175, 0, 42, 217)
(175, 0, 42, 217)
(175, 0, 42, 217)
(175, 0, 42, 217)
(175, 0, 42, 217)
(175, 0, 52, 227)
(175, 0, 52, 227)
(175, 0, 52, 227)
(175, 0, 52, 227)
(175, 0, 52, 227)
(175, 0, 52, 227)
(175, 0, 52, 227)
(175, 0, 52, 227)
(175, 0, 52, 227)
(175, 0, 42, 217)
(175, 0, 42, 217)
(175, 0, 42, 217)
(175, 0, 42, 217)
(175, 0, 42, 217)
(175, 0, 42, 217)
(175, 0, 42, 217)
(175, 0, 42, 217)
(175, 0, 42, 217)
(175, 0, 42, 217)
(175, 0, 42, 217)
(175, 0, 52, 227)
(175, 0, 52, 227)
(175, 0, 52, 227)
(175, 0, 52, 227)
(177, 0, 42, 219)
(177, 0, 42, 219)
(177, 0, 42, 219)
(177, 0, 42, 219)
(177, 0, 42, 219)
(177, 0, 42, 219)
(177, 0, 42, 219)
(177, 0, 42, 219)
(177, 0, 42, 219)
(173, 0, 42, 215)
(173, 0, 42, 215)
(173, 0, 42, 215)
(173, 0, 42, 215)
(173, 0, 42, 215)
(173, 0, 42, 215)
(173, 0, 42, 215)
(173, 0, 70, 243)
(173, 0, 70, 243)
(173, 0, 70, 243)
(173, 0, 70, 243)
(173, 0, 70, 243)
(173, 0, 70, 243)
(170, 0, 70, 240)
(170, 0, 70, 240)
(170, 0, 70, 240)
(170, 0, 70, 240)
(170, 0, 88, 258)
(170, 0, 88, 258)
(170, 0, 88, 258)
(170, 0, 88, 258)
(173, 0, 42, 215)
(170, 0, 42, 212)
(170, 0, 42, 212)
(170, 0, 42, 212)
(170, 0, 42, 212)
(170, 0, 42, 212)
(170, 0, 88, 258)
(170, 0, 88, 258)
(170, 0, 88, 258)
(170, 0, 88, 258)
(170, 0, 88, 258)
(170, 0, 88, 258)
(170, 0, 88, 258)
(170, 0, 88, 258)
(170, 0, 88, 258)
(177, 0, 42, 219)
(177, 0, 42, 219)
(173, 0, 42, 215)
(173, 0, 42, 215)
(173, 0, 42, 215)
(173, 0, 42, 215)
(173, 0, 42, 215)
(173, 0, 42, 215)
(173, 0, 42, 215)
(173, 0, 42, 215)
(173, 0, 42, 215)
(173, 0, 66, 239)
(173, 0, 66, 239)
(173, 0, 66, 239)
(173, 0, 66, 239)
(177, 0, 42, 219)
(177, 0, 42, 219)
(177, 0, 42, 219)
(177, 0, 42, 219)
(177, 0, 42, 219)
(177, 0, 42, 219)
(174, 0, 42, 216)
(174, 0, 42, 216)
(174, 0, 42, 216)
(174, 0, 42, 216)
(174, 0, 42, 216)
(174, 0, 42, 216)
(174, 0, 42, 216)
(170, 0, 42, 212)
(170, 0, 42, 212)
(170, 0, 42, 212)
(170, 0, 88, 258)
(170, 0, 88, 258)
(170, 0, 88, 258)
(170, 0, 88, 258)
(170, 0, 88, 258)
(170, 0, 88, 258)
(170, 0, 88, 258)
(170, 0, 88, 258)
(170, 0, 88, 258)
(170, 0, 88, 258)
(170, 0, 88, 258)
(170, 0, 88, 258)
(170, 0, 88, 258)
(170, 0, 88, 258)
(173, 0, 42, 215)
(173, 0, 42, 215)
(173, 0, 42, 215)
(173, 0, 42, 215)
(173, 0, 42, 215)
(172, 0, 42, 214)
(172, 0, 70, 242)
(172, 0, 70, 242)
(172, 0, 70, 242)
(172, 0, 70, 242)
(172, 0, 70, 242)
(172, 0, 70, 242)
(172, 0, 70, 242)
(172, 0, 70, 242)
(172, 0, 70, 242)
(172, 0, 42, 214)
(176, 0, 42, 218)
(176, 0, 42, 218)
(175, 0, 42, 217)
(175, 0, 42, 217)
(175, 0, 42, 217)
(175, 0, 42, 217)
(175, 0, 42, 217)
(175, 0, 42, 217)
(175, 0, 42, 217)
(175, 0, 42, 217)
(175, 0, 90, 265)
(175, 0, 90, 265)
(175, 0, 90, 265)
(175, 0, 90, 265)
(176, 0, 42, 218)
(176, 0, 42, 218)
(176, 0, 42, 218)
(176, 0, 42, 218)
(176, 0, 42, 218)
(176, 0, 42, 218)
(176, 0, 76, 252)
(176, 0, 76, 252)
(176, 0, 76, 252)
(176, 0, 76, 252)
(176, 0, 76, 252)
(176, 0, 76, 252)
(176, 0, 76, 252)
(172, 0, 76, 248)
(172, 0, 76, 248)
(173, 0, 42, 215)
(177, 0, 42, 219)
(177, 0, 42, 219)
(177, 0, 42, 219)
(177, 0, 42, 219)
(177, 0, 42, 219)
(177, 0, 42, 219)
(177, 0, 42, 219)
(177, 0, 42, 219)
(177, 0, 42, 219)
(177, 0, 42, 219)
(177, 0, 42, 219)
(177, 0, 42, 219)
(177, 0, 42, 219)
(177, 0, 42, 219)
(177, 0, 42, 219)
(177, 0, 42, 219)
(177, 0, 42, 219)
(174, 0, 42, 216)
(174, 0, 42, 216)
(174, 0, 42, 216)
(174, 0, 76, 250)
(174, 0, 76, 250)
(174, 0, 76, 250)
(174, 0, 76, 250)
(174, 0, 76, 250)
(174, 0, 76, 250)
(174, 0, 76, 250)
(173, 0, 76, 249)
(173, 0, 76, 249)
(174, 0, 42, 216)
(177, 0, 42, 219)
(177, 0, 42, 219)
(177, 0, 42, 219)
(177, 0, 42, 219)
