(227, 0, 0, 227)
(227, 0, 0, 227)
(225, 0, 0, 225)
(225, 0, 0, 225)
(222, 0, 0, 222)
(216, 5, 0, 221)
(216, 5, 0, 221)
(216, 5, 0, 221)
(204, 5, 0, 209)
(204, 5, 0, 209)
(204, 10, 23, 237)
(201, 10, 23, 234)
(197, 10, 23, 230)
(194, 10, 23, 227)
(194, 10, 23, 227)
(224, 0, 0, 224)
(212, 0, 0, 212)
(210, 0, 0, 210)
(209, 0, 0, 209)
(207, 0, 0, 207)
(207, 0, 18, 225)
(207, 0, 18, 225)
(207, 0, 18, 225)
(207, 0, 18, 225)
(207, 0, 18, 225)
(207, 0, 18, 225)
(207, 0, 18, 225)
(201, 5, 18, 224)
(201, 5, 18, 224)
(215, 0, 0, 215)
(209, 0, 12, 221)
(206, 0, 12, 218)
(206, 0, 12, 218)
(206, 0, 12, 218)
(206, 0, 12, 218)
(206, 0, 12, 218)
(202, 0, 12, 214)
(202, 0, 12, 214)
(202, 0, 12, 214)
(202, 0, 12, 214)
(202, 0, 31, 233)
(195, 0, 31, 226)
(195, 0, 31, 226)
(195, 0, 31, 226)
(209, 8, 0, 217)
(206, 8, 0, 214)
(206, 8, 0, 214)
(205, 8, 0, 213)
(203, 8, 0, 211)
(202, 8, 0, 210)
(203, 16, 24, 243)
(203, 16, 24, 243)
(203, 16, 24, 243)
(200, 16, 24, 240)
(198, 16, 24, 238)
(198, 16, 24, 238)
(198, 16, 24, 238)
(198, 16, 24, 238)
(198, 16, 24, 238)
(207, 8, 0, 215)
(221, 5, 0, 226)
(219, 5, 0, 224)
(203, 5, 0, 208)
(202, 5, 0, 207)
(202, 5, 0, 207)
(190, 5, 0, 195)
(190, 5, 0, 195)
(190, 5, 0, 195)
(190, 5, 0, 195)
(190, 5, 0, 195)
(185, 10, 37, 232)
(185, 10, 37, 232)
(185, 10, 37, 232)
(183, 10, 37, 230)
(208, 0, 0, 208)
(208, 0, 0, 208)
(204, 0, 0, 204)
(204, 0, 0, 204)
(204, 0, 0, 204)
(204, 0, 0, 204)
(204, 0, 28, 232)
(197, 0, 28, 225)
(197, 0, 28, 225)
(197, 0, 28, 225)
(197, 0, 28, 225)
(197, 0, 28, 225)
(181, 0, 28, 209)
(174, 0, 28, 202)
(174, 0, 28, 202)
(174, 0, 28, 202)
(174, 0, 74, 248)
(174, 0, 74, 248)
(174, 0, 74, 248)
(174, 0, 74, 248)
(174, 0, 74, 248)
(174, 0, 74, 248)
(172, 0, 74, 246)
(172, 0, 74, 246)
(172, 0, 74, 246)
(171, 0, 74, 245)
(172, 0, 76, 248)
(172, 0, 76, 248)
(172, 0, 76, 248)
(172, 0, 76, 248)
(208, 0, 0, 208)
(208, 0, 0, 208)
(201, 0, 0, 201)
(201, 0, 0, 201)
(201, 0, 0, 201)
(199, 0, 0, 199)
(199, 0, 26, 225)
(196, 0, 26, 222)
(196, 0, 26, 222)
(189, 0, 26, 215)
(189, 0, 26, 215)
(189, 0, 26, 215)
(189, 0, 26, 215)
(189, 0, 26, 215)
(189, 0, 26, 215)
(208, 0, 0, 208)
(189, 0, 34, 223)
(185, 0, 34, 219)
(185, 0, 34, 219)
(185, 0, 34, 219)
(185, 0, 34, 219)
(185, 0, 34, 219)
(184, 0, 34, 218)
(184, 0, 34, 218)
(184, 0, 34, 218)
(184, 0, 34, 218)
(160, 20, 52, 232)
(160, 20, 52, 232)
(160, 20, 52, 232)
(160, 20, 52, 232)
(189, 0, 34, 223)
(189, 0, 34, 223)
(189, 0, 34, 223)
(189, 0, 34, 223)
(189, 0, 34, 223)
(189, 0, 34, 223)
(189, 0, 34, 223)
(189, 0, 34, 223)
(189, 0, 34, 223)
(189, 0, 34, 223)
(189, 0, 34, 223)
(185, 0, 34, 219)
(185, 0, 34, 219)
(185, 0, 34, 219)
(185, 0, 34, 219)
(185, 0, 34, 219)
(185, 0, 46, 231)
(185, 0, 46, 231)
(185, 0, 46, 231)
(185, 0, 46, 231)
(185, 0, 46, 231)
(169, 0, 46, 215)
(169, 0, 46, 215)
(169, 0, 46, 215)
(169, 0, 46, 215)
(169, 0, 46, 215)
(169, 0, 94, 263)
(169, 0, 94, 263)
(169, 0, 94, 263)
(169, 0, 94, 263)
(189, 0, 34, 223)
(189, 0, 34, 223)
(188, 0, 34, 222)
(188, 0, 34, 222)
(188, 0, 34, 222)
(188, 0, 34, 222)
(188, 0, 48, 236)
(188, 0, 48, 236)
(164, 20, 48, 232)
(164, 20, 48, 232)
(164, 20, 48, 232)
(164, 20, 48, 232)
(164, 20, 48, 232)
(164, 20, 48, 232)
(164, 20, 48, 232)
(188, 0, 34, 222)
(188, 0, 34, 222)
(177, 0, 34, 211)
(177, 0, 34, 211)
(177, 0, 34, 211)
(173, 0, 34, 207)
(173, 0, 34, 207)
(173, 0, 34, 207)
(173, 0, 34, 207)
(173, 0, 34, 207)
(173, 0, 34, 207)
(173, 0, 58, 231)
(173, 0, 58, 231)
(173, 0, 58, 231)
(172, 0, 58, 230)
(189, 0, 34, 223)
(189, 0, 34, 223)
(189, 0, 34, 223)
(189, 0, 34, 223)
(188, 0, 34, 222)
(176, 0, 34, 210)
(176, 0, 68, 244)
(176, 0, 68, 244)
(176, 0, 68, 244)
(176, 0, 68, 244)
(176, 0, 68, 244)
(176, 0, 68, 244)
(176, 0, 68, 244)
(176, 0, 68, 244)
(176, 0, 68, 244)
(177, 0, 34, 211)
(177, 0, 34, 211)
(177, 0, 34, 211)
(177, 0, 34, 211)
(177, 0, 34, 211)
(177, 0, 34, 211)
(177, 0, 34, 211)
(177, 0, 34, 211)
(177, 0, 34, 211)
(177, 0, 34, 211)
(177, 0, 34, 211)
(176, 0, 46, 222)
(176, 0, 46, 222)
(176, 0, 46, 222)
(176, 0, 46, 222)
(176, 0, 46, 222)
(176, 0, 46, 222)
(176, 0, 46, 222)
(176, 0, 46, 222)
(176, 0, 46, 222)
(176, 0, 46, 222)
(176, 0, 99, 275)
(176, 0, 99, 275)
(176, 0, 99, 275)
(175, 0, 99, 274)
(175, 0, 99, 274)
(175, 0, 99, 274)
(175, 0, 99, 274)
(175, 0, 99, 274)
(175, 0, 99, 274)
(177, 0, 34, 211)
(177, 0, 34, 211)
(177, 0, 34, 211)
(177, 0, 34, 211)
(174, 0, 34, 208)
(173, 0, 34, 207)
(170, 0, 34, 204)
(170, 0, 34, 204)
(170, 0, 34, 204)
(170, 0, 34, 204)
(170, 0, 34, 204)
(170, 0, 101, 271)
(170, 0, 101, 271)
(170, 0, 101, 271)
(170, 0, 101, 271)
(189, 0, 34, 223)
(189, 0, 34, 223)
(189, 0, 34, 223)
(189, 0, 34, 223)
(189, 0, 34, 223)
(185, 0, 34, 219)
(185, 0, 34, 219)
(184, 0, 34, 218)
(184, 0, 34, 218)
(184, 0, 34, 218)
(184, 0, 34, 218)
(183, 0, 34, 217)
(172, 0, 34, 206)
(172, 0, 34, 206)
(172, 0, 34, 206)
(172, 0, 34, 206)
(172, 0, 72, 244)
(172, 0, 72, 244)
(172, 0, 72, 244)
(172, 0, 72, 244)
(172, 0, 72, 244)
(172, 0, 72, 244)
(172, 0, 72, 244)
(172, 0, 72, 244)
(172, 0, 72, 244)
(172, 0, 72, 244)
(172, 0, 72, 244)
(172, 0, 72, 244)
(172, 0, 72, 244)
(172, 0, 72, 244)
(185, 0, 34, 219)
(185, 0, 34, 219)
(161, 20, 34, 215)
(161, 20, 34, 215)
(161, 20, 34, 215)
(161, 20, 34, 215)
(161, 40, 82, 283)
(161, 40, 82, 283)
(161, 40, 82, 283)
(161, 40, 82, 283)
(161, 40, 82, 283)
(161, 40, 82, 283)
(161, 40, 82, 283)
(158, 40, 82, 280)
(158, 40, 82, 280)
(186, 0, 34, 220)
(186, 0, 34, 220)
(177, 0, 34, 211)
(174, 0, 34, 208)
(174, 0, 34, 208)
(174, 0, 34, 208)
(174, 0, 34, 208)
(174, 0, 34, 208)
(174, 0, 34, 208)
(174, 0, 34, 208)
(174, 0, 34, 208)
(174, 0, 68, 242)
(174, 0, 68, 242)
(174, 0, 68, 242)
(174, 0, 68, 242)
(189, 0, 34, 223)
(189, 0, 34, 223)
(189, 0, 34, 223)
(189, 0, 34, 223)
(173, 0, 34, 207)
(173, 0, 34, 207)
(173, 0, 82, 255)
(173, 0, 82, 255)
(173, 0, 82, 255)
(173, 0, 82, 255)
(173, 0, 82, 255)
(173, 0, 82, 255)
(173, 0, 82, 255)
(173, 0, 82, 255)
(173, 0, 82, 255)
(189, 0, 34, 223)
(189, 0, 34, 223)
(165, 20, 34, 219)
(165, 20, 34, 219)
(165, 20, 34, 219)
(165, 20, 34, 219)
(165, 20, 34, 219)
(165, 20, 34, 219)
(165, 20, 34, 219)
(165, 20, 34, 219)
(165, 20, 34, 219)
(165, 40, 70, 275)
(165, 40, 70, 275)
(165, 40, 70, 275)
(165, 40, 70, 275)
(189, 0, 34, 223)
(189, 0, 34, 223)
(189, 0, 34, 223)
(189, 0, 34, 223)
(189, 0, 34, 223)
(189, 0, 34, 223)
(189, 0, 34, 223)
(189, 0, 34, 223)
(189, 0, 34, 223)
(189, 0, 34, 223)
(189, 0, 34, 223)
(189, 0, 34, 223)
(189, 0, 34, 223)
(189, 0, 34, 223)
(189, 0, 34, 223)
(189, 0, 34, 223)
(188, 0, 34, 222)
(188, 0, 34, 222)
(188, 0, 34, 222)
(188, 0, 34, 222)
(188, 0, 34, 222)
(188, 0, 34, 222)
(188, 0, 34, 222)
(188, 0, 34, 222)
(188, 0, 34, 222)
(188, 0, 34, 222)
(188, 0, 40, 228)
(188, 0, 40, 228)
(188, 0, 40, 228)
(188, 0, 40, 228)
(188, 0, 34, 222)
(188, 0, 34, 222)
(176, 0, 34, 210)
(176, 0, 34, 210)
(176, 0, 34, 210)
(176, 0, 34, 210)
(176, 0, 52, 228)
(176, 0, 52, 228)
(176, 0, 52, 228)
(176, 0, 52, 228)
(172, 0, 52, 224)
(172, 0, 52, 224)
(172, 0, 52, 224)
(172, 0, 52, 224)
(172, 0, 52, 224)
(185, 0, 34, 219)
(189, 0, 34, 223)
(189, 0, 34, 223)
(177, 0, 34, 211)
(177, 0, 34, 211)
(177, 0, 34, 211)
(177, 0, 34, 211)
(177, 0, 34, 211)
(177, 0, 34, 211)
(177, 0, 34, 211)
(177, 0, 34, 211)
(173, 0, 46, 219)
(173, 0, 46, 219)
(173, 0, 46, 219)
(172, 0, 46, 218)
(172, 0, 46, 218)
(172, 0, 46, 218)
(172, 0, 46, 218)
(172, 0, 46, 218)
(172, 0, 46, 218)
(172, 0, 46, 218)
(172, 0, 111, 283)
(172, 0, 111, 283)
(172, 0, 111, 283)
(172, 0, 111, 283)
(169, 0, 111, 280)
(169, 0, 111, 280)
(169, 0, 111, 280)
(169, 0, 111, 280)
(169, 0, 111, 280)
(173, 0, 34, 207)
(177, 0, 34, 211)
(177, 0, 34, 211)
(177, 0, 34, 211)
(177, 0, 34, 211)
(177, 0, 34, 211)
(177, 0, 34, 211)
(177, 0, 34, 211)
(177, 0, 34, 211)
(177, 0, 34, 211)
(177, 0, 34, 211)
(177, 0, 46, 223)
(177, 0, 46, 223)
(177, 0, 46, 223)
(177, 0, 46, 223)
(177, 0, 34, 211)
(177, 0, 34, 211)
(177, 0, 34, 211)
(177, 0, 34, 211)
(177, 0, 34, 211)
(177, 0, 34, 211)
(177, 0, 46, 223)
(177, 0, 46, 223)
(177, 0, 46, 223)
(177, 0, 46, 223)
(177, 0, 46, 223)
(177, 0, 46, 223)
(177, 0, 46, 223)
(177, 0, 46, 223)
(177, 0, 46, 223)
(177, 0, 46, 223)
(177, 0, 46, 223)
(177, 0, 46, 223)
(177, 0, 46, 223)
(177, 0, 46, 223)
(177, 0, 46, 223)
(177, 0, 46, 223)
(177, 0, 46, 223)
(177, 0, 46, 223)
(177, 0, 46, 223)
(177, 0, 46, 223)
(177, 0, 46, 223)
(177, 0, 46, 223)
(177, 0, 46, 223)
(177, 0, 46, 223)
(177, 0, 34, 211)
(177, 0, 34, 211)
(177, 0, 34, 211)
(177, 0, 34, 211)
(177, 0, 34, 211)
(177, 0, 34, 211)
(173, 0, 46, 219)
(173, 0, 46, 219)
(173, 0, 46, 219)
(173, 0, 46, 219)
(173, 0, 46, 219)
(173, 0, 46, 219)
(173, 0, 46, 219)
(173, 0, 46, 219)
(173, 0, 46, 219)
(172, 0, 46, 218)
(173, 0, 82, 255)
(173, 0, 82, 255)
(173, 0, 82, 255)
(173, 0, 82, 255)
(173, 0, 82, 255)
(173, 0, 82, 255)
(173, 0, 82, 255)
(173, 0, 82, 255)
(173, 0, 82, 255)
(173, 0, 82, 255)
(173, 0, 82, 255)
(171, 0, 82, 253)
(171, 0, 82, 253)
(171, 0, 82, 253)
(189, 0, 34, 223)
(189, 0, 34, 223)
(189, 0, 34, 223)
(189, 0, 34, 223)
(189, 0, 34, 223)
(189, 0, 34, 223)
(189, 0, 34, 223)
(189, 0, 34, 223)
(189, 0, 34, 223)
(189, 0, 34, 223)
(189, 0, 34, 223)
(188, 0, 34, 222)
(188, 0, 34, 222)
(187, 0, 34, 221)
(187, 0, 34, 221)
(187, 0, 34, 221)
(187, 0, 82, 269)
(187, 0, 82, 269)
(187, 0, 82, 269)
(187, 0, 82, 269)
(175, 0, 82, 257)
(175, 0, 82, 257)
(175, 0, 82, 257)
(175, 0, 82, 257)
(174, 0, 82, 256)
(174, 0, 82, 256)
(174, 0, 119, 293)
(174, 0, 119, 293)
(174, 0, 119, 293)
(174, 0, 119, 293)
(188, 0, 34, 222)
(188, 0, 34, 222)
(188, 0, 34, 222)
(188, 0, 34, 222)
(188, 0, 34, 222)
(176, 0, 34, 210)
(164, 20, 40, 224)
(164, 20, 40, 224)
(164, 20, 40, 224)
(164, 20, 40, 224)
(164, 20, 40, 224)
(164, 20, 40, 224)
(164, 20, 40, 224)
(164, 20, 40, 224)
(164, 20, 40, 224)
(189, 0, 34, 223)
(189, 0, 34, 223)
(189, 0, 34, 223)
(189, 0, 34, 223)
(188, 0, 34, 222)
(185, 0, 34, 219)
(184, 0, 34, 218)
(184, 0, 34, 218)
(184, 0, 34, 218)
(160, 20, 34, 214)
(160, 20, 34, 214)
(160, 40, 96, 296)
(160, 40, 96, 296)
(160, 40, 96, 296)
(160, 40, 96, 296)
(165, 20, 34, 219)
(165, 20, 34, 219)
(165, 20, 34, 219)
(165, 20, 34, 219)
(165, 20, 34, 219)
(165, 20, 34, 219)
(165, 40, 70, 275)
(165, 40, 70, 275)
(165, 40, 70, 275)
(165, 40, 70, 275)
(165, 40, 70, 275)
(165, 40, 70, 275)
(165, 40, 70, 275)
(165, 40, 70, 275)
(163, 40, 70, 273)
(189, 0, 34, 223)
(189, 0, 34, 223)
(189, 0, 34, 223)
(189, 0, 34, 223)
(189, 0, 34, 223)
(189, 0, 34, 223)
(189, 0, 34, 223)
(189, 0, 34, 223)
(189, 0, 34, 223)
(189, 0, 34, 223)
(189, 0, 34, 223)
(177, 0, 34, 211)
(177, 0, 34, 211)
(177, 0, 34, 211)
(177, 0, 34, 211)
(177, 0, 34, 211)
(177, 0, 34, 211)
(177, 0, 34, 211)
(177, 0, 34, 211)
(177, 0, 34, 211)
(177, 0, 34, 211)
(176, 0, 46, 222)
(176, 0, 46, 222)
(176, 0, 46, 222)
(176, 0, 46, 222)
(176, 0, 46, 222)
(176, 0, 46, 222)
(176, 0, 46, 222)
(176, 0, 46, 222)
(176, 0, 46, 222)
(179, 0, 34, 213)
(176, 0, 49, 225)
(176, 0, 49, 225)
(176, 0, 49, 225)
(176, 0, 49, 225)
(176, 0, 49, 225)
(176, 0, 49, 225)
(176, 0, 49, 225)
(176, 0, 49, 225)
(176, 0, 49, 225)
(176, 0, 49, 225)
(176, 0, 52, 228)
(176, 0, 52, 228)
(176, 0, 52, 228)
(176, 0, 52, 228)
(188, 0, 34, 222)
(188, 0, 34, 222)
(188, 0, 34, 222)
(188, 0, 34, 222)
(188, 0, 34, 222)
(188, 0, 34, 222)
(188, 0, 40, 228)
(188, 0, 40, 228)
(164, 20, 40, 224)
(164, 20, 40, 224)
(164, 20, 40, 224)
(164, 20, 40, 224)
(164, 20, 40, 224)
(164, 20, 40, 224)
(164, 20, 40, 224)
(189, 0, 34, 223)
(189, 0, 34, 223)
(189, 0, 34, 223)
(189, 0, 34, 223)
(189, 0, 34, 223)
(189, 0, 34, 223)
(189, 0, 34, 223)
(189, 0, 34, 223)
(189, 0, 34, 223)
(189, 0, 34, 223)
(189, 0, 34, 223)
(189, 0, 34, 223)
(189, 0, 34, 223)
(189, 0, 34, 223)
(185, 0, 34, 219)
(185, 0, 34, 219)
(173, 0, 34, 207)
(173, 0, 34, 207)
(173, 0, 34, 207)
(173, 0, 34, 207)
(173, 0, 34, 207)
(173, 0, 58, 231)
(173, 0, 58, 231)
(173, 0, 58, 231)
(173, 0, 58, 231)
(173, 0, 58, 231)
(173, 0, 58, 231)
(173, 0, 58, 231)
(173, 0, 58, 231)
(173, 0, 58, 231)
(177, 0, 34, 211)
(177, 0, 46, 223)
(177, 0, 46, 223)
(177, 0, 34, 211)
(173, 0, 34, 207)
(173, 0, 34, 207)
(173, 0, 34, 207)
(173, 0, 34, 207)
(173, 0, 34, 207)
(173, 0, 34, 207)
(170, 0, 34, 204)
(170, 0, 58, 228)
(170, 0, 58, 228)
(166, 0, 58, 224)
(166, 0, 58, 224)
(165, 20, 34, 219)
(165, 20, 34, 219)
(165, 20, 34, 219)
(165, 20, 34, 219)
(165, 20, 34, 219)
(165, 20, 34, 219)
(165, 40, 70, 275)
(165, 40, 70, 275)
(165, 40, 70, 275)
(165, 40, 70, 275)
(165, 40, 70, 275)
(165, 40, 70, 275)
(165, 40, 70, 275)
(165, 40, 70, 275)
(165, 40, 70, 275)
(189, 0, 34, 223)
(189, 0, 34, 223)
(189, 0, 34, 223)
(189, 0, 34, 223)
(189, 0, 34, 223)
(189, 0, 34, 223)
(189, 0, 34, 223)
(189, 0, 34, 223)
(189, 0, 34, 223)
(189, 0, 34, 223)
(189, 0, 34, 223)
(189, 0, 34, 223)
(189, 0, 34, 223)
(189, 0, 34, 223)
(189, 0, 34, 223)
(189, 0, 34, 223)
(189, 0, 34, 223)
(189, 0, 34, 223)
(189, 0, 34, 223)
(189, 0, 34, 223)
(189, 0, 34, 223)
(189, 0, 34, 223)
(189, 0, 34, 223)
(189, 0, 34, 223)
(185, 0, 34, 219)
(185, 0, 34, 219)
(185, 0, 34, 219)
(185, 0, 34, 219)
(185, 0, 34, 219)
(185, 0, 34, 219)
(185, 0, 34, 219)
(185, 0, 70, 255)
(185, 0, 70, 255)
(185, 0, 70, 255)
(185, 0, 70, 255)
(185, 0, 70, 255)
(185, 0, 70, 255)
(173, 0, 70, 243)
(173, 0, 70, 243)
(173, 0, 70, 243)
(173, 0, 70, 243)
(173, 0, 82, 255)
(173, 0, 82, 255)
(173, 0, 82, 255)
(173, 0, 82, 255)
(189, 0, 34, 223)
(189, 0, 34, 223)
(189, 0, 34, 223)
(189, 0, 34, 223)
(173, 0, 34, 207)
(173, 0, 34, 207)
(173, 0, 82, 255)
(173, 0, 82, 255)
(171, 0, 82, 253)
(171, 0, 82, 253)
(168, 0, 82, 250)
(168, 0, 82, 250)
(168, 0, 82, 250)
(168, 0, 82, 250)
(168, 0, 82, 250)
(173, 0, 34, 207)
(189, 0, 34, 223)
(189, 0, 34, 223)
(165, 20, 34, 219)
(165, 20, 34, 219)
(165, 20, 34, 219)
(165, 20, 34, 219)
(165, 20, 34, 219)
(165, 20, 34, 219)
(165, 20, 34, 219)
(163, 20, 34, 217)
(165, 40, 70, 275)
(165, 40, 70, 275)
(165, 40, 70, 275)
(165, 40, 70, 275)
(189, 0, 34, 223)
(189, 0, 34, 223)
(189, 0, 34, 223)
(177, 0, 34, 211)
(177, 0, 34, 211)
(177, 0, 34, 211)
(176, 0, 46, 222)
(176, 0, 46, 222)
(176, 0, 46, 222)
(176, 0, 46, 222)
(172, 0, 46, 218)
(170, 0, 46, 216)
(170, 0, 46, 216)
(170, 0, 46, 216)
(170, 0, 46, 216)
(173, 0, 34, 207)
(173, 0, 82, 255)
(173, 0, 82, 255)
(173, 0, 82, 255)
(173, 0, 82, 255)
(173, 0, 82, 255)
(172, 0, 82, 254)
(172, 0, 82, 254)
(168, 0, 82, 250)
(168, 0, 82, 250)
(168, 0, 82, 250)
(168, 0, 108, 276)
(168, 0, 108, 276)
(168, 0, 108, 276)
(168, 0, 108, 276)
(189, 0, 34, 223)
(189, 0, 34, 223)
(189, 0, 34, 223)
(185, 0, 34, 219)
(185, 0, 34, 219)
(185, 0, 34, 219)
(161, 20, 46, 227)
(161, 20, 46, 227)
(161, 20, 46, 227)
(161, 20, 46, 227)
(161, 20, 46, 227)
(161, 20, 46, 227)
(161, 20, 46, 227)
(161, 20, 46, 227)
(161, 20, 46, 227)
(185, 0, 34, 219)
(189, 0, 34, 223)
(189, 0, 34, 223)
(173, 0, 34, 207)
(173, 0, 34, 207)
(173, 0, 34, 207)
(173, 0, 34, 207)
(173, 0, 34, 207)
(173, 0, 34, 207)
(173, 0, 34, 207)
(173, 0, 34, 207)
(171, 0, 82, 253)
(171, 0, 82, 253)
(171, 0, 82, 253)
(171, 0, 82, 253)
(173, 0, 34, 207)
(173, 0, 34, 207)
(173, 0, 34, 207)
(173, 0, 34, 207)
(173, 0, 34, 207)
(173, 0, 34, 207)
(173, 0, 82, 255)
(173, 0, 82, 255)
(173, 0, 82, 255)
(173, 0, 82, 255)
(173, 0, 82, 255)
(173, 0, 82, 255)
(173, 0, 82, 255)
(173, 0, 82, 255)
(173, 0, 82, 255)
(173, 0, 34, 207)
(173, 0, 34, 207)
(173, 0, 34, 207)
(169, 0, 34, 203)
(169, 0, 34, 203)
(169, 0, 34, 203)
(169, 0, 34, 203)
(169, 0, 34, 203)
(169, 0, 34, 203)
(169, 0, 34, 203)
(169, 0, 34, 203)
(169, 0, 94, 263)
(169, 0, 94, 263)
(169, 0, 94, 263)
(169, 0, 94, 263)
(169, 0, 34, 203)
(169, 0, 34, 203)
(169, 0, 34, 203)
(169, 0, 34, 203)
(169, 0, 34, 203)
(169, 0, 34, 203)
(169, 0, 94, 263)
(169, 0, 94, 263)
(169, 0, 94, 263)
(169, 0, 94, 263)
(169, 0, 94, 263)
(169, 0, 94, 263)
(169, 0, 94, 263)
(169, 0, 94, 263)
(169, 0, 94, 263)
(185, 0, 34, 219)
(189, 0, 34, 223)
(186, 0, 34, 220)
(186, 0, 34, 220)
(186, 0, 34, 220)
(186, 0, 34, 220)
(186, 0, 34, 220)
(186, 0, 34, 220)
(186, 0, 34, 220)
(186, 0, 34, 220)
(186, 0, 34, 220)
(186, 0, 56, 242)
(162, 20, 56, 238)
(162, 20, 56, 238)
(162, 20, 56, 238)
(186, 0, 34, 220)
(185, 0, 34, 219)
(182, 0, 34, 216)
(182, 0, 34, 216)
(182, 0, 34, 216)
(181, 0, 34, 215)
(182, 0, 68, 250)
(182, 0, 68, 250)
(182, 0, 68, 250)
(182, 0, 68, 250)
(182, 0, 68, 250)
(182, 0, 68, 250)
(182, 0, 68, 250)
(182, 0, 68, 250)
(182, 0, 68, 250)
(186, 0, 34, 220)
(189, 0, 34, 223)
(189, 0, 34, 223)
(189, 0, 34, 223)
(189, 0, 34, 223)
(189, 0, 34, 223)
(165, 20, 34, 219)
(165, 20, 34, 219)
(165, 20, 34, 219)
(165, 20, 34, 219)
(165, 20, 34, 219)
(165, 40, 70, 275)
(165, 40, 70, 275)
(165, 40, 70, 275)
(165, 40, 70, 275)
(189, 0, 34, 223)
(189, 0, 34, 223)
(189, 0, 34, 223)
(189, 0, 34, 223)
(189, 0, 34, 223)
(189, 0, 34, 223)
(165, 20, 34, 219)
(165, 20, 34, 219)
(165, 20, 34, 219)
(165, 20, 34, 219)
(165, 20, 34, 219)
(165, 20, 34, 219)
(165, 20, 34, 219)
(165, 20, 34, 219)
(165, 20, 34, 219)
(165, 20, 34, 219)
(165, 40, 70, 275)
(165, 40, 70, 275)
(163, 40, 70, 273)
(163, 40, 70, 273)
(163, 40, 70, 273)
(163, 40, 70, 273)
(163, 40, 70, 273)
(163, 40, 70, 273)
(163, 40, 70, 273)
(163, 40, 70, 273)
(163, 40, 76, 279)
(163, 40, 76, 279)
(163, 40, 76, 279)
(163, 40, 76, 279)
(165, 20, 34, 219)
(165, 20, 34, 219)
(165, 20, 34, 219)
(164, 20, 34, 218)
(164, 20, 34, 218)
(164, 20, 34, 218)
(164, 40, 123, 327)
(164, 40, 123, 327)
(164, 40, 123, 327)
(164, 40, 123, 327)
(164, 40, 123, 327)
(164, 40, 123, 327)
(164, 40, 123, 327)
(164, 40, 123, 327)
(164, 40, 123, 327)
(189, 0, 34, 223)
(189, 0, 34, 223)
(189, 0, 34, 223)
(189, 0, 34, 223)
(189, 0, 34, 223)
(189, 0, 34, 223)
(189, 0, 34, 223)
(189, 0, 34, 223)
(189, 0, 34, 223)
(189, 0, 34, 223)
(189, 0, 34, 223)
(189, 0, 34, 223)
(189, 0, 34, 223)
(186, 0, 34, 220)
(186, 0, 34, 220)
(186, 0, 34, 220)
(186, 0, 34, 220)
(186, 0, 34, 220)
(186, 0, 34, 220)
(186, 0, 34, 220)
(186, 0, 34, 220)
(186, 0, 56, 242)
(186, 0, 56, 242)
(186, 0, 56, 242)
(186, 0, 56, 242)
(186, 0, 56, 242)
(186, 0, 56, 242)
(186, 0, 56, 242)
(186, 0, 56, 242)
(186, 0, 56, 242)
(189, 0, 34, 223)
(189, 0, 34, 223)
(189, 0, 34, 223)
(165, 20, 34, 219)
(165, 20, 34, 219)
(165, 20, 34, 219)
(165, 20, 34, 219)
(165, 20, 34, 219)
(165, 20, 34, 219)
(165, 20, 34, 219)
(165, 20, 34, 219)
(165, 40, 70, 275)
(165, 40, 70, 275)
(165, 40, 70, 275)
(165, 40, 70, 275)
(189, 0, 34, 223)
(189, 0, 34, 223)
(187, 0, 34, 221)
(187, 0, 34, 221)
(175, 0, 34, 209)
(175, 0, 34, 209)
(175, 0, 52, 227)
(175, 0, 52, 227)
(175, 0, 52, 227)
(175, 0, 52, 227)
(175, 0, 52, 227)
(175, 0, 52, 227)
(175, 0, 52, 227)
(175, 0, 52, 227)
(175, 0, 52, 227)
(177, 0, 34, 211)
(175, 0, 46, 221)
(177, 0, 34, 211)
(175, 0, 34, 209)
(175, 0, 34, 209)
(175, 0, 34, 209)
(175, 0, 34, 209)
(175, 0, 34, 209)
(175, 0, 34, 209)
(175, 0, 34, 209)
(175, 0, 34, 209)
(174, 0, 52, 226)
(174, 0, 52, 226)
(174, 0, 52, 226)
(174, 0, 52, 226)
(189, 0, 34, 223)
(189, 0, 34, 223)
(189, 0, 34, 223)
(189, 0, 34, 223)
(189, 0, 34, 223)
(189, 0, 34, 223)
(189, 0, 34, 223)
(189, 0, 34, 223)
(189, 0, 34, 223)
(189, 0, 34, 223)
(189, 0, 34, 223)
(189, 0, 34, 223)
(165, 20, 34, 219)
(165, 20, 34, 219)
(165, 20, 34, 219)
(165, 20, 34, 219)
(165, 40, 70, 275)
(165, 40, 70, 275)
(165, 40, 70, 275)
(165, 40, 70, 275)
(165, 40, 70, 275)
(165, 40, 70, 275)
(162, 40, 70, 272)
(162, 40, 70, 272)
(162, 40, 70, 272)
(162, 40, 70, 272)
(162, 40, 89, 291)
(162, 40, 89, 291)
(162, 40, 89, 291)
(162, 40, 89, 291)
(189, 0, 34, 223)
(189, 0, 34, 223)
(189, 0, 34, 223)
(185, 0, 34, 219)
(185, 0, 34, 219)
(185, 0, 34, 219)
(185, 0, 46, 231)
(185, 0, 46, 231)
(185, 0, 46, 231)
(185, 0, 46, 231)
(185, 0, 46, 231)
(185, 0, 46, 231)
(185, 0, 46, 231)
(185, 0, 46, 231)
(185, 0, 46, 231)
(185, 0, 34, 219)
(185, 0, 34, 219)
(185, 0, 34, 219)
(185, 0, 34, 219)
(161, 20, 34, 215)
(161, 20, 34, 215)
(161, 20, 34, 215)
(161, 20, 34, 215)
(161, 20, 34, 215)
(161, 20, 34, 215)
(161, 20, 34, 215)
(161, 40, 82, 283)
(161, 40, 82, 283)
(161, 40, 82, 283)
(161, 40, 82, 283)
(189, 0, 34, 223)
(189, 0, 34, 223)
(186, 0, 34, 220)
(186, 0, 34, 220)
(186, 0, 34, 220)
(186, 0, 34, 220)
(186, 0, 56, 242)
(186, 0, 56, 242)
(186, 0, 56, 242)
(186, 0, 56, 242)
(186, 0, 56, 242)
(186, 0, 56, 242)
(186, 0, 56, 242)
(186, 0, 56, 242)
(162, 20, 56, 238)
(189, 0, 34, 223)
(189, 0, 34, 223)
(189, 0, 34, 223)
(188, 0, 34, 222)
(188, 0, 34, 222)
(188, 0, 34, 222)
(188, 0, 34, 222)
(188, 0, 34, 222)
(188, 0, 34, 222)
(188, 0, 34, 222)
(188, 0, 34, 222)
(188, 0, 40, 228)
(188, 0, 40, 228)
(188, 0, 40, 228)
(188, 0, 40, 228)
(188, 0, 34, 222)
(188, 0, 34, 222)
(188, 0, 34, 222)
(188, 0, 34, 222)
(188, 0, 34, 222)
(187, 0, 34, 221)
(187, 0, 40, 227)
(187, 0, 40, 227)
(187, 0, 40, 227)
(187, 0, 40, 227)
(187, 0, 40, 227)
(187, 0, 40, 227)
(187, 0, 40, 227)
(187, 0, 40, 227)
(187, 0, 40, 227)
(171, 0, 40, 211)
(189, 0, 34, 223)
(189, 0, 34, 223)
(165, 20, 34, 219)
(165, 20, 34, 219)
(165, 20, 34, 219)
(165, 20, 34, 219)
(165, 20, 34, 219)
(165, 20, 34, 219)
(165, 20, 34, 219)
(165, 20, 34, 219)
(165, 40, 70, 275)
(165, 40, 70, 275)
(165, 40, 70, 275)
(165, 40, 70, 275)
(189, 0, 34, 223)
(189, 0, 34, 223)
(189, 0, 34, 223)
(189, 0, 34, 223)
(189, 0, 34, 223)
(189, 0, 34, 223)
(189, 0, 34, 223)
(177, 0, 34, 211)
(177, 0, 34, 211)
(176, 0, 34, 210)
(176, 0, 34, 210)
(176, 0, 34, 210)
(176, 0, 34, 210)
(176, 0, 34, 210)
(176, 0, 34, 210)
(176, 0, 34, 210)
(176, 0, 52, 228)
(174, 0, 52, 226)
(174, 0, 52, 226)
(174, 0, 52, 226)
(174, 0, 52, 226)
(174, 0, 52, 226)
(174, 0, 52, 226)
(174, 0, 52, 226)
(174, 0, 52, 226)
(174, 0, 52, 226)
(174, 0, 58, 232)
(174, 0, 58, 232)
(170, 0, 58, 228)
(170, 0, 58, 228)
(176, 0, 34, 210)
(176, 0, 34, 210)
(176, 0, 34, 210)
(176, 0, 34, 210)
(176, 0, 34, 210)
(175, 0, 34, 209)
(176, 0, 52, 228)
(176, 0, 52, 228)
(176, 0, 52, 228)
(176, 0, 52, 228)
(176, 0, 52, 228)
(176, 0, 52, 228)
(176, 0, 52, 228)
(176, 0, 52, 228)
(176, 0, 52, 228)
(177, 0, 34, 211)
(176, 0, 46, 222)
(176, 0, 46, 222)
(176, 0, 46, 222)
(176, 0, 46, 222)
(176, 0, 46, 222)
(176, 0, 46, 222)
(176, 0, 46, 222)
(176, 0, 46, 222)
(176, 0, 46, 222)
(176, 0, 46, 222)
(176, 0, 52, 228)
(176, 0, 52, 228)
(176, 0, 52, 228)
(176, 0, 52, 228)
(188, 0, 34, 222)
(188, 0, 34, 222)
(184, 0, 34, 218)
(184, 0, 34, 218)
(184, 0, 34, 218)
(184, 0, 34, 218)
(184, 0, 52, 236)
(184, 0, 52, 236)
(184, 0, 52, 236)
(184, 0, 52, 236)
(184, 0, 52, 236)
(184, 0, 52, 236)
(184, 0, 52, 236)
(184, 0, 52, 236)
(184, 0, 52, 236)
(189, 0, 34, 223)
(189, 0, 34, 223)
(189, 0, 34, 223)
(189, 0, 34, 223)
(189, 0, 34, 223)
(189, 0, 34, 223)
(189, 0, 34, 223)
(189, 0, 34, 223)
(189, 0, 34, 223)
(189, 0, 34, 223)
(189, 0, 34, 223)
(189, 0, 34, 223)
(189, 0, 34, 223)
(189, 0, 34, 223)
(165, 20, 34, 219)
(165, 20, 34, 219)
(165, 20, 34, 219)
(165, 20, 34, 219)
(165, 20, 34, 219)
(165, 20, 34, 219)
(165, 20, 34, 219)
(165, 40, 70, 275)
(165, 40, 70, 275)
(165, 40, 70, 275)
(165, 40, 70, 275)
(165, 40, 70, 275)
(162, 40, 70, 272)
(162, 40, 70, 272)
(162, 40, 70, 272)
(162, 40, 70, 272)
(189, 0, 34, 223)
(189, 0, 34, 223)
(189, 0, 34, 223)
(189, 0, 34, 223)
(189, 0, 34, 223)
(189, 0, 34, 223)
(189, 0, 34, 223)
(177, 0, 34, 211)
(177, 0, 34, 211)
(177, 0, 34, 211)
(177, 0, 34, 211)
(177, 0, 46, 223)
(177, 0, 46, 223)
(177, 0, 46, 223)
(177, 0, 46, 223)
(177, 0, 46, 223)
(177, 0, 46, 223)
(177, 0, 46, 223)
(177, 0, 46, 223)
(177, 0, 46, 223)
(177, 0, 46, 223)
(177, 0, 46, 223)
(177, 0, 46, 223)
(177, 0, 46, 223)
(177, 0, 46, 223)
(177, 0, 46, 223)
(177, 0, 46, 223)
(177, 0, 46, 223)
(177, 0, 46, 223)
(177, 0, 46, 223)
(177, 0, 46, 223)
(177, 0, 46, 223)
(177, 0, 46, 223)
(177, 0, 46, 223)
(177, 0, 46, 223)
(177, 0, 46, 223)
(177, 0, 46, 223)
(177, 0, 46, 223)
(176, 0, 46, 222)
(176, 0, 46, 222)
(176, 0, 46, 222)
(176, 0, 60, 236)
(176, 0, 60, 236)
(176, 0, 60, 236)
(176, 0, 60, 236)
(188, 0, 34, 222)
(188, 0, 34, 222)
(188, 0, 34, 222)
(188, 0, 34, 222)
(188, 0, 34, 222)
(188, 0, 34, 222)
(188, 0, 48, 236)
(188, 0, 48, 236)
(188, 0, 48, 236)
(188, 0, 48, 236)
(164, 20, 48, 232)
(164, 20, 48, 232)
(164, 20, 48, 232)
(164, 20, 48, 232)
(164, 20, 48, 232)
(189, 0, 34, 223)
(189, 0, 34, 223)
(165, 20, 34, 219)
(165, 20, 34, 219)
(165, 20, 34, 219)
(165, 20, 34, 219)
(165, 20, 34, 219)
(164, 20, 34, 218)
(164, 20, 34, 218)
(164, 20, 34, 218)
(164, 20, 34, 218)
(164, 40, 68, 272)
(164, 40, 68, 272)
(164, 40, 68, 272)
(164, 40, 68, 272)
(188, 0, 34, 222)
(188, 0, 34, 222)
(164, 20, 34, 218)
(164, 20, 34, 218)
(164, 20, 34, 218)
(164, 20, 34, 218)
(164, 40, 68, 272)
(164, 40, 68, 272)
(164, 40, 68, 272)
(164, 40, 68, 272)
(164, 40, 68, 272)
(164, 40, 68, 272)
(164, 40, 68, 272)
(164, 40, 68, 272)
(164, 40, 68, 272)
(188, 0, 34, 222)
(189, 0, 34, 223)
(188, 0, 34, 222)
(188, 0, 34, 222)
(188, 0, 34, 222)
(176, 0, 34, 210)
(176, 0, 34, 210)
(176, 0, 34, 210)
(176, 0, 34, 210)
(176, 0, 34, 210)
(176, 0, 34, 210)
(176, 0, 60, 236)
(176, 0, 60, 236)
(176, 0, 60, 236)
(176, 0, 60, 236)
(189, 0, 34, 223)
(189, 0, 34, 223)
(189, 0, 34, 223)
(189, 0, 34, 223)
(165, 20, 34, 219)
(177, 0, 34, 211)
(177, 0, 46, 223)
(177, 0, 46, 223)
(177, 0, 46, 223)
(177, 0, 46, 223)
(177, 0, 46, 223)
(177, 0, 46, 223)
(177, 0, 46, 223)
(177, 0, 46, 223)
(177, 0, 46, 223)
(177, 0, 34, 211)
(177, 0, 46, 223)
(177, 0, 46, 223)
(176, 0, 46, 222)
(176, 0, 46, 222)
(176, 0, 46, 222)
(176, 0, 46, 222)
(176, 0, 46, 222)
(175, 0, 46, 221)
(175, 0, 46, 221)
(175, 0, 46, 221)
(175, 0, 113, 288)
(175, 0, 113, 288)
(175, 0, 113, 288)
(175, 0, 113, 288)
(188, 0, 34, 222)
(188, 0, 34, 222)
(188, 0, 34, 222)
(188, 0, 34, 222)
(188, 0, 34, 222)
(188, 0, 34, 222)
(188, 0, 48, 236)
(186, 0, 48, 234)
(186, 0, 48, 234)
(186, 0, 48, 234)
(186, 0, 48, 234)
(186, 0, 48, 234)
(186, 0, 48, 234)
(186, 0, 48, 234)
(186, 0, 48, 234)
(187, 0, 34, 221)
(189, 0, 34, 223)
(189, 0, 34, 223)
(189, 0, 34, 223)
(189, 0, 34, 223)
(177, 0, 34, 211)
(177, 0, 34, 211)
(177, 0, 34, 211)
(177, 0, 34, 211)
(177, 0, 34, 211)
(177, 0, 34, 211)
(177, 0, 46, 223)
(177, 0, 46, 223)
(177, 0, 46, 223)
(177, 0, 46, 223)
(177, 0, 34, 211)
(177, 0, 34, 211)
(177, 0, 34, 211)
(177, 0, 34, 211)
(177, 0, 34, 211)
(177, 0, 34, 211)
(177, 0, 46, 223)
(177, 0, 46, 223)
(177, 0, 46, 223)
(177, 0, 46, 223)
(177, 0, 46, 223)
(177, 0, 46, 223)
(177, 0, 46, 223)
(177, 0, 46, 223)
(177, 0, 46, 223)
(185, 0, 34, 219)
(177, 0, 46, 223)
(177, 0, 46, 223)
(177, 0, 46, 223)
(177, 0, 46, 223)
(177, 0, 46, 223)
(177, 0, 46, 223)
(177, 0, 46, 223)
(177, 0, 46, 223)
(177, 0, 46, 223)
(177, 0, 46, 223)
(177, 0, 46, 223)
(177, 0, 46, 223)
(177, 0, 46, 223)
(177, 0, 46, 223)
(177, 0, 34, 211)
(177, 0, 34, 211)
(177, 0, 34, 211)
(177, 0, 34, 211)
(177, 0, 34, 211)
(177, 0, 34, 211)
(177, 0, 46, 223)
(177, 0, 46, 223)
(177, 0, 46, 223)
(177, 0, 46, 223)
(177, 0, 46, 223)
(177, 0, 46, 223)
(177, 0, 46, 223)
(177, 0, 46, 223)
(177, 0, 46, 223)
(177, 0, 46, 223)
(177, 0, 46, 223)
(177, 0, 46, 223)
(177, 0, 46, 223)
(177, 0, 46, 223)
(177, 0, 46, 223)
(177, 0, 46, 223)
(177, 0, 46, 223)
(177, 0, 46, 223)
(177, 0, 46, 223)
(177, 0, 46, 223)
(173, 0, 46, 219)
(173, 0, 46, 219)
(173, 0, 46, 219)
(173, 0, 46, 219)
(177, 0, 34, 211)
(177, 0, 34, 211)
(177, 0, 34, 211)
(177, 0, 34, 211)
(174, 0, 34, 208)
(174, 0, 34, 208)
(177, 0, 46, 223)
(177, 0, 46, 223)
(177, 0, 46, 223)
(177, 0, 46, 223)
(177, 0, 46, 223)
(177, 0, 46, 223)
(173, 0, 46, 219)
(173, 0, 46, 219)
(173, 0, 46, 219)
(173, 0, 46, 219)
(173, 0, 58, 231)
(173, 0, 58, 231)
(173, 0, 58, 231)
(173, 0, 58, 231)
(172, 0, 58, 230)
(172, 0, 58, 230)
(172, 0, 58, 230)
(172, 0, 58, 230)
(172, 0, 58, 230)
(172, 0, 58, 230)
(172, 0, 111, 283)
(172, 0, 111, 283)
(172, 0, 111, 283)
(172, 0, 111, 283)
(185, 0, 34, 219)
(185, 0, 34, 219)
(184, 0, 34, 218)
(184, 0, 34, 218)
(160, 20, 34, 214)
(160, 20, 34, 214)
(160, 40, 135, 335)
(160, 40, 135, 335)
(160, 40, 135, 335)
(160, 40, 135, 335)
(160, 40, 135, 335)
(158, 40, 135, 333)
(158, 40, 135, 333)
(158, 40, 135, 333)
(158, 40, 135, 333)
(188, 0, 34, 222)
(189, 0, 34, 223)
(189, 0, 34, 223)
(189, 0, 34, 223)
(189, 0, 34, 223)
(189, 0, 34, 223)
(185, 0, 34, 219)
(185, 0, 34, 219)
(185, 0, 34, 219)
(184, 0, 34, 218)
(184, 0, 34, 218)
(184, 0, 56, 240)
(184, 0, 56, 240)
(184, 0, 56, 240)
(184, 0, 56, 240)
(189, 0, 34, 223)
(189, 0, 34, 223)
(189, 0, 34, 223)
(189, 0, 34, 223)
(189, 0, 34, 223)
(189, 0, 34, 223)
(189, 0, 34, 223)
(189, 0, 34, 223)
(189, 0, 34, 223)
(189, 0, 34, 223)
(189, 0, 34, 223)
(189, 0, 34, 223)
(189, 0, 34, 223)
(189, 0, 34, 223)
(189, 0, 34, 223)
(189, 0, 34, 223)
(189, 0, 34, 223)
(189, 0, 34, 223)
(165, 20, 34, 219)
(165, 20, 34, 219)
(165, 20, 34, 219)
(165, 20, 34, 219)
(165, 20, 34, 219)
(165, 20, 34, 219)
(164, 20, 34, 218)
(164, 20, 34, 218)
(164, 40, 123, 327)
(164, 40, 123, 327)
(164, 40, 123, 327)
(164, 40, 123, 327)
(189, 0, 34, 223)
(189, 0, 34, 223)
(165, 20, 34, 219)
(165, 20, 34, 219)
(165, 20, 34, 219)
(165, 20, 34, 219)
(165, 40, 70, 275)
(164, 40, 70, 274)
(164, 40, 70, 274)
(164, 40, 70, 274)
(164, 40, 70, 274)
(164, 40, 70, 274)
(164, 40, 70, 274)
(164, 40, 70, 274)
(164, 40, 70, 274)
(189, 0, 34, 223)
(189, 0, 34, 223)
(188, 0, 34, 222)
(188, 0, 34, 222)
(188, 0, 34, 222)
(188, 0, 34, 222)
(164, 20, 34, 218)
(164, 20, 34, 218)
(164, 20, 34, 218)
(164, 20, 34, 218)
(164, 20, 34, 218)
(164, 40, 123, 327)
(164, 40, 123, 327)
(164, 40, 123, 327)
(164, 40, 123, 327)
(189, 0, 34, 223)
(189, 0, 34, 223)
(189, 0, 34, 223)
(189, 0, 34, 223)
(189, 0, 34, 223)
(189, 0, 34, 223)
(177, 0, 34, 211)
(177, 0, 34, 211)
(177, 0, 34, 211)
(177, 0, 34, 211)
(177, 0, 34, 211)
(177, 0, 34, 211)
(177, 0, 34, 211)
(177, 0, 34, 211)
(177, 0, 34, 211)
(177, 0, 34, 211)
(177, 0, 46, 223)
(177, 0, 46, 223)
(176, 0, 46, 222)
(176, 0, 46, 222)
(176, 0, 46, 222)
(173, 0, 46, 219)
(173, 0, 46, 219)
(173, 0, 46, 219)
(173, 0, 46, 219)
(172, 0, 46, 218)
(173, 0, 81, 254)
(173, 0, 81, 254)
(173, 0, 81, 254)
(173, 0, 81, 254)
(176, 0, 34, 210)
(176, 0, 34, 210)
(176, 0, 34, 210)
(176, 0, 34, 210)
(175, 0, 34, 209)
(175, 0, 34, 209)
(175, 0, 105, 280)
(175, 0, 105, 280)
(175, 0, 105, 280)
(175, 0, 105, 280)
(175, 0, 105, 280)
(175, 0, 105, 280)
(175, 0, 105, 280)
(175, 0, 105, 280)
(175, 0, 105, 280)
(188, 0, 34, 222)
(188, 0, 34, 222)
(188, 0, 34, 222)
(188, 0, 34, 222)
(188, 0, 34, 222)
(176, 0, 34, 210)
(176, 0, 34, 210)
(176, 0, 34, 210)
(176, 0, 34, 210)
(176, 0, 34, 210)
(176, 0, 34, 210)
(176, 0, 52, 228)
(176, 0, 52, 228)
(176, 0, 52, 228)
(176, 0, 52, 228)
(189, 0, 34, 223)
(189, 0, 34, 223)
(189, 0, 34, 223)
(189, 0, 34, 223)
(186, 0, 34, 220)
(186, 0, 34, 220)
(186, 0, 56, 242)
(186, 0, 56, 242)
(186, 0, 56, 242)
(186, 0, 56, 242)
(186, 0, 56, 242)
(186, 0, 56, 242)
(186, 0, 56, 242)
(182, 0, 56, 238)
(182, 0, 56, 238)
(177, 0, 34, 211)
(177, 0, 46, 223)
(177, 0, 34, 211)
(177, 0, 34, 211)
(177, 0, 34, 211)
(177, 0, 34, 211)
(177, 0, 34, 211)
(177, 0, 34, 211)
(177, 0, 34, 211)
(177, 0, 34, 211)
(177, 0, 34, 211)
(177, 0, 46, 223)
(177, 0, 46, 223)
(177, 0, 46, 223)
(177, 0, 46, 223)
(177, 0, 46, 223)
(177, 0, 46, 223)
(177, 0, 46, 223)
(177, 0, 46, 223)
(177, 0, 46, 223)
(177, 0, 46, 223)
(177, 0, 46, 223)
(177, 0, 46, 223)
(177, 0, 46, 223)
(177, 0, 46, 223)
(177, 0, 46, 223)
(177, 0, 46, 223)
(177, 0, 46, 223)
(177, 0, 46, 223)
(177, 0, 46, 223)
(177, 0, 46, 223)
(177, 0, 46, 223)
(177, 0, 46, 223)
(177, 0, 46, 223)
(177, 0, 46, 223)
(177, 0, 46, 223)
(177, 0, 46, 223)
(177, 0, 46, 223)
(177, 0, 46, 223)
(177, 0, 46, 223)
(177, 0, 46, 223)
(177, 0, 46, 223)
(177, 0, 46, 223)
(177, 0, 46, 223)
(177, 0, 46, 223)
(177, 0, 46, 223)
(177, 0, 46, 223)
(177, 0, 46, 223)
(177, 0, 46, 223)
(177, 0, 46, 223)
(177, 0, 46, 223)
(176, 0, 46, 222)
(176, 0, 46, 222)
(176, 0, 46, 222)
(176, 0, 46, 222)
(176, 0, 46, 222)
(176, 0, 46, 222)
(176, 0, 46, 222)
(176, 0, 46, 222)
(176, 0, 46, 222)
(176, 0, 34, 210)
(176, 0, 60, 236)
(176, 0, 60, 236)
(176, 0, 60, 236)
(176, 0, 60, 236)
(176, 0, 60, 236)
(176, 0, 60, 236)
(176, 0, 60, 236)
(176, 0, 60, 236)
(176, 0, 60, 236)
(176, 0, 60, 236)
(176, 0, 60, 236)
(176, 0, 60, 236)
(176, 0, 60, 236)
(176, 0, 60, 236)
(188, 0, 34, 222)
(188, 0, 34, 222)
(164, 20, 34, 218)
(164, 20, 34, 218)
(164, 20, 34, 218)
(164, 20, 34, 218)
(164, 40, 84, 288)
(164, 40, 84, 288)
(164, 40, 84, 288)
(164, 40, 84, 288)
(160, 40, 84, 284)
(160, 40, 84, 284)
(160, 40, 84, 284)
(160, 40, 84, 284)
(160, 40, 84, 284)
(188, 0, 34, 222)
(189, 0, 34, 223)
(189, 0, 34, 223)
(189, 0, 34, 223)
(189, 0, 34, 223)
(165, 20, 34, 219)
(165, 20, 34, 219)
(165, 20, 34, 219)
(165, 20, 34, 219)
(165, 20, 34, 219)
(165, 20, 34, 219)
(165, 40, 70, 275)
(165, 40, 70, 275)
(165, 40, 70, 275)
(165, 40, 70, 275)
(189, 0, 34, 223)
(189, 0, 34, 223)
(189, 0, 34, 223)
(189, 0, 34, 223)
(189, 0, 34, 223)
(189, 0, 34, 223)
(189, 0, 34, 223)
(189, 0, 34, 223)
(189, 0, 34, 223)
(189, 0, 34, 223)
(189, 0, 34, 223)
(188, 0, 34, 222)
(188, 0, 34, 222)
(188, 0, 34, 222)
(188, 0, 34, 222)
(188, 0, 34, 222)
(188, 0, 44, 232)
(188, 0, 44, 232)
(188, 0, 44, 232)
(188, 0, 44, 232)
(188, 0, 44, 232)
(188, 0, 44, 232)
(188, 0, 44, 232)
(185, 0, 44, 229)
(185, 0, 44, 229)
(185, 0, 44, 229)
(185, 0, 66, 251)
(185, 0, 66, 251)
(173, 0, 66, 239)
(173, 0, 66, 239)
(177, 0, 34, 211)
(176, 0, 34, 210)
(176, 0, 34, 210)
(176, 0, 34, 210)
(176, 0, 34, 210)
(176, 0, 34, 210)
(176, 0, 56, 232)
(176, 0, 56, 232)
(176, 0, 56, 232)
(176, 0, 56, 232)
(176, 0, 56, 232)
(176, 0, 56, 232)
(176, 0, 56, 232)
(176, 0, 56, 232)
(175, 0, 56, 231)
(188, 0, 34, 222)
(189, 0, 34, 223)
(189, 0, 34, 223)
(189, 0, 34, 223)
(189, 0, 34, 223)
(188, 0, 34, 222)
(188, 0, 34, 222)
(188, 0, 34, 222)
(188, 0, 34, 222)
(188, 0, 34, 222)
(188, 0, 34, 222)
(188, 0, 68, 256)
(188, 0, 68, 256)
(188, 0, 68, 256)
(188, 0, 68, 256)
(189, 0, 34, 223)
(189, 0, 34, 223)
(188, 0, 34, 222)
(188, 0, 34, 222)
(188, 0, 34, 222)
(188, 0, 34, 222)
(188, 0, 48, 236)
(188, 0, 48, 236)
(188, 0, 48, 236)
(188, 0, 48, 236)
(188, 0, 48, 236)
(188, 0, 48, 236)
(188, 0, 48, 236)
(188, 0, 48, 236)
(188, 0, 48, 236)
(188, 0, 34, 222)
(189, 0, 34, 223)
(189, 0, 34, 223)
(189, 0, 34, 223)
(189, 0, 34, 223)
(165, 20, 34, 219)
(165, 20, 34, 219)
(165, 20, 34, 219)
(165, 20, 34, 219)
(164, 20, 34, 218)
(164, 20, 34, 218)
(164, 40, 123, 327)
(164, 40, 123, 327)
(164, 40, 123, 327)
(164, 40, 123, 327)
(189, 0, 34, 223)
(189, 0, 34, 223)
(189, 0, 34, 223)
(189, 0, 34, 223)
(177, 0, 34, 211)
(173, 0, 34, 207)
(173, 0, 46, 219)
(173, 0, 46, 219)
(173, 0, 46, 219)
(173, 0, 46, 219)
(172, 0, 46, 218)
(172, 0, 46, 218)
(172, 0, 46, 218)
(172, 0, 46, 218)
(172, 0, 46, 218)
(173, 0, 34, 207)
(173, 0, 82, 255)
(173, 0, 82, 255)
(173, 0, 82, 255)
(173, 0, 82, 255)
(173, 0, 82, 255)
(172, 0, 82, 254)
(171, 0, 82, 253)
(169, 0, 82, 251)
(169, 0, 82, 251)
(169, 0, 82, 251)
(169, 0, 115, 284)
(169, 0, 115, 284)
(169, 0, 115, 284)
(169, 0, 115, 284)
(189, 0, 34, 223)
(189, 0, 34, 223)
(165, 20, 34, 219)
(165, 20, 34, 219)
(165, 20, 34, 219)
(165, 20, 34, 219)
(165, 40, 70, 275)
(165, 40, 70, 275)
(164, 40, 70, 274)
(164, 40, 70, 274)
(164, 40, 70, 274)
(164, 40, 70, 274)
(164, 40, 70, 274)
(164, 40, 70, 274)
(164, 40, 70, 274)
(188, 0, 34, 222)
(189, 0, 34, 223)
(189, 0, 34, 223)
(189, 0, 34, 223)
(189, 0, 34, 223)
(189, 0, 34, 223)
(189, 0, 34, 223)
(165, 20, 34, 219)
(165, 20, 34, 219)
(165, 20, 34, 219)
(165, 20, 34, 219)
(165, 40, 70, 275)
(165, 40, 70, 275)
(165, 40, 70, 275)
(165, 40, 70, 275)
(189, 0, 34, 223)
(189, 0, 34, 223)
(189, 0, 34, 223)
(185, 0, 34, 219)
(185, 0, 34, 219)
(185, 0, 34, 219)
(185, 0, 46, 231)
(173, 0, 46, 219)
(173, 0, 46, 219)
(173, 0, 46, 219)
(173, 0, 46, 219)
(173, 0, 46, 219)
(173, 0, 46, 219)
(173, 0, 46, 219)
(173, 0, 46, 219)
(173, 0, 46, 219)
(173, 0, 58, 231)
(173, 0, 58, 231)
(173, 0, 58, 231)
(173, 0, 58, 231)
(173, 0, 58, 231)
(173, 0, 58, 231)
(173, 0, 58, 231)
(173, 0, 58, 231)
(173, 0, 58, 231)
(173, 0, 58, 231)
(173, 0, 58, 231)
(173, 0, 58, 231)
(173, 0, 58, 231)
(173, 0, 58, 231)
(189, 0, 34, 223)
(165, 20, 34, 219)
(165, 20, 34, 219)
(165, 20, 34, 219)
(165, 20, 34, 219)
(165, 20, 34, 219)
(165, 40, 70, 275)
(165, 40, 70, 275)
(165, 40, 70, 275)
(165, 40, 70, 275)
(165, 40, 70, 275)
(165, 40, 70, 275)
(165, 40, 70, 275)
(162, 40, 70, 272)
(162, 40, 70, 272)
(189, 0, 34, 223)
(189, 0, 34, 223)
(189, 0, 34, 223)
(189, 0, 34, 223)
(189, 0, 34, 223)
(189, 0, 34, 223)
(188, 0, 34, 222)
(188, 0, 34, 222)
(188, 0, 34, 222)
(188, 0, 34, 222)
(188, 0, 34, 222)
(188, 0, 40, 228)
(188, 0, 40, 228)
(187, 0, 40, 227)
(187, 0, 40, 227)
(188, 0, 34, 222)
(165, 20, 34, 219)
(184, 0, 34, 218)
(184, 0, 34, 218)
(184, 0, 34, 218)
(160, 20, 34, 214)
(184, 0, 60, 244)
(184, 0, 60, 244)
(184, 0, 60, 244)
(184, 0, 60, 244)
(184, 0, 60, 244)
(184, 0, 60, 244)
(184, 0, 60, 244)
(184, 0, 60, 244)
(184, 0, 60, 244)
(185, 0, 34, 219)
(185, 0, 34, 219)
(185, 0, 34, 219)
(185, 0, 34, 219)
(185, 0, 34, 219)
(185, 0, 34, 219)
(185, 0, 34, 219)
(185, 0, 34, 219)
(185, 0, 34, 219)
(185, 0, 34, 219)
(183, 0, 34, 217)
(185, 0, 46, 231)
(185, 0, 46, 231)
(185, 0, 46, 231)
(185, 0, 46, 231)
(189, 0, 34, 223)
(189, 0, 34, 223)
(189, 0, 34, 223)
(189, 0, 34, 223)
(189, 0, 34, 223)
(189, 0, 34, 223)
(189, 0, 34, 223)
(189, 0, 34, 223)
(189, 0, 34, 223)
(189, 0, 34, 223)
(189, 0, 34, 223)
(173, 0, 34, 207)
(173, 0, 34, 207)
(173, 0, 34, 207)
(173, 0, 34, 207)
(173, 0, 34, 207)
(173, 0, 82, 255)
(173, 0, 82, 255)
(173, 0, 82, 255)
(173, 0, 82, 255)
(173, 0, 82, 255)
(173, 0, 82, 255)
(173, 0, 82, 255)
(173, 0, 82, 255)
(173, 0, 82, 255)
(173, 0, 82, 255)
(173, 0, 82, 255)
(173, 0, 82, 255)
(173, 0, 82, 255)
(173, 0, 82, 255)
(189, 0, 34, 223)
(189, 0, 34, 223)
(189, 0, 34, 223)
(189, 0, 34, 223)
(189, 0, 34, 223)
(177, 0, 34, 211)
(177, 0, 34, 211)
(177, 0, 34, 211)
(177, 0, 34, 211)
(177, 0, 34, 211)
(177, 0, 34, 211)
(177, 0, 34, 211)
(177, 0, 34, 211)
(177, 0, 34, 211)
(177, 0, 34, 211)
(177, 0, 34, 211)
(177, 0, 46, 223)
(177, 0, 46, 223)
(177, 0, 46, 223)
(177, 0, 46, 223)
(177, 0, 46, 223)
(177, 0, 46, 223)
(177, 0, 46, 223)
(177, 0, 46, 223)
(177, 0, 46, 223)
(177, 0, 46, 223)
(177, 0, 46, 223)
(177, 0, 46, 223)
(177, 0, 46, 223)
(174, 0, 46, 220)
(177, 0, 34, 211)
(177, 0, 34, 211)
(177, 0, 34, 211)
(177, 0, 34, 211)
(177, 0, 34, 211)
(177, 0, 34, 211)
(177, 0, 46, 223)
(177, 0, 46, 223)
(177, 0, 46, 223)
(177, 0, 46, 223)
(176, 0, 46, 222)
(176, 0, 46, 222)
(176, 0, 46, 222)
(176, 0, 46, 222)
(176, 0, 46, 222)
(176, 0, 46, 222)
(176, 0, 52, 228)
(176, 0, 52, 228)
(172, 0, 52, 224)
(172, 0, 52, 224)
(172, 0, 52, 224)
(172, 0, 52, 224)
(172, 0, 52, 224)
(172, 0, 52, 224)
(172, 0, 52, 224)
(172, 0, 52, 224)
(171, 0, 76, 247)
(171, 0, 76, 247)
(171, 0, 76, 247)
(171, 0, 76, 247)
(188, 0, 34, 222)
(187, 0, 34, 221)
(187, 0, 34, 221)
(187, 0, 34, 221)
(187, 0, 34, 221)
(187, 0, 34, 221)
(187, 0, 40, 227)
(187, 0, 40, 227)
(187, 0, 40, 227)
(175, 0, 40, 215)
(175, 0, 40, 215)
(175, 0, 40, 215)
(175, 0, 40, 215)
(175, 0, 40, 215)
(175, 0, 40, 215)
(177, 0, 34, 211)
(177, 0, 46, 223)
(177, 0, 46, 223)
(177, 0, 46, 223)
(177, 0, 46, 223)
(175, 0, 46, 221)
(175, 0, 46, 221)
(175, 0, 46, 221)
(175, 0, 46, 221)
(175, 0, 46, 221)
(175, 0, 46, 221)
(175, 0, 52, 227)
(175, 0, 52, 227)
(175, 0, 52, 227)
(175, 0, 52, 227)
(189, 0, 34, 223)
(189, 0, 34, 223)
(189, 0, 34, 223)
(189, 0, 34, 223)
(189, 0, 34, 223)
(189, 0, 34, 223)
(189, 0, 34, 223)
(189, 0, 34, 223)
(189, 0, 34, 223)
(189, 0, 34, 223)
(165, 20, 34, 219)
(165, 20, 34, 219)
(165, 20, 34, 219)
(165, 20, 34, 219)
(165, 20, 34, 219)
(165, 20, 34, 219)
(164, 40, 70, 274)
(164, 40, 70, 274)
(164, 40, 70, 274)
(164, 40, 70, 274)
(164, 40, 70, 274)
(164, 40, 70, 274)
(164, 40, 70, 274)
(164, 40, 70, 274)
(164, 40, 70, 274)
(164, 40, 70, 274)
(164, 40, 64, 268)
(164, 40, 64, 268)
(164, 40, 64, 268)
(164, 40, 64, 268)
(188, 0, 34, 222)
(176, 0, 34, 210)
(176, 0, 34, 210)
(176, 0, 34, 210)
(176, 0, 34, 210)
(176, 0, 34, 210)
(176, 0, 52, 228)
(176, 0, 52, 228)
(176, 0, 52, 228)
(176, 0, 52, 228)
(176, 0, 52, 228)
(176, 0, 52, 228)
(176, 0, 52, 228)
(176, 0, 52, 228)
(176, 0, 52, 228)
(188, 0, 34, 222)
(189, 0, 34, 223)
(189, 0, 34, 223)
(189, 0, 34, 223)
(189, 0, 34, 223)
(189, 0, 34, 223)
(188, 0, 34, 222)
(177, 0, 34, 211)
(177, 0, 34, 211)
(177, 0, 34, 211)
(177, 0, 34, 211)
(176, 0, 46, 222)
(176, 0, 46, 222)
(176, 0, 46, 222)
(176, 0, 46, 222)
(176, 0, 46, 222)
(176, 0, 46, 222)
(176, 0, 46, 222)
(176, 0, 46, 222)
(176, 0, 46, 222)
(176, 0, 46, 222)
(176, 0, 52, 228)
(176, 0, 52, 228)
(176, 0, 52, 228)
(175, 0, 52, 227)
(175, 0, 52, 227)
(175, 0, 52, 227)
(175, 0, 52, 227)
(171, 0, 52, 223)
(171, 0, 52, 223)
(172, 0, 34, 206)
(183, 0, 40, 223)
(183, 0, 40, 223)
(183, 0, 40, 223)
(183, 0, 40, 223)
(183, 0, 40, 223)
(183, 0, 40, 223)
(183, 0, 40, 223)
(183, 0, 40, 223)
(183, 0, 40, 223)
(159, 20, 40, 219)
(183, 0, 66, 249)
(183, 0, 66, 249)
(183, 0, 66, 249)
(183, 0, 66, 249)
(184, 0, 34, 218)
(184, 0, 34, 218)
(184, 0, 34, 218)
(184, 0, 34, 218)
(184, 0, 34, 218)
(184, 0, 34, 218)
(184, 0, 60, 244)
(184, 0, 60, 244)
(184, 0, 60, 244)
(184, 0, 60, 244)
(184, 0, 60, 244)
(184, 0, 60, 244)
(181, 0, 60, 241)
(181, 0, 60, 241)
(181, 0, 60, 241)
(186, 0, 34, 220)
(189, 0, 34, 223)
(189, 0, 34, 223)
(173, 0, 34, 207)
(173, 0, 34, 207)
(173, 0, 34, 207)
(173, 0, 34, 207)
(173, 0, 34, 207)
(172, 0, 34, 206)
(172, 0, 34, 206)
(172, 0, 34, 206)
(172, 0, 135, 307)
(172, 0, 135, 307)
(172, 0, 135, 307)
(172, 0, 135, 307)
(173, 0, 34, 207)
(173, 0, 34, 207)
(173, 0, 34, 207)
(173, 0, 34, 207)
(173, 0, 34, 207)
(173, 0, 34, 207)
(173, 0, 82, 255)
(173, 0, 82, 255)
(173, 0, 82, 255)
(173, 0, 82, 255)
(173, 0, 82, 255)
(173, 0, 82, 255)
(173, 0, 82, 255)
(173, 0, 82, 255)
(173, 0, 82, 255)
(165, 20, 34, 219)
(165, 20, 34, 219)
(165, 20, 34, 219)
(165, 20, 34, 219)
(165, 20, 34, 219)
(165, 20, 34, 219)
(165, 20, 34, 219)
(165, 20, 34, 219)
(165, 20, 34, 219)
(165, 20, 34, 219)
(165, 20, 34, 219)
(165, 40, 70, 275)
(162, 40, 70, 272)
(162, 40, 70, 272)
(162, 40, 70, 272)
(189, 0, 34, 223)
(189, 0, 34, 223)
(189, 0, 34, 223)
(189, 0, 34, 223)
(189, 0, 34, 223)
(189, 0, 34, 223)
(165, 20, 34, 219)
(165, 20, 34, 219)
(165, 20, 34, 219)
(165, 20, 34, 219)
(165, 20, 34, 219)
(165, 20, 34, 219)
(165, 20, 34, 219)
(165, 20, 34, 219)
(165, 20, 34, 219)
(165, 20, 34, 219)
(165, 40, 70, 275)
(165, 40, 70, 275)
(165, 40, 70, 275)
(165, 40, 70, 275)
(165, 40, 70, 275)
(165, 40, 70, 275)
(165, 40, 70, 275)
(165, 40, 70, 275)
(165, 40, 70, 275)
(165, 40, 70, 275)
(165, 40, 70, 275)
(165, 40, 70, 275)
(165, 40, 70, 275)
(165, 40, 70, 275)
(189, 0, 34, 223)
(189, 0, 34, 223)
(189, 0, 34, 223)
(189, 0, 34, 223)
(189, 0, 34, 223)
(189, 0, 34, 223)
(189, 0, 34, 223)
(189, 0, 34, 223)
(189, 0, 34, 223)
(189, 0, 34, 223)
(189, 0, 34, 223)
(189, 0, 34, 223)
(189, 0, 34, 223)
(189, 0, 34, 223)
(189, 0, 34, 223)
(189, 0, 34, 223)
(189, 0, 34, 223)
(189, 0, 34, 223)
(189, 0, 34, 223)
(189, 0, 34, 223)
(189, 0, 34, 223)
(189, 0, 34, 223)
(189, 0, 34, 223)
(189, 0, 34, 223)
(189, 0, 34, 223)
(186, 0, 34, 220)
(189, 0, 34, 223)
(173, 0, 34, 207)
(173, 0, 34, 207)
(173, 0, 34, 207)
(173, 0, 34, 207)
(173, 0, 34, 207)
(171, 0, 34, 205)
(171, 0, 34, 205)
(171, 0, 34, 205)
(171, 0, 34, 205)
(171, 0, 88, 259)
(171, 0, 88, 259)
(171, 0, 88, 259)
(171, 0, 88, 259)
(171, 0, 88, 259)
(171, 0, 88, 259)
(171, 0, 88, 259)
(171, 0, 88, 259)
(171, 0, 88, 259)
(173, 0, 34, 207)
(173, 0, 34, 207)
(173, 0, 34, 207)
(173, 0, 34, 207)
(173, 0, 34, 207)
(170, 0, 34, 204)
(170, 0, 34, 204)
(170, 0, 34, 204)
(170, 0, 34, 204)
(170, 0, 34, 204)
(170, 0, 34, 204)
(170, 0, 101, 271)
(170, 0, 101, 271)
(170, 0, 101, 271)
(170, 0, 101, 271)
(173, 0, 34, 207)
(173, 0, 34, 207)
(173, 0, 34, 207)
(173, 0, 34, 207)
(173, 0, 34, 207)
(173, 0, 34, 207)
(173, 0, 82, 255)
(169, 0, 82, 251)
(168, 0, 82, 250)
(168, 0, 82, 250)
(168, 0, 82, 250)
(168, 0, 82, 250)
(168, 0, 82, 250)
(168, 0, 82, 250)
(168, 0, 82, 250)
(169, 0, 34, 203)
(189, 0, 34, 223)
(189, 0, 34, 223)
(189, 0, 34, 223)
(189, 0, 34, 223)
(188, 0, 34, 222)
(188, 0, 34, 222)
(188, 0, 34, 222)
(188, 0, 34, 222)
(188, 0, 34, 222)
(188, 0, 34, 222)
(188, 0, 68, 256)
(188, 0, 68, 256)
(188, 0, 68, 256)
(176, 0, 68, 244)
(189, 0, 34, 223)
(189, 0, 34, 223)
(189, 0, 34, 223)
(189, 0, 34, 223)
(189, 0, 34, 223)
(189, 0, 34, 223)
(189, 0, 34, 223)
(177, 0, 34, 211)
(177, 0, 34, 211)
(177, 0, 34, 211)
(177, 0, 34, 211)
(176, 0, 34, 210)
(176, 0, 34, 210)
(176, 0, 34, 210)
(176, 0, 34, 210)
(176, 0, 34, 210)
(176, 0, 99, 275)
(176, 0, 99, 275)
(172, 0, 99, 271)
(172, 0, 99, 271)
(172, 0, 99, 271)
(172, 0, 99, 271)
(172, 0, 99, 271)
(171, 0, 99, 270)
(171, 0, 99, 270)
(171, 0, 99, 270)
(171, 0, 121, 292)
(171, 0, 121, 292)
(171, 0, 121, 292)
(167, 0, 121, 288)
(177, 0, 34, 211)
(177, 0, 34, 211)
(177, 0, 34, 211)
(177, 0, 34, 211)
(177, 0, 34, 211)
(177, 0, 34, 211)
(177, 0, 46, 223)
(177, 0, 46, 223)
(177, 0, 46, 223)
(177, 0, 46, 223)
(177, 0, 46, 223)
(177, 0, 46, 223)
(177, 0, 46, 223)
(177, 0, 46, 223)
(177, 0, 46, 223)
(177, 0, 34, 211)
(177, 0, 46, 223)
(177, 0, 46, 223)
(177, 0, 46, 223)
(177, 0, 46, 223)
(177, 0, 46, 223)
(177, 0, 46, 223)
(177, 0, 46, 223)
(177, 0, 46, 223)
(177, 0, 46, 223)
(177, 0, 46, 223)
(177, 0, 46, 223)
(177, 0, 46, 223)
(177, 0, 46, 223)
(177, 0, 46, 223)
(177, 0, 34, 211)
(177, 0, 34, 211)
(177, 0, 34, 211)
(177, 0, 34, 211)
(177, 0, 34, 211)
(177, 0, 34, 211)
(177, 0, 46, 223)
(177, 0, 46, 223)
(177, 0, 46, 223)
(177, 0, 46, 223)
(177, 0, 46, 223)
(177, 0, 46, 223)
(177, 0, 46, 223)
(177, 0, 46, 223)
(177, 0, 46, 223)
(177, 0, 34, 211)
(177, 0, 46, 223)
(177, 0, 46, 223)
(177, 0, 46, 223)
(177, 0, 46, 223)
(177, 0, 46, 223)
(177, 0, 46, 223)
(177, 0, 46, 223)
(177, 0, 46, 223)
(177, 0, 46, 223)
(177, 0, 46, 223)
(177, 0, 46, 223)
(175, 0, 46, 221)
(175, 0, 46, 221)
(175, 0, 46, 221)
(177, 0, 34, 211)
(177, 0, 34, 211)
(177, 0, 34, 211)
(177, 0, 34, 211)
(177, 0, 34, 211)
(177, 0, 34, 211)
(177, 0, 46, 223)
(177, 0, 46, 223)
(177, 0, 46, 223)
(177, 0, 46, 223)
(177, 0, 46, 223)
(177, 0, 46, 223)
(177, 0, 46, 223)
(177, 0, 46, 223)
(177, 0, 46, 223)
(177, 0, 34, 211)
(177, 0, 46, 223)
(177, 0, 46, 223)
(177, 0, 46, 223)
(177, 0, 46, 223)
(177, 0, 46, 223)
(177, 0, 46, 223)
(177, 0, 46, 223)
(177, 0, 46, 223)
(177, 0, 46, 223)
(177, 0, 46, 223)
(177, 0, 46, 223)
(177, 0, 46, 223)
(177, 0, 46, 223)
(173, 0, 46, 219)
(177, 0, 34, 211)
(177, 0, 34, 211)
(177, 0, 34, 211)
(177, 0, 34, 211)
(177, 0, 34, 211)
(177, 0, 34, 211)
(177, 0, 46, 223)
(177, 0, 46, 223)
(177, 0, 46, 223)
(177, 0, 46, 223)
(177, 0, 46, 223)
(177, 0, 46, 223)
(177, 0, 46, 223)
(177, 0, 46, 223)
(177, 0, 46, 223)
(177, 0, 46, 223)
(177, 0, 46, 223)
(177, 0, 46, 223)
(177, 0, 46, 223)
(177, 0, 46, 223)
(177, 0, 46, 223)
(177, 0, 46, 223)
(177, 0, 46, 223)
(177, 0, 46, 223)
(177, 0, 46, 223)
(177, 0, 46, 223)
(177, 0, 46, 223)
(177, 0, 46, 223)
(177, 0, 46, 223)
(177, 0, 46, 223)
(177, 0, 46, 223)
(177, 0, 46, 223)
(177, 0, 46, 223)
(177, 0, 46, 223)
(177, 0, 46, 223)
(177, 0, 46, 223)
(177, 0, 46, 223)
(177, 0, 46, 223)
(177, 0, 46, 223)
(177, 0, 46, 223)
(177, 0, 46, 223)
(177, 0, 46, 223)
(177, 0, 46, 223)
(177, 0, 46, 223)
(173, 0, 46, 219)
(177, 0, 34, 211)
(173, 0, 46, 219)
(173, 0, 46, 219)
(173, 0, 46, 219)
(173, 0, 46, 219)
(173, 0, 46, 219)
(173, 0, 46, 219)
(173, 0, 46, 219)
(173, 0, 46, 219)
(173, 0, 46, 219)
(173, 0, 46, 219)
(173, 0, 82, 255)
(173, 0, 82, 255)
(173, 0, 82, 255)
(173, 0, 82, 255)
(173, 0, 34, 207)
(173, 0, 34, 207)
(173, 0, 34, 207)
(170, 0, 34, 204)
(170, 0, 34, 204)
(170, 0, 34, 204)
(170, 0, 101, 271)
(170, 0, 101, 271)
(170, 0, 101, 271)
(170, 0, 101, 271)
(170, 0, 101, 271)
(170, 0, 101, 271)
(170, 0, 101, 271)
(170, 0, 101, 271)
(170, 0, 101, 271)
(189, 0, 34, 223)
(189, 0, 34, 223)
(189, 0, 34, 223)
(189, 0, 34, 223)
(189, 0, 34, 223)
(189, 0, 34, 223)
(189, 0, 34, 223)
(189, 0, 34, 223)
(189, 0, 34, 223)
(173, 0, 34, 207)
(173, 0, 34, 207)
(173, 0, 82, 255)
(173, 0, 82, 255)
(173, 0, 82, 255)
(173, 0, 82, 255)
(165, 20, 34, 219)
(165, 20, 34, 219)
(165, 20, 34, 219)
(165, 20, 34, 219)
(165, 20, 34, 219)
(165, 20, 34, 219)
(165, 40, 70, 275)
(165, 40, 70, 275)
(165, 40, 70, 275)
(165, 40, 70, 275)
(165, 40, 70, 275)
(165, 40, 70, 275)
(165, 40, 70, 275)
(165, 40, 70, 275)
(165, 40, 70, 275)
(189, 0, 34, 223)
(177, 0, 34, 211)
(177, 0, 34, 211)
(177, 0, 34, 211)
(177, 0, 34, 211)
(177, 0, 34, 211)
(177, 0, 34, 211)
(177, 0, 34, 211)
(177, 0, 34, 211)
(177, 0, 34, 211)
(177, 0, 34, 211)
(177, 0, 46, 223)
(177, 0, 46, 223)
(177, 0, 46, 223)
(177, 0, 46, 223)
(177, 0, 34, 211)
(177, 0, 34, 211)
(177, 0, 34, 211)
(177, 0, 34, 211)
(177, 0, 34, 211)
(176, 0, 34, 210)
(177, 0, 46, 223)
(177, 0, 46, 223)
(177, 0, 46, 223)
(177, 0, 46, 223)
(177, 0, 46, 223)
(177, 0, 46, 223)
(176, 0, 46, 222)
(176, 0, 46, 222)
(176, 0, 46, 222)
(186, 0, 34, 220)
(174, 0, 56, 230)
(174, 0, 56, 230)
(174, 0, 56, 230)
(174, 0, 56, 230)
(174, 0, 56, 230)
(174, 0, 56, 230)
(174, 0, 56, 230)
(174, 0, 56, 230)
(174, 0, 56, 230)
(174, 0, 56, 230)
(174, 0, 68, 242)
(174, 0, 68, 242)
(174, 0, 68, 242)
(174, 0, 68, 242)
(189, 0, 34, 223)
(189, 0, 34, 223)
(188, 0, 34, 222)
(188, 0, 34, 222)
(176, 0, 34, 210)
(176, 0, 34, 210)
(176, 0, 99, 275)
(176, 0, 99, 275)
(176, 0, 99, 275)
(176, 0, 99, 275)
(172, 0, 99, 271)
(172, 0, 99, 271)
(172, 0, 99, 271)
(172, 0, 99, 271)
(172, 0, 99, 271)
(188, 0, 34, 222)
(189, 0, 34, 223)
(189, 0, 34, 223)
(189, 0, 34, 223)
(189, 0, 34, 223)
(189, 0, 34, 223)
(188, 0, 34, 222)
(188, 0, 34, 222)
(187, 0, 34, 221)
(187, 0, 34, 221)
(187, 0, 34, 221)
(187, 0, 78, 265)
(187, 0, 78, 265)
(187, 0, 78, 265)
(187, 0, 78, 265)
(189, 0, 34, 223)
(189, 0, 34, 223)
(189, 0, 34, 223)
(189, 0, 34, 223)
(189, 0, 34, 223)
(189, 0, 34, 223)
(189, 0, 34, 223)
(189, 0, 34, 223)
(189, 0, 34, 223)
(185, 0, 34, 219)
(185, 0, 34, 219)
(185, 0, 34, 219)
(185, 0, 34, 219)
(185, 0, 34, 219)
(185, 0, 34, 219)
(173, 0, 34, 207)
(173, 0, 70, 243)
(173, 0, 70, 243)
(173, 0, 70, 243)
(173, 0, 70, 243)
(173, 0, 70, 243)
(173, 0, 70, 243)
(173, 0, 70, 243)
(173, 0, 70, 243)
(173, 0, 70, 243)
(173, 0, 70, 243)
(173, 0, 82, 255)
(173, 0, 82, 255)
(173, 0, 82, 255)
(173, 0, 82, 255)
(189, 0, 34, 223)
(189, 0, 34, 223)
(189, 0, 34, 223)
(189, 0, 34, 223)
(189, 0, 34, 223)
(189, 0, 34, 223)
(189, 0, 34, 223)
(189, 0, 34, 223)
(189, 0, 34, 223)
(189, 0, 34, 223)
(189, 0, 34, 223)
(189, 0, 34, 223)
(186, 0, 34, 220)
(186, 0, 34, 220)
(186, 0, 34, 220)
(186, 0, 34, 220)
(186, 0, 56, 242)
(186, 0, 56, 242)
(162, 20, 56, 238)
(162, 20, 56, 238)
(162, 20, 56, 238)
(162, 20, 56, 238)
(162, 20, 56, 238)
(162, 20, 56, 238)
(162, 20, 56, 238)
(162, 20, 56, 238)
(162, 40, 89, 291)
(162, 40, 89, 291)
(162, 40, 89, 291)
(162, 40, 89, 291)
(186, 0, 34, 220)
(186, 0, 34, 220)
(186, 0, 34, 220)
(186, 0, 34, 220)
(186, 0, 34, 220)
(162, 20, 34, 216)
(186, 0, 56, 242)
(186, 0, 56, 242)
(186, 0, 56, 242)
(186, 0, 56, 242)
(170, 0, 56, 226)
(170, 0, 56, 226)
(170, 0, 56, 226)
(170, 0, 56, 226)
(170, 0, 56, 226)
(189, 0, 34, 223)
(185, 0, 34, 219)
(184, 0, 34, 218)
(184, 0, 34, 218)
(184, 0, 34, 218)
(184, 0, 34, 218)
(184, 0, 34, 218)
(172, 0, 34, 206)
(172, 0, 34, 206)
(172, 0, 34, 206)
(172, 0, 34, 206)
(172, 0, 85, 257)
(172, 0, 85, 257)
(172, 0, 85, 257)
(172, 0, 85, 257)
(189, 0, 34, 223)
(189, 0, 34, 223)
(189, 0, 34, 223)
(189, 0, 34, 223)
(186, 0, 34, 220)
(186, 0, 34, 220)
(186, 0, 56, 242)
(186, 0, 56, 242)
(162, 20, 56, 238)
(162, 20, 56, 238)
(162, 20, 56, 238)
(162, 20, 56, 238)
(162, 20, 56, 238)
(161, 20, 56, 237)
(161, 20, 56, 237)
(189, 0, 34, 223)
(186, 0, 34, 220)
(186, 0, 34, 220)
(186, 0, 34, 220)
(186, 0, 34, 220)
(186, 0, 34, 220)
(186, 0, 34, 220)
(186, 0, 34, 220)
(186, 0, 34, 220)
(186, 0, 34, 220)
(186, 0, 34, 220)
(186, 0, 56, 242)
(186, 0, 56, 242)
(186, 0, 56, 242)
(186, 0, 56, 242)
(189, 0, 34, 223)
(189, 0, 34, 223)
(189, 0, 34, 223)
(165, 20, 34, 219)
(165, 20, 34, 219)
(165, 20, 34, 219)
(165, 40, 70, 275)
(165, 40, 70, 275)
(165, 40, 70, 275)
(165, 40, 70, 275)
(165, 40, 70, 275)
(165, 40, 70, 275)
(163, 40, 70, 273)
(163, 40, 70, 273)
(163, 40, 70, 273)
(189, 0, 34, 223)
(189, 0, 34, 223)
(177, 0, 34, 211)
(177, 0, 34, 211)
(177, 0, 34, 211)
(177, 0, 34, 211)
(177, 0, 34, 211)
(177, 0, 34, 211)
(177, 0, 34, 211)
(177, 0, 34, 211)
(177, 0, 34, 211)
(177, 0, 46, 223)
(177, 0, 46, 223)
(177, 0, 46, 223)
(177, 0, 46, 223)
(177, 0, 46, 223)
(177, 0, 46, 223)
(177, 0, 46, 223)
(177, 0, 46, 223)
(177, 0, 46, 223)
(177, 0, 46, 223)
(177, 0, 46, 223)
(177, 0, 46, 223)
(174, 0, 46, 220)
(174, 0, 46, 220)
(174, 0, 46, 220)
(174, 0, 46, 220)
(174, 0, 46, 220)
(174, 0, 46, 220)
(174, 0, 46, 220)
(177, 0, 34, 211)
(177, 0, 46, 223)
(177, 0, 46, 223)
(177, 0, 46, 223)
(177, 0, 46, 223)
(177, 0, 46, 223)
(177, 0, 46, 223)
(176, 0, 46, 222)
(176, 0, 46, 222)
(176, 0, 46, 222)
(176, 0, 46, 222)
(176, 0, 56, 232)
(176, 0, 56, 232)
(176, 0, 56, 232)
(176, 0, 56, 232)
(188, 0, 34, 222)
(188, 0, 34, 222)
(188, 0, 34, 222)
(188, 0, 34, 222)
(184, 0, 34, 218)
(184, 0, 34, 218)
(176, 0, 68, 244)
(176, 0, 68, 244)
(176, 0, 68, 244)
(176, 0, 68, 244)
(176, 0, 68, 244)
(176, 0, 68, 244)
(176, 0, 68, 244)
(176, 0, 68, 244)
(176, 0, 68, 244)
(189, 0, 34, 223)
(189, 0, 34, 223)
(189, 0, 34, 223)
(189, 0, 34, 223)
(173, 0, 34, 207)
(173, 0, 34, 207)
(173, 0, 34, 207)
(173, 0, 34, 207)
(173, 0, 34, 207)
(173, 0, 34, 207)
(173, 0, 34, 207)
(173, 0, 82, 255)
(173, 0, 82, 255)
(173, 0, 82, 255)
(173, 0, 82, 255)
(173, 0, 34, 207)
(173, 0, 34, 207)
(173, 0, 34, 207)
(173, 0, 34, 207)
(173, 0, 34, 207)
(173, 0, 34, 207)
(173, 0, 82, 255)
(173, 0, 82, 255)
(173, 0, 82, 255)
(173, 0, 82, 255)
(173, 0, 82, 255)
(173, 0, 82, 255)
(173, 0, 82, 255)
(173, 0, 82, 255)
(173, 0, 82, 255)
(173, 0, 34, 207)
(189, 0, 34, 223)
(189, 0, 34, 223)
(189, 0, 34, 223)
(189, 0, 34, 223)
(189, 0, 34, 223)
(189, 0, 34, 223)
(189, 0, 34, 223)
(165, 20, 34, 219)
(165, 20, 34, 219)
(165, 20, 34, 219)
(165, 40, 70, 275)
(165, 40, 70, 275)
(165, 40, 70, 275)
(165, 40, 70, 275)
(189, 0, 34, 223)
(189, 0, 34, 223)
(189, 0, 34, 223)
(189, 0, 34, 223)
(189, 0, 34, 223)
(189, 0, 34, 223)
(189, 0, 34, 223)
(189, 0, 34, 223)
(177, 0, 34, 211)
(177, 0, 34, 211)
(177, 0, 34, 211)
(177, 0, 34, 211)
(177, 0, 34, 211)
(177, 0, 34, 211)
(177, 0, 34, 211)
(177, 0, 34, 211)
(177, 0, 46, 223)
(177, 0, 46, 223)
(177, 0, 46, 223)
(177, 0, 46, 223)
(177, 0, 46, 223)
(177, 0, 46, 223)
(177, 0, 46, 223)
(177, 0, 46, 223)
(177, 0, 46, 223)
(177, 0, 46, 223)
(177, 0, 46, 223)
(177, 0, 46, 223)
(177, 0, 46, 223)
(177, 0, 46, 223)
(177, 0, 46, 223)
(177, 0, 46, 223)
(177, 0, 46, 223)
(177, 0, 46, 223)
(177, 0, 46, 223)
(177, 0, 46, 223)
(177, 0, 46, 223)
(177, 0, 46, 223)
(177, 0, 46, 223)
(177, 0, 46, 223)
(177, 0, 46, 223)
(177, 0, 46, 223)
(175, 0, 46, 221)
(175, 0, 46, 221)
(175, 0, 46, 221)
(175, 0, 46, 221)
(175, 0, 52, 227)
(175, 0, 52, 227)
(175, 0, 52, 227)
(175, 0, 52, 227)
(175, 0, 52, 227)
(175, 0, 52, 227)
(175, 0, 52, 227)
(175, 0, 52, 227)
(175, 0, 52, 227)
(175, 0, 52, 227)
(175, 0, 52, 227)
(175, 0, 52, 227)
(175, 0, 52, 227)
(175, 0, 52, 227)
(177, 0, 34, 211)
(177, 0, 34, 211)
(177, 0, 34, 211)
(177, 0, 34, 211)
(177, 0, 34, 211)
(177, 0, 34, 211)
(177, 0, 46, 223)
(177, 0, 46, 223)
(177, 0, 46, 223)
(177, 0, 46, 223)
(177, 0, 46, 223)
(176, 0, 46, 222)
(176, 0, 46, 222)
(176, 0, 46, 222)
(176, 0, 46, 222)
(177, 0, 34, 211)
(176, 0, 46, 222)
(176, 0, 46, 222)
(176, 0, 46, 222)
(172, 0, 46, 218)
(172, 0, 46, 218)
(172, 0, 46, 218)
(172, 0, 46, 218)
(168, 0, 46, 214)
(168, 0, 46, 214)
(168, 0, 46, 214)
(168, 0, 101, 269)
(168, 0, 101, 269)
(168, 0, 101, 269)
(168, 0, 101, 269)
(169, 0, 34, 203)
(169, 0, 34, 203)
(169, 0, 34, 203)
(168, 0, 34, 202)
(168, 0, 34, 202)
(168, 0, 34, 202)
(167, 0, 108, 275)
(167, 0, 108, 275)
(167, 0, 108, 275)
(167, 0, 108, 275)
(164, 0, 108, 272)
(164, 0, 108, 272)
(164, 0, 108, 272)
(164, 0, 108, 272)
(164, 0, 108, 272)
(165, 20, 34, 219)
(185, 0, 34, 219)
(185, 0, 34, 219)
(185, 0, 34, 219)
(185, 0, 34, 219)
(184, 0, 34, 218)
(184, 0, 34, 218)
(184, 0, 34, 218)
(184, 0, 34, 218)
(183, 0, 34, 217)
(172, 0, 34, 206)
(171, 0, 70, 241)
(171, 0, 70, 241)
(171, 0, 70, 241)
(171, 0, 70, 241)
(171, 8, 34, 213)
(171, 8, 34, 213)
(171, 8, 34, 213)
(171, 8, 34, 213)
(171, 8, 34, 213)
(171, 8, 34, 213)
(171, 16, 52, 239)
(171, 16, 52, 239)
(171, 16, 52, 239)
(171, 16, 52, 239)
(171, 16, 52, 239)
(171, 16, 52, 239)
(171, 16, 52, 239)
(171, 16, 52, 239)
(171, 16, 52, 239)
(189, 0, 34, 223)
(189, 0, 34, 223)
(189, 0, 34, 223)
(189, 0, 34, 223)
(189, 0, 34, 223)
(189, 0, 34, 223)
(177, 0, 34, 211)
(177, 0, 34, 211)
(177, 0, 34, 211)
(177, 0, 34, 211)
(177, 0, 34, 211)
(177, 0, 46, 223)
(177, 0, 46, 223)
(177, 0, 46, 223)
(177, 0, 46, 223)
(177, 0, 34, 211)
(177, 0, 34, 211)
(177, 0, 34, 211)
(177, 0, 34, 211)
(177, 0, 34, 211)
(177, 0, 34, 211)
(177, 0, 46, 223)
(177, 0, 46, 223)
(177, 0, 46, 223)
(177, 0, 46, 223)
(177, 0, 46, 223)
(177, 0, 46, 223)
(177, 0, 46, 223)
(177, 0, 46, 223)
(177, 0, 46, 223)
(177, 0, 34, 211)
(177, 0, 46, 223)
(177, 0, 46, 223)
(177, 0, 46, 223)
(177, 0, 46, 223)
(177, 0, 46, 223)
(177, 0, 46, 223)
(177, 0, 46, 223)
(177, 0, 46, 223)
(173, 0, 46, 219)
(173, 0, 46, 219)
(173, 0, 58, 231)
(173, 0, 58, 231)
(173, 0, 58, 231)
(173, 0, 58, 231)
(185, 0, 34, 219)
(185, 0, 34, 219)
(185, 0, 34, 219)
(185, 0, 34, 219)
(161, 20, 34, 215)
(161, 20, 34, 215)
(185, 0, 46, 231)
(185, 0, 46, 231)
(185, 0, 46, 231)
(185, 0, 46, 231)
(182, 0, 46, 228)
(166, 0, 46, 212)
(166, 0, 46, 212)
(166, 0, 46, 212)
(164, 0, 46, 210)
(164, 0, 46, 210)
(164, 0, 119, 283)
(164, 0, 119, 283)
(164, 0, 119, 283)
(164, 0, 119, 283)
(164, 0, 119, 283)
(164, 0, 119, 283)
(164, 0, 119, 283)
(164, 0, 119, 283)
(164, 0, 119, 283)
(164, 0, 119, 283)
(164, 0, 119, 283)
(164, 0, 119, 283)
(164, 0, 119, 283)
(164, 0, 119, 283)
(173, 0, 34, 207)
(173, 0, 34, 207)
(173, 0, 34, 207)
(173, 0, 34, 207)
(173, 0, 34, 207)
(173, 0, 34, 207)
(173, 0, 82, 255)
(173, 0, 82, 255)
(173, 0, 82, 255)
(173, 0, 82, 255)
(171, 0, 82, 253)
(171, 0, 82, 253)
(171, 0, 82, 253)
(171, 0, 82, 253)
(170, 0, 82, 252)
(173, 0, 34, 207)
(173, 0, 34, 207)
(173, 0, 34, 207)
(173, 0, 34, 207)
(173, 0, 34, 207)
(173, 0, 34, 207)
(173, 0, 34, 207)
(173, 0, 34, 207)
(173, 0, 34, 207)
(173, 0, 34, 207)
(173, 0, 34, 207)
(173, 0, 82, 255)
(173, 0, 82, 255)
(172, 0, 82, 254)
(172, 0, 82, 254)
(173, 0, 34, 207)
(173, 0, 34, 207)
(173, 0, 34, 207)
(172, 0, 34, 206)
(172, 0, 34, 206)
(172, 0, 34, 206)
(172, 0, 96, 268)
(172, 0, 96, 268)
(172, 0, 96, 268)
(172, 0, 96, 268)
(172, 0, 96, 268)
(172, 0, 96, 268)
(172, 0, 96, 268)
(172, 0, 96, 268)
(172, 0, 96, 268)
(173, 0, 34, 207)
(189, 0, 34, 223)
(177, 0, 34, 211)
(177, 0, 34, 211)
(177, 0, 34, 211)
(177, 0, 34, 211)
(177, 0, 34, 211)
(177, 0, 34, 211)
(177, 0, 34, 211)
(177, 0, 34, 211)
(176, 0, 34, 210)
(176, 0, 46, 222)
(176, 0, 46, 222)
(176, 0, 46, 222)
(176, 0, 46, 222)
(177, 0, 34, 211)
(177, 0, 34, 211)
(177, 0, 34, 211)
(177, 0, 34, 211)
(177, 0, 34, 211)
(177, 0, 34, 211)
(177, 0, 46, 223)
(177, 0, 46, 223)
(177, 0, 46, 223)
(177, 0, 46, 223)
(176, 0, 46, 222)
(176, 0, 46, 222)
(176, 0, 46, 222)
(176, 0, 46, 222)
(176, 0, 46, 222)
(177, 0, 34, 211)
(176, 0, 46, 222)
(176, 0, 46, 222)
(176, 0, 46, 222)
(176, 0, 46, 222)
(176, 0, 46, 222)
(176, 0, 46, 222)
(176, 0, 46, 222)
(176, 0, 46, 222)
(176, 0, 46, 222)
(176, 0, 46, 222)
(176, 0, 56, 232)
(176, 0, 56, 232)
(175, 0, 56, 231)
(175, 0, 56, 231)
(188, 0, 34, 222)
(177, 0, 34, 211)
(176, 0, 34, 210)
(176, 0, 34, 210)
(176, 0, 34, 210)
(176, 0, 34, 210)
(176, 0, 56, 232)
(176, 0, 56, 232)
(176, 0, 56, 232)
(176, 0, 56, 232)
(176, 0, 56, 232)
(176, 0, 56, 232)
(176, 0, 56, 232)
(176, 0, 56, 232)
(176, 0, 56, 232)
(177, 0, 34, 211)
(177, 0, 34, 211)
(177, 0, 34, 211)
(177, 0, 34, 211)
(177, 0, 34, 211)
(176, 0, 34, 210)
(176, 0, 34, 210)
(176, 0, 34, 210)
(176, 0, 34, 210)
(176, 0, 34, 210)
(176, 0, 34, 210)
(176, 0, 52, 228)
(176, 0, 52, 228)
(176, 0, 52, 228)
(176, 0, 52, 228)
(188, 0, 34, 222)
(188, 0, 34, 222)
(188, 0, 34, 222)
(188, 0, 34, 222)
(188, 0, 34, 222)
(188, 0, 34, 222)
(188, 0, 40, 228)
(188, 0, 40, 228)
(188, 0, 40, 228)
(185, 0, 40, 225)
(185, 0, 40, 225)
(173, 0, 40, 213)
(173, 0, 40, 213)
(173, 0, 40, 213)
(173, 0, 40, 213)
(173, 0, 40, 213)
(173, 0, 81, 254)
(169, 0, 81, 250)
(169, 0, 81, 250)
(169, 0, 81, 250)
(169, 0, 81, 250)
(169, 0, 81, 250)
(169, 0, 81, 250)
(169, 0, 81, 250)
(169, 0, 81, 250)
(169, 0, 81, 250)
(169, 0, 105, 274)
(169, 0, 105, 274)
(169, 0, 105, 274)
(169, 0, 105, 274)
(186, 0, 34, 220)
(185, 0, 34, 219)
(185, 0, 34, 219)
(185, 0, 34, 219)
(185, 0, 34, 219)
(185, 0, 34, 219)
(181, 0, 69, 250)
(157, 20, 69, 246)
(157, 20, 69, 246)
(157, 20, 69, 246)
(157, 20, 69, 246)
(157, 20, 69, 246)
(157, 20, 69, 246)
(157, 20, 69, 246)
(157, 20, 69, 246)
(188, 0, 34, 222)
(189, 0, 34, 223)
(189, 0, 34, 223)
(189, 0, 34, 223)
(189, 0, 34, 223)
(189, 0, 34, 223)
(177, 0, 34, 211)
(177, 0, 34, 211)
(177, 0, 34, 211)
(177, 0, 34, 211)
(177, 0, 34, 211)
(177, 0, 46, 223)
(177, 0, 46, 223)
(177, 0, 46, 223)
(177, 0, 46, 223)
(177, 0, 34, 211)
(177, 0, 34, 211)
(177, 0, 34, 211)
(177, 0, 34, 211)
(177, 0, 34, 211)
(177, 0, 34, 211)
(177, 0, 46, 223)
(177, 0, 46, 223)
(177, 0, 46, 223)
(177, 0, 46, 223)
(177, 0, 46, 223)
(177, 0, 46, 223)
(177, 0, 46, 223)
(177, 0, 46, 223)
(177, 0, 46, 223)
(177, 0, 46, 223)
(177, 0, 46, 223)
(176, 0, 46, 222)
(176, 0, 46, 222)
(176, 0, 46, 222)
(176, 0, 46, 222)
(176, 0, 46, 222)
(176, 0, 46, 222)
(176, 0, 46, 222)
(176, 0, 46, 222)
(176, 0, 46, 222)
(176, 0, 60, 236)
(176, 0, 60, 236)
(176, 0, 60, 236)
(176, 0, 60, 236)
(189, 0, 34, 223)
(189, 0, 34, 223)
(189, 0, 34, 223)
(189, 0, 34, 223)
(189, 0, 34, 223)
(185, 0, 34, 219)
(189, 0, 34, 223)
(185, 0, 34, 219)
(185, 0, 34, 219)
(185, 0, 34, 219)
(185, 0, 34, 219)
(185, 0, 34, 219)
(185, 0, 34, 219)
(185, 0, 34, 219)
(185, 0, 34, 219)
(173, 0, 34, 207)
(173, 0, 82, 255)
(173, 0, 82, 255)
(173, 0, 70, 243)
(173, 0, 70, 243)
(173, 0, 70, 243)
(173, 0, 70, 243)
(173, 0, 70, 243)
(173, 0, 70, 243)
(173, 0, 70, 243)
(173, 0, 70, 243)
(173, 0, 82, 255)
(173, 0, 82, 255)
(173, 0, 82, 255)
(173, 0, 82, 255)
(189, 0, 34, 223)
(189, 0, 34, 223)
(189, 0, 34, 223)
(189, 0, 34, 223)
(189, 0, 34, 223)
(189, 0, 34, 223)
(189, 0, 34, 223)
(189, 0, 34, 223)
(189, 0, 34, 223)
(189, 0, 34, 223)
(189, 0, 34, 223)
(189, 0, 34, 223)
(165, 20, 34, 219)
(165, 20, 34, 219)
(165, 20, 34, 219)
(165, 20, 34, 219)
(165, 40, 70, 275)
(165, 40, 70, 275)
(165, 40, 70, 275)
(165, 40, 70, 275)
(165, 40, 70, 275)
(165, 40, 70, 275)
(165, 40, 70, 275)
(165, 40, 70, 275)
(165, 40, 70, 275)
(165, 40, 70, 275)
(164, 40, 70, 274)
(164, 40, 70, 274)
(164, 40, 70, 274)
(164, 40, 70, 274)
(189, 0, 34, 223)
(189, 0, 34, 223)
(189, 0, 34, 223)
(189, 0, 34, 223)
(189, 0, 34, 223)
(186, 0, 34, 220)
(188, 0, 34, 222)
(188, 0, 34, 222)
(188, 0, 34, 222)
(188, 0, 34, 222)
(188, 0, 34, 222)
(188, 0, 34, 222)
(188, 0, 34, 222)
(188, 0, 34, 222)
(188, 0, 34, 222)
(188, 0, 34, 222)
(187, 0, 44, 231)
(187, 0, 44, 231)
(186, 0, 44, 230)
(186, 0, 44, 230)
(174, 0, 44, 218)
(174, 0, 44, 218)
(174, 0, 44, 218)
(174, 0, 44, 218)
(174, 0, 44, 218)
(174, 0, 44, 218)
(174, 0, 113, 287)
(174, 0, 113, 287)
(174, 0, 113, 287)
(174, 0, 113, 287)
(188, 0, 34, 222)
(188, 0, 34, 222)
(188, 0, 34, 222)
(164, 20, 34, 218)
(164, 20, 34, 218)
(164, 20, 34, 218)
(164, 40, 68, 272)
(164, 40, 68, 272)
(164, 40, 68, 272)
(164, 40, 68, 272)
(164, 40, 68, 272)
(162, 40, 68, 270)
(162, 40, 68, 270)
(162, 40, 68, 270)
(162, 40, 68, 270)
(189, 0, 34, 223)
(189, 0, 34, 223)
(185, 0, 34, 219)
(177, 0, 34, 211)
(189, 0, 34, 223)
