(203, 20, 0, 223)
(203, 20, 0, 223)
(203, 20, 0, 223)
(203, 20, 0, 223)
(203, 20, 0, 223)
(203, 20, 0, 223)
(203, 20, 0, 223)
(197, 25, 0, 222)
(197, 25, 0, 222)
(197, 25, 0, 222)
(190, 50, 30, 270)
(190, 50, 30, 270)
(190, 50, 30, 270)
(190, 50, 30, 270)
(220, 0, 0, 220)
(220, 0, 0, 220)
(220, 0, 0, 220)
(220, 0, 0, 220)
(208, 0, 0, 208)
(208, 0, 0, 208)
(208, 0, 24, 232)
(208, 0, 24, 232)
(208, 0, 24, 232)
(208, 0, 24, 232)
(208, 0, 24, 232)
(208, 0, 24, 232)
(206, 0, 24, 230)
(206, 0, 24, 230)
(200, 5, 24, 229)
(227, 0, 0, 227)
(227, 0, 0, 227)
(225, 0, 0, 225)
(225, 0, 0, 225)
(224, 0, 0, 224)
(224, 0, 0, 224)
(224, 0, 0, 224)
(224, 0, 0, 224)
(224, 0, 0, 224)
(224, 0, 0, 224)
(222, 0, 0, 222)
(222, 0, 2, 224)
(222, 0, 2, 224)
(222, 0, 2, 224)
(222, 0, 2, 224)
(219, 0, 2, 221)
(215, 0, 2, 217)
(215, 0, 2, 217)
(197, 0, 2, 199)
(192, 0, 2, 194)
(192, 0, 2, 194)
(192, 0, 31, 223)
(192, 0, 31, 223)
(192, 0, 31, 223)
(192, 0, 31, 223)
(192, 0, 31, 223)
(192, 0, 31, 223)
(192, 0, 31, 223)
(188, 0, 31, 219)
(180, 0, 31, 211)
(180, 0, 31, 211)
(180, 0, 43, 223)
(180, 0, 43, 223)
(180, 0, 43, 223)
(180, 0, 43, 223)
(180, 0, 43, 223)
(179, 0, 43, 222)
(176, 0, 43, 219)
(176, 0, 43, 219)
(176, 0, 43, 219)
(176, 0, 43, 219)
(176, 0, 46, 222)
(176, 0, 46, 222)
(176, 0, 46, 222)
(176, 0, 46, 222)
(176, 0, 46, 222)
(176, 0, 46, 222)
(176, 0, 46, 222)
(176, 0, 46, 222)
(176, 0, 46, 222)
(176, 0, 46, 222)
(176, 0, 46, 222)
(176, 0, 46, 222)
(176, 0, 46, 222)
(176, 0, 46, 222)
(176, 0, 46, 222)
(176, 0, 46, 222)
(176, 0, 46, 222)
(176, 0, 46, 222)
(176, 0, 46, 222)
(176, 0, 46, 222)
(176, 0, 46, 222)
(176, 0, 46, 222)
(176, 0, 46, 222)
(176, 0, 46, 222)
(176, 0, 46, 222)
(176, 0, 46, 222)
(176, 0, 46, 222)
(176, 0, 46, 222)
(176, 0, 46, 222)
(176, 0, 46, 222)
(176, 0, 46, 222)
(176, 0, 46, 222)
(176, 0, 46, 222)
(176, 0, 46, 222)
(175, 0, 46, 221)
(175, 0, 46, 221)
(175, 0, 46, 221)
(175, 0, 46, 221)
(175, 0, 46, 221)
(175, 0, 46, 221)
(171, 0, 99, 270)
(171, 0, 99, 270)
(171, 0, 99, 270)
(171, 0, 99, 270)
(171, 0, 99, 270)
(171, 0, 99, 270)
(171, 0, 99, 270)
(171, 0, 99, 270)
(167, 0, 99, 266)
(172, 0, 46, 218)
(176, 0, 46, 222)
(176, 0, 46, 222)
(173, 0, 46, 219)
(173, 0, 46, 219)
(173, 0, 46, 219)
(173, 0, 46, 219)
(173, 0, 46, 219)
(173, 0, 46, 219)
(173, 0, 46, 219)
(173, 0, 46, 219)
(172, 0, 68, 240)
(172, 0, 68, 240)
(172, 0, 68, 240)
(172, 0, 68, 240)
(176, 0, 46, 222)
(176, 0, 46, 222)
(176, 0, 46, 222)
(176, 0, 46, 222)
(176, 0, 46, 222)
(176, 0, 46, 222)
(176, 0, 46, 222)
(176, 0, 46, 222)
(176, 0, 46, 222)
(176, 0, 46, 222)
(176, 0, 46, 222)
(176, 0, 46, 222)
(172, 0, 46, 218)
(172, 0, 46, 218)
(172, 0, 46, 218)
(172, 0, 46, 218)
(172, 0, 70, 242)
(172, 0, 70, 242)
(172, 0, 70, 242)
(172, 0, 70, 242)
(172, 0, 70, 242)
(172, 0, 70, 242)
(172, 0, 70, 242)
(172, 0, 70, 242)
(172, 0, 70, 242)
(172, 0, 70, 242)
(172, 0, 70, 242)
(172, 0, 70, 242)
(172, 0, 70, 242)
(172, 0, 70, 242)
(176, 0, 46, 222)
(176, 0, 46, 222)
(176, 0, 46, 222)
(176, 0, 46, 222)
(176, 0, 46, 222)
(176, 0, 46, 222)
(176, 0, 46, 222)
(176, 0, 46, 222)
(176, 0, 46, 222)
(176, 0, 46, 222)
(176, 0, 46, 222)
(176, 0, 46, 222)
(176, 0, 46, 222)
(174, 0, 46, 220)
(174, 0, 46, 220)
(174, 0, 46, 220)
(174, 0, 62, 236)
(174, 0, 62, 236)
(174, 0, 62, 236)
(174, 0, 62, 236)
(174, 0, 62, 236)
(174, 0, 62, 236)
(174, 0, 62, 236)
(174, 0, 62, 236)
(174, 0, 62, 236)
(174, 0, 62, 236)
(174, 0, 62, 236)
(174, 0, 62, 236)
(174, 0, 62, 236)
(174, 0, 62, 236)
(176, 0, 46, 222)
(172, 0, 46, 218)
(172, 0, 46, 218)
(172, 0, 46, 218)
(172, 0, 46, 218)
(172, 0, 46, 218)
(172, 0, 58, 230)
(172, 0, 58, 230)
(172, 0, 58, 230)
(168, 0, 58, 226)
(168, 0, 58, 226)
(168, 0, 58, 226)
(168, 0, 58, 226)
(168, 0, 58, 226)
(168, 0, 58, 226)
(168, 0, 46, 214)
(176, 0, 46, 222)
(176, 0, 46, 222)
(176, 0, 46, 222)
(176, 0, 46, 222)
(176, 0, 46, 222)
(176, 0, 46, 222)
(176, 0, 46, 222)
(176, 0, 46, 222)
(176, 0, 46, 222)
(176, 0, 46, 222)
(176, 0, 46, 222)
(176, 0, 46, 222)
(176, 0, 46, 222)
(176, 0, 46, 222)
(176, 0, 46, 222)
(174, 0, 46, 220)
(174, 0, 46, 220)
(174, 0, 46, 220)
(174, 0, 46, 220)
(174, 0, 46, 220)
(174, 0, 62, 236)
(174, 0, 62, 236)
(174, 0, 62, 236)
(174, 0, 62, 236)
(174, 0, 62, 236)
(174, 0, 62, 236)
(174, 0, 62, 236)
(174, 0, 62, 236)
(173, 0, 62, 235)
(174, 0, 46, 220)
(176, 0, 46, 222)
(176, 0, 46, 222)
(176, 0, 46, 222)
(176, 0, 46, 222)
(175, 0, 46, 221)
(175, 0, 46, 221)
(175, 0, 46, 221)
(175, 0, 46, 221)
(175, 0, 46, 221)
(175, 0, 46, 221)
(175, 0, 49, 224)
(175, 0, 49, 224)
(175, 0, 49, 224)
(175, 0, 49, 224)
(176, 0, 46, 222)
(176, 0, 46, 222)
(176, 0, 46, 222)
(176, 0, 46, 222)
(176, 0, 46, 222)
(176, 0, 46, 222)
(176, 0, 46, 222)
(176, 0, 46, 222)
(176, 0, 46, 222)
(176, 0, 46, 222)
(176, 0, 46, 222)
(176, 0, 46, 222)
(176, 0, 46, 222)
(176, 0, 46, 222)
(176, 0, 46, 222)
(172, 0, 46, 218)
(172, 0, 46, 218)
(172, 0, 46, 218)
(172, 0, 46, 218)
(172, 0, 46, 218)
(172, 0, 46, 218)
(172, 0, 46, 218)
(172, 0, 46, 218)
(172, 0, 46, 218)
(172, 0, 46, 218)
(171, 0, 46, 217)
(172, 0, 58, 230)
(172, 0, 58, 230)
(172, 0, 58, 230)
(172, 0, 58, 230)
(172, 0, 46, 218)
(172, 0, 46, 218)
(172, 0, 46, 218)
(172, 0, 46, 218)
(172, 0, 46, 218)
(171, 0, 46, 217)
(172, 0, 58, 230)
(172, 0, 58, 230)
(172, 0, 58, 230)
(172, 0, 58, 230)
(172, 0, 58, 230)
(172, 0, 58, 230)
(172, 0, 58, 230)
(172, 0, 58, 230)
(172, 0, 58, 230)
(176, 0, 46, 222)
(176, 0, 46, 222)
(176, 0, 46, 222)
(176, 0, 46, 222)
(176, 0, 46, 222)
(176, 0, 46, 222)
(176, 0, 46, 222)
(176, 0, 46, 222)
(176, 0, 46, 222)
(176, 0, 46, 222)
(176, 0, 46, 222)
(176, 0, 46, 222)
(176, 0, 46, 222)
(176, 0, 46, 222)
(176, 0, 46, 222)
(176, 0, 46, 222)
(176, 0, 46, 222)
(176, 0, 46, 222)
(176, 0, 46, 222)
(176, 0, 46, 222)
(176, 0, 46, 222)
(176, 0, 46, 222)
(176, 0, 46, 222)
(176, 0, 46, 222)
(176, 0, 46, 222)
(176, 0, 46, 222)
(176, 0, 46, 222)
(176, 0, 46, 222)
(176, 0, 46, 222)
(176, 0, 46, 222)
(172, 0, 46, 218)
(172, 0, 46, 218)
(172, 0, 46, 218)
(172, 0, 46, 218)
(172, 0, 46, 218)
(172, 0, 46, 218)
(172, 0, 46, 218)
(172, 0, 46, 218)
(172, 0, 46, 218)
(172, 0, 46, 218)
(172, 0, 46, 218)
(172, 0, 70, 242)
(172, 0, 70, 242)
(172, 0, 70, 242)
(172, 0, 70, 242)
(176, 0, 46, 222)
(176, 0, 46, 222)
(176, 0, 46, 222)
(176, 0, 46, 222)
(176, 0, 46, 222)
(176, 0, 46, 222)
(176, 0, 46, 222)
(176, 0, 46, 222)
(176, 0, 46, 222)
(176, 0, 46, 222)
(176, 0, 46, 222)
(176, 0, 46, 222)
(176, 0, 46, 222)
(176, 0, 46, 222)
(176, 0, 46, 222)
(176, 0, 46, 222)
(176, 0, 46, 222)
(176, 0, 46, 222)
(176, 0, 46, 222)
(176, 0, 46, 222)
(176, 0, 46, 222)
(176, 0, 46, 222)
(176, 0, 46, 222)
(176, 0, 46, 222)
(176, 0, 46, 222)
(176, 0, 46, 222)
(176, 0, 46, 222)
(176, 0, 46, 222)
(176, 0, 46, 222)
(176, 0, 46, 222)
(176, 0, 46, 222)
(176, 0, 46, 222)
(176, 0, 46, 222)
(176, 0, 46, 222)
(176, 0, 46, 222)
(176, 0, 46, 222)
(176, 0, 46, 222)
(176, 0, 46, 222)
(176, 0, 46, 222)
(176, 0, 46, 222)
(176, 0, 46, 222)
(176, 0, 46, 222)
(176, 0, 46, 222)
(176, 0, 46, 222)
(176, 0, 46, 222)
(176, 0, 46, 222)
(176, 0, 46, 222)
(176, 0, 46, 222)
(176, 0, 46, 222)
(176, 0, 46, 222)
(176, 0, 46, 222)
(176, 0, 46, 222)
(176, 0, 46, 222)
(176, 0, 46, 222)
(176, 0, 46, 222)
(176, 0, 46, 222)
(176, 0, 46, 222)
(176, 0, 46, 222)
(176, 0, 46, 222)
(176, 0, 46, 222)
(176, 0, 46, 222)
(176, 0, 46, 222)
(176, 0, 46, 222)
(176, 0, 46, 222)
(176, 0, 46, 222)
(176, 0, 46, 222)
(176, 0, 46, 222)
(176, 0, 46, 222)
(172, 0, 46, 218)
(172, 0, 46, 218)
(172, 0, 46, 218)
(172, 0, 46, 218)
(172, 0, 46, 218)
(172, 0, 46, 218)
(172, 0, 46, 218)
(172, 0, 46, 218)
(172, 0, 58, 230)
(172, 0, 58, 230)
(172, 0, 58, 230)
(172, 0, 58, 230)
(172, 0, 58, 230)
(172, 0, 58, 230)
(171, 0, 58, 229)
(171, 0, 58, 229)
(171, 0, 58, 229)
(171, 0, 58, 229)
(171, 0, 61, 232)
(171, 0, 61, 232)
(171, 0, 61, 232)
(171, 0, 61, 232)
(176, 0, 46, 222)
(176, 0, 46, 222)
(176, 0, 46, 222)
(176, 0, 46, 222)
(176, 0, 46, 222)
(176, 0, 46, 222)
(176, 0, 46, 222)
(176, 0, 46, 222)
(176, 0, 46, 222)
(176, 0, 46, 222)
(176, 0, 46, 222)
(176, 0, 46, 222)
(176, 0, 46, 222)
(176, 0, 46, 222)
(176, 0, 46, 222)
(176, 0, 46, 222)
(176, 0, 46, 222)
(176, 0, 46, 222)
(176, 0, 46, 222)
(176, 0, 46, 222)
(176, 0, 46, 222)
(176, 0, 46, 222)
(176, 0, 46, 222)
(175, 0, 46, 221)
(175, 0, 46, 221)
(175, 0, 46, 221)
(175, 0, 60, 235)
(175, 0, 60, 235)
(175, 0, 60, 235)
(175, 0, 60, 235)
(176, 0, 46, 222)
(176, 0, 46, 222)
(176, 0, 46, 222)
(176, 0, 46, 222)
(176, 0, 46, 222)
(176, 0, 46, 222)
(176, 0, 46, 222)
(176, 0, 46, 222)
(176, 0, 46, 222)
(176, 0, 46, 222)
(176, 0, 46, 222)
(176, 0, 46, 222)
(176, 0, 46, 222)
(176, 0, 46, 222)
(176, 0, 46, 222)
(176, 0, 46, 222)
(176, 0, 46, 222)
(176, 0, 46, 222)
(176, 0, 46, 222)
(176, 0, 46, 222)
(176, 0, 46, 222)
(176, 0, 46, 222)
(176, 0, 46, 222)
(176, 0, 46, 222)
(176, 0, 46, 222)
(176, 0, 46, 222)
(176, 0, 46, 222)
(176, 0, 46, 222)
(172, 0, 46, 218)
(172, 0, 46, 218)
(172, 0, 46, 218)
(172, 0, 46, 218)
(172, 0, 46, 218)
(172, 0, 46, 218)
(172, 0, 46, 218)
(172, 0, 46, 218)
(172, 0, 58, 230)
(172, 0, 58, 230)
(172, 0, 58, 230)
(172, 0, 58, 230)
(172, 0, 58, 230)
(172, 0, 58, 230)
(172, 0, 58, 230)
(172, 0, 58, 230)
(172, 0, 58, 230)
(176, 0, 46, 222)
(176, 0, 46, 222)
(176, 0, 46, 222)
(176, 0, 46, 222)
(176, 0, 46, 222)
(176, 0, 46, 222)
(176, 0, 46, 222)
(176, 0, 46, 222)
(172, 0, 46, 218)
(172, 0, 46, 218)
(172, 0, 46, 218)
(172, 0, 70, 242)
(172, 0, 70, 242)
(172, 0, 70, 242)
(172, 0, 70, 242)
(176, 0, 46, 222)
(176, 0, 46, 222)
(176, 0, 46, 222)
(176, 0, 46, 222)
(175, 0, 46, 221)
(175, 0, 46, 221)
(175, 0, 60, 235)
(175, 0, 60, 235)
(175, 0, 60, 235)
(175, 0, 60, 235)
(175, 0, 60, 235)
(175, 0, 60, 235)
(175, 0, 60, 235)
(175, 0, 60, 235)
(175, 0, 60, 235)
(176, 0, 46, 222)
(176, 0, 46, 222)
(176, 0, 46, 222)
(176, 0, 46, 222)
(176, 0, 46, 222)
(176, 0, 46, 222)
(176, 0, 46, 222)
(176, 0, 46, 222)
(176, 0, 46, 222)
(175, 0, 46, 221)
(175, 0, 46, 221)
(175, 0, 99, 274)
(175, 0, 99, 274)
(175, 0, 99, 274)
(175, 0, 99, 274)
(176, 0, 46, 222)
(176, 0, 46, 222)
(176, 0, 46, 222)
(176, 0, 46, 222)
(176, 0, 46, 222)
(176, 0, 46, 222)
(176, 0, 46, 222)
(176, 0, 46, 222)
(176, 0, 46, 222)
(176, 0, 46, 222)
(176, 0, 46, 222)
(176, 0, 46, 222)
(176, 0, 46, 222)
(176, 0, 46, 222)
(176, 0, 46, 222)
(176, 0, 46, 222)
(176, 0, 46, 222)
(176, 0, 46, 222)
(176, 0, 46, 222)
(176, 0, 46, 222)
(176, 0, 46, 222)
(176, 0, 46, 222)
(176, 0, 46, 222)
(176, 0, 46, 222)
(176, 0, 46, 222)
(176, 0, 46, 222)
(176, 0, 46, 222)
(176, 0, 46, 222)
(176, 0, 46, 222)
(176, 0, 46, 222)
(172, 0, 46, 218)
(172, 0, 46, 218)
(172, 0, 46, 218)
(172, 0, 46, 218)
(172, 0, 46, 218)
(172, 0, 46, 218)
(172, 0, 70, 242)
(172, 0, 70, 242)
(172, 0, 70, 242)
(172, 0, 70, 242)
(172, 0, 70, 242)
(172, 0, 70, 242)
(172, 0, 70, 242)
(172, 0, 70, 242)
(172, 0, 70, 242)
(172, 0, 46, 218)
(172, 0, 46, 218)
(172, 0, 46, 218)
(172, 0, 46, 218)
(172, 0, 46, 218)
(172, 0, 46, 218)
(172, 0, 46, 218)
(172, 0, 46, 218)
(172, 0, 46, 218)
(172, 0, 46, 218)
(172, 0, 46, 218)
(172, 0, 70, 242)
(172, 0, 70, 242)
(172, 0, 70, 242)
(172, 0, 70, 242)
(176, 0, 46, 222)
(176, 0, 46, 222)
(176, 0, 46, 222)
(176, 0, 46, 222)
(176, 0, 46, 222)
(176, 0, 46, 222)
(176, 0, 46, 222)
(176, 0, 46, 222)
(176, 0, 46, 222)
(172, 0, 46, 218)
(172, 0, 46, 218)
(172, 0, 46, 218)
(168, 0, 46, 214)
(168, 0, 46, 214)
(168, 0, 46, 214)
(168, 0, 46, 214)
(168, 0, 98, 266)
(167, 0, 98, 265)
(167, 0, 98, 265)
(167, 0, 98, 265)
(167, 0, 98, 265)
(167, 0, 98, 265)
(167, 0, 98, 265)
(167, 0, 98, 265)
(167, 0, 98, 265)
(167, 0, 98, 265)
(164, 0, 151, 315)
(164, 0, 151, 315)
(164, 0, 151, 315)
(164, 0, 151, 315)
(173, 0, 46, 219)
(173, 0, 46, 219)
(173, 0, 46, 219)
(173, 0, 46, 219)
(173, 0, 46, 219)
(173, 0, 46, 219)
(173, 0, 68, 241)
(173, 0, 68, 241)
(173, 0, 68, 241)
(173, 0, 68, 241)
(173, 0, 68, 241)
(172, 0, 68, 240)
(172, 0, 68, 240)
(172, 0, 68, 240)
(172, 0, 68, 240)
(175, 0, 46, 221)
(176, 0, 46, 222)
(176, 0, 46, 222)
(176, 0, 46, 222)
(176, 0, 46, 222)
(176, 0, 46, 222)
(176, 0, 46, 222)
(176, 0, 46, 222)
(176, 0, 46, 222)
(176, 0, 46, 222)
(176, 0, 46, 222)
(176, 0, 46, 222)
(172, 0, 46, 218)
(172, 0, 46, 218)
(172, 0, 46, 218)
(172, 0, 46, 218)
(172, 0, 46, 218)
(172, 0, 46, 218)
(172, 0, 46, 218)
(172, 0, 46, 218)
(172, 0, 46, 218)
(172, 0, 58, 230)
(172, 0, 58, 230)
(172, 0, 58, 230)
(172, 0, 58, 230)
(172, 0, 58, 230)
(172, 0, 58, 230)
(172, 0, 58, 230)
(172, 0, 58, 230)
(172, 0, 58, 230)
(172, 0, 46, 218)
(176, 0, 46, 222)
(176, 0, 46, 222)
(176, 0, 46, 222)
(172, 0, 46, 218)
(172, 0, 46, 218)
(172, 0, 46, 218)
(172, 0, 46, 218)
(172, 0, 46, 218)
(172, 0, 46, 218)
(171, 0, 46, 217)
(172, 0, 70, 242)
(170, 0, 70, 240)
(168, 0, 70, 238)
(168, 0, 70, 238)
(176, 0, 46, 222)
(176, 0, 46, 222)
(176, 0, 46, 222)
(175, 0, 46, 221)
(175, 0, 46, 221)
(175, 0, 46, 221)
(175, 0, 49, 224)
(173, 0, 49, 222)
(173, 0, 49, 222)
(173, 0, 49, 222)
(173, 0, 49, 222)
(173, 0, 49, 222)
(173, 0, 49, 222)
(173, 0, 49, 222)
(173, 0, 49, 222)
(173, 0, 49, 222)
(173, 0, 63, 236)
(173, 0, 63, 236)
(173, 0, 63, 236)
(173, 0, 63, 236)
(173, 0, 63, 236)
(173, 0, 63, 236)
(173, 0, 63, 236)
(173, 0, 63, 236)
(173, 0, 63, 236)
(173, 0, 63, 236)
(173, 0, 63, 236)
(173, 0, 63, 236)
(173, 0, 63, 236)
(173, 0, 63, 236)
(176, 0, 46, 222)
(172, 0, 46, 218)
(172, 0, 46, 218)
(172, 0, 46, 218)
(172, 0, 46, 218)
(172, 0, 46, 218)
(172, 0, 58, 230)
(172, 0, 58, 230)
(172, 0, 58, 230)
(172, 0, 58, 230)
(172, 0, 58, 230)
(172, 0, 58, 230)
(171, 0, 58, 229)
(171, 0, 58, 229)
(171, 0, 58, 229)
(176, 0, 46, 222)
(176, 0, 46, 222)
(176, 0, 46, 222)
(176, 0, 46, 222)
(176, 0, 46, 222)
(176, 0, 46, 222)
(176, 0, 46, 222)
(176, 0, 46, 222)
(176, 0, 46, 222)
(174, 0, 46, 220)
(174, 0, 46, 220)
(174, 0, 62, 236)
(174, 0, 62, 236)
(174, 0, 62, 236)
(174, 0, 62, 236)
(176, 0, 46, 222)
(176, 0, 46, 222)
(176, 0, 46, 222)
(176, 0, 46, 222)
(176, 0, 46, 222)
(176, 0, 46, 222)
(176, 0, 46, 222)
(176, 0, 46, 222)
(176, 0, 46, 222)
(176, 0, 46, 222)
(176, 0, 46, 222)
(176, 0, 46, 222)
(176, 0, 46, 222)
(176, 0, 46, 222)
(176, 0, 46, 222)
(176, 0, 46, 222)
(176, 0, 46, 222)
(176, 0, 46, 222)
(176, 0, 46, 222)
(176, 0, 46, 222)
(176, 0, 46, 222)
(176, 0, 46, 222)
(176, 0, 46, 222)
(176, 0, 46, 222)
(176, 0, 46, 222)
(176, 0, 46, 222)
(176, 0, 46, 222)
(176, 0, 46, 222)
(176, 0, 46, 222)
(176, 0, 46, 222)
(176, 0, 46, 222)
(176, 0, 46, 222)
(176, 0, 46, 222)
(176, 0, 46, 222)
(176, 0, 46, 222)
(176, 0, 46, 222)
(176, 0, 46, 222)
(176, 0, 46, 222)
(176, 0, 46, 222)
(176, 0, 46, 222)
(176, 0, 46, 222)
(176, 0, 46, 222)
(176, 0, 46, 222)
(176, 0, 46, 222)
(176, 0, 46, 222)
(176, 0, 46, 222)
(176, 0, 46, 222)
(176, 0, 46, 222)
(176, 0, 46, 222)
(176, 0, 46, 222)
(176, 0, 46, 222)
(176, 0, 46, 222)
(176, 0, 46, 222)
(176, 0, 46, 222)
(172, 0, 46, 218)
(172, 0, 46, 218)
(172, 0, 58, 230)
(172, 0, 58, 230)
(172, 0, 58, 230)
(172, 0, 58, 230)
(172, 0, 46, 218)
(172, 0, 46, 218)
(172, 0, 46, 218)
(172, 0, 46, 218)
(172, 0, 46, 218)
(172, 0, 46, 218)
(172, 0, 58, 230)
(172, 0, 58, 230)
(172, 0, 58, 230)
(172, 0, 58, 230)
(172, 0, 58, 230)
(172, 0, 58, 230)
(172, 0, 58, 230)
(172, 0, 58, 230)
(172, 0, 58, 230)
(176, 0, 46, 222)
(176, 0, 46, 222)
(176, 0, 46, 222)
(176, 0, 46, 222)
(176, 0, 46, 222)
(176, 0, 46, 222)
(176, 0, 46, 222)
(176, 0, 46, 222)
(176, 0, 46, 222)
(176, 0, 46, 222)
(176, 0, 46, 222)
(176, 0, 46, 222)
(176, 0, 46, 222)
(176, 0, 46, 222)
(176, 0, 46, 222)
(176, 0, 46, 222)
(176, 0, 46, 222)
(176, 0, 46, 222)
(176, 0, 46, 222)
(176, 0, 46, 222)
(176, 0, 46, 222)
(176, 0, 46, 222)
(176, 0, 46, 222)
(176, 0, 46, 222)
(176, 0, 46, 222)
(176, 0, 46, 222)
(173, 0, 46, 219)
(172, 0, 46, 218)
(169, 0, 46, 215)
(169, 0, 46, 215)
(167, 0, 46, 213)
(169, 0, 80, 249)
(169, 0, 80, 249)
(169, 0, 80, 249)
(169, 0, 80, 249)
(169, 0, 80, 249)
(169, 0, 80, 249)
(169, 0, 80, 249)
(169, 0, 80, 249)
(169, 0, 80, 249)
(169, 0, 80, 249)
(169, 0, 80, 249)
(169, 0, 80, 249)
(169, 0, 80, 249)
(169, 0, 80, 249)
(172, 0, 46, 218)
(172, 0, 46, 218)
(172, 0, 46, 218)
(172, 0, 46, 218)
(172, 0, 46, 218)
(172, 0, 46, 218)
(172, 0, 58, 230)
(172, 0, 58, 230)
(169, 0, 58, 227)
(169, 0, 58, 227)
(169, 0, 58, 227)
(169, 0, 58, 227)
(169, 0, 58, 227)
(169, 0, 58, 227)
(169, 0, 58, 227)
(172, 0, 46, 218)
(172, 0, 46, 218)
(172, 0, 46, 218)
(172, 0, 46, 218)
(172, 0, 46, 218)
(172, 0, 46, 218)
(172, 0, 46, 218)
(172, 0, 46, 218)
(172, 0, 46, 218)
(172, 0, 46, 218)
(172, 0, 46, 218)
(172, 0, 58, 230)
(172, 0, 58, 230)
(172, 0, 58, 230)
(172, 0, 58, 230)
(172, 0, 46, 218)
(172, 0, 46, 218)
(172, 0, 46, 218)
(172, 0, 46, 218)
(172, 0, 46, 218)
(172, 0, 46, 218)
(172, 0, 58, 230)
(172, 0, 58, 230)
(172, 0, 58, 230)
(172, 0, 58, 230)
(171, 0, 58, 229)
(171, 0, 58, 229)
(171, 0, 58, 229)
(171, 0, 58, 229)
(171, 0, 58, 229)
(176, 0, 46, 222)
(176, 0, 46, 222)
(176, 0, 46, 222)
(176, 0, 46, 222)
(175, 0, 46, 221)
(175, 0, 46, 221)
(175, 0, 46, 221)
(175, 0, 46, 221)
(175, 0, 46, 221)
(175, 0, 46, 221)
(171, 0, 46, 217)
(171, 0, 60, 231)
(171, 0, 60, 231)
(171, 0, 60, 231)
(171, 0, 60, 231)
(172, 0, 46, 218)
(172, 0, 46, 218)
(172, 0, 46, 218)
(172, 0, 46, 218)
(172, 0, 46, 218)
(172, 0, 46, 218)
(172, 0, 58, 230)
(172, 0, 58, 230)
(172, 0, 58, 230)
(172, 0, 58, 230)
(172, 0, 58, 230)
(172, 0, 58, 230)
(172, 0, 58, 230)
(172, 0, 58, 230)
(172, 0, 58, 230)
(172, 0, 46, 218)
(176, 0, 46, 222)
(176, 0, 46, 222)
(176, 0, 46, 222)
(176, 0, 46, 222)
(176, 0, 46, 222)
(173, 0, 46, 219)
(173, 0, 46, 219)
(173, 0, 46, 219)
(173, 0, 46, 219)
(173, 0, 46, 219)
(173, 0, 68, 241)
(173, 0, 68, 241)
(173, 0, 68, 241)
(173, 0, 68, 241)
(176, 0, 46, 222)
(176, 0, 46, 222)
(176, 0, 46, 222)
(176, 0, 46, 222)
(176, 0, 46, 222)
(176, 0, 46, 222)
(175, 0, 46, 221)
(175, 0, 46, 221)
(175, 0, 46, 221)
(175, 0, 46, 221)
(175, 0, 46, 221)
(175, 0, 46, 221)
(175, 0, 46, 221)
(175, 0, 46, 221)
(175, 0, 46, 221)
(175, 0, 46, 221)
(175, 0, 60, 235)
(175, 0, 60, 235)
(175, 0, 60, 235)
(175, 0, 60, 235)
(174, 0, 60, 234)
(174, 0, 60, 234)
(174, 0, 60, 234)
(174, 0, 60, 234)
(174, 0, 60, 234)
(174, 0, 60, 234)
(174, 0, 113, 287)
(174, 0, 113, 287)
(174, 0, 113, 287)
(174, 0, 113, 287)
(176, 0, 46, 222)
(176, 0, 46, 222)
(176, 0, 46, 222)
(176, 0, 46, 222)
(175, 0, 46, 221)
(175, 0, 46, 221)
(175, 0, 49, 224)
(175, 0, 49, 224)
(175, 0, 49, 224)
(175, 0, 49, 224)
(175, 0, 49, 224)
(175, 0, 49, 224)
(175, 0, 49, 224)
(175, 0, 49, 224)
(174, 0, 49, 223)
(175, 0, 46, 221)
(175, 0, 46, 221)
(175, 0, 46, 221)
(175, 0, 46, 221)
(175, 0, 46, 221)
(175, 0, 46, 221)
(175, 0, 46, 221)
(175, 0, 46, 221)
(175, 0, 46, 221)
(175, 0, 46, 221)
(175, 0, 46, 221)
(175, 0, 49, 224)
(175, 0, 49, 224)
(175, 0, 49, 224)
(174, 0, 49, 223)
(176, 0, 46, 222)
(176, 0, 46, 222)
(176, 0, 46, 222)
(176, 0, 46, 222)
(176, 0, 46, 222)
(176, 0, 46, 222)
(176, 0, 46, 222)
(176, 0, 46, 222)
(176, 0, 46, 222)
(176, 0, 46, 222)
(176, 0, 46, 222)
(176, 0, 46, 222)
(176, 0, 46, 222)
(176, 0, 46, 222)
(176, 0, 46, 222)
(176, 0, 46, 222)
(176, 0, 46, 222)
(176, 0, 46, 222)
(172, 0, 46, 218)
(172, 0, 46, 218)
(172, 0, 46, 218)
(172, 0, 46, 218)
(172, 0, 46, 218)
(172, 0, 46, 218)
(172, 0, 46, 218)
(172, 0, 46, 218)
(172, 0, 58, 230)
(171, 0, 58, 229)
(171, 0, 58, 229)
(171, 0, 58, 229)
(176, 0, 46, 222)
(176, 0, 46, 222)
(176, 0, 46, 222)
(176, 0, 46, 222)
(176, 0, 46, 222)
(176, 0, 46, 222)
(176, 0, 46, 222)
(176, 0, 46, 222)
(175, 0, 46, 221)
(175, 0, 46, 221)
(175, 0, 46, 221)
(175, 0, 46, 221)
(175, 0, 46, 221)
(175, 0, 46, 221)
(175, 0, 46, 221)
(175, 0, 46, 221)
(175, 0, 99, 274)
(175, 0, 99, 274)
(175, 0, 99, 274)
(175, 0, 99, 274)
(175, 0, 99, 274)
(175, 0, 99, 274)
(175, 0, 99, 274)
(175, 0, 99, 274)
(175, 0, 99, 274)
(175, 0, 99, 274)
(175, 0, 99, 274)
(175, 0, 99, 274)
(175, 0, 99, 274)
(175, 0, 99, 274)
(176, 0, 46, 222)
(175, 0, 46, 221)
(175, 0, 46, 221)
(172, 0, 46, 218)
(171, 0, 46, 217)
(171, 0, 46, 217)
(171, 0, 84, 255)
(171, 0, 84, 255)
(171, 0, 84, 255)
(171, 0, 84, 255)
(171, 0, 84, 255)
(171, 0, 84, 255)
(171, 0, 84, 255)
(171, 0, 84, 255)
(169, 0, 84, 253)
(176, 0, 46, 222)
(176, 0, 46, 222)
(176, 0, 46, 222)
(176, 0, 46, 222)
(176, 0, 46, 222)
(176, 0, 46, 222)
(176, 0, 46, 222)
(176, 0, 46, 222)
(176, 0, 46, 222)
(176, 0, 46, 222)
(176, 0, 46, 222)
(176, 0, 46, 222)
(176, 0, 46, 222)
(176, 0, 46, 222)
(176, 0, 46, 222)
(176, 0, 46, 222)
(172, 0, 46, 218)
(172, 0, 46, 218)
(172, 0, 46, 218)
(172, 0, 46, 218)
(172, 0, 46, 218)
(172, 0, 70, 242)
(172, 0, 70, 242)
(172, 0, 70, 242)
(172, 0, 70, 242)
(172, 0, 70, 242)
(172, 0, 70, 242)
(172, 0, 70, 242)
(172, 0, 70, 242)
(172, 0, 70, 242)
(172, 0, 46, 218)
(172, 0, 46, 218)
(172, 0, 46, 218)
(172, 0, 46, 218)
(172, 0, 46, 218)
(172, 0, 46, 218)
(172, 0, 46, 218)
(171, 0, 46, 217)
(171, 0, 46, 217)
(171, 0, 46, 217)
(171, 0, 46, 217)
(171, 0, 84, 255)
(171, 0, 84, 255)
(171, 0, 84, 255)
(171, 0, 84, 255)
(172, 0, 46, 218)
(172, 0, 46, 218)
(170, 0, 46, 216)
(170, 0, 46, 216)
(170, 0, 46, 216)
(170, 0, 46, 216)
(170, 0, 94, 264)
(170, 0, 94, 264)
(170, 0, 94, 264)
(170, 0, 94, 264)
(170, 0, 94, 264)
(170, 0, 94, 264)
(170, 0, 94, 264)
(170, 0, 94, 264)
(170, 0, 94, 264)
(176, 0, 46, 222)
(176, 0, 46, 222)
(176, 0, 46, 222)
(176, 0, 46, 222)
(176, 0, 46, 222)
(176, 0, 46, 222)
(176, 0, 46, 222)
(176, 0, 46, 222)
(176, 0, 46, 222)
(176, 0, 46, 222)
(176, 0, 46, 222)
(176, 0, 46, 222)
(176, 0, 46, 222)
(176, 0, 46, 222)
(176, 0, 46, 222)
(176, 0, 46, 222)
(176, 0, 46, 222)
(176, 0, 46, 222)
(176, 0, 46, 222)
(176, 0, 46, 222)
(176, 0, 46, 222)
(176, 0, 46, 222)
(176, 0, 46, 222)
(176, 0, 46, 222)
(172, 0, 46, 218)
(172, 0, 46, 218)
(172, 0, 46, 218)
(172, 0, 46, 218)
(172, 0, 46, 218)
(172, 0, 46, 218)
(172, 0, 46, 218)
(170, 0, 58, 228)
(170, 0, 58, 228)
(170, 0, 58, 228)
(170, 0, 58, 228)
(170, 0, 58, 228)
(169, 0, 58, 227)
(169, 0, 58, 227)
(169, 0, 58, 227)
(169, 0, 58, 227)
(169, 0, 58, 227)
(169, 0, 88, 257)
(169, 0, 88, 257)
(169, 0, 88, 257)
(169, 0, 88, 257)
(175, 0, 46, 221)
(175, 0, 46, 221)
(175, 0, 46, 221)
(175, 0, 46, 221)
(175, 0, 46, 221)
(175, 0, 46, 221)
(175, 0, 60, 235)
(175, 0, 60, 235)
(175, 0, 60, 235)
(175, 0, 60, 235)
(175, 0, 60, 235)
(175, 0, 60, 235)
(175, 0, 60, 235)
(175, 0, 60, 235)
(175, 0, 60, 235)
(175, 0, 46, 221)
(175, 0, 46, 221)
(175, 0, 46, 221)
(174, 0, 46, 220)
(174, 0, 46, 220)
(174, 0, 46, 220)
(172, 0, 46, 218)
(172, 0, 46, 218)
(172, 0, 46, 218)
(172, 0, 46, 218)
(172, 0, 46, 218)
(172, 0, 77, 249)
(172, 0, 77, 249)
(172, 0, 77, 249)
(172, 0, 77, 249)
(175, 0, 46, 221)
(175, 0, 46, 221)
(175, 0, 46, 221)
(175, 0, 46, 221)
(175, 0, 46, 221)
(175, 0, 46, 221)
(175, 0, 60, 235)
(175, 0, 60, 235)
(175, 0, 60, 235)
(175, 0, 60, 235)
(175, 0, 60, 235)
(175, 0, 60, 235)
(175, 0, 60, 235)
(175, 0, 60, 235)
(175, 0, 60, 235)
(175, 0, 46, 221)
(176, 0, 46, 222)
(175, 0, 46, 221)
(175, 0, 46, 221)
(175, 0, 46, 221)
(175, 0, 46, 221)
(175, 0, 46, 221)
(175, 0, 46, 221)
(175, 0, 46, 221)
(175, 0, 46, 221)
(175, 0, 46, 221)
(175, 0, 99, 274)
(175, 0, 99, 274)
(175, 0, 99, 274)
(175, 0, 99, 274)
(176, 0, 46, 222)
(176, 0, 46, 222)
(176, 0, 46, 222)
(176, 0, 46, 222)
(176, 0, 46, 222)
(176, 0, 46, 222)
(176, 0, 46, 222)
(176, 0, 46, 222)
(176, 0, 46, 222)
(176, 0, 46, 222)
(176, 0, 46, 222)
(176, 0, 46, 222)
(176, 0, 46, 222)
(176, 0, 46, 222)
(176, 0, 46, 222)
(176, 0, 46, 222)
(176, 0, 46, 222)
(176, 0, 46, 222)
(176, 0, 46, 222)
(176, 0, 46, 222)
(176, 0, 46, 222)
(176, 0, 46, 222)
(176, 0, 46, 222)
(176, 0, 46, 222)
(176, 0, 46, 222)
(176, 0, 46, 222)
(176, 0, 46, 222)
(176, 0, 46, 222)
(176, 0, 46, 222)
(176, 0, 46, 222)
(176, 0, 46, 222)
(176, 0, 46, 222)
(176, 0, 46, 222)
(176, 0, 46, 222)
(175, 0, 46, 221)
(175, 0, 46, 221)
(175, 0, 99, 274)
(175, 0, 99, 274)
(175, 0, 99, 274)
(175, 0, 99, 274)
(175, 0, 99, 274)
(175, 0, 99, 274)
(175, 0, 99, 274)
(175, 0, 99, 274)
(175, 0, 99, 274)
(176, 0, 46, 222)
(176, 0, 46, 222)
(176, 0, 46, 222)
(176, 0, 46, 222)
(176, 0, 46, 222)
(176, 0, 46, 222)
(176, 0, 46, 222)
(176, 0, 46, 222)
(176, 0, 46, 222)
(176, 0, 46, 222)
(176, 0, 46, 222)
(176, 0, 46, 222)
(176, 0, 46, 222)
(176, 0, 46, 222)
(176, 0, 46, 222)
(176, 0, 46, 222)
(176, 0, 46, 222)
(176, 0, 46, 222)
(176, 0, 46, 222)
(176, 0, 46, 222)
(176, 0, 46, 222)
(176, 0, 46, 222)
(176, 0, 46, 222)
(176, 0, 46, 222)
(176, 0, 46, 222)
(176, 0, 46, 222)
(176, 0, 46, 222)
(176, 0, 46, 222)
(176, 0, 46, 222)
(176, 0, 46, 222)
(176, 0, 46, 222)
(176, 0, 46, 222)
(176, 0, 46, 222)
(176, 0, 46, 222)
(176, 0, 46, 222)
(176, 0, 46, 222)
(176, 0, 46, 222)
(176, 0, 46, 222)
(176, 0, 46, 222)
(176, 0, 46, 222)
(175, 0, 46, 221)
(176, 0, 46, 222)
(176, 0, 46, 222)
(176, 0, 46, 222)
(176, 0, 46, 222)
(176, 0, 46, 222)
(176, 0, 46, 222)
(176, 0, 46, 222)
(176, 0, 46, 222)
(176, 0, 46, 222)
(176, 0, 46, 222)
(176, 0, 46, 222)
(176, 0, 46, 222)
(176, 0, 46, 222)
(176, 0, 46, 222)
(176, 0, 46, 222)
(176, 0, 46, 222)
(175, 0, 46, 221)
(175, 0, 46, 221)
(175, 0, 46, 221)
(175, 0, 46, 221)
(175, 0, 99, 274)
(175, 0, 99, 274)
(175, 0, 99, 274)
(175, 0, 99, 274)
(175, 0, 99, 274)
(175, 0, 99, 274)
(175, 0, 99, 274)
(175, 0, 99, 274)
(175, 0, 99, 274)
(175, 0, 99, 274)
(175, 0, 99, 274)
(175, 0, 99, 274)
(175, 0, 99, 274)
(175, 0, 99, 274)
(176, 0, 46, 222)
(176, 0, 46, 222)
(176, 0, 46, 222)
(176, 0, 46, 222)
(176, 0, 46, 222)
(176, 0, 46, 222)
(176, 0, 46, 222)
(176, 0, 46, 222)
(176, 0, 46, 222)
(176, 0, 46, 222)
(176, 0, 46, 222)
(176, 0, 46, 222)
(176, 0, 46, 222)
(176, 0, 46, 222)
(176, 0, 46, 222)
(175, 0, 46, 221)
(176, 0, 46, 222)
(176, 0, 46, 222)
(176, 0, 46, 222)
(176, 0, 46, 222)
(176, 0, 46, 222)
(176, 0, 46, 222)
(176, 0, 46, 222)
(176, 0, 46, 222)
(176, 0, 46, 222)
(176, 0, 46, 222)
(176, 0, 46, 222)
(176, 0, 46, 222)
(176, 0, 46, 222)
(176, 0, 46, 222)
(176, 0, 46, 222)
(176, 0, 46, 222)
(176, 0, 46, 222)
(176, 0, 46, 222)
(176, 0, 46, 222)
(176, 0, 46, 222)
(176, 0, 46, 222)
(176, 0, 46, 222)
(176, 0, 46, 222)
(176, 0, 46, 222)
(176, 0, 46, 222)
(176, 0, 46, 222)
(176, 0, 46, 222)
(176, 0, 46, 222)
(176, 0, 46, 222)
(176, 0, 46, 222)
(176, 0, 46, 222)
(176, 0, 46, 222)
(176, 0, 46, 222)
(176, 0, 46, 222)
(176, 0, 46, 222)
(176, 0, 46, 222)
(176, 0, 46, 222)
(176, 0, 46, 222)
(176, 0, 46, 222)
(176, 0, 46, 222)
(176, 0, 46, 222)
(176, 0, 46, 222)
(176, 0, 46, 222)
(176, 0, 46, 222)
(176, 0, 46, 222)
(176, 0, 46, 222)
(176, 0, 46, 222)
(176, 0, 46, 222)
(176, 0, 46, 222)
(176, 0, 46, 222)
(176, 0, 46, 222)
(176, 0, 46, 222)
(176, 0, 46, 222)
(176, 0, 46, 222)
(176, 0, 46, 222)
(176, 0, 46, 222)
(176, 0, 46, 222)
(176, 0, 46, 222)
(176, 0, 46, 222)
(176, 0, 46, 222)
(176, 0, 46, 222)
(176, 0, 46, 222)
(176, 0, 46, 222)
(176, 0, 46, 222)
(176, 0, 46, 222)
(176, 0, 46, 222)
(176, 0, 46, 222)
(176, 0, 46, 222)
(176, 0, 46, 222)
(176, 0, 46, 222)
(176, 0, 46, 222)
(176, 0, 46, 222)
(176, 0, 46, 222)
(176, 0, 46, 222)
(176, 0, 46, 222)
(176, 0, 46, 222)
(176, 0, 46, 222)
(176, 0, 46, 222)
(176, 0, 46, 222)
(176, 0, 46, 222)
(176, 0, 46, 222)
(176, 0, 46, 222)
(175, 0, 46, 221)
(173, 0, 46, 219)
(173, 0, 46, 219)
(173, 0, 46, 219)
(173, 0, 46, 219)
(173, 0, 46, 219)
(173, 0, 46, 219)
(169, 0, 46, 215)
(173, 0, 63, 236)
(173, 0, 63, 236)
(173, 0, 63, 236)
(173, 0, 63, 236)
(173, 0, 63, 236)
(173, 0, 63, 236)
(173, 0, 63, 236)
(173, 0, 63, 236)
(173, 0, 63, 236)
(173, 0, 63, 236)
(173, 0, 63, 236)
(173, 0, 63, 236)
(173, 0, 63, 236)
(173, 0, 63, 236)
(175, 0, 46, 221)
(175, 0, 46, 221)
(175, 0, 46, 221)
(175, 0, 46, 221)
(175, 0, 46, 221)
(175, 0, 46, 221)
(175, 0, 49, 224)
(175, 0, 49, 224)
(175, 0, 49, 224)
(175, 0, 49, 224)
(175, 0, 49, 224)
(175, 0, 49, 224)
(175, 0, 49, 224)
(175, 0, 49, 224)
(175, 0, 49, 224)
(176, 0, 46, 222)
(176, 0, 46, 222)
(174, 0, 46, 220)
(174, 0, 46, 220)
(174, 0, 46, 220)
(174, 0, 46, 220)
(174, 0, 46, 220)
(174, 0, 46, 220)
(174, 0, 46, 220)
(174, 0, 46, 220)
(174, 0, 46, 220)
(174, 0, 62, 236)
(174, 0, 62, 236)
(174, 0, 62, 236)
(174, 0, 62, 236)
(174, 0, 46, 220)
(174, 0, 46, 220)
(174, 0, 46, 220)
(174, 0, 46, 220)
(174, 0, 46, 220)
(174, 0, 46, 220)
(174, 0, 62, 236)
(174, 0, 62, 236)
(174, 0, 62, 236)
(174, 0, 62, 236)
(174, 0, 62, 236)
(174, 0, 62, 236)
(174, 0, 62, 236)
(174, 0, 62, 236)
(174, 0, 62, 236)
(176, 0, 46, 222)
(176, 0, 46, 222)
(176, 0, 46, 222)
(176, 0, 46, 222)
(176, 0, 46, 222)
(176, 0, 46, 222)
(176, 0, 46, 222)
(176, 0, 46, 222)
(176, 0, 46, 222)
(176, 0, 46, 222)
(176, 0, 46, 222)
(175, 0, 46, 221)
(175, 0, 46, 221)
(175, 0, 46, 221)
(175, 0, 46, 221)
(175, 0, 46, 221)
(175, 0, 46, 221)
(175, 0, 46, 221)
(175, 0, 46, 221)
(175, 0, 46, 221)
(175, 0, 46, 221)
(175, 0, 60, 235)
(175, 0, 60, 235)
(175, 0, 60, 235)
(175, 0, 60, 235)
(175, 0, 60, 235)
(175, 0, 60, 235)
(175, 0, 60, 235)
(171, 0, 60, 231)
(171, 0, 60, 231)
(172, 0, 46, 218)
(176, 0, 46, 222)
(176, 0, 46, 222)
(176, 0, 46, 222)
(176, 0, 46, 222)
(176, 0, 46, 222)
(176, 0, 46, 222)
(176, 0, 46, 222)
(176, 0, 46, 222)
(176, 0, 46, 222)
(176, 0, 46, 222)
(176, 0, 46, 222)
(176, 0, 46, 222)
(176, 0, 46, 222)
(176, 0, 46, 222)
(176, 0, 46, 222)
(176, 0, 46, 222)
(175, 0, 46, 221)
(175, 0, 46, 221)
(175, 0, 46, 221)
(175, 0, 46, 221)
(175, 0, 99, 274)
(175, 0, 99, 274)
(175, 0, 99, 274)
(175, 0, 99, 274)
(175, 0, 99, 274)
(175, 0, 99, 274)
(175, 0, 99, 274)
(175, 0, 99, 274)
(175, 0, 99, 274)
(176, 0, 46, 222)
(176, 0, 46, 222)
(176, 0, 46, 222)
(176, 0, 46, 222)
(176, 0, 46, 222)
(172, 0, 46, 218)
(172, 0, 46, 218)
(172, 0, 46, 218)
(172, 0, 46, 218)
(172, 0, 46, 218)
(172, 0, 46, 218)
(172, 0, 70, 242)
(172, 0, 70, 242)
(172, 0, 70, 242)
(172, 0, 70, 242)
(176, 0, 46, 222)
(176, 0, 46, 222)
(176, 0, 46, 222)
(176, 0, 46, 222)
(176, 0, 46, 222)
(176, 0, 46, 222)
(176, 0, 46, 222)
(176, 0, 46, 222)
(176, 0, 46, 222)
(176, 0, 46, 222)
(176, 0, 46, 222)
(176, 0, 46, 222)
(176, 0, 46, 222)
(176, 0, 46, 222)
(176, 0, 46, 222)
(176, 0, 46, 222)
(175, 0, 46, 221)
(175, 0, 46, 221)
(175, 0, 46, 221)
(175, 0, 46, 221)
(175, 0, 46, 221)
(175, 0, 46, 221)
(175, 0, 46, 221)
(175, 0, 46, 221)
(175, 0, 46, 221)
(175, 0, 46, 221)
(175, 0, 60, 235)
(175, 0, 60, 235)
(175, 0, 60, 235)
(175, 0, 60, 235)
(175, 0, 46, 221)
(175, 0, 46, 221)
(175, 0, 46, 221)
(175, 0, 46, 221)
(175, 0, 46, 221)
(175, 0, 46, 221)
(175, 0, 60, 235)
(175, 0, 60, 235)
(174, 0, 60, 234)
(174, 0, 60, 234)
(174, 0, 60, 234)
(174, 0, 60, 234)
(174, 0, 60, 234)
(174, 0, 60, 234)
(174, 0, 60, 234)
(176, 0, 46, 222)
(176, 0, 46, 222)
(176, 0, 46, 222)
(176, 0, 46, 222)
(176, 0, 46, 222)
(176, 0, 46, 222)
(176, 0, 46, 222)
(176, 0, 46, 222)
(176, 0, 46, 222)
(176, 0, 46, 222)
(176, 0, 46, 222)
(176, 0, 46, 222)
(176, 0, 46, 222)
(176, 0, 46, 222)
(176, 0, 46, 222)
(175, 0, 46, 221)
(175, 0, 46, 221)
(175, 0, 46, 221)
(175, 0, 46, 221)
(175, 0, 46, 221)
(175, 0, 46, 221)
(175, 0, 99, 274)
(175, 0, 99, 274)
(175, 0, 99, 274)
(171, 0, 99, 270)
(171, 0, 99, 270)
(171, 0, 99, 270)
(171, 0, 99, 270)
(170, 0, 99, 269)
(170, 0, 99, 269)
(171, 0, 46, 217)
(176, 0, 46, 222)
(176, 0, 46, 222)
(176, 0, 46, 222)
(176, 0, 46, 222)
(176, 0, 46, 222)
(176, 0, 46, 222)
(176, 0, 46, 222)
(176, 0, 46, 222)
(176, 0, 46, 222)
(176, 0, 46, 222)
(176, 0, 46, 222)
(176, 0, 46, 222)
(176, 0, 46, 222)
(176, 0, 46, 222)
(176, 0, 46, 222)
(175, 0, 46, 221)
(175, 0, 46, 221)
(172, 0, 46, 218)
(172, 0, 46, 218)
(172, 0, 46, 218)
(172, 0, 78, 250)
(172, 0, 78, 250)
(172, 0, 78, 250)
(172, 0, 78, 250)
(172, 0, 78, 250)
(172, 0, 78, 250)
(172, 0, 78, 250)
(172, 0, 78, 250)
(172, 0, 78, 250)
(173, 0, 46, 219)
(173, 0, 46, 219)
(173, 0, 46, 219)
(173, 0, 46, 219)
(173, 0, 46, 219)
(173, 0, 46, 219)
(173, 0, 46, 219)
(173, 0, 46, 219)
(173, 0, 46, 219)
(173, 0, 46, 219)
(173, 0, 46, 219)
(173, 0, 68, 241)
(173, 0, 68, 241)
(173, 0, 68, 241)
(173, 0, 68, 241)
(176, 0, 46, 222)
(175, 0, 46, 221)
(175, 0, 46, 221)
(175, 0, 46, 221)
(175, 0, 46, 221)
(175, 0, 46, 221)
(175, 0, 99, 274)
(175, 0, 99, 274)
(175, 0, 99, 274)
(175, 0, 99, 274)
(175, 0, 99, 274)
(175, 0, 99, 274)
(175, 0, 99, 274)
(174, 0, 99, 273)
(174, 0, 99, 273)
(175, 0, 46, 221)
(176, 0, 46, 222)
(176, 0, 46, 222)
(176, 0, 46, 222)
(176, 0, 46, 222)
(176, 0, 46, 222)
(176, 0, 46, 222)
(176, 0, 46, 222)
(176, 0, 46, 222)
(176, 0, 46, 222)
(176, 0, 46, 222)
(176, 0, 46, 222)
(176, 0, 46, 222)
(176, 0, 46, 222)
(176, 0, 46, 222)
(176, 0, 46, 222)
(176, 0, 46, 222)
(176, 0, 46, 222)
(176, 0, 46, 222)
(174, 0, 46, 220)
(174, 0, 46, 220)
(174, 0, 62, 236)
(173, 0, 62, 235)
(173, 0, 62, 235)
(173, 0, 62, 235)
(170, 0, 62, 232)
(170, 0, 62, 232)
(170, 0, 62, 232)
(170, 0, 62, 232)
(170, 0, 62, 232)
(173, 0, 46, 219)
(176, 0, 46, 222)
(176, 0, 46, 222)
(176, 0, 46, 222)
(176, 0, 46, 222)
(176, 0, 46, 222)
(176, 0, 46, 222)
(175, 0, 46, 221)
(175, 0, 46, 221)
(175, 0, 46, 221)
(175, 0, 46, 221)
(175, 0, 60, 235)
(175, 0, 60, 235)
(175, 0, 60, 235)
(175, 0, 60, 235)
(176, 0, 46, 222)
(176, 0, 46, 222)
(176, 0, 46, 222)
(172, 0, 46, 218)
(172, 0, 46, 218)
(172, 0, 46, 218)
(172, 0, 58, 230)
(172, 0, 58, 230)
(172, 0, 58, 230)
(172, 0, 58, 230)
(172, 0, 58, 230)
(172, 0, 58, 230)
(172, 0, 58, 230)
(172, 0, 58, 230)
(172, 0, 58, 230)
(176, 0, 46, 222)
(176, 0, 46, 222)
(176, 0, 46, 222)
(176, 0, 46, 222)
(176, 0, 46, 222)
(176, 0, 46, 222)
(176, 0, 46, 222)
(176, 0, 46, 222)
(176, 0, 46, 222)
(176, 0, 46, 222)
(176, 0, 46, 222)
(176, 0, 46, 222)
(176, 0, 46, 222)
(176, 0, 46, 222)
(176, 0, 46, 222)
(176, 0, 46, 222)
(176, 0, 46, 222)
(176, 0, 46, 222)
(176, 0, 46, 222)
(176, 0, 46, 222)
(176, 0, 46, 222)
(176, 0, 46, 222)
(176, 0, 46, 222)
(176, 0, 46, 222)
(176, 0, 46, 222)
(176, 0, 46, 222)
(175, 0, 46, 221)
(175, 0, 46, 221)
(175, 0, 46, 221)
(175, 0, 46, 221)
(175, 0, 46, 221)
(175, 0, 99, 274)
(175, 0, 99, 274)
(175, 0, 99, 274)
(175, 0, 99, 274)
(175, 0, 99, 274)
(175, 0, 99, 274)
(175, 0, 99, 274)
(175, 0, 99, 274)
(175, 0, 99, 274)
(175, 0, 99, 274)
(175, 0, 99, 274)
(175, 0, 99, 274)
(175, 0, 99, 274)
(175, 0, 99, 274)
(176, 0, 46, 222)
(176, 0, 46, 222)
(176, 0, 46, 222)
(176, 0, 46, 222)
(176, 0, 46, 222)
(176, 0, 46, 222)
(176, 0, 46, 222)
(176, 0, 46, 222)
(176, 0, 46, 222)
(176, 0, 46, 222)
(176, 0, 46, 222)
(176, 0, 46, 222)
(176, 0, 46, 222)
(176, 0, 46, 222)
(176, 0, 46, 222)
(176, 0, 46, 222)
(176, 0, 46, 222)
(176, 0, 46, 222)
(176, 0, 46, 222)
(175, 0, 46, 221)
(175, 0, 46, 221)
(175, 0, 46, 221)
(175, 0, 46, 221)
(175, 0, 46, 221)
(175, 0, 46, 221)
(175, 0, 46, 221)
(175, 0, 60, 235)
(175, 0, 60, 235)
(174, 0, 60, 234)
(174, 0, 60, 234)
(175, 0, 46, 221)
(175, 0, 46, 221)
(175, 0, 46, 221)
(175, 0, 46, 221)
(175, 0, 46, 221)
(175, 0, 46, 221)
(175, 0, 49, 224)
(175, 0, 49, 224)
(175, 0, 49, 224)
(175, 0, 49, 224)
(175, 0, 49, 224)
(175, 0, 49, 224)
(175, 0, 49, 224)
(175, 0, 49, 224)
(175, 0, 49, 224)
(176, 0, 46, 222)
(176, 0, 46, 222)
(176, 0, 46, 222)
(176, 0, 46, 222)
(176, 0, 46, 222)
(176, 0, 46, 222)
(176, 0, 46, 222)
(176, 0, 46, 222)
(176, 0, 46, 222)
(176, 0, 46, 222)
(176, 0, 46, 222)
(176, 0, 46, 222)
(176, 0, 46, 222)
(176, 0, 46, 222)
(176, 0, 46, 222)
(176, 0, 46, 222)
(176, 0, 46, 222)
(176, 0, 46, 222)
(176, 0, 46, 222)
(172, 0, 46, 218)
(172, 0, 46, 218)
(172, 0, 70, 242)
(172, 0, 70, 242)
(172, 0, 70, 242)
(172, 0, 70, 242)
(172, 0, 70, 242)
(172, 0, 70, 242)
(172, 0, 70, 242)
(172, 0, 70, 242)
(172, 0, 70, 242)
(172, 0, 46, 218)
(176, 0, 46, 222)
(176, 0, 46, 222)
(176, 0, 46, 222)
(176, 0, 46, 222)
(176, 0, 46, 222)
(176, 0, 46, 222)
(176, 0, 46, 222)
(176, 0, 46, 222)
(176, 0, 46, 222)
(176, 0, 46, 222)
(176, 0, 46, 222)
(176, 0, 46, 222)
(176, 0, 46, 222)
(176, 0, 46, 222)
(176, 0, 46, 222)
(176, 0, 46, 222)
(176, 0, 46, 222)
(176, 0, 46, 222)
(176, 0, 46, 222)
(176, 0, 46, 222)
(176, 0, 46, 222)
(176, 0, 46, 222)
(172, 0, 46, 218)
(172, 0, 46, 218)
(172, 0, 46, 218)
(172, 0, 46, 218)
(172, 0, 46, 218)
(172, 0, 46, 218)
(172, 0, 46, 218)
(172, 0, 46, 218)
(172, 0, 70, 242)
(172, 0, 70, 242)
(172, 0, 70, 242)
(172, 0, 70, 242)
(172, 0, 70, 242)
(171, 0, 70, 241)
(171, 0, 70, 241)
(171, 0, 70, 241)
(168, 0, 70, 238)
(168, 0, 70, 238)
(168, 0, 138, 306)
(168, 0, 138, 306)
(168, 0, 138, 306)
(168, 0, 138, 306)
(176, 0, 46, 222)
(176, 0, 46, 222)
(176, 0, 46, 222)
(176, 0, 46, 222)
(176, 0, 46, 222)
(176, 0, 46, 222)
(176, 0, 46, 222)
(176, 0, 46, 222)
(176, 0, 46, 222)
(176, 0, 46, 222)
(176, 0, 46, 222)
(176, 0, 46, 222)
(176, 0, 46, 222)
(176, 0, 46, 222)
(176, 0, 46, 222)
(176, 0, 46, 222)
(176, 0, 46, 222)
(176, 0, 46, 222)
(176, 0, 46, 222)
(176, 0, 46, 222)
(176, 0, 46, 222)
(176, 0, 46, 222)
(176, 0, 46, 222)
(176, 0, 46, 222)
(176, 0, 46, 222)
(176, 0, 46, 222)
(176, 0, 46, 222)
(176, 0, 46, 222)
(176, 0, 46, 222)
(176, 0, 46, 222)
(176, 0, 46, 222)
(176, 0, 46, 222)
(176, 0, 46, 222)
(176, 0, 46, 222)
(176, 0, 46, 222)
(172, 0, 46, 218)
(176, 0, 46, 222)
(176, 0, 46, 222)
(176, 0, 46, 222)
(176, 0, 46, 222)
(176, 0, 46, 222)
(176, 0, 46, 222)
(176, 0, 46, 222)
(176, 0, 46, 222)
(176, 0, 46, 222)
(176, 0, 46, 222)
(176, 0, 46, 222)
(176, 0, 46, 222)
(176, 0, 46, 222)
(176, 0, 46, 222)
(176, 0, 46, 222)
(175, 0, 46, 221)
(175, 0, 46, 221)
(175, 0, 46, 221)
(175, 0, 46, 221)
(175, 0, 46, 221)
(175, 0, 49, 224)
(175, 0, 49, 224)
(175, 0, 49, 224)
(175, 0, 49, 224)
(175, 0, 46, 221)
(175, 0, 46, 221)
(175, 0, 46, 221)
(175, 0, 46, 221)
(175, 0, 46, 221)
(175, 0, 46, 221)
(175, 0, 49, 224)
(175, 0, 49, 224)
(175, 0, 49, 224)
(175, 0, 49, 224)
(175, 0, 49, 224)
(175, 0, 49, 224)
(175, 0, 49, 224)
(175, 0, 49, 224)
(175, 0, 49, 224)
(171, 0, 49, 220)
(175, 0, 46, 221)
(175, 0, 46, 221)
(175, 0, 46, 221)
(175, 0, 46, 221)
(175, 0, 46, 221)
(175, 0, 46, 221)
(175, 0, 46, 221)
(175, 0, 46, 221)
(175, 0, 46, 221)
(171, 0, 46, 217)
(175, 0, 49, 224)
(175, 0, 49, 224)
(175, 0, 49, 224)
(175, 0, 49, 224)
(175, 0, 46, 221)
(175, 0, 46, 221)
(175, 0, 46, 221)
(175, 0, 46, 221)
(175, 0, 46, 221)
(173, 0, 46, 219)
(175, 0, 49, 224)
(175, 0, 49, 224)
(175, 0, 49, 224)
(175, 0, 49, 224)
(175, 0, 49, 224)
(175, 0, 49, 224)
(172, 0, 49, 221)
(172, 0, 49, 221)
(172, 0, 49, 221)
(172, 0, 49, 221)
(172, 0, 78, 250)
(172, 0, 78, 250)
(172, 0, 78, 250)
(172, 0, 78, 250)
(172, 0, 78, 250)
(172, 0, 78, 250)
(168, 0, 78, 246)
(168, 0, 78, 246)
(168, 0, 78, 246)
(168, 0, 78, 246)
(168, 0, 90, 258)
(168, 0, 90, 258)
(168, 0, 90, 258)
(168, 0, 90, 258)
(173, 0, 46, 219)
(173, 0, 46, 219)
(173, 0, 46, 219)
(172, 0, 46, 218)
(172, 0, 46, 218)
(172, 0, 46, 218)
(172, 0, 78, 250)
(172, 0, 78, 250)
(172, 0, 78, 250)
(172, 0, 78, 250)
(171, 0, 78, 249)
(171, 0, 78, 249)
(171, 0, 78, 249)
(171, 0, 78, 249)
(171, 0, 78, 249)
(172, 0, 46, 218)
(172, 0, 46, 218)
(171, 0, 46, 217)
(171, 0, 46, 217)
(171, 0, 46, 217)
(171, 0, 46, 217)
(171, 0, 46, 217)
(171, 0, 46, 217)
(171, 0, 46, 217)
(171, 0, 46, 217)
(171, 0, 46, 217)
(171, 0, 61, 232)
(171, 0, 61, 232)
(171, 0, 61, 232)
(171, 0, 61, 232)
(175, 0, 46, 221)
(175, 0, 46, 221)
(175, 0, 46, 221)
(175, 0, 46, 221)
(175, 0, 46, 221)
(175, 0, 46, 221)
(175, 0, 49, 224)
(175, 0, 49, 224)
(175, 0, 49, 224)
(175, 0, 49, 224)
(175, 0, 49, 224)
(175, 0, 49, 224)
(175, 0, 49, 224)
(175, 0, 49, 224)
(175, 0, 49, 224)
(175, 0, 46, 221)
(176, 0, 46, 222)
(176, 0, 46, 222)
(176, 0, 46, 222)
(175, 0, 46, 221)
(175, 0, 46, 221)
(175, 0, 46, 221)
(175, 0, 46, 221)
(175, 0, 46, 221)
(175, 0, 46, 221)
(175, 0, 46, 221)
(174, 0, 99, 273)
(174, 0, 99, 273)
(174, 0, 99, 273)
(174, 0, 99, 273)
(175, 0, 46, 221)
(172, 0, 46, 218)
(171, 0, 46, 217)
(171, 0, 46, 217)
(171, 0, 46, 217)
(171, 0, 46, 217)
(171, 0, 84, 255)
(171, 0, 84, 255)
(171, 0, 84, 255)
(171, 0, 84, 255)
(171, 0, 84, 255)
(171, 0, 84, 255)
(171, 0, 84, 255)
(171, 0, 84, 255)
(171, 0, 84, 255)
(175, 0, 46, 221)
(175, 0, 46, 221)
(175, 0, 46, 221)
(174, 0, 46, 220)
(174, 0, 46, 220)
(174, 0, 46, 220)
(174, 0, 46, 220)
(174, 0, 46, 220)
(174, 0, 46, 220)
(174, 0, 46, 220)
(174, 0, 46, 220)
(174, 0, 63, 237)
(174, 0, 63, 237)
(174, 0, 63, 237)
(174, 0, 63, 237)
(175, 0, 46, 221)
(175, 0, 46, 221)
(175, 0, 46, 221)
(175, 0, 46, 221)
(175, 0, 46, 221)
(173, 0, 46, 219)
(175, 0, 49, 224)
(175, 0, 49, 224)
(175, 0, 49, 224)
(175, 0, 49, 224)
(175, 0, 49, 224)
(175, 0, 49, 224)
(175, 0, 49, 224)
(175, 0, 49, 224)
(175, 0, 49, 224)
(176, 0, 46, 222)
(176, 0, 46, 222)
(176, 0, 46, 222)
(176, 0, 46, 222)
(176, 0, 46, 222)
(176, 0, 46, 222)
(176, 0, 46, 222)
(176, 0, 46, 222)
(176, 0, 46, 222)
(176, 0, 46, 222)
(176, 0, 46, 222)
(176, 0, 46, 222)
(176, 0, 46, 222)
(176, 0, 46, 222)
(176, 0, 46, 222)
(176, 0, 46, 222)
(176, 0, 46, 222)
(176, 0, 46, 222)
(176, 0, 46, 222)
(176, 0, 46, 222)
(176, 0, 46, 222)
(176, 0, 46, 222)
(176, 0, 46, 222)
(174, 0, 46, 220)
(174, 0, 46, 220)
(174, 0, 46, 220)
(174, 0, 46, 220)
(173, 0, 46, 219)
(173, 0, 46, 219)
(173, 0, 46, 219)
(173, 0, 46, 219)
(172, 0, 63, 235)
(172, 0, 63, 235)
(169, 0, 63, 232)
(169, 0, 63, 232)
(169, 0, 63, 232)
(169, 0, 63, 232)
(169, 0, 63, 232)
(169, 0, 63, 232)
(169, 0, 63, 232)
(169, 0, 63, 232)
(169, 0, 119, 288)
(169, 0, 119, 288)
(169, 0, 119, 288)
(169, 0, 119, 288)
(174, 0, 46, 220)
(174, 0, 46, 220)
(174, 0, 46, 220)
(174, 0, 46, 220)
(174, 0, 46, 220)
(174, 0, 46, 220)
(174, 0, 62, 236)
(174, 0, 62, 236)
(174, 0, 62, 236)
(174, 0, 62, 236)
(174, 0, 62, 236)
(174, 0, 62, 236)
(174, 0, 62, 236)
(174, 0, 62, 236)
(174, 0, 62, 236)
(176, 0, 46, 222)
(176, 0, 46, 222)
(176, 0, 46, 222)
(176, 0, 46, 222)
(176, 0, 46, 222)
(176, 0, 46, 222)
(176, 0, 46, 222)
(176, 0, 46, 222)
(176, 0, 46, 222)
(176, 0, 46, 222)
(176, 0, 46, 222)
(176, 0, 46, 222)
(176, 0, 46, 222)
(176, 0, 46, 222)
(176, 0, 46, 222)
(176, 0, 46, 222)
(176, 0, 46, 222)
(176, 0, 46, 222)
(176, 0, 46, 222)
(176, 0, 46, 222)
(176, 0, 46, 222)
(176, 0, 46, 222)
(176, 0, 46, 222)
(176, 0, 46, 222)
(176, 0, 46, 222)
(176, 0, 46, 222)
(176, 0, 46, 222)
(176, 0, 46, 222)
(176, 0, 46, 222)
(176, 0, 46, 222)
(176, 0, 46, 222)
(176, 0, 46, 222)
(175, 0, 46, 221)
(175, 0, 46, 221)
(175, 0, 46, 221)
(175, 0, 46, 221)
(175, 0, 46, 221)
(175, 0, 46, 221)
(175, 0, 46, 221)
(174, 0, 46, 220)
(174, 0, 46, 220)
(174, 0, 63, 237)
(174, 0, 63, 237)
(174, 0, 63, 237)
(174, 0, 63, 237)
(175, 0, 46, 221)
(175, 0, 46, 221)
(175, 0, 46, 221)
(175, 0, 46, 221)
(175, 0, 46, 221)
(175, 0, 46, 221)
(175, 0, 49, 224)
(175, 0, 49, 224)
(175, 0, 49, 224)
(175, 0, 49, 224)
(175, 0, 49, 224)
(175, 0, 49, 224)
(175, 0, 49, 224)
(175, 0, 49, 224)
(175, 0, 49, 224)
(176, 0, 46, 222)
(176, 0, 46, 222)
(176, 0, 46, 222)
(176, 0, 46, 222)
(176, 0, 46, 222)
(172, 0, 46, 218)
(172, 0, 46, 218)
(172, 0, 46, 218)
(172, 0, 46, 218)
(172, 0, 46, 218)
(172, 0, 46, 218)
(172, 0, 70, 242)
(171, 0, 70, 241)
(171, 0, 70, 241)
(171, 0, 70, 241)
(176, 0, 46, 222)
(176, 0, 46, 222)
(176, 0, 46, 222)
(176, 0, 46, 222)
(176, 0, 46, 222)
(176, 0, 46, 222)
(176, 0, 46, 222)
(176, 0, 46, 222)
(176, 0, 46, 222)
(176, 0, 46, 222)
(176, 0, 46, 222)
(176, 0, 46, 222)
(176, 0, 46, 222)
(176, 0, 46, 222)
(176, 0, 46, 222)
(176, 0, 46, 222)
(176, 0, 46, 222)
(176, 0, 46, 222)
(176, 0, 46, 222)
(176, 0, 46, 222)
(176, 0, 46, 222)
(176, 0, 46, 222)
(175, 0, 46, 221)
(175, 0, 46, 221)
(175, 0, 46, 221)
(175, 0, 46, 221)
(175, 0, 99, 274)
(175, 0, 99, 274)
(175, 0, 99, 274)
(175, 0, 99, 274)
(176, 0, 46, 222)
(176, 0, 46, 222)
(176, 0, 46, 222)
(176, 0, 46, 222)
(176, 0, 46, 222)
(176, 0, 46, 222)
(176, 0, 46, 222)
(176, 0, 46, 222)
(176, 0, 46, 222)
(176, 0, 46, 222)
(176, 0, 46, 222)
(176, 0, 46, 222)
(176, 0, 46, 222)
(176, 0, 46, 222)
(175, 0, 46, 221)
(175, 0, 46, 221)
(176, 0, 46, 222)
(172, 0, 46, 218)
(172, 0, 46, 218)
(172, 0, 46, 218)
(172, 0, 46, 218)
(172, 0, 46, 218)
(172, 0, 46, 218)
(172, 0, 46, 218)
(172, 0, 46, 218)
(172, 0, 46, 218)
(172, 0, 70, 242)
(172, 0, 70, 242)
(171, 0, 70, 241)
(171, 0, 70, 241)
(176, 0, 46, 222)
(176, 0, 46, 222)
(176, 0, 46, 222)
(172, 0, 46, 218)
(172, 0, 46, 218)
(172, 0, 46, 218)
(172, 0, 58, 230)
(172, 0, 58, 230)
(172, 0, 58, 230)
(172, 0, 58, 230)
(172, 0, 58, 230)
(172, 0, 58, 230)
(172, 0, 58, 230)
(172, 0, 58, 230)
(172, 0, 58, 230)
(176, 0, 46, 222)
(176, 0, 46, 222)
(176, 0, 46, 222)
(176, 0, 46, 222)
(176, 0, 46, 222)
(176, 0, 46, 222)
(176, 0, 46, 222)
(176, 0, 46, 222)
(176, 0, 46, 222)
(176, 0, 46, 222)
(176, 0, 46, 222)
(176, 0, 46, 222)
(176, 0, 46, 222)
(176, 0, 46, 222)
(176, 0, 46, 222)
(176, 0, 46, 222)
(176, 0, 46, 222)
(176, 0, 46, 222)
(175, 0, 46, 221)
(175, 0, 46, 221)
(175, 0, 46, 221)
(175, 0, 99, 274)
(175, 0, 99, 274)
(175, 0, 99, 274)
(175, 0, 99, 274)
(175, 0, 99, 274)
(175, 0, 99, 274)
(175, 0, 99, 274)
(175, 0, 99, 274)
(171, 0, 99, 270)
(176, 0, 46, 222)
(176, 0, 46, 222)
(176, 0, 46, 222)
(176, 0, 46, 222)
(175, 0, 46, 221)
(175, 0, 46, 221)
(175, 0, 46, 221)
(175, 0, 46, 221)
(175, 0, 46, 221)
(175, 0, 46, 221)
(175, 0, 46, 221)
(175, 0, 99, 274)
(175, 0, 99, 274)
(175, 0, 99, 274)
(175, 0, 99, 274)
(176, 0, 46, 222)
(176, 0, 46, 222)
(176, 0, 46, 222)
(176, 0, 46, 222)
(176, 0, 46, 222)
(176, 0, 46, 222)
(176, 0, 46, 222)
(176, 0, 46, 222)
(176, 0, 46, 222)
(176, 0, 46, 222)
(176, 0, 46, 222)
(176, 0, 46, 222)
(176, 0, 46, 222)
(176, 0, 46, 222)
(176, 0, 46, 222)
(176, 0, 46, 222)
(176, 0, 46, 222)
(176, 0, 46, 222)
(176, 0, 46, 222)
(176, 0, 46, 222)
(176, 0, 46, 222)
(176, 0, 46, 222)
(176, 0, 46, 222)
(172, 0, 46, 218)
(172, 0, 46, 218)
(172, 0, 46, 218)
(172, 0, 70, 242)
(172, 0, 70, 242)
(172, 0, 70, 242)
(172, 0, 70, 242)
(172, 0, 46, 218)
(172, 0, 46, 218)
(172, 0, 46, 218)
(172, 0, 46, 218)
(172, 0, 46, 218)
(172, 0, 46, 218)
(172, 0, 70, 242)
(172, 0, 70, 242)
(171, 0, 70, 241)
(171, 0, 70, 241)
(171, 0, 70, 241)
(171, 0, 70, 241)
(171, 0, 70, 241)
(171, 0, 70, 241)
(171, 0, 70, 241)
(176, 0, 46, 222)
(176, 0, 46, 222)
(176, 0, 46, 222)
(176, 0, 46, 222)
(176, 0, 46, 222)
(176, 0, 46, 222)
(176, 0, 46, 222)
(176, 0, 46, 222)
(172, 0, 46, 218)
(172, 0, 46, 218)
(172, 0, 46, 218)
(172, 0, 58, 230)
(172, 0, 58, 230)
(172, 0, 58, 230)
(172, 0, 58, 230)
(176, 0, 46, 222)
(176, 0, 46, 222)
(176, 0, 46, 222)
(176, 0, 46, 222)
(176, 0, 46, 222)
(173, 0, 46, 219)
(176, 0, 46, 222)
(176, 0, 46, 222)
(176, 0, 46, 222)
(176, 0, 46, 222)
(176, 0, 46, 222)
(176, 0, 46, 222)
(176, 0, 46, 222)
(176, 0, 46, 222)
(176, 0, 46, 222)
(176, 0, 46, 222)
(176, 0, 46, 222)
(176, 0, 46, 222)
(176, 0, 46, 222)
(173, 0, 46, 219)
(173, 0, 46, 219)
(173, 0, 46, 219)
(173, 0, 46, 219)
(173, 0, 46, 219)
(173, 0, 46, 219)
(173, 0, 46, 219)
(173, 0, 68, 241)
(173, 0, 68, 241)
(173, 0, 68, 241)
(173, 0, 68, 241)
(176, 0, 46, 222)
(176, 0, 46, 222)
(176, 0, 46, 222)
(176, 0, 46, 222)
(175, 0, 46, 221)
(175, 0, 46, 221)
(175, 0, 99, 274)
(175, 0, 99, 274)
(175, 0, 99, 274)
(175, 0, 99, 274)
(175, 0, 99, 274)
(175, 0, 99, 274)
(175, 0, 99, 274)
(175, 0, 99, 274)
(175, 0, 99, 274)
(176, 0, 46, 222)
(176, 0, 46, 222)
(176, 0, 46, 222)
(176, 0, 46, 222)
(176, 0, 46, 222)
(176, 0, 46, 222)
(176, 0, 46, 222)
(176, 0, 46, 222)
(176, 0, 46, 222)
(176, 0, 46, 222)
(176, 0, 46, 222)
(176, 0, 46, 222)
(176, 0, 46, 222)
(176, 0, 46, 222)
(176, 0, 46, 222)
(176, 0, 46, 222)
(176, 0, 46, 222)
(176, 0, 46, 222)
(176, 0, 46, 222)
(176, 0, 46, 222)
(176, 0, 46, 222)
(176, 0, 46, 222)
(176, 0, 46, 222)
(176, 0, 46, 222)
(176, 0, 46, 222)
(176, 0, 46, 222)
(176, 0, 46, 222)
(176, 0, 46, 222)
(176, 0, 46, 222)
(176, 0, 46, 222)
(176, 0, 46, 222)
(176, 0, 46, 222)
(176, 0, 46, 222)
(176, 0, 46, 222)
(176, 0, 46, 222)
(176, 0, 46, 222)
(176, 0, 46, 222)
(176, 0, 46, 222)
(176, 0, 46, 222)
(176, 0, 46, 222)
(176, 0, 46, 222)
(176, 0, 46, 222)
(176, 0, 46, 222)
(176, 0, 46, 222)
(176, 0, 46, 222)
(176, 0, 46, 222)
(176, 0, 46, 222)
(176, 0, 46, 222)
(176, 0, 46, 222)
(176, 0, 46, 222)
(176, 0, 46, 222)
(176, 0, 46, 222)
(176, 0, 46, 222)
(176, 0, 46, 222)
(176, 0, 46, 222)
(176, 0, 46, 222)
(176, 0, 46, 222)
(176, 0, 46, 222)
(176, 0, 46, 222)
(176, 0, 46, 222)
(176, 0, 46, 222)
(176, 0, 46, 222)
(176, 0, 46, 222)
(176, 0, 46, 222)
(176, 0, 46, 222)
(176, 0, 46, 222)
(176, 0, 46, 222)
(176, 0, 46, 222)
(176, 0, 46, 222)
(176, 0, 46, 222)
(176, 0, 46, 222)
(176, 0, 46, 222)
(176, 0, 46, 222)
(176, 0, 46, 222)
(176, 0, 46, 222)
(176, 0, 46, 222)
(176, 0, 46, 222)
(176, 0, 46, 222)
(176, 0, 46, 222)
(176, 0, 46, 222)
(176, 0, 46, 222)
(172, 0, 46, 218)
(168, 0, 46, 214)
(168, 0, 46, 214)
(168, 0, 46, 214)
(168, 0, 46, 214)
(168, 0, 46, 214)
(168, 0, 46, 214)
(168, 0, 46, 214)
(168, 0, 46, 214)
(168, 0, 46, 214)
(168, 0, 98, 266)
(168, 0, 98, 266)
(168, 0, 98, 266)
(168, 0, 98, 266)
(168, 0, 98, 266)
(168, 0, 98, 266)
(168, 0, 98, 266)
(168, 0, 98, 266)
(168, 0, 98, 266)
(168, 0, 98, 266)
(168, 0, 98, 266)
(168, 0, 98, 266)
(168, 0, 98, 266)
(168, 0, 98, 266)
(172, 0, 46, 218)
(172, 0, 46, 218)
(172, 0, 46, 218)
(172, 0, 46, 218)
(172, 0, 46, 218)
(172, 0, 46, 218)
(171, 0, 58, 229)
(171, 0, 58, 229)
(171, 0, 58, 229)
(171, 0, 58, 229)
(171, 0, 58, 229)
(171, 0, 58, 229)
(171, 0, 58, 229)
(171, 0, 58, 229)
(171, 0, 58, 229)
(176, 0, 46, 222)
(176, 0, 46, 222)
(176, 0, 46, 222)
(176, 0, 46, 222)
(176, 0, 46, 222)
(176, 0, 46, 222)
(176, 0, 46, 222)
(176, 0, 46, 222)
(176, 0, 46, 222)
(176, 0, 46, 222)
(176, 0, 46, 222)
(176, 0, 46, 222)
(176, 0, 46, 222)
(176, 0, 46, 222)
(176, 0, 46, 222)
(176, 0, 46, 222)
(176, 0, 46, 222)
(176, 0, 46, 222)
(175, 0, 46, 221)
(175, 0, 46, 221)
(175, 0, 46, 221)
(175, 0, 49, 224)
(175, 0, 49, 224)
(175, 0, 49, 224)
(175, 0, 49, 224)
(175, 0, 49, 224)
(175, 0, 49, 224)
(175, 0, 49, 224)
(175, 0, 49, 224)
(175, 0, 49, 224)
(176, 0, 46, 222)
(176, 0, 46, 222)
(176, 0, 46, 222)
(176, 0, 46, 222)
(176, 0, 46, 222)
(176, 0, 46, 222)
(176, 0, 46, 222)
(176, 0, 46, 222)
(176, 0, 46, 222)
(176, 0, 46, 222)
(176, 0, 46, 222)
(176, 0, 46, 222)
(176, 0, 46, 222)
(176, 0, 46, 222)
(176, 0, 46, 222)
(176, 0, 46, 222)
(176, 0, 46, 222)
(176, 0, 46, 222)
(176, 0, 46, 222)
(176, 0, 46, 222)
(176, 0, 46, 222)
(176, 0, 46, 222)
(176, 0, 46, 222)
(176, 0, 46, 222)
(176, 0, 46, 222)
(176, 0, 46, 222)
(176, 0, 46, 222)
(176, 0, 46, 222)
(172, 0, 46, 218)
(172, 0, 46, 218)
(172, 0, 46, 218)
(172, 0, 58, 230)
(172, 0, 58, 230)
(172, 0, 58, 230)
(172, 0, 58, 230)
(172, 0, 58, 230)
(172, 0, 58, 230)
(172, 0, 58, 230)
(172, 0, 58, 230)
(172, 0, 58, 230)
(172, 0, 58, 230)
(172, 0, 58, 230)
(168, 0, 58, 226)
(168, 0, 58, 226)
(168, 0, 58, 226)
(176, 0, 46, 222)
(176, 0, 46, 222)
(176, 0, 46, 222)
(176, 0, 46, 222)
(176, 0, 46, 222)
(176, 0, 46, 222)
(176, 0, 46, 222)
(176, 0, 46, 222)
(176, 0, 46, 222)
(176, 0, 46, 222)
(176, 0, 46, 222)
(176, 0, 46, 222)
(176, 0, 46, 222)
(176, 0, 46, 222)
(176, 0, 46, 222)
(176, 0, 46, 222)
(176, 0, 46, 222)
(176, 0, 46, 222)
(176, 0, 46, 222)
(176, 0, 46, 222)
(176, 0, 46, 222)
(176, 0, 46, 222)
(176, 0, 46, 222)
(176, 0, 46, 222)
(176, 0, 46, 222)
(176, 0, 46, 222)
(176, 0, 46, 222)
(176, 0, 46, 222)
(176, 0, 46, 222)
(176, 0, 46, 222)
(176, 0, 46, 222)
(172, 0, 46, 218)
(172, 0, 46, 218)
(172, 0, 46, 218)
(172, 0, 46, 218)
(172, 0, 46, 218)
(172, 0, 58, 230)
(172, 0, 58, 230)
(172, 0, 58, 230)
(172, 0, 58, 230)
(172, 0, 58, 230)
(172, 0, 58, 230)
(172, 0, 58, 230)
(172, 0, 58, 230)
(172, 0, 58, 230)
(176, 0, 46, 222)
(176, 0, 46, 222)
(176, 0, 46, 222)
(176, 0, 46, 222)
(176, 0, 46, 222)
(176, 0, 46, 222)
(176, 0, 46, 222)
(176, 0, 46, 222)
(174, 0, 46, 220)
(174, 0, 46, 220)
(174, 0, 46, 220)
(174, 0, 62, 236)
(174, 0, 62, 236)
(174, 0, 62, 236)
(174, 0, 62, 236)
(176, 0, 46, 222)
(176, 0, 46, 222)
(176, 0, 46, 222)
(176, 0, 46, 222)
(176, 0, 46, 222)
(176, 0, 46, 222)
(176, 0, 46, 222)
(176, 0, 46, 222)
(176, 0, 46, 222)
(176, 0, 46, 222)
(176, 0, 46, 222)
(176, 0, 46, 222)
(176, 0, 46, 222)
(176, 0, 46, 222)
(176, 0, 46, 222)
(176, 0, 46, 222)
(176, 0, 46, 222)
(176, 0, 46, 222)
(176, 0, 46, 222)
(176, 0, 46, 222)
(176, 0, 46, 222)
(176, 0, 46, 222)
(175, 0, 46, 221)
(175, 0, 46, 221)
(175, 0, 46, 221)
(175, 0, 46, 221)
(175, 0, 99, 274)
(175, 0, 99, 274)
(175, 0, 99, 274)
(175, 0, 99, 274)
(176, 0, 46, 222)
(176, 0, 46, 222)
(176, 0, 46, 222)
(176, 0, 46, 222)
(176, 0, 46, 222)
(176, 0, 46, 222)
(176, 0, 46, 222)
(176, 0, 46, 222)
(176, 0, 46, 222)
(176, 0, 46, 222)
(176, 0, 46, 222)
(176, 0, 46, 222)
(176, 0, 46, 222)
(176, 0, 46, 222)
(176, 0, 46, 222)
(176, 0, 46, 222)
(176, 0, 46, 222)
(176, 0, 46, 222)
(175, 0, 46, 221)
(175, 0, 46, 221)
(175, 0, 46, 221)
(175, 0, 46, 221)
(175, 0, 46, 221)
(175, 0, 46, 221)
(175, 0, 46, 221)
(175, 0, 46, 221)
(175, 0, 99, 274)
(172, 0, 99, 271)
(172, 0, 99, 271)
(172, 0, 99, 271)
(173, 0, 46, 219)
(173, 0, 46, 219)
(173, 0, 46, 219)
(173, 0, 46, 219)
(173, 0, 46, 219)
(173, 0, 46, 219)
(173, 0, 68, 241)
(173, 0, 68, 241)
(173, 0, 68, 241)
(173, 0, 68, 241)
(173, 0, 68, 241)
(173, 0, 68, 241)
(172, 0, 68, 240)
(172, 0, 68, 240)
(172, 0, 68, 240)
(175, 0, 46, 221)
(176, 0, 46, 222)
(176, 0, 46, 222)
(176, 0, 46, 222)
(176, 0, 46, 222)
(176, 0, 46, 222)
(176, 0, 46, 222)
(176, 0, 46, 222)
(176, 0, 46, 222)
(176, 0, 46, 222)
(176, 0, 46, 222)
(176, 0, 46, 222)
(176, 0, 46, 222)
(176, 0, 46, 222)
(176, 0, 46, 222)
(176, 0, 46, 222)
(176, 0, 46, 222)
(176, 0, 46, 222)
(176, 0, 46, 222)
(176, 0, 46, 222)
(176, 0, 46, 222)
(176, 0, 46, 222)
(176, 0, 46, 222)
(176, 0, 46, 222)
(176, 0, 46, 222)
(176, 0, 46, 222)
(175, 0, 46, 221)
(175, 0, 46, 221)
(175, 0, 46, 221)
(175, 0, 46, 221)
(175, 0, 46, 221)
(175, 0, 60, 235)
(175, 0, 60, 235)
(175, 0, 60, 235)
(175, 0, 60, 235)
(175, 0, 60, 235)
(175, 0, 60, 235)
(175, 0, 60, 235)
(175, 0, 60, 235)
(175, 0, 60, 235)
(175, 0, 60, 235)
(175, 0, 60, 235)
(175, 0, 60, 235)
(175, 0, 60, 235)
(175, 0, 60, 235)
(176, 0, 46, 222)
(176, 0, 46, 222)
(176, 0, 46, 222)
(176, 0, 46, 222)
(176, 0, 46, 222)
(176, 0, 46, 222)
(176, 0, 46, 222)
(176, 0, 46, 222)
(176, 0, 46, 222)
(176, 0, 46, 222)
(176, 0, 46, 222)
(176, 0, 46, 222)
(176, 0, 46, 222)
(176, 0, 46, 222)
(176, 0, 46, 222)
(176, 0, 46, 222)
(176, 0, 46, 222)
(173, 0, 46, 219)
(173, 0, 46, 219)
(173, 0, 46, 219)
(173, 0, 46, 219)
(173, 0, 46, 219)
(173, 0, 46, 219)
(173, 0, 46, 219)
(173, 0, 46, 219)
(173, 0, 46, 219)
(173, 0, 68, 241)
(173, 0, 68, 241)
(173, 0, 68, 241)
(173, 0, 68, 241)
(176, 0, 46, 222)
(176, 0, 46, 222)
(176, 0, 46, 222)
(176, 0, 46, 222)
(176, 0, 46, 222)
(176, 0, 46, 222)
(176, 0, 46, 222)
(176, 0, 46, 222)
(176, 0, 46, 222)
(176, 0, 46, 222)
(172, 0, 46, 218)
(172, 0, 46, 218)
(172, 0, 46, 218)
(172, 0, 46, 218)
(172, 0, 46, 218)
(172, 0, 46, 218)
(171, 0, 58, 229)
(170, 0, 58, 228)
(170, 0, 58, 228)
(170, 0, 58, 228)
(170, 0, 58, 228)
(170, 0, 58, 228)
(170, 0, 58, 228)
(170, 0, 58, 228)
(169, 0, 58, 227)
(169, 0, 58, 227)
(169, 0, 128, 297)
(169, 0, 128, 297)
(169, 0, 128, 297)
(169, 0, 128, 297)
(175, 0, 46, 221)
(175, 0, 46, 221)
(175, 0, 46, 221)
(175, 0, 46, 221)
(175, 0, 46, 221)
(175, 0, 46, 221)
(175, 0, 49, 224)
(175, 0, 49, 224)
(175, 0, 49, 224)
(175, 0, 49, 224)
(175, 0, 49, 224)
(175, 0, 49, 224)
(175, 0, 49, 224)
(175, 0, 49, 224)
(175, 0, 49, 224)
(175, 0, 46, 221)
(176, 0, 46, 222)
(176, 0, 46, 222)
(176, 0, 46, 222)
(176, 0, 46, 222)
(176, 0, 46, 222)
(176, 0, 46, 222)
(176, 0, 46, 222)
(176, 0, 46, 222)
(176, 0, 46, 222)
(176, 0, 46, 222)
(176, 0, 46, 222)
(176, 0, 46, 222)
(176, 0, 46, 222)
(176, 0, 46, 222)
(176, 0, 46, 222)
(176, 0, 46, 222)
(176, 0, 46, 222)
(176, 0, 46, 222)
(176, 0, 46, 222)
(176, 0, 46, 222)
(176, 0, 46, 222)
(176, 0, 46, 222)
(176, 0, 46, 222)
(176, 0, 46, 222)
(176, 0, 46, 222)
(176, 0, 46, 222)
(176, 0, 46, 222)
(176, 0, 46, 222)
(176, 0, 46, 222)
(176, 0, 46, 222)
(176, 0, 46, 222)
(176, 0, 46, 222)
(176, 0, 46, 222)
(176, 0, 46, 222)
(176, 0, 46, 222)
(176, 0, 46, 222)
(176, 0, 46, 222)
(176, 0, 46, 222)
(176, 0, 46, 222)
(175, 0, 46, 221)
(176, 0, 46, 222)
(175, 0, 46, 221)
(175, 0, 46, 221)
(174, 0, 46, 220)
(174, 0, 46, 220)
(174, 0, 46, 220)
(174, 0, 46, 220)
(174, 0, 46, 220)
(174, 0, 46, 220)
(174, 0, 46, 220)
(174, 0, 113, 287)
(174, 0, 113, 287)
(174, 0, 113, 287)
(174, 0, 113, 287)
(174, 0, 113, 287)
(174, 0, 113, 287)
(174, 0, 113, 287)
(174, 0, 113, 287)
(174, 0, 113, 287)
(175, 0, 46, 221)
(176, 0, 46, 222)
(176, 0, 46, 222)
(176, 0, 46, 222)
(176, 0, 46, 222)
(176, 0, 46, 222)
(176, 0, 46, 222)
(176, 0, 46, 222)
(176, 0, 46, 222)
(176, 0, 46, 222)
(176, 0, 46, 222)
(176, 0, 46, 222)
(176, 0, 46, 222)
(176, 0, 46, 222)
(175, 0, 46, 221)
(172, 0, 46, 218)
(172, 0, 46, 218)
(172, 0, 46, 218)
(172, 0, 46, 218)
(172, 0, 46, 218)
(172, 0, 46, 218)
(172, 0, 58, 230)
(172, 0, 58, 230)
(172, 0, 58, 230)
(172, 0, 58, 230)
(172, 0, 58, 230)
(172, 0, 58, 230)
(172, 0, 58, 230)
(172, 0, 58, 230)
(172, 0, 58, 230)
(172, 0, 46, 218)
(172, 0, 46, 218)
(172, 0, 46, 218)
(172, 0, 46, 218)
(172, 0, 46, 218)
(172, 0, 46, 218)
(172, 0, 46, 218)
(172, 0, 46, 218)
(172, 0, 46, 218)
(172, 0, 46, 218)
(172, 0, 46, 218)
(172, 0, 58, 230)
(172, 0, 58, 230)
(172, 0, 58, 230)
(172, 0, 58, 230)
(172, 0, 46, 218)
(172, 0, 46, 218)
(172, 0, 46, 218)
(172, 0, 46, 218)
(172, 0, 46, 218)
(172, 0, 46, 218)
(172, 0, 58, 230)
(172, 0, 58, 230)
(172, 0, 58, 230)
(172, 0, 58, 230)
(172, 0, 58, 230)
(172, 0, 58, 230)
(172, 0, 58, 230)
(172, 0, 58, 230)
(172, 0, 58, 230)
(172, 0, 46, 218)
(176, 0, 46, 222)
(176, 0, 46, 222)
(176, 0, 46, 222)
(176, 0, 46, 222)
(176, 0, 46, 222)
(176, 0, 46, 222)
(176, 0, 46, 222)
(176, 0, 46, 222)
(176, 0, 46, 222)
(176, 0, 46, 222)
(172, 0, 46, 218)
(172, 0, 46, 218)
(172, 0, 46, 218)
(172, 0, 46, 218)
(172, 0, 46, 218)
(172, 0, 46, 218)
(172, 0, 46, 218)
(172, 0, 46, 218)
(172, 0, 46, 218)
(172, 0, 46, 218)
(172, 0, 58, 230)
(172, 0, 58, 230)
(172, 0, 58, 230)
(172, 0, 58, 230)
(172, 0, 58, 230)
(172, 0, 58, 230)
(172, 0, 58, 230)
(172, 0, 58, 230)
(172, 0, 58, 230)
(172, 0, 46, 218)
(172, 0, 46, 218)
(172, 0, 46, 218)
(172, 0, 46, 218)
(172, 0, 46, 218)
(172, 0, 46, 218)
(172, 0, 46, 218)
(172, 0, 46, 218)
(172, 0, 46, 218)
(172, 0, 46, 218)
(172, 0, 46, 218)
(172, 0, 58, 230)
(172, 0, 58, 230)
(170, 0, 58, 228)
(170, 0, 58, 228)
(176, 0, 46, 222)
(176, 0, 46, 222)
(176, 0, 46, 222)
(176, 0, 46, 222)
(175, 0, 46, 221)
(175, 0, 46, 221)
(175, 0, 60, 235)
(175, 0, 60, 235)
(175, 0, 60, 235)
(175, 0, 60, 235)
(175, 0, 60, 235)
(175, 0, 60, 235)
(175, 0, 60, 235)
(175, 0, 60, 235)
(175, 0, 60, 235)
(175, 0, 46, 221)
(176, 0, 46, 222)
(176, 0, 46, 222)
(176, 0, 46, 222)
(176, 0, 46, 222)
(176, 0, 46, 222)
(176, 0, 46, 222)
(176, 0, 46, 222)
(176, 0, 46, 222)
(176, 0, 46, 222)
(176, 0, 46, 222)
(176, 0, 46, 222)
(176, 0, 46, 222)
(176, 0, 46, 222)
(176, 0, 46, 222)
(176, 0, 46, 222)
(176, 0, 46, 222)
(176, 0, 46, 222)
(176, 0, 46, 222)
(176, 0, 46, 222)
(176, 0, 46, 222)
(176, 0, 46, 222)
(176, 0, 46, 222)
(176, 0, 46, 222)
(176, 0, 46, 222)
(176, 0, 46, 222)
(176, 0, 46, 222)
(176, 0, 46, 222)
(174, 0, 46, 220)
(174, 0, 46, 220)
(174, 0, 46, 220)
(174, 0, 62, 236)
(174, 0, 62, 236)
(174, 0, 62, 236)
(174, 0, 62, 236)
(174, 0, 62, 236)
(174, 0, 62, 236)
(174, 0, 62, 236)
(174, 0, 62, 236)
(174, 0, 62, 236)
(174, 0, 62, 236)
(174, 0, 62, 236)
(174, 0, 62, 236)
(174, 0, 62, 236)
(174, 0, 62, 236)
(176, 0, 46, 222)
(176, 0, 46, 222)
(176, 0, 46, 222)
(176, 0, 46, 222)
(176, 0, 46, 222)
(176, 0, 46, 222)
(176, 0, 46, 222)
(176, 0, 46, 222)
(172, 0, 46, 218)
(172, 0, 46, 218)
(172, 0, 46, 218)
(172, 0, 46, 218)
(172, 0, 46, 218)
(172, 0, 46, 218)
(172, 0, 46, 218)
(172, 0, 46, 218)
(172, 0, 58, 230)
(172, 0, 58, 230)
(172, 0, 58, 230)
(172, 0, 58, 230)
(172, 0, 58, 230)
(172, 0, 58, 230)
(172, 0, 58, 230)
(172, 0, 58, 230)
(172, 0, 58, 230)
(172, 0, 58, 230)
(172, 0, 58, 230)
(172, 0, 58, 230)
(172, 0, 58, 230)
(172, 0, 58, 230)
(176, 0, 46, 222)
(176, 0, 46, 222)
(176, 0, 46, 222)
(176, 0, 46, 222)
(176, 0, 46, 222)
(176, 0, 46, 222)
(176, 0, 46, 222)
(175, 0, 46, 221)
(175, 0, 46, 221)
(175, 0, 46, 221)
(175, 0, 46, 221)
(175, 0, 46, 221)
(175, 0, 46, 221)
(175, 0, 46, 221)
(175, 0, 46, 221)
(175, 0, 46, 221)
(175, 0, 60, 235)
(175, 0, 60, 235)
(174, 0, 60, 234)
(174, 0, 60, 234)
(174, 0, 60, 234)
(170, 0, 60, 230)
(170, 0, 60, 230)
(170, 0, 60, 230)
(170, 0, 60, 230)
(170, 0, 60, 230)
(170, 0, 125, 295)
(170, 0, 125, 295)
(170, 0, 125, 295)
(170, 0, 125, 295)
(175, 0, 46, 221)
(172, 0, 46, 218)
(172, 0, 46, 218)
(172, 0, 46, 218)
(172, 0, 46, 218)
(172, 0, 46, 218)
(172, 0, 70, 242)
(172, 0, 70, 242)
(168, 0, 70, 238)
(168, 0, 70, 238)
(168, 0, 70, 238)
(168, 0, 70, 238)
(168, 0, 70, 238)
(168, 0, 70, 238)
(168, 0, 70, 238)
(176, 0, 46, 222)
(176, 0, 46, 222)
(176, 0, 46, 222)
(176, 0, 46, 222)
(176, 0, 46, 222)
(176, 0, 46, 222)
(176, 0, 46, 222)
(176, 0, 46, 222)
(176, 0, 46, 222)
(176, 0, 46, 222)
(176, 0, 46, 222)
(176, 0, 46, 222)
(176, 0, 46, 222)
(176, 0, 46, 222)
(176, 0, 46, 222)
(176, 0, 46, 222)
(176, 0, 46, 222)
(176, 0, 46, 222)
(176, 0, 46, 222)
(176, 0, 46, 222)
(176, 0, 46, 222)
(176, 0, 46, 222)
(176, 0, 46, 222)
(176, 0, 46, 222)
(176, 0, 46, 222)
(176, 0, 46, 222)
(176, 0, 46, 222)
(176, 0, 46, 222)
(176, 0, 46, 222)
(176, 0, 46, 222)
(176, 0, 46, 222)
(176, 0, 46, 222)
(176, 0, 46, 222)
(176, 0, 46, 222)
(176, 0, 46, 222)
(176, 0, 46, 222)
(176, 0, 46, 222)
(172, 0, 46, 218)
(172, 0, 46, 218)
(172, 0, 46, 218)
(172, 0, 46, 218)
(172, 0, 70, 242)
(172, 0, 70, 242)
(172, 0, 70, 242)
(172, 0, 70, 242)
(176, 0, 46, 222)
(176, 0, 46, 222)
(172, 0, 46, 218)
(172, 0, 46, 218)
(172, 0, 46, 218)
(172, 0, 46, 218)
(172, 0, 70, 242)
(172, 0, 70, 242)
(172, 0, 70, 242)
(172, 0, 70, 242)
(172, 0, 70, 242)
(172, 0, 70, 242)
(172, 0, 70, 242)
(172, 0, 70, 242)
(172, 0, 70, 242)
(176, 0, 46, 222)
(176, 0, 46, 222)
(176, 0, 46, 222)
(176, 0, 46, 222)
(176, 0, 46, 222)
(176, 0, 46, 222)
(176, 0, 46, 222)
(176, 0, 46, 222)
(172, 0, 46, 218)
(172, 0, 46, 218)
(172, 0, 46, 218)
(172, 0, 70, 242)
(172, 0, 70, 242)
(172, 0, 70, 242)
(172, 0, 70, 242)
(172, 0, 46, 218)
(172, 0, 46, 218)
(172, 0, 46, 218)
(172, 0, 46, 218)
(172, 0, 46, 218)
(172, 0, 46, 218)
(172, 0, 70, 242)
(172, 0, 70, 242)
(172, 0, 70, 242)
(172, 0, 70, 242)
(172, 0, 70, 242)
(172, 0, 70, 242)
(176, 0, 46, 222)
