(557409, 594000, 167394, 1318803)
(556862, 594000, 167394, 1318256)
(555840, 594000, 167394, 1317234)
(555450, 594000, 167394, 1316844)
(554613, 594000, 167394, 1316007)
(554076, 594000, 167394, 1315470)
(553646, 594000, 167394, 1315040)
(552829, 594000, 167394, 1314223)
(552753, 594000, 167394, 1314147)
(552307, 594000, 167394, 1313701)
(551985, 594000, 167394, 1313379)
(551398, 594000, 167394, 1312792)
(550667, 594000, 167394, 1312061)
(550455, 594000, 167394, 1311849)
(549844, 594000, 167394, 1311238)
(548874, 594000, 167394, 1310268)
(548186, 594000, 167394, 1309580)
(547287, 594000, 167394, 1308681)
(546758, 594000, 167394, 1308152)
(546506, 594000, 167394, 1307900)
(545533, 594000, 167394, 1306927)
(545283, 594000, 167394, 1306677)
(544760, 594000, 167394, 1306154)
(544341, 594000, 167394, 1305735)
(543487, 594000, 167394, 1304881)
(542632, 594000, 167394, 1304026)
(541573, 594000, 167394, 1302967)
(541120, 594000, 167394, 1302514)
(540874, 594000, 167394, 1302268)
(540463, 594000, 167394, 1301857)
(539860, 594000, 167394, 1301254)
(539104, 594000, 167394, 1300498)
(538929, 594000, 167394, 1300323)
(538836, 594000, 167394, 1300230)
(538217, 594000, 167394, 1299611)
(537782, 594000, 167394, 1299176)
(537214, 594000, 167394, 1298608)
(536700, 594000, 167394, 1298094)
(536051, 594000, 167394, 1297445)
(535533, 594000, 167394, 1296927)
(535019, 594000, 167394, 1296413)
(534928, 594000, 167394, 1296322)
(534365, 594000, 167394, 1295759)
(534180, 594000, 167394, 1295574)
(533746, 594000, 167394, 1295140)
(533218, 594000, 167394, 1294612)
(532391, 594000, 167394, 1293785)
(532072, 594000, 167394, 1293466)
(531015, 594000, 167394, 1292409)
(530193, 594000, 167394, 1291587)
(529770, 594000, 167394, 1291164)
(529355, 594000, 167394, 1290749)
(528861, 594000, 167394, 1290255)
(528618, 594000, 167394, 1290012)
(528182, 594000, 167394, 1289576)
(527143, 594000, 167394, 1288537)
(526469, 594000, 167394, 1287863)
(526216, 594000, 167394, 1287610)
(525604, 594000, 167394, 1286998)
(525139, 594000, 167394, 1286533)
(525019, 594000, 167394, 1286413)
(523977, 594000, 167394, 1285371)
(522849, 594000, 167394, 1284243)
(522058, 594000, 167394, 1283452)
(521597, 594000, 167394, 1282991)
(520603, 594000, 167394, 1281997)
(520268, 594000, 167394, 1281662)
(520114, 594000, 167394, 1281508)
(519263, 594000, 167394, 1280657)
(518598, 594000, 167394, 1279992)
(517898, 594000, 167394, 1279292)
(517503, 594000, 167394, 1278897)
(516562, 594000, 167394, 1277956)
(515490, 594000, 167394, 1276884)
(514263, 594000, 167394, 1275657)
(513718, 594000, 167394, 1275112)
(513607, 594000, 167394, 1275001)
(512907, 594000, 167394, 1274301)
(512822, 594000, 167394, 1274216)
(512500, 594000, 167394, 1273894)
(512390, 594000, 167394, 1273784)
(511528, 594000, 167394, 1272922)
(510743, 594000, 167394, 1272137)
(509842, 594000, 167394, 1271236)
(508910, 594000, 167394, 1270304)
(507984, 594000, 167394, 1269378)
(507762, 594000, 167394, 1269156)
(507088, 594000, 167394, 1268482)
(506747, 594000, 167394, 1268141)
(506594, 594000, 167394, 1267988)
(505653, 594000, 167394, 1267047)
(504323, 594000, 167394, 1265717)
(503775, 594000, 167394, 1265169)
(503593, 594000, 167394, 1264987)
(503046, 594000, 167394, 1264440)
(502152, 594000, 167394, 1263546)
(501991, 594000, 167394, 1263385)
(501271, 594000, 167394, 1262665)
(500607, 594000, 167394, 1262001)
(499888, 594000, 167394, 1261282)
(499422, 594000, 167394, 1260816)
(498939, 594000, 167394, 1260333)
(498879, 594000, 167394, 1260273)
(498851, 594000, 167394, 1260245)
(498481, 594000, 167394, 1259875)
(497889, 594000, 167394, 1259283)
(497730, 594000, 167394, 1259124)
(497699, 594000, 167394, 1259093)
(497698, 594000, 167394, 1259092)
(497166, 594000, 167394, 1258560)
(496666, 594000, 167394, 1258060)
(496283, 594000, 167394, 1257677)
(495478, 594000, 167394, 1256872)
(494766, 594000, 167394, 1256160)
(494253, 594000, 167394, 1255647)
(493607, 594000, 167394, 1255001)
(493408, 594000, 167394, 1254802)
(493199, 594000, 167394, 1254593)
(492686, 594000, 167394, 1254080)
(491499, 594000, 167394, 1252893)
(491386, 594000, 167394, 1252780)
(490501, 594000, 167394, 1251895)
(490283, 594000, 167394, 1251677)
(489454, 594000, 167394, 1250848)
(488621, 594000, 167394, 1250015)
(487986, 594000, 167394, 1249380)
(487668, 594000, 167394, 1249062)
(487271, 594000, 167394, 1248665)
(486846, 594000, 167394, 1248240)
(486513, 594000, 167394, 1247907)
(485991, 594000, 167394, 1247385)
(485281, 594000, 167394, 1246675)
(484375, 594000, 167394, 1245769)
(484374, 594000, 167394, 1245768)
(483707, 594000, 167394, 1245101)
(483414, 594000, 167394, 1244808)
(482727, 594000, 167394, 1244121)
(482102, 594000, 167394, 1243496)
(481342, 594000, 167394, 1242736)
(480473, 594000, 167394, 1241867)
(479493, 594000, 167394, 1240887)
(478675, 594000, 167394, 1240069)
(478045, 594000, 167394, 1239439)
(477892, 594000, 167394, 1239286)
(477300, 594000, 167394, 1238694)
(476396, 594000, 167394, 1237790)
(475512, 594000, 167394, 1236906)
(474968, 594000, 167394, 1236362)
(474344, 594000, 167394, 1235738)
(473516, 594000, 167394, 1234910)
(472824, 594000, 167394, 1234218)
(471453, 594000, 167394, 1232847)
(470358, 594000, 167394, 1231752)
(469741, 594000, 167394, 1231135)
(469042, 594000, 167394, 1230436)
(468501, 594000, 167394, 1229895)
(467890, 594000, 167394, 1229284)
(467297, 594000, 167394, 1228691)
(466166, 594000, 167394, 1227560)
(465881, 594000, 167394, 1227275)
(465076, 594000, 167394, 1226470)
(464908, 594000, 167394, 1226302)
(463762, 594000, 167394, 1225156)
(462764, 594000, 167394, 1224158)
(462150, 594000, 167394, 1223544)
(461467, 594000, 167394, 1222861)
(460791, 594000, 167394, 1222185)
(460763, 594000, 167394, 1222157)
(459941, 594000, 167394, 1221335)
(459441, 594000, 167394, 1220835)
(458599, 594000, 167394, 1219993)
(457768, 594000, 167394, 1219162)
(457431, 594000, 167394, 1218825)
(457057, 594000, 167394, 1218451)
(456817, 594000, 167394, 1218211)
(456644, 594000, 167394, 1218038)
(456504, 594000, 167394, 1217898)
(455939, 594000, 167394, 1217333)
(455760, 594000, 167394, 1217154)
(455403, 594000, 167394, 1216797)
(454454, 594000, 167394, 1215848)
(454121, 594000, 167394, 1215515)
(453893, 594000, 167394, 1215287)
(452884, 594000, 167394, 1214278)
(452195, 594000, 167394, 1213589)
(452003, 594000, 167394, 1213397)
(451589, 594000, 167394, 1212983)
(451064, 594000, 167394, 1212458)
(450933, 594000, 167394, 1212327)
(450696, 594000, 167394, 1212090)
(450475, 594000, 167394, 1211869)
(450279, 594000, 167394, 1211673)
(449574, 594000, 167394, 1210968)
(449188, 594000, 167394, 1210582)
(448667, 594000, 167394, 1210061)
(447835, 594000, 167394, 1209229)
(447523, 594000, 167394, 1208917)
(447510, 594000, 167394, 1208904)
(447048, 594000, 167394, 1208442)
(446920, 594000, 167394, 1208314)
(446350, 594000, 167394, 1207744)
(445513, 594000, 167394, 1206907)
(445462, 594000, 167394, 1206856)
(444305, 594000, 167394, 1205699)
(443758, 594000, 167394, 1205152)
(443245, 594000, 167394, 1204639)
(442964, 594000, 167394, 1204358)
(442650, 594000, 167394, 1204044)
(442111, 594000, 167394, 1203505)
(441252, 594000, 167394, 1202646)
(441200, 594000, 167394, 1202594)
(440837, 594000, 167394, 1202231)
(439991, 594000, 167394, 1201385)
(439172, 594000, 167394, 1200566)
(439171, 594000, 167394, 1200565)
(438354, 594000, 167394, 1199748)
(438077, 594000, 167394, 1199471)
(437944, 594000, 167394, 1199338)
(437666, 594000, 167394, 1199060)
(436912, 594000, 167394, 1198306)
(436721, 594000, 167394, 1198115)
(435992, 594000, 167394, 1197386)
(435650, 594000, 167394, 1197044)
(434600, 594000, 167394, 1195994)
(434219, 594000, 167394, 1195613)
(433435, 594000, 167394, 1194829)
(432742, 594000, 167394, 1194136)
(432731, 594000, 167394, 1194125)
(432132, 594000, 167394, 1193526)
(431645, 594000, 167394, 1193039)
(431122, 594000, 167394, 1192516)
(430812, 594000, 167394, 1192206)
(430310, 594000, 167394, 1191704)
(429699, 594000, 167394, 1191093)
(428973, 594000, 167394, 1190367)
(428208, 594000, 167394, 1189602)
(427161, 594000, 167394, 1188555)
(426274, 594000, 167394, 1187668)
(426149, 594000, 167394, 1187543)
(426130, 594000, 167394, 1187524)
(426021, 594000, 167394, 1187415)
(425889, 594000, 167394, 1187283)
(425162, 594000, 167394, 1186556)
(424735, 594000, 167394, 1186129)
(424308, 594000, 167394, 1185702)
(423296, 594000, 167394, 1184690)
(422774, 594000, 167394, 1184168)
(422773, 594000, 167394, 1184167)
(421928, 594000, 167394, 1183322)
(421927, 594000, 167394, 1183321)
(421092, 594000, 167394, 1182486)
(420508, 594000, 167394, 1181902)
(419712, 594000, 167394, 1181106)
(419273, 594000, 167394, 1180667)
(419109, 594000, 167394, 1180503)
(418690, 594000, 167394, 1180084)
(417961, 594000, 167394, 1179355)
(417960, 594000, 167394, 1179354)
(417592, 594000, 167394, 1178986)
(417327, 594000, 167394, 1178721)
(416938, 594000, 167394, 1178332)
(416817, 594000, 167394, 1178211)
(416393, 594000, 167394, 1177787)
