(751327, 740764, 184040, 1676131)
(773703, 712284, 184040, 1670027)
(735397, 740764, 184040, 1660201)
(697294, 754324, 184040, 1635658)
(674390, 772800, 184040, 1631230)
(636039, 787984, 184040, 1608063)
(634307, 787984, 184040, 1606331)
(603469, 806046, 184040, 1593555)
(601233, 806046, 184040, 1591319)
(578726, 817556, 184040, 1580322)
(1473222, 105272, 93492, 1671986)
(1432696, 135450, 93492, 1661638)
(1393779, 170448, 93492, 1657719)
(1390033, 160276, 93492, 1643801)
(1353826, 184512, 93492, 1631830)
(1316461, 220708, 93492, 1630661)
(1292784, 238410, 93492, 1624686)
(1293501, 228314, 93492, 1615307)
(1291856, 229626, 93492, 1614974)
(1276692, 239943, 93492, 1610127)
(1276558, 232440, 129934, 1638932)
(1242431, 257262, 129934, 1629627)
(1241247, 257262, 129934, 1628443)
(1240429, 257262, 129934, 1627625)
(1209854, 275826, 129934, 1615614)
(1209360, 275826, 129934, 1615120)
(1166983, 314658, 129934, 1611575)
(1124184, 349648, 129934, 1603766)
(1123208, 349648, 129934, 1602790)
(1122371, 349648, 129934, 1601953)
(1126166, 334410, 146926, 1607502)
(1125292, 334410, 146926, 1606628)
(1122093, 334410, 146926, 1603429)
(1121812, 334410, 146926, 1603148)
(1101052, 353346, 146926, 1601324)
(1119698, 334410, 146926, 1601034)
(1118504, 334410, 146926, 1599840)
(1092038, 359770, 146926, 1598734)
(1070836, 374410, 146926, 1592172)
(1069634, 374410, 146926, 1590970)
(1070257, 369632, 147227, 1587116)
(1067919, 369632, 147227, 1584778)
(1066633, 370612, 147227, 1584472)
(1066633, 370612, 147227, 1584472)
(1049983, 386994, 147227, 1584204)
(1056445, 375874, 147227, 1579546)
(1055883, 375874, 147227, 1578984)
(1055467, 375874, 147227, 1578568)
(1054097, 375874, 147227, 1577198)
(1050855, 375874, 147227, 1573956)
(1052269, 376854, 150597, 1579720)
(1052022, 376854, 150597, 1579473)
(1050022, 378513, 150597, 1579132)
(1050344, 376854, 150597, 1577795)
(1050344, 376854, 150597, 1577795)
(1045404, 380493, 150597, 1576494)
(1045404, 380493, 150597, 1576494)
(1045404, 380493, 150597, 1576494)
(1045404, 380493, 150597, 1576494)
(1044012, 380493, 150597, 1575102)
(1043733, 376236, 149800, 1569769)
(1043733, 376236, 149800, 1569769)
(1042560, 376236, 149800, 1568596)
(1042400, 376236, 149800, 1568436)
(1042400, 376236, 149800, 1568436)
(1039547, 377110, 149800, 1566457)
(1037760, 377110, 149800, 1564670)
(1036980, 377110, 149800, 1563890)
(1036980, 377110, 149800, 1563890)
(1036240, 377110, 149800, 1563150)
(1040444, 377984, 151660, 1570088)
(1039667, 377984, 151624, 1569275)
(1036824, 377984, 151960, 1566768)
(1036422, 377984, 151960, 1566366)
(1036122, 377984, 151960, 1566066)
(1034228, 377984, 151960, 1564172)
(1034228, 377984, 151960, 1564172)
(1032198, 377984, 151960, 1562142)
(1031061, 377984, 151960, 1561005)
(1031061, 377984, 151960, 1561005)
(1032270, 377984, 154261, 1564515)
(1030123, 377984, 154080, 1562187)
(1028339, 377984, 154080, 1560403)
(1025752, 377984, 154080, 1557816)
(1025752, 377984, 154080, 1557816)
(1024751, 377984, 154080, 1556815)
(1024751, 377984, 154080, 1556815)
(1021361, 380718, 154080, 1556159)
(1021198, 380718, 154080, 1555996)
(1018680, 380718, 154080, 1553478)
(1024085, 377984, 155843, 1557912)
(1022253, 377984, 155843, 1556080)
(1014755, 385344, 155843, 1555942)
(1021834, 377984, 155843, 1555661)
(1019596, 379340, 155843, 1554779)
(1019596, 379340, 155843, 1554779)
(1019596, 379340, 155843, 1554779)
(1005839, 386756, 155843, 1548438)
(1005839, 386756, 155843, 1548438)
(1005839, 386756, 155843, 1548438)
(1005044, 388112, 156482, 1549638)
(1002754, 388112, 156482, 1547348)
(1002754, 388112, 156482, 1547348)
(1001643, 388112, 156482, 1546237)
(974434, 413194, 156482, 1544110)
(974434, 413194, 156482, 1544110)
(974434, 413194, 156482, 1544110)
(974434, 413194, 156482, 1544110)
(972790, 413194, 156482, 1542466)
(971213, 413194, 156482, 1540889)
(974853, 406688, 160389, 1541930)
(974853, 406688, 160389, 1541930)
(974371, 406688, 160234, 1541293)
(1000425, 385566, 155076, 1541067)
(973652, 406688, 160389, 1540729)
(973010, 406688, 160389, 1540087)
(973010, 406688, 160389, 1540087)
(971185, 406688, 160389, 1538262)
(970958, 406688, 160389, 1538035)
(969385, 406688, 160389, 1536462)
(970697, 406688, 160890, 1538275)
