(416675, 416630, 156616, 989921)
(409365, 418760, 156616, 984741)
(402049, 420852, 156616, 979517)
(392950, 425406, 156616, 974972)
(355839, 447822, 156616, 960277)
(339859, 452044, 156616, 948519)
(331298, 456096, 156616, 944010)
(315318, 460318, 156616, 932252)
(294200, 473272, 156616, 924088)
(290429, 474795, 156616, 921840)
(852227, 61552, 78574, 992353)
(833391, 77278, 76842, 987511)
(807204, 97584, 76842, 981630)
(803407, 97584, 76842, 977833)
(792224, 102378, 76842, 971444)
(790719, 102378, 76842, 969939)
(771672, 117382, 76842, 965896)
(768692, 119112, 76842, 964646)
(767172, 119112, 76842, 963126)
(746830, 133378, 76842, 957050)
(745109, 122934, 111332, 979375)
(729102, 128132, 111332, 968566)
(711817, 143352, 111332, 966501)
(711817, 143352, 111332, 966501)
(701559, 146630, 111332, 959521)
(678954, 167496, 111332, 957782)
(699507, 146630, 111332, 957469)
(677777, 167496, 111332, 956605)
(691473, 149056, 111332, 951861)
(688963, 149056, 111332, 949351)
(678856, 152622, 137923, 969401)
(678856, 152622, 137923, 969401)
(677522, 151464, 140001, 968987)
(665021, 163516, 137923, 966460)
(659931, 163958, 137923, 961812)
(659427, 163958, 137923, 961308)
(657923, 163958, 137923, 959804)
(656705, 163958, 137923, 958586)
(643256, 176680, 137923, 957859)
(653023, 163958, 137923, 954904)
(652020, 164865, 151872, 968757)
(642078, 165934, 151872, 959884)
(632651, 172902, 151872, 957425)
(632651, 172902, 151872, 957425)
(629968, 175480, 151872, 957320)
(622734, 181257, 151872, 955863)
(622734, 181257, 151872, 955863)
(614718, 183600, 151872, 950190)
(622504, 175480, 151872, 949856)
(614264, 183600, 151872, 949736)
(612335, 173578, 161871, 947784)
(604016, 180030, 161871, 945917)
(599375, 183112, 161871, 944358)
(584735, 193826, 161871, 940432)
(584243, 193826, 161871, 939940)
(584243, 193826, 161871, 939940)
(581370, 193826, 161871, 937067)
(581370, 193826, 161871, 937067)
(571851, 198556, 161871, 932278)
(571851, 198556, 161871, 932278)
(582280, 188420, 161845, 932545)
(580927, 188420, 161845, 931192)
(554366, 210380, 162874, 927620)
(554366, 210380, 162874, 927620)
(553349, 210380, 162874, 926603)
(553349, 210380, 162874, 926603)
(552083, 210380, 162874, 925337)
(538111, 222302, 162874, 923287)
(536718, 222302, 162874, 921894)
(547839, 210380, 162874, 921093)
(546112, 206040, 177092, 929244)
(546112, 206040, 177092, 929244)
(545556, 206040, 177092, 928688)
(545171, 206040, 177092, 928303)
(541994, 206040, 177092, 925126)
(541776, 206040, 177092, 924908)
(541776, 206040, 177092, 924908)
(533007, 212718, 177092, 922817)
(531786, 212718, 177092, 921596)
(531786, 212718, 177092, 921596)
(537854, 207294, 181166, 926314)
(534178, 211216, 180125, 925519)
(530280, 211540, 181166, 922986)
(528134, 213047, 181166, 922347)
(528134, 213047, 181166, 922347)
(529307, 211540, 181166, 922013)
(528466, 211540, 181166, 921172)
(528459, 211540, 181166, 921165)
(525517, 211540, 181166, 918223)
(523182, 211540, 181166, 915888)
(528842, 208166, 181219, 918227)
(528652, 208166, 181219, 918037)
(528652, 208166, 181219, 918037)
(528383, 208166, 181219, 917768)
(527865, 208166, 181219, 917250)
(527865, 208166, 181219, 917250)
(526483, 208166, 181219, 915868)
(525789, 208166, 181219, 915174)
(525016, 208166, 181219, 914401)
(524331, 208166, 181219, 913716)
(523357, 209292, 182030, 914679)
(521551, 209292, 182030, 912873)
(520023, 209292, 182030, 911345)
(520023, 209292, 182030, 911345)
(519659, 209292, 182030, 910981)
(517797, 209292, 182030, 909119)
(516875, 209292, 182030, 908197)
(516875, 209292, 182030, 908197)
(514365, 209292, 182030, 905687)
(514365, 209292, 182030, 905687)
(518156, 207828, 181383, 907367)
(518156, 207828, 181383, 907367)
(518156, 207828, 181383, 907367)
(515382, 208242, 182912, 906536)
(513920, 210010, 181383, 905313)
(512903, 210010, 181383, 904296)
(511293, 210010, 181383, 902686)
(509416, 210010, 181383, 900809)
(505646, 210010, 181383, 897039)
(505646, 210010, 181383, 897039)
(505950, 210424, 185693, 902067)
(507497, 207758, 186293, 901548)
(502067, 213690, 185693, 901450)
(507063, 207758, 186293, 901114)
(500495, 213690, 185693, 899878)
(500146, 213690, 185693, 899529)
(498407, 215370, 185693, 899470)
(495676, 215370, 185693, 896739)
(495676, 215370, 185693, 896739)
(495676, 215370, 185693, 896739)
(506615, 205962, 189782, 902359)
(506615, 205962, 189782, 902359)
(505018, 205962, 190488, 901468)
(504960, 205962, 190488, 901410)
(504960, 205962, 190488, 901410)
(504506, 205962, 190488, 900956)
(504506, 205962, 190488, 900956)
(503212, 205962, 190488, 899662)
(501436, 205962, 190488, 897886)
(501136, 205962, 190488, 897586)
(502613, 205962, 192710, 901285)
(502387, 205962, 192710, 901059)
(501753, 205962, 192710, 900425)
(499673, 205962, 192710, 898345)
(499160, 205962, 192710, 897832)
(498338, 205962, 192710, 897010)
(498338, 205962, 192710, 897010)
(498338, 205962, 192710, 897010)
(498075, 205962, 192710, 896747)
(496600, 205962, 192710, 895272)
(497467, 204854, 192424, 894745)
(497467, 204854, 192424, 894745)
(495753, 205842, 192424, 894019)
(495753, 205842, 192424, 894019)
(492710, 208643, 192424, 893777)
(492671, 207396, 192424, 892491)
(492371, 207396, 192424, 892191)
(490193, 207396, 192424, 890013)
(490193, 207396, 192424, 890013)
(491651, 205842, 192424, 889917)
(489642, 209938, 195677, 895257)
(492691, 205706, 196414, 894811)
(492691, 205706, 196414, 894811)
(491793, 205706, 196414, 893913)
(491793, 205706, 196414, 893913)
(491071, 205706, 196414, 893191)
(490860, 205706, 196414, 892980)
(486466, 207754, 196414, 890634)
(486466, 207754, 196414, 890634)
(487627, 205706, 196414, 889747)
(488506, 204064, 196568, 889138)
(487634, 204064, 196568, 888266)
(486167, 204064, 196568, 886799)
(486167, 204064, 196568, 886799)
(485491, 204064, 196568, 886123)
(483068, 204064, 196568, 883700)
(481211, 205129, 196568, 882908)
(481667, 204064, 196568, 882299)
(481247, 204064, 196568, 881879)
(478909, 205129, 196568, 880606)
(481963, 202630, 200739, 885332)
(478633, 205289, 200739, 884661)
(478633, 205289, 200739, 884661)
(478633, 205289, 200739, 884661)
(476354, 206599, 200739, 883692)
(476043, 206599, 200739, 883381)
(475275, 206599, 200739, 882613)
(475275, 206599, 200739, 882613)
(474424, 206599, 200739, 881762)
(474424, 206599, 200739, 881762)
(476020, 208820, 203286, 888126)
(476020, 208820, 203286, 888126)
(474610, 208820, 203286, 886716)
(473094, 208820, 203286, 885200)
(472168, 208820, 203286, 884274)
(472000, 208820, 203286, 884106)
(472000, 208820, 203286, 884106)
(470727, 208820, 203286, 882833)
(470202, 208820, 203286, 882308)
(468296, 208820, 203286, 880402)
(472721, 208820, 205771, 887312)
(472721, 208820, 205771, 887312)
(472589, 208820, 205771, 887180)
(470358, 208820, 205810, 884988)
(470358, 208820, 205810, 884988)
(468916, 208820, 205810, 883546)
(467200, 208820, 205810, 881830)
(467200, 208820, 205810, 881830)
(465900, 208820, 205810, 880530)
(465900, 208820, 205810, 880530)
(469435, 206784, 207838, 884057)
(469277, 206784, 207838, 883899)
(467937, 206784, 207838, 882559)
(467937, 206784, 207838, 882559)
(467732, 206784, 207838, 882354)
(467732, 206784, 207838, 882354)
(467732, 206784, 207838, 882354)
(467732, 206784, 207838, 882354)
(467365, 206784, 207838, 881987)
(465359, 206784, 207838, 879981)
(466871, 206784, 206864, 880519)
(466871, 206784, 206864, 880519)
(464731, 206784, 206864, 878379)
(464731, 206784, 206864, 878379)
(464731, 206784, 206864, 878379)
(464731, 206784, 206864, 878379)
(463172, 206784, 206864, 876820)
(463172, 206784, 206864, 876820)
(463172, 206784, 206864, 876820)
(460653, 206784, 206864, 874301)
(463948, 200880, 210817, 875645)
(463948, 200880, 210817, 875645)
(463948, 200880, 210817, 875645)
(463314, 200880, 210817, 875011)
(462280, 200880, 210817, 873977)
(462170, 200880, 210817, 873867)
(461228, 200880, 210817, 872925)
(461228, 200880, 210817, 872925)
(463948, 200880, 210817, 875645)
