(539463, 459523, 173985, 1172971)
(496453, 478915, 173985, 1149353)
(496453, 478915, 173985, 1149353)
(479018, 494353, 173985, 1147356)
(469976, 496677, 173985, 1140638)
(442587, 519835, 173985, 1136407)
(429502, 532461, 173985, 1135948)
(387410, 554489, 173985, 1115884)
(361880, 578235, 173985, 1114100)
(356466, 578235, 173985, 1108686)
(987201, 121810, 88242, 1197253)
(973643, 127010, 88242, 1188895)
(962607, 134062, 88242, 1184911)
(961321, 134062, 88242, 1183625)
(956319, 136348, 88242, 1180909)
(947265, 142026, 88242, 1177533)
(928376, 156618, 88242, 1173236)
(918232, 160082, 88242, 1166556)
(917910, 160082, 88242, 1166234)
(904008, 169344, 88242, 1161594)
(920036, 155276, 111252, 1186564)
(895303, 175682, 111252, 1182237)
(884909, 169448, 126045, 1180402)
(853272, 198506, 126045, 1177823)
(853200, 198506, 126045, 1177751)
(867996, 181686, 126045, 1175727)
(866799, 181686, 126045, 1174530)
(860680, 184432, 126045, 1171157)
(856341, 184432, 126045, 1166818)
(853475, 186252, 126045, 1165772)
(857884, 178304, 140657, 1176845)
(856257, 178304, 140657, 1175218)
(855245, 178304, 140657, 1174206)
(855245, 178304, 140657, 1174206)
(854924, 178304, 140657, 1173885)
(843114, 187970, 140657, 1171741)
(841479, 187970, 140657, 1170106)
(841016, 187970, 140657, 1169643)
(840508, 187970, 140657, 1169135)
(827505, 193172, 140657, 1161334)
(826475, 193172, 145980, 1165627)
(815055, 202702, 145980, 1163737)
(794364, 220362, 145980, 1160706)
(794364, 220362, 145980, 1160706)
(793585, 220362, 145980, 1159927)
(767114, 241636, 145980, 1154730)
(766892, 241636, 145980, 1154508)
(766659, 241636, 145980, 1154275)
(751839, 248902, 145980, 1146721)
(751839, 248902, 145980, 1146721)
(748668, 248118, 166278, 1163064)
(748668, 248118, 166278, 1163064)
(747193, 248118, 166278, 1161589)
(747193, 248118, 166278, 1161589)
(743508, 248118, 166278, 1157904)
(733323, 255274, 166278, 1154875)
(739851, 248118, 166278, 1154247)
(739851, 248118, 166278, 1154247)
(738621, 248118, 166278, 1153017)
(727322, 253083, 166278, 1146683)
(739082, 251256, 168691, 1159029)
(739082, 251256, 168691, 1159029)
(741917, 248118, 168691, 1158726)
(739380, 248118, 168691, 1156189)
(739380, 248118, 168691, 1156189)
(739380, 248118, 168691, 1156189)
(738999, 248118, 168691, 1155808)
(738970, 248118, 168691, 1155779)
(735035, 248118, 168691, 1151844)
(716731, 263582, 168691, 1149004)
(718408, 254976, 172776, 1146160)
(717548, 254976, 172776, 1145300)
(717548, 254976, 172776, 1145300)
(716957, 254976, 172776, 1144709)
(716737, 254976, 172776, 1144489)
(716075, 254976, 172776, 1143827)
(715468, 254976, 172776, 1143220)
(715468, 254976, 172776, 1143220)
(715376, 254976, 172776, 1143128)
(713443, 254976, 172776, 1141195)
(716416, 250562, 175012, 1141990)
(710935, 252930, 175012, 1138877)
(710935, 252930, 175012, 1138877)
(708929, 254806, 175012, 1138747)
(700531, 260468, 175012, 1136011)
(700531, 260468, 175012, 1136011)
(700531, 260468, 175012, 1136011)
(700531, 260468, 175012, 1136011)
(697820, 261536, 175012, 1134368)
(697820, 261536, 175012, 1134368)
(708041, 251466, 178866, 1138373)
(708041, 251466, 178866, 1138373)
(703267, 252949, 178866, 1135082)
(703267, 252949, 178866, 1135082)
(703267, 252949, 178866, 1135082)
(702159, 252949, 178866, 1133974)
(700743, 252949, 178866, 1132558)
(698132, 252949, 178866, 1129947)
(697976, 252949, 178866, 1129791)
(697004, 252949, 178866, 1128819)
(697216, 251018, 178832, 1127066)
(697183, 251018, 178832, 1127033)
(692927, 254006, 178832, 1125765)
(692069, 254006, 178832, 1124907)
(691376, 254006, 178832, 1124214)
(689962, 254006, 178832, 1122800)
(689962, 254006, 178832, 1122800)
(689962, 254006, 178832, 1122800)
(687904, 254006, 178832, 1120742)
(687904, 254006, 178832, 1120742)
(687348, 251104, 178953, 1117405)
(678810, 257267, 178246, 1114323)
(678810, 257267, 178246, 1114323)
(677181, 257267, 178246, 1112694)
(677181, 257267, 178246, 1112694)
(675905, 258201, 178246, 1112352)
(675958, 257267, 178246, 1111471)
(675958, 257267, 178246, 1111471)
(672945, 257267, 178246, 1108458)
(672133, 257267, 178246, 1107646)
(672355, 258912, 183329, 1114596)
(671353, 258912, 183329, 1113594)
(670711, 258912, 183329, 1112952)
(670490, 258912, 183329, 1112731)
(669853, 258912, 183329, 1112094)
(668299, 258912, 183329, 1110540)
(668299, 258912, 183329, 1110540)
(667384, 258912, 183329, 1109625)
(665992, 258912, 183329, 1108233)
(665609, 258912, 183329, 1107850)
(665921, 258412, 184722, 1109055)
(665732, 258412, 184722, 1108866)
(665732, 258412, 184722, 1108866)
(664920, 258412, 184722, 1108054)
(664920, 258412, 184722, 1108054)
(664920, 258412, 184722, 1108054)
(663177, 258412, 184722, 1106311)
(662157, 258412, 184722, 1105291)
(662157, 258412, 184722, 1105291)
(661944, 258412, 184722, 1105078)
(663433, 255100, 185820, 1104353)
(662214, 255100, 185820, 1103134)
(660632, 255100, 185820, 1101552)
(660476, 255100, 185820, 1101396)
(657950, 257047, 185820, 1100817)
(658540, 255100, 185820, 1099460)
(655059, 255100, 185820, 1095979)
(655059, 255100, 185820, 1095979)
(654800, 255100, 185820, 1095720)
(652560, 256550, 185820, 1094930)
(657842, 255100, 188648, 1101590)
(657842, 255100, 188648, 1101590)
(657842, 255100, 188648, 1101590)
(654880, 255100, 188648, 1098628)
(654880, 255100, 188648, 1098628)
(653417, 255100, 188648, 1097165)
(652310, 255100, 188648, 1096058)
(650944, 255100, 188648, 1094692)
(649557, 255100, 188648, 1093305)
(648385, 255100, 188648, 1092133)
(649027, 254886, 192941, 1096854)
(651489, 256054, 188280, 1095823)
(651489, 256054, 188280, 1095823)
(646256, 256426, 192941, 1095623)
(650325, 254348, 188280, 1092953)
(650325, 254348, 188280, 1092953)
(649913, 254348, 188280, 1092541)
(649831, 254348, 188280, 1092459)
(648809, 254348, 188280, 1091437)
(647182, 254348, 188280, 1089810)
(649856, 250596, 190140, 1090592)
(649622, 251462, 188760, 1089844)
(645400, 250596, 190140, 1086136)
(645400, 250596, 190140, 1086136)
(645122, 250596, 190140, 1085858)
(644341, 250596, 190140, 1085077)
(642870, 250596, 190140, 1083606)
(641890, 250596, 190140, 1082626)
(640790, 250596, 190140, 1081526)
(640228, 250596, 190140, 1080964)
(645197, 249018, 191020, 1085235)
(645197, 249018, 191020, 1085235)
(645197, 249018, 191020, 1085235)
(642737, 249018, 191020, 1082775)
(642737, 249018, 191020, 1082775)
(642737, 249018, 191020, 1082775)
(642737, 249018, 191020, 1082775)
(638757, 251052, 191020, 1080829)
(637692, 251052, 191020, 1079764)
(637481, 251052, 191020, 1079553)
(638680, 250663, 192418, 1081761)
(638680, 250663, 192418, 1081761)
(640464, 249018, 192418, 1081900)
