(445408, 469832, 175781, 1091021)
(445012, 469832, 175781, 1090625)
(444112, 469832, 175781, 1089725)
(443452, 469832, 175781, 1089065)
(443085, 469832, 175781, 1088698)
(442560, 469832, 175781, 1088173)
(442189, 469832, 175781, 1087802)
(441805, 469832, 175781, 1087418)
(441248, 469832, 175781, 1086861)
(440741, 469832, 175781, 1086354)
(440061, 469832, 175781, 1085674)
(439898, 469832, 175781, 1085511)
(438962, 469832, 175781, 1084575)
(438116, 469832, 175781, 1083729)
(437964, 469832, 175781, 1083577)
(437244, 469832, 175781, 1082857)
(437027, 469832, 175781, 1082640)
(436354, 469832, 175781, 1081967)
(435922, 469832, 175781, 1081535)
(435010, 469832, 175781, 1080623)
(434615, 469832, 175781, 1080228)
(433994, 469832, 175781, 1079607)
(433057, 469832, 175781, 1078670)
(432710, 469832, 175781, 1078323)
(432256, 469832, 175781, 1077869)
(431889, 469832, 175781, 1077502)
(431109, 469832, 175781, 1076722)
(430453, 469832, 175781, 1076066)
(429716, 469832, 175781, 1075329)
(428794, 469832, 175781, 1074407)
(428711, 469832, 175781, 1074324)
(428351, 469832, 175781, 1073964)
(427661, 469832, 175781, 1073274)
(427405, 469832, 175781, 1073018)
(427025, 469832, 175781, 1072638)
(426527, 469832, 175781, 1072140)
(426336, 469832, 175781, 1071949)
(425859, 469832, 175781, 1071472)
(425513, 469832, 175781, 1071126)
(425124, 469832, 175781, 1070737)
(424956, 469832, 175781, 1070569)
(424425, 469832, 175781, 1070038)
(424068, 469832, 175781, 1069681)
(423687, 469832, 175781, 1069300)
(423460, 469832, 175781, 1069073)
(423309, 469832, 175781, 1068922)
(422704, 469832, 175781, 1068317)
(422391, 469832, 175781, 1068004)
(421666, 469832, 175781, 1067279)
(421324, 469832, 175781, 1066937)
(420883, 469832, 175781, 1066496)
(420367, 469832, 175781, 1065980)
(419822, 469832, 175781, 1065435)
(419478, 469832, 175781, 1065091)
(418984, 469832, 175781, 1064597)
(418196, 469832, 175781, 1063809)
(417786, 469832, 175781, 1063399)
(417374, 469832, 175781, 1062987)
(417204, 469832, 175781, 1062817)
(416332, 469832, 175781, 1061945)
(415899, 469832, 175781, 1061512)
(415444, 469832, 175781, 1061057)
(414945, 469832, 175781, 1060558)
(414459, 469832, 175781, 1060072)
(414003, 469832, 175781, 1059616)
(413787, 469832, 175781, 1059400)
(413169, 469832, 175781, 1058782)
(412335, 469832, 175781, 1057948)
(411474, 469832, 175781, 1057087)
(410544, 469832, 175781, 1056157)
(409876, 469832, 175781, 1055489)
(408918, 469832, 175781, 1054531)
(408661, 469832, 175781, 1054274)
(408131, 469832, 175781, 1053744)
(407618, 469832, 175781, 1053231)
(406826, 469832, 175781, 1052439)
(406126, 469832, 175781, 1051739)
(405649, 469832, 175781, 1051262)
(405127, 469832, 175781, 1050740)
(404565, 469832, 175781, 1050178)
(403893, 469832, 175781, 1049506)
(403751, 469832, 175781, 1049364)
(402948, 469832, 175781, 1048561)
(402135, 469832, 175781, 1047748)
(401857, 469832, 175781, 1047470)
(401567, 469832, 175781, 1047180)
(401348, 469832, 175781, 1046961)
(400981, 469832, 175781, 1046594)
(400016, 469832, 175781, 1045629)
(399650, 469832, 175781, 1045263)
(399348, 469832, 175781, 1044961)
(398865, 469832, 175781, 1044478)
(398195, 469832, 175781, 1043808)
(397561, 469832, 175781, 1043174)
(396758, 469832, 175781, 1042371)
(395988, 469832, 175781, 1041601)
(395376, 469832, 175781, 1040989)
(394624, 469832, 175781, 1040237)
(394017, 469832, 175781, 1039630)
(393789, 469832, 175781, 1039402)
(392926, 469832, 175781, 1038539)
(392696, 469832, 175781, 1038309)
(392019, 469832, 175781, 1037632)
(391934, 469832, 175781, 1037547)
(391329, 469832, 175781, 1036942)
(390687, 469832, 175781, 1036300)
(390194, 469832, 175781, 1035807)
(389864, 469832, 175781, 1035477)
(389460, 469832, 175781, 1035073)
(389226, 469832, 175781, 1034839)
(389039, 469832, 175781, 1034652)
(388395, 469832, 175781, 1034008)
(388251, 469832, 175781, 1033864)
(387916, 469832, 175781, 1033529)
(387121, 469832, 175781, 1032734)
(386689, 469832, 175781, 1032302)
(386346, 469832, 175781, 1031959)
(385932, 469832, 175781, 1031545)
(385688, 469832, 175781, 1031301)
(385485, 469832, 175781, 1031098)
(384913, 469832, 175781, 1030526)
(384476, 469832, 175781, 1030089)
(384329, 469832, 175781, 1029942)
(383477, 469832, 175781, 1029090)
(382902, 469832, 175781, 1028515)
(382198, 469832, 175781, 1027811)
(381891, 469832, 175781, 1027504)
(381028, 469832, 175781, 1026641)
(380290, 469832, 175781, 1025903)
(379622, 469832, 175781, 1025235)
(379459, 469832, 175781, 1025072)
(379232, 469832, 175781, 1024845)
(379026, 469832, 175781, 1024639)
(378848, 469832, 175781, 1024461)
(378095, 469832, 175781, 1023708)
(377719, 469832, 175781, 1023332)
(377173, 469832, 175781, 1022786)
(376167, 469832, 175781, 1021780)
(375395, 469832, 175781, 1021008)
(374727, 469832, 175781, 1020340)
(374099, 469832, 175781, 1019712)
(373434, 469832, 175781, 1019047)
(373272, 469832, 175781, 1018885)
(373160, 469832, 175781, 1018773)
(372495, 469832, 175781, 1018108)
(371925, 469832, 175781, 1017538)
(371207, 469832, 175781, 1016820)
(370418, 469832, 175781, 1016031)
(369872, 469832, 175781, 1015485)
(369172, 469832, 175781, 1014785)
(368593, 469832, 175781, 1014206)
(367796, 469832, 175781, 1013409)
(367226, 469832, 175781, 1012839)
(366653, 469832, 175781, 1012266)
(366153, 469832, 175781, 1011766)
(365275, 469832, 175781, 1010888)
(364246, 469832, 175781, 1009859)
(364137, 469832, 175781, 1009750)
(363641, 469832, 175781, 1009254)
(363110, 469832, 175781, 1008723)
(362464, 469832, 175781, 1008077)
(361400, 469832, 175781, 1007013)
(360520, 469832, 175781, 1006133)
(359729, 469832, 175781, 1005342)
(359194, 469832, 175781, 1004807)
(358780, 469832, 175781, 1004393)
(358156, 469832, 175781, 1003769)
(357479, 469832, 175781, 1003092)
(356846, 469832, 175781, 1002459)
(355676, 469832, 175781, 1001289)
(354867, 469832, 175781, 1000480)
(354302, 469832, 175781, 999915)
(353999, 469832, 175781, 999612)
(353390, 469832, 175781, 999003)
(353282, 469832, 175781, 998895)
(352809, 469832, 175781, 998422)
(352325, 469832, 175781, 997938)
(351398, 469832, 175781, 997011)
(350931, 469832, 175781, 996544)
(350475, 469832, 175781, 996088)
(350214, 469832, 175781, 995827)
(349647, 469832, 175781, 995260)
(348882, 469832, 175781, 994495)
(348227, 469832, 175781, 993840)
(347949, 469832, 175781, 993562)
(347280, 469832, 175781, 992893)
(347249, 469832, 175781, 992862)
(346967, 469832, 175781, 992580)
(346386, 469832, 175781, 991999)
(346211, 469832, 175781, 991824)
(345404, 469832, 175781, 991017)
(344836, 469832, 175781, 990449)
(344048, 469832, 175781, 989661)
(343767, 469832, 175781, 989380)
(343319, 469832, 175781, 988932)
(342696, 469832, 175781, 988309)
(342040, 469832, 175781, 987653)
(341703, 469832, 175781, 987316)
(341246, 469832, 175781, 986859)
(341120, 469832, 175781, 986733)
(340696, 469832, 175781, 986309)
(339787, 469832, 175781, 985400)
(339268, 469832, 175781, 984881)
(338792, 469832, 175781, 984405)
(338714, 469832, 175781, 984327)
(337801, 469832, 175781, 983414)
(337281, 469832, 175781, 982894)
(336459, 469832, 175781, 982072)
(336191, 469832, 175781, 981804)
(335402, 469832, 175781, 981015)
(334624, 469832, 175781, 980237)
(333907, 469832, 175781, 979520)
(333760, 469832, 175781, 979373)
(333704, 469832, 240605, 1044141)
(333635, 469832, 240353, 1043820)
(333592, 469832, 240229, 1043653)
(333559, 469832, 240020, 1043411)
(333495, 469832, 239236, 1042563)
(333429, 469832, 237869, 1041130)
(333389, 469832, 237687, 1040908)
(333344, 469832, 236673, 1039849)
(333298, 469832, 236516, 1039646)
(333294, 469832, 236460, 1039586)
(333292, 469832, 236379, 1039503)
(333281, 469832, 236209, 1039322)
(333274, 469832, 235914, 1039020)
(333182, 469832, 234380, 1037394)
(333154, 469832, 233212, 1036198)
(333131, 469832, 231564, 1034527)
(333092, 469832, 231270, 1034194)
(333060, 469832, 230536, 1033428)
(333039, 469832, 229957, 1032828)
(333006, 469832, 229619, 1032457)
(332969, 469832, 228410, 1031211)
(332942, 469832, 228322, 1031096)
