(529557, 506546, 186464, 1222567)
(528893, 506546, 186464, 1221903)
(528179, 506546, 186464, 1221189)
(527367, 506546, 186464, 1220377)
(526594, 506546, 186464, 1219604)
(526097, 506546, 186464, 1219107)
(525806, 506546, 186464, 1218816)
(525676, 506546, 186464, 1218686)
(525561, 506546, 186464, 1218571)
(524942, 506546, 186464, 1217952)
(524277, 506546, 186464, 1217287)
(523498, 506546, 186464, 1216508)
(522762, 506546, 186464, 1215772)
(522459, 506546, 186464, 1215469)
(522157, 506546, 186464, 1215167)
(521426, 506546, 186464, 1214436)
(521052, 506546, 186464, 1214062)
(520749, 506546, 186464, 1213759)
(519630, 506546, 186464, 1212640)
(519399, 506546, 186464, 1212409)
(518921, 506546, 186464, 1211931)
(518711, 506546, 186464, 1211721)
(518510, 506546, 186464, 1211520)
(518072, 506546, 186464, 1211082)
(517371, 506546, 186464, 1210381)
(516577, 506546, 186464, 1209587)
(515816, 506546, 186464, 1208826)
(515607, 506546, 186464, 1208617)
(515046, 506546, 186464, 1208056)
(514776, 506546, 186464, 1207786)
(514420, 506546, 186464, 1207430)
(513643, 506546, 186464, 1206653)
(513140, 506546, 186464, 1206150)
(512804, 506546, 186464, 1205814)
(511970, 506546, 186464, 1204980)
(510982, 506546, 186464, 1203992)
(510432, 506546, 186464, 1203442)
(509875, 506546, 186464, 1202885)
(509284, 506546, 186464, 1202294)
(508212, 506546, 186464, 1201222)
(507373, 506546, 186464, 1200383)
(506604, 506546, 186464, 1199614)
(505960, 506546, 186464, 1198970)
(505423, 506546, 186464, 1198433)
(505165, 506546, 186464, 1198175)
(504602, 506546, 186464, 1197612)
(504500, 506546, 186464, 1197510)
(504058, 506546, 186464, 1197068)
(503672, 506546, 186464, 1196682)
(502948, 506546, 186464, 1195958)
(502821, 506546, 186464, 1195831)
(501941, 506546, 186464, 1194951)
(501075, 506546, 186464, 1194085)
(500964, 506546, 186464, 1193974)
(500532, 506546, 186464, 1193542)
(500225, 506546, 186464, 1193235)
(499900, 506546, 186464, 1192910)
(499333, 506546, 186464, 1192343)
(498674, 506546, 186464, 1191684)
(498348, 506546, 186464, 1191358)
(497623, 506546, 186464, 1190633)
(496890, 506546, 186464, 1189900)
(496021, 506546, 186464, 1189031)
(495896, 506546, 186464, 1188906)
(495209, 506546, 186464, 1188219)
(494585, 506546, 186464, 1187595)
(494157, 506546, 186464, 1187167)
(493551, 506546, 186464, 1186561)
(493047, 506546, 186464, 1186057)
(492915, 506546, 186464, 1185925)
(492007, 506546, 186464, 1185017)
(491244, 506546, 186464, 1184254)
(490975, 506546, 186464, 1183985)
(490563, 506546, 186464, 1183573)
(490322, 506546, 186464, 1183332)
(490118, 506546, 186464, 1183128)
(489237, 506546, 186464, 1182247)
(488451, 506546, 186464, 1181461)
(487637, 506546, 186464, 1180647)
(486665, 506546, 186464, 1179675)
(486294, 506546, 186464, 1179304)
(485863, 506546, 186464, 1178873)
(485259, 506546, 186464, 1178269)
(485000, 506546, 186464, 1178010)
(484728, 506546, 186464, 1177738)
(484651, 506546, 186464, 1177661)
(483841, 506546, 186464, 1176851)
(483330, 506546, 186464, 1176340)
(482767, 506546, 186464, 1175777)
(482655, 506546, 186464, 1175665)
(482477, 506546, 186464, 1175487)
(481747, 506546, 186464, 1174757)
(481415, 506546, 186464, 1174425)
(481291, 506546, 186464, 1174301)
(480955, 506546, 186464, 1173965)
(480757, 506546, 186464, 1173767)
(480222, 506546, 186464, 1173232)
(479912, 506546, 186464, 1172922)
(479487, 506546, 186464, 1172497)
(478552, 506546, 186464, 1171562)
(478432, 506546, 186464, 1171442)
(478107, 506546, 186464, 1171117)
(477222, 506546, 186464, 1170232)
(476228, 506546, 186464, 1169238)
(475457, 506546, 186464, 1168467)
(474672, 506546, 186464, 1167682)
(474404, 506546, 186464, 1167414)
(474001, 506546, 186464, 1167011)
(473710, 506546, 186464, 1166720)
(473272, 506546, 186464, 1166282)
(472824, 506546, 186464, 1165834)
(472512, 506546, 186464, 1165522)
(471749, 506546, 186464, 1164759)
(470957, 506546, 186464, 1163967)
(470199, 506546, 186464, 1163209)
(470136, 506546, 186464, 1163146)
(469238, 506546, 186464, 1162248)
(468444, 506546, 186464, 1161454)
(467982, 506546, 186464, 1160992)
(467369, 506546, 186464, 1160379)
(466914, 506546, 186464, 1159924)
(466175, 506546, 186464, 1159185)
(465977, 506546, 186464, 1158987)
(465814, 506546, 186464, 1158824)
(465257, 506546, 186464, 1158267)
(464995, 506546, 186464, 1158005)
(464457, 506546, 186464, 1157467)
(463523, 506546, 186464, 1156533)
(463343, 506546, 186464, 1156353)
(462325, 506546, 186464, 1155335)
(461649, 506546, 186464, 1154659)
(461466, 506546, 186464, 1154476)
(460604, 506546, 186464, 1153614)
(459766, 506546, 186464, 1152776)
(459235, 506546, 186464, 1152245)
(458760, 506546, 186464, 1151770)
(458355, 506546, 186464, 1151365)
(458040, 506546, 186464, 1151050)
(457640, 506546, 186464, 1150650)
(457235, 506546, 186464, 1150245)
(457055, 506546, 186464, 1150065)
(456917, 506546, 186464, 1149927)
(456653, 506546, 186464, 1149663)
(456466, 506546, 186464, 1149476)
(455771, 506546, 186464, 1148781)
(455241, 506546, 186464, 1148251)
(454592, 506546, 186464, 1147602)
(453782, 506546, 186464, 1146792)
(453672, 506546, 186464, 1146682)
(453160, 506546, 186464, 1146170)
(452542, 506546, 186464, 1145552)
(451697, 506546, 186464, 1144707)
(451137, 506546, 186464, 1144147)
(450494, 506546, 186464, 1143504)
(449944, 506546, 186464, 1142954)
(449391, 506546, 186464, 1142401)
(448930, 506546, 186464, 1141940)
(448849, 506546, 186464, 1141859)
(448297, 506546, 186464, 1141307)
(447872, 506546, 186464, 1140882)
(447349, 506546, 186464, 1140359)
(446488, 506546, 186464, 1139498)
(446086, 506546, 186464, 1139096)
(445542, 506546, 186464, 1138552)
(445341, 506546, 186464, 1138351)
(445255, 506546, 186464, 1138265)
(444530, 506546, 186464, 1137540)
(443515, 506546, 186464, 1136525)
(443065, 506546, 186464, 1136075)
(442362, 506546, 186464, 1135372)
(441656, 506546, 186464, 1134666)
(440767, 506546, 186464, 1133777)
(440176, 506546, 186464, 1133186)
(439676, 506546, 186464, 1132686)
(439380, 506546, 186464, 1132390)
(438856, 506546, 186464, 1131866)
(438190, 506546, 186464, 1131200)
(437812, 506546, 186464, 1130822)
(437462, 506546, 186464, 1130472)
(436965, 506546, 186464, 1129975)
(436246, 506546, 186464, 1129256)
(435536, 506546, 186464, 1128546)
(434952, 506546, 186464, 1127962)
(434699, 506546, 186464, 1127709)
(434130, 506546, 186464, 1127140)
(433671, 506546, 186464, 1126681)
(433036, 506546, 186464, 1126046)
(432794, 506546, 186464, 1125804)
(432472, 506546, 186464, 1125482)
(432321, 506546, 186464, 1125331)
(431714, 506546, 186464, 1124724)
(431188, 506546, 186464, 1124198)
(430657, 506546, 186464, 1123667)
(429866, 506546, 186464, 1122876)
(429502, 506546, 186464, 1122512)
(428984, 506546, 186464, 1121994)
(428268, 506546, 186464, 1121278)
(428121, 506546, 186464, 1121131)
(427270, 506546, 186464, 1120280)
(426908, 506546, 186464, 1119918)
(426753, 506546, 186464, 1119763)
(426379, 506546, 186464, 1119389)
(426154, 506546, 186464, 1119164)
(425961, 506546, 186464, 1118971)
(425457, 506546, 186464, 1118467)
(425048, 506546, 186464, 1118058)
(424808, 506546, 186464, 1117818)
(424192, 506546, 186464, 1117202)
(423654, 506546, 186464, 1116664)
(422918, 506546, 186464, 1115928)
(422436, 506546, 186464, 1115446)
(422017, 506546, 186464, 1115027)
(421870, 506546, 186464, 1114880)
(421659, 506546, 186464, 1114669)
(421186, 506546, 186464, 1114196)
(420450, 506546, 186464, 1113460)
(419939, 506546, 186464, 1112949)
(419651, 506546, 186464, 1112661)
(419000, 506546, 186464, 1112010)
(418909, 506546, 186464, 1111919)
(418386, 506546, 186464, 1111396)
(417988, 506546, 186464, 1110998)
(417815, 506546, 186464, 1110825)
(417177, 506546, 186464, 1110187)
(416571, 506546, 186464, 1109581)
(416135, 506546, 186464, 1109145)
(415345, 506546, 186464, 1108355)
(415088, 506546, 186464, 1108098)
(415040, 506546, 186464, 1108050)
(414561, 506546, 186464, 1107571)
(413867, 506546, 186464, 1106877)
(413593, 506546, 186464, 1106603)
(413178, 506546, 186464, 1106188)
(412419, 506546, 186464, 1105429)
(412246, 506546, 186464, 1105256)
(411859, 506546, 186464, 1104869)
(410881, 506546, 186464, 1103891)
(410224, 506546, 186464, 1103234)
(409251, 506546, 186464, 1102261)
(408838, 506546, 186464, 1101848)
(408619, 506546, 186464, 1101629)
(408020, 506546, 186464, 1101030)
(407750, 506546, 186464, 1100760)
(407024, 506546, 186464, 1100034)
(406671, 506546, 186464, 1099681)
(405849, 506546, 186464, 1098859)
(405621, 506546, 186464, 1098631)
