(838588, 893352, 333384, 2065324)
(838428, 893352, 333384, 2065164)
(838060, 893352, 333384, 2064796)
(837685, 893352, 333384, 2064421)
(837455, 893352, 333384, 2064191)
(836864, 893352, 333384, 2063600)
(836023, 893352, 333384, 2062759)
(835417, 893352, 333384, 2062153)
(834438, 893352, 333384, 2061174)
(833627, 893352, 333384, 2060363)
(833351, 893352, 333384, 2060087)
(832828, 893352, 333384, 2059564)
(832349, 893352, 333384, 2059085)
(831769, 893352, 333384, 2058505)
(831244, 893352, 333384, 2057980)
(830593, 893352, 333384, 2057329)
(829591, 893352, 333384, 2056327)
(828823, 893352, 333384, 2055559)
(828446, 893352, 333384, 2055182)
(827725, 893352, 333384, 2054461)
(827019, 893352, 333384, 2053755)
(826212, 893352, 333384, 2052948)
(825319, 893352, 333384, 2052055)
(825023, 893352, 333384, 2051759)
(824518, 893352, 333384, 2051254)
(823629, 893352, 333384, 2050365)
(822609, 893352, 333384, 2049345)
(821706, 893352, 333384, 2048442)
(821127, 893352, 333384, 2047863)
(820397, 893352, 333384, 2047133)
(819992, 893352, 333384, 2046728)
(819364, 893352, 333384, 2046100)
(819156, 893352, 333384, 2045892)
(818290, 893352, 333384, 2045026)
(818004, 893352, 333384, 2044740)
(817953, 893352, 333384, 2044689)
(817353, 893352, 333384, 2044089)
(817081, 893352, 333384, 2043817)
(816634, 893352, 333384, 2043370)
(816159, 893352, 333384, 2042895)
(815294, 893352, 333384, 2042030)
(814150, 893352, 333384, 2040886)
(813452, 893352, 333384, 2040188)
(812599, 893352, 333384, 2039335)
(812352, 893352, 333384, 2039088)
(812159, 893352, 333384, 2038895)
(812095, 893352, 333384, 2038831)
(811405, 893352, 333384, 2038141)
(811267, 893352, 333384, 2038003)
(810537, 893352, 333384, 2037273)
(810264, 893352, 333384, 2037000)
(810025, 893352, 333384, 2036761)
(809616, 893352, 333384, 2036352)
(809076, 893352, 333384, 2035812)
(808540, 893352, 333384, 2035276)
(807775, 893352, 333384, 2034511)
(807029, 893352, 333384, 2033765)
(806654, 893352, 333384, 2033390)
(806354, 893352, 333384, 2033090)
(805733, 893352, 333384, 2032469)
(804890, 893352, 333384, 2031626)
(803909, 893352, 333384, 2030645)
(803802, 893352, 333384, 2030538)
(803461, 893352, 333384, 2030197)
(803050, 893352, 333384, 2029786)
(802948, 893352, 333384, 2029684)
(802047, 893352, 333384, 2028783)
(801930, 893352, 333384, 2028666)
(801484, 893352, 333384, 2028220)
(800964, 893352, 333384, 2027700)
(800339, 893352, 333384, 2027075)
(799752, 893352, 333384, 2026488)
(799027, 893352, 333384, 2025763)
(798666, 893352, 333384, 2025402)
(797687, 893352, 333384, 2024423)
(797593, 893352, 333384, 2024329)
(797067, 893352, 333384, 2023803)
(796201, 893352, 333384, 2022937)
(795844, 893352, 333384, 2022580)
(795221, 893352, 333384, 2021957)
(794963, 893352, 333384, 2021699)
(794397, 893352, 333384, 2021133)
(793968, 893352, 333384, 2020704)
(793267, 893352, 333384, 2020003)
(793061, 893352, 333384, 2019797)
(793006, 893352, 333384, 2019742)
(792850, 893352, 333384, 2019586)
(792496, 893352, 333384, 2019232)
(792187, 893352, 333384, 2018923)
(791578, 893352, 333384, 2018314)
(791136, 893352, 333384, 2017872)
(790406, 893352, 333384, 2017142)
(790259, 893352, 333384, 2016995)
(789675, 893352, 333384, 2016411)
(789242, 893352, 333384, 2015978)
(788920, 893352, 333384, 2015656)
(788019, 893352, 333384, 2014755)
(787095, 893352, 333384, 2013831)
(786463, 893352, 333384, 2013199)
(785742, 893352, 333384, 2012478)
(784900, 893352, 333384, 2011636)
(784368, 893352, 333384, 2011104)
(783429, 893352, 333384, 2010165)
(783083, 893352, 333384, 2009819)
(782362, 893352, 333384, 2009098)
(781750, 893352, 333384, 2008486)
(781313, 893352, 333384, 2008049)
(781028, 893352, 333384, 2007764)
(780311, 893352, 333384, 2007047)
(779386, 893352, 333384, 2006122)
(778640, 893352, 333384, 2005376)
(778264, 893352, 333384, 2005000)
(777787, 893352, 333384, 2004523)
(777696, 893352, 333384, 2004432)
(777497, 893352, 333384, 2004233)
(777130, 893352, 333384, 2003866)
(776954, 893352, 333384, 2003690)
(776666, 893352, 333384, 2003402)
(776094, 893352, 333384, 2002830)
(775636, 893352, 333384, 2002372)
(774879, 893352, 333384, 2001615)
(774199, 893352, 333384, 2000935)
(773684, 893352, 333384, 2000420)
(773314, 893352, 333384, 2000050)
(772879, 893352, 333384, 1999615)
(772330, 893352, 333384, 1999066)
(771866, 893352, 333384, 1998602)
(771258, 893352, 333384, 1997994)
(771078, 893352, 333384, 1997814)
(770429, 893352, 333384, 1997165)
(770266, 893352, 333384, 1997002)
(769911, 893352, 333384, 1996647)
(769378, 893352, 333384, 1996114)
(768491, 893352, 333384, 1995227)
(768411, 893352, 333384, 1995147)
(767490, 893352, 333384, 1994226)
(766974, 893352, 333384, 1993710)
(766109, 893352, 333384, 1992845)
(765777, 893352, 333384, 1992513)
(765357, 893352, 333384, 1992093)
(765124, 893352, 333384, 1991860)
(764378, 893352, 333384, 1991114)
(763920, 893352, 333384, 1990656)
(763919, 893352, 333384, 1990655)
(763247, 893352, 333384, 1989983)
(762173, 893352, 333384, 1988909)
(761750, 893352, 333384, 1988486)
(760514, 893352, 333384, 1987250)
(760091, 893352, 333384, 1986827)
(759898, 893352, 333384, 1986634)
(759113, 893352, 333384, 1985849)
(758777, 893352, 333384, 1985513)
(758354, 893352, 333384, 1985090)
(757765, 893352, 333384, 1984501)
(757493, 893352, 333384, 1984229)
(756665, 893352, 333384, 1983401)
(756148, 893352, 333384, 1982884)
(755958, 893352, 333384, 1982694)
(755547, 893352, 333384, 1982283)
(754730, 893352, 333384, 1981466)
(754455, 893352, 333384, 1981191)
(754020, 893352, 333384, 1980756)
(753631, 893352, 333384, 1980367)
(752767, 893352, 333384, 1979503)
(751952, 893352, 333384, 1978688)
(751936, 893352, 333384, 1978672)
(751297, 893352, 333384, 1978033)
(750933, 893352, 333384, 1977669)
(750391, 893352, 333384, 1977127)
(749603, 893352, 333384, 1976339)
(749433, 893352, 333384, 1976169)
(748977, 893352, 333384, 1975713)
(748323, 893352, 333384, 1975059)
(747759, 893352, 333384, 1974495)
(746863, 893352, 333384, 1973599)
(746055, 893352, 333384, 1972791)
(745525, 893352, 333384, 1972261)
(745134, 893352, 333384, 1971870)
(744442, 893352, 333384, 1971178)
(743395, 893352, 333384, 1970131)
(743230, 893352, 333384, 1969966)
(742814, 893352, 333384, 1969550)
(742463, 893352, 333384, 1969199)
(742208, 893352, 333384, 1968944)
(741942, 893352, 333384, 1968678)
(741372, 893352, 333384, 1968108)
(740887, 893352, 333384, 1967623)
(740587, 893352, 333384, 1967323)
(739814, 893352, 333384, 1966550)
(739693, 893352, 333384, 1966429)
(739523, 893352, 333384, 1966259)
(739090, 893352, 333384, 1965826)
(738854, 893352, 333384, 1965590)
(738682, 893352, 333384, 1965418)
(738124, 893352, 333384, 1964860)
(737737, 893352, 333384, 1964473)
(737736, 893352, 333384, 1964472)
(736890, 893352, 333384, 1963626)
(736264, 893352, 333384, 1963000)
(735793, 893352, 333384, 1962529)
(735438, 893352, 333384, 1962174)
(734631, 893352, 333384, 1961367)
(733759, 893352, 333384, 1960495)
(733609, 893352, 333384, 1960345)
(733352, 893352, 333384, 1960088)
(732653, 893352, 333384, 1959389)
(732041, 893352, 333384, 1958777)
(731632, 893352, 333384, 1958368)
(731036, 893352, 333384, 1957772)
(730293, 893352, 333384, 1957029)
(729625, 893352, 333384, 1956361)
(729396, 893352, 333384, 1956132)
(729157, 893352, 333384, 1955893)
(728499, 893352, 333384, 1955235)
(728381, 893352, 333384, 1955117)
(728165, 893352, 333384, 1954901)
(727848, 893352, 333384, 1954584)
(727486, 893352, 333384, 1954222)
(726977, 893352, 333384, 1953713)
(726017, 893352, 333384, 1952753)
(725340, 893352, 333384, 1952076)
(724775, 893352, 333384, 1951511)
(724198, 893352, 333384, 1950934)
(723809, 893352, 333384, 1950545)
(722848, 893352, 333384, 1949584)
(722235, 893352, 333384, 1948971)
(721225, 893352, 333384, 1947961)
(721107, 893352, 333384, 1947843)
(720498, 893352, 333384, 1947234)
(719448, 893352, 333384, 1946184)
(718599, 893352, 333384, 1945335)
(718386, 893352, 333384, 1945122)
(717857, 893352, 333384, 1944593)
(717330, 893352, 333384, 1944066)
(716931, 893352, 333384, 1943667)
(716512, 893352, 333384, 1943248)
(716057, 893352, 333384, 1942793)
(715913, 893352, 333384, 1942649)
(715508, 893352, 333384, 1942244)
(715110, 893352, 333384, 1941846)
(714174, 893352, 333384, 1940910)
(713428, 893352, 333384, 1940164)
(712712, 893352, 333384, 1939448)
(712477, 893352, 333384, 1939213)
(711754, 893352, 333384, 1938490)
(710975, 893352, 333384, 1937711)
(710812, 893352, 333384, 1937548)
(710254, 893352, 333384, 1936990)
(709883, 893352, 333384, 1936619)
(709433, 893352, 333384, 1936169)
(709278, 893352, 333384, 1936014)
(708702, 893352, 333384, 1935438)
(708242, 893352, 333384, 1934978)
(707915, 893352, 333384, 1934651)
(707340, 893352, 333384, 1934076)
(706860, 893352, 333384, 1933596)
(706404, 893352, 333384, 1933140)
(706184, 893352, 333384, 1932920)
(705308, 893352, 333384, 1932044)
(704641, 893352, 333384, 1931377)
(703735, 893352, 333384, 1930471)
(703374, 893352, 333384, 1930110)
(703078, 893352, 333384, 1929814)
(702657, 893352, 333384, 1929393)
(702124, 893352, 333384, 1928860)
(701612, 893352, 333384, 1928348)
(701071, 893352, 333384, 1927807)
(700575, 893352, 333384, 1927311)
(699738, 893352, 333384, 1926474)
(699478, 893352, 333384, 1926214)
(698978, 893352, 333384, 1925714)
(698298, 893352, 333384, 1925034)
(697951, 893352, 333384, 1924687)
(697269, 893352, 333384, 1924005)
(696523, 893352, 333384, 1923259)
(696114, 893352, 333384, 1922850)
(696079, 893352, 333384, 1922815)
(695636, 893352, 333384, 1922372)
(694988, 893352, 333384, 1921724)
(694616, 893352, 333384, 1921352)
(693544, 893352, 333384, 1920280)
(692706, 893352, 333384, 1919442)
(692397, 893352, 333384, 1919133)
(691677, 893352, 333384, 1918413)
(691305, 893352, 333384, 1918041)
(690580, 893352, 333384, 1917316)
(689950, 893352, 333384, 1916686)
(689633, 893352, 333384, 1916369)
(689273, 893352, 333384, 1916009)
(688608, 893352, 333384, 1915344)
(688323, 893352, 333384, 1915059)
(687658, 893352, 333384, 1914394)
(687189, 893352, 333384, 1913925)
(686681, 893352, 333384, 1913417)
(686244, 893352, 333384, 1912980)
(685796, 893352, 333384, 1912532)
(684911, 893352, 333384, 1911647)
(684199, 893352, 333384, 1910935)
(684198, 893352, 333384, 1910934)
(683664, 893352, 333384, 1910400)
(682509, 893352, 333384, 1909245)
(682410, 893352, 333384, 1909146)
(681706, 893352, 333384, 1908442)
(680745, 893352, 333384, 1907481)
(680321, 893352, 333384, 1907057)
(679636, 893352, 333384, 1906372)
(679123, 893352, 333384, 1905859)
(678479, 893352, 333384, 1905215)
(678154, 893352, 333384, 1904890)
(677845, 893352, 333384, 1904581)
(677037, 893352, 333384, 1903773)
(676791, 893352, 333384, 1903527)
(676754, 893352, 333384, 1903490)
(675990, 893352, 333384, 1902726)
(675448, 893352, 333384, 1902184)
(674762, 893352, 333384, 1901498)
(674317, 893352, 333384, 1901053)
(673788, 893352, 333384, 1900524)
(673080, 893352, 333384, 1899816)
(672691, 893352, 333384, 1899427)
(671839, 893352, 333384, 1898575)
(671027, 893352, 333384, 1897763)
(670857, 893352, 333384, 1897593)
(669848, 893352, 333384, 1896584)
(669301, 893352, 333384, 1896037)
(668544, 893352, 333384, 1895280)
(667992, 893352, 333384, 1894728)
(667600, 893352, 333384, 1894336)
(667255, 893352, 333384, 1893991)
(666615, 893352, 333384, 1893351)
(666191, 893352, 333384, 1892927)
(665958, 893352, 333384, 1892694)
(665267, 893352, 333384, 1892003)
(664872, 893352, 333384, 1891608)
(664815, 893352, 333384, 1891551)
(664530, 893352, 333384, 1891266)
(663785, 893352, 333384, 1890521)
(663299, 893352, 333384, 1890035)
(662977, 893352, 333384, 1889713)
(662742, 893352, 333384, 1889478)
(662295, 893352, 333384, 1889031)
(661920, 893352, 333384, 1888656)
(661478, 893352, 333384, 1888214)
(660613, 893352, 333384, 1887349)
(659859, 893352, 333384, 1886595)
(659243, 893352, 333384, 1885979)
(658781, 893352, 333384, 1885517)
(658227, 893352, 333384, 1884963)
(657640, 893352, 333384, 1884376)
(657090, 893352, 333384, 1883826)
(656767, 893352, 333384, 1883503)
(656605, 893352, 333384, 1883341)
(656084, 893352, 333384, 1882820)
(655637, 893352, 333384, 1882373)
(655094, 893352, 333384, 1881830)
(655011, 893352, 333384, 1881747)
(654528, 893352, 333384, 1881264)
(654344, 893352, 333384, 1881080)
(653605, 893352, 333384, 1880341)
(653230, 893352, 333384, 1879966)
(652872, 893352, 333384, 1879608)
(652403, 893352, 333384, 1879139)
(652261, 893352, 333384, 1878997)
(651815, 893352, 333384, 1878551)
(651212, 893352, 333384, 1877948)
(650640, 893352, 333384, 1877376)
(649889, 893352, 333384, 1876625)
(649400, 893352, 333384, 1876136)
(649118, 893352, 333384, 1875854)
(648268, 893352, 333384, 1875004)
(647547, 893352, 333384, 1874283)
(647401, 893352, 333384, 1874137)
(647373, 893352, 333384, 1874109)
(647192, 893352, 333384, 1873928)
(646487, 893352, 333384, 1873223)
(645553, 893352, 333384, 1872289)
(644635, 893352, 333384, 1871371)
(644416, 893352, 333384, 1871152)
(643535, 893352, 333384, 1870271)
(643320, 893352, 333384, 1870056)
(642781, 893352, 333384, 1869517)
(642293, 893352, 333384, 1869029)
(641638, 893352, 333384, 1868374)
(641014, 893352, 333384, 1867750)
(640720, 893352, 333384, 1867456)
(640187, 893352, 333384, 1866923)
(639308, 893352, 333384, 1866044)
(638255, 893352, 333384, 1864991)
(638237, 893352, 433733, 1965322)
(638102, 893352, 433413, 1964867)
(638083, 893352, 433355, 1964790)
(638028, 893352, 432103, 1963483)
(637857, 893352, 429249, 1960458)
(637833, 893352, 428539, 1959724)
(637710, 893352, 427867, 1958929)
