(1048784, 1134298, 324547, 2507629)
(1047946, 1134298, 324547, 2506791)
(1046964, 1134298, 324547, 2505809)
(1045922, 1134298, 324547, 2504767)
(1044765, 1134298, 324547, 2503610)
(1044376, 1134298, 324547, 2503221)
(1043446, 1134298, 324547, 2502291)
(1042893, 1134298, 324547, 2501738)
(1042427, 1134298, 324547, 2501272)
(1042273, 1134298, 324547, 2501118)
(1042068, 1134298, 324547, 2500913)
(1041918, 1134298, 324547, 2500763)
(1040937, 1134298, 324547, 2499782)
(1040104, 1134298, 324547, 2498949)
(1039343, 1134298, 324547, 2498188)
(1038567, 1134298, 324547, 2497412)
(1037710, 1134298, 324547, 2496555)
(1037149, 1134298, 324547, 2495994)
(1036580, 1134298, 324547, 2495425)
(1036305, 1134298, 324547, 2495150)
(1036136, 1134298, 324547, 2494981)
(1035582, 1134298, 324547, 2494427)
(1035072, 1134298, 324547, 2493917)
(1034597, 1134298, 324547, 2493442)
(1034067, 1134298, 324547, 2492912)
(1033245, 1134298, 324547, 2492090)
(1032330, 1134298, 324547, 2491175)
(1031867, 1134298, 324547, 2490712)
(1031234, 1134298, 324547, 2490079)
(1030644, 1134298, 324547, 2489489)
(1030156, 1134298, 324547, 2489001)
(1029722, 1134298, 324547, 2488567)
(1028853, 1134298, 324547, 2487698)
(1028807, 1134298, 324547, 2487652)
(1028086, 1134298, 324547, 2486931)
(1027572, 1134298, 324547, 2486417)
(1026766, 1134298, 324547, 2485611)
(1026350, 1134298, 324547, 2485195)
(1025717, 1134298, 324547, 2484562)
(1025262, 1134298, 324547, 2484107)
(1024807, 1134298, 324547, 2483652)
(1024424, 1134298, 324547, 2483269)
(1023740, 1134298, 324547, 2482585)
(1022679, 1134298, 324547, 2481524)
(1022576, 1134298, 324547, 2481421)
(1021740, 1134298, 324547, 2480585)
(1021241, 1134298, 324547, 2480086)
(1020870, 1134298, 324547, 2479715)
(1020534, 1134298, 324547, 2479379)
(1020315, 1134298, 324547, 2479160)
(1020183, 1134298, 324547, 2479028)
(1019959, 1134298, 324547, 2478804)
(1019483, 1134298, 324547, 2478328)
(1018760, 1134298, 324547, 2477605)
(1017896, 1134298, 324547, 2476741)
(1017757, 1134298, 324547, 2476602)
(1016881, 1134298, 324547, 2475726)
(1016486, 1134298, 324547, 2475331)
(1016379, 1134298, 324547, 2475224)
(1015921, 1134298, 324547, 2474766)
(1015412, 1134298, 324547, 2474257)
(1015060, 1134298, 324547, 2473905)
(1014869, 1134298, 324547, 2473714)
(1014447, 1134298, 324547, 2473292)
(1014180, 1134298, 324547, 2473025)
(1013386, 1134298, 324547, 2472231)
(1012884, 1134298, 324547, 2471729)
(1012302, 1134298, 324547, 2471147)
(1011983, 1134298, 324547, 2470828)
(1011255, 1134298, 324547, 2470100)
(1010422, 1134298, 324547, 2469267)
(1009598, 1134298, 324547, 2468443)
(1009175, 1134298, 324547, 2468020)
(1008882, 1134298, 324547, 2467727)
(1008465, 1134298, 324547, 2467310)
(1007875, 1134298, 324547, 2466720)
(1006945, 1134298, 324547, 2465790)
(1006650, 1134298, 324547, 2465495)
(1005957, 1134298, 324547, 2464802)
(1005676, 1134298, 324547, 2464521)
(1005435, 1134298, 324547, 2464280)
(1005248, 1134298, 324547, 2464093)
(1005101, 1134298, 324547, 2463946)
(1004476, 1134298, 324547, 2463321)
(1004034, 1134298, 324547, 2462879)
(1003211, 1134298, 324547, 2462056)
(1002676, 1134298, 324547, 2461521)
(1001756, 1134298, 324547, 2460601)
(1001276, 1134298, 324547, 2460121)
(1000680, 1134298, 324547, 2459525)
(1000336, 1134298, 324547, 2459181)
(1000334, 1134298, 324547, 2459179)
(1000156, 1134298, 324547, 2459001)
(999549, 1134298, 324547, 2458394)
(998981, 1134298, 324547, 2457826)
(997962, 1134298, 324547, 2456807)
(997536, 1134298, 324547, 2456381)
(997185, 1134298, 324547, 2456030)
(996665, 1134298, 324547, 2455510)
(996227, 1134298, 324547, 2455072)
(995638, 1134298, 324547, 2454483)
(994750, 1134298, 324547, 2453595)
(994122, 1134298, 324547, 2452967)
(993676, 1134298, 324547, 2452521)
(992850, 1134298, 324547, 2451695)
(992205, 1134298, 324547, 2451050)
(992071, 1134298, 324547, 2450916)
(991132, 1134298, 324547, 2449977)
(990641, 1134298, 324547, 2449486)
(989831, 1134298, 324547, 2448676)
(989468, 1134298, 324547, 2448313)
(988942, 1134298, 324547, 2447787)
(988175, 1134298, 324547, 2447020)
(987495, 1134298, 324547, 2446340)
(986896, 1134298, 324547, 2445741)
(986693, 1134298, 324547, 2445538)
(986266, 1134298, 324547, 2445111)
(985607, 1134298, 324547, 2444452)
(984543, 1134298, 324547, 2443388)
(984318, 1134298, 324547, 2443163)
(983926, 1134298, 324547, 2442771)
(983743, 1134298, 324547, 2442588)
(983554, 1134298, 324547, 2442399)
(983101, 1134298, 324547, 2441946)
(982237, 1134298, 324547, 2441082)
(981614, 1134298, 324547, 2440459)
(981375, 1134298, 324547, 2440220)
(980564, 1134298, 324547, 2439409)
(979521, 1134298, 324547, 2438366)
(979305, 1134298, 324547, 2438150)
(978616, 1134298, 324547, 2437461)
(977609, 1134298, 324547, 2436454)
(977260, 1134298, 324547, 2436105)
(976951, 1134298, 324547, 2435796)
(976805, 1134298, 324547, 2435650)
(976236, 1134298, 324547, 2435081)
(975632, 1134298, 324547, 2434477)
(975431, 1134298, 324547, 2434276)
(974911, 1134298, 324547, 2433756)
(974396, 1134298, 324547, 2433241)
(974112, 1134298, 324547, 2432957)
(973449, 1134298, 324547, 2432294)
(973013, 1134298, 324547, 2431858)
(972824, 1134298, 324547, 2431669)
(972324, 1134298, 324547, 2431169)
(972117, 1134298, 324547, 2430962)
(971224, 1134298, 324547, 2430069)
(970538, 1134298, 324547, 2429383)
(969926, 1134298, 324547, 2428771)
(969491, 1134298, 324547, 2428336)
(969295, 1134298, 324547, 2428140)
(968808, 1134298, 324547, 2427653)
(968029, 1134298, 324547, 2426874)
(967741, 1134298, 324547, 2426586)
(967569, 1134298, 324547, 2426414)
(967231, 1134298, 324547, 2426076)
(966773, 1134298, 324547, 2425618)
(966327, 1134298, 324547, 2425172)
(965828, 1134298, 324547, 2424673)
(965469, 1134298, 324547, 2424314)
(965252, 1134298, 324547, 2424097)
(964832, 1134298, 324547, 2423677)
(964547, 1134298, 324547, 2423392)
(963939, 1134298, 324547, 2422784)
(963209, 1134298, 324547, 2422054)
(962436, 1134298, 324547, 2421281)
(961745, 1134298, 324547, 2420590)
(961290, 1134298, 324547, 2420135)
(960635, 1134298, 324547, 2419480)
(959874, 1134298, 324547, 2418719)
(958923, 1134298, 324547, 2417768)
(958362, 1134298, 324547, 2417207)
(958212, 1134298, 324547, 2417057)
(957648, 1134298, 324547, 2416493)
(957101, 1134298, 324547, 2415946)
(956507, 1134298, 324547, 2415352)
(955642, 1134298, 324547, 2414487)
(954963, 1134298, 324547, 2413808)
(954527, 1134298, 324547, 2413372)
(953856, 1134298, 324547, 2412701)
(953393, 1134298, 324547, 2412238)
(952990, 1134298, 324547, 2411835)
(952492, 1134298, 324547, 2411337)
(951789, 1134298, 324547, 2410634)
(951515, 1134298, 324547, 2410360)
(951187, 1134298, 324547, 2410032)
(950412, 1134298, 324547, 2409257)
(949606, 1134298, 324547, 2408451)
(948900, 1134298, 324547, 2407745)
(948844, 1134298, 324547, 2407689)
(948254, 1134298, 324547, 2407099)
(947619, 1134298, 324547, 2406464)
(946783, 1134298, 324547, 2405628)
(946481, 1134298, 324547, 2405326)
(945622, 1134298, 324547, 2404467)
(945122, 1134298, 324547, 2403967)
(944723, 1134298, 324547, 2403568)
(944232, 1134298, 324547, 2403077)
(943907, 1134298, 324547, 2402752)
(943263, 1134298, 324547, 2402108)
(942566, 1134298, 324547, 2401411)
(942081, 1134298, 324547, 2400926)
(941618, 1134298, 324547, 2400463)
(940743, 1134298, 324547, 2399588)
(940199, 1134298, 324547, 2399044)
(939552, 1134298, 324547, 2398397)
(939269, 1134298, 324547, 2398114)
(938658, 1134298, 324547, 2397503)
(937878, 1134298, 324547, 2396723)
(937477, 1134298, 324547, 2396322)
(937067, 1134298, 324547, 2395912)
(936818, 1134298, 324547, 2395663)
(936302, 1134298, 324547, 2395147)
(936145, 1134298, 324547, 2394990)
(935491, 1134298, 324547, 2394336)
(934919, 1134298, 324547, 2393764)
(934531, 1134298, 324547, 2393376)
(933771, 1134298, 324547, 2392616)
(933114, 1134298, 324547, 2391959)
(932771, 1134298, 324547, 2391616)
(932141, 1134298, 324547, 2390986)
(931313, 1134298, 324547, 2390158)
(930862, 1134298, 324547, 2389707)
(930428, 1134298, 324547, 2389273)
(929396, 1134298, 324547, 2388241)
(928895, 1134298, 324547, 2387740)
(928152, 1134298, 324547, 2386997)
(927491, 1134298, 324547, 2386336)
(927056, 1134298, 324547, 2385901)
(926843, 1134298, 324547, 2385688)
(926628, 1134298, 324547, 2385473)
(926043, 1134298, 324547, 2384888)
(925625, 1134298, 324547, 2384470)
(924668, 1134298, 324547, 2383513)
(924056, 1134298, 324547, 2382901)
(923142, 1134298, 324547, 2381987)
(922259, 1134298, 324547, 2381104)
(922172, 1134298, 324547, 2381017)
(922007, 1134298, 324547, 2380852)
(921510, 1134298, 324547, 2380355)
(921000, 1134298, 324547, 2379845)
(920811, 1134298, 324547, 2379656)
(920060, 1134298, 324547, 2378905)
(919385, 1134298, 324547, 2378230)
(919259, 1134298, 324547, 2378104)
(918314, 1134298, 324547, 2377159)
(917533, 1134298, 324547, 2376378)
(917107, 1134298, 324547, 2375952)
(916455, 1134298, 324547, 2375300)
(915877, 1134298, 324547, 2374722)
(915261, 1134298, 324547, 2374106)
(914937, 1134298, 324547, 2373782)
(914625, 1134298, 324547, 2373470)
(913951, 1134298, 324547, 2372796)
(913707, 1134298, 324547, 2372552)
(913037, 1134298, 324547, 2371882)
(912921, 1134298, 324547, 2371766)
(912377, 1134298, 324547, 2371222)
(911739, 1134298, 324547, 2370584)
(911000, 1134298, 324547, 2369845)
(910815, 1134298, 324547, 2369660)
(910751, 1134298, 324547, 2369596)
(909891, 1134298, 324547, 2368736)
(909494, 1134298, 324547, 2368339)
(909005, 1134298, 324547, 2367850)
(908448, 1134298, 324547, 2367293)
(907835, 1134298, 324547, 2366680)
(907102, 1134298, 324547, 2365947)
(906880, 1134298, 324547, 2365725)
(906368, 1134298, 324547, 2365213)
(905801, 1134298, 324547, 2364646)
(905581, 1134298, 324547, 2364426)
(904694, 1134298, 324547, 2363539)
(903913, 1134298, 324547, 2362758)
(903534, 1134298, 324547, 2362379)
(903370, 1134298, 324547, 2362215)
(902835, 1134298, 324547, 2361680)
(902359, 1134298, 324547, 2361204)
(902267, 1134298, 324547, 2361112)
(901639, 1134298, 324547, 2360484)
(901589, 1134298, 324547, 2360434)
(900890, 1134298, 324547, 2359735)
(900248, 1134298, 324547, 2359093)
(899774, 1134298, 324547, 2358619)
(899417, 1134298, 324547, 2358262)
(899193, 1134298, 324547, 2358038)
(898277, 1134298, 324547, 2357122)
(897658, 1134298, 324547, 2356503)
(897474, 1134298, 324547, 2356319)
(896589, 1134298, 324547, 2355434)
(896083, 1134298, 324547, 2354928)
(895301, 1134298, 324547, 2354146)
(895026, 1134298, 324547, 2353871)
(894574, 1134298, 324547, 2353419)
(894231, 1134298, 324547, 2353076)
(893689, 1134298, 324547, 2352534)
(893616, 1134298, 324547, 2352461)
(893274, 1134298, 324547, 2352119)
(892586, 1134298, 324547, 2351431)
(892047, 1134298, 324547, 2350892)
(891399, 1134298, 324547, 2350244)
(891211, 1134298, 324547, 2350056)
(891001, 1134298, 324547, 2349846)
(890458, 1134298, 324547, 2349303)
(890121, 1134298, 324547, 2348966)
(889390, 1134298, 324547, 2348235)
(889089, 1134298, 324547, 2347934)
(888251, 1134298, 324547, 2347096)
(887610, 1134298, 324547, 2346455)
(887437, 1134298, 324547, 2346282)
(886527, 1134298, 324547, 2345372)
(886147, 1134298, 324547, 2344992)
(885870, 1134298, 324547, 2344715)
(885683, 1134298, 324547, 2344528)
(885371, 1134298, 324547, 2344216)
(884738, 1134298, 324547, 2343583)
(884510, 1134298, 324547, 2343355)
(884124, 1134298, 324547, 2342969)
(883614, 1134298, 324547, 2342459)
(883524, 1134298, 324547, 2342369)
(882749, 1134298, 324547, 2341594)
(882627, 1134298, 324547, 2341472)
(881982, 1134298, 324547, 2340827)
(881306, 1134298, 324547, 2340151)
(880988, 1134298, 324547, 2339833)
(880788, 1134298, 324547, 2339633)
(879954, 1134298, 324547, 2338799)
(879685, 1134298, 324547, 2338530)
(878997, 1134298, 324547, 2337842)
(878490, 1134298, 324547, 2337335)
(877758, 1134298, 324547, 2336603)
(877317, 1134298, 324547, 2336162)
(876476, 1134298, 324547, 2335321)
(876072, 1134298, 324547, 2334917)
(875538, 1134298, 324547, 2334383)
(875035, 1134298, 324547, 2333880)
(874016, 1134298, 324547, 2332861)
(873377, 1134298, 324547, 2332222)
(872492, 1134298, 324547, 2331337)
(871936, 1134298, 324547, 2330781)
(871282, 1134298, 324547, 2330127)
(870723, 1134298, 324547, 2329568)
(870263, 1134298, 324547, 2329108)
(869954, 1134298, 324547, 2328799)
(869250, 1134298, 324547, 2328095)
(868362, 1134298, 324547, 2327207)
(867562, 1134298, 324547, 2326407)
(867189, 1134298, 324547, 2326034)
(866648, 1134298, 324547, 2325493)
(866207, 1134298, 324547, 2325052)
(866142, 1134298, 324547, 2324987)
(866031, 1134298, 324547, 2324876)
(865808, 1134298, 324547, 2324653)
(865654, 1134298, 324547, 2324499)
(865310, 1134298, 324547, 2324155)
(865024, 1134298, 324547, 2323869)
(864392, 1134298, 324547, 2323237)
(863844, 1134298, 324547, 2322689)
(863075, 1134298, 324547, 2321920)
(862296, 1134298, 324547, 2321141)
(862106, 1134298, 324547, 2320951)
(861770, 1134298, 324547, 2320615)
(861515, 1134298, 324547, 2320360)
(860731, 1134298, 324547, 2319576)
(860445, 1134298, 324547, 2319290)
(860289, 1134298, 324547, 2319134)
(859918, 1134298, 324547, 2318763)
(859683, 1134298, 324547, 2318528)
(859035, 1134298, 324547, 2317880)
(858243, 1134298, 324547, 2317088)
(857749, 1134298, 324547, 2316594)
(857304, 1134298, 324547, 2316149)
(856719, 1134298, 324547, 2315564)
(856343, 1134298, 324547, 2315188)
(856042, 1134298, 324547, 2314887)
(855801, 1134298, 324547, 2314646)
(855698, 1134298, 324547, 2314543)
(855555, 1134298, 324547, 2314400)
(855199, 1134298, 324547, 2314044)
(854577, 1134298, 324547, 2313422)
(854232, 1134298, 324547, 2313077)
(853375, 1134298, 324547, 2312220)
(852458, 1134298, 324547, 2311303)
(851770, 1134298, 324547, 2310615)
(851540, 1134298, 324547, 2310385)
(851235, 1134298, 324547, 2310080)
(850507, 1134298, 324547, 2309352)
(849885, 1134298, 324547, 2308730)
(849222, 1134298, 324547, 2308067)
(848270, 1134298, 324547, 2307115)
(847535, 1134298, 324547, 2306380)
(847259, 1134298, 324547, 2306104)
(846743, 1134298, 324547, 2305588)
(845881, 1134298, 324547, 2304726)
(845140, 1134298, 324547, 2303985)
(844203, 1134298, 324547, 2303048)
(843888, 1134298, 324547, 2302733)
(843633, 1134298, 324547, 2302478)
(843610, 1134298, 324547, 2302455)
(843442, 1134298, 324547, 2302287)
(842939, 1134298, 324547, 2301784)
(842304, 1134298, 324547, 2301149)
(841794, 1134298, 324547, 2300639)
(841303, 1134298, 324547, 2300148)
(840494, 1134298, 324547, 2299339)
(839901, 1134298, 324547, 2298746)
(838925, 1134298, 324547, 2297770)
(838410, 1134298, 324547, 2297255)
(837792, 1134298, 324547, 2296637)
(837561, 1134298, 324547, 2296406)
(836591, 1134298, 324547, 2295436)
(836008, 1134298, 324547, 2294853)
(835992, 1134298, 324547, 2294837)
(835475, 1134298, 324547, 2294320)
(835047, 1134298, 324547, 2293892)
(834342, 1134298, 324547, 2293187)
(833711, 1134298, 324547, 2292556)
(833240, 1134298, 324547, 2292085)
(833194, 1134298, 324547, 2292039)
(832909, 1134298, 324547, 2291754)
(832521, 1134298, 324547, 2291366)
(832221, 1134298, 324547, 2291066)
(831661, 1134298, 324547, 2290506)
(831265, 1134298, 324547, 2290110)
(830177, 1134298, 324547, 2289022)
(830004, 1134298, 324547, 2288849)
(829463, 1134298, 324547, 2288308)
(829273, 1134298, 324547, 2288118)
(828597, 1134298, 324547, 2287442)
(828293, 1134298, 324547, 2287138)
(828118, 1134298, 324547, 2286963)
(827735, 1134298, 324547, 2286580)
(827203, 1134298, 324547, 2286048)
(826646, 1134298, 324547, 2285491)
(825879, 1134298, 324547, 2284724)
(825342, 1134298, 324547, 2284187)
(824526, 1134298, 324547, 2283371)
(823987, 1134298, 324547, 2282832)
(823452, 1134298, 324547, 2282297)
(822505, 1134298, 324547, 2281350)
(821979, 1134298, 324547, 2280824)
(821497, 1134298, 324547, 2280342)
(820991, 1134298, 324547, 2279836)
(820720, 1134298, 324547, 2279565)
(819715, 1134298, 324547, 2278560)
(818712, 1134298, 324547, 2277557)
(818700, 1134298, 324547, 2277545)
(818275, 1134298, 324547, 2277120)
(817462, 1134298, 324547, 2276307)
(817267, 1134298, 324547, 2276112)
(816288, 1134298, 324547, 2275133)
(815452, 1134298, 324547, 2274297)
(815143, 1134298, 324547, 2273988)
(814207, 1134298, 324547, 2273052)
(813884, 1134298, 324547, 2272729)
(813355, 1134298, 324547, 2272200)
(812484, 1134298, 324547, 2271329)
(811962, 1134298, 324547, 2270807)
(811522, 1134298, 324547, 2270367)
(811161, 1134298, 324547, 2270006)
(810213, 1134298, 324547, 2269058)
(809924, 1134298, 324547, 2268769)
(809166, 1134298, 324547, 2268011)
(808048, 1134298, 324547, 2266893)
(807780, 1134298, 324547, 2266625)
(806986, 1134298, 324547, 2265831)
(806497, 1134298, 324547, 2265342)
(805650, 1134298, 324547, 2264495)
(805471, 1134298, 324547, 2264316)
(805252, 1134298, 324547, 2264097)
(804607, 1134298, 324547, 2263452)
(804143, 1134298, 324547, 2262988)
(803191, 1134298, 324547, 2262036)
(802258, 1134298, 324547, 2261103)
(801946, 1134298, 324547, 2260791)
(800831, 1134298, 324547, 2259676)
(800340, 1134298, 324547, 2259185)
(799947, 1134298, 324547, 2258792)
(799645, 1134298, 324547, 2258490)
(799019, 1134298, 324547, 2257864)
(798909, 1134298, 324547, 2257754)
(798480, 1134298, 324547, 2257325)
(798137, 1134298, 324547, 2256982)
(797770, 1134298, 324547, 2256615)
(797556, 1134298, 324547, 2256401)
(796591, 1134298, 324547, 2255436)
(796128, 1134298, 324547, 2254973)
(795123, 1134298, 324547, 2253968)
(794735, 1134298, 324547, 2253580)
(794341, 1134298, 324547, 2253186)
(793997, 1134298, 324547, 2252842)
(793662, 1134298, 324547, 2252507)
(793196, 1134298, 324547, 2252041)
(792433, 1134298, 324547, 2251278)
(792072, 1134298, 324547, 2250917)
(791733, 1134298, 324547, 2250578)
(791255, 1134298, 324547, 2250100)
(790647, 1134298, 324547, 2249492)
(789945, 1134298, 324547, 2248790)
(789631, 1134298, 324547, 2248476)
(789273, 1134298, 324547, 2248118)
(788845, 1134298, 324547, 2247690)
(788450, 1134298, 324547, 2247295)
(788131, 1134298, 324547, 2246976)
