(1316988, 1379740, 367797, 3064525)
(1316169, 1379740, 367797, 3063706)
(1315370, 1379740, 367797, 3062907)
(1314586, 1379740, 367797, 3062123)
(1313784, 1379740, 367797, 3061321)
(1313306, 1379740, 367797, 3060843)
(1312736, 1379740, 367797, 3060273)
(1311919, 1379740, 367797, 3059456)
(1311125, 1379740, 367797, 3058662)
(1310587, 1379740, 367797, 3058124)
(1310069, 1379740, 367797, 3057606)
(1309952, 1379740, 367797, 3057489)
(1309481, 1379740, 367797, 3057018)
(1309196, 1379740, 367797, 3056733)
(1308683, 1379740, 367797, 3056220)
(1307910, 1379740, 367797, 3055447)
(1307131, 1379740, 367797, 3054668)
(1306281, 1379740, 367797, 3053818)
(1305791, 1379740, 367797, 3053328)
(1305175, 1379740, 367797, 3052712)
(1304830, 1379740, 367797, 3052367)
(1304566, 1379740, 367797, 3052103)
(1304047, 1379740, 367797, 3051584)
(1303285, 1379740, 367797, 3050822)
(1302912, 1379740, 367797, 3050449)
(1302118, 1379740, 367797, 3049655)
(1301535, 1379740, 367797, 3049072)
(1301341, 1379740, 367797, 3048878)
(1300861, 1379740, 367797, 3048398)
(1300622, 1379740, 367797, 3048159)
(1300306, 1379740, 367797, 3047843)
(1300055, 1379740, 367797, 3047592)
(1299510, 1379740, 367797, 3047047)
(1298764, 1379740, 367797, 3046301)
(1298199, 1379740, 367797, 3045736)
(1297673, 1379740, 367797, 3045210)
(1297328, 1379740, 367797, 3044865)
(1296427, 1379740, 367797, 3043964)
(1295736, 1379740, 367797, 3043273)
(1295147, 1379740, 367797, 3042684)
(1294767, 1379740, 367797, 3042304)
(1294608, 1379740, 367797, 3042145)
(1294356, 1379740, 367797, 3041893)
(1294296, 1379740, 367797, 3041833)
(1294080, 1379740, 367797, 3041617)
(1293990, 1379740, 367797, 3041527)
(1293778, 1379740, 367797, 3041315)
(1293225, 1379740, 367797, 3040762)
(1292462, 1379740, 367797, 3039999)
(1292026, 1379740, 367797, 3039563)
(1291653, 1379740, 367797, 3039190)
(1291201, 1379740, 367797, 3038738)
(1290612, 1379740, 367797, 3038149)
(1290212, 1379740, 367797, 3037749)
(1289735, 1379740, 367797, 3037272)
(1289103, 1379740, 367797, 3036640)
(1288355, 1379740, 367797, 3035892)
(1287652, 1379740, 367797, 3035189)
(1286904, 1379740, 367797, 3034441)
(1286674, 1379740, 367797, 3034211)
(1286346, 1379740, 367797, 3033883)
(1285643, 1379740, 367797, 3033180)
(1284552, 1379740, 367797, 3032089)
(1283758, 1379740, 367797, 3031295)
(1283113, 1379740, 367797, 3030650)
(1282783, 1379740, 367797, 3030320)
(1281903, 1379740, 367797, 3029440)
(1281103, 1379740, 367797, 3028640)
(1280593, 1379740, 367797, 3028130)
(1280055, 1379740, 367797, 3027592)
(1279745, 1379740, 367797, 3027282)
(1279377, 1379740, 367797, 3026914)
(1278477, 1379740, 367797, 3026014)
(1277674, 1379740, 367797, 3025211)
(1276934, 1379740, 367797, 3024471)
(1276318, 1379740, 367797, 3023855)
(1275520, 1379740, 367797, 3023057)
(1274982, 1379740, 367797, 3022519)
(1274666, 1379740, 367797, 3022203)
(1274143, 1379740, 367797, 3021680)
(1273484, 1379740, 367797, 3021021)
(1273049, 1379740, 367797, 3020586)
(1272300, 1379740, 367797, 3019837)
(1272118, 1379740, 367797, 3019655)
(1271387, 1379740, 367797, 3018924)
(1271125, 1379740, 367797, 3018662)
(1270490, 1379740, 367797, 3018027)
(1269926, 1379740, 367797, 3017463)
(1269421, 1379740, 367797, 3016958)
(1268803, 1379740, 367797, 3016340)
(1268095, 1379740, 367797, 3015632)
(1267277, 1379740, 367797, 3014814)
(1266536, 1379740, 367797, 3014073)
(1266488, 1379740, 367797, 3014025)
(1265897, 1379740, 367797, 3013434)
(1265643, 1379740, 367797, 3013180)
(1264871, 1379740, 367797, 3012408)
(1264297, 1379740, 367797, 3011834)
(1263777, 1379740, 367797, 3011314)
(1263151, 1379740, 367797, 3010688)
(1262893, 1379740, 367797, 3010430)
(1262322, 1379740, 367797, 3009859)
(1261853, 1379740, 367797, 3009390)
(1261583, 1379740, 367797, 3009120)
(1261378, 1379740, 367797, 3008915)
(1261235, 1379740, 367797, 3008772)
(1260820, 1379740, 367797, 3008357)
(1260384, 1379740, 367797, 3007921)
(1259734, 1379740, 367797, 3007271)
(1259369, 1379740, 367797, 3006906)
(1258468, 1379740, 367797, 3006005)
(1257597, 1379740, 367797, 3005134)
(1257140, 1379740, 367797, 3004677)
(1256949, 1379740, 367797, 3004486)
(1256525, 1379740, 367797, 3004062)
(1255995, 1379740, 367797, 3003532)
(1255881, 1379740, 367797, 3003418)
(1255718, 1379740, 367797, 3003255)
(1254717, 1379740, 367797, 3002254)
(1253778, 1379740, 367797, 3001315)
(1253114, 1379740, 367797, 3000651)
(1252230, 1379740, 367797, 2999767)
(1251205, 1379740, 367797, 2998742)
(1250363, 1379740, 367797, 2997900)
(1250270, 1379740, 367797, 2997807)
(1249754, 1379740, 367797, 2997291)
(1249428, 1379740, 367797, 2996965)
(1248850, 1379740, 367797, 2996387)
(1248568, 1379740, 367797, 2996105)
(1247970, 1379740, 367797, 2995507)
(1247401, 1379740, 367797, 2994938)
(1246841, 1379740, 367797, 2994378)
(1246225, 1379740, 367797, 2993762)
(1245360, 1379740, 367797, 2992897)
(1245174, 1379740, 367797, 2992711)
(1244930, 1379740, 367797, 2992467)
(1244647, 1379740, 367797, 2992184)
(1244489, 1379740, 367797, 2992026)
(1243942, 1379740, 367797, 2991479)
(1243869, 1379740, 367797, 2991406)
(1243384, 1379740, 367797, 2990921)
(1243254, 1379740, 367797, 2990791)
(1242827, 1379740, 367797, 2990364)
(1242500, 1379740, 367797, 2990037)
(1241465, 1379740, 367797, 2989002)
(1240665, 1379740, 367797, 2988202)
(1239852, 1379740, 367797, 2987389)
(1239505, 1379740, 367797, 2987042)
(1238964, 1379740, 367797, 2986501)
(1238516, 1379740, 367797, 2986053)
(1238270, 1379740, 367797, 2985807)
(1237489, 1379740, 367797, 2985026)
(1237055, 1379740, 367797, 2984592)
(1236053, 1379740, 367797, 2983590)
(1235740, 1379740, 367797, 2983277)
(1235406, 1379740, 367797, 2982943)
(1234740, 1379740, 367797, 2982277)
(1234288, 1379740, 367797, 2981825)
(1233747, 1379740, 367797, 2981284)
(1233458, 1379740, 367797, 2980995)
(1232984, 1379740, 367797, 2980521)
(1232841, 1379740, 367797, 2980378)
(1232324, 1379740, 367797, 2979861)
(1231643, 1379740, 367797, 2979180)
(1231023, 1379740, 367797, 2978560)
(1230768, 1379740, 367797, 2978305)
(1230259, 1379740, 367797, 2977796)
(1229840, 1379740, 367797, 2977377)
(1229477, 1379740, 367797, 2977014)
(1229467, 1379740, 367797, 2977004)
(1228828, 1379740, 367797, 2976365)
(1228350, 1379740, 367797, 2975887)
(1227870, 1379740, 367797, 2975407)
(1227530, 1379740, 367797, 2975067)
(1226643, 1379740, 367797, 2974180)
(1225926, 1379740, 367797, 2973463)
(1225266, 1379740, 367797, 2972803)
(1224323, 1379740, 367797, 2971860)
(1223777, 1379740, 367797, 2971314)
(1222857, 1379740, 367797, 2970394)
(1222748, 1379740, 367797, 2970285)
(1222310, 1379740, 367797, 2969847)
(1221703, 1379740, 367797, 2969240)
(1221271, 1379740, 367797, 2968808)
(1220779, 1379740, 367797, 2968316)
(1219874, 1379740, 367797, 2967411)
(1219485, 1379740, 367797, 2967022)
(1218768, 1379740, 367797, 2966305)
(1218026, 1379740, 367797, 2965563)
(1217480, 1379740, 367797, 2965017)
(1217050, 1379740, 367797, 2964587)
(1217047, 1379740, 367797, 2964584)
(1216846, 1379740, 367797, 2964383)
(1216344, 1379740, 367797, 2963881)
(1215679, 1379740, 367797, 2963216)
(1215497, 1379740, 367797, 2963034)
(1215018, 1379740, 367797, 2962555)
(1214592, 1379740, 367797, 2962129)
(1214310, 1379740, 367797, 2961847)
(1213975, 1379740, 367797, 2961512)
(1213690, 1379740, 367797, 2961227)
(1213451, 1379740, 367797, 2960988)
(1213284, 1379740, 367797, 2960821)
(1212416, 1379740, 367797, 2959953)
(1212206, 1379740, 367797, 2959743)
(1211769, 1379740, 367797, 2959306)
(1211335, 1379740, 367797, 2958872)
(1210746, 1379740, 367797, 2958283)
(1210099, 1379740, 367797, 2957636)
(1209867, 1379740, 367797, 2957404)
(1209041, 1379740, 367797, 2956578)
(1207953, 1379740, 367797, 2955490)
(1207206, 1379740, 367797, 2954743)
(1206727, 1379740, 367797, 2954264)
(1206555, 1379740, 367797, 2954092)
(1206072, 1379740, 367797, 2953609)
(1205629, 1379740, 367797, 2953166)
(1205099, 1379740, 367797, 2952636)
(1204804, 1379740, 367797, 2952341)
(1204793, 1379740, 367797, 2952330)
(1204452, 1379740, 367797, 2951989)
(1204227, 1379740, 367797, 2951764)
(1204070, 1379740, 367797, 2951607)
(1203577, 1379740, 367797, 2951114)
(1203050, 1379740, 367797, 2950587)
(1202869, 1379740, 367797, 2950406)
(1202248, 1379740, 367797, 2949785)
(1201463, 1379740, 367797, 2949000)
(1200646, 1379740, 367797, 2948183)
(1199977, 1379740, 367797, 2947514)
(1199668, 1379740, 367797, 2947205)
(1199259, 1379740, 367797, 2946796)
(1198604, 1379740, 367797, 2946141)
(1198413, 1379740, 367797, 2945950)
(1198034, 1379740, 367797, 2945571)
(1197682, 1379740, 367797, 2945219)
(1196880, 1379740, 367797, 2944417)
(1196186, 1379740, 367797, 2943723)
(1195848, 1379740, 367797, 2943385)
(1195271, 1379740, 367797, 2942808)
(1194993, 1379740, 367797, 2942530)
(1194378, 1379740, 367797, 2941915)
(1193735, 1379740, 367797, 2941272)
(1192799, 1379740, 367797, 2940336)
(1192138, 1379740, 367797, 2939675)
(1191737, 1379740, 367797, 2939274)
(1191716, 1379740, 367797, 2939253)
(1190720, 1379740, 367797, 2938257)
(1190501, 1379740, 367797, 2938038)
(1190109, 1379740, 367797, 2937646)
(1189610, 1379740, 367797, 2937147)
(1189131, 1379740, 367797, 2936668)
(1188545, 1379740, 367797, 2936082)
(1188134, 1379740, 367797, 2935671)
(1186990, 1379740, 367797, 2934527)
(1186157, 1379740, 367797, 2933694)
(1184889, 1379740, 367797, 2932426)
(1183736, 1379740, 367797, 2931273)
(1182980, 1379740, 367797, 2930517)
(1182458, 1379740, 367797, 2929995)
(1181514, 1379740, 367797, 2929051)
(1181005, 1379740, 367797, 2928542)
(1180578, 1379740, 367797, 2928115)
(1179804, 1379740, 367797, 2927341)
(1179002, 1379740, 367797, 2926539)
(1178543, 1379740, 367797, 2926080)
(1177960, 1379740, 367797, 2925497)
(1177059, 1379740, 367797, 2924596)
(1176482, 1379740, 367797, 2924019)
(1176274, 1379740, 367797, 2923811)
(1175881, 1379740, 367797, 2923418)
(1175417, 1379740, 367797, 2922954)
(1175090, 1379740, 367797, 2922627)
(1174080, 1379740, 367797, 2921617)
(1173475, 1379740, 367797, 2921012)
(1172427, 1379740, 367797, 2919964)
(1171585, 1379740, 367797, 2919122)
(1170724, 1379740, 367797, 2918261)
(1170227, 1379740, 367797, 2917764)
(1169762, 1379740, 367797, 2917299)
(1169587, 1379740, 367797, 2917124)
(1168869, 1379740, 367797, 2916406)
(1168508, 1379740, 367797, 2916045)
(1167792, 1379740, 367797, 2915329)
(1166968, 1379740, 367797, 2914505)
(1166364, 1379740, 367797, 2913901)
(1165997, 1379740, 367797, 2913534)
(1165914, 1379740, 367797, 2913451)
(1165547, 1379740, 367797, 2913084)
(1164548, 1379740, 367797, 2912085)
(1164220, 1379740, 367797, 2911757)
(1163856, 1379740, 367797, 2911393)
(1163358, 1379740, 367797, 2910895)
(1162953, 1379740, 367797, 2910490)
(1162471, 1379740, 367797, 2910008)
(1161809, 1379740, 367797, 2909346)
(1161472, 1379740, 367797, 2909009)
(1160602, 1379740, 367797, 2908139)
(1159490, 1379740, 367797, 2907027)
(1159352, 1379740, 367797, 2906889)
(1159121, 1379740, 367797, 2906658)
(1158804, 1379740, 367797, 2906341)
(1158489, 1379740, 367797, 2906026)
(1157713, 1379740, 367797, 2905250)
(1156804, 1379740, 367797, 2904341)
(1155930, 1379740, 367797, 2903467)
(1155349, 1379740, 367797, 2902886)
(1155127, 1379740, 367797, 2902664)
(1154394, 1379740, 367797, 2901931)
(1153993, 1379740, 367797, 2901530)
(1153954, 1379740, 367797, 2901491)
(1152974, 1379740, 367797, 2900511)
(1152602, 1379740, 367797, 2900139)
(1152123, 1379740, 367797, 2899660)
(1151559, 1379740, 367797, 2899096)
(1151138, 1379740, 367797, 2898675)
(1150834, 1379740, 367797, 2898371)
(1149930, 1379740, 367797, 2897467)
(1149098, 1379740, 367797, 2896635)
(1148051, 1379740, 367797, 2895588)
(1147787, 1379740, 367797, 2895324)
(1147668, 1379740, 367797, 2895205)
(1146692, 1379740, 367797, 2894229)
(1146001, 1379740, 367797, 2893538)
(1145509, 1379740, 367797, 2893046)
(1144662, 1379740, 367797, 2892199)
(1144270, 1379740, 367797, 2891807)
(1143515, 1379740, 367797, 2891052)
(1142899, 1379740, 367797, 2890436)
(1142208, 1379740, 367797, 2889745)
(1141628, 1379740, 367797, 2889165)
(1140708, 1379740, 367797, 2888245)
(1139946, 1379740, 367797, 2887483)
(1139380, 1379740, 367797, 2886917)
(1138881, 1379740, 367797, 2886418)
(1138089, 1379740, 367797, 2885626)
(1137678, 1379740, 367797, 2885215)
(1137236, 1379740, 367797, 2884773)
(1136235, 1379740, 367797, 2883772)
(1135790, 1379740, 367797, 2883327)
(1135463, 1379740, 367797, 2883000)
(1135012, 1379740, 367797, 2882549)
(1134356, 1379740, 367797, 2881893)
(1133633, 1379740, 367797, 2881170)
(1133139, 1379740, 367797, 2880676)
(1132658, 1379740, 367797, 2880195)
(1131963, 1379740, 367797, 2879500)
(1131651, 1379740, 367797, 2879188)
(1131264, 1379740, 367797, 2878801)
(1130845, 1379740, 367797, 2878382)
(1130390, 1379740, 367797, 2877927)
(1130011, 1379740, 367797, 2877548)
(1129482, 1379740, 367797, 2877019)
(1128621, 1379740, 367797, 2876158)
(1128002, 1379740, 367797, 2875539)
(1127880, 1379740, 367797, 2875417)
(1127189, 1379740, 367797, 2874726)
(1126943, 1379740, 367797, 2874480)
(1126129, 1379740, 367797, 2873666)
(1125610, 1379740, 367797, 2873147)
(1125389, 1379740, 367797, 2872926)
(1125176, 1379740, 367797, 2872713)
(1124576, 1379740, 367797, 2872113)
(1124217, 1379740, 367797, 2871754)
(1123907, 1379740, 367797, 2871444)
(1123710, 1379740, 367797, 2871247)
(1123560, 1379740, 367797, 2871097)
(1123213, 1379740, 367797, 2870750)
(1122436, 1379740, 367797, 2869973)
(1121699, 1379740, 367797, 2869236)
(1120879, 1379740, 367797, 2868416)
(1120455, 1379740, 367797, 2867992)
(1119892, 1379740, 367797, 2867429)
(1119213, 1379740, 367797, 2866750)
(1118503, 1379740, 367797, 2866040)
(1117541, 1379740, 367797, 2865078)
(1117094, 1379740, 367797, 2864631)
(1116755, 1379740, 367797, 2864292)
(1116166, 1379740, 367797, 2863703)
(1115943, 1379740, 367797, 2863480)
(1115260, 1379740, 367797, 2862797)
(1114596, 1379740, 367797, 2862133)
(1113849, 1379740, 367797, 2861386)
(1113088, 1379740, 367797, 2860625)
(1112813, 1379740, 367797, 2860350)
(1112307, 1379740, 367797, 2859844)
(1111383, 1379740, 367797, 2858920)
(1111114, 1379740, 367797, 2858651)
(1110776, 1379740, 367797, 2858313)
(1109864, 1379740, 367797, 2857401)
(1109430, 1379740, 367797, 2856967)
(1108544, 1379740, 367797, 2856081)
(1108368, 1379740, 367797, 2855905)
(1107917, 1379740, 367797, 2855454)
(1107376, 1379740, 367797, 2854913)
(1106847, 1379740, 367797, 2854384)
(1106672, 1379740, 367797, 2854209)
(1106152, 1379740, 367797, 2853689)
(1105288, 1379740, 367797, 2852825)
(1104605, 1379740, 367797, 2852142)
(1103965, 1379740, 367797, 2851502)
(1103710, 1379740, 367797, 2851247)
(1103279, 1379740, 367797, 2850816)
(1102942, 1379740, 367797, 2850479)
(1102209, 1379740, 367797, 2849746)
(1101884, 1379740, 367797, 2849421)
(1101340, 1379740, 367797, 2848877)
(1101000, 1379740, 367797, 2848537)
(1100470, 1379740, 367797, 2848007)
(1099885, 1379740, 367797, 2847422)
(1099772, 1379740, 367797, 2847309)
(1099097, 1379740, 367797, 2846634)
(1098782, 1379740, 367797, 2846319)
(1098047, 1379740, 367797, 2845584)
(1097769, 1379740, 367797, 2845306)
(1097384, 1379740, 367797, 2844921)
(1097106, 1379740, 367797, 2844643)
(1096510, 1379740, 367797, 2844047)
(1096334, 1379740, 367797, 2843871)
(1095903, 1379740, 367797, 2843440)
(1095439, 1379740, 367797, 2842976)
(1094806, 1379740, 367797, 2842343)
(1094419, 1379740, 367797, 2841956)
(1093679, 1379740, 367797, 2841216)
(1093598, 1379740, 367797, 2841135)
(1093002, 1379740, 367797, 2840539)
(1092484, 1379740, 367797, 2840021)
(1092160, 1379740, 367797, 2839697)
(1091407, 1379740, 367797, 2838944)
(1090974, 1379740, 367797, 2838511)
(1090248, 1379740, 367797, 2837785)
(1089707, 1379740, 367797, 2837244)
(1089177, 1379740, 367797, 2836714)
(1088737, 1379740, 367797, 2836274)
(1088140, 1379740, 367797, 2835677)
(1087785, 1379740, 367797, 2835322)
(1086893, 1379740, 367797, 2834430)
(1086367, 1379740, 367797, 2833904)
(1085698, 1379740, 367797, 2833235)
(1085256, 1379740, 367797, 2832793)
(1084547, 1379740, 367797, 2832084)
(1084037, 1379740, 367797, 2831574)
(1083394, 1379740, 367797, 2830931)
(1082754, 1379740, 367797, 2830291)
(1082334, 1379740, 367797, 2829871)
(1081681, 1379740, 367797, 2829218)
(1080971, 1379740, 367797, 2828508)
(1080475, 1379740, 367797, 2828012)
(1080036, 1379740, 367797, 2827573)
(1079894, 1379740, 367797, 2827431)
(1079343, 1379740, 367797, 2826880)
(1078990, 1379740, 367797, 2826527)
(1078275, 1379740, 367797, 2825812)
(1077598, 1379740, 367797, 2825135)
(1077034, 1379740, 367797, 2824571)
(1076874, 1379740, 367797, 2824411)
(1076014, 1379740, 367797, 2823551)
(1075301, 1379740, 367797, 2822838)
(1075210, 1379740, 367797, 2822747)
(1074657, 1379740, 367797, 2822194)
(1073997, 1379740, 367797, 2821534)
(1073482, 1379740, 367797, 2821019)
(1073306, 1379740, 367797, 2820843)
(1072987, 1379740, 367797, 2820524)
(1072187, 1379740, 367797, 2819724)
(1072051, 1379740, 367797, 2819588)
(1071805, 1379740, 367797, 2819342)
(1071092, 1379740, 367797, 2818629)
(1070154, 1379740, 367797, 2817691)
(1069361, 1379740, 367797, 2816898)
(1068791, 1379740, 367797, 2816328)
(1068235, 1379740, 367797, 2815772)
(1067941, 1379740, 367797, 2815478)
(1067326, 1379740, 367797, 2814863)
(1066763, 1379740, 367797, 2814300)
(1065799, 1379740, 367797, 2813336)
(1065033, 1379740, 367797, 2812570)
(1064402, 1379740, 367797, 2811939)
(1064129, 1379740, 367797, 2811666)
(1063910, 1379740, 367797, 2811447)
(1063121, 1379740, 367797, 2810658)
(1062941, 1379740, 367797, 2810478)
(1062630, 1379740, 367797, 2810167)
(1061737, 1379740, 367797, 2809274)
(1061160, 1379740, 367797, 2808697)
(1060942, 1379740, 367797, 2808479)
(1060820, 1379740, 367797, 2808357)
(1060298, 1379740, 367797, 2807835)
(1059529, 1379740, 367797, 2807066)
(1058526, 1379740, 367797, 2806063)
(1057884, 1379740, 367797, 2805421)
(1057348, 1379740, 367797, 2804885)
(1056763, 1379740, 367797, 2804300)
(1056100, 1379740, 367797, 2803637)
(1055634, 1379740, 367797, 2803171)
(1054892, 1379740, 367797, 2802429)
(1054407, 1379740, 367797, 2801944)
(1053960, 1379740, 367797, 2801497)
(1053317, 1379740, 367797, 2800854)
(1052896, 1379740, 367797, 2800433)
(1052336, 1379740, 367797, 2799873)
(1051546, 1379740, 367797, 2799083)
(1050861, 1379740, 367797, 2798398)
(1050520, 1379740, 367797, 2798057)
(1049693, 1379740, 367797, 2797230)
(1049340, 1379740, 367797, 2796877)
(1048541, 1379740, 367797, 2796078)
(1048316, 1379740, 367797, 2795853)
(1047769, 1379740, 367797, 2795306)
(1047073, 1379740, 367797, 2794610)
(1046588, 1379740, 367797, 2794125)
(1045568, 1379740, 367797, 2793105)
(1044700, 1379740, 367797, 2792237)
(1044228, 1379740, 367797, 2791765)
(1043743, 1379740, 367797, 2791280)
(1043352, 1379740, 367797, 2790889)
(1043311, 1379740, 367797, 2790848)
(1042778, 1379740, 367797, 2790315)
(1042276, 1379740, 367797, 2789813)
(1041791, 1379740, 367797, 2789328)
(1041265, 1379740, 367797, 2788802)
(1040599, 1379740, 367797, 2788136)
(1039765, 1379740, 367797, 2787302)
(1039006, 1379740, 367797, 2786543)
(1038294, 1379740, 367797, 2785831)
(1037352, 1379740, 367797, 2784889)
(1037183, 1379740, 367797, 2784720)
(1036587, 1379740, 367797, 2784124)
(1035934, 1379740, 367797, 2783471)
(1035389, 1379740, 367797, 2782926)
(1034871, 1379740, 367797, 2782408)
(1034527, 1379740, 367797, 2782064)
(1034482, 1379740, 367797, 2782019)
(1034168, 1379740, 367797, 2781705)
(1033779, 1379740, 367797, 2781316)
(1033249, 1379740, 367797, 2780786)
(1032320, 1379740, 367797, 2779857)
(1032165, 1379740, 367797, 2779702)
(1031895, 1379740, 367797, 2779432)
(1031210, 1379740, 367797, 2778747)
(1031033, 1379740, 367797, 2778570)
(1030239, 1379740, 367797, 2777776)
(1029945, 1379740, 367797, 2777482)
(1029644, 1379740, 367797, 2777181)
