(1571534, 1544386, 341422, 3457342)
(1571204, 1544386, 341422, 3457012)
(1570845, 1544386, 341422, 3456653)
(1570413, 1544386, 341422, 3456221)
(1570015, 1544386, 341422, 3455823)
(1569715, 1544386, 341422, 3455523)
(1569206, 1544386, 341422, 3455014)
(1568637, 1544386, 341422, 3454445)
(1568281, 1544386, 341422, 3454089)
(1567909, 1544386, 341422, 3453717)
(1567540, 1544386, 341422, 3453348)
(1566979, 1544386, 341422, 3452787)
(1566086, 1544386, 341422, 3451894)
(1565517, 1544386, 341422, 3451325)
(1564994, 1544386, 341422, 3450802)
(1563988, 1544386, 341422, 3449796)
(1563052, 1544386, 341422, 3448860)
(1562145, 1544386, 341422, 3447953)
(1561597, 1544386, 341422, 3447405)
(1560625, 1544386, 341422, 3446433)
(1559790, 1544386, 341422, 3445598)
(1559208, 1544386, 341422, 3445016)
(1558861, 1544386, 341422, 3444669)
(1557793, 1544386, 341422, 3443601)
(1557503, 1544386, 341422, 3443311)
(1556678, 1544386, 341422, 3442486)
(1556378, 1544386, 341422, 3442186)
(1556079, 1544386, 341422, 3441887)
(1555164, 1544386, 341422, 3440972)
(1554353, 1544386, 341422, 3440161)
(1553961, 1544386, 341422, 3439769)
(1553648, 1544386, 341422, 3439456)
(1552854, 1544386, 341422, 3438662)
(1551835, 1544386, 341422, 3437643)
(1551417, 1544386, 341422, 3437225)
(1551077, 1544386, 341422, 3436885)
(1550082, 1544386, 341422, 3435890)
(1549539, 1544386, 341422, 3435347)
(1548923, 1544386, 341422, 3434731)
(1548690, 1544386, 341422, 3434498)
(1548469, 1544386, 341422, 3434277)
(1548121, 1544386, 341422, 3433929)
(1547731, 1544386, 341422, 3433539)
(1547298, 1544386, 341422, 3433106)
(1546827, 1544386, 341422, 3432635)
(1546450, 1544386, 341422, 3432258)
(1545434, 1544386, 341422, 3431242)
(1545056, 1544386, 341422, 3430864)
(1544449, 1544386, 341422, 3430257)
(1543849, 1544386, 341422, 3429657)
(1543307, 1544386, 341422, 3429115)
(1542445, 1544386, 341422, 3428253)
(1541778, 1544386, 341422, 3427586)
(1541623, 1544386, 341422, 3427431)
(1540874, 1544386, 341422, 3426682)
(1540111, 1544386, 341422, 3425919)
(1539667, 1544386, 341422, 3425475)
(1539122, 1544386, 341422, 3424930)
(1538728, 1544386, 341422, 3424536)
(1538076, 1544386, 341422, 3423884)
(1537087, 1544386, 341422, 3422895)
(1536251, 1544386, 341422, 3422059)
(1535279, 1544386, 341422, 3421087)
(1534592, 1544386, 341422, 3420400)
(1534099, 1544386, 341422, 3419907)
(1533960, 1544386, 341422, 3419768)
(1533405, 1544386, 341422, 3419213)
(1532724, 1544386, 341422, 3418532)
(1532316, 1544386, 341422, 3418124)
(1531566, 1544386, 341422, 3417374)
(1531289, 1544386, 341422, 3417097)
(1530477, 1544386, 341422, 3416285)
(1530118, 1544386, 341422, 3415926)
(1529502, 1544386, 341422, 3415310)
(1528864, 1544386, 341422, 3414672)
(1527992, 1544386, 341422, 3413800)
(1527679, 1544386, 341422, 3413487)
(1527365, 1544386, 341422, 3413173)
(1526955, 1544386, 341422, 3412763)
(1526486, 1544386, 341422, 3412294)
(1525865, 1544386, 341422, 3411673)
(1525583, 1544386, 341422, 3411391)
(1525432, 1544386, 341422, 3411240)
(1524380, 1544386, 341422, 3410188)
(1523905, 1544386, 341422, 3409713)
(1523063, 1544386, 341422, 3408871)
(1522283, 1544386, 341422, 3408091)
(1521987, 1544386, 341422, 3407795)
(1521228, 1544386, 341422, 3407036)
(1520098, 1544386, 341422, 3405906)
(1519508, 1544386, 341422, 3405316)
(1518984, 1544386, 341422, 3404792)
(1518780, 1544386, 341422, 3404588)
(1518312, 1544386, 341422, 3404120)
(1518113, 1544386, 341422, 3403921)
(1518055, 1544386, 341422, 3403863)
(1517963, 1544386, 341422, 3403771)
(1517168, 1544386, 341422, 3402976)
(1516415, 1544386, 341422, 3402223)
(1515881, 1544386, 341422, 3401689)
(1515449, 1544386, 341422, 3401257)
(1515160, 1544386, 341422, 3400968)
(1514703, 1544386, 341422, 3400511)
(1514309, 1544386, 341422, 3400117)
(1513891, 1544386, 341422, 3399699)
(1513100, 1544386, 341422, 3398908)
(1512885, 1544386, 341422, 3398693)
(1511773, 1544386, 341422, 3397581)
(1510980, 1544386, 341422, 3396788)
(1509783, 1544386, 341422, 3395591)
(1509455, 1544386, 341422, 3395263)
(1508784, 1544386, 341422, 3394592)
(1507929, 1544386, 341422, 3393737)
(1507562, 1544386, 341422, 3393370)
(1507239, 1544386, 341422, 3393047)
(1506899, 1544386, 341422, 3392707)
(1506673, 1544386, 341422, 3392481)
(1506421, 1544386, 341422, 3392229)
(1506310, 1544386, 341422, 3392118)
(1505961, 1544386, 341422, 3391769)
(1505391, 1544386, 341422, 3391199)
(1504934, 1544386, 341422, 3390742)
(1504190, 1544386, 341422, 3389998)
(1503643, 1544386, 341422, 3389451)
(1503172, 1544386, 341422, 3388980)
(1502548, 1544386, 341422, 3388356)
(1501894, 1544386, 341422, 3387702)
(1501383, 1544386, 341422, 3387191)
(1500952, 1544386, 341422, 3386760)
(1500787, 1544386, 341422, 3386595)
(1499792, 1544386, 341422, 3385600)
(1499293, 1544386, 341422, 3385101)
(1499119, 1544386, 341422, 3384927)
(1498354, 1544386, 341422, 3384162)
(1497778, 1544386, 341422, 3383586)
(1497267, 1544386, 341422, 3383075)
(1497266, 1544386, 341422, 3383074)
(1496719, 1544386, 341422, 3382527)
(1496286, 1544386, 341422, 3382094)
(1495524, 1544386, 341422, 3381332)
(1494811, 1544386, 341422, 3380619)
(1494289, 1544386, 341422, 3380097)
(1493614, 1544386, 341422, 3379422)
(1493379, 1544386, 341422, 3379187)
(1492613, 1544386, 341422, 3378421)
(1492397, 1544386, 341422, 3378205)
(1491713, 1544386, 341422, 3377521)
(1490798, 1544386, 341422, 3376606)
(1490141, 1544386, 341422, 3375949)
(1489784, 1544386, 341422, 3375592)
(1489619, 1544386, 341422, 3375427)
(1489476, 1544386, 341422, 3375284)
(1489108, 1544386, 341422, 3374916)
(1488141, 1544386, 341422, 3373949)
(1487558, 1544386, 341422, 3373366)
(1487187, 1544386, 341422, 3372995)
(1486334, 1544386, 341422, 3372142)
(1486008, 1544386, 341422, 3371816)
(1485865, 1544386, 341422, 3371673)
(1485793, 1544386, 341422, 3371601)
(1485656, 1544386, 341422, 3371464)
(1485493, 1544386, 341422, 3371301)
(1484678, 1544386, 341422, 3370486)
(1484150, 1544386, 341422, 3369958)
(1483708, 1544386, 341422, 3369516)
(1483431, 1544386, 341422, 3369239)
(1483048, 1544386, 341422, 3368856)
(1482633, 1544386, 341422, 3368441)
(1482394, 1544386, 341422, 3368202)
(1481370, 1544386, 341422, 3367178)
(1481057, 1544386, 341422, 3366865)
(1480890, 1544386, 341422, 3366698)
(1480536, 1544386, 341422, 3366344)
(1479964, 1544386, 341422, 3365772)
(1479762, 1544386, 341422, 3365570)
(1479079, 1544386, 341422, 3364887)
(1478817, 1544386, 341422, 3364625)
(1478011, 1544386, 341422, 3363819)
(1477497, 1544386, 341422, 3363305)
(1477207, 1544386, 341422, 3363015)
(1476766, 1544386, 341422, 3362574)
(1476354, 1544386, 341422, 3362162)
(1475784, 1544386, 341422, 3361592)
(1475377, 1544386, 341422, 3361185)
(1474894, 1544386, 341422, 3360702)
(1474359, 1544386, 341422, 3360167)
(1473965, 1544386, 341422, 3359773)
(1473670, 1544386, 341422, 3359478)
(1473093, 1544386, 341422, 3358901)
(1472828, 1544386, 341422, 3358636)
(1472750, 1544386, 341422, 3358558)
(1472239, 1544386, 341422, 3358047)
(1471298, 1544386, 341422, 3357106)
(1471180, 1544386, 341422, 3356988)
(1470269, 1544386, 341422, 3356077)
(1469815, 1544386, 341422, 3355623)
(1469370, 1544386, 341422, 3355178)
(1468544, 1544386, 341422, 3354352)
(1467644, 1544386, 341422, 3353452)
(1466806, 1544386, 341422, 3352614)
(1466089, 1544386, 341422, 3351897)
(1465750, 1544386, 341422, 3351558)
(1464958, 1544386, 341422, 3350766)
(1464695, 1544386, 341422, 3350503)
(1464108, 1544386, 341422, 3349916)
(1463615, 1544386, 341422, 3349423)
(1463066, 1544386, 341422, 3348874)
(1462810, 1544386, 341422, 3348618)
(1462449, 1544386, 341422, 3348257)
(1462161, 1544386, 341422, 3347969)
(1461943, 1544386, 341422, 3347751)
(1461656, 1544386, 341422, 3347464)
(1461339, 1544386, 341422, 3347147)
(1460617, 1544386, 341422, 3346425)
(1459865, 1544386, 341422, 3345673)
(1459477, 1544386, 341422, 3345285)
(1459170, 1544386, 341422, 3344978)
(1458848, 1544386, 341422, 3344656)
(1458488, 1544386, 341422, 3344296)
(1458247, 1544386, 341422, 3344055)
(1457577, 1544386, 341422, 3343385)
(1457264, 1544386, 341422, 3343072)
(1456558, 1544386, 341422, 3342366)
(1455883, 1544386, 341422, 3341691)
(1455651, 1544386, 341422, 3341459)
(1455148, 1544386, 341422, 3340956)
(1454451, 1544386, 341422, 3340259)
(1454102, 1544386, 341422, 3339910)
(1453644, 1544386, 341422, 3339452)
(1453539, 1544386, 341422, 3339347)
(1453241, 1544386, 341422, 3339049)
(1452984, 1544386, 341422, 3338792)
(1452782, 1544386, 341422, 3338590)
(1452227, 1544386, 341422, 3338035)
(1451823, 1544386, 341422, 3337631)
(1451118, 1544386, 341422, 3336926)
(1450219, 1544386, 341422, 3336027)
(1449118, 1544386, 341422, 3334926)
(1448555, 1544386, 341422, 3334363)
(1447979, 1544386, 341422, 3333787)
(1447221, 1544386, 341422, 3333029)
(1446809, 1544386, 341422, 3332617)
(1445876, 1544386, 341422, 3331684)
(1445134, 1544386, 341422, 3330942)
(1444756, 1544386, 341422, 3330564)
(1443826, 1544386, 341422, 3329634)
(1442935, 1544386, 341422, 3328743)
(1442517, 1544386, 341422, 3328325)
(1441478, 1544386, 341422, 3327286)
(1440651, 1544386, 341422, 3326459)
(1439777, 1544386, 341422, 3325585)
(1439036, 1544386, 341422, 3324844)
(1438332, 1544386, 341422, 3324140)
(1437911, 1544386, 341422, 3323719)
(1437520, 1544386, 341422, 3323328)
(1436933, 1544386, 341422, 3322741)
(1436720, 1544386, 341422, 3322528)
(1435988, 1544386, 341422, 3321796)
(1435243, 1544386, 341422, 3321051)
(1434412, 1544386, 341422, 3320220)
(1433905, 1544386, 341422, 3319713)
(1433551, 1544386, 341422, 3319359)
(1433130, 1544386, 341422, 3318938)
(1432743, 1544386, 341422, 3318551)
(1432349, 1544386, 341422, 3318157)
(1431844, 1544386, 341422, 3317652)
(1431204, 1544386, 341422, 3317012)
(1431019, 1544386, 341422, 3316827)
(1430886, 1544386, 341422, 3316694)
(1430170, 1544386, 341422, 3315978)
(1429476, 1544386, 341422, 3315284)
(1429067, 1544386, 341422, 3314875)
(1428596, 1544386, 341422, 3314404)
(1428574, 1544386, 341422, 3314382)
(1428392, 1544386, 341422, 3314200)
(1427831, 1544386, 341422, 3313639)
(1427073, 1544386, 341422, 3312881)
(1426846, 1544386, 341422, 3312654)
(1426228, 1544386, 341422, 3312036)
(1425943, 1544386, 341422, 3311751)
(1425411, 1544386, 341422, 3311219)
(1424630, 1544386, 341422, 3310438)
(1424056, 1544386, 341422, 3309864)
(1423854, 1544386, 341422, 3309662)
(1423476, 1544386, 341422, 3309284)
(1423219, 1544386, 341422, 3309027)
(1422774, 1544386, 341422, 3308582)
(1422289, 1544386, 341422, 3308097)
(1421780, 1544386, 341422, 3307588)
(1421628, 1544386, 341422, 3307436)
(1421412, 1544386, 341422, 3307220)
(1421195, 1544386, 341422, 3307003)
(1420430, 1544386, 341422, 3306238)
(1419777, 1544386, 341422, 3305585)
(1419727, 1544386, 341422, 3305535)
(1418943, 1544386, 341422, 3304751)
(1418219, 1544386, 341422, 3304027)
(1417156, 1544386, 341422, 3302964)
(1416609, 1544386, 341422, 3302417)
(1416168, 1544386, 341422, 3301976)
(1415327, 1544386, 341422, 3301135)
(1414801, 1544386, 341422, 3300609)
(1414274, 1544386, 341422, 3300082)
(1413589, 1544386, 341422, 3299397)
(1412917, 1544386, 341422, 3298725)
(1412446, 1544386, 341422, 3298254)
(1412285, 1544386, 341422, 3298093)
(1411804, 1544386, 341422, 3297612)
(1411390, 1544386, 341422, 3297198)
(1411103, 1544386, 341422, 3296911)
(1410826, 1544386, 341422, 3296634)
(1410625, 1544386, 341422, 3296433)
(1409780, 1544386, 341422, 3295588)
(1409179, 1544386, 341422, 3294987)
(1408785, 1544386, 341422, 3294593)
(1408293, 1544386, 341422, 3294101)
(1407747, 1544386, 341422, 3293555)
(1407592, 1544386, 341422, 3293400)
(1407479, 1544386, 341422, 3293287)
(1406965, 1544386, 341422, 3292773)
(1406416, 1544386, 341422, 3292224)
(1405863, 1544386, 341422, 3291671)
(1405335, 1544386, 341422, 3291143)
(1404832, 1544386, 341422, 3290640)
(1404090, 1544386, 341422, 3289898)
(1403277, 1544386, 341422, 3289085)
(1403236, 1544386, 341422, 3289044)
(1402898, 1544386, 341422, 3288706)
(1402456, 1544386, 341422, 3288264)
(1402100, 1544386, 341422, 3287908)
(1401615, 1544386, 341422, 3287423)
(1400747, 1544386, 341422, 3286555)
(1400229, 1544386, 341422, 3286037)
(1399956, 1544386, 341422, 3285764)
(1399315, 1544386, 341422, 3285123)
(1398692, 1544386, 341422, 3284500)
(1397822, 1544386, 341422, 3283630)
(1397033, 1544386, 341422, 3282841)
(1396684, 1544386, 341422, 3282492)
(1395989, 1544386, 341422, 3281797)
(1395768, 1544386, 341422, 3281576)
(1395683, 1544386, 341422, 3281491)
(1395004, 1544386, 341422, 3280812)
(1394177, 1544386, 341422, 3279985)
(1393481, 1544386, 341422, 3279289)
(1393189, 1544386, 341422, 3278997)
(1392980, 1544386, 341422, 3278788)
(1392450, 1544386, 341422, 3278258)
(1391771, 1544386, 341422, 3277579)
(1391406, 1544386, 341422, 3277214)
(1390751, 1544386, 341422, 3276559)
(1389956, 1544386, 341422, 3275764)
(1389334, 1544386, 341422, 3275142)
(1388516, 1544386, 341422, 3274324)
(1388394, 1544386, 341422, 3274202)
(1387710, 1544386, 341422, 3273518)
(1387112, 1544386, 341422, 3272920)
(1386668, 1544386, 341422, 3272476)
(1386394, 1544386, 341422, 3272202)
(1385945, 1544386, 341422, 3271753)
(1385849, 1544386, 341422, 3271657)
(1385206, 1544386, 341422, 3271014)
(1384367, 1544386, 341422, 3270175)
(1383640, 1544386, 341422, 3269448)
(1382751, 1544386, 341422, 3268559)
(1382276, 1544386, 341422, 3268084)
(1381985, 1544386, 341422, 3267793)
(1381520, 1544386, 341422, 3267328)
(1380813, 1544386, 341422, 3266621)
(1379964, 1544386, 341422, 3265772)
(1379457, 1544386, 341422, 3265265)
(1379222, 1544386, 341422, 3265030)
(1378817, 1544386, 341422, 3264625)
(1377973, 1544386, 341422, 3263781)
(1377853, 1544386, 341422, 3263661)
(1377520, 1544386, 341422, 3263328)
(1377120, 1544386, 341422, 3262928)
(1376696, 1544386, 341422, 3262504)
(1376256, 1544386, 341422, 3262064)
(1375944, 1544386, 341422, 3261752)
(1374994, 1544386, 341422, 3260802)
(1374123, 1544386, 341422, 3259931)
(1373833, 1544386, 341422, 3259641)
(1373360, 1544386, 341422, 3259168)
(1373136, 1544386, 341422, 3258944)
(1372312, 1544386, 341422, 3258120)
(1371889, 1544386, 341422, 3257697)
(1370847, 1544386, 341422, 3256655)
(1370630, 1544386, 341422, 3256438)
(1369831, 1544386, 341422, 3255639)
(1369650, 1544386, 341422, 3255458)
(1368958, 1544386, 341422, 3254766)
(1368438, 1544386, 341422, 3254246)
(1367980, 1544386, 341422, 3253788)
(1367464, 1544386, 341422, 3253272)
(1367185, 1544386, 341422, 3252993)
(1366721, 1544386, 341422, 3252529)
(1365853, 1544386, 341422, 3251661)
(1365182, 1544386, 341422, 3250990)
(1364557, 1544386, 341422, 3250365)
(1363958, 1544386, 341422, 3249766)
(1362939, 1544386, 341422, 3248747)
(1362837, 1544386, 341422, 3248645)
(1362457, 1544386, 341422, 3248265)
(1361707, 1544386, 341422, 3247515)
(1361141, 1544386, 341422, 3246949)
(1361118, 1544386, 341422, 3246926)
(1360556, 1544386, 341422, 3246364)
(1360507, 1544386, 341422, 3246315)
(1360045, 1544386, 341422, 3245853)
(1359623, 1544386, 341422, 3245431)
(1358978, 1544386, 341422, 3244786)
(1358136, 1544386, 341422, 3243944)
(1357951, 1544386, 341422, 3243759)
(1357382, 1544386, 341422, 3243190)
(1356717, 1544386, 341422, 3242525)
(1355877, 1544386, 341422, 3241685)
(1355052, 1544386, 341422, 3240860)
(1354864, 1544386, 341422, 3240672)
(1354492, 1544386, 341422, 3240300)
(1353938, 1544386, 341422, 3239746)
(1353572, 1544386, 341422, 3239380)
(1353313, 1544386, 341422, 3239121)
(1352935, 1544386, 341422, 3238743)
(1352688, 1544386, 341422, 3238496)
(1352551, 1544386, 341422, 3238359)
(1352499, 1544386, 341422, 3238307)
(1352157, 1544386, 341422, 3237965)
(1351583, 1544386, 341422, 3237391)
(1351016, 1544386, 341422, 3236824)
(1350558, 1544386, 341422, 3236366)
(1350334, 1544386, 341422, 3236142)
(1349595, 1544386, 341422, 3235403)
(1348933, 1544386, 341422, 3234741)
(1348421, 1544386, 341422, 3234229)
(1348250, 1544386, 341422, 3234058)
(1347969, 1544386, 341422, 3233777)
(1347428, 1544386, 341422, 3233236)
(1347220, 1544386, 341422, 3233028)
(1346536, 1544386, 341422, 3232344)
(1345652, 1544386, 341422, 3231460)
(1345126, 1544386, 341422, 3230934)
(1344816, 1544386, 341422, 3230624)
(1344595, 1544386, 341422, 3230403)
(1344345, 1544386, 341422, 3230153)
(1344032, 1544386, 341422, 3229840)
(1343518, 1544386, 341422, 3229326)
(1343348, 1544386, 341422, 3229156)
(1342972, 1544386, 341422, 3228780)
(1342637, 1544386, 341422, 3228445)
(1342339, 1544386, 341422, 3228147)
(1341905, 1544386, 341422, 3227713)
(1341679, 1544386, 341422, 3227487)
(1341085, 1544386, 341422, 3226893)
(1340520, 1544386, 341422, 3226328)
(1340128, 1544386, 341422, 3225936)
(1339906, 1544386, 341422, 3225714)
(1339076, 1544386, 341422, 3224884)
(1338920, 1544386, 341422, 3224728)
(1338356, 1544386, 341422, 3224164)
(1337710, 1544386, 341422, 3223518)
(1337183, 1544386, 341422, 3222991)
(1336516, 1544386, 341422, 3222324)
(1335879, 1544386, 341422, 3221687)
(1335219, 1544386, 341422, 3221027)
(1334902, 1544386, 341422, 3220710)
(1334427, 1544386, 341422, 3220235)
(1333584, 1544386, 341422, 3219392)
(1333107, 1544386, 341422, 3218915)
(1332516, 1544386, 341422, 3218324)
(1331746, 1544386, 341422, 3217554)
(1331425, 1544386, 341422, 3217233)
(1331408, 1544386, 341422, 3217216)
(1331164, 1544386, 341422, 3216972)
(1330383, 1544386, 341422, 3216191)
(1330139, 1544386, 341422, 3215947)
(1329853, 1544386, 341422, 3215661)
(1329065, 1544386, 341422, 3214873)
(1328104, 1544386, 341422, 3213912)
(1327477, 1544386, 341422, 3213285)
(1326844, 1544386, 341422, 3212652)
(1326620, 1544386, 341422, 3212428)
(1325911, 1544386, 341422, 3211719)
(1325379, 1544386, 341422, 3211187)
(1324735, 1544386, 341422, 3210543)
(1323955, 1544386, 341422, 3209763)
(1323426, 1544386, 341422, 3209234)
(1322522, 1544386, 341422, 3208330)
(1322027, 1544386, 341422, 3207835)
(1321363, 1544386, 341422, 3207171)
(1320286, 1544386, 341422, 3206094)
(1319858, 1544386, 341422, 3205666)
(1319308, 1544386, 341422, 3205116)
(1318666, 1544386, 341422, 3204474)
(1317973, 1544386, 341422, 3203781)
(1316865, 1544386, 341422, 3202673)
(1316446, 1544386, 341422, 3202254)
(1315398, 1544386, 341422, 3201206)
(1314669, 1544386, 341422, 3200477)
(1314077, 1544386, 341422, 3199885)
(1313242, 1544386, 341422, 3199050)
(1312525, 1544386, 341422, 3198333)
(1311609, 1544386, 341422, 3197417)
(1311023, 1544386, 341422, 3196831)
(1310051, 1544386, 341422, 3195859)
(1309471, 1544386, 341422, 3195279)
(1308591, 1544386, 341422, 3194399)
(1307695, 1544386, 341422, 3193503)
(1307092, 1544386, 341422, 3192900)
