(1268216, 1336380, 361127, 2965723)
(1257861, 1336380, 361127, 2955368)
(1238736, 1336380, 361127, 2936243)
(1176898, 1409262, 330860, 2917020)
(1106372, 1435628, 361127, 2903127)
(1018571, 1494378, 361127, 2874076)
(951090, 1553646, 361127, 2865863)
(922641, 1571134, 361127, 2854902)
(859803, 1612310, 361127, 2833240)
(839877, 1615662, 361127, 2816666)
(2451729, 363768, 253637, 3069134)
(2347034, 466210, 247397, 3060641)
(2340991, 449628, 253637, 3044256)
(2339661, 449628, 253637, 3042926)
(1187224, 1426090, 348277, 2961591)
(1081543, 1506098, 348277, 2935918)
(1056333, 1511076, 348277, 2915686)
(977042, 1567146, 348277, 2892465)
(918495, 1617736, 348277, 2884508)
(871243, 1650572, 348277, 2870092)
(2630831, 252204, 204129, 3087164)
(2545776, 307864, 204129, 3057769)
(2498931, 340724, 204129, 3043784)
(2498931, 340724, 204129, 3043784)
(2461278, 369606, 204129, 3035013)
(2440405, 384380, 204129, 3028914)
(2404630, 415996, 204129, 3024755)
(2374284, 435860, 204129, 3014273)
(2351717, 456418, 204129, 3012264)
(1152648, 1467168, 348277, 2968093)
(2902011, 103522, 33447, 3038980)
(2846232, 148970, 33447, 3028649)
(2800317, 180586, 33447, 3014350)
(2764857, 198310, 33447, 2996614)
(2806474, 151184, 33447, 2991105)
(2718515, 206364, 33447, 2958326)
(2668348, 239036, 33447, 2940831)
(2603720, 287992, 33447, 2925159)
(2600322, 287992, 33447, 2921761)
(2525816, 341426, 33447, 2900689)
(2502222, 360586, 179164, 3041972)
(2471278, 380916, 179164, 3031358)
(2455416, 394126, 176887, 3026429)
(2375646, 461612, 176887, 3014145)
(1221377, 1425962, 348277, 2995616)
(1149187, 1485572, 348277, 2983036)
(1130996, 1491176, 348277, 2970449)
(1075057, 1518884, 348277, 2942218)
(1033435, 1537510, 348277, 2919222)
(999747, 1561642, 348277, 2909666)
(2674133, 232500, 133284, 3039917)
(2642681, 249412, 133216, 3025309)
(2607421, 282460, 133284, 3023165)
(2552638, 311432, 133284, 2997354)
(2487885, 345402, 133284, 2966571)
(2487065, 345402, 133284, 2965751)
(2444408, 374418, 133284, 2952110)
(2387195, 416006, 133284, 2936485)
(2385628, 416006, 133284, 2934918)
(2341280, 451908, 133284, 2926472)
(2340989, 443862, 251939, 3036790)
(2338156, 443862, 251939, 3033957)
(2294895, 493030, 243746, 3031671)
(2293273, 493030, 243746, 3030049)
(2276360, 488060, 251939, 3016359)
(1301511, 1365532, 348277, 3015320)
