(1541384, 1484718, 316194, 3342296)
(1541204, 1484718, 316194, 3342116)
(1540969, 1484718, 316194, 3341881)
(1540619, 1484718, 316194, 3341531)
(1540460, 1484718, 316194, 3341372)
(1539780, 1484718, 316194, 3340692)
(1539237, 1484718, 316194, 3340149)
(1538661, 1484718, 316194, 3339573)
(1538429, 1484718, 316194, 3339341)
(1537846, 1484718, 316194, 3338758)
(1537373, 1484718, 316194, 3338285)
(1536842, 1484718, 316194, 3337754)
(1536123, 1484718, 316194, 3337035)
(1535739, 1484718, 316194, 3336651)
(1535112, 1484718, 316194, 3336024)
(1534311, 1484718, 316194, 3335223)
(1533754, 1484718, 316194, 3334666)
(1533581, 1484718, 316194, 3334493)
(1532684, 1484718, 316194, 3333596)
(1532026, 1484718, 316194, 3332938)
(1531491, 1484718, 316194, 3332403)
(1530858, 1484718, 316194, 3331770)
(1530431, 1484718, 316194, 3331343)
(1530131, 1484718, 316194, 3331043)
(1530025, 1484718, 316194, 3330937)
(1529036, 1484718, 316194, 3329948)
(1528468, 1484718, 316194, 3329380)
(1528219, 1484718, 316194, 3329131)
(1528007, 1484718, 316194, 3328919)
(1527766, 1484718, 316194, 3328678)
(1526852, 1484718, 316194, 3327764)
(1526052, 1484718, 316194, 3326964)
(1525782, 1484718, 316194, 3326694)
(1525681, 1484718, 316194, 3326593)
(1525336, 1484718, 316194, 3326248)
(1524957, 1484718, 316194, 3325869)
(1524688, 1484718, 316194, 3325600)
(1524041, 1484718, 316194, 3324953)
(1523161, 1484718, 316194, 3324073)
(1522549, 1484718, 316194, 3323461)
(1521724, 1484718, 316194, 3322636)
(1521011, 1484718, 316194, 3321923)
(1520285, 1484718, 316194, 3321197)
(1519780, 1484718, 316194, 3320692)
(1519459, 1484718, 316194, 3320371)
(1518606, 1484718, 316194, 3319518)
(1517878, 1484718, 316194, 3318790)
(1516801, 1484718, 316194, 3317713)
(1516210, 1484718, 316194, 3317122)
(1515914, 1484718, 316194, 3316826)
(1515145, 1484718, 316194, 3316057)
(1514787, 1484718, 316194, 3315699)
(1514220, 1484718, 316194, 3315132)
(1513942, 1484718, 316194, 3314854)
(1513681, 1484718, 316194, 3314593)
(1512700, 1484718, 316194, 3313612)
(1512026, 1484718, 316194, 3312938)
(1511494, 1484718, 316194, 3312406)
(1511136, 1484718, 316194, 3312048)
(1510884, 1484718, 316194, 3311796)
(1510700, 1484718, 316194, 3311612)
(1510565, 1484718, 316194, 3311477)
(1510351, 1484718, 316194, 3311263)
(1509406, 1484718, 316194, 3310318)
(1508713, 1484718, 316194, 3309625)
(1508300, 1484718, 316194, 3309212)
(1507944, 1484718, 316194, 3308856)
(1507326, 1484718, 316194, 3308238)
(1507188, 1484718, 316194, 3308100)
(1507152, 1484718, 316194, 3308064)
(1506444, 1484718, 316194, 3307356)
(1506037, 1484718, 316194, 3306949)
(1505272, 1484718, 316194, 3306184)
(1504985, 1484718, 316194, 3305897)
(1504590, 1484718, 316194, 3305502)
(1504076, 1484718, 316194, 3304988)
(1503866, 1484718, 316194, 3304778)
(1503592, 1484718, 316194, 3304504)
(1502896, 1484718, 316194, 3303808)
(1502450, 1484718, 316194, 3303362)
(1501987, 1484718, 316194, 3302899)
(1501046, 1484718, 316194, 3301958)
(1500254, 1484718, 316194, 3301166)
(1499379, 1484718, 316194, 3300291)
(1498370, 1484718, 316194, 3299282)
(1497656, 1484718, 316194, 3298568)
(1497405, 1484718, 316194, 3298317)
(1497022, 1484718, 316194, 3297934)
(1496505, 1484718, 316194, 3297417)
(1495758, 1484718, 316194, 3296670)
(1495536, 1484718, 316194, 3296448)
(1494619, 1484718, 316194, 3295531)
(1494251, 1484718, 316194, 3295163)
(1493796, 1484718, 316194, 3294708)
(1493038, 1484718, 316194, 3293950)
(1492840, 1484718, 316194, 3293752)
(1492413, 1484718, 316194, 3293325)
(1491958, 1484718, 316194, 3292870)
(1491777, 1484718, 316194, 3292689)
(1491081, 1484718, 316194, 3291993)
(1490575, 1484718, 316194, 3291487)
(1490230, 1484718, 316194, 3291142)
(1489406, 1484718, 316194, 3290318)
(1488912, 1484718, 316194, 3289824)
(1488519, 1484718, 316194, 3289431)
(1488442, 1484718, 316194, 3289354)
(1488001, 1484718, 316194, 3288913)
(1487577, 1484718, 316194, 3288489)
(1487066, 1484718, 316194, 3287978)
(1486922, 1484718, 316194, 3287834)
(1486761, 1484718, 316194, 3287673)
(1486525, 1484718, 316194, 3287437)
(1486232, 1484718, 316194, 3287144)
(1485605, 1484718, 316194, 3286517)
(1485268, 1484718, 316194, 3286180)
(1485183, 1484718, 316194, 3286095)
(1484790, 1484718, 316194, 3285702)
(1484075, 1484718, 316194, 3284987)
(1483395, 1484718, 316194, 3284307)
(1482693, 1484718, 316194, 3283605)
(1482047, 1484718, 316194, 3282959)
(1481288, 1484718, 316194, 3282200)
(1480536, 1484718, 316194, 3281448)
(1479606, 1484718, 316194, 3280518)
(1479063, 1484718, 316194, 3279975)
(1478757, 1484718, 316194, 3279669)
(1478297, 1484718, 316194, 3279209)
(1477896, 1484718, 316194, 3278808)
(1477530, 1484718, 316194, 3278442)
(1477155, 1484718, 316194, 3278067)
(1476784, 1484718, 316194, 3277696)
(1476172, 1484718, 316194, 3277084)
(1475575, 1484718, 316194, 3276487)
(1474934, 1484718, 316194, 3275846)
(1474645, 1484718, 316194, 3275557)
(1474491, 1484718, 316194, 3275403)
(1474311, 1484718, 316194, 3275223)
(1473771, 1484718, 316194, 3274683)
(1473469, 1484718, 316194, 3274381)
(1473125, 1484718, 316194, 3274037)
(1472424, 1484718, 316194, 3273336)
(1471698, 1484718, 316194, 3272610)
(1471418, 1484718, 316194, 3272330)
(1470738, 1484718, 316194, 3271650)
(1470141, 1484718, 316194, 3271053)
(1469362, 1484718, 316194, 3270274)
(1468802, 1484718, 316194, 3269714)
(1467933, 1484718, 316194, 3268845)
(1467214, 1484718, 316194, 3268126)
(1466637, 1484718, 316194, 3267549)
(1466280, 1484718, 316194, 3267192)
(1465686, 1484718, 316194, 3266598)
(1464907, 1484718, 316194, 3265819)
(1464151, 1484718, 316194, 3265063)
(1463803, 1484718, 316194, 3264715)
(1463642, 1484718, 316194, 3264554)
(1462876, 1484718, 316194, 3263788)
(1462498, 1484718, 316194, 3263410)
(1462261, 1484718, 316194, 3263173)
(1461507, 1484718, 316194, 3262419)
(1460767, 1484718, 316194, 3261679)
(1460197, 1484718, 316194, 3261109)
(1459641, 1484718, 316194, 3260553)
(1459122, 1484718, 316194, 3260034)
(1458627, 1484718, 316194, 3259539)
(1458185, 1484718, 316194, 3259097)
(1457381, 1484718, 316194, 3258293)
(1456625, 1484718, 316194, 3257537)
(1455773, 1484718, 316194, 3256685)
(1455130, 1484718, 316194, 3256042)
(1455001, 1484718, 316194, 3255913)
(1454346, 1484718, 316194, 3255258)
(1454299, 1484718, 316194, 3255211)
(1453423, 1484718, 316194, 3254335)
(1453364, 1484718, 316194, 3254276)
(1453097, 1484718, 316194, 3254009)
(1452674, 1484718, 316194, 3253586)
(1452328, 1484718, 316194, 3253240)
(1451625, 1484718, 316194, 3252537)
(1450885, 1484718, 316194, 3251797)
(1450346, 1484718, 316194, 3251258)
(1450130, 1484718, 316194, 3251042)
(1449951, 1484718, 316194, 3250863)
(1449330, 1484718, 316194, 3250242)
(1448568, 1484718, 316194, 3249480)
(1448461, 1484718, 316194, 3249373)
(1448233, 1484718, 316194, 3249145)
(1447499, 1484718, 316194, 3248411)
(1446948, 1484718, 316194, 3247860)
(1446645, 1484718, 316194, 3247557)
(1445823, 1484718, 316194, 3246735)
(1445181, 1484718, 316194, 3246093)
(1444471, 1484718, 316194, 3245383)
(1444126, 1484718, 316194, 3245038)
(1443604, 1484718, 316194, 3244516)
(1443072, 1484718, 316194, 3243984)
(1442192, 1484718, 316194, 3243104)
(1442011, 1484718, 316194, 3242923)
(1441435, 1484718, 316194, 3242347)
(1440768, 1484718, 316194, 3241680)
(1440174, 1484718, 316194, 3241086)
(1439597, 1484718, 316194, 3240509)
(1439299, 1484718, 316194, 3240211)
(1438404, 1484718, 316194, 3239316)
(1437973, 1484718, 316194, 3238885)
(1437269, 1484718, 316194, 3238181)
(1436959, 1484718, 316194, 3237871)
(1436086, 1484718, 316194, 3236998)
(1436085, 1484718, 316194, 3236997)
(1435499, 1484718, 316194, 3236411)
(1435223, 1484718, 316194, 3236135)
(1434533, 1484718, 316194, 3235445)
(1434257, 1484718, 316194, 3235169)
(1434088, 1484718, 316194, 3235000)
(1434087, 1484718, 316194, 3234999)
(1433865, 1484718, 316194, 3234777)
(1433204, 1484718, 316194, 3234116)
(1432686, 1484718, 316194, 3233598)
(1431768, 1484718, 316194, 3232680)
(1431119, 1484718, 316194, 3232031)
(1430587, 1484718, 316194, 3231499)
(1429598, 1484718, 316194, 3230510)
(1428957, 1484718, 316194, 3229869)
(1428340, 1484718, 316194, 3229252)
(1427634, 1484718, 316194, 3228546)
(1426851, 1484718, 316194, 3227763)
(1426224, 1484718, 316194, 3227136)
(1425726, 1484718, 316194, 3226638)
(1425514, 1484718, 316194, 3226426)
(1425164, 1484718, 316194, 3226076)
(1424441, 1484718, 316194, 3225353)
(1424438, 1484718, 316194, 3225350)
(1423702, 1484718, 316194, 3224614)
(1423501, 1484718, 316194, 3224413)
(1423042, 1484718, 316194, 3223954)
(1422705, 1484718, 316194, 3223617)
(1422360, 1484718, 316194, 3223272)
(1421710, 1484718, 316194, 3222622)
(1420905, 1484718, 316194, 3221817)
(1420554, 1484718, 316194, 3221466)
(1420029, 1484718, 316194, 3220941)
(1419727, 1484718, 316194, 3220639)
(1419586, 1484718, 316194, 3220498)
(1419029, 1484718, 316194, 3219941)
(1418236, 1484718, 316194, 3219148)
(1417860, 1484718, 316194, 3218772)
(1417082, 1484718, 316194, 3217994)
(1416682, 1484718, 316194, 3217594)
(1416181, 1484718, 316194, 3217093)
(1415475, 1484718, 316194, 3216387)
(1414796, 1484718, 316194, 3215708)
(1414506, 1484718, 316194, 3215418)
(1413811, 1484718, 316194, 3214723)
(1413654, 1484718, 316194, 3214566)
(1413237, 1484718, 316194, 3214149)
(1412862, 1484718, 316194, 3213774)
(1412655, 1484718, 316194, 3213567)
(1412008, 1484718, 316194, 3212920)
(1411855, 1484718, 316194, 3212767)
(1411393, 1484718, 316194, 3212305)
(1411070, 1484718, 316194, 3211982)
(1410112, 1484718, 316194, 3211024)
(1409585, 1484718, 316194, 3210497)
(1409445, 1484718, 316194, 3210357)
(1409186, 1484718, 316194, 3210098)
(1409064, 1484718, 316194, 3209976)
(1408208, 1484718, 316194, 3209120)
(1407297, 1484718, 316194, 3208209)
(1406251, 1484718, 316194, 3207163)
(1405490, 1484718, 316194, 3206402)
(1404810, 1484718, 316194, 3205722)
(1403932, 1484718, 316194, 3204844)
(1403042, 1484718, 316194, 3203954)
(1402623, 1484718, 316194, 3203535)
(1402407, 1484718, 316194, 3203319)
(1401956, 1484718, 316194, 3202868)
(1401684, 1484718, 316194, 3202596)
(1400849, 1484718, 316194, 3201761)
(1400505, 1484718, 316194, 3201417)
(1399768, 1484718, 316194, 3200680)
(1399237, 1484718, 316194, 3200149)
(1398995, 1484718, 316194, 3199907)
(1398812, 1484718, 316194, 3199724)
(1398214, 1484718, 316194, 3199126)
(1397532, 1484718, 316194, 3198444)
(1397238, 1484718, 316194, 3198150)
(1396820, 1484718, 316194, 3197732)
(1396370, 1484718, 316194, 3197282)
(1395876, 1484718, 316194, 3196788)
(1394825, 1484718, 316194, 3195737)
(1394476, 1484718, 316194, 3195388)
(1393677, 1484718, 316194, 3194589)
(1393388, 1484718, 316194, 3194300)
(1392969, 1484718, 316194, 3193881)
(1392150, 1484718, 316194, 3193062)
(1391551, 1484718, 316194, 3192463)
(1391015, 1484718, 316194, 3191927)
(1390046, 1484718, 316194, 3190958)
(1389213, 1484718, 316194, 3190125)
(1388835, 1484718, 316194, 3189747)
(1388706, 1484718, 316194, 3189618)
(1387800, 1484718, 316194, 3188712)
(1387799, 1484718, 316194, 3188711)
(1387246, 1484718, 316194, 3188158)
(1386910, 1484718, 316194, 3187822)
(1386611, 1484718, 316194, 3187523)
(1386286, 1484718, 316194, 3187198)
(1385573, 1484718, 316194, 3186485)
(1385150, 1484718, 316194, 3186062)
(1384437, 1484718, 316194, 3185349)
(1383643, 1484718, 316194, 3184555)
(1383264, 1484718, 316194, 3184176)
(1382980, 1484718, 316194, 3183892)
(1382512, 1484718, 316194, 3183424)
(1382134, 1484718, 316194, 3183046)
(1381575, 1484718, 316194, 3182487)
(1381149, 1484718, 316194, 3182061)
(1380402, 1484718, 316194, 3181314)
(1380073, 1484718, 316194, 3180985)
(1379914, 1484718, 316194, 3180826)
(1379813, 1484718, 316194, 3180725)
(1379731, 1484718, 316194, 3180643)
(1379514, 1484718, 316194, 3180426)
(1378770, 1484718, 316194, 3179682)
(1378343, 1484718, 316194, 3179255)
(1377631, 1484718, 316194, 3178543)
(1377382, 1484718, 316194, 3178294)
(1377082, 1484718, 316194, 3177994)
(1376460, 1484718, 316194, 3177372)
(1376112, 1484718, 316194, 3177024)
(1375713, 1484718, 316194, 3176625)
(1374967, 1484718, 316194, 3175879)
(1374161, 1484718, 316194, 3175073)
(1373531, 1484718, 316194, 3174443)
(1373105, 1484718, 316194, 3174017)
(1372229, 1484718, 316194, 3173141)
(1371965, 1484718, 316194, 3172877)
(1371701, 1484718, 316194, 3172613)
(1371223, 1484718, 316194, 3172135)
(1370438, 1484718, 316194, 3171350)
(1369951, 1484718, 316194, 3170863)
(1369661, 1484718, 316194, 3170573)
(1368483, 1484718, 316194, 3169395)
(1367643, 1484718, 316194, 3168555)
(1367284, 1484718, 316194, 3168196)
(1366780, 1484718, 316194, 3167692)
(1366119, 1484718, 316194, 3167031)
(1365480, 1484718, 316194, 3166392)
(1365479, 1484718, 316194, 3166391)
(1364814, 1484718, 316194, 3165726)
(1364302, 1484718, 316194, 3165214)
(1363688, 1484718, 316194, 3164600)
(1363468, 1484718, 316194, 3164380)
(1363264, 1484718, 316194, 3164176)
(1362905, 1484718, 316194, 3163817)
(1362349, 1484718, 316194, 3163261)
(1362241, 1484718, 316194, 3163153)
(1361961, 1484718, 316194, 3162873)
(1361259, 1484718, 316194, 3162171)
(1360613, 1484718, 316194, 3161525)
(1360082, 1484718, 316194, 3160994)
(1359423, 1484718, 316194, 3160335)
(1358677, 1484718, 316194, 3159589)
(1357838, 1484718, 316194, 3158750)
(1357383, 1484718, 316194, 3158295)
(1356942, 1484718, 316194, 3157854)
(1356675, 1484718, 316194, 3157587)
(1356186, 1484718, 316194, 3157098)
(1355452, 1484718, 316194, 3156364)
(1354582, 1484718, 316194, 3155494)
(1353587, 1484718, 316194, 3154499)
(1352814, 1484718, 316194, 3153726)
(1352476, 1484718, 316194, 3153388)
(1351627, 1484718, 316194, 3152539)
(1350746, 1484718, 316194, 3151658)
(1350627, 1484718, 316194, 3151539)
(1349981, 1484718, 316194, 3150893)
(1349447, 1484718, 316194, 3150359)
(1349361, 1484718, 316194, 3150273)
(1348731, 1484718, 316194, 3149643)
(1347732, 1484718, 316194, 3148644)
(1346838, 1484718, 316194, 3147750)
(1346104, 1484718, 316194, 3147016)
(1345279, 1484718, 316194, 3146191)
(1344447, 1484718, 316194, 3145359)
(1344156, 1484718, 316194, 3145068)
(1343647, 1484718, 316194, 3144559)
(1342877, 1484718, 316194, 3143789)
(1342161, 1484718, 316194, 3143073)
(1341826, 1484718, 316194, 3142738)
(1341355, 1484718, 316194, 3142267)
(1340944, 1484718, 316194, 3141856)
(1340556, 1484718, 316194, 3141468)
(1339870, 1484718, 316194, 3140782)
(1339362, 1484718, 316194, 3140274)
(1338805, 1484718, 316194, 3139717)
(1338043, 1484718, 316194, 3138955)
(1336905, 1484718, 316194, 3137817)
(1336573, 1484718, 316194, 3137485)
(1336370, 1484718, 316194, 3137282)
(1335858, 1484718, 316194, 3136770)
(1335652, 1484718, 316194, 3136564)
(1335462, 1484718, 316194, 3136374)
(1334966, 1484718, 316194, 3135878)
(1334750, 1484718, 316194, 3135662)
(1334057, 1484718, 316194, 3134969)
(1333410, 1484718, 316194, 3134322)
(1332734, 1484718, 316194, 3133646)
(1331738, 1484718, 316194, 3132650)
(1331122, 1484718, 316194, 3132034)
(1330517, 1484718, 316194, 3131429)
(1330228, 1484718, 316194, 3131140)
(1329457, 1484718, 316194, 3130369)
(1329118, 1484718, 316194, 3130030)
(1328851, 1484718, 316194, 3129763)
(1328502, 1484718, 316194, 3129414)
(1328087, 1484718, 316194, 3128999)
(1327725, 1484718, 316194, 3128637)
(1327616, 1484718, 316194, 3128528)
(1327330, 1484718, 316194, 3128242)
(1326377, 1484718, 316194, 3127289)
(1326156, 1484718, 316194, 3127068)
(1325718, 1484718, 316194, 3126630)
(1324736, 1484718, 316194, 3125648)
(1324165, 1484718, 316194, 3125077)
(1323479, 1484718, 316194, 3124391)
(1323302, 1484718, 316194, 3124214)
(1322478, 1484718, 316194, 3123390)
(1321832, 1484718, 316194, 3122744)
(1321120, 1484718, 316194, 3122032)
(1320491, 1484718, 316194, 3121403)
(1319914, 1484718, 316194, 3120826)
(1319028, 1484718, 316194, 3119940)
(1318956, 1484718, 316194, 3119868)
(1318556, 1484718, 316194, 3119468)
(1318247, 1484718, 316194, 3119159)
(1317655, 1484718, 316194, 3118567)
(1317585, 1484718, 316194, 3118497)
(1317047, 1484718, 316194, 3117959)
(1316595, 1484718, 316194, 3117507)
(1316111, 1484718, 316194, 3117023)
(1315552, 1484718, 316194, 3116464)
(1314815, 1484718, 316194, 3115727)
(1314280, 1484718, 316194, 3115192)
(1314127, 1484718, 316194, 3115039)
(1313566, 1484718, 316194, 3114478)
(1312879, 1484718, 316194, 3113791)
(1312489, 1484718, 316194, 3113401)
(1311665, 1484718, 316194, 3112577)
(1310925, 1484718, 316194, 3111837)
(1310708, 1484718, 316194, 3111620)
(1309912, 1484718, 316194, 3110824)
(1309319, 1484718, 316194, 3110231)
(1309271, 1484718, 316194, 3110183)
(1308770, 1484718, 316194, 3109682)
(1308343, 1484718, 316194, 3109255)
(1307652, 1484718, 316194, 3108564)
(1307083, 1484718, 316194, 3107995)
(1306340, 1484718, 316194, 3107252)
(1306259, 1484718, 316194, 3107171)
(1305895, 1484718, 316194, 3106807)
(1305610, 1484718, 316194, 3106522)
(1305021, 1484718, 316194, 3105933)
(1304637, 1484718, 316194, 3105549)
(1304246, 1484718, 316194, 3105158)
(1303922, 1484718, 316194, 3104834)
(1303646, 1484718, 316194, 3104558)
(1302689, 1484718, 316194, 3103601)
(1302254, 1484718, 316194, 3103166)
(1301728, 1484718, 316194, 3102640)
(1301573, 1484718, 316194, 3102485)
(1301295, 1484718, 316194, 3102207)
(1300856, 1484718, 316194, 3101768)
(1300449, 1484718, 316194, 3101361)
(1299937, 1484718, 316194, 3100849)
(1299606, 1484718, 316194, 3100518)
(1299091, 1484718, 316194, 3100003)
(1298446, 1484718, 316194, 3099358)
(1298007, 1484718, 316194, 3098919)
(1297676, 1484718, 316194, 3098588)
(1297091, 1484718, 316194, 3098003)
(1296619, 1484718, 316194, 3097531)
(1296113, 1484718, 316194, 3097025)
(1295379, 1484718, 316194, 3096291)
(1294695, 1484718, 316194, 3095607)
(1294231, 1484718, 316194, 3095143)
(1293390, 1484718, 316194, 3094302)
(1292495, 1484718, 316194, 3093407)
(1291912, 1484718, 316194, 3092824)
(1291808, 1484718, 316194, 3092720)
(1291789, 1484718, 316194, 3092701)
(1291332, 1484718, 316194, 3092244)
(1290337, 1484718, 316194, 3091249)
(1289711, 1484718, 316194, 3090623)
(1288800, 1484718, 316194, 3089712)
(1288148, 1484718, 316194, 3089060)
(1287917, 1484718, 316194, 3088829)
(1287473, 1484718, 316194, 3088385)
(1287340, 1484718, 316194, 3088252)
(1286903, 1484718, 316194, 3087815)
(1286405, 1484718, 316194, 3087317)
(1286073, 1484718, 316194, 3086985)
(1285554, 1484718, 316194, 3086466)
(1284895, 1484718, 316194, 3085807)
