(1628389, 1476624, 451307, 3556320)
(1627918, 1476624, 451307, 3555849)
(1627194, 1476624, 451307, 3555125)
(1625933, 1476624, 451307, 3553864)
(1625349, 1476624, 451307, 3553280)
(1625030, 1476624, 451307, 3552961)
(1625002, 1476624, 451307, 3552933)
(1624337, 1476624, 451307, 3552268)
(1623857, 1476624, 451307, 3551788)
(1623259, 1476624, 451307, 3551190)
(1622601, 1476624, 451307, 3550532)
(1621928, 1476624, 451307, 3549859)
(1621917, 1476624, 451307, 3549848)
(1621022, 1476624, 451307, 3548953)
(1620715, 1476624, 451307, 3548646)
(1619934, 1476624, 451307, 3547865)
(1619455, 1476624, 451307, 3547386)
(1618884, 1476624, 451307, 3546815)
(1618848, 1476624, 451307, 3546779)
(1618783, 1476624, 451307, 3546714)
(1618133, 1476624, 451307, 3546064)
(1617803, 1476624, 451307, 3545734)
(1617371, 1476624, 451307, 3545302)
(1617370, 1476624, 451307, 3545301)
(1617202, 1476624, 451307, 3545133)
(1616609, 1476624, 451307, 3544540)
(1616485, 1476624, 451307, 3544416)
(1616461, 1476624, 451307, 3544392)
(1616399, 1476624, 451307, 3544330)
(1615673, 1476624, 451307, 3543604)
(1615555, 1476624, 451307, 3543486)
(1614909, 1476624, 451307, 3542840)
(1614061, 1476624, 451307, 3541992)
(1613737, 1476624, 451307, 3541668)
(1612728, 1476624, 451307, 3540659)
(1612685, 1476624, 451307, 3540616)
(1612288, 1476624, 451307, 3540219)
(1611949, 1476624, 451307, 3539880)
(1611813, 1476624, 451307, 3539744)
(1610859, 1476624, 451307, 3538790)
(1610106, 1476624, 451307, 3538037)
(1609870, 1476624, 451307, 3537801)
(1609178, 1476624, 451307, 3537109)
(1608962, 1476624, 451307, 3536893)
(1608189, 1476624, 451307, 3536120)
(1607632, 1476624, 451307, 3535563)
(1606673, 1476624, 451307, 3534604)
(1605852, 1476624, 451307, 3533783)
(1604669, 1476624, 451307, 3532600)
(1604287, 1476624, 451307, 3532218)
(1604069, 1476624, 451307, 3532000)
(1603528, 1476624, 451307, 3531459)
(1602863, 1476624, 451307, 3530794)
(1602727, 1476624, 451307, 3530658)
(1602451, 1476624, 451307, 3530382)
(1601853, 1476624, 451307, 3529784)
(1601852, 1476624, 451307, 3529783)
(1601428, 1476624, 451307, 3529359)
(1600829, 1476624, 451307, 3528760)
(1599704, 1476624, 451307, 3527635)
(1598701, 1476624, 451307, 3526632)
(1598162, 1476624, 451307, 3526093)
(1597243, 1476624, 451307, 3525174)
(1596687, 1476624, 451307, 3524618)
(1596314, 1476624, 451307, 3524245)
(1596274, 1476624, 451307, 3524205)
(1595745, 1476624, 451307, 3523676)
(1594975, 1476624, 451307, 3522906)
(1594680, 1476624, 451307, 3522611)
(1594603, 1476624, 451307, 3522534)
(1593912, 1476624, 451307, 3521843)
(1593432, 1476624, 451307, 3521363)
(1593431, 1476624, 451307, 3521362)
(1592587, 1476624, 451307, 3520518)
(1592194, 1476624, 451307, 3520125)
(1592193, 1476624, 451307, 3520124)
(1592099, 1476624, 451307, 3520030)
(1591974, 1476624, 451307, 3519905)
(1591194, 1476624, 451307, 3519125)
(1590580, 1476624, 451307, 3518511)
(1590172, 1476624, 451307, 3518103)
(1590078, 1476624, 451307, 3518009)
(1589567, 1476624, 451307, 3517498)
(1589216, 1476624, 451307, 3517147)
(1588513, 1476624, 451307, 3516444)
(1588283, 1476624, 451307, 3516214)
(1587680, 1476624, 451307, 3515611)
(1587037, 1476624, 451307, 3514968)
(1586630, 1476624, 451307, 3514561)
(1586376, 1476624, 451307, 3514307)
(1585622, 1476624, 451307, 3513553)
(1584903, 1476624, 451307, 3512834)
(1584322, 1476624, 451307, 3512253)
(1583653, 1476624, 451307, 3511584)
(1582893, 1476624, 451307, 3510824)
(1582441, 1476624, 451307, 3510372)
(1581863, 1476624, 451307, 3509794)
(1581498, 1476624, 451307, 3509429)
(1580804, 1476624, 451307, 3508735)
(1579981, 1476624, 451307, 3507912)
(1579980, 1476624, 451307, 3507911)
(1579109, 1476624, 451307, 3507040)
(1578761, 1476624, 451307, 3506692)
(1577798, 1476624, 451307, 3505729)
(1577000, 1476624, 451307, 3504931)
(1576414, 1476624, 451307, 3504345)
(1576343, 1476624, 451307, 3504274)
(1575662, 1476624, 451307, 3503593)
(1575000, 1476624, 451307, 3502931)
(1574275, 1476624, 451307, 3502206)
(1573986, 1476624, 451307, 3501917)
(1573603, 1476624, 451307, 3501534)
(1573091, 1476624, 451307, 3501022)
(1572094, 1476624, 451307, 3500025)
(1571518, 1476624, 451307, 3499449)
(1570807, 1476624, 451307, 3498738)
(1569934, 1476624, 451307, 3497865)
(1569117, 1476624, 451307, 3497048)
(1568688, 1476624, 451307, 3496619)
(1568461, 1476624, 451307, 3496392)
(1567668, 1476624, 451307, 3495599)
(1567484, 1476624, 451307, 3495415)
(1567018, 1476624, 451307, 3494949)
(1566658, 1476624, 451307, 3494589)
(1565908, 1476624, 451307, 3493839)
(1565279, 1476624, 451307, 3493210)
(1564885, 1476624, 451307, 3492816)
(1564496, 1476624, 451307, 3492427)
(1563880, 1476624, 451307, 3491811)
(1563875, 1476624, 451307, 3491806)
(1563099, 1476624, 451307, 3491030)
(1562340, 1476624, 451307, 3490271)
(1561457, 1476624, 451307, 3489388)
(1561062, 1476624, 451307, 3488993)
(1560790, 1476624, 451307, 3488721)
(1560150, 1476624, 451307, 3488081)
(1559827, 1476624, 451307, 3487758)
(1559106, 1476624, 451307, 3487037)
(1557842, 1476624, 451307, 3485773)
(1557206, 1476624, 451307, 3485137)
(1556897, 1476624, 451307, 3484828)
(1555915, 1476624, 451307, 3483846)
(1555716, 1476624, 451307, 3483647)
(1555161, 1476624, 451307, 3483092)
(1554684, 1476624, 451307, 3482615)
(1553655, 1476624, 451307, 3481586)
(1552867, 1476624, 451307, 3480798)
(1552307, 1476624, 451307, 3480238)
(1551108, 1476624, 451307, 3479039)
(1550017, 1476624, 451307, 3477948)
(1549466, 1476624, 451307, 3477397)
(1548875, 1476624, 451307, 3476806)
(1547914, 1476624, 451307, 3475845)
(1547352, 1476624, 451307, 3475283)
(1547196, 1476624, 451307, 3475127)
(1547103, 1476624, 451307, 3475034)
(1546863, 1476624, 451307, 3474794)
(1546862, 1476624, 451307, 3474793)
(1546686, 1476624, 451307, 3474617)
(1545910, 1476624, 451307, 3473841)
(1545244, 1476624, 451307, 3473175)
(1544709, 1476624, 451307, 3472640)
(1544229, 1476624, 451307, 3472160)
(1543994, 1476624, 451307, 3471925)
(1543457, 1476624, 451307, 3471388)
(1543041, 1476624, 451307, 3470972)
(1542588, 1476624, 451307, 3470519)
(1542228, 1476624, 451307, 3470159)
(1541282, 1476624, 451307, 3469213)
(1541189, 1476624, 451307, 3469120)
(1540782, 1476624, 451307, 3468713)
(1540551, 1476624, 451307, 3468482)
(1540089, 1476624, 451307, 3468020)
(1539733, 1476624, 451307, 3467664)
(1539061, 1476624, 451307, 3466992)
(1538386, 1476624, 451307, 3466317)
(1537616, 1476624, 451307, 3465547)
(1537262, 1476624, 451307, 3465193)
(1536608, 1476624, 451307, 3464539)
(1535709, 1476624, 451307, 3463640)
(1535453, 1476624, 451307, 3463384)
(1534578, 1476624, 451307, 3462509)
(1534431, 1476624, 451307, 3462362)
(1533844, 1476624, 451307, 3461775)
(1533385, 1476624, 451307, 3461316)
(1533045, 1476624, 451307, 3460976)
(1532533, 1476624, 451307, 3460464)
(1531740, 1476624, 451307, 3459671)
(1531030, 1476624, 451307, 3458961)
(1530905, 1476624, 451307, 3458836)
(1530490, 1476624, 451307, 3458421)
(1530117, 1476624, 451307, 3458048)
(1529742, 1476624, 451307, 3457673)
(1529613, 1476624, 451307, 3457544)
(1529158, 1476624, 451307, 3457089)
(1528829, 1476624, 451307, 3456760)
(1528159, 1476624, 451307, 3456090)
(1527251, 1476624, 451307, 3455182)
(1526313, 1476624, 451307, 3454244)
(1525929, 1476624, 451307, 3453860)
(1525187, 1476624, 451307, 3453118)
(1524605, 1476624, 451307, 3452536)
(1523596, 1476624, 451307, 3451527)
(1522556, 1476624, 451307, 3450487)
(1521828, 1476624, 451307, 3449759)
(1521750, 1476624, 451307, 3449681)
(1521611, 1476624, 451307, 3449542)
(1521124, 1476624, 451307, 3449055)
(1520637, 1476624, 451307, 3448568)
(1519963, 1476624, 451307, 3447894)
(1519603, 1476624, 451307, 3447534)
(1519554, 1476624, 451307, 3447485)
(1519122, 1476624, 451307, 3447053)
(1518952, 1476624, 451307, 3446883)
(1518618, 1476624, 451307, 3446549)
(1518264, 1476624, 451307, 3446195)
(1517143, 1476624, 451307, 3445074)
(1516464, 1476624, 451307, 3444395)
(1516114, 1476624, 451307, 3444045)
(1515803, 1476624, 451307, 3443734)
(1515479, 1476624, 451307, 3443410)
(1514853, 1476624, 451307, 3442784)
(1514802, 1476624, 451307, 3442733)
(1514618, 1476624, 451307, 3442549)
(1514280, 1476624, 451307, 3442211)
(1513676, 1476624, 451307, 3441607)
(1513137, 1476624, 451307, 3441068)
(1512614, 1476624, 451307, 3440545)
(1512104, 1476624, 451307, 3440035)
(1511671, 1476624, 451307, 3439602)
(1511198, 1476624, 451307, 3439129)
(1510729, 1476624, 451307, 3438660)
(1510011, 1476624, 451307, 3437942)
(1509089, 1476624, 451307, 3437020)
(1508923, 1476624, 451307, 3436854)
(1508866, 1476624, 451307, 3436797)
(1508499, 1476624, 451307, 3436430)
(1508332, 1476624, 451307, 3436263)
(1507803, 1476624, 451307, 3435734)
(1507195, 1476624, 451307, 3435126)
(1507151, 1476624, 451307, 3435082)
(1506328, 1476624, 451307, 3434259)
(1505346, 1476624, 451307, 3433277)
(1504832, 1476624, 451307, 3432763)
(1504250, 1476624, 451307, 3432181)
(1503275, 1476624, 451307, 3431206)
(1502889, 1476624, 451307, 3430820)
(1501929, 1476624, 451307, 3429860)
(1501860, 1476624, 451307, 3429791)
(1500781, 1476624, 451307, 3428712)
(1500473, 1476624, 451307, 3428404)
(1499876, 1476624, 451307, 3427807)
(1498798, 1476624, 451307, 3426729)
(1498309, 1476624, 451307, 3426240)
(1497771, 1476624, 451307, 3425702)
(1497680, 1476624, 451307, 3425611)
(1496503, 1476624, 451307, 3424434)
(1495966, 1476624, 451307, 3423897)
(1495447, 1476624, 451307, 3423378)
(1494791, 1476624, 451307, 3422722)
(1494341, 1476624, 451307, 3422272)
(1494052, 1476624, 451307, 3421983)
(1493659, 1476624, 451307, 3421590)
(1493121, 1476624, 451307, 3421052)
(1492335, 1476624, 451307, 3420266)
(1491559, 1476624, 451307, 3419490)
(1491278, 1476624, 451307, 3419209)
(1490472, 1476624, 451307, 3418403)
(1489875, 1476624, 451307, 3417806)
(1489457, 1476624, 451307, 3417388)
(1488929, 1476624, 451307, 3416860)
(1488264, 1476624, 451307, 3416195)
(1488138, 1476624, 451307, 3416069)
(1487775, 1476624, 451307, 3415706)
(1487178, 1476624, 451307, 3415109)
(1486681, 1476624, 451307, 3414612)
(1485788, 1476624, 451307, 3413719)
(1485138, 1476624, 451307, 3413069)
(1484143, 1476624, 451307, 3412074)
(1483797, 1476624, 451307, 3411728)
(1482931, 1476624, 451307, 3410862)
(1482138, 1476624, 451307, 3410069)
(1481677, 1476624, 451307, 3409608)
(1481171, 1476624, 451307, 3409102)
(1481128, 1476624, 451307, 3409059)
(1480123, 1476624, 451307, 3408054)
(1479777, 1476624, 451307, 3407708)
(1479341, 1476624, 451307, 3407272)
(1478294, 1476624, 451307, 3406225)
(1477890, 1476624, 451307, 3405821)
(1477318, 1476624, 451307, 3405249)
(1476265, 1476624, 451307, 3404196)
(1475980, 1476624, 451307, 3403911)
(1475400, 1476624, 451307, 3403331)
(1475322, 1476624, 451307, 3403253)
(1474171, 1476624, 451307, 3402102)
(1473851, 1476624, 451307, 3401782)
(1473288, 1476624, 451307, 3401219)
(1473287, 1476624, 451307, 3401218)
(1473031, 1476624, 451307, 3400962)
(1472675, 1476624, 451307, 3400606)
(1472157, 1476624, 451307, 3400088)
(1471938, 1476624, 451307, 3399869)
(1471127, 1476624, 451307, 3399058)
(1470819, 1476624, 451307, 3398750)
(1470566, 1476624, 451307, 3398497)
(1470063, 1476624, 451307, 3397994)
(1469631, 1476624, 451307, 3397562)
(1469218, 1476624, 451307, 3397149)
(1468873, 1476624, 451307, 3396804)
(1468630, 1476624, 451307, 3396561)
(1468282, 1476624, 451307, 3396213)
(1467840, 1476624, 451307, 3395771)
(1467338, 1476624, 451307, 3395269)
(1467041, 1476624, 451307, 3394972)
(1467040, 1476624, 451307, 3394971)
(1466403, 1476624, 451307, 3394334)
(1466402, 1476624, 451307, 3394333)
(1465635, 1476624, 451307, 3393566)
(1465364, 1476624, 451307, 3393295)
(1465240, 1476624, 451307, 3393171)
(1464669, 1476624, 451307, 3392600)
(1464272, 1476624, 451307, 3392203)
(1463926, 1476624, 451307, 3391857)
(1463530, 1476624, 451307, 3391461)
(1463257, 1476624, 451307, 3391188)
(1462770, 1476624, 451307, 3390701)
(1462366, 1476624, 451307, 3390297)
(1462076, 1476624, 451307, 3390007)
(1461491, 1476624, 451307, 3389422)
(1460723, 1476624, 451307, 3388654)
(1460667, 1476624, 451307, 3388598)
(1459922, 1476624, 451307, 3387853)
(1459405, 1476624, 451307, 3387336)
(1458560, 1476624, 451307, 3386491)
(1458244, 1476624, 451307, 3386175)
(1458243, 1476624, 451307, 3386174)
(1457774, 1476624, 451307, 3385705)
(1457161, 1476624, 451307, 3385092)
(1456270, 1476624, 451307, 3384201)
(1455582, 1476624, 451307, 3383513)
(1455162, 1476624, 451307, 3383093)
(1454456, 1476624, 451307, 3382387)
(1454085, 1476624, 451307, 3382016)
(1453709, 1476624, 451307, 3381640)
(1453468, 1476624, 451307, 3381399)
(1453185, 1476624, 451307, 3381116)
(1452780, 1476624, 451307, 3380711)
(1451955, 1476624, 451307, 3379886)
(1451630, 1476624, 451307, 3379561)
(1451150, 1476624, 451307, 3379081)
(1450701, 1476624, 451307, 3378632)
(1450016, 1476624, 451307, 3377947)
(1449925, 1476624, 451307, 3377856)
(1449924, 1476624, 451307, 3377855)
(1449768, 1476624, 451307, 3377699)
(1448852, 1476624, 451307, 3376783)
(1448140, 1476624, 451307, 3376071)
(1447575, 1476624, 451307, 3375506)
(1446995, 1476624, 451307, 3374926)
(1446572, 1476624, 451307, 3374503)
(1446281, 1476624, 451307, 3374212)
(1446053, 1476624, 451307, 3373984)
(1445911, 1476624, 451307, 3373842)
(1445496, 1476624, 451307, 3373427)
(1445037, 1476624, 451307, 3372968)
(1444656, 1476624, 451307, 3372587)
(1444488, 1476624, 451307, 3372419)
(1443824, 1476624, 451307, 3371755)
(1443275, 1476624, 451307, 3371206)
(1442610, 1476624, 451307, 3370541)
(1442334, 1476624, 451307, 3370265)
(1442167, 1476624, 451307, 3370098)
(1441623, 1476624, 451307, 3369554)
(1441185, 1476624, 451307, 3369116)
(1440789, 1476624, 451307, 3368720)
(1440385, 1476624, 451307, 3368316)
(1439370, 1476624, 451307, 3367301)
(1438806, 1476624, 451307, 3366737)
(1438129, 1476624, 451307, 3366060)
(1437551, 1476624, 451307, 3365482)
(1436868, 1476624, 451307, 3364799)
(1436359, 1476624, 451307, 3364290)
(1436109, 1476624, 451307, 3364040)
(1435691, 1476624, 451307, 3363622)
(1435025, 1476624, 451307, 3362956)
(1434433, 1476624, 451307, 3362364)
(1434172, 1476624, 451307, 3362103)
(1433334, 1476624, 451307, 3361265)
(1432984, 1476624, 451307, 3360915)
(1432579, 1476624, 451307, 3360510)
(1432006, 1476624, 451307, 3359937)
(1431503, 1476624, 451307, 3359434)
(1431005, 1476624, 451307, 3358936)
(1430878, 1476624, 451307, 3358809)
(1429927, 1476624, 451307, 3357858)
(1429458, 1476624, 451307, 3357389)
(1429075, 1476624, 451307, 3357006)
(1428775, 1476624, 451307, 3356706)
(1428548, 1476624, 451307, 3356479)
(1427983, 1476624, 451307, 3355914)
(1427468, 1476624, 451307, 3355399)
(1427034, 1476624, 451307, 3354965)
(1426351, 1476624, 451307, 3354282)
(1425347, 1476624, 451307, 3353278)
(1425182, 1476624, 451307, 3353113)
(1424160, 1476624, 451307, 3352091)
(1424084, 1476624, 451307, 3352015)
(1423832, 1476624, 451307, 3351763)
(1423662, 1476624, 451307, 3351593)
(1423067, 1476624, 451307, 3350998)
(1422778, 1476624, 451307, 3350709)
(1422626, 1476624, 451307, 3350557)
(1422049, 1476624, 451307, 3349980)
(1421707, 1476624, 451307, 3349638)
(1420883, 1476624, 451307, 3348814)
(1420440, 1476624, 451307, 3348371)
(1419445, 1476624, 451307, 3347376)
(1419349, 1476624, 451307, 3347280)
(1418363, 1476624, 451307, 3346294)
(1417470, 1476624, 451307, 3345401)
(1417035, 1476624, 451307, 3344966)
(1416597, 1476624, 451307, 3344528)
(1416460, 1476624, 451307, 3344391)
(1415347, 1476624, 451307, 3343278)
(1414363, 1476624, 451307, 3342294)
(1413772, 1476624, 451307, 3341703)
(1413650, 1476624, 451307, 3341581)
(1413171, 1476624, 451307, 3341102)
(1412839, 1476624, 451307, 3340770)
(1412326, 1476624, 451307, 3340257)
(1411620, 1476624, 451307, 3339551)
(1411282, 1476624, 451307, 3339213)
(1410716, 1476624, 451307, 3338647)
(1410230, 1476624, 451307, 3338161)
(1409851, 1476624, 451307, 3337782)
(1409302, 1476624, 451307, 3337233)
(1409301, 1476624, 451307, 3337232)
(1408915, 1476624, 451307, 3336846)
(1408657, 1476624, 451307, 3336588)
(1407836, 1476624, 451307, 3335767)
(1407175, 1476624, 451307, 3335106)
(1406158, 1476624, 451307, 3334089)
(1405627, 1476624, 451307, 3333558)
(1405125, 1476624, 451307, 3333056)
(1404135, 1476624, 451307, 3332066)
(1403956, 1476624, 451307, 3331887)
(1403582, 1476624, 451307, 3331513)
(1403252, 1476624, 451307, 3331183)
(1403051, 1476624, 451307, 3330982)
(1402184, 1476624, 451307, 3330115)
(1401756, 1476624, 451307, 3329687)
(1401421, 1476624, 451307, 3329352)
(1400577, 1476624, 451307, 3328508)
(1399498, 1476624, 451307, 3327429)
(1398667, 1476624, 451307, 3326598)
(1398173, 1476624, 451307, 3326104)
(1397778, 1476624, 451307, 3325709)
(1396966, 1476624, 451307, 3324897)
(1396805, 1476624, 451307, 3324736)
(1396100, 1476624, 451307, 3324031)
(1395792, 1476624, 451307, 3323723)
(1394657, 1476624, 451307, 3322588)
(1393730, 1476624, 451307, 3321661)
(1393607, 1476624, 451307, 3321538)
(1393246, 1476624, 451307, 3321177)
(1393036, 1476624, 451307, 3320967)
(1392646, 1476624, 451307, 3320577)
(1392380, 1476624, 451307, 3320311)
(1392340, 1476624, 451307, 3320271)
(1391952, 1476624, 451307, 3319883)
(1391460, 1476624, 451307, 3319391)
(1391459, 1476624, 451307, 3319390)
(1390603, 1476624, 451307, 3318534)
(1390557, 1476624, 451307, 3318488)
(1389936, 1476624, 451307, 3317867)
(1389248, 1476624, 451307, 3317179)
(1389034, 1476624, 451307, 3316965)
(1388983, 1476624, 451307, 3316914)
(1388211, 1476624, 451307, 3316142)
(1387800, 1476624, 451307, 3315731)
(1387090, 1476624, 451307, 3315021)
(1386454, 1476624, 451307, 3314385)
(1385135, 1476624, 451307, 3313066)
(1384470, 1476624, 451307, 3312401)
(1384047, 1476624, 451307, 3311978)
(1383313, 1476624, 451307, 3311244)
(1382584, 1476624, 451307, 3310515)
(1381779, 1476624, 451307, 3309710)
(1381056, 1476624, 451307, 3308987)
(1380736, 1476624, 451307, 3308667)
(1380484, 1476624, 451307, 3308415)
(1380056, 1476624, 451307, 3307987)
(1379486, 1476624, 451307, 3307417)
(1379043, 1476624, 451307, 3306974)
(1378300, 1476624, 451307, 3306231)
(1377855, 1476624, 451307, 3305786)
(1377441, 1476624, 451307, 3305372)
(1376789, 1476624, 451307, 3304720)
(1375866, 1476624, 451307, 3303797)
(1374810, 1476624, 451307, 3302741)
(1374040, 1476624, 451307, 3301971)
(1373864, 1476624, 451307, 3301795)
(1372964, 1476624, 451307, 3300895)
(1372345, 1476624, 451307, 3300276)
(1372019, 1476624, 451307, 3299950)
(1371302, 1476624, 451307, 3299233)
(1370738, 1476624, 451307, 3298669)
(1370610, 1476624, 451307, 3298541)
(1370395, 1476624, 451307, 3298326)
(1369801, 1476624, 451307, 3297732)
(1369131, 1476624, 451307, 3297062)
(1369078, 1476624, 451307, 3297009)
(1368971, 1476624, 451307, 3296902)
(1368109, 1476624, 451307, 3296040)
(1367778, 1476624, 451307, 3295709)
(1366826, 1476624, 451307, 3294757)
(1366053, 1476624, 451307, 3293984)
(1365610, 1476624, 451307, 3293541)
(1364943, 1476624, 451307, 3292874)
(1364707, 1476624, 451307, 3292638)
(1364510, 1476624, 451307, 3292441)
(1363620, 1476624, 451307, 3291551)
(1362880, 1476624, 451307, 3290811)
(1362538, 1476624, 451307, 3290469)
(1362184, 1476624, 451307, 3290115)
(1361300, 1476624, 451307, 3289231)
(1361214, 1476624, 451307, 3289145)
(1360449, 1476624, 451307, 3288380)
(1359956, 1476624, 451307, 3287887)
(1359248, 1476624, 451307, 3287179)
(1358245, 1476624, 451307, 3286176)
(1357985, 1476624, 451307, 3285916)
(1357688, 1476624, 451307, 3285619)
(1357113, 1476624, 451307, 3285044)
(1356422, 1476624, 451307, 3284353)
(1356101, 1476624, 451307, 3284032)
(1355224, 1476624, 451307, 3283155)
(1354376, 1476624, 451307, 3282307)
(1353850, 1476624, 451307, 3281781)
(1353346, 1476624, 451307, 3281277)
(1353309, 1476624, 451307, 3281240)
(1353016, 1476624, 451307, 3280947)
(1352550, 1476624, 451307, 3280481)
(1352232, 1476624, 451307, 3280163)
(1351553, 1476624, 451307, 3279484)
(1351074, 1476624, 451307, 3279005)
(1350685, 1476624, 451307, 3278616)
(1350406, 1476624, 451307, 3278337)
(1349636, 1476624, 451307, 3277567)
(1349293, 1476624, 451307, 3277224)
(1348498, 1476624, 451307, 3276429)
(1347791, 1476624, 451307, 3275722)
(1347313, 1476624, 451307, 3275244)
(1346999, 1476624, 451307, 3274930)
(1346182, 1476624, 451307, 3274113)
(1345716, 1476624, 451307, 3273647)
(1345108, 1476624, 451307, 3273039)
(1345107, 1476624, 451307, 3273038)
(1344721, 1476624, 451307, 3272652)
(1344092, 1476624, 451307, 3272023)
(1343547, 1476624, 451307, 3271478)
(1343222, 1476624, 451307, 3271153)
(1343185, 1476624, 451307, 3271116)
(1342905, 1476624, 451307, 3270836)
(1342335, 1476624, 451307, 3270266)
(1341681, 1476624, 451307, 3269612)
(1341436, 1476624, 451307, 3269367)
(1340731, 1476624, 451307, 3268662)
(1340100, 1476624, 451307, 3268031)
(1339660, 1476624, 451307, 3267591)
(1339090, 1476624, 451307, 3267021)
(1338464, 1476624, 451307, 3266395)
(1337286, 1476624, 451307, 3265217)
(1336650, 1476624, 451307, 3264581)
(1336068, 1476624, 451307, 3263999)
(1335569, 1476624, 451307, 3263500)
(1335361, 1476624, 451307, 3263292)
(1335207, 1476624, 451307, 3263138)
(1334785, 1476624, 451307, 3262716)
(1334414, 1476624, 451307, 3262345)
(1334308, 1476624, 451307, 3262239)
(1333641, 1476624, 451307, 3261572)
(1332920, 1476624, 451307, 3260851)
(1332345, 1476624, 451307, 3260276)
(1332231, 1476624, 451307, 3260162)
(1331948, 1476624, 451307, 3259879)
(1330904, 1476624, 451307, 3258835)
(1330257, 1476624, 451307, 3258188)
(1330139, 1476624, 451307, 3258070)
(1329844, 1476624, 451307, 3257775)
(1329679, 1476624, 451307, 3257610)
