(1903383, 2028344, 520157, 4451884)
(1873415, 2043858, 520157, 4437430)
(1778647, 2107192, 520157, 4405996)
(1694369, 2154550, 520157, 4369076)
(1650656, 2182198, 520157, 4353011)
(1578034, 2244276, 520157, 4342467)
(1542544, 2259782, 520157, 4322483)
(1486012, 2299320, 520157, 4305489)
(1435336, 2342202, 520157, 4297695)
(1312976, 2432704, 520157, 4265837)
(3829626, 440034, 313624, 4583284)
(3736450, 516806, 313624, 4566880)
(3673485, 565718, 313624, 4552827)
(3609022, 612928, 313624, 4535574)
(1842250, 2117796, 521361, 4481407)
(1732951, 2210020, 521361, 4464332)
(1657532, 2259036, 521361, 4437929)
(1615118, 2284460, 521361, 4420939)
(1541993, 2331818, 521361, 4395172)
(1457604, 2383416, 521361, 4362381)
(3976041, 400406, 272819, 4649266)
(3865211, 499112, 272819, 4637142)
(3945974, 407510, 272819, 4626303)
(3858015, 474572, 272819, 4605406)
(3858015, 474572, 272819, 4605406)
(3760883, 553546, 272819, 4587248)
(3676816, 626530, 272819, 4576165)
(3614206, 683907, 272819, 4570932)
(3614195, 679030, 272819, 4566044)
(1744989, 2197936, 521361, 4464286)
(4443353, 60790, 23925, 4528068)
(4323863, 169890, 23925, 4517678)
(4361007, 103632, 23925, 4488564)
(4138255, 295224, 23925, 4457404)
(4174212, 230240, 23925, 4428377)
(4124015, 254128, 23925, 4402068)
(3977313, 380288, 23925, 4381526)
(3878818, 444222, 23925, 4346965)
(3785484, 517088, 23925, 4326497)
(3753264, 544864, 23925, 4322053)
(1973531, 2050610, 521361, 4545502)
