(2384375, 2338540, 440711, 5163626)
(2384048, 2338540, 440711, 5163299)
(2383622, 2338540, 440711, 5162873)
(2383386, 2338540, 440711, 5162637)
(2382847, 2338540, 440711, 5162098)
(2382392, 2338540, 440711, 5161643)
(2382012, 2338540, 440711, 5161263)
(2381602, 2338540, 440711, 5160853)
(2380667, 2338540, 440711, 5159918)
(2379610, 2338540, 440711, 5158861)
(2379358, 2338540, 440711, 5158609)
(2378533, 2338540, 440711, 5157784)
(2377663, 2338540, 440711, 5156914)
(2377132, 2338540, 440711, 5156383)
(2376330, 2338540, 440711, 5155581)
(2375685, 2338540, 440711, 5154936)
(2375279, 2338540, 440711, 5154530)
(2374997, 2338540, 440711, 5154248)
(2374254, 2338540, 440711, 5153505)
(2373819, 2338540, 440711, 5153070)
(2372507, 2338540, 440711, 5151758)
(2372312, 2338540, 440711, 5151563)
(2371442, 2338540, 440711, 5150693)
(2370560, 2338540, 440711, 5149811)
(2370485, 2338540, 440711, 5149736)
(2369653, 2338540, 440711, 5148904)
(2369560, 2338540, 440711, 5148811)
(2368800, 2338540, 440711, 5148051)
(2368154, 2338540, 440711, 5147405)
(2368014, 2338540, 440711, 5147265)
(2367790, 2338540, 440711, 5147041)
(2367217, 2338540, 440711, 5146468)
(2366254, 2338540, 440711, 5145505)
(2365938, 2338540, 440711, 5145189)
(2365297, 2338540, 440711, 5144548)
(2365203, 2338540, 440711, 5144454)
(2364682, 2338540, 440711, 5143933)
(2363879, 2338540, 440711, 5143130)
(2363749, 2338540, 440711, 5143000)
(2363147, 2338540, 440711, 5142398)
(2362830, 2338540, 440711, 5142081)
(2362654, 2338540, 440711, 5141905)
(2362126, 2338540, 440711, 5141377)
(2361652, 2338540, 440711, 5140903)
(2361034, 2338540, 440711, 5140285)
(2360242, 2338540, 440711, 5139493)
(2360241, 2338540, 440711, 5139492)
(2359389, 2338540, 440711, 5138640)
(2358813, 2338540, 440711, 5138064)
(2358601, 2338540, 440711, 5137852)
(2357719, 2338540, 440711, 5136970)
(2356952, 2338540, 440711, 5136203)
(2356219, 2338540, 440711, 5135470)
(2355333, 2338540, 440711, 5134584)
(2354302, 2338540, 440711, 5133553)
(2353702, 2338540, 440711, 5132953)
(2352626, 2338540, 440711, 5131877)
(2352241, 2338540, 440711, 5131492)
(2352096, 2338540, 440711, 5131347)
(2351288, 2338540, 440711, 5130539)
(2350858, 2338540, 440711, 5130109)
(2350073, 2338540, 440711, 5129324)
(2349746, 2338540, 440711, 5128997)
(2348983, 2338540, 440711, 5128234)
(2348580, 2338540, 440711, 5127831)
(2347943, 2338540, 440711, 5127194)
(2347416, 2338540, 440711, 5126667)
(2346783, 2338540, 440711, 5126034)
(2346069, 2338540, 440711, 5125320)
(2345404, 2338540, 440711, 5124655)
(2345048, 2338540, 440711, 5124299)
(2344481, 2338540, 440711, 5123732)
(2344122, 2338540, 440711, 5123373)
(2343732, 2338540, 440711, 5122983)
(2343140, 2338540, 440711, 5122391)
(2342619, 2338540, 440711, 5121870)
(2341769, 2338540, 440711, 5121020)
(2340919, 2338540, 440711, 5120170)
(2340694, 2338540, 440711, 5119945)
(2340065, 2338540, 440711, 5119316)
(2339078, 2338540, 440711, 5118329)
(2338183, 2338540, 440711, 5117434)
(2337689, 2338540, 440711, 5116940)
(2337543, 2338540, 440711, 5116794)
(2337542, 2338540, 440711, 5116793)
(2337541, 2338540, 440711, 5116792)
(2337036, 2338540, 440711, 5116287)
(2336569, 2338540, 440711, 5115820)
(2336312, 2338540, 440711, 5115563)
(2335737, 2338540, 440711, 5114988)
(2335312, 2338540, 440711, 5114563)
(2335032, 2338540, 440711, 5114283)
(2334354, 2338540, 440711, 5113605)
(2333306, 2338540, 440711, 5112557)
(2332853, 2338540, 440711, 5112104)
(2332436, 2338540, 440711, 5111687)
(2331326, 2338540, 440711, 5110577)
(2330511, 2338540, 440711, 5109762)
(2329825, 2338540, 440711, 5109076)
(2329283, 2338540, 440711, 5108534)
(2328593, 2338540, 440711, 5107844)
(2327872, 2338540, 440711, 5107123)
(2326922, 2338540, 440711, 5106173)
(2326326, 2338540, 440711, 5105577)
(2325936, 2338540, 440711, 5105187)
(2324907, 2338540, 440711, 5104158)
(2324375, 2338540, 440711, 5103626)
(2323846, 2338540, 440711, 5103097)
(2323322, 2338540, 440711, 5102573)
(2322822, 2338540, 440711, 5102073)
(2322420, 2338540, 440711, 5101671)
(2321525, 2338540, 440711, 5100776)
(2321143, 2338540, 440711, 5100394)
(2321127, 2338540, 440711, 5100378)
(2320441, 2338540, 440711, 5099692)
(2319937, 2338540, 440711, 5099188)
(2319674, 2338540, 440711, 5098925)
(2319234, 2338540, 440711, 5098485)
(2318496, 2338540, 440711, 5097747)
(2317787, 2338540, 440711, 5097038)
(2317504, 2338540, 440711, 5096755)
(2316667, 2338540, 440711, 5095918)
(2316201, 2338540, 440711, 5095452)
(2315869, 2338540, 440711, 5095120)
(2315176, 2338540, 440711, 5094427)
(2315056, 2338540, 440711, 5094307)
(2315035, 2338540, 440711, 5094286)
(2314293, 2338540, 440711, 5093544)
(2313692, 2338540, 440711, 5092943)
(2312647, 2338540, 440711, 5091898)
(2312139, 2338540, 440711, 5091390)
(2311601, 2338540, 440711, 5090852)
(2311092, 2338540, 440711, 5090343)
(2310332, 2338540, 440711, 5089583)
(2309458, 2338540, 440711, 5088709)
(2308928, 2338540, 440711, 5088179)
(2308744, 2338540, 440711, 5087995)
(2308502, 2338540, 440711, 5087753)
(2308253, 2338540, 440711, 5087504)
(2307858, 2338540, 440711, 5087109)
(2307171, 2338540, 440711, 5086422)
(2306832, 2338540, 440711, 5086083)
(2306364, 2338540, 440711, 5085615)
(2305357, 2338540, 440711, 5084608)
(2304604, 2338540, 440711, 5083855)
(2304367, 2338540, 440711, 5083618)
(2303698, 2338540, 440711, 5082949)
(2302858, 2338540, 440711, 5082109)
(2302269, 2338540, 440711, 5081520)
(2301894, 2338540, 440711, 5081145)
(2300981, 2338540, 440711, 5080232)
(2300657, 2338540, 440711, 5079908)
(2300379, 2338540, 440711, 5079630)
(2300367, 2338540, 440711, 5079618)
(2299487, 2338540, 440711, 5078738)
(2299074, 2338540, 440711, 5078325)
(2298817, 2338540, 440711, 5078068)
(2298423, 2338540, 440711, 5077674)
(2298127, 2338540, 440711, 5077378)
(2297465, 2338540, 440711, 5076716)
(2297030, 2338540, 440711, 5076281)
(2296586, 2338540, 440711, 5075837)
(2296547, 2338540, 440711, 5075798)
(2295792, 2338540, 440711, 5075043)
(2295791, 2338540, 440711, 5075042)
(2295313, 2338540, 440711, 5074564)
(2294524, 2338540, 440711, 5073775)
(2293814, 2338540, 440711, 5073065)
(2293437, 2338540, 440711, 5072688)
(2292902, 2338540, 440711, 5072153)
(2292756, 2338540, 440711, 5072007)
(2292542, 2338540, 440711, 5071793)
(2291827, 2338540, 440711, 5071078)
(2291269, 2338540, 440711, 5070520)
(2290506, 2338540, 440711, 5069757)
(2290056, 2338540, 440711, 5069307)
(2289605, 2338540, 440711, 5068856)
(2289163, 2338540, 440711, 5068414)
(2289112, 2338540, 440711, 5068363)
(2289013, 2338540, 440711, 5068264)
(2288363, 2338540, 440711, 5067614)
(2288034, 2338540, 440711, 5067285)
(2287764, 2338540, 440711, 5067015)
(2287280, 2338540, 440711, 5066531)
(2286359, 2338540, 440711, 5065610)
(2286167, 2338540, 440711, 5065418)
(2285773, 2338540, 440711, 5065024)
(2285279, 2338540, 440711, 5064530)
(2284842, 2338540, 440711, 5064093)
(2284710, 2338540, 440711, 5063961)
(2284112, 2338540, 440711, 5063363)
(2284040, 2338540, 440711, 5063291)
(2284039, 2338540, 440711, 5063290)
(2283266, 2338540, 440711, 5062517)
(2282894, 2338540, 440711, 5062145)
(2282559, 2338540, 440711, 5061810)
(2281871, 2338540, 440711, 5061122)
(2281609, 2338540, 440711, 5060860)
(2281365, 2338540, 440711, 5060616)
(2280945, 2338540, 440711, 5060196)
(2280352, 2338540, 440711, 5059603)
(2279677, 2338540, 440711, 5058928)
(2278933, 2338540, 440711, 5058184)
(2278679, 2338540, 440711, 5057930)
(2278496, 2338540, 440711, 5057747)
(2277861, 2338540, 440711, 5057112)
(2277673, 2338540, 440711, 5056924)
(2277252, 2338540, 440711, 5056503)
(2276486, 2338540, 440711, 5055737)
(2275720, 2338540, 440711, 5054971)
(2275232, 2338540, 440711, 5054483)
(2274300, 2338540, 440711, 5053551)
(2273994, 2338540, 440711, 5053245)
(2273686, 2338540, 440711, 5052937)
(2272640, 2338540, 440711, 5051891)
(2272504, 2338540, 440711, 5051755)
(2272123, 2338540, 440711, 5051374)
(2272122, 2338540, 440711, 5051373)
(2271477, 2338540, 440711, 5050728)
(2270634, 2338540, 440711, 5049885)
(2270343, 2338540, 440711, 5049594)
(2269501, 2338540, 440711, 5048752)
(2268390, 2338540, 440711, 5047641)
(2267912, 2338540, 440711, 5047163)
(2267388, 2338540, 440711, 5046639)
(2266973, 2338540, 440711, 5046224)
(2266041, 2338540, 440711, 5045292)
(2265418, 2338540, 440711, 5044669)
(2265021, 2338540, 440711, 5044272)
(2264357, 2338540, 440711, 5043608)
(2263422, 2338540, 440711, 5042673)
(2262834, 2338540, 440711, 5042085)
(2262263, 2338540, 440711, 5041514)
(2261330, 2338540, 440711, 5040581)
(2260345, 2338540, 440711, 5039596)
(2259923, 2338540, 440711, 5039174)
(2259911, 2338540, 440711, 5039162)
(2259481, 2338540, 440711, 5038732)
(2258870, 2338540, 440711, 5038121)
(2257993, 2338540, 440711, 5037244)
(2257497, 2338540, 440711, 5036748)
(2257367, 2338540, 440711, 5036618)
(2256755, 2338540, 440711, 5036006)
(2256516, 2338540, 440711, 5035767)
(2256191, 2338540, 440711, 5035442)
(2255516, 2338540, 440711, 5034767)
(2255127, 2338540, 440711, 5034378)
(2254429, 2338540, 440711, 5033680)
(2253949, 2338540, 440711, 5033200)
(2253368, 2338540, 440711, 5032619)
(2252719, 2338540, 440711, 5031970)
(2252697, 2338540, 440711, 5031948)
(2251564, 2338540, 440711, 5030815)
(2250795, 2338540, 440711, 5030046)
(2250123, 2338540, 440711, 5029374)
(2249081, 2338540, 440711, 5028332)
(2248660, 2338540, 440711, 5027911)
(2247992, 2338540, 440711, 5027243)
(2247255, 2338540, 440711, 5026506)
(2246513, 2338540, 440711, 5025764)
(2245914, 2338540, 440711, 5025165)
(2245779, 2338540, 440711, 5025030)
(2245562, 2338540, 440711, 5024813)
(2245092, 2338540, 440711, 5024343)
(2244775, 2338540, 440711, 5024026)
(2244516, 2338540, 440711, 5023767)
(2244024, 2338540, 440711, 5023275)
(2243682, 2338540, 440711, 5022933)
(2242990, 2338540, 440711, 5022241)
(2242546, 2338540, 440711, 5021797)
(2241931, 2338540, 440711, 5021182)
(2241930, 2338540, 440711, 5021181)
(2241232, 2338540, 440711, 5020483)
(2241181, 2338540, 440711, 5020432)
(2240608, 2338540, 440711, 5019859)
(2240248, 2338540, 440711, 5019499)
(2239570, 2338540, 440711, 5018821)
(2239474, 2338540, 440711, 5018725)
(2239285, 2338540, 440711, 5018536)
(2238896, 2338540, 440711, 5018147)
(2238357, 2338540, 440711, 5017608)
(2237721, 2338540, 440711, 5016972)
(2237034, 2338540, 440711, 5016285)
(2236035, 2338540, 440711, 5015286)
(2235290, 2338540, 440711, 5014541)
(2234879, 2338540, 440711, 5014130)
(2234289, 2338540, 440711, 5013540)
(2233798, 2338540, 440711, 5013049)
(2233462, 2338540, 440711, 5012713)
(2233412, 2338540, 440711, 5012663)
(2232846, 2338540, 440711, 5012097)
(2232307, 2338540, 440711, 5011558)
(2231991, 2338540, 440711, 5011242)
(2231257, 2338540, 440711, 5010508)
(2230429, 2338540, 440711, 5009680)
(2229762, 2338540, 440711, 5009013)
(2228710, 2338540, 440711, 5007961)
(2227331, 2338540, 440711, 5006582)
(2226605, 2338540, 440711, 5005856)
(2226150, 2338540, 440711, 5005401)
(2225825, 2338540, 440711, 5005076)
(2225824, 2338540, 440711, 5005075)
(2224987, 2338540, 440711, 5004238)
(2224484, 2338540, 440711, 5003735)
(2224115, 2338540, 440711, 5003366)
(2224114, 2338540, 440711, 5003365)
(2223865, 2338540, 440711, 5003116)
(2223190, 2338540, 440711, 5002441)
(2222973, 2338540, 440711, 5002224)
(2222956, 2338540, 440711, 5002207)
(2222617, 2338540, 440711, 5001868)
(2222072, 2338540, 440711, 5001323)
(2221778, 2338540, 440711, 5001029)
(2221526, 2338540, 440711, 5000777)
(2221229, 2338540, 440711, 5000480)
(2220396, 2338540, 440711, 4999647)
(2219953, 2338540, 440711, 4999204)
(2218995, 2338540, 440711, 4998246)
(2218371, 2338540, 440711, 4997622)
(2217538, 2338540, 440711, 4996789)
(2217027, 2338540, 440711, 4996278)
(2216680, 2338540, 440711, 4995931)
(2216065, 2338540, 440711, 4995316)
(2215417, 2338540, 440711, 4994668)
(2215347, 2338540, 440711, 4994598)
(2215310, 2338540, 440711, 4994561)
(2214952, 2338540, 440711, 4994203)
(2214150, 2338540, 440711, 4993401)
(2213589, 2338540, 440711, 4992840)
(2213364, 2338540, 440711, 4992615)
(2212739, 2338540, 440711, 4991990)
(2212300, 2338540, 440711, 4991551)
(2211643, 2338540, 440711, 4990894)
(2211351, 2338540, 440711, 4990602)
(2211057, 2338540, 440711, 4990308)
(2210731, 2338540, 440711, 4989982)
(2210365, 2338540, 440711, 4989616)
(2209990, 2338540, 440711, 4989241)
(2209989, 2338540, 440711, 4989240)
(2209047, 2338540, 440711, 4988298)
(2208533, 2338540, 440711, 4987784)
(2207772, 2338540, 440711, 4987023)
(2206756, 2338540, 440711, 4986007)
(2206387, 2338540, 440711, 4985638)
(2206108, 2338540, 440711, 4985359)
(2205797, 2338540, 440711, 4985048)
(2204854, 2338540, 440711, 4984105)
(2204084, 2338540, 440711, 4983335)
(2204083, 2338540, 440711, 4983334)
(2203400, 2338540, 440711, 4982651)
(2202905, 2338540, 440711, 4982156)
(2202515, 2338540, 440711, 4981766)
(2201768, 2338540, 440711, 4981019)
(2201256, 2338540, 440711, 4980507)
(2200698, 2338540, 440711, 4979949)
(2200209, 2338540, 440711, 4979460)
(2199812, 2338540, 440711, 4979063)
(2199423, 2338540, 440711, 4978674)
(2199044, 2338540, 440711, 4978295)
(2198679, 2338540, 440711, 4977930)
(2198139, 2338540, 440711, 4977390)
(2197795, 2338540, 440711, 4977046)
(2197296, 2338540, 440711, 4976547)
(2197102, 2338540, 440711, 4976353)
(2196417, 2338540, 440711, 4975668)
(2196249, 2338540, 440711, 4975500)
(2195491, 2338540, 440711, 4974742)
(2195242, 2338540, 440711, 4974493)
(2195034, 2338540, 440711, 4974285)
(2194507, 2338540, 440711, 4973758)
(2194046, 2338540, 440711, 4973297)
(2193560, 2338540, 440711, 4972811)
(2192678, 2338540, 440711, 4971929)
(2191937, 2338540, 440711, 4971188)
(2191010, 2338540, 440711, 4970261)
(2190491, 2338540, 440711, 4969742)
(2189984, 2338540, 440711, 4969235)
(2189409, 2338540, 440711, 4968660)
(2189106, 2338540, 440711, 4968357)
(2188460, 2338540, 440711, 4967711)
(2187785, 2338540, 440711, 4967036)
(2187425, 2338540, 440711, 4966676)
(2186315, 2338540, 440711, 4965566)
(2185569, 2338540, 440711, 4964820)
(2185067, 2338540, 440711, 4964318)
(2184567, 2338540, 440711, 4963818)
(2183336, 2338540, 440711, 4962587)
(2182947, 2338540, 440711, 4962198)
(2182628, 2338540, 440711, 4961879)
(2181654, 2338540, 440711, 4960905)
(2180984, 2338540, 440711, 4960235)
(2180678, 2338540, 440711, 4959929)
(2180186, 2338540, 440711, 4959437)
(2179924, 2338540, 440711, 4959175)
(2179809, 2338540, 440711, 4959060)
(2179340, 2338540, 440711, 4958591)
(2179102, 2338540, 440711, 4958353)
(2178385, 2338540, 440711, 4957636)
(2177887, 2338540, 440711, 4957138)
(2176909, 2338540, 440711, 4956160)
(2176371, 2338540, 440711, 4955622)
(2176361, 2338540, 440711, 4955612)
(2176225, 2338540, 440711, 4955476)
(2176206, 2338540, 440711, 4955457)
(2175786, 2338540, 440711, 4955037)
(2175434, 2338540, 440711, 4954685)
(2174627, 2338540, 440711, 4953878)
(2173767, 2338540, 440711, 4953018)
(2173540, 2338540, 440711, 4952791)
(2173119, 2338540, 440711, 4952370)
(2173118, 2338540, 440711, 4952369)
(2172758, 2338540, 440711, 4952009)
(2172336, 2338540, 440711, 4951587)
(2172161, 2338540, 440711, 4951412)
(2171531, 2338540, 440711, 4950782)
(2171367, 2338540, 440711, 4950618)
(2170873, 2338540, 440711, 4950124)
(2170178, 2338540, 440711, 4949429)
(2169832, 2338540, 440711, 4949083)
(2169462, 2338540, 440711, 4948713)
(2169027, 2338540, 440711, 4948278)
(2168769, 2338540, 440711, 4948020)
(2168061, 2338540, 440711, 4947312)
(2167347, 2338540, 440711, 4946598)
(2166709, 2338540, 440711, 4945960)
(2166171, 2338540, 440711, 4945422)
(2165883, 2338540, 440711, 4945134)
(2165461, 2338540, 440711, 4944712)
(2164919, 2338540, 440711, 4944170)
(2164888, 2338540, 440711, 4944139)
(2164068, 2338540, 440711, 4943319)
(2163481, 2338540, 440711, 4942732)
(2163367, 2338540, 440711, 4942618)
(2162345, 2338540, 440711, 4941596)
(2161862, 2338540, 440711, 4941113)
(2161629, 2338540, 440711, 4940880)
(2161217, 2338540, 440711, 4940468)
(2160415, 2338540, 440711, 4939666)
(2160117, 2338540, 440711, 4939368)
(2159320, 2338540, 440711, 4938571)
(2158556, 2338540, 440711, 4937807)
(2157708, 2338540, 440711, 4936959)
(2157250, 2338540, 440711, 4936501)
(2156970, 2338540, 440711, 4936221)
(2156653, 2338540, 440711, 4935904)
(2156353, 2338540, 440711, 4935604)
(2156135, 2338540, 440711, 4935386)
(2155800, 2338540, 440711, 4935051)
(2155136, 2338540, 440711, 4934387)
(2154521, 2338540, 440711, 4933772)
(2153696, 2338540, 440711, 4932947)
(2152817, 2338540, 440711, 4932068)
(2152630, 2338540, 440711, 4931881)
(2151628, 2338540, 440711, 4930879)
(2150931, 2338540, 440711, 4930182)
(2150815, 2338540, 440711, 4930066)
(2150441, 2338540, 440711, 4929692)
(2150137, 2338540, 440711, 4929388)
(2149439, 2338540, 440711, 4928690)
(2148589, 2338540, 440711, 4927840)
(2148060, 2338540, 440711, 4927311)
(2147621, 2338540, 440711, 4926872)
(2147234, 2338540, 440711, 4926485)
(2146424, 2338540, 440711, 4925675)
(2145948, 2338540, 440711, 4925199)
(2145815, 2338540, 440711, 4925066)
(2144993, 2338540, 440711, 4924244)
(2144809, 2338540, 440711, 4924060)
(2144808, 2338540, 440711, 4924059)
(2144145, 2338540, 440711, 4923396)
(2143182, 2338540, 440711, 4922433)
(2142848, 2338540, 440711, 4922099)
(2142306, 2338540, 440711, 4921557)
(2142143, 2338540, 440711, 4921394)
(2141796, 2338540, 440711, 4921047)
(2141729, 2338540, 440711, 4920980)
(2141237, 2338540, 440711, 4920488)
(2140457, 2338540, 440711, 4919708)
(2139842, 2338540, 440711, 4919093)
(2139152, 2338540, 440711, 4918403)
(2139033, 2338540, 440711, 4918284)
(2138356, 2338540, 440711, 4917607)
(2137763, 2338540, 440711, 4917014)
(2137107, 2338540, 440711, 4916358)
(2136189, 2338540, 440711, 4915440)
(2136114, 2338540, 440711, 4915365)
(2136102, 2338540, 440711, 4915353)
(2135914, 2338540, 440711, 4915165)
(2135717, 2338540, 440711, 4914968)
(2135160, 2338540, 440711, 4914411)
(2134266, 2338540, 440711, 4913517)
(2133928, 2338540, 440711, 4913179)
(2132890, 2338540, 440711, 4912141)
(2132326, 2338540, 440711, 4911577)
(2131520, 2338540, 440711, 4910771)
(2130837, 2338540, 440711, 4910088)
(2130450, 2338540, 440711, 4909701)
(2129254, 2338540, 440711, 4908505)
(2129046, 2338540, 440711, 4908297)
(2128840, 2338540, 440711, 4908091)
(2128466, 2338540, 440711, 4907717)
(2127406, 2338540, 440711, 4906657)
(2126746, 2338540, 440711, 4905997)
(2126178, 2338540, 440711, 4905429)
(2125895, 2338540, 440711, 4905146)
(2125814, 2338540, 440711, 4905065)
(2124946, 2338540, 440711, 4904197)
(2123947, 2338540, 440711, 4903198)
(2123616, 2338540, 440711, 4902867)
(2122827, 2338540, 440711, 4902078)
(2122238, 2338540, 440711, 4901489)
(2121616, 2338540, 440711, 4900867)
(2121015, 2338540, 440711, 4900266)
(2120767, 2338540, 440711, 4900018)
(2120519, 2338540, 440711, 4899770)
(2120027, 2338540, 440711, 4899278)
(2119686, 2338540, 440711, 4898937)
(2118952, 2338540, 440711, 4898203)
(2118558, 2338540, 440711, 4897809)
(2118183, 2338540, 440711, 4897434)
(2118182, 2338540, 440711, 4897433)
(2117851, 2338540, 440711, 4897102)
(2116876, 2338540, 440711, 4896127)
(2116875, 2338540, 440711, 4896126)
(2116079, 2338540, 440711, 4895330)
(2115466, 2338540, 440711, 4894717)
(2115097, 2338540, 440711, 4894348)
(2114528, 2338540, 440711, 4893779)
(2114032, 2338540, 440711, 4893283)
(2113332, 2338540, 440711, 4892583)
(2112618, 2338540, 440711, 4891869)
(2111798, 2338540, 440711, 4891049)
(2111104, 2338540, 440711, 4890355)
(2110600, 2338540, 440711, 4889851)
(2110027, 2338540, 440711, 4889278)
(2109647, 2338540, 440711, 4888898)
(2108902, 2338540, 440711, 4888153)
