(2386304, 2359662, 494727, 5240693)
(2385568, 2359662, 494727, 5239957)
(2385123, 2359662, 494727, 5239512)
(2384931, 2359662, 494727, 5239320)
(2384237, 2359662, 494727, 5238626)
(2384004, 2359662, 494727, 5238393)
(2383509, 2359662, 494727, 5237898)
(2382716, 2359662, 494727, 5237105)
(2382282, 2359662, 494727, 5236671)
(2381826, 2359662, 494727, 5236215)
(2380982, 2359662, 494727, 5235371)
(2380286, 2359662, 494727, 5234675)
(2380145, 2359662, 494727, 5234534)
(2379791, 2359662, 494727, 5234180)
(2379424, 2359662, 494727, 5233813)
(2378448, 2359662, 494727, 5232837)
(2378160, 2359662, 494727, 5232549)
(2377609, 2359662, 494727, 5231998)
(2376879, 2359662, 494727, 5231268)
(2376317, 2359662, 494727, 5230706)
(2375968, 2359662, 494727, 5230357)
(2375352, 2359662, 494727, 5229741)
(2374629, 2359662, 494727, 5229018)
(2374174, 2359662, 494727, 5228563)
(2373938, 2359662, 494727, 5228327)
(2373044, 2359662, 494727, 5227433)
(2372611, 2359662, 494727, 5227000)
(2371648, 2359662, 494727, 5226037)
(2371131, 2359662, 494727, 5225520)
(2370399, 2359662, 494727, 5224788)
(2369529, 2359662, 494727, 5223918)
(2369228, 2359662, 494727, 5223617)
(2369154, 2359662, 494727, 5223543)
(2368765, 2359662, 494727, 5223154)
(2368591, 2359662, 494727, 5222980)
(2368525, 2359662, 494727, 5222914)
(2368355, 2359662, 494727, 5222744)
(2368059, 2359662, 494727, 5222448)
(2367217, 2359662, 494727, 5221606)
(2366893, 2359662, 494727, 5221282)
(2366418, 2359662, 494727, 5220807)
(2366029, 2359662, 494727, 5220418)
(2365512, 2359662, 494727, 5219901)
(2365448, 2359662, 494727, 5219837)
(2365320, 2359662, 494727, 5219709)
(2364740, 2359662, 494727, 5219129)
(2363834, 2359662, 494727, 5218223)
(2363276, 2359662, 494727, 5217665)
(2362773, 2359662, 494727, 5217162)
(2362553, 2359662, 494727, 5216942)
(2362056, 2359662, 494727, 5216445)
(2361537, 2359662, 494727, 5215926)
(2360998, 2359662, 494727, 5215387)
(2360571, 2359662, 494727, 5214960)
(2359780, 2359662, 494727, 5214169)
(2359081, 2359662, 494727, 5213470)
(2358588, 2359662, 494727, 5212977)
(2358196, 2359662, 494727, 5212585)
(2357445, 2359662, 494727, 5211834)
(2357000, 2359662, 494727, 5211389)
(2356443, 2359662, 494727, 5210832)
(2355604, 2359662, 494727, 5209993)
(2355025, 2359662, 494727, 5209414)
(2354389, 2359662, 494727, 5208778)
(2354337, 2359662, 494727, 5208726)
(2353916, 2359662, 494727, 5208305)
(2352967, 2359662, 494727, 5207356)
(2352209, 2359662, 494727, 5206598)
(2351940, 2359662, 494727, 5206329)
(2351566, 2359662, 494727, 5205955)
(2351089, 2359662, 494727, 5205478)
(2350493, 2359662, 494727, 5204882)
(2350187, 2359662, 494727, 5204576)
(2349718, 2359662, 494727, 5204107)
(2349351, 2359662, 494727, 5203740)
(2349146, 2359662, 494727, 5203535)
(2348766, 2359662, 494727, 5203155)
(2348361, 2359662, 494727, 5202750)
(2348088, 2359662, 494727, 5202477)
(2347679, 2359662, 494727, 5202068)
(2346765, 2359662, 494727, 5201154)
(2345879, 2359662, 494727, 5200268)
(2345368, 2359662, 494727, 5199757)
(2344862, 2359662, 494727, 5199251)
(2343886, 2359662, 494727, 5198275)
(2342941, 2359662, 494727, 5197330)
(2342362, 2359662, 494727, 5196751)
(2341554, 2359662, 494727, 5195943)
(2341154, 2359662, 494727, 5195543)
(2340677, 2359662, 494727, 5195066)
(2339796, 2359662, 494727, 5194185)
(2338965, 2359662, 494727, 5193354)
(2338097, 2359662, 494727, 5192486)
(2337154, 2359662, 494727, 5191543)
(2336362, 2359662, 494727, 5190751)
(2335555, 2359662, 494727, 5189944)
(2335208, 2359662, 494727, 5189597)
(2334543, 2359662, 494727, 5188932)
(2333666, 2359662, 494727, 5188055)
(2333503, 2359662, 494727, 5187892)
(2333167, 2359662, 494727, 5187556)
(2332559, 2359662, 494727, 5186948)
(2331995, 2359662, 494727, 5186384)
(2331228, 2359662, 494727, 5185617)
(2330438, 2359662, 494727, 5184827)
(2329805, 2359662, 494727, 5184194)
(2329110, 2359662, 494727, 5183499)
(2328987, 2359662, 494727, 5183376)
(2328596, 2359662, 494727, 5182985)
(2327845, 2359662, 494727, 5182234)
(2327679, 2359662, 494727, 5182068)
(2326790, 2359662, 494727, 5181179)
(2325844, 2359662, 494727, 5180233)
(2325190, 2359662, 494727, 5179579)
(2324525, 2359662, 494727, 5178914)
(2323695, 2359662, 494727, 5178084)
(2323505, 2359662, 494727, 5177894)
(2322924, 2359662, 494727, 5177313)
(2322323, 2359662, 494727, 5176712)
(2321553, 2359662, 494727, 5175942)
(2321464, 2359662, 494727, 5175853)
(2320750, 2359662, 494727, 5175139)
(2320387, 2359662, 494727, 5174776)
(2319816, 2359662, 494727, 5174205)
(2319761, 2359662, 494727, 5174150)
(2319597, 2359662, 494727, 5173986)
(2319309, 2359662, 494727, 5173698)
(2318635, 2359662, 494727, 5173024)
(2318396, 2359662, 494727, 5172785)
(2317977, 2359662, 494727, 5172366)
(2317707, 2359662, 494727, 5172096)
(2316884, 2359662, 494727, 5171273)
(2316708, 2359662, 494727, 5171097)
(2316180, 2359662, 494727, 5170569)
(2315466, 2359662, 494727, 5169855)
(2315405, 2359662, 494727, 5169794)
(2315256, 2359662, 494727, 5169645)
(2314534, 2359662, 494727, 5168923)
(2313926, 2359662, 494727, 5168315)
(2313399, 2359662, 494727, 5167788)
(2313166, 2359662, 494727, 5167555)
(2312459, 2359662, 494727, 5166848)
(2312075, 2359662, 494727, 5166464)
(2311600, 2359662, 494727, 5165989)
(2311302, 2359662, 494727, 5165691)
(2310918, 2359662, 494727, 5165307)
(2310124, 2359662, 494727, 5164513)
(2309617, 2359662, 494727, 5164006)
(2308869, 2359662, 494727, 5163258)
(2307948, 2359662, 494727, 5162337)
(2307051, 2359662, 494727, 5161440)
(2306551, 2359662, 494727, 5160940)
(2305880, 2359662, 494727, 5160269)
(2305186, 2359662, 494727, 5159575)
(2304689, 2359662, 494727, 5159078)
(2303721, 2359662, 494727, 5158110)
(2302679, 2359662, 494727, 5157068)
(2301928, 2359662, 494727, 5156317)
(2301660, 2359662, 494727, 5156049)
(2300901, 2359662, 494727, 5155290)
(2300278, 2359662, 494727, 5154667)
(2299892, 2359662, 494727, 5154281)
(2299219, 2359662, 494727, 5153608)
(2298246, 2359662, 494727, 5152635)
(2297318, 2359662, 494727, 5151707)
(2297035, 2359662, 494727, 5151424)
(2296752, 2359662, 494727, 5151141)
(2296443, 2359662, 494727, 5150832)
(2296285, 2359662, 494727, 5150674)
(2295693, 2359662, 494727, 5150082)
(2294967, 2359662, 494727, 5149356)
(2294517, 2359662, 494727, 5148906)
(2294147, 2359662, 494727, 5148536)
(2293529, 2359662, 494727, 5147918)
(2292849, 2359662, 494727, 5147238)
(2292528, 2359662, 494727, 5146917)
(2292001, 2359662, 494727, 5146390)
(2291747, 2359662, 494727, 5146136)
(2291123, 2359662, 494727, 5145512)
(2291027, 2359662, 494727, 5145416)
(2290605, 2359662, 494727, 5144994)
(2290383, 2359662, 494727, 5144772)
(2289784, 2359662, 494727, 5144173)
(2289551, 2359662, 494727, 5143940)
(2288823, 2359662, 494727, 5143212)
(2288488, 2359662, 494727, 5142877)
(2287462, 2359662, 494727, 5141851)
(2286504, 2359662, 494727, 5140893)
(2285299, 2359662, 494727, 5139688)
(2285280, 2359662, 494727, 5139669)
(2285070, 2359662, 494727, 5139459)
(2284601, 2359662, 494727, 5138990)
(2284003, 2359662, 494727, 5138392)
(2283220, 2359662, 494727, 5137609)
(2282322, 2359662, 494727, 5136711)
(2281913, 2359662, 494727, 5136302)
(2281513, 2359662, 494727, 5135902)
(2280911, 2359662, 494727, 5135300)
(2280338, 2359662, 494727, 5134727)
(2279600, 2359662, 494727, 5133989)
(2279021, 2359662, 494727, 5133410)
(2278531, 2359662, 494727, 5132920)
(2277495, 2359662, 494727, 5131884)
(2277456, 2359662, 494727, 5131845)
(2277213, 2359662, 494727, 5131602)
(2276444, 2359662, 494727, 5130833)
(2276239, 2359662, 494727, 5130628)
(2275457, 2359662, 494727, 5129846)
(2275262, 2359662, 494727, 5129651)
(2274942, 2359662, 494727, 5129331)
(2274519, 2359662, 494727, 5128908)
(2273977, 2359662, 494727, 5128366)
(2273245, 2359662, 494727, 5127634)
(2272476, 2359662, 494727, 5126865)
(2271988, 2359662, 494727, 5126377)
(2271987, 2359662, 494727, 5126376)
(2271858, 2359662, 494727, 5126247)
(2270791, 2359662, 494727, 5125180)
(2270239, 2359662, 494727, 5124628)
(2270029, 2359662, 494727, 5124418)
(2269680, 2359662, 494727, 5124069)
(2268668, 2359662, 494727, 5123057)
(2268289, 2359662, 494727, 5122678)
(2267952, 2359662, 494727, 5122341)
(2267755, 2359662, 494727, 5122144)
(2267338, 2359662, 494727, 5121727)
(2266499, 2359662, 494727, 5120888)
(2266069, 2359662, 494727, 5120458)
(2265874, 2359662, 494727, 5120263)
(2265778, 2359662, 494727, 5120167)
(2265575, 2359662, 494727, 5119964)
(2265129, 2359662, 494727, 5119518)
(2264269, 2359662, 494727, 5118658)
(2263344, 2359662, 494727, 5117733)
(2262973, 2359662, 494727, 5117362)
(2261824, 2359662, 494727, 5116213)
(2260819, 2359662, 494727, 5115208)
(2259887, 2359662, 494727, 5114276)
(2259073, 2359662, 494727, 5113462)
(2258745, 2359662, 494727, 5113134)
(2257925, 2359662, 494727, 5112314)
(2257397, 2359662, 494727, 5111786)
(2257031, 2359662, 494727, 5111420)
(2256766, 2359662, 494727, 5111155)
(2256477, 2359662, 494727, 5110866)
(2255840, 2359662, 494727, 5110229)
(2255839, 2359662, 494727, 5110228)
(2255022, 2359662, 494727, 5109411)
(2254424, 2359662, 494727, 5108813)
(2254317, 2359662, 494727, 5108706)
(2253968, 2359662, 494727, 5108357)
(2253764, 2359662, 494727, 5108153)
(2253109, 2359662, 494727, 5107498)
(2252788, 2359662, 494727, 5107177)
(2252508, 2359662, 494727, 5106897)
(2251761, 2359662, 494727, 5106150)
(2250818, 2359662, 494727, 5105207)
(2250090, 2359662, 494727, 5104479)
(2249598, 2359662, 494727, 5103987)
(2248888, 2359662, 494727, 5103277)
(2248735, 2359662, 494727, 5103124)
(2248281, 2359662, 494727, 5102670)
(2248110, 2359662, 494727, 5102499)
(2247562, 2359662, 494727, 5101951)
(2247214, 2359662, 494727, 5101603)
(2246797, 2359662, 494727, 5101186)
(2246480, 2359662, 494727, 5100869)
(2246092, 2359662, 494727, 5100481)
(2245913, 2359662, 494727, 5100302)
(2245272, 2359662, 494727, 5099661)
(2244845, 2359662, 494727, 5099234)
(2244119, 2359662, 494727, 5098508)
(2243426, 2359662, 494727, 5097815)
(2242567, 2359662, 494727, 5096956)
(2242085, 2359662, 494727, 5096474)
(2241688, 2359662, 494727, 5096077)
(2241529, 2359662, 494727, 5095918)
(2240931, 2359662, 494727, 5095320)
(2240739, 2359662, 494727, 5095128)
(2240040, 2359662, 494727, 5094429)
(2238970, 2359662, 494727, 5093359)
(2238718, 2359662, 494727, 5093107)
(2238437, 2359662, 494727, 5092826)
(2238127, 2359662, 494727, 5092516)
(2237505, 2359662, 494727, 5091894)
(2236696, 2359662, 494727, 5091085)
(2236398, 2359662, 494727, 5090787)
(2235785, 2359662, 494727, 5090174)
(2234951, 2359662, 494727, 5089340)
(2234793, 2359662, 494727, 5089182)
(2234155, 2359662, 494727, 5088544)
(2233884, 2359662, 494727, 5088273)
(2233319, 2359662, 494727, 5087708)
(2232343, 2359662, 494727, 5086732)
(2232062, 2359662, 494727, 5086451)
(2231655, 2359662, 494727, 5086044)
(2230840, 2359662, 494727, 5085229)
(2230388, 2359662, 494727, 5084777)
(2229896, 2359662, 494727, 5084285)
(2229791, 2359662, 494727, 5084180)
(2229195, 2359662, 494727, 5083584)
(2228496, 2359662, 494727, 5082885)
(2227971, 2359662, 494727, 5082360)
(2227358, 2359662, 494727, 5081747)
(2227265, 2359662, 494727, 5081654)
(2226488, 2359662, 494727, 5080877)
(2225685, 2359662, 494727, 5080074)
(2224879, 2359662, 494727, 5079268)
(2224585, 2359662, 494727, 5078974)
(2223683, 2359662, 494727, 5078072)
(2222823, 2359662, 494727, 5077212)
(2222331, 2359662, 494727, 5076720)
(2221831, 2359662, 494727, 5076220)
(2221092, 2359662, 494727, 5075481)
(2220430, 2359662, 494727, 5074819)
(2220108, 2359662, 494727, 5074497)
(2219847, 2359662, 494727, 5074236)
(2219053, 2359662, 494727, 5073442)
(2218414, 2359662, 494727, 5072803)
(2217226, 2359662, 494727, 5071615)
(2216388, 2359662, 494727, 5070777)
(2215883, 2359662, 494727, 5070272)
(2215397, 2359662, 494727, 5069786)
(2215129, 2359662, 494727, 5069518)
(2214698, 2359662, 494727, 5069087)
(2214352, 2359662, 494727, 5068741)
(2213368, 2359662, 494727, 5067757)
(2212367, 2359662, 494727, 5066756)
(2211916, 2359662, 494727, 5066305)
(2211164, 2359662, 494727, 5065553)
(2210075, 2359662, 494727, 5064464)
(2209212, 2359662, 494727, 5063601)
(2209131, 2359662, 494727, 5063520)
(2208532, 2359662, 494727, 5062921)
(2208241, 2359662, 494727, 5062630)
(2208240, 2359662, 494727, 5062629)
(2207677, 2359662, 494727, 5062066)
(2206855, 2359662, 494727, 5061244)
(2206314, 2359662, 494727, 5060703)
(2205958, 2359662, 494727, 5060347)
(2205741, 2359662, 494727, 5060130)
(2204838, 2359662, 494727, 5059227)
(2204467, 2359662, 494727, 5058856)
(2203806, 2359662, 494727, 5058195)
(2203320, 2359662, 494727, 5057709)
(2203154, 2359662, 494727, 5057543)
(2202902, 2359662, 494727, 5057291)
(2202628, 2359662, 494727, 5057017)
(2201880, 2359662, 494727, 5056269)
(2201594, 2359662, 494727, 5055983)
(2201133, 2359662, 494727, 5055522)
(2200923, 2359662, 494727, 5055312)
(2200351, 2359662, 494727, 5054740)
(2199446, 2359662, 494727, 5053835)
(2199272, 2359662, 494727, 5053661)
(2198422, 2359662, 494727, 5052811)
(2198144, 2359662, 494727, 5052533)
(2197235, 2359662, 494727, 5051624)
(2196697, 2359662, 494727, 5051086)
(2196488, 2359662, 494727, 5050877)
(2195971, 2359662, 494727, 5050360)
(2194852, 2359662, 494727, 5049241)
(2193923, 2359662, 494727, 5048312)
(2193317, 2359662, 494727, 5047706)
(2192371, 2359662, 494727, 5046760)
(2192135, 2359662, 494727, 5046524)
(2191802, 2359662, 494727, 5046191)
(2191249, 2359662, 494727, 5045638)
(2190816, 2359662, 494727, 5045205)
(2189984, 2359662, 494727, 5044373)
(2189401, 2359662, 494727, 5043790)
(2188483, 2359662, 494727, 5042872)
(2187489, 2359662, 494727, 5041878)
(2186823, 2359662, 494727, 5041212)
(2186240, 2359662, 494727, 5040629)
(2185375, 2359662, 494727, 5039764)
(2184901, 2359662, 494727, 5039290)
(2184315, 2359662, 494727, 5038704)
(2184110, 2359662, 494727, 5038499)
(2183519, 2359662, 494727, 5037908)
(2183128, 2359662, 494727, 5037517)
(2182671, 2359662, 494727, 5037060)
(2182438, 2359662, 494727, 5036827)
(2182095, 2359662, 494727, 5036484)
(2181893, 2359662, 494727, 5036282)
(2181234, 2359662, 494727, 5035623)
(2180879, 2359662, 494727, 5035268)
(2179998, 2359662, 494727, 5034387)
(2179808, 2359662, 494727, 5034197)
(2179424, 2359662, 494727, 5033813)
(2178873, 2359662, 494727, 5033262)
(2178618, 2359662, 494727, 5033007)
(2178347, 2359662, 494727, 5032736)
(2177574, 2359662, 494727, 5031963)
(2177297, 2359662, 494727, 5031686)
(2177023, 2359662, 494727, 5031412)
(2176239, 2359662, 494727, 5030628)
(2175713, 2359662, 494727, 5030102)
(2174784, 2359662, 494727, 5029173)
(2174678, 2359662, 494727, 5029067)
(2173970, 2359662, 494727, 5028359)
(2173242, 2359662, 494727, 5027631)
(2172565, 2359662, 494727, 5026954)
(2172302, 2359662, 494727, 5026691)
(2171750, 2359662, 494727, 5026139)
(2171166, 2359662, 494727, 5025555)
(2170209, 2359662, 494727, 5024598)
(2169756, 2359662, 494727, 5024145)
(2168715, 2359662, 494727, 5023104)
(2167929, 2359662, 494727, 5022318)
(2167166, 2359662, 494727, 5021555)
(2166728, 2359662, 494727, 5021117)
(2166202, 2359662, 494727, 5020591)
(2165850, 2359662, 494727, 5020239)
(2165656, 2359662, 494727, 5020045)
(2165027, 2359662, 494727, 5019416)
(2163954, 2359662, 494727, 5018343)
(2163130, 2359662, 494727, 5017519)
(2162838, 2359662, 494727, 5017227)
(2162537, 2359662, 494727, 5016926)
(2162019, 2359662, 494727, 5016408)
(2161371, 2359662, 494727, 5015760)
(2161179, 2359662, 494727, 5015568)
(2160845, 2359662, 494727, 5015234)
(2160523, 2359662, 494727, 5014912)
(2160168, 2359662, 494727, 5014557)
(2159910, 2359662, 494727, 5014299)
(2159481, 2359662, 494727, 5013870)
(2158667, 2359662, 494727, 5013056)
(2158248, 2359662, 494727, 5012637)
(2157522, 2359662, 494727, 5011911)
(2156948, 2359662, 494727, 5011337)
(2156591, 2359662, 494727, 5010980)
(2155959, 2359662, 494727, 5010348)
(2155542, 2359662, 494727, 5009931)
(2155208, 2359662, 494727, 5009597)
(2154798, 2359662, 494727, 5009187)
(2154747, 2359662, 494727, 5009136)
(2154088, 2359662, 494727, 5008477)
(2153107, 2359662, 494727, 5007496)
(2152748, 2359662, 494727, 5007137)
(2151880, 2359662, 494727, 5006269)
(2151570, 2359662, 494727, 5005959)
(2150848, 2359662, 494727, 5005237)
(2150249, 2359662, 494727, 5004638)
(2150206, 2359662, 494727, 5004595)
(2149833, 2359662, 494727, 5004222)
(2149552, 2359662, 494727, 5003941)
(2148882, 2359662, 494727, 5003271)
(2148483, 2359662, 494727, 5002872)
(2148418, 2359662, 494727, 5002807)
(2147843, 2359662, 494727, 5002232)
(2146962, 2359662, 494727, 5001351)
(2146192, 2359662, 494727, 5000581)
(2145801, 2359662, 494727, 5000190)
(2145215, 2359662, 494727, 4999604)
(2144777, 2359662, 494727, 4999166)
(2144602, 2359662, 494727, 4998991)
(2144114, 2359662, 494727, 4998503)
(2143445, 2359662, 494727, 4997834)
(2143444, 2359662, 494727, 4997833)
(2142798, 2359662, 494727, 4997187)
(2142646, 2359662, 494727, 4997035)
(2142436, 2359662, 494727, 4996825)
(2141606, 2359662, 494727, 4995995)
(2141224, 2359662, 494727, 4995613)
(2140526, 2359662, 494727, 4994915)
(2139831, 2359662, 494727, 4994220)
(2138993, 2359662, 494727, 4993382)
(2138514, 2359662, 494727, 4992903)
(2138202, 2359662, 494727, 4992591)
(2137695, 2359662, 494727, 4992084)
(2137356, 2359662, 494727, 4991745)
(2137153, 2359662, 494727, 4991542)
(2136817, 2359662, 494727, 4991206)
(2136265, 2359662, 494727, 4990654)
(2135705, 2359662, 494727, 4990094)
(2134724, 2359662, 494727, 4989113)
(2134465, 2359662, 494727, 4988854)
(2134252, 2359662, 494727, 4988641)
(2133969, 2359662, 494727, 4988358)
(2133219, 2359662, 494727, 4987608)
(2132284, 2359662, 494727, 4986673)
(2132170, 2359662, 494727, 4986559)
(2131441, 2359662, 494727, 4985830)
(2131056, 2359662, 494727, 4985445)
(2130406, 2359662, 494727, 4984795)
(2129870, 2359662, 494727, 4984259)
(2129296, 2359662, 494727, 4983685)
(2129169, 2359662, 494727, 4983558)
(2128810, 2359662, 494727, 4983199)
(2128573, 2359662, 494727, 4982962)
(2127647, 2359662, 494727, 4982036)
(2126837, 2359662, 494727, 4981226)
(2126108, 2359662, 494727, 4980497)
(2125418, 2359662, 494727, 4979807)
(2124912, 2359662, 494727, 4979301)
(2124545, 2359662, 494727, 4978934)
(2123929, 2359662, 494727, 4978318)
(2123103, 2359662, 494727, 4977492)
(2122736, 2359662, 494727, 4977125)
(2122140, 2359662, 494727, 4976529)
(2121763, 2359662, 494727, 4976152)
(2120993, 2359662, 494727, 4975382)
(2120367, 2359662, 494727, 4974756)
(2119888, 2359662, 494727, 4974277)
(2119099, 2359662, 494727, 4973488)
(2118808, 2359662, 494727, 4973197)
(2118234, 2359662, 494727, 4972623)
(2117916, 2359662, 494727, 4972305)
(2116940, 2359662, 494727, 4971329)
(2116395, 2359662, 494727, 4970784)
(2116129, 2359662, 494727, 4970518)
(2115947, 2359662, 494727, 4970336)
(2115488, 2359662, 494727, 4969877)
(2115278, 2359662, 494727, 4969667)
(2115200, 2359662, 494727, 4969589)
(2114689, 2359662, 494727, 4969078)
(2113974, 2359662, 494727, 4968363)
(2113490, 2359662, 494727, 4967879)
(2112767, 2359662, 494727, 4967156)
(2112021, 2359662, 494727, 4966410)
(2111190, 2359662, 494727, 4965579)
(2110597, 2359662, 494727, 4964986)
(2110095, 2359662, 494727, 4964484)
(2109717, 2359662, 494727, 4964106)
(2109447, 2359662, 494727, 4963836)
(2109089, 2359662, 494727, 4963478)
(2108356, 2359662, 494727, 4962745)
(2107930, 2359662, 494727, 4962319)
(2107297, 2359662, 494727, 4961686)
(2107012, 2359662, 494727, 4961401)
