(1250603, 1295482, 526134, 3072219)
(1183327, 1330970, 526134, 3040431)
(1100161, 1390922, 526134, 3017217)
(1144229, 1317844, 519099, 2981172)
(1088076, 1351030, 519099, 2958205)
(1025564, 1397194, 519099, 2941857)
(975669, 1426620, 519099, 2921388)
(945191, 1439564, 519099, 2903854)
(897287, 1484614, 519099, 2901000)
(871863, 1490834, 519099, 2881796)
(2656736, 220540, 303044, 3180320)
(2580792, 269622, 304128, 3154542)
(2580792, 269622, 304128, 3154542)
(2523473, 313421, 304128, 3141022)
(1235198, 1292498, 519099, 3046795)
(1150231, 1351352, 519099, 3020682)
(1107983, 1361246, 519099, 2988328)
(990378, 1432234, 519099, 2941711)
(980217, 1436466, 519099, 2935782)
(910221, 1496276, 519099, 2925596)
(2683671, 216226, 194940, 3094837)
(2600011, 274426, 194940, 3069377)
(2530387, 323830, 194940, 3049157)
(2525975, 323016, 194940, 3043931)
(2485704, 342584, 194940, 3023228)
(2437116, 388139, 194940, 3020195)
(2412869, 387268, 194940, 2995077)
(2348081, 442712, 194940, 2985733)
(2271866, 495242, 194940, 2962048)
(2271866, 495242, 194940, 2962048)
(2224891, 535854, 374880, 3135625)
(2224468, 535854, 374880, 3135202)
(2231126, 518562, 366785, 3116473)
(2142708, 591000, 374880, 3108588)
(2148887, 578718, 374880, 3102485)
(2147566, 578718, 374880, 3101164)
(2070302, 648752, 374880, 3093934)
(2089856, 615306, 374880, 3080042)
(2089856, 615306, 374880, 3080042)
(2015318, 676972, 374880, 3067170)
(2015108, 655514, 437978, 3108600)
(2015098, 655514, 437978, 3108590)
(1978965, 682192, 437978, 3099135)
(1915233, 743510, 437978, 3096721)
(1164505, 1357734, 519099, 3041338)
(1101245, 1367628, 519099, 2987972)
(1077877, 1376812, 519099, 2973788)
(1022623, 1408434, 519099, 2950156)
(932520, 1485116, 519099, 2936735)
(959104, 1446620, 519099, 2924823)
(2673690, 216190, 208075, 3097955)
(2591818, 277482, 208075, 3077375)
(2506846, 328374, 208075, 3043295)
(2432995, 396962, 208075, 3038032)
(2439733, 380329, 208075, 3028137)
(2399987, 411770, 208075, 3019832)
(2399987, 411770, 208075, 3019832)
(2370491, 428231, 208075, 3006797)
(2347067, 446976, 208075, 3002118)
(2336410, 449075, 208075, 2993560)
(1313115, 1263072, 519099, 3095286)
