(1322269, 1338752, 498381, 3159402)
(1321679, 1338752, 498381, 3158812)
(1321433, 1338752, 498381, 3158566)
(1320975, 1338752, 498381, 3158108)
(1320086, 1338752, 498381, 3157219)
(1319305, 1338752, 498381, 3156438)
(1318453, 1338752, 498381, 3155586)
(1318366, 1338752, 498381, 3155499)
(1317975, 1338752, 498381, 3155108)
(1317496, 1338752, 498381, 3154629)
(1317171, 1338752, 498381, 3154304)
(1316542, 1338752, 498381, 3153675)
(1315822, 1338752, 498381, 3152955)
(1314784, 1338752, 498381, 3151917)
(1314242, 1338752, 498381, 3151375)
(1313599, 1338752, 498381, 3150732)
(1312713, 1338752, 498381, 3149846)
(1312048, 1338752, 498381, 3149181)
(1311394, 1338752, 498381, 3148527)
(1310679, 1338752, 498381, 3147812)
(1309689, 1338752, 498381, 3146822)
(1309199, 1338752, 498381, 3146332)
(1308683, 1338752, 498381, 3145816)
(1307866, 1338752, 498381, 3144999)
(1307072, 1338752, 498381, 3144205)
(1306153, 1338752, 498381, 3143286)
(1305469, 1338752, 498381, 3142602)
(1304934, 1338752, 498381, 3142067)
(1304909, 1338752, 498381, 3142042)
(1304079, 1338752, 498381, 3141212)
(1303545, 1338752, 498381, 3140678)
(1303019, 1338752, 498381, 3140152)
(1302871, 1338752, 498381, 3140004)
(1302276, 1338752, 498381, 3139409)
(1301661, 1338752, 498381, 3138794)
(1301409, 1338752, 498381, 3138542)
(1300798, 1338752, 498381, 3137931)
(1300349, 1338752, 498381, 3137482)
(1299911, 1338752, 498381, 3137044)
(1299080, 1338752, 498381, 3136213)
(1298561, 1338752, 498381, 3135694)
(1297868, 1338752, 498381, 3135001)
(1297289, 1338752, 498381, 3134422)
(1296639, 1338752, 498381, 3133772)
(1295866, 1338752, 498381, 3132999)
(1295064, 1338752, 498381, 3132197)
(1294777, 1338752, 498381, 3131910)
(1294143, 1338752, 498381, 3131276)
(1293912, 1338752, 498381, 3131045)
(1293067, 1338752, 498381, 3130200)
(1292727, 1338752, 498381, 3129860)
(1292116, 1338752, 498381, 3129249)
(1291662, 1338752, 498381, 3128795)
(1291169, 1338752, 498381, 3128302)
(1290934, 1338752, 498381, 3128067)
(1290226, 1338752, 498381, 3127359)
(1289851, 1338752, 498381, 3126984)
(1289118, 1338752, 498381, 3126251)
(1288193, 1338752, 498381, 3125326)
(1287455, 1338752, 498381, 3124588)
(1286603, 1338752, 498381, 3123736)
(1285527, 1338752, 498381, 3122660)
(1284986, 1338752, 498381, 3122119)
(1284342, 1338752, 498381, 3121475)
(1284242, 1338752, 498381, 3121375)
(1283533, 1338752, 498381, 3120666)
(1283017, 1338752, 498381, 3120150)
(1282731, 1338752, 498381, 3119864)
(1281997, 1338752, 498381, 3119130)
(1281550, 1338752, 498381, 3118683)
(1280626, 1338752, 498381, 3117759)
(1280446, 1338752, 498381, 3117579)
(1280200, 1338752, 498381, 3117333)
(1279941, 1338752, 498381, 3117074)
(1279202, 1338752, 498381, 3116335)
(1278981, 1338752, 498381, 3116114)
(1278861, 1338752, 498381, 3115994)
(1278501, 1338752, 498381, 3115634)
(1278358, 1338752, 498381, 3115491)
(1277703, 1338752, 498381, 3114836)
(1277057, 1338752, 498381, 3114190)
(1276167, 1338752, 498381, 3113300)
(1275855, 1338752, 498381, 3112988)
(1275605, 1338752, 498381, 3112738)
(1274946, 1338752, 498381, 3112079)
(1274217, 1338752, 498381, 3111350)
(1274004, 1338752, 498381, 3111137)
(1273843, 1338752, 498381, 3110976)
(1273842, 1338752, 498381, 3110975)
(1273141, 1338752, 498381, 3110274)
(1272129, 1338752, 498381, 3109262)
(1271327, 1338752, 498381, 3108460)
(1270475, 1338752, 498381, 3107608)
(1270198, 1338752, 498381, 3107331)
(1269811, 1338752, 498381, 3106944)
(1269108, 1338752, 498381, 3106241)
(1267910, 1338752, 498381, 3105043)
(1267331, 1338752, 498381, 3104464)
(1266367, 1338752, 498381, 3103500)
(1266061, 1338752, 498381, 3103194)
(1265620, 1338752, 498381, 3102753)
(1265040, 1338752, 498381, 3102173)
(1264519, 1338752, 498381, 3101652)
(1263632, 1338752, 498381, 3100765)
(1262960, 1338752, 498381, 3100093)
(1262328, 1338752, 498381, 3099461)
(1262167, 1338752, 498381, 3099300)
(1261142, 1338752, 498381, 3098275)
(1260583, 1338752, 498381, 3097716)
(1260009, 1338752, 498381, 3097142)
(1259692, 1338752, 498381, 3096825)
(1259036, 1338752, 498381, 3096169)
(1258462, 1338752, 498381, 3095595)
(1258094, 1338752, 498381, 3095227)
(1257702, 1338752, 498381, 3094835)
(1256916, 1338752, 498381, 3094049)
(1256782, 1338752, 498381, 3093915)
(1256222, 1338752, 498381, 3093355)
(1255696, 1338752, 498381, 3092829)
(1255422, 1338752, 498381, 3092555)
(1255090, 1338752, 498381, 3092223)
(1254823, 1338752, 498381, 3091956)
(1254162, 1338752, 498381, 3091295)
(1253961, 1338752, 498381, 3091094)
(1253473, 1338752, 498381, 3090606)
(1253275, 1338752, 498381, 3090408)
(1253006, 1338752, 498381, 3090139)
(1252593, 1338752, 498381, 3089726)
(1252304, 1338752, 498381, 3089437)
(1251358, 1338752, 498381, 3088491)
(1250946, 1338752, 498381, 3088079)
(1250920, 1338752, 498381, 3088053)
(1250049, 1338752, 498381, 3087182)
(1249694, 1338752, 498381, 3086827)
(1249095, 1338752, 498381, 3086228)
(1248270, 1338752, 498381, 3085403)
(1247664, 1338752, 498381, 3084797)
(1247291, 1338752, 498381, 3084424)
(1246950, 1338752, 498381, 3084083)
(1246114, 1338752, 498381, 3083247)
(1245955, 1338752, 498381, 3083088)
(1245325, 1338752, 498381, 3082458)
(1244250, 1338752, 498381, 3081383)
(1244060, 1338752, 498381, 3081193)
(1243695, 1338752, 498381, 3080828)
(1242989, 1338752, 498381, 3080122)
(1242098, 1338752, 498381, 3079231)
(1241001, 1338752, 498381, 3078134)
(1240419, 1338752, 498381, 3077552)
(1239703, 1338752, 498381, 3076836)
(1239467, 1338752, 498381, 3076600)
(1239335, 1338752, 498381, 3076468)
(1239026, 1338752, 498381, 3076159)
(1238725, 1338752, 498381, 3075858)
(1238495, 1338752, 498381, 3075628)
(1238344, 1338752, 498381, 3075477)
(1237903, 1338752, 498381, 3075036)
(1237637, 1338752, 498381, 3074770)
(1237078, 1338752, 498381, 3074211)
(1236766, 1338752, 498381, 3073899)
(1236120, 1338752, 498381, 3073253)
(1235737, 1338752, 498381, 3072870)
(1235234, 1338752, 498381, 3072367)
(1234770, 1338752, 498381, 3071903)
(1234729, 1338752, 498381, 3071862)
(1233862, 1338752, 498381, 3070995)
(1233317, 1338752, 498381, 3070450)
(1232867, 1338752, 498381, 3070000)
(1232686, 1338752, 498381, 3069819)
(1231959, 1338752, 498381, 3069092)
(1231123, 1338752, 498381, 3068256)
(1230511, 1338752, 498381, 3067644)
(1229684, 1338752, 498381, 3066817)
(1228945, 1338752, 498381, 3066078)
(1228468, 1338752, 498381, 3065601)
(1228239, 1338752, 498381, 3065372)
(1227721, 1338752, 498381, 3064854)
(1227543, 1338752, 498381, 3064676)
(1227028, 1338752, 498381, 3064161)
(1226274, 1338752, 498381, 3063407)
(1225889, 1338752, 498381, 3063022)
(1225673, 1338752, 498381, 3062806)
(1224867, 1338752, 498381, 3062000)
(1224258, 1338752, 498381, 3061391)
(1223185, 1338752, 498381, 3060318)
(1222479, 1338752, 498381, 3059612)
(1222088, 1338752, 498381, 3059221)
(1221399, 1338752, 498381, 3058532)
(1221039, 1338752, 498381, 3058172)
(1220149, 1338752, 498381, 3057282)
(1219126, 1338752, 498381, 3056259)
(1218501, 1338752, 498381, 3055634)
(1217856, 1338752, 498381, 3054989)
(1217551, 1338752, 498381, 3054684)
(1216879, 1338752, 498381, 3054012)
(1216315, 1338752, 498381, 3053448)
(1215923, 1338752, 498381, 3053056)
(1215144, 1338752, 498381, 3052277)
(1214453, 1338752, 498381, 3051586)
(1213994, 1338752, 498381, 3051127)
(1213702, 1338752, 498381, 3050835)
(1213039, 1338752, 498381, 3050172)
(1212163, 1338752, 498381, 3049296)
(1211757, 1338752, 498381, 3048890)
(1211461, 1338752, 498381, 3048594)
(1211273, 1338752, 498381, 3048406)
(1210690, 1338752, 498381, 3047823)
(1209838, 1338752, 498381, 3046971)
(1209522, 1338752, 498381, 3046655)
(1209393, 1338752, 498381, 3046526)
(1208937, 1338752, 498381, 3046070)
(1208285, 1338752, 498381, 3045418)
(1207472, 1338752, 498381, 3044605)
(1206637, 1338752, 498381, 3043770)
(1205856, 1338752, 498381, 3042989)
(1205544, 1338752, 498381, 3042677)
(1205060, 1338752, 498381, 3042193)
(1204826, 1338752, 498381, 3041959)
(1204363, 1338752, 498381, 3041496)
(1204083, 1338752, 498381, 3041216)
(1203629, 1338752, 498381, 3040762)
(1202957, 1338752, 498381, 3040090)
(1202803, 1338752, 498381, 3039936)
(1202479, 1338752, 498381, 3039612)
(1201622, 1338752, 498381, 3038755)
(1200928, 1338752, 498381, 3038061)
(1200612, 1338752, 498381, 3037745)
(1200258, 1338752, 498381, 3037391)
(1199767, 1338752, 498381, 3036900)
(1199363, 1338752, 498381, 3036496)
(1199140, 1338752, 498381, 3036273)
(1198728, 1338752, 498381, 3035861)
(1198442, 1338752, 498381, 3035575)
(1197977, 1338752, 498381, 3035110)
(1197846, 1338752, 498381, 3034979)
(1197074, 1338752, 498381, 3034207)
(1196722, 1338752, 498381, 3033855)
(1195912, 1338752, 498381, 3033045)
(1195721, 1338752, 498381, 3032854)
(1195106, 1338752, 498381, 3032239)
(1194652, 1338752, 498381, 3031785)
(1193785, 1338752, 498381, 3030918)
(1193293, 1338752, 498381, 3030426)
(1192897, 1338752, 498381, 3030030)
(1192717, 1338752, 498381, 3029850)
(1192235, 1338752, 498381, 3029368)
(1191705, 1338752, 498381, 3028838)
(1191548, 1338752, 498381, 3028681)
(1191397, 1338752, 498381, 3028530)
(1191063, 1338752, 498381, 3028196)
(1190531, 1338752, 498381, 3027664)
(1189828, 1338752, 498381, 3026961)
(1189047, 1338752, 498381, 3026180)
(1188483, 1338752, 498381, 3025616)
(1187409, 1338752, 498381, 3024542)
(1186644, 1338752, 498381, 3023777)
(1185946, 1338752, 498381, 3023079)
(1185909, 1338752, 498381, 3023042)
(1185401, 1338752, 498381, 3022534)
(1184889, 1338752, 498381, 3022022)
(1184370, 1338752, 498381, 3021503)
(1183482, 1338752, 498381, 3020615)
(1183202, 1338752, 498381, 3020335)
(1182549, 1338752, 498381, 3019682)
(1181902, 1338752, 498381, 3019035)
(1181339, 1338752, 498381, 3018472)
(1180787, 1338752, 498381, 3017920)
(1180328, 1338752, 498381, 3017461)
(1179620, 1338752, 498381, 3016753)
(1178960, 1338752, 498381, 3016093)
(1178149, 1338752, 498381, 3015282)
(1177677, 1338752, 498381, 3014810)
(1176914, 1338752, 498381, 3014047)
(1176010, 1338752, 498381, 3013143)
(1175844, 1338752, 498381, 3012977)
(1175753, 1338752, 498381, 3012886)
(1175482, 1338752, 498381, 3012615)
(1174882, 1338752, 498381, 3012015)
(1174523, 1338752, 498381, 3011656)
(1173962, 1338752, 498381, 3011095)
(1173110, 1338752, 498381, 3010243)
(1172355, 1338752, 498381, 3009488)
(1171339, 1338752, 498381, 3008472)
(1170897, 1338752, 498381, 3008030)
(1170499, 1338752, 498381, 3007632)
(1169975, 1338752, 498381, 3007108)
(1169609, 1338752, 498381, 3006742)
(1169608, 1338752, 498381, 3006741)
(1169122, 1338752, 498381, 3006255)
(1168105, 1338752, 498381, 3005238)
(1167851, 1338752, 498381, 3004984)
(1167635, 1338752, 498381, 3004768)
(1167316, 1338752, 498381, 3004449)
(1166937, 1338752, 498381, 3004070)
(1166216, 1338752, 498381, 3003349)
(1165257, 1338752, 498381, 3002390)
(1164342, 1338752, 498381, 3001475)
(1164032, 1338752, 498381, 3001165)
(1162969, 1338752, 498381, 3000102)
(1162252, 1338752, 498381, 2999385)
(1162251, 1338752, 498381, 2999384)
(1161364, 1338752, 498381, 2998497)
(1160984, 1338752, 498381, 2998117)
(1160578, 1338752, 498381, 2997711)
(1160024, 1338752, 498381, 2997157)
(1159370, 1338752, 498381, 2996503)
(1158655, 1338752, 498381, 2995788)
(1158015, 1338752, 498381, 2995148)
(1157577, 1338752, 498381, 2994710)
(1157268, 1338752, 498381, 2994401)
(1156969, 1338752, 498381, 2994102)
(1156092, 1338752, 498381, 2993225)
(1155837, 1338752, 498381, 2992970)
(1155154, 1338752, 498381, 2992287)
(1155136, 1338752, 498381, 2992269)
(1154688, 1338752, 498381, 2991821)
(1154147, 1338752, 498381, 2991280)
(1153718, 1338752, 498381, 2990851)
(1153139, 1338752, 498381, 2990272)
(1152095, 1338752, 498381, 2989228)
(1151347, 1338752, 498381, 2988480)
(1150505, 1338752, 498381, 2987638)
(1150264, 1338752, 498381, 2987397)
(1148889, 1338752, 498381, 2986022)
(1148346, 1338752, 498381, 2985479)
(1147622, 1338752, 498381, 2984755)
(1147280, 1338752, 498381, 2984413)
(1146556, 1338752, 498381, 2983689)
(1146458, 1338752, 498381, 2983591)
(1145513, 1338752, 498381, 2982646)
(1145221, 1338752, 498381, 2982354)
(1144562, 1338752, 498381, 2981695)
(1144178, 1338752, 498381, 2981311)
(1143556, 1338752, 498381, 2980689)
(1143104, 1338752, 498381, 2980237)
(1142589, 1338752, 498381, 2979722)
(1141685, 1338752, 498381, 2978818)
(1141396, 1338752, 498381, 2978529)
(1140943, 1338752, 498381, 2978076)
(1140686, 1338752, 498381, 2977819)
(1140298, 1338752, 498381, 2977431)
(1139558, 1338752, 498381, 2976691)
(1138570, 1338752, 498381, 2975703)
(1138503, 1338752, 498381, 2975636)
(1138438, 1338752, 498381, 2975571)
(1137985, 1338752, 498381, 2975118)
(1137601, 1338752, 498381, 2974734)
(1137219, 1338752, 498381, 2974352)
(1136456, 1338752, 498381, 2973589)
(1135984, 1338752, 498381, 2973117)
(1135799, 1338752, 498381, 2972932)
(1135425, 1338752, 498381, 2972558)
(1135055, 1338752, 498381, 2972188)
(1134801, 1338752, 498381, 2971934)
(1134155, 1338752, 498381, 2971288)
(1133464, 1338752, 498381, 2970597)
(1133335, 1338752, 498381, 2970468)
(1132540, 1338752, 498381, 2969673)
(1131738, 1338752, 498381, 2968871)
(1131512, 1338752, 498381, 2968645)
(1130650, 1338752, 498381, 2967783)
(1130166, 1338752, 498381, 2967299)
(1129456, 1338752, 498381, 2966589)
(1129192, 1338752, 498381, 2966325)
(1128477, 1338752, 498381, 2965610)
(1128229, 1338752, 498381, 2965362)
(1127291, 1338752, 498381, 2964424)
(1126881, 1338752, 498381, 2964014)
(1126050, 1338752, 498381, 2963183)
(1125713, 1338752, 498381, 2962846)
(1124999, 1338752, 498381, 2962132)
(1124428, 1338752, 498381, 2961561)
(1123817, 1338752, 498381, 2960950)
(1123216, 1338752, 498381, 2960349)
(1122893, 1338752, 498381, 2960026)
(1122301, 1338752, 498381, 2959434)
(1121743, 1338752, 498381, 2958876)
(1121332, 1338752, 498381, 2958465)
(1120691, 1338752, 498381, 2957824)
(1120284, 1338752, 498381, 2957417)
(1119352, 1338752, 498381, 2956485)
(1118795, 1338752, 498381, 2955928)
(1117986, 1338752, 498381, 2955119)
(1117696, 1338752, 498381, 2954829)
(1117412, 1338752, 498381, 2954545)
(1116858, 1338752, 498381, 2953991)
(1116431, 1338752, 498381, 2953564)
(1116041, 1338752, 498381, 2953174)
(1115345, 1338752, 498381, 2952478)
(1114875, 1338752, 498381, 2952008)
(1114316, 1338752, 498381, 2951449)
(1113951, 1338752, 498381, 2951084)
(1112755, 1338752, 498381, 2949888)
(1112080, 1338752, 498381, 2949213)
(1111741, 1338752, 498381, 2948874)
(1110913, 1338752, 498381, 2948046)
(1110270, 1338752, 498381, 2947403)
(1110106, 1338752, 498381, 2947239)
(1109191, 1338752, 498381, 2946324)
(1108629, 1338752, 498381, 2945762)
(1107862, 1338752, 498381, 2944995)
(1107582, 1338752, 498381, 2944715)
(1106817, 1338752, 498381, 2943950)
(1106491, 1338752, 498381, 2943624)
(1106096, 1338752, 498381, 2943229)
(1105792, 1338752, 498381, 2942925)
(1105450, 1338752, 498381, 2942583)
(1104823, 1338752, 498381, 2941956)
(1104159, 1338752, 498381, 2941292)
(1103816, 1338752, 498381, 2940949)
(1103567, 1338752, 498381, 2940700)
(1103145, 1338752, 498381, 2940278)
(1103062, 1338752, 498381, 2940195)
(1102836, 1338752, 498381, 2939969)
(1102757, 1338752, 498381, 2939890)
(1101733, 1338752, 498381, 2938866)
(1101410, 1338752, 498381, 2938543)
(1100948, 1338752, 498381, 2938081)
(1100410, 1338752, 498381, 2937543)
(1099669, 1338752, 498381, 2936802)
(1099350, 1338752, 498381, 2936483)
(1098327, 1338752, 498381, 2935460)
(1097690, 1338752, 498381, 2934823)
(1097119, 1338752, 498381, 2934252)
(1096754, 1338752, 498381, 2933887)
(1096253, 1338752, 498381, 2933386)
(1095759, 1338752, 498381, 2932892)
(1095617, 1338752, 498381, 2932750)
(1094822, 1338752, 498381, 2931955)
(1094311, 1338752, 498381, 2931444)
(1094014, 1338752, 498381, 2931147)
(1093165, 1338752, 498381, 2930298)
(1092043, 1338752, 498381, 2929176)
(1091543, 1338752, 498381, 2928676)
(1091087, 1338752, 498381, 2928220)
(1090522, 1338752, 498381, 2927655)
(1090089, 1338752, 498381, 2927222)
(1089701, 1338752, 498381, 2926834)
(1089489, 1338752, 498381, 2926622)
(1088873, 1338752, 498381, 2926006)
(1088422, 1338752, 498381, 2925555)
(1088033, 1338752, 498381, 2925166)
(1087837, 1338752, 498381, 2924970)
(1087353, 1338752, 498381, 2924486)
(1087049, 1338752, 498381, 2924182)
(1086906, 1338752, 498381, 2924039)
(1086802, 1338752, 498381, 2923935)
(1086459, 1338752, 498381, 2923592)
(1086233, 1338752, 498381, 2923366)
(1085672, 1338752, 498381, 2922805)
(1085021, 1338752, 498381, 2922154)
(1084723, 1338752, 498381, 2921856)
(1084555, 1338752, 498381, 2921688)
(1083918, 1338752, 498381, 2921051)
(1083521, 1338752, 498381, 2920654)
(1082793, 1338752, 498381, 2919926)
(1082480, 1338752, 498381, 2919613)
(1082150, 1338752, 498381, 2919283)
(1081713, 1338752, 498381, 2918846)
(1081460, 1338752, 498381, 2918593)
(1081105, 1338752, 498381, 2918238)
(1080884, 1338752, 498381, 2918017)
(1080112, 1338752, 498381, 2917245)
(1079241, 1338752, 498381, 2916374)
(1078885, 1338752, 498381, 2916018)
(1078599, 1338752, 498381, 2915732)
(1078458, 1338752, 498381, 2915591)
(1077963, 1338752, 498381, 2915096)
(1077136, 1338752, 498381, 2914269)
(1076464, 1338752, 498381, 2913597)
(1076230, 1338752, 498381, 2913363)
(1075548, 1338752, 498381, 2912681)
(1075231, 1338752, 498381, 2912364)
(1074443, 1338752, 498381, 2911576)
(1074165, 1338752, 498381, 2911298)
(1073650, 1338752, 498381, 2910783)
(1072987, 1338752, 498381, 2910120)
(1072544, 1338752, 498381, 2909677)
(1072324, 1338752, 498381, 2909457)
(1072133, 1338752, 498381, 2909266)
(1071653, 1338752, 498381, 2908786)
(1071247, 1338752, 498381, 2908380)
(1070447, 1338752, 498381, 2907580)
(1070047, 1338752, 498381, 2907180)
(1069667, 1338752, 498381, 2906800)
(1068891, 1338752, 498381, 2906024)
(1068767, 1338752, 498381, 2905900)
(1068106, 1338752, 498381, 2905239)
(1067981, 1338752, 498381, 2905114)
(1067359, 1338752, 498381, 2904492)
(1067116, 1338752, 498381, 2904249)
(1066552, 1338752, 498381, 2903685)
(1065993, 1338752, 498381, 2903126)
(1065136, 1338752, 498381, 2902269)
(1064538, 1338752, 498381, 2901671)
(1063681, 1338752, 498381, 2900814)
(1063056, 1338752, 498381, 2900189)
(1062240, 1338752, 498381, 2899373)
(1061443, 1338752, 498381, 2898576)
(1061093, 1338752, 498381, 2898226)
(1060407, 1338752, 498381, 2897540)
(1060021, 1338752, 498381, 2897154)
(1059467, 1338752, 498381, 2896600)
(1059191, 1338752, 498381, 2896324)
(1058343, 1338752, 498381, 2895476)
(1057429, 1338752, 498381, 2894562)
(1056783, 1338752, 498381, 2893916)
(1056219, 1338752, 498381, 2893352)
(1056113, 1338752, 498381, 2893246)
(1055176, 1338752, 498381, 2892309)
(1054369, 1338752, 498381, 2891502)
(1054039, 1338752, 498381, 2891172)
(1053929, 1338752, 498381, 2891062)
(1053116, 1338752, 498381, 2890249)
(1052930, 1338752, 498381, 2890063)
(1052406, 1338752, 498381, 2889539)
(1051716, 1338752, 498381, 2888849)
(1050837, 1338752, 498381, 2887970)
(1050150, 1338752, 498381, 2887283)
(1049905, 1338752, 498381, 2887038)
(1049530, 1338752, 498381, 2886663)
(1049129, 1338752, 498381, 2886262)
(1048690, 1338752, 498381, 2885823)
(1048186, 1338752, 498381, 2885319)
(1047655, 1338752, 498381, 2884788)
(1047424, 1338752, 498381, 2884557)
(1046783, 1338752, 498381, 2883916)
(1046131, 1338752, 498381, 2883264)
(1045619, 1338752, 498381, 2882752)
(1044453, 1338752, 498381, 2881586)
(1044204, 1338752, 498381, 2881337)
(1043524, 1338752, 498381, 2880657)
(1043174, 1338752, 498381, 2880307)
(1042470, 1338752, 498381, 2879603)
(1042273, 1338752, 498381, 2879406)
(1041319, 1338752, 498381, 2878452)
(1041147, 1338752, 498381, 2878280)
(1040732, 1338752, 498381, 2877865)
(1040254, 1338752, 498381, 2877387)
(1039621, 1338752, 498381, 2876754)
(1039236, 1338752, 498381, 2876369)
(1038268, 1338752, 498381, 2875401)
(1038207, 1338752, 498381, 2875340)
(1038044, 1338752, 498381, 2875177)
(1037453, 1338752, 498381, 2874586)
(1037085, 1338752, 498381, 2874218)
(1036698, 1338752, 498381, 2873831)
(1036161, 1338752, 498381, 2873294)
(1035334, 1338752, 498381, 2872467)
(1034372, 1338752, 498381, 2871505)
(1034141, 1338752, 498381, 2871274)
(1033494, 1338752, 498381, 2870627)
(1032764, 1338752, 498381, 2869897)
(1032335, 1338752, 498381, 2869468)
(1032007, 1338752, 498381, 2869140)
(1030844, 1338752, 498381, 2867977)
(1030519, 1338752, 498381, 2867652)
(1030015, 1338752, 498381, 2867148)
(1029905, 1338752, 498381, 2867038)
(1029255, 1338752, 498381, 2866388)
(1028509, 1338752, 498381, 2865642)
(1027970, 1338752, 498381, 2865103)
(1027336, 1338752, 498381, 2864469)
(1027158, 1338752, 498381, 2864291)
(1026683, 1338752, 498381, 2863816)
(1026279, 1338752, 498381, 2863412)
(1025614, 1338752, 498381, 2862747)
(1025362, 1338752, 498381, 2862495)
(1025341, 1338752, 498381, 2862474)
(1024158, 1338752, 498381, 2861291)
(1023157, 1338752, 498381, 2860290)
(1022666, 1338752, 498381, 2859799)
(1022229, 1338752, 498381, 2859362)
(1022099, 1338752, 498381, 2859232)
(1021468, 1338752, 498381, 2858601)
(1020591, 1338752, 498381, 2857724)
(1019672, 1338752, 498381, 2856805)
(1019555, 1338752, 498381, 2856688)
(1018756, 1338752, 498381, 2855889)
(1017921, 1338752, 498381, 2855054)
(1017602, 1338752, 498381, 2854735)
(1016671, 1338752, 498381, 2853804)
(1015604, 1338752, 498381, 2852737)
(1015175, 1338752, 498381, 2852308)
(1015055, 1338752, 498381, 2852188)
(1013966, 1338752, 498381, 2851099)
(1013645, 1338752, 498381, 2850778)
(1012731, 1338752, 498381, 2849864)
(1012183, 1338752, 498381, 2849316)
(1011769, 1338752, 498381, 2848902)
(1010740, 1338752, 498381, 2847873)
(1010114, 1338752, 498381, 2847247)
(1009906, 1338752, 498381, 2847039)
(1009285, 1338752, 498381, 2846418)
(1008703, 1338752, 498381, 2845836)
(1007950, 1338752, 498381, 2845083)
(1007542, 1338752, 498381, 2844675)
(1007237, 1338752, 498381, 2844370)
(1007033, 1338752, 498381, 2844166)
(1006302, 1338752, 498381, 2843435)
(1005951, 1338752, 498381, 2843084)
(1005467, 1338752, 498381, 2842600)
(1005369, 1338752, 498381, 2842502)
(1004922, 1338752, 498381, 2842055)
(1004445, 1338752, 498381, 2841578)
(1003345, 1338752, 498381, 2840478)
(1002835, 1338752, 498381, 2839968)
(1002020, 1338752, 498381, 2839153)
(1001263, 1338752, 498381, 2838396)
(1000704, 1338752, 498381, 2837837)
(1000330, 1338752, 498381, 2837463)
(1000134, 1338752, 498381, 2837267)
(999650, 1338752, 498381, 2836783)
(999317, 1338752, 498381, 2836450)
(999223, 1338752, 498381, 2836356)
(998339, 1338752, 498381, 2835472)
(998069, 1338752, 498381, 2835202)
(996870, 1338752, 498381, 2834003)
(996255, 1338752, 498381, 2833388)
(995626, 1338752, 498381, 2832759)
(995451, 1338752, 498381, 2832584)
(995202, 1338752, 498381, 2832335)
(994398, 1338752, 498381, 2831531)
(993680, 1338752, 498381, 2830813)
(993107, 1338752, 498381, 2830240)
(992561, 1338752, 498381, 2829694)
(992057, 1338752, 498381, 2829190)
(991631, 1338752, 498381, 2828764)
(991119, 1338752, 498381, 2828252)
(990695, 1338752, 498381, 2827828)
(990112, 1338752, 498381, 2827245)
