(2010729, 2013508, 517165, 4541402)
(2010223, 2013508, 517165, 4540896)
(2010103, 2013508, 517165, 4540776)
(2009789, 2013508, 517165, 4540462)
(2009259, 2013508, 517165, 4539932)
(2009037, 2013508, 517165, 4539710)
(2008743, 2013508, 517165, 4539416)
(2007996, 2013508, 517165, 4538669)
(2007900, 2013508, 517165, 4538573)
(2007017, 2013508, 517165, 4537690)
(2005985, 2013508, 517165, 4536658)
(2005248, 2013508, 517165, 4535921)
(2005058, 2013508, 517165, 4535731)
(2004683, 2013508, 517165, 4535356)
(2003727, 2013508, 517165, 4534400)
(2003592, 2013508, 517165, 4534265)
(2003167, 2013508, 517165, 4533840)
(2002483, 2013508, 517165, 4533156)
(2001946, 2013508, 517165, 4532619)
(2001567, 2013508, 517165, 4532240)
(2001123, 2013508, 517165, 4531796)
(2000475, 2013508, 517165, 4531148)
(1999711, 2013508, 517165, 4530384)
(1999101, 2013508, 517165, 4529774)
(1998396, 2013508, 517165, 4529069)
(1997981, 2013508, 517165, 4528654)
(1997621, 2013508, 517165, 4528294)
(1997152, 2013508, 517165, 4527825)
(1997061, 2013508, 517165, 4527734)
(1996909, 2013508, 517165, 4527582)
(1996150, 2013508, 517165, 4526823)
(1995372, 2013508, 517165, 4526045)
(1994529, 2013508, 517165, 4525202)
(1994000, 2013508, 517165, 4524673)
(1993591, 2013508, 517165, 4524264)
(1992976, 2013508, 517165, 4523649)
(1992755, 2013508, 517165, 4523428)
(1992315, 2013508, 517165, 4522988)
(1991286, 2013508, 517165, 4521959)
(1991085, 2013508, 517165, 4521758)
(1990038, 2013508, 517165, 4520711)
(1989467, 2013508, 517165, 4520140)
(1988736, 2013508, 517165, 4519409)
(1988473, 2013508, 517165, 4519146)
(1987720, 2013508, 517165, 4518393)
(1987265, 2013508, 517165, 4517938)
(1987006, 2013508, 517165, 4517679)
(1986838, 2013508, 517165, 4517511)
(1986226, 2013508, 517165, 4516899)
(1986090, 2013508, 517165, 4516763)
(1985772, 2013508, 517165, 4516445)
(1984969, 2013508, 517165, 4515642)
(1984678, 2013508, 517165, 4515351)
(1984608, 2013508, 517165, 4515281)
(1984075, 2013508, 517165, 4514748)
(1983422, 2013508, 517165, 4514095)
(1983105, 2013508, 517165, 4513778)
(1982717, 2013508, 517165, 4513390)
(1982025, 2013508, 517165, 4512698)
(1981405, 2013508, 517165, 4512078)
(1980546, 2013508, 517165, 4511219)
(1979882, 2013508, 517165, 4510555)
(1978921, 2013508, 517165, 4509594)
(1978226, 2013508, 517165, 4508899)
(1977398, 2013508, 517165, 4508071)
(1977269, 2013508, 517165, 4507942)
(1976387, 2013508, 517165, 4507060)
(1976028, 2013508, 517165, 4506701)
(1975186, 2013508, 517165, 4505859)
(1974536, 2013508, 517165, 4505209)
(1973684, 2013508, 517165, 4504357)
(1972964, 2013508, 517165, 4503637)
(1972455, 2013508, 517165, 4503128)
(1971797, 2013508, 517165, 4502470)
(1971354, 2013508, 517165, 4502027)
(1970451, 2013508, 517165, 4501124)
(1969922, 2013508, 517165, 4500595)
(1969617, 2013508, 517165, 4500290)
(1968814, 2013508, 517165, 4499487)
(1968188, 2013508, 517165, 4498861)
(1967860, 2013508, 517165, 4498533)
(1967718, 2013508, 517165, 4498391)
(1967194, 2013508, 517165, 4497867)
(1966422, 2013508, 517165, 4497095)
(1965952, 2013508, 517165, 4496625)
(1965128, 2013508, 517165, 4495801)
(1964539, 2013508, 517165, 4495212)
(1964042, 2013508, 517165, 4494715)
(1963324, 2013508, 517165, 4493997)
(1962796, 2013508, 517165, 4493469)
(1961885, 2013508, 517165, 4492558)
(1961570, 2013508, 517165, 4492243)
(1961402, 2013508, 517165, 4492075)
(1960638, 2013508, 517165, 4491311)
(1960160, 2013508, 517165, 4490833)
(1959852, 2013508, 517165, 4490525)
(1958992, 2013508, 517165, 4489665)
(1958454, 2013508, 517165, 4489127)
(1957992, 2013508, 517165, 4488665)
(1957049, 2013508, 517165, 4487722)
(1956735, 2013508, 517165, 4487408)
(1956511, 2013508, 517165, 4487184)
(1955761, 2013508, 517165, 4486434)
(1955172, 2013508, 517165, 4485845)
(1954627, 2013508, 517165, 4485300)
(1953742, 2013508, 517165, 4484415)
(1953214, 2013508, 517165, 4483887)
(1952861, 2013508, 517165, 4483534)
(1952449, 2013508, 517165, 4483122)
(1951956, 2013508, 517165, 4482629)
(1951460, 2013508, 517165, 4482133)
(1951044, 2013508, 517165, 4481717)
(1950407, 2013508, 517165, 4481080)
(1949423, 2013508, 517165, 4480096)
(1949005, 2013508, 517165, 4479678)
(1948343, 2013508, 517165, 4479016)
(1947418, 2013508, 517165, 4478091)
(1946629, 2013508, 517165, 4477302)
(1946360, 2013508, 517165, 4477033)
(1945769, 2013508, 517165, 4476442)
(1945279, 2013508, 517165, 4475952)
(1944419, 2013508, 517165, 4475092)
(1943787, 2013508, 517165, 4474460)
(1943234, 2013508, 517165, 4473907)
(1942519, 2013508, 517165, 4473192)
(1942219, 2013508, 517165, 4472892)
(1942152, 2013508, 517165, 4472825)
(1941634, 2013508, 517165, 4472307)
(1941151, 2013508, 517165, 4471824)
(1940706, 2013508, 517165, 4471379)
(1940190, 2013508, 517165, 4470863)
(1939488, 2013508, 517165, 4470161)
(1939119, 2013508, 517165, 4469792)
(1938711, 2013508, 517165, 4469384)
(1938391, 2013508, 517165, 4469064)
(1938253, 2013508, 517165, 4468926)
(1937688, 2013508, 517165, 4468361)
(1937361, 2013508, 517165, 4468034)
(1936785, 2013508, 517165, 4467458)
(1936507, 2013508, 517165, 4467180)
(1936352, 2013508, 517165, 4467025)
(1935694, 2013508, 517165, 4466367)
(1935369, 2013508, 517165, 4466042)
(1934281, 2013508, 517165, 4464954)
(1933391, 2013508, 517165, 4464064)
(1932454, 2013508, 517165, 4463127)
(1931765, 2013508, 517165, 4462438)
(1931132, 2013508, 517165, 4461805)
(1930853, 2013508, 517165, 4461526)
(1930558, 2013508, 517165, 4461231)
(1930267, 2013508, 517165, 4460940)
(1929509, 2013508, 517165, 4460182)
(1929199, 2013508, 517165, 4459872)
(1928687, 2013508, 517165, 4459360)
(1928110, 2013508, 517165, 4458783)
(1927507, 2013508, 517165, 4458180)
(1926687, 2013508, 517165, 4457360)
(1926600, 2013508, 517165, 4457273)
(1926172, 2013508, 517165, 4456845)
(1925597, 2013508, 517165, 4456270)
(1925070, 2013508, 517165, 4455743)
(1924803, 2013508, 517165, 4455476)
(1924202, 2013508, 517165, 4454875)
(1923858, 2013508, 517165, 4454531)
(1923571, 2013508, 517165, 4454244)
(1923422, 2013508, 517165, 4454095)
(1922605, 2013508, 517165, 4453278)
(1922244, 2013508, 517165, 4452917)
(1921933, 2013508, 517165, 4452606)
(1921085, 2013508, 517165, 4451758)
(1920091, 2013508, 517165, 4450764)
(1919678, 2013508, 517165, 4450351)
(1919128, 2013508, 517165, 4449801)
(1918216, 2013508, 517165, 4448889)
(1917923, 2013508, 517165, 4448596)
(1917663, 2013508, 517165, 4448336)
(1917067, 2013508, 517165, 4447740)
(1916664, 2013508, 517165, 4447337)
(1915646, 2013508, 517165, 4446319)
(1914740, 2013508, 517165, 4445413)
(1914403, 2013508, 517165, 4445076)
(1913729, 2013508, 517165, 4444402)
(1913609, 2013508, 517165, 4444282)
(1913019, 2013508, 517165, 4443692)
(1912678, 2013508, 517165, 4443351)
(1911847, 2013508, 517165, 4442520)
(1910925, 2013508, 517165, 4441598)
(1910186, 2013508, 517165, 4440859)
(1909238, 2013508, 517165, 4439911)
(1908708, 2013508, 517165, 4439381)
(1908173, 2013508, 517165, 4438846)
(1907306, 2013508, 517165, 4437979)
(1906440, 2013508, 517165, 4437113)
(1905661, 2013508, 517165, 4436334)
(1905257, 2013508, 517165, 4435930)
(1905071, 2013508, 517165, 4435744)
(1904936, 2013508, 517165, 4435609)
(1904118, 2013508, 517165, 4434791)
(1903647, 2013508, 517165, 4434320)
(1903369, 2013508, 517165, 4434042)
(1903009, 2013508, 517165, 4433682)
(1902459, 2013508, 517165, 4433132)
(1902079, 2013508, 517165, 4432752)
(1901576, 2013508, 517165, 4432249)
(1901409, 2013508, 517165, 4432082)
(1901160, 2013508, 517165, 4431833)
(1900801, 2013508, 517165, 4431474)
(1900098, 2013508, 517165, 4430771)
(1899680, 2013508, 517165, 4430353)
(1898809, 2013508, 517165, 4429482)
(1898164, 2013508, 517165, 4428837)
(1897887, 2013508, 517165, 4428560)
(1897210, 2013508, 517165, 4427883)
(1897046, 2013508, 517165, 4427719)
(1896852, 2013508, 517165, 4427525)
(1895804, 2013508, 517165, 4426477)
(1895455, 2013508, 517165, 4426128)
(1895158, 2013508, 517165, 4425831)
(1894470, 2013508, 517165, 4425143)
(1893591, 2013508, 517165, 4424264)
(1892593, 2013508, 517165, 4423266)
(1892346, 2013508, 517165, 4423019)
(1891833, 2013508, 517165, 4422506)
(1891582, 2013508, 517165, 4422255)
(1890801, 2013508, 517165, 4421474)
(1890431, 2013508, 517165, 4421104)
(1890033, 2013508, 517165, 4420706)
(1889383, 2013508, 517165, 4420056)
(1888222, 2013508, 517165, 4418895)
(1887305, 2013508, 517165, 4417978)
(1887102, 2013508, 517165, 4417775)
(1886772, 2013508, 517165, 4417445)
(1885829, 2013508, 517165, 4416502)
(1885321, 2013508, 517165, 4415994)
(1884597, 2013508, 517165, 4415270)
(1884146, 2013508, 517165, 4414819)
(1883917, 2013508, 517165, 4414590)
(1883442, 2013508, 517165, 4414115)
(1882354, 2013508, 517165, 4413027)
(1881822, 2013508, 517165, 4412495)
(1881522, 2013508, 517165, 4412195)
(1880782, 2013508, 517165, 4411455)
(1880623, 2013508, 517165, 4411296)
(1880411, 2013508, 517165, 4411084)
(1880008, 2013508, 517165, 4410681)
(1879614, 2013508, 517165, 4410287)
(1879253, 2013508, 517165, 4409926)
(1878389, 2013508, 517165, 4409062)
(1878066, 2013508, 517165, 4408739)
(1877900, 2013508, 517165, 4408573)
(1877543, 2013508, 517165, 4408216)
(1877198, 2013508, 517165, 4407871)
(1876438, 2013508, 517165, 4407111)
(1876091, 2013508, 517165, 4406764)
(1875885, 2013508, 517165, 4406558)
(1875202, 2013508, 517165, 4405875)
(1874481, 2013508, 517165, 4405154)
(1874313, 2013508, 517165, 4404986)
(1874005, 2013508, 517165, 4404678)
(1873395, 2013508, 517165, 4404068)
(1872955, 2013508, 517165, 4403628)
(1872625, 2013508, 517165, 4403298)
(1872283, 2013508, 517165, 4402956)
(1871581, 2013508, 517165, 4402254)
(1871261, 2013508, 517165, 4401934)
(1870949, 2013508, 517165, 4401622)
(1870071, 2013508, 517165, 4400744)
(1869647, 2013508, 517165, 4400320)
(1868644, 2013508, 517165, 4399317)
(1867764, 2013508, 517165, 4398437)
(1867331, 2013508, 517165, 4398004)
(1866877, 2013508, 517165, 4397550)
(1866245, 2013508, 517165, 4396918)
(1865922, 2013508, 517165, 4396595)
(1865260, 2013508, 517165, 4395933)
(1864969, 2013508, 517165, 4395642)
(1864416, 2013508, 517165, 4395089)
(1863763, 2013508, 517165, 4394436)
(1863294, 2013508, 517165, 4393967)
(1862466, 2013508, 517165, 4393139)
(1862262, 2013508, 517165, 4392935)
(1861387, 2013508, 517165, 4392060)
(1861162, 2013508, 517165, 4391835)
(1860246, 2013508, 517165, 4390919)
(1859860, 2013508, 517165, 4390533)
(1859750, 2013508, 517165, 4390423)
(1859381, 2013508, 517165, 4390054)
(1858776, 2013508, 517165, 4389449)
(1858259, 2013508, 517165, 4388932)
(1857633, 2013508, 517165, 4388306)
(1857292, 2013508, 517165, 4387965)
(1856755, 2013508, 517165, 4387428)
(1856204, 2013508, 517165, 4386877)
(1855915, 2013508, 517165, 4386588)
(1855684, 2013508, 517165, 4386357)
(1854772, 2013508, 517165, 4385445)
(1853820, 2013508, 517165, 4384493)
(1853451, 2013508, 517165, 4384124)
(1852821, 2013508, 517165, 4383494)
(1852623, 2013508, 517165, 4383296)
(1852065, 2013508, 517165, 4382738)
(1850896, 2013508, 517165, 4381569)
(1850806, 2013508, 517165, 4381479)
(1850351, 2013508, 517165, 4381024)
(1849642, 2013508, 517165, 4380315)
(1849178, 2013508, 517165, 4379851)
(1848738, 2013508, 517165, 4379411)
(1848510, 2013508, 517165, 4379183)
(1847961, 2013508, 517165, 4378634)
(1847136, 2013508, 517165, 4377809)
(1846908, 2013508, 517165, 4377581)
(1846266, 2013508, 517165, 4376939)
(1846071, 2013508, 517165, 4376744)
(1845165, 2013508, 517165, 4375838)
(1845048, 2013508, 517165, 4375721)
(1844937, 2013508, 517165, 4375610)
(1844687, 2013508, 517165, 4375360)
(1844255, 2013508, 517165, 4374928)
(1843846, 2013508, 517165, 4374519)
(1843129, 2013508, 517165, 4373802)
(1842308, 2013508, 517165, 4372981)
(1841840, 2013508, 517165, 4372513)
(1840832, 2013508, 517165, 4371505)
(1840572, 2013508, 517165, 4371245)
(1840100, 2013508, 517165, 4370773)
(1839961, 2013508, 517165, 4370634)
(1839573, 2013508, 517165, 4370246)
(1839103, 2013508, 517165, 4369776)
(1839097, 2013508, 517165, 4369770)
(1838285, 2013508, 517165, 4368958)
(1838100, 2013508, 517165, 4368773)
(1837476, 2013508, 517165, 4368149)
(1836722, 2013508, 517165, 4367395)
(1836425, 2013508, 517165, 4367098)
(1836309, 2013508, 517165, 4366982)
(1836031, 2013508, 517165, 4366704)
(1835464, 2013508, 517165, 4366137)
(1834806, 2013508, 517165, 4365479)
(1834714, 2013508, 517165, 4365387)
(1834658, 2013508, 517165, 4365331)
(1833805, 2013508, 517165, 4364478)
(1833472, 2013508, 517165, 4364145)
(1833024, 2013508, 517165, 4363697)
(1832401, 2013508, 517165, 4363074)
(1831552, 2013508, 517165, 4362225)
(1830940, 2013508, 517165, 4361613)
(1830358, 2013508, 517165, 4361031)
(1830129, 2013508, 517165, 4360802)
(1829943, 2013508, 517165, 4360616)
(1829256, 2013508, 517165, 4359929)
(1829087, 2013508, 517165, 4359760)
(1828683, 2013508, 517165, 4359356)
(1827940, 2013508, 517165, 4358613)
(1827346, 2013508, 517165, 4358019)
(1826806, 2013508, 517165, 4357479)
(1826526, 2013508, 517165, 4357199)
(1825854, 2013508, 517165, 4356527)
(1825333, 2013508, 517165, 4356006)
(1824629, 2013508, 517165, 4355302)
(1823919, 2013508, 517165, 4354592)
(1823566, 2013508, 517165, 4354239)
(1822877, 2013508, 517165, 4353550)
(1821915, 2013508, 517165, 4352588)
(1821193, 2013508, 517165, 4351866)
(1820527, 2013508, 517165, 4351200)
(1819706, 2013508, 517165, 4350379)
(1819598, 2013508, 517165, 4350271)
(1819165, 2013508, 517165, 4349838)
(1818692, 2013508, 517165, 4349365)
(1818234, 2013508, 517165, 4348907)
(1817771, 2013508, 517165, 4348444)
(1816986, 2013508, 517165, 4347659)
(1816682, 2013508, 517165, 4347355)
(1816262, 2013508, 517165, 4346935)
(1815972, 2013508, 517165, 4346645)
(1815205, 2013508, 517165, 4345878)
(1814849, 2013508, 517165, 4345522)
(1813913, 2013508, 517165, 4344586)
(1813390, 2013508, 517165, 4344063)
(1813278, 2013508, 517165, 4343951)
(1812665, 2013508, 517165, 4343338)
(1812524, 2013508, 517165, 4343197)
(1811760, 2013508, 517165, 4342433)
(1810952, 2013508, 517165, 4341625)
(1810449, 2013508, 517165, 4341122)
(1809776, 2013508, 517165, 4340449)
(1808746, 2013508, 517165, 4339419)
(1808311, 2013508, 517165, 4338984)
(1808013, 2013508, 517165, 4338686)
(1807100, 2013508, 517165, 4337773)
(1806984, 2013508, 517165, 4337657)
(1806899, 2013508, 517165, 4337572)
(1806503, 2013508, 517165, 4337176)
(1806241, 2013508, 517165, 4336914)
(1805927, 2013508, 517165, 4336600)
(1805082, 2013508, 517165, 4335755)
(1804119, 2013508, 517165, 4334792)
(1803600, 2013508, 517165, 4334273)
(1802977, 2013508, 517165, 4333650)
(1801944, 2013508, 517165, 4332617)
(1801414, 2013508, 517165, 4332087)
(1801012, 2013508, 517165, 4331685)
(1800915, 2013508, 517165, 4331588)
(1800067, 2013508, 517165, 4330740)
(1799596, 2013508, 517165, 4330269)
(1798723, 2013508, 517165, 4329396)
(1798165, 2013508, 517165, 4328838)
(1797232, 2013508, 517165, 4327905)
(1796191, 2013508, 517165, 4326864)
(1795463, 2013508, 517165, 4326136)
(1795167, 2013508, 517165, 4325840)
(1794199, 2013508, 517165, 4324872)
(1793869, 2013508, 517165, 4324542)
(1793090, 2013508, 517165, 4323763)
(1792894, 2013508, 517165, 4323567)
(1792024, 2013508, 517165, 4322697)
(1791246, 2013508, 517165, 4321919)
(1790615, 2013508, 517165, 4321288)
(1790376, 2013508, 517165, 4321049)
(1789728, 2013508, 517165, 4320401)
(1789396, 2013508, 517165, 4320069)
(1788746, 2013508, 517165, 4319419)
(1788287, 2013508, 517165, 4318960)
(1787780, 2013508, 517165, 4318453)
(1787532, 2013508, 517165, 4318205)
(1786906, 2013508, 517165, 4317579)
(1786386, 2013508, 517165, 4317059)
(1785388, 2013508, 517165, 4316061)
(1784954, 2013508, 517165, 4315627)
(1784418, 2013508, 517165, 4315091)
(1784000, 2013508, 517165, 4314673)
(1783524, 2013508, 517165, 4314197)
(1782997, 2013508, 517165, 4313670)
(1782046, 2013508, 517165, 4312719)
(1781234, 2013508, 517165, 4311907)
(1780623, 2013508, 517165, 4311296)
(1780622, 2013508, 517165, 4311295)
(1780037, 2013508, 517165, 4310710)
(1779303, 2013508, 517165, 4309976)
(1778855, 2013508, 517165, 4309528)
(1778041, 2013508, 517165, 4308714)
(1777553, 2013508, 517165, 4308226)
(1777111, 2013508, 517165, 4307784)
(1776480, 2013508, 517165, 4307153)
(1776094, 2013508, 517165, 4306767)
(1775647, 2013508, 517165, 4306320)
(1775013, 2013508, 517165, 4305686)
(1774767, 2013508, 517165, 4305440)
(1774667, 2013508, 517165, 4305340)
(1773703, 2013508, 517165, 4304376)
(1773494, 2013508, 517165, 4304167)
(1773227, 2013508, 517165, 4303900)
(1772680, 2013508, 517165, 4303353)
(1772456, 2013508, 517165, 4303129)
(1772103, 2013508, 517165, 4302776)
(1771376, 2013508, 517165, 4302049)
(1770876, 2013508, 517165, 4301549)
(1770342, 2013508, 517165, 4301015)
(1770075, 2013508, 517165, 4300748)
(1769398, 2013508, 517165, 4300071)
(1768876, 2013508, 517165, 4299549)
(1768181, 2013508, 517165, 4298854)
(1767913, 2013508, 517165, 4298586)
(1767519, 2013508, 517165, 4298192)
(1767150, 2013508, 517165, 4297823)
(1766505, 2013508, 517165, 4297178)
(1765950, 2013508, 517165, 4296623)
(1765742, 2013508, 517165, 4296415)
(1765122, 2013508, 517165, 4295795)
(1765049, 2013508, 517165, 4295722)
(1764586, 2013508, 517165, 4295259)
(1764109, 2013508, 517165, 4294782)
(1763629, 2013508, 517165, 4294302)
(1762729, 2013508, 517165, 4293402)
(1761814, 2013508, 517165, 4292487)
(1761411, 2013508, 517165, 4292084)
(1760124, 2013508, 517165, 4290797)
(1759818, 2013508, 517165, 4290491)
(1759422, 2013508, 517165, 4290095)
(1758818, 2013508, 517165, 4289491)
(1758602, 2013508, 517165, 4289275)
(1758506, 2013508, 517165, 4289179)
(1758234, 2013508, 517165, 4288907)
(1757890, 2013508, 517165, 4288563)
(1757076, 2013508, 517165, 4287749)
(1756499, 2013508, 517165, 4287172)
(1755779, 2013508, 517165, 4286452)
(1754841, 2013508, 517165, 4285514)
(1754305, 2013508, 517165, 4284978)
(1754110, 2013508, 517165, 4284783)
(1753527, 2013508, 517165, 4284200)
(1753052, 2013508, 517165, 4283725)
(1752497, 2013508, 517165, 4283170)
(1751648, 2013508, 517165, 4282321)
(1751012, 2013508, 517165, 4281685)
(1750596, 2013508, 517165, 4281269)
(1750123, 2013508, 517165, 4280796)
(1749275, 2013508, 517165, 4279948)
(1748404, 2013508, 517165, 4279077)
(1747851, 2013508, 517165, 4278524)
(1746965, 2013508, 517165, 4277638)
(1746692, 2013508, 517165, 4277365)
(1745742, 2013508, 517165, 4276415)
(1745475, 2013508, 517165, 4276148)
(1745094, 2013508, 517165, 4275767)
(1744118, 2013508, 517165, 4274791)
(1743679, 2013508, 517165, 4274352)
(1743295, 2013508, 517165, 4273968)
(1742930, 2013508, 517165, 4273603)
(1742195, 2013508, 517165, 4272868)
(1741950, 2013508, 517165, 4272623)
(1741635, 2013508, 517165, 4272308)
(1741045, 2013508, 517165, 4271718)
(1740452, 2013508, 517165, 4271125)
(1739610, 2013508, 517165, 4270283)
(1739123, 2013508, 517165, 4269796)
(1738588, 2013508, 517165, 4269261)
(1737976, 2013508, 517165, 4268649)
(1737628, 2013508, 517165, 4268301)
(1737408, 2013508, 517165, 4268081)
(1737268, 2013508, 517165, 4267941)
(1736478, 2013508, 517165, 4267151)
(1735890, 2013508, 517165, 4266563)
(1735404, 2013508, 517165, 4266077)
(1735132, 2013508, 517165, 4265805)
(1735006, 2013508, 517165, 4265679)
(1734569, 2013508, 517165, 4265242)
(1733872, 2013508, 517165, 4264545)
(1733640, 2013508, 517165, 4264313)
(1732916, 2013508, 517165, 4263589)
(1732606, 2013508, 517165, 4263279)
(1732361, 2013508, 517165, 4263034)
(1732002, 2013508, 517165, 4262675)
(1731228, 2013508, 517165, 4261901)
(1730316, 2013508, 517165, 4260989)
(1729472, 2013508, 517165, 4260145)
(1729438, 2013508, 517165, 4260111)
(1729298, 2013508, 517165, 4259971)
(1728932, 2013508, 517165, 4259605)
(1728250, 2013508, 517165, 4258923)
(1727210, 2013508, 517165, 4257883)
(1727209, 2013508, 517165, 4257882)
(1726528, 2013508, 517165, 4257201)
(1726340, 2013508, 517165, 4257013)
(1726142, 2013508, 517165, 4256815)
(1725692, 2013508, 517165, 4256365)
(1724867, 2013508, 517165, 4255540)
(1723953, 2013508, 517165, 4254626)
(1723618, 2013508, 517165, 4254291)
(1722695, 2013508, 517165, 4253368)
(1722123, 2013508, 517165, 4252796)
(1721727, 2013508, 517165, 4252400)
(1721417, 2013508, 517165, 4252090)
(1720522, 2013508, 517165, 4251195)
