(1310140, 1267586, 518856, 3096582)
(1309428, 1267586, 518856, 3095870)
(1309294, 1267586, 518856, 3095736)
(1308671, 1267586, 518856, 3095113)
(1308418, 1267586, 518856, 3094860)
(1307810, 1267586, 518856, 3094252)
(1307159, 1267586, 518856, 3093601)
(1306725, 1267586, 518856, 3093167)
(1306316, 1267586, 518856, 3092758)
(1305772, 1267586, 518856, 3092214)
(1305511, 1267586, 518856, 3091953)
(1305294, 1267586, 518856, 3091736)
(1304875, 1267586, 518856, 3091317)
(1304051, 1267586, 518856, 3090493)
(1303941, 1267586, 518856, 3090383)
(1303659, 1267586, 518856, 3090101)
(1302934, 1267586, 518856, 3089376)
(1302530, 1267586, 518856, 3088972)
(1301767, 1267586, 518856, 3088209)
(1301325, 1267586, 518856, 3087767)
(1300850, 1267586, 518856, 3087292)
(1300139, 1267586, 518856, 3086581)
(1299423, 1267586, 518856, 3085865)
(1298990, 1267586, 518856, 3085432)
(1298281, 1267586, 518856, 3084723)
(1298004, 1267586, 518856, 3084446)
(1297272, 1267586, 518856, 3083714)
(1297109, 1267586, 518856, 3083551)
(1296359, 1267586, 518856, 3082801)
(1296044, 1267586, 518856, 3082486)
(1295820, 1267586, 518856, 3082262)
(1295028, 1267586, 518856, 3081470)
(1294487, 1267586, 518856, 3080929)
(1294093, 1267586, 518856, 3080535)
(1293286, 1267586, 518856, 3079728)
(1292720, 1267586, 518856, 3079162)
(1292271, 1267586, 518856, 3078713)
(1291839, 1267586, 518856, 3078281)
(1291314, 1267586, 518856, 3077756)
(1290525, 1267586, 518856, 3076967)
(1289926, 1267586, 518856, 3076368)
(1289100, 1267586, 518856, 3075542)
(1288523, 1267586, 518856, 3074965)
(1287600, 1267586, 518856, 3074042)
(1287383, 1267586, 518856, 3073825)
(1287093, 1267586, 518856, 3073535)
(1286311, 1267586, 518856, 3072753)
(1285681, 1267586, 518856, 3072123)
(1285329, 1267586, 518856, 3071771)
(1284692, 1267586, 518856, 3071134)
(1283876, 1267586, 518856, 3070318)
(1283400, 1267586, 518856, 3069842)
(1282662, 1267586, 518856, 3069104)
(1282211, 1267586, 518856, 3068653)
(1281944, 1267586, 518856, 3068386)
(1281581, 1267586, 518856, 3068023)
(1281331, 1267586, 518856, 3067773)
(1280941, 1267586, 518856, 3067383)
(1280011, 1267586, 518856, 3066453)
(1279640, 1267586, 518856, 3066082)
(1279210, 1267586, 518856, 3065652)
(1279150, 1267586, 518856, 3065592)
(1278899, 1267586, 518856, 3065341)
(1278446, 1267586, 518856, 3064888)
(1277603, 1267586, 518856, 3064045)
(1277055, 1267586, 518856, 3063497)
(1276297, 1267586, 518856, 3062739)
(1275439, 1267586, 518856, 3061881)
(1274318, 1267586, 518856, 3060760)
(1273433, 1267586, 518856, 3059875)
(1272676, 1267586, 518856, 3059118)
(1272231, 1267586, 518856, 3058673)
(1271830, 1267586, 518856, 3058272)
(1271128, 1267586, 518856, 3057570)
(1270437, 1267586, 518856, 3056879)
(1270261, 1267586, 518856, 3056703)
(1269856, 1267586, 518856, 3056298)
(1269282, 1267586, 518856, 3055724)
(1269121, 1267586, 518856, 3055563)
(1268818, 1267586, 518856, 3055260)
(1268212, 1267586, 518856, 3054654)
(1268008, 1267586, 518856, 3054450)
(1267873, 1267586, 518856, 3054315)
(1267184, 1267586, 518856, 3053626)
(1267144, 1267586, 518856, 3053586)
(1267051, 1267586, 518856, 3053493)
(1266688, 1267586, 518856, 3053130)
(1266165, 1267586, 518856, 3052607)
(1265614, 1267586, 518856, 3052056)
(1264852, 1267586, 518856, 3051294)
(1264589, 1267586, 518856, 3051031)
(1264345, 1267586, 518856, 3050787)
(1264022, 1267586, 518856, 3050464)
(1263709, 1267586, 518856, 3050151)
(1262753, 1267586, 518856, 3049195)
(1262005, 1267586, 518856, 3048447)
(1261350, 1267586, 518856, 3047792)
(1260735, 1267586, 518856, 3047177)
(1259997, 1267586, 518856, 3046439)
(1259508, 1267586, 518856, 3045950)
(1258962, 1267586, 518856, 3045404)
(1258209, 1267586, 518856, 3044651)
(1257971, 1267586, 518856, 3044413)
(1257396, 1267586, 518856, 3043838)
(1256896, 1267586, 518856, 3043338)
(1256301, 1267586, 518856, 3042743)
(1255417, 1267586, 518856, 3041859)
(1254660, 1267586, 518856, 3041102)
(1254276, 1267586, 518856, 3040718)
(1253564, 1267586, 518856, 3040006)
(1252862, 1267586, 518856, 3039304)
(1252296, 1267586, 518856, 3038738)
(1251243, 1267586, 518856, 3037685)
(1250988, 1267586, 518856, 3037430)
(1250331, 1267586, 518856, 3036773)
(1249831, 1267586, 518856, 3036273)
(1249091, 1267586, 518856, 3035533)
(1248963, 1267586, 518856, 3035405)
(1248745, 1267586, 518856, 3035187)
(1248273, 1267586, 518856, 3034715)
(1248109, 1267586, 518856, 3034551)
(1247682, 1267586, 518856, 3034124)
(1247396, 1267586, 518856, 3033838)
(1246652, 1267586, 518856, 3033094)
(1245792, 1267586, 518856, 3032234)
(1245350, 1267586, 518856, 3031792)
(1244767, 1267586, 518856, 3031209)
(1244078, 1267586, 518856, 3030520)
(1243610, 1267586, 518856, 3030052)
(1242841, 1267586, 518856, 3029283)
(1242369, 1267586, 518856, 3028811)
(1241807, 1267586, 518856, 3028249)
(1241432, 1267586, 518856, 3027874)
(1240535, 1267586, 518856, 3026977)
(1240239, 1267586, 518856, 3026681)
(1239841, 1267586, 518856, 3026283)
(1239734, 1267586, 518856, 3026176)
(1239005, 1267586, 518856, 3025447)
(1238503, 1267586, 518856, 3024945)
(1237738, 1267586, 518856, 3024180)
(1237080, 1267586, 518856, 3023522)
(1236062, 1267586, 518856, 3022504)
(1235258, 1267586, 518856, 3021700)
(1234690, 1267586, 518856, 3021132)
(1234136, 1267586, 518856, 3020578)
(1234101, 1267586, 518856, 3020543)
(1233300, 1267586, 518856, 3019742)
(1233117, 1267586, 518856, 3019559)
(1232618, 1267586, 518856, 3019060)
(1232056, 1267586, 518856, 3018498)
(1231715, 1267586, 518856, 3018157)
(1231439, 1267586, 518856, 3017881)
(1231378, 1267586, 518856, 3017820)
(1230842, 1267586, 518856, 3017284)
(1230207, 1267586, 518856, 3016649)
(1229915, 1267586, 518856, 3016357)
(1229025, 1267586, 518856, 3015467)
(1228607, 1267586, 518856, 3015049)
(1228096, 1267586, 518856, 3014538)
(1227754, 1267586, 518856, 3014196)
(1227659, 1267586, 518856, 3014101)
(1227034, 1267586, 518856, 3013476)
(1226970, 1267586, 518856, 3013412)
(1226613, 1267586, 518856, 3013055)
(1226218, 1267586, 518856, 3012660)
(1225333, 1267586, 518856, 3011775)
(1224812, 1267586, 518856, 3011254)
(1224217, 1267586, 518856, 3010659)
(1223352, 1267586, 518856, 3009794)
(1222565, 1267586, 518856, 3009007)
(1222081, 1267586, 518856, 3008523)
(1221232, 1267586, 518856, 3007674)
(1220809, 1267586, 518856, 3007251)
(1220472, 1267586, 518856, 3006914)
(1219972, 1267586, 518856, 3006414)
(1219243, 1267586, 518856, 3005685)
(1218211, 1267586, 518856, 3004653)
(1217751, 1267586, 518856, 3004193)
(1217202, 1267586, 518856, 3003644)
(1216826, 1267586, 518856, 3003268)
(1216491, 1267586, 518856, 3002933)
(1216301, 1267586, 518856, 3002743)
(1215697, 1267586, 518856, 3002139)
(1214785, 1267586, 518856, 3001227)
(1214396, 1267586, 518856, 3000838)
(1214045, 1267586, 518856, 3000487)
(1213129, 1267586, 518856, 2999571)
(1213041, 1267586, 518856, 2999483)
(1212831, 1267586, 518856, 2999273)
(1212460, 1267586, 518856, 2998902)
(1211692, 1267586, 518856, 2998134)
(1211553, 1267586, 518856, 2997995)
(1211197, 1267586, 518856, 2997639)
(1210968, 1267586, 518856, 2997410)
(1210375, 1267586, 518856, 2996817)
(1209723, 1267586, 518856, 2996165)
(1209514, 1267586, 518856, 2995956)
(1208587, 1267586, 518856, 2995029)
(1208260, 1267586, 518856, 2994702)
(1207983, 1267586, 518856, 2994425)
(1207665, 1267586, 518856, 2994107)
(1207173, 1267586, 518856, 2993615)
(1206822, 1267586, 518856, 2993264)
(1206594, 1267586, 518856, 2993036)
(1205785, 1267586, 518856, 2992227)
(1205215, 1267586, 518856, 2991657)
(1205039, 1267586, 518856, 2991481)
(1204389, 1267586, 518856, 2990831)
(1203989, 1267586, 518856, 2990431)
(1203461, 1267586, 518856, 2989903)
(1202595, 1267586, 518856, 2989037)
(1202191, 1267586, 518856, 2988633)
(1202068, 1267586, 518856, 2988510)
(1201814, 1267586, 518856, 2988256)
(1201084, 1267586, 518856, 2987526)
(1200298, 1267586, 518856, 2986740)
(1200213, 1267586, 518856, 2986655)
(1199300, 1267586, 518856, 2985742)
(1198704, 1267586, 518856, 2985146)
(1198306, 1267586, 518856, 2984748)
(1197961, 1267586, 518856, 2984403)
(1197432, 1267586, 518856, 2983874)
(1197236, 1267586, 518856, 2983678)
(1196892, 1267586, 518856, 2983334)
(1196249, 1267586, 518856, 2982691)
(1195506, 1267586, 518856, 2981948)
(1195053, 1267586, 518856, 2981495)
(1194639, 1267586, 518856, 2981081)
(1193722, 1267586, 518856, 2980164)
(1193085, 1267586, 518856, 2979527)
(1192647, 1267586, 518856, 2979089)
(1192435, 1267586, 518856, 2978877)
(1191663, 1267586, 518856, 2978105)
(1191196, 1267586, 518856, 2977638)
(1190752, 1267586, 518856, 2977194)
(1190600, 1267586, 518856, 2977042)
(1189797, 1267586, 518856, 2976239)
(1189030, 1267586, 518856, 2975472)
(1188496, 1267586, 518856, 2974938)
(1187856, 1267586, 518856, 2974298)
(1187520, 1267586, 518856, 2973962)
(1187484, 1267586, 518856, 2973926)
(1187029, 1267586, 518856, 2973471)
(1186409, 1267586, 518856, 2972851)
(1185563, 1267586, 518856, 2972005)
(1184795, 1267586, 518856, 2971237)
(1184485, 1267586, 518856, 2970927)
(1183847, 1267586, 518856, 2970289)
(1183099, 1267586, 518856, 2969541)
(1182916, 1267586, 518856, 2969358)
(1182425, 1267586, 518856, 2968867)
(1182164, 1267586, 518856, 2968606)
(1181679, 1267586, 518856, 2968121)
(1180973, 1267586, 518856, 2967415)
(1180561, 1267586, 518856, 2967003)
(1179986, 1267586, 518856, 2966428)
(1179505, 1267586, 518856, 2965947)
(1179170, 1267586, 518856, 2965612)
(1178230, 1267586, 518856, 2964672)
(1177651, 1267586, 518856, 2964093)
(1177222, 1267586, 518856, 2963664)
(1176400, 1267586, 518856, 2962842)
(1175539, 1267586, 518856, 2961981)
(1174677, 1267586, 518856, 2961119)
(1174155, 1267586, 518856, 2960597)
(1173595, 1267586, 518856, 2960037)
(1172569, 1267586, 518856, 2959011)
(1172222, 1267586, 518856, 2958664)
(1171173, 1267586, 518856, 2957615)
(1170932, 1267586, 518856, 2957374)
(1170222, 1267586, 518856, 2956664)
(1169574, 1267586, 518856, 2956016)
(1168750, 1267586, 518856, 2955192)
(1168222, 1267586, 518856, 2954664)
(1167411, 1267586, 518856, 2953853)
(1167184, 1267586, 518856, 2953626)
(1166730, 1267586, 518856, 2953172)
(1166269, 1267586, 518856, 2952711)
(1165761, 1267586, 518856, 2952203)
(1164953, 1267586, 518856, 2951395)
(1163706, 1267586, 518856, 2950148)
(1163431, 1267586, 518856, 2949873)
(1163253, 1267586, 518856, 2949695)
(1162765, 1267586, 518856, 2949207)
(1162069, 1267586, 518856, 2948511)
(1161684, 1267586, 518856, 2948126)
(1161553, 1267586, 518856, 2947995)
(1161180, 1267586, 518856, 2947622)
(1160741, 1267586, 518856, 2947183)
(1159820, 1267586, 518856, 2946262)
(1159674, 1267586, 518856, 2946116)
(1159009, 1267586, 518856, 2945451)
(1158684, 1267586, 518856, 2945126)
(1158471, 1267586, 518856, 2944913)
(1158037, 1267586, 518856, 2944479)
(1157360, 1267586, 518856, 2943802)
(1156945, 1267586, 518856, 2943387)
(1156759, 1267586, 518856, 2943201)
(1156046, 1267586, 518856, 2942488)
(1155589, 1267586, 518856, 2942031)
(1155184, 1267586, 518856, 2941626)
(1154475, 1267586, 518856, 2940917)
(1154187, 1267586, 518856, 2940629)
(1153388, 1267586, 518856, 2939830)
(1152630, 1267586, 518856, 2939072)
(1152540, 1267586, 518856, 2938982)
(1152394, 1267586, 518856, 2938836)
(1151837, 1267586, 518856, 2938279)
(1150968, 1267586, 518856, 2937410)
(1150518, 1267586, 518856, 2936960)
(1150013, 1267586, 518856, 2936455)
(1149666, 1267586, 518856, 2936108)
(1149030, 1267586, 518856, 2935472)
(1148566, 1267586, 518856, 2935008)
(1147716, 1267586, 518856, 2934158)
(1147268, 1267586, 518856, 2933710)
(1146807, 1267586, 518856, 2933249)
(1146757, 1267586, 518856, 2933199)
(1146459, 1267586, 518856, 2932901)
(1145823, 1267586, 518856, 2932265)
(1145341, 1267586, 518856, 2931783)
(1144591, 1267586, 518856, 2931033)
(1144099, 1267586, 518856, 2930541)
(1143921, 1267586, 518856, 2930363)
(1143732, 1267586, 518856, 2930174)
(1143012, 1267586, 518856, 2929454)
(1142230, 1267586, 518856, 2928672)
(1141409, 1267586, 518856, 2927851)
(1140844, 1267586, 518856, 2927286)
(1140350, 1267586, 518856, 2926792)
(1139923, 1267586, 518856, 2926365)
(1139618, 1267586, 518856, 2926060)
(1138690, 1267586, 518856, 2925132)
(1137814, 1267586, 518856, 2924256)
(1137559, 1267586, 518856, 2924001)
(1137303, 1267586, 518856, 2923745)
(1136791, 1267586, 518856, 2923233)
(1135526, 1267586, 518856, 2921968)
(1135159, 1267586, 518856, 2921601)
(1134450, 1267586, 518856, 2920892)
(1133593, 1267586, 518856, 2920035)
(1132614, 1267586, 518856, 2919056)
(1131899, 1267586, 518856, 2918341)
(1131203, 1267586, 518856, 2917645)
(1130703, 1267586, 518856, 2917145)
(1129940, 1267586, 518856, 2916382)
(1129366, 1267586, 518856, 2915808)
(1128800, 1267586, 518856, 2915242)
(1128283, 1267586, 518856, 2914725)
(1128031, 1267586, 518856, 2914473)
(1127487, 1267586, 518856, 2913929)
(1126851, 1267586, 518856, 2913293)
(1126571, 1267586, 518856, 2913013)
(1126570, 1267586, 518856, 2913012)
(1126141, 1267586, 518856, 2912583)
(1125447, 1267586, 518856, 2911889)
(1124768, 1267586, 518856, 2911210)
(1124021, 1267586, 518856, 2910463)
(1123290, 1267586, 518856, 2909732)
(1122503, 1267586, 518856, 2908945)
(1121725, 1267586, 518856, 2908167)
(1121404, 1267586, 518856, 2907846)
(1120706, 1267586, 518856, 2907148)
(1120567, 1267586, 518856, 2907009)
(1120284, 1267586, 518856, 2906726)
(1119833, 1267586, 518856, 2906275)
(1119529, 1267586, 518856, 2905971)
(1118657, 1267586, 518856, 2905099)
(1117758, 1267586, 518856, 2904200)
(1117322, 1267586, 518856, 2903764)
(1116563, 1267586, 518856, 2903005)
(1116359, 1267586, 518856, 2902801)
(1115530, 1267586, 518856, 2901972)
(1115142, 1267586, 518856, 2901584)
(1114170, 1267586, 518856, 2900612)
(1113934, 1267586, 518856, 2900376)
(1113186, 1267586, 518856, 2899628)
(1112576, 1267586, 518856, 2899018)
(1112148, 1267586, 518856, 2898590)
(1111556, 1267586, 518856, 2897998)
(1111320, 1267586, 518856, 2897762)
(1111059, 1267586, 518856, 2897501)
(1110804, 1267586, 518856, 2897246)
(1110695, 1267586, 518856, 2897137)
(1110525, 1267586, 518856, 2896967)
(1109574, 1267586, 518856, 2896016)
(1108928, 1267586, 518856, 2895370)
(1108292, 1267586, 518856, 2894734)
(1108247, 1267586, 518856, 2894689)
(1107836, 1267586, 518856, 2894278)
(1107480, 1267586, 518856, 2893922)
(1106578, 1267586, 518856, 2893020)
(1106155, 1267586, 518856, 2892597)
(1105878, 1267586, 518856, 2892320)
(1104967, 1267586, 518856, 2891409)
(1104279, 1267586, 518856, 2890721)
(1103905, 1267586, 518856, 2890347)
(1103272, 1267586, 518856, 2889714)
(1102887, 1267586, 518856, 2889329)
(1102717, 1267586, 518856, 2889159)
(1102137, 1267586, 518856, 2888579)
(1101489, 1267586, 518856, 2887931)
(1101139, 1267586, 518856, 2887581)
(1100474, 1267586, 518856, 2886916)
(1099751, 1267586, 518856, 2886193)
(1098850, 1267586, 518856, 2885292)
(1098432, 1267586, 518856, 2884874)
(1097677, 1267586, 518856, 2884119)
(1097207, 1267586, 518856, 2883649)
(1096861, 1267586, 518856, 2883303)
(1096434, 1267586, 518856, 2882876)
(1095949, 1267586, 518856, 2882391)
(1095233, 1267586, 518856, 2881675)
(1094352, 1267586, 518856, 2880794)
(1093608, 1267586, 518856, 2880050)
(1093481, 1267586, 518856, 2879923)
(1093312, 1267586, 518856, 2879754)
(1092855, 1267586, 518856, 2879297)
(1092195, 1267586, 518856, 2878637)
(1091783, 1267586, 518856, 2878225)
(1090801, 1267586, 518856, 2877243)
(1090589, 1267586, 518856, 2877031)
(1090277, 1267586, 518856, 2876719)
(1089534, 1267586, 518856, 2875976)
(1088754, 1267586, 518856, 2875196)
(1088587, 1267586, 518856, 2875029)
(1087974, 1267586, 518856, 2874416)
(1087049, 1267586, 518856, 2873491)
(1086291, 1267586, 518856, 2872733)
(1086123, 1267586, 518856, 2872565)
(1085388, 1267586, 518856, 2871830)
(1084996, 1267586, 518856, 2871438)
(1084780, 1267586, 518856, 2871222)
(1084069, 1267586, 518856, 2870511)
(1083848, 1267586, 518856, 2870290)
(1083082, 1267586, 518856, 2869524)
(1082324, 1267586, 518856, 2868766)
(1081698, 1267586, 518856, 2868140)
(1080840, 1267586, 518856, 2867282)
(1080682, 1267586, 518856, 2867124)
(1079941, 1267586, 518856, 2866383)
(1078928, 1267586, 518856, 2865370)
(1078734, 1267586, 518856, 2865176)
(1078383, 1267586, 518856, 2864825)
(1077438, 1267586, 518856, 2863880)
(1077001, 1267586, 518856, 2863443)
(1076683, 1267586, 518856, 2863125)
(1076214, 1267586, 518856, 2862656)
(1075657, 1267586, 518856, 2862099)
(1075317, 1267586, 518856, 2861759)
(1074861, 1267586, 518856, 2861303)
(1074643, 1267586, 518856, 2861085)
(1074494, 1267586, 518856, 2860936)
(1074197, 1267586, 518856, 2860639)
(1073751, 1267586, 518856, 2860193)
(1073419, 1267586, 518856, 2859861)
(1072792, 1267586, 518856, 2859234)
(1072437, 1267586, 518856, 2858879)
(1071970, 1267586, 518856, 2858412)
(1071661, 1267586, 518856, 2858103)
(1071348, 1267586, 518856, 2857790)
(1070885, 1267586, 518856, 2857327)
(1070349, 1267586, 518856, 2856791)
(1069692, 1267586, 518856, 2856134)
(1068947, 1267586, 518856, 2855389)
(1068043, 1267586, 518856, 2854485)
(1067509, 1267586, 518856, 2853951)
(1067262, 1267586, 518856, 2853704)
(1066498, 1267586, 518856, 2852940)
(1065660, 1267586, 518856, 2852102)
(1065086, 1267586, 518856, 2851528)
(1064427, 1267586, 518856, 2850869)
(1063832, 1267586, 518856, 2850274)
(1063220, 1267586, 518856, 2849662)
(1062988, 1267586, 518856, 2849430)
(1062406, 1267586, 518856, 2848848)
(1061932, 1267586, 518856, 2848374)
(1061555, 1267586, 518856, 2847997)
(1061352, 1267586, 518856, 2847794)
(1060517, 1267586, 518856, 2846959)
(1059898, 1267586, 518856, 2846340)
(1059292, 1267586, 518856, 2845734)
(1058863, 1267586, 518856, 2845305)
(1058368, 1267586, 518856, 2844810)
(1057950, 1267586, 518856, 2844392)
(1057276, 1267586, 518856, 2843718)
(1056867, 1267586, 518856, 2843309)
(1055940, 1267586, 518856, 2842382)
(1055793, 1267586, 518856, 2842235)
(1054745, 1267586, 518856, 2841187)
(1054474, 1267586, 518856, 2840916)
(1053804, 1267586, 518856, 2840246)
(1053065, 1267586, 518856, 2839507)
(1052289, 1267586, 518856, 2838731)
(1051918, 1267586, 518856, 2838360)
(1051314, 1267586, 518856, 2837756)
(1051071, 1267586, 518856, 2837513)
(1050609, 1267586, 518856, 2837051)
(1050062, 1267586, 518856, 2836504)
(1049432, 1267586, 518856, 2835874)
(1049207, 1267586, 518856, 2835649)
(1048987, 1267586, 518856, 2835429)
(1048418, 1267586, 518856, 2834860)
(1048037, 1267586, 518856, 2834479)
(1047744, 1267586, 518856, 2834186)
(1047734, 1267586, 518856, 2834176)
(1047645, 1267586, 518856, 2834087)
(1047060, 1267586, 518856, 2833502)
(1046973, 1267586, 518856, 2833415)
(1046341, 1267586, 518856, 2832783)
(1046005, 1267586, 518856, 2832447)
(1045367, 1267586, 518856, 2831809)
(1044675, 1267586, 518856, 2831117)
(1044419, 1267586, 518856, 2830861)
(1044196, 1267586, 518856, 2830638)
(1043674, 1267586, 518856, 2830116)
(1043373, 1267586, 518856, 2829815)
(1043005, 1267586, 518856, 2829447)
(1042425, 1267586, 518856, 2828867)
(1041756, 1267586, 518856, 2828198)
(1041533, 1267586, 518856, 2827975)
(1040657, 1267586, 518856, 2827099)
(1040119, 1267586, 518856, 2826561)
(1040024, 1267586, 518856, 2826466)
(1039505, 1267586, 518856, 2825947)
(1038803, 1267586, 518856, 2825245)
(1038316, 1267586, 518856, 2824758)
(1038222, 1267586, 518856, 2824664)
(1037957, 1267586, 518856, 2824399)
(1037632, 1267586, 518856, 2824074)
(1037125, 1267586, 518856, 2823567)
(1036373, 1267586, 518856, 2822815)
(1035532, 1267586, 518856, 2821974)
(1035207, 1267586, 518856, 2821649)
(1034966, 1267586, 518856, 2821408)
(1034333, 1267586, 518856, 2820775)
(1034029, 1267586, 518856, 2820471)
(1033276, 1267586, 518856, 2819718)
(1032853, 1267586, 518856, 2819295)
(1032263, 1267586, 518856, 2818705)
(1031875, 1267586, 518856, 2818317)
(1031209, 1267586, 518856, 2817651)
(1030312, 1267586, 518856, 2816754)
(1030033, 1267586, 518856, 2816475)
(1029548, 1267586, 518856, 2815990)
(1029066, 1267586, 518856, 2815508)
(1028463, 1267586, 518856, 2814905)
(1027949, 1267586, 518856, 2814391)
(1027635, 1267586, 518856, 2814077)
(1027259, 1267586, 518856, 2813701)
(1027103, 1267586, 518856, 2813545)
(1026326, 1267586, 518856, 2812768)
(1026085, 1267586, 518856, 2812527)
(1025299, 1267586, 518856, 2811741)
(1024793, 1267586, 518856, 2811235)
(1024486, 1267586, 518856, 2810928)
(1024204, 1267586, 518856, 2810646)
(1023686, 1267586, 518856, 2810128)
(1023140, 1267586, 518856, 2809582)
(1022731, 1267586, 518856, 2809173)
(1022397, 1267586, 518856, 2808839)
(1021893, 1267586, 518856, 2808335)
(1021324, 1267586, 518856, 2807766)
(1020958, 1267586, 518856, 2807400)
(1020378, 1267586, 518856, 2806820)
(1019455, 1267586, 518856, 2805897)
(1018937, 1267586, 518856, 2805379)
(1017890, 1267586, 518856, 2804332)
(1017330, 1267586, 518856, 2803772)
(1016437, 1267586, 518856, 2802879)
(1016113, 1267586, 518856, 2802555)
(1015645, 1267586, 518856, 2802087)
(1015172, 1267586, 518856, 2801614)
(1014603, 1267586, 518856, 2801045)
(1014182, 1267586, 518856, 2800624)
(1013687, 1267586, 518856, 2800129)
(1013454, 1267586, 518856, 2799896)
(1013014, 1267586, 518856, 2799456)
(1012623, 1267586, 518856, 2799065)
(1012486, 1267586, 518856, 2798928)
(1011647, 1267586, 518856, 2798089)
(1010845, 1267586, 518856, 2797287)
(1010133, 1267586, 518856, 2796575)
(1009633, 1267586, 518856, 2796075)
(1009114, 1267586, 518856, 2795556)
(1008666, 1267586, 518856, 2795108)
(1008438, 1267586, 518856, 2794880)
(1008020, 1267586, 518856, 2794462)
(1007743, 1267586, 518856, 2794185)
(1007257, 1267586, 518856, 2793699)
(1006807, 1267586, 518856, 2793249)
(1006355, 1267586, 518856, 2792797)
(1005693, 1267586, 518856, 2792135)
(1005070, 1267586, 518856, 2791512)
(1004973, 1267586, 518856, 2791415)
(1004474, 1267586, 518856, 2790916)
(1003702, 1267586, 518856, 2790144)
(1002770, 1267586, 518856, 2789212)
(1002059, 1267586, 518856, 2788501)
(1001788, 1267586, 518856, 2788230)
(1001118, 1267586, 518856, 2787560)
(1000438, 1267586, 518856, 2786880)
(999976, 1267586, 518856, 2786418)
(999394, 1267586, 518856, 2785836)
(998554, 1267586, 518856, 2784996)
(998094, 1267586, 518856, 2784536)
(997629, 1267586, 518856, 2784071)
(997103, 1267586, 518856, 2783545)
(996637, 1267586, 518856, 2783079)
(996144, 1267586, 518856, 2782586)
(995325, 1267586, 518856, 2781767)
(994655, 1267586, 518856, 2781097)
(994086, 1267586, 518856, 2780528)
(993950, 1267586, 518856, 2780392)
(993317, 1267586, 518856, 2779759)
(992815, 1267586, 518856, 2779257)
(991916, 1267586, 518856, 2778358)
(991778, 1267586, 518856, 2778220)
(991467, 1267586, 518856, 2777909)
(991144, 1267586, 518856, 2777586)
(990366, 1267586, 518856, 2776808)
(989853, 1267586, 518856, 2776295)
(989287, 1267586, 518856, 2775729)
(989005, 1267586, 518856, 2775447)
(988865, 1267586, 518856, 2775307)
(988309, 1267586, 518856, 2774751)
(987627, 1267586, 518856, 2774069)
(987149, 1267586, 518856, 2773591)
(986280, 1267586, 518856, 2772722)
(985820, 1267586, 518856, 2772262)
(985541, 1267586, 518856, 2771983)
(985165, 1267586, 518856, 2771607)
(984986, 1267586, 518856, 2771428)
(984293, 1267586, 518856, 2770735)
(983665, 1267586, 518856, 2770107)
(983087, 1267586, 518856, 2769529)
(982394, 1267586, 518856, 2768836)
(982047, 1267586, 518856, 2768489)
(981534, 1267586, 518856, 2767976)
(981246, 1267586, 518856, 2767688)
(980740, 1267586, 518856, 2767182)
(980280, 1267586, 518856, 2766722)
(979837, 1267586, 518856, 2766279)
(978926, 1267586, 518856, 2765368)
(977718, 1267586, 518856, 2764160)
