(3016452, 3128812, 688759, 6834023)
(2868171, 3240400, 686578, 6795149)
(2884567, 3186136, 688759, 6759462)
(2712761, 3308848, 688759, 6710368)
(2594846, 3401446, 688759, 6685051)
(2553446, 3437162, 688759, 6679367)
(2558950, 3405504, 688759, 6653213)
(2408326, 3523484, 688759, 6620569)
(2256539, 3632376, 688759, 6577674)
(2093418, 3770576, 688759, 6552753)
(5775725, 766506, 501383, 7043614)
(5612604, 904706, 501383, 7018693)
(5626647, 886393, 501383, 7014423)
(5525477, 968636, 501383, 6995496)
(2865928, 3356550, 671778, 6894256)
(2744377, 3469744, 671778, 6885899)
(2551143, 3593152, 671778, 6816073)
(2550462, 3593152, 671778, 6815392)
(2424937, 3689200, 671778, 6785915)
(2327291, 3782138, 671778, 6781207)
(6192531, 587480, 383686, 7163697)
(6108579, 634002, 383686, 7126267)
(5953772, 747236, 383686, 7084694)
(3125899, 3170498, 671778, 6968175)
