(3220545, 2935510, 689716, 6845771)
(3220360, 2935510, 689716, 6845586)
(3219579, 2935510, 689716, 6844805)
(3218938, 2935510, 689716, 6844164)
(3218559, 2935510, 689716, 6843785)
(3217482, 2935510, 689716, 6842708)
(3216986, 2935510, 689716, 6842212)
(3216949, 2935510, 689716, 6842175)
(3216333, 2935510, 689716, 6841559)
(3215458, 2935510, 689716, 6840684)
(3214650, 2935510, 689716, 6839876)
(3214082, 2935510, 689716, 6839308)
(3213457, 2935510, 689716, 6838683)
(3212915, 2935510, 689716, 6838141)
(3212582, 2935510, 689716, 6837808)
(3211824, 2935510, 689716, 6837050)
(3211534, 2935510, 689716, 6836760)
(3210701, 2935510, 689716, 6835927)
(3209907, 2935510, 689716, 6835133)
(3209161, 2935510, 689716, 6834387)
(3208715, 2935510, 689716, 6833941)
(3208044, 2935510, 689716, 6833270)
(3207897, 2935510, 689716, 6833123)
(3207574, 2935510, 689716, 6832800)
(3207426, 2935510, 689716, 6832652)
(3206979, 2935510, 689716, 6832205)
(3206345, 2935510, 689716, 6831571)
(3205838, 2935510, 689716, 6831064)
(3205037, 2935510, 689716, 6830263)
(3204489, 2935510, 689716, 6829715)
(3204104, 2935510, 689716, 6829330)
(3203934, 2935510, 689716, 6829160)
(3203233, 2935510, 689716, 6828459)
(3202756, 2935510, 689716, 6827982)
(3202414, 2935510, 689716, 6827640)
(3201659, 2935510, 689716, 6826885)
(3200877, 2935510, 689716, 6826103)
(3200016, 2935510, 689716, 6825242)
(3199043, 2935510, 689716, 6824269)
(3198081, 2935510, 689716, 6823307)
(3197253, 2935510, 689716, 6822479)
(3196752, 2935510, 689716, 6821978)
(3196045, 2935510, 689716, 6821271)
(3195534, 2935510, 689716, 6820760)
(3194841, 2935510, 689716, 6820067)
(3194278, 2935510, 689716, 6819504)
(3193459, 2935510, 689716, 6818685)
(3192785, 2935510, 689716, 6818011)
(3191811, 2935510, 689716, 6817037)
(3191538, 2935510, 689716, 6816764)
(3190729, 2935510, 689716, 6815955)
(3190587, 2935510, 689716, 6815813)
(3189997, 2935510, 689716, 6815223)
(3189391, 2935510, 689716, 6814617)
(3188985, 2935510, 689716, 6814211)
(3188158, 2935510, 689716, 6813384)
(3187888, 2935510, 689716, 6813114)
(3187564, 2935510, 689716, 6812790)
(3186867, 2935510, 689716, 6812093)
(3186081, 2935510, 689716, 6811307)
(3185762, 2935510, 689716, 6810988)
(3185158, 2935510, 689716, 6810384)
(3184647, 2935510, 689716, 6809873)
(3184321, 2935510, 689716, 6809547)
(3184087, 2935510, 689716, 6809313)
(3183143, 2935510, 689716, 6808369)
(3182165, 2935510, 689716, 6807391)
(3181654, 2935510, 689716, 6806880)
(3181462, 2935510, 689716, 6806688)
(3181140, 2935510, 689716, 6806366)
(3180999, 2935510, 689716, 6806225)
(3180686, 2935510, 689716, 6805912)
(3179724, 2935510, 689716, 6804950)
(3179272, 2935510, 689716, 6804498)
(3179063, 2935510, 689716, 6804289)
(3178790, 2935510, 689716, 6804016)
(3178425, 2935510, 689716, 6803651)
(3177879, 2935510, 689716, 6803105)
(3177449, 2935510, 689716, 6802675)
(3177149, 2935510, 689716, 6802375)
(3176757, 2935510, 689716, 6801983)
(3176157, 2935510, 689716, 6801383)
(3175800, 2935510, 689716, 6801026)
(3175304, 2935510, 689716, 6800530)
(3174871, 2935510, 689716, 6800097)
(3174625, 2935510, 689716, 6799851)
(3173745, 2935510, 689716, 6798971)
(3173167, 2935510, 689716, 6798393)
(3172412, 2935510, 689716, 6797638)
(3171525, 2935510, 689716, 6796751)
(3170337, 2935510, 689716, 6795563)
(3169558, 2935510, 689716, 6794784)
(3169401, 2935510, 689716, 6794627)
(3169147, 2935510, 689716, 6794373)
(3168927, 2935510, 689716, 6794153)
(3168425, 2935510, 689716, 6793651)
(3167856, 2935510, 689716, 6793082)
(3167523, 2935510, 689716, 6792749)
(3167166, 2935510, 689716, 6792392)
(3166548, 2935510, 689716, 6791774)
(3165590, 2935510, 689716, 6790816)
(3164768, 2935510, 689716, 6789994)
(3164500, 2935510, 689716, 6789726)
(3164019, 2935510, 689716, 6789245)
(3162920, 2935510, 689716, 6788146)
(3162705, 2935510, 689716, 6787931)
(3162365, 2935510, 689716, 6787591)
(3161979, 2935510, 689716, 6787205)
(3161502, 2935510, 689716, 6786728)
(3160977, 2935510, 689716, 6786203)
(3160497, 2935510, 689716, 6785723)
(3159491, 2935510, 689716, 6784717)
(3158937, 2935510, 689716, 6784163)
(3158256, 2935510, 689716, 6783482)
(3157390, 2935510, 689716, 6782616)
(3157214, 2935510, 689716, 6782440)
(3156421, 2935510, 689716, 6781647)
(3155831, 2935510, 689716, 6781057)
(3154837, 2935510, 689716, 6780063)
(3154107, 2935510, 689716, 6779333)
(3153947, 2935510, 689716, 6779173)
(3153839, 2935510, 689716, 6779065)
(3153278, 2935510, 689716, 6778504)
(3152894, 2935510, 689716, 6778120)
(3152482, 2935510, 689716, 6777708)
(3152103, 2935510, 689716, 6777329)
(3151966, 2935510, 689716, 6777192)
(3151310, 2935510, 689716, 6776536)
(3150609, 2935510, 689716, 6775835)
(3149873, 2935510, 689716, 6775099)
(3149844, 2935510, 689716, 6775070)
(3149336, 2935510, 689716, 6774562)
(3148514, 2935510, 689716, 6773740)
(3148010, 2935510, 689716, 6773236)
(3147902, 2935510, 689716, 6773128)
(3147135, 2935510, 689716, 6772361)
(3147054, 2935510, 689716, 6772280)
(3146587, 2935510, 689716, 6771813)
(3146066, 2935510, 689716, 6771292)
(3145270, 2935510, 689716, 6770496)
(3145087, 2935510, 689716, 6770313)
(3144181, 2935510, 689716, 6769407)
(3143772, 2935510, 689716, 6768998)
(3143521, 2935510, 689716, 6768747)
(3143095, 2935510, 689716, 6768321)
(3142567, 2935510, 689716, 6767793)
(3142004, 2935510, 689716, 6767230)
(3141695, 2935510, 689716, 6766921)
(3141576, 2935510, 689716, 6766802)
(3141137, 2935510, 689716, 6766363)
(3140705, 2935510, 689716, 6765931)
(3140368, 2935510, 689716, 6765594)
(3139242, 2935510, 689716, 6764468)
(3138310, 2935510, 689716, 6763536)
(3137578, 2935510, 689716, 6762804)
(3136798, 2935510, 689716, 6762024)
(3136283, 2935510, 689716, 6761509)
(3135501, 2935510, 689716, 6760727)
(3135352, 2935510, 689716, 6760578)
(3135002, 2935510, 689716, 6760228)
(3134869, 2935510, 689716, 6760095)
(3134185, 2935510, 689716, 6759411)
(3133255, 2935510, 689716, 6758481)
(3132441, 2935510, 689716, 6757667)
(3132080, 2935510, 689716, 6757306)
(3131728, 2935510, 689716, 6756954)
(3131450, 2935510, 689716, 6756676)
(3131240, 2935510, 689716, 6756466)
(3130697, 2935510, 689716, 6755923)
(3130277, 2935510, 689716, 6755503)
(3129687, 2935510, 689716, 6754913)
(3129433, 2935510, 689716, 6754659)
(3128794, 2935510, 689716, 6754020)
(3128206, 2935510, 689716, 6753432)
(3127564, 2935510, 689716, 6752790)
(3126988, 2935510, 689716, 6752214)
(3126716, 2935510, 689716, 6751942)
(3126013, 2935510, 689716, 6751239)
(3125418, 2935510, 689716, 6750644)
(3125227, 2935510, 689716, 6750453)
(3124782, 2935510, 689716, 6750008)
(3123995, 2935510, 689716, 6749221)
(3123792, 2935510, 689716, 6749018)
(3122530, 2935510, 689716, 6747756)
(3122196, 2935510, 689716, 6747422)
(3121435, 2935510, 689716, 6746661)
(3120859, 2935510, 689716, 6746085)
(3120593, 2935510, 689716, 6745819)
(3120184, 2935510, 689716, 6745410)
(3119666, 2935510, 689716, 6744892)
(3119215, 2935510, 689716, 6744441)
(3118987, 2935510, 689716, 6744213)
(3118491, 2935510, 689716, 6743717)
(3118251, 2935510, 689716, 6743477)
(3117802, 2935510, 689716, 6743028)
(3116981, 2935510, 689716, 6742207)
(3116225, 2935510, 689716, 6741451)
(3116215, 2935510, 689716, 6741441)
(3115296, 2935510, 689716, 6740522)
(3114728, 2935510, 689716, 6739954)
(3114128, 2935510, 689716, 6739354)
(3113275, 2935510, 689716, 6738501)
(3113146, 2935510, 689716, 6738372)
(3112688, 2935510, 689716, 6737914)
(3111845, 2935510, 689716, 6737071)
(3111305, 2935510, 689716, 6736531)
(3110578, 2935510, 689716, 6735804)
(3110081, 2935510, 689716, 6735307)
(3109413, 2935510, 689716, 6734639)
(3109194, 2935510, 689716, 6734420)
(3108422, 2935510, 689716, 6733648)
(3107936, 2935510, 689716, 6733162)
(3107625, 2935510, 689716, 6732851)
(3107206, 2935510, 689716, 6732432)
(3106653, 2935510, 689716, 6731879)
(3106389, 2935510, 689716, 6731615)
(3105891, 2935510, 689716, 6731117)
(3104918, 2935510, 689716, 6730144)
(3104448, 2935510, 689716, 6729674)
(3104260, 2935510, 689716, 6729486)
(3103991, 2935510, 689716, 6729217)
(3103469, 2935510, 689716, 6728695)
(3103040, 2935510, 689716, 6728266)
(3102260, 2935510, 689716, 6727486)
(3101756, 2935510, 689716, 6726982)
(3101044, 2935510, 689716, 6726270)
(3100339, 2935510, 689716, 6725565)
(3099713, 2935510, 689716, 6724939)
(3099275, 2935510, 689716, 6724501)
(3098909, 2935510, 689716, 6724135)
(3098741, 2935510, 689716, 6723967)
(3097710, 2935510, 689716, 6722936)
(3096930, 2935510, 689716, 6722156)
(3096007, 2935510, 689716, 6721233)
(3095179, 2935510, 689716, 6720405)
(3094370, 2935510, 689716, 6719596)
(3093810, 2935510, 689716, 6719036)
(3093541, 2935510, 689716, 6718767)
(3092983, 2935510, 689716, 6718209)
(3092295, 2935510, 689716, 6717521)
(3091566, 2935510, 689716, 6716792)
(3091080, 2935510, 689716, 6716306)
(3090879, 2935510, 689716, 6716105)
(3090474, 2935510, 689716, 6715700)
(3089936, 2935510, 689716, 6715162)
(3089831, 2935510, 689716, 6715057)
(3089531, 2935510, 689716, 6714757)
(3088828, 2935510, 689716, 6714054)
(3088393, 2935510, 689716, 6713619)
(3087424, 2935510, 689716, 6712650)
(3086777, 2935510, 689716, 6712003)
(3086427, 2935510, 689716, 6711653)
(3085935, 2935510, 689716, 6711161)
(3085403, 2935510, 689716, 6710629)
(3085239, 2935510, 689716, 6710465)
(3085180, 2935510, 689716, 6710406)
(3084685, 2935510, 689716, 6709911)
(3084313, 2935510, 689716, 6709539)
(3083959, 2935510, 689716, 6709185)
(3083656, 2935510, 689716, 6708882)
(3083035, 2935510, 689716, 6708261)
(3082706, 2935510, 689716, 6707932)
(3082705, 2935510, 689716, 6707931)
(3081793, 2935510, 689716, 6707019)
(3081056, 2935510, 689716, 6706282)
(3080949, 2935510, 689716, 6706175)
(3080380, 2935510, 689716, 6705606)
(3080168, 2935510, 689716, 6705394)
(3080098, 2935510, 689716, 6705324)
(3079985, 2935510, 689716, 6705211)
(3079515, 2935510, 689716, 6704741)
(3079061, 2935510, 689716, 6704287)
(3078623, 2935510, 689716, 6703849)
(3078020, 2935510, 689716, 6703246)
(3077749, 2935510, 689716, 6702975)
(3077631, 2935510, 689716, 6702857)
(3077623, 2935510, 689716, 6702849)
(3077025, 2935510, 689716, 6702251)
(3076291, 2935510, 689716, 6701517)
(3075526, 2935510, 689716, 6700752)
(3074910, 2935510, 689716, 6700136)
(3074180, 2935510, 689716, 6699406)
(3073488, 2935510, 689716, 6698714)
(3073206, 2935510, 689716, 6698432)
(3072677, 2935510, 689716, 6697903)
(3071781, 2935510, 689716, 6697007)
(3071131, 2935510, 689716, 6696357)
(3070394, 2935510, 689716, 6695620)
(3069781, 2935510, 689716, 6695007)
(3069333, 2935510, 689716, 6694559)
(3069081, 2935510, 689716, 6694307)
(3068838, 2935510, 689716, 6694064)
(3068244, 2935510, 689716, 6693470)
(3067717, 2935510, 689716, 6692943)
(3066952, 2935510, 689716, 6692178)
(3066416, 2935510, 689716, 6691642)
(3065533, 2935510, 689716, 6690759)
(3065222, 2935510, 689716, 6690448)
(3065019, 2935510, 689716, 6690245)
(3064337, 2935510, 689716, 6689563)
(3064041, 2935510, 689716, 6689267)
(3063355, 2935510, 689716, 6688581)
(3062862, 2935510, 689716, 6688088)
(3062789, 2935510, 689716, 6688015)
(3061642, 2935510, 689716, 6686868)
(3061250, 2935510, 689716, 6686476)
(3060969, 2935510, 689716, 6686195)
(3060399, 2935510, 689716, 6685625)
(3060265, 2935510, 689716, 6685491)
(3059616, 2935510, 689716, 6684842)
(3058818, 2935510, 689716, 6684044)
(3058466, 2935510, 689716, 6683692)
(3057519, 2935510, 689716, 6682745)
(3056759, 2935510, 689716, 6681985)
(3056211, 2935510, 689716, 6681437)
(3055945, 2935510, 689716, 6681171)
(3055489, 2935510, 689716, 6680715)
(3054686, 2935510, 689716, 6679912)
(3053923, 2935510, 689716, 6679149)
(3053207, 2935510, 689716, 6678433)
(3052775, 2935510, 689716, 6678001)
(3052056, 2935510, 689716, 6677282)
(3051873, 2935510, 689716, 6677099)
(3051290, 2935510, 689716, 6676516)
(3050732, 2935510, 689716, 6675958)
(3049919, 2935510, 689716, 6675145)
(3049727, 2935510, 689716, 6674953)
(3049292, 2935510, 689716, 6674518)
(3048716, 2935510, 689716, 6673942)
(3048118, 2935510, 689716, 6673344)
(3047605, 2935510, 689716, 6672831)
(3047078, 2935510, 689716, 6672304)
(3046788, 2935510, 689716, 6672014)
(3046239, 2935510, 689716, 6671465)
(3046016, 2935510, 689716, 6671242)
(3045769, 2935510, 689716, 6670995)
(3045070, 2935510, 689716, 6670296)
(3044076, 2935510, 689716, 6669302)
(3043295, 2935510, 689716, 6668521)
(3042671, 2935510, 689716, 6667897)
(3042111, 2935510, 689716, 6667337)
(3041409, 2935510, 689716, 6666635)
(3040625, 2935510, 689716, 6665851)
(3040128, 2935510, 689716, 6665354)
(3039941, 2935510, 689716, 6665167)
(3039825, 2935510, 689716, 6665051)
(3039553, 2935510, 689716, 6664779)
(3038899, 2935510, 689716, 6664125)
(3038288, 2935510, 689716, 6663514)
(3037355, 2935510, 689716, 6662581)
(3036665, 2935510, 689716, 6661891)
(3036039, 2935510, 689716, 6661265)
(3035396, 2935510, 689716, 6660622)
(3034946, 2935510, 689716, 6660172)
(3034692, 2935510, 689716, 6659918)
(3034150, 2935510, 689716, 6659376)
(3033974, 2935510, 689716, 6659200)
(3033429, 2935510, 689716, 6658655)
(3033190, 2935510, 689716, 6658416)
(3032384, 2935510, 689716, 6657610)
(3032003, 2935510, 689716, 6657229)
(3031435, 2935510, 689716, 6656661)
(3031192, 2935510, 689716, 6656418)
(3030648, 2935510, 689716, 6655874)
(3030234, 2935510, 689716, 6655460)
(3030056, 2935510, 689716, 6655282)
(3029478, 2935510, 689716, 6654704)
(3028806, 2935510, 689716, 6654032)
(3028427, 2935510, 689716, 6653653)
(3027815, 2935510, 689716, 6653041)
(3027336, 2935510, 689716, 6652562)
(3027038, 2935510, 689716, 6652264)
(3027016, 2935510, 689716, 6652242)
(3026345, 2935510, 689716, 6651571)
(3025755, 2935510, 689716, 6650981)
(3024707, 2935510, 689716, 6649933)
(3023804, 2935510, 689716, 6649030)
(3023297, 2935510, 689716, 6648523)
(3022496, 2935510, 689716, 6647722)
(3021876, 2935510, 689716, 6647102)
(3021064, 2935510, 689716, 6646290)
(3020593, 2935510, 689716, 6645819)
(3020360, 2935510, 689716, 6645586)
(3019675, 2935510, 689716, 6644901)
(3019566, 2935510, 689716, 6644792)
(3019403, 2935510, 689716, 6644629)
(3018871, 2935510, 689716, 6644097)
(3018047, 2935510, 689716, 6643273)
(3017439, 2935510, 689716, 6642665)
(3016863, 2935510, 689716, 6642089)
(3016183, 2935510, 689716, 6641409)
(3015582, 2935510, 689716, 6640808)
(3015075, 2935510, 689716, 6640301)
(3014532, 2935510, 689716, 6639758)
(3014277, 2935510, 689716, 6639503)
(3013871, 2935510, 689716, 6639097)
(3013392, 2935510, 689716, 6638618)
(3012714, 2935510, 689716, 6637940)
(3012512, 2935510, 689716, 6637738)
(3011649, 2935510, 689716, 6636875)
(3011211, 2935510, 689716, 6636437)
(3010763, 2935510, 689716, 6635989)
(3010008, 2935510, 689716, 6635234)
(3009515, 2935510, 689716, 6634741)
(3008646, 2935510, 689716, 6633872)
(3008182, 2935510, 689716, 6633408)
(3007987, 2935510, 689716, 6633213)
(3007697, 2935510, 689716, 6632923)
(3007171, 2935510, 689716, 6632397)
(3006363, 2935510, 689716, 6631589)
(3006250, 2935510, 689716, 6631476)
(3005611, 2935510, 689716, 6630837)
(3004871, 2935510, 689716, 6630097)
(3004096, 2935510, 689716, 6629322)
(3003773, 2935510, 689716, 6628999)
(3003434, 2935510, 689716, 6628660)
(3002865, 2935510, 689716, 6628091)
(3002595, 2935510, 689716, 6627821)
(3002249, 2935510, 689716, 6627475)
(3001655, 2935510, 689716, 6626881)
(3000918, 2935510, 689716, 6626144)
(3000871, 2935510, 689716, 6626097)
(3000104, 2935510, 689716, 6625330)
(2999636, 2935510, 689716, 6624862)
(2998810, 2935510, 689716, 6624036)
(2998421, 2935510, 689716, 6623647)
(2998079, 2935510, 689716, 6623305)
(2997360, 2935510, 689716, 6622586)
(2996921, 2935510, 689716, 6622147)
(2996072, 2935510, 689716, 6621298)
(2995316, 2935510, 689716, 6620542)
(2995142, 2935510, 689716, 6620368)
(2994371, 2935510, 689716, 6619597)
(2993864, 2935510, 689716, 6619090)
(2993292, 2935510, 689716, 6618518)
(2992765, 2935510, 689716, 6617991)
(2992556, 2935510, 689716, 6617782)
(2991802, 2935510, 689716, 6617028)
(2991202, 2935510, 689716, 6616428)
(2990606, 2935510, 689716, 6615832)
(2990084, 2935510, 689716, 6615310)
(2989853, 2935510, 689716, 6615079)
(2989297, 2935510, 689716, 6614523)
(2989117, 2935510, 689716, 6614343)
(2988816, 2935510, 689716, 6614042)
(2988331, 2935510, 689716, 6613557)
(2987874, 2935510, 689716, 6613100)
(2987670, 2935510, 689716, 6612896)
(2987276, 2935510, 689716, 6612502)
(2986981, 2935510, 689716, 6612207)
(2986300, 2935510, 689716, 6611526)
(2985473, 2935510, 689716, 6610699)
(2985337, 2935510, 689716, 6610563)
(2984460, 2935510, 689716, 6609686)
(2983850, 2935510, 689716, 6609076)
(2983282, 2935510, 689716, 6608508)
(2983066, 2935510, 689716, 6608292)
(2982140, 2935510, 689716, 6607366)
(2981461, 2935510, 689716, 6606687)
(2980647, 2935510, 689716, 6605873)
(2980171, 2935510, 689716, 6605397)
(2979421, 2935510, 689716, 6604647)
(2978770, 2935510, 689716, 6603996)
(2978424, 2935510, 689716, 6603650)
(2978003, 2935510, 689716, 6603229)
(2977195, 2935510, 689716, 6602421)
(2976961, 2935510, 689716, 6602187)
(2976502, 2935510, 689716, 6601728)
(2975950, 2935510, 689716, 6601176)
(2975437, 2935510, 689716, 6600663)
(2975049, 2935510, 689716, 6600275)
(2974364, 2935510, 689716, 6599590)
(2973942, 2935510, 689716, 6599168)
(2973351, 2935510, 689716, 6598577)
(2972607, 2935510, 689716, 6597833)
(2972239, 2935510, 689716, 6597465)
(2971970, 2935510, 689716, 6597196)
(2971370, 2935510, 689716, 6596596)
(2971087, 2935510, 689716, 6596313)
(2970520, 2935510, 689716, 6595746)
(2970216, 2935510, 689716, 6595442)
(2970077, 2935510, 689716, 6595303)
(2969740, 2935510, 689716, 6594966)
(2969587, 2935510, 689716, 6594813)
(2969046, 2935510, 689716, 6594272)
(2968458, 2935510, 689716, 6593684)
(2967597, 2935510, 689716, 6592823)
(2967315, 2935510, 689716, 6592541)
(2966870, 2935510, 689716, 6592096)
(2966442, 2935510, 689716, 6591668)
(2966025, 2935510, 689716, 6591251)
(2965919, 2935510, 689716, 6591145)
(2965627, 2935510, 689716, 6590853)
(2964858, 2935510, 689716, 6590084)
(2964476, 2935510, 689716, 6589702)
(2964350, 2935510, 689716, 6589576)
(2963999, 2935510, 689716, 6589225)
(2963689, 2935510, 689716, 6588915)
(2963105, 2935510, 689716, 6588331)
(2962815, 2935510, 689716, 6588041)
(2962504, 2935510, 689716, 6587730)
(2962097, 2935510, 689716, 6587323)
(2961478, 2935510, 689716, 6586704)
(2961160, 2935510, 689716, 6586386)
(2960779, 2935510, 689716, 6586005)
(2960293, 2935510, 689716, 6585519)
(2959439, 2935510, 689716, 6584665)
(2958847, 2935510, 689716, 6584073)
(2958424, 2935510, 689716, 6583650)
(2957826, 2935510, 689716, 6583052)
(2956943, 2935510, 689716, 6582169)
(2956725, 2935510, 689716, 6581951)
(2955784, 2935510, 689716, 6581010)
(2955233, 2935510, 689716, 6580459)
(2954683, 2935510, 689716, 6579909)
(2954124, 2935510, 689716, 6579350)
(2953259, 2935510, 689716, 6578485)
(2952763, 2935510, 689716, 6577989)
(2952180, 2935510, 689716, 6577406)
(2951886, 2935510, 689716, 6577112)
(2951106, 2935510, 689716, 6576332)
(2950598, 2935510, 689716, 6575824)
(2950455, 2935510, 689716, 6575681)
(2949679, 2935510, 689716, 6574905)
(2949590, 2935510, 689716, 6574816)
(2948800, 2935510, 689716, 6574026)
(2948020, 2935510, 689716, 6573246)
(2947650, 2935510, 689716, 6572876)
(2947357, 2935510, 689716, 6572583)
(2947046, 2935510, 689716, 6572272)
(2946792, 2935510, 689716, 6572018)
(2946208, 2935510, 689716, 6571434)
(2945752, 2935510, 689716, 6570978)
(2944879, 2935510, 689716, 6570105)
(2944028, 2935510, 689716, 6569254)
(2943592, 2935510, 689716, 6568818)
(2942975, 2935510, 689716, 6568201)
(2942232, 2935510, 689716, 6567458)
(2942145, 2935510, 689716, 6567371)
(2941713, 2935510, 689716, 6566939)
(2941489, 2935510, 689716, 6566715)
(2940594, 2935510, 689716, 6565820)
(2940101, 2935510, 689716, 6565327)
(2939932, 2935510, 689716, 6565158)
(2939814, 2935510, 689716, 6565040)
(2939185, 2935510, 689716, 6564411)
(2938570, 2935510, 689716, 6563796)
(2938383, 2935510, 689716, 6563609)
(2938135, 2935510, 689716, 6563361)
