(1653589, 1732042, 674009, 4059640)
(1616419, 1753922, 674009, 4044350)
(1562356, 1801474, 674009, 4037839)
(1565312, 1785790, 674009, 4025111)
(1506464, 1832756, 674009, 4013229)
(1504335, 1832756, 674009, 4011100)
(1386599, 1922122, 674009, 3982730)
(1412719, 1882732, 674009, 3969460)
(1365818, 1907990, 674009, 3947817)
(1291593, 1957010, 674009, 3922612)
(3618168, 296764, 202392, 4117324)
(3595398, 296736, 201765, 4093899)
(3502880, 369020, 201765, 4073665)
(3520655, 340714, 201765, 4063134)
(3422210, 417744, 201765, 4041719)
(3431728, 400151, 201765, 4033644)
(3328137, 482196, 201765, 4012098)
(3274001, 526174, 201765, 4001940)
(3224382, 554166, 201765, 3980313)
(3145874, 615910, 201765, 3963549)
(3155002, 586534, 403301, 4144837)
(3155002, 586534, 403301, 4144837)
(3089794, 637168, 403301, 4130263)
(3104882, 616904, 403301, 4125087)
(3002352, 698476, 403301, 4104129)
(2920674, 759070, 403301, 4083045)
(2920265, 759070, 403301, 4082636)
(2889728, 778134, 403301, 4071163)
(2842078, 819290, 403301, 4064669)
(2691837, 936558, 403301, 4031696)
(2691294, 922906, 541672, 4155872)
(3381261, 508728, 209966, 4099955)
(3347640, 526458, 209966, 4084064)
(3341841, 521776, 209966, 4073583)
(3270247, 581506, 209966, 4061719)
(3262946, 568256, 209966, 4041168)
(3225330, 600446, 209966, 4035742)
(3154297, 649990, 209966, 4014253)
(3121064, 679866, 209966, 4010896)
(3121064, 679866, 209966, 4010896)
(3076629, 683272, 517166, 4277067)
(3076629, 683272, 517166, 4277067)
(2993483, 754558, 517166, 4265207)
(1754590, 1711416, 675622, 4141628)
