(1755002, 1613222, 682463, 4050687)
(1635808, 1696796, 682463, 4015067)
(1584262, 1726270, 682463, 3992995)
(1516575, 1761913, 682463, 3960951)
(1477613, 1786299, 682463, 3946375)
(1360589, 1882668, 682463, 3925720)
(1306379, 1899163, 682463, 3888005)
(1200355, 1964173, 682463, 3846991)
(1196062, 1959033, 682463, 3837558)
(1087124, 2054697, 682463, 3824284)
(3344964, 445934, 351498, 4142396)
(3301219, 483282, 351498, 4135999)
(3264710, 503212, 351498, 4119420)
(3196107, 570552, 351498, 4118157)
(1658411, 1740040, 645164, 4043615)
(1618149, 1762110, 645164, 4025423)
(1501504, 1844328, 645164, 3990996)
(1411995, 1909602, 645164, 3966761)
(1358742, 1934692, 645164, 3938598)
(1336352, 1951918, 645164, 3933434)
(3553854, 338236, 234164, 4126254)
(3501880, 370326, 234164, 4106370)
(3451495, 409978, 234164, 4095637)
(3384366, 461478, 234164, 4080008)
(3372947, 457908, 234164, 4065019)
(3289731, 527886, 234164, 4051781)
(3212590, 575816, 234164, 4022570)
(3102583, 658262, 234164, 3995009)
(3100669, 658262, 234164, 3993095)
(1472471, 1863880, 645164, 3981515)
(3651489, 299098, 164156, 4114743)
(3578590, 347084, 164156, 4089830)
(3486909, 410940, 164156, 4062005)
(3483450, 410940, 164156, 4058546)
(3427782, 454230, 164156, 4046168)
(3275442, 561376, 164156, 4000974)
(3310828, 514974, 164156, 3989958)
(3237400, 583880, 164156, 3985436)
(3144883, 637108, 164156, 3946147)
(3142103, 637108, 164156, 3943367)
(1773810, 1677370, 645164, 4096344)
