(2200330, 2133470, 635305, 4969105)
(2199514, 2133470, 635305, 4968289)
(2199284, 2133470, 635305, 4968059)
(2199237, 2133470, 635305, 4968012)
(2198846, 2133470, 635305, 4967621)
(2198768, 2133470, 635305, 4967543)
(2198767, 2133470, 635305, 4967542)
(2198476, 2133470, 635305, 4967251)
(2198232, 2133470, 635305, 4967007)
(2197666, 2133470, 635305, 4966441)
(2197534, 2133470, 635305, 4966309)
(2197121, 2133470, 635305, 4965896)
(2196793, 2133470, 635305, 4965568)
(2196355, 2133470, 635305, 4965130)
(2196015, 2133470, 635305, 4964790)
(2195203, 2133470, 635305, 4963978)
(2194795, 2133470, 635305, 4963570)
(2194340, 2133470, 635305, 4963115)
(2193541, 2133470, 635305, 4962316)
(2193207, 2133470, 635305, 4961982)
(2192960, 2133470, 635305, 4961735)
(2192526, 2133470, 635305, 4961301)
(2192015, 2133470, 635305, 4960790)
(2191426, 2133470, 635305, 4960201)
(2191276, 2133470, 635305, 4960051)
(2190571, 2133470, 635305, 4959346)
(2190231, 2133470, 635305, 4959006)
(2189534, 2133470, 635305, 4958309)
(2188838, 2133470, 635305, 4957613)
(2188342, 2133470, 635305, 4957117)
(2187286, 2133470, 635305, 4956061)
(2186477, 2133470, 635305, 4955252)
(2186451, 2133470, 635305, 4955226)
(2185888, 2133470, 635305, 4954663)
(2185173, 2133470, 635305, 4953948)
(2184784, 2133470, 635305, 4953559)
(2184428, 2133470, 635305, 4953203)
(2183980, 2133470, 635305, 4952755)
(2183179, 2133470, 635305, 4951954)
(2182868, 2133470, 635305, 4951643)
(2182551, 2133470, 635305, 4951326)
(2182550, 2133470, 635305, 4951325)
(2182227, 2133470, 635305, 4951002)
(2181531, 2133470, 635305, 4950306)
(2180686, 2133470, 635305, 4949461)
(2180185, 2133470, 635305, 4948960)
(2179484, 2133470, 635305, 4948259)
(2179073, 2133470, 635305, 4947848)
(2178817, 2133470, 635305, 4947592)
(2178691, 2133470, 635305, 4947466)
(2178690, 2133470, 635305, 4947465)
(2178002, 2133470, 635305, 4946777)
(2177663, 2133470, 635305, 4946438)
(2177525, 2133470, 635305, 4946300)
(2176921, 2133470, 635305, 4945696)
(2176275, 2133470, 635305, 4945050)
(2175859, 2133470, 635305, 4944634)
(2175213, 2133470, 635305, 4943988)
(2174837, 2133470, 635305, 4943612)
(2174368, 2133470, 635305, 4943143)
(2173823, 2133470, 635305, 4942598)
(2172932, 2133470, 635305, 4941707)
(2172238, 2133470, 635305, 4941013)
(2171563, 2133470, 635305, 4940338)
(2171437, 2133470, 635305, 4940212)
(2171308, 2133470, 635305, 4940083)
(2170726, 2133470, 635305, 4939501)
(2169648, 2133470, 635305, 4938423)
(2169087, 2133470, 635305, 4937862)
(2168518, 2133470, 635305, 4937293)
(2167889, 2133470, 635305, 4936664)
(2167613, 2133470, 635305, 4936388)
(2166783, 2133470, 635305, 4935558)
(2165593, 2133470, 635305, 4934368)
(2164733, 2133470, 635305, 4933508)
(2164158, 2133470, 635305, 4932933)
(2163703, 2133470, 635305, 4932478)
(2163202, 2133470, 635305, 4931977)
(2162789, 2133470, 635305, 4931564)
(2162306, 2133470, 635305, 4931081)
(2161582, 2133470, 635305, 4930357)
(2161460, 2133470, 635305, 4930235)
(2161138, 2133470, 635305, 4929913)
(2160822, 2133470, 635305, 4929597)
(2160103, 2133470, 635305, 4928878)
(2159809, 2133470, 635305, 4928584)
(2158848, 2133470, 635305, 4927623)
(2158793, 2133470, 635305, 4927568)
(2158710, 2133470, 635305, 4927485)
(2157624, 2133470, 635305, 4926399)
(2157382, 2133470, 635305, 4926157)
(2156392, 2133470, 635305, 4925167)
(2155829, 2133470, 635305, 4924604)
(2155339, 2133470, 635305, 4924114)
(2154206, 2133470, 635305, 4922981)
(2153994, 2133470, 635305, 4922769)
(2153300, 2133470, 635305, 4922075)
(2152834, 2133470, 635305, 4921609)
(2152381, 2133470, 635305, 4921156)
(2152135, 2133470, 635305, 4920910)
(2151486, 2133470, 635305, 4920261)
(2150877, 2133470, 635305, 4919652)
(2150248, 2133470, 635305, 4919023)
(2149359, 2133470, 635305, 4918134)
(2148450, 2133470, 635305, 4917225)
(2147837, 2133470, 635305, 4916612)
(2147224, 2133470, 635305, 4915999)
(2146850, 2133470, 635305, 4915625)
(2146135, 2133470, 635305, 4914910)
(2145433, 2133470, 635305, 4914208)
(2144720, 2133470, 635305, 4913495)
(2144560, 2133470, 635305, 4913335)
(2144559, 2133470, 635305, 4913334)
(2144188, 2133470, 635305, 4912963)
(2143939, 2133470, 635305, 4912714)
(2143477, 2133470, 635305, 4912252)
(2143341, 2133470, 635305, 4912116)
(2142904, 2133470, 635305, 4911679)
(2142024, 2133470, 635305, 4910799)
(2141479, 2133470, 635305, 4910254)
(2141335, 2133470, 635305, 4910110)
(2140427, 2133470, 635305, 4909202)
(2139957, 2133470, 635305, 4908732)
(2139355, 2133470, 635305, 4908130)
(2138934, 2133470, 635305, 4907709)
(2138478, 2133470, 635305, 4907253)
(2137797, 2133470, 635305, 4906572)
(2136904, 2133470, 635305, 4905679)
(2136410, 2133470, 635305, 4905185)
(2135460, 2133470, 635305, 4904235)
(2134453, 2133470, 635305, 4903228)
(2134164, 2133470, 635305, 4902939)
(2133775, 2133470, 635305, 4902550)
(2133610, 2133470, 635305, 4902385)
(2132837, 2133470, 635305, 4901612)
(2132148, 2133470, 635305, 4900923)
(2131868, 2133470, 635305, 4900643)
(2131619, 2133470, 635305, 4900394)
(2131384, 2133470, 635305, 4900159)
(2130994, 2133470, 635305, 4899769)
(2130063, 2133470, 635305, 4898838)
(2129684, 2133470, 635305, 4898459)
(2129204, 2133470, 635305, 4897979)
(2128330, 2133470, 635305, 4897105)
(2127925, 2133470, 635305, 4896700)
(2127337, 2133470, 635305, 4896112)
(2127336, 2133470, 635305, 4896111)
(2127311, 2133470, 635305, 4896086)
(2127219, 2133470, 635305, 4895994)
(2126977, 2133470, 635305, 4895752)
(2126291, 2133470, 635305, 4895066)
(2126290, 2133470, 635305, 4895065)
(2125851, 2133470, 635305, 4894626)
(2125077, 2133470, 635305, 4893852)
(2123969, 2133470, 635305, 4892744)
(2123545, 2133470, 635305, 4892320)
(2123360, 2133470, 635305, 4892135)
(2122679, 2133470, 635305, 4891454)
(2121973, 2133470, 635305, 4890748)
(2121802, 2133470, 635305, 4890577)
(2121104, 2133470, 635305, 4889879)
(2120462, 2133470, 635305, 4889237)
(2119953, 2133470, 635305, 4888728)
(2119334, 2133470, 635305, 4888109)
(2118940, 2133470, 635305, 4887715)
(2118645, 2133470, 635305, 4887420)
(2118027, 2133470, 635305, 4886802)
(2117318, 2133470, 635305, 4886093)
(2116844, 2133470, 635305, 4885619)
(2116271, 2133470, 635305, 4885046)
(2115857, 2133470, 635305, 4884632)
(2114872, 2133470, 635305, 4883647)
(2114633, 2133470, 635305, 4883408)
(2114565, 2133470, 635305, 4883340)
(2114204, 2133470, 635305, 4882979)
(2113417, 2133470, 635305, 4882192)
(2112676, 2133470, 635305, 4881451)
(2112603, 2133470, 635305, 4881378)
(2111873, 2133470, 635305, 4880648)
(2111689, 2133470, 635305, 4880464)
(2111005, 2133470, 635305, 4879780)
(2110981, 2133470, 635305, 4879756)
(2110090, 2133470, 635305, 4878865)
(2110089, 2133470, 635305, 4878864)
(2109525, 2133470, 635305, 4878300)
(2109217, 2133470, 635305, 4877992)
(2108337, 2133470, 635305, 4877112)
(2108103, 2133470, 635305, 4876878)
(2107588, 2133470, 635305, 4876363)
(2107388, 2133470, 635305, 4876163)
(2107293, 2133470, 635305, 4876068)
(2106822, 2133470, 635305, 4875597)
(2106236, 2133470, 635305, 4875011)
(2105462, 2133470, 635305, 4874237)
(2105276, 2133470, 635305, 4874051)
(2104948, 2133470, 635305, 4873723)
(2104489, 2133470, 635305, 4873264)
(2104415, 2133470, 635305, 4873190)
(2103623, 2133470, 635305, 4872398)
(2103574, 2133470, 635305, 4872349)
(2103027, 2133470, 635305, 4871802)
(2102383, 2133470, 635305, 4871158)
(2101751, 2133470, 635305, 4870526)
(2100828, 2133470, 635305, 4869603)
(2099818, 2133470, 635305, 4868593)
(2098923, 2133470, 635305, 4867698)
(2098034, 2133470, 635305, 4866809)
(2097557, 2133470, 635305, 4866332)
(2096947, 2133470, 635305, 4865722)
(2096401, 2133470, 635305, 4865176)
(2095626, 2133470, 635305, 4864401)
(2095625, 2133470, 635305, 4864400)
(2095449, 2133470, 635305, 4864224)
(2094602, 2133470, 635305, 4863377)
(2094031, 2133470, 635305, 4862806)
(2093839, 2133470, 635305, 4862614)
(2093343, 2133470, 635305, 4862118)
(2092830, 2133470, 635305, 4861605)
(2092654, 2133470, 635305, 4861429)
(2092058, 2133470, 635305, 4860833)
(2092057, 2133470, 635305, 4860832)
(2091722, 2133470, 635305, 4860497)
(2090991, 2133470, 635305, 4859766)
(2090303, 2133470, 635305, 4859078)
(2089987, 2133470, 635305, 4858762)
(2089614, 2133470, 635305, 4858389)
(2089004, 2133470, 635305, 4857779)
(2088487, 2133470, 635305, 4857262)
(2087538, 2133470, 635305, 4856313)
(2086906, 2133470, 635305, 4855681)
(2086318, 2133470, 635305, 4855093)
(2085458, 2133470, 635305, 4854233)
(2085032, 2133470, 635305, 4853807)
(2084402, 2133470, 635305, 4853177)
(2083905, 2133470, 635305, 4852680)
(2082765, 2133470, 635305, 4851540)
(2081874, 2133470, 635305, 4850649)
(2081466, 2133470, 635305, 4850241)
(2080896, 2133470, 635305, 4849671)
(2080131, 2133470, 635305, 4848906)
(2079443, 2133470, 635305, 4848218)
(2078667, 2133470, 635305, 4847442)
(2078210, 2133470, 635305, 4846985)
(2077750, 2133470, 635305, 4846525)
(2077354, 2133470, 635305, 4846129)
(2077019, 2133470, 635305, 4845794)
(2076577, 2133470, 635305, 4845352)
(2075517, 2133470, 635305, 4844292)
(2074661, 2133470, 635305, 4843436)
(2074194, 2133470, 635305, 4842969)
(2074024, 2133470, 635305, 4842799)
(2073380, 2133470, 635305, 4842155)
(2073189, 2133470, 635305, 4841964)
(2072906, 2133470, 635305, 4841681)
(2072472, 2133470, 635305, 4841247)
(2071748, 2133470, 635305, 4840523)
(2071293, 2133470, 635305, 4840068)
(2071199, 2133470, 635305, 4839974)
(2070472, 2133470, 635305, 4839247)
(2070183, 2133470, 635305, 4838958)
(2069801, 2133470, 635305, 4838576)
(2069386, 2133470, 635305, 4838161)
(2069038, 2133470, 635305, 4837813)
(2068657, 2133470, 635305, 4837432)
(2067835, 2133470, 635305, 4836610)
(2067097, 2133470, 635305, 4835872)
(2066517, 2133470, 635305, 4835292)
(2066148, 2133470, 635305, 4834923)
(2065095, 2133470, 635305, 4833870)
(2064288, 2133470, 635305, 4833063)
(2063833, 2133470, 635305, 4832608)
(2063111, 2133470, 635305, 4831886)
(2062930, 2133470, 635305, 4831705)
(2062490, 2133470, 635305, 4831265)
(2061998, 2133470, 635305, 4830773)
(2061667, 2133470, 635305, 4830442)
(2061491, 2133470, 635305, 4830266)
(2060985, 2133470, 635305, 4829760)
(2060019, 2133470, 635305, 4828794)
(2059349, 2133470, 635305, 4828124)
(2059348, 2133470, 635305, 4828123)
(2058385, 2133470, 635305, 4827160)
(2058309, 2133470, 635305, 4827084)
(2058308, 2133470, 635305, 4827083)
(2057928, 2133470, 635305, 4826703)
(2056969, 2133470, 635305, 4825744)
(2056121, 2133470, 635305, 4824896)
(2055377, 2133470, 635305, 4824152)
(2054680, 2133470, 635305, 4823455)
(2053970, 2133470, 635305, 4822745)
(2053095, 2133470, 635305, 4821870)
(2052156, 2133470, 635305, 4820931)
(2051835, 2133470, 635305, 4820610)
(2051238, 2133470, 635305, 4820013)
(2050482, 2133470, 635305, 4819257)
(2049927, 2133470, 635305, 4818702)
(2049251, 2133470, 635305, 4818026)
(2048911, 2133470, 635305, 4817686)
(2048737, 2133470, 635305, 4817512)
(2048229, 2133470, 635305, 4817004)
(2047402, 2133470, 635305, 4816177)
(2047067, 2133470, 635305, 4815842)
(2046452, 2133470, 635305, 4815227)
(2045750, 2133470, 635305, 4814525)
(2044863, 2133470, 635305, 4813638)
(2043869, 2133470, 635305, 4812644)
(2043207, 2133470, 635305, 4811982)
(2042852, 2133470, 635305, 4811627)
(2042027, 2133470, 635305, 4810802)
(2041806, 2133470, 635305, 4810581)
(2041697, 2133470, 635305, 4810472)
(2041417, 2133470, 635305, 4810192)
(2041202, 2133470, 635305, 4809977)
(2040425, 2133470, 635305, 4809200)
(2039866, 2133470, 635305, 4808641)
(2039210, 2133470, 635305, 4807985)
(2038619, 2133470, 635305, 4807394)
(2038249, 2133470, 635305, 4807024)
(2037290, 2133470, 635305, 4806065)
(2036216, 2133470, 635305, 4804991)
(2035539, 2133470, 635305, 4804314)
(2034680, 2133470, 635305, 4803455)
(2033772, 2133470, 635305, 4802547)
(2033244, 2133470, 635305, 4802019)
(2032784, 2133470, 635305, 4801559)
(2031660, 2133470, 635305, 4800435)
(2030878, 2133470, 635305, 4799653)
(2030122, 2133470, 635305, 4798897)
(2029306, 2133470, 635305, 4798081)
(2028911, 2133470, 635305, 4797686)
(2028208, 2133470, 635305, 4796983)
(2027695, 2133470, 635305, 4796470)
(2027451, 2133470, 635305, 4796226)
(2026611, 2133470, 635305, 4795386)
(2025574, 2133470, 635305, 4794349)
(2025042, 2133470, 635305, 4793817)
(2024800, 2133470, 635305, 4793575)
(2024349, 2133470, 635305, 4793124)
(2024223, 2133470, 635305, 4792998)
(2023819, 2133470, 635305, 4792594)
(2022984, 2133470, 635305, 4791759)
(2022180, 2133470, 635305, 4790955)
(2021128, 2133470, 635305, 4789903)
(2020859, 2133470, 635305, 4789634)
(2020123, 2133470, 635305, 4788898)
(2019874, 2133470, 635305, 4788649)
(2019307, 2133470, 635305, 4788082)
(2018601, 2133470, 635305, 4787376)
(2018162, 2133470, 635305, 4786937)
(2017116, 2133470, 635305, 4785891)
(2015852, 2133470, 635305, 4784627)
(2015851, 2133470, 635305, 4784626)
(2015439, 2133470, 635305, 4784214)
(2014778, 2133470, 635305, 4783553)
(2014535, 2133470, 635305, 4783310)
(2013465, 2133470, 635305, 4782240)
(2013252, 2133470, 635305, 4782027)
(2012755, 2133470, 635305, 4781530)
(2012543, 2133470, 635305, 4781318)
(2012114, 2133470, 635305, 4780889)
(2011135, 2133470, 635305, 4779910)
(2010061, 2133470, 635305, 4778836)
(2009439, 2133470, 635305, 4778214)
(2008501, 2133470, 635305, 4777276)
(2007619, 2133470, 635305, 4776394)
(2006908, 2133470, 635305, 4775683)
(2006366, 2133470, 635305, 4775141)
(2005281, 2133470, 635305, 4774056)
(2004740, 2133470, 635305, 4773515)
(2004692, 2133470, 635305, 4773467)
(2004411, 2133470, 635305, 4773186)
(2003860, 2133470, 635305, 4772635)
(2003005, 2133470, 635305, 4771780)
(2002412, 2133470, 635305, 4771187)
(2002218, 2133470, 635305, 4770993)
(2001792, 2133470, 635305, 4770567)
(2001115, 2133470, 635305, 4769890)
(2001031, 2133470, 635305, 4769806)
(2000645, 2133470, 635305, 4769420)
(2000329, 2133470, 635305, 4769104)
(2000057, 2133470, 635305, 4768832)
(1999555, 2133470, 635305, 4768330)
(1999413, 2133470, 635305, 4768188)
(1998895, 2133470, 635305, 4767670)
(1998017, 2133470, 635305, 4766792)
(1997187, 2133470, 635305, 4765962)
(1996636, 2133470, 635305, 4765411)
(1995947, 2133470, 635305, 4764722)
(1995546, 2133470, 635305, 4764321)
(1994729, 2133470, 635305, 4763504)
(1993858, 2133470, 635305, 4762633)
(1993242, 2133470, 635305, 4762017)
(1992896, 2133470, 635305, 4761671)
(1992590, 2133470, 635305, 4761365)
(1992283, 2133470, 635305, 4761058)
(1992122, 2133470, 635305, 4760897)
(1992121, 2133470, 635305, 4760896)
(1991693, 2133470, 635305, 4760468)
(1991495, 2133470, 635305, 4760270)
(1990809, 2133470, 635305, 4759584)
(1989691, 2133470, 635305, 4758466)
(1989468, 2133470, 635305, 4758243)
(1988586, 2133470, 635305, 4757361)
(1988290, 2133470, 635305, 4757065)
(1988289, 2133470, 635305, 4757064)
(1988127, 2133470, 635305, 4756902)
(1987903, 2133470, 635305, 4756678)
(1987394, 2133470, 635305, 4756169)
(1986326, 2133470, 635305, 4755101)
(1986298, 2133470, 635305, 4755073)
(1985759, 2133470, 635305, 4754534)
(1985171, 2133470, 635305, 4753946)
(1984603, 2133470, 635305, 4753378)
(1983761, 2133470, 635305, 4752536)
(1983157, 2133470, 635305, 4751932)
(1983156, 2133470, 635305, 4751931)
(1982814, 2133470, 635305, 4751589)
(1982066, 2133470, 635305, 4750841)
(1981784, 2133470, 635305, 4750559)
(1981409, 2133470, 635305, 4750184)
(1981374, 2133470, 635305, 4750149)
(1980904, 2133470, 635305, 4749679)
(1980853, 2133470, 635305, 4749628)
(1980219, 2133470, 635305, 4748994)
(1979845, 2133470, 635305, 4748620)
(1979266, 2133470, 635305, 4748041)
(1978130, 2133470, 635305, 4746905)
(1977920, 2133470, 635305, 4746695)
(1977057, 2133470, 635305, 4745832)
(1976734, 2133470, 635305, 4745509)
(1976020, 2133470, 635305, 4744795)
(1975691, 2133470, 635305, 4744466)
(1975300, 2133470, 635305, 4744075)
(1975044, 2133470, 635305, 4743819)
(1974136, 2133470, 635305, 4742911)
(1973852, 2133470, 635305, 4742627)
(1973668, 2133470, 635305, 4742443)
(1973590, 2133470, 635305, 4742365)
(1972385, 2133470, 635305, 4741160)
(1972008, 2133470, 635305, 4740783)
(1971743, 2133470, 635305, 4740518)
(1971177, 2133470, 635305, 4739952)
(1970092, 2133470, 635305, 4738867)
(1969936, 2133470, 635305, 4738711)
(1969565, 2133470, 635305, 4738340)
(1969318, 2133470, 635305, 4738093)
(1968852, 2133470, 635305, 4737627)
(1968269, 2133470, 635305, 4737044)
(1967426, 2133470, 635305, 4736201)
(1966884, 2133470, 635305, 4735659)
(1966474, 2133470, 635305, 4735249)
(1966113, 2133470, 635305, 4734888)
(1965719, 2133470, 635305, 4734494)
(1965339, 2133470, 635305, 4734114)
(1964312, 2133470, 635305, 4733087)
(1964026, 2133470, 635305, 4732801)
(1963265, 2133470, 635305, 4732040)
(1962495, 2133470, 635305, 4731270)
(1961820, 2133470, 635305, 4730595)
(1960768, 2133470, 635305, 4729543)
(1959994, 2133470, 635305, 4728769)
(1959632, 2133470, 635305, 4728407)
(1959561, 2133470, 635305, 4728336)
(1959211, 2133470, 635305, 4727986)
(1958981, 2133470, 635305, 4727756)
(1958717, 2133470, 635305, 4727492)
(1958115, 2133470, 635305, 4726890)
(1957912, 2133470, 635305, 4726687)
(1957552, 2133470, 635305, 4726327)
(1957094, 2133470, 635305, 4725869)
(1956534, 2133470, 635305, 4725309)
(1955880, 2133470, 635305, 4724655)
(1955741, 2133470, 635305, 4724516)
(1955488, 2133470, 635305, 4724263)
(1954635, 2133470, 635305, 4723410)
(1954631, 2133470, 635305, 4723406)
(1954468, 2133470, 635305, 4723243)
(1953542, 2133470, 635305, 4722317)
(1953004, 2133470, 635305, 4721779)
(1952186, 2133470, 635305, 4720961)
(1951610, 2133470, 635305, 4720385)
(1951224, 2133470, 635305, 4719999)
(1951152, 2133470, 635305, 4719927)
(1951084, 2133470, 635305, 4719859)
(1950313, 2133470, 635305, 4719088)
(1949211, 2133470, 635305, 4717986)
(1948942, 2133470, 635305, 4717717)
(1948294, 2133470, 635305, 4717069)
(1947891, 2133470, 635305, 4716666)
(1947650, 2133470, 635305, 4716425)
(1946698, 2133470, 635305, 4715473)
(1946168, 2133470, 635305, 4714943)
(1945432, 2133470, 635305, 4714207)
(1944868, 2133470, 635305, 4713643)
(1944315, 2133470, 635305, 4713090)
(1944311, 2133470, 635305, 4713086)
(1944304, 2133470, 635305, 4713079)
(1943964, 2133470, 635305, 4712739)
(1943424, 2133470, 635305, 4712199)
(1943096, 2133470, 635305, 4711871)
(1942811, 2133470, 635305, 4711586)
(1942447, 2133470, 635305, 4711222)
(1941927, 2133470, 635305, 4710702)
(1941235, 2133470, 635305, 4710010)
(1940347, 2133470, 635305, 4709122)
(1939889, 2133470, 635305, 4708664)
(1939246, 2133470, 635305, 4708021)
(1938812, 2133470, 635305, 4707587)
(1938791, 2133470, 635305, 4707566)
(1938431, 2133470, 635305, 4707206)
(1938039, 2133470, 635305, 4706814)
(1937339, 2133470, 635305, 4706114)
(1936607, 2133470, 635305, 4705382)
(1935773, 2133470, 635305, 4704548)
(1935119, 2133470, 635305, 4703894)
(1934414, 2133470, 635305, 4703189)
(1933618, 2133470, 635305, 4702393)
(1933319, 2133470, 635305, 4702094)
(1932466, 2133470, 635305, 4701241)
(1931843, 2133470, 635305, 4700618)
(1931330, 2133470, 635305, 4700105)
(1930658, 2133470, 635305, 4699433)
(1930110, 2133470, 635305, 4698885)
(1930109, 2133470, 635305, 4698884)
(1929673, 2133470, 635305, 4698448)
(1928871, 2133470, 635305, 4697646)
(1927837, 2133470, 635305, 4696612)
(1927221, 2133470, 635305, 4695996)
(1927000, 2133470, 635305, 4695775)
(1926507, 2133470, 635305, 4695282)
(1925787, 2133470, 635305, 4694562)
(1924498, 2133470, 635305, 4693273)
(1923933, 2133470, 635305, 4692708)
(1923256, 2133470, 635305, 4692031)
(1922615, 2133470, 635305, 4691390)
(1922308, 2133470, 635305, 4691083)
(1921709, 2133470, 635305, 4690484)
(1920863, 2133470, 635305, 4689638)
(1920593, 2133470, 635305, 4689368)
(1920075, 2133470, 635305, 4688850)
(1919516, 2133470, 635305, 4688291)
(1918988, 2133470, 635305, 4687763)
(1918056, 2133470, 635305, 4686831)
(1917432, 2133470, 635305, 4686207)
(1916912, 2133470, 635305, 4685687)
(1916367, 2133470, 635305, 4685142)
(1915503, 2133470, 635305, 4684278)
(1914574, 2133470, 635305, 4683349)
(1913966, 2133470, 635305, 4682741)
(1913424, 2133470, 635305, 4682199)
(1913042, 2133470, 635305, 4681817)
(1912374, 2133470, 635305, 4681149)
(1912016, 2133470, 635305, 4680791)
(1911507, 2133470, 635305, 4680282)
(1910955, 2133470, 635305, 4679730)
(1910819, 2133470, 635305, 4679594)
(1910716, 2133470, 635305, 4679491)
(1909823, 2133470, 635305, 4678598)
(1909285, 2133470, 635305, 4678060)
(1908603, 2133470, 635305, 4677378)
(1907719, 2133470, 635305, 4676494)
(1906705, 2133470, 635305, 4675480)
(1906626, 2133470, 635305, 4675401)
(1906564, 2133470, 635305, 4675339)
(1906023, 2133470, 635305, 4674798)
(1905672, 2133470, 635305, 4674447)
(1905422, 2133470, 635305, 4674197)
(1905072, 2133470, 635305, 4673847)
(1904349, 2133470, 635305, 4673124)
(1904026, 2133470, 635305, 4672801)
(1903878, 2133470, 635305, 4672653)
(1903523, 2133470, 635305, 4672298)
(1903022, 2133470, 635305, 4671797)
(1902741, 2133470, 635305, 4671516)
(1902318, 2133470, 635305, 4671093)
(1901522, 2133470, 635305, 4670297)
(1900783, 2133470, 635305, 4669558)
(1899837, 2133470, 635305, 4668612)
(1899490, 2133470, 635305, 4668265)
(1898736, 2133470, 635305, 4667511)
(1897737, 2133470, 635305, 4666512)
(1897109, 2133470, 635305, 4665884)
(1896764, 2133470, 635305, 4665539)
(1896346, 2133470, 635305, 4665121)
(1895596, 2133470, 635305, 4664371)
(1894988, 2133470, 635305, 4663763)
(1894818, 2133470, 635305, 4663593)
(1894235, 2133470, 635305, 4663010)
(1894221, 2133470, 635305, 4662996)
(1893212, 2133470, 635305, 4661987)
(1892940, 2133470, 635305, 4661715)
(1892502, 2133470, 635305, 4661277)
(1892409, 2133470, 635305, 4661184)
(1891870, 2133470, 635305, 4660645)
(1891778, 2133470, 635305, 4660553)
(1891570, 2133470, 635305, 4660345)
(1891346, 2133470, 635305, 4660121)
(1891226, 2133470, 635305, 4660001)
(1890679, 2133470, 635305, 4659454)
(1889826, 2133470, 635305, 4658601)
(1889571, 2133470, 635305, 4658346)
(1888937, 2133470, 635305, 4657712)
(1888790, 2133470, 635305, 4657565)
(1888611, 2133470, 635305, 4657386)
(1888505, 2133470, 635305, 4657280)
(1888079, 2133470, 635305, 4656854)
(1887256, 2133470, 635305, 4656031)
(1886569, 2133470, 635305, 4655344)
(1886157, 2133470, 635305, 4654932)
(1885478, 2133470, 635305, 4654253)
(1884602, 2133470, 635305, 4653377)
(1884126, 2133470, 635305, 4652901)
(1884125, 2133470, 635305, 4652900)
(1883857, 2133470, 635305, 4652632)
