(2153360, 2159364, 672286, 4985010)
(2152789, 2159364, 672286, 4984439)
(2152380, 2159364, 672286, 4984030)
(2151846, 2159364, 672286, 4983496)
(2151820, 2159364, 672286, 4983470)
(2151596, 2159364, 672286, 4983246)
(2151436, 2159364, 672286, 4983086)
(2150448, 2159364, 672286, 4982098)
(2150089, 2159364, 672286, 4981739)
(2149322, 2159364, 672286, 4980972)
(2148909, 2159364, 672286, 4980559)
(2148511, 2159364, 672286, 4980161)
(2147802, 2159364, 672286, 4979452)
(2147064, 2159364, 672286, 4978714)
(2146343, 2159364, 672286, 4977993)
(2146140, 2159364, 672286, 4977790)
(2145687, 2159364, 672286, 4977337)
(2144858, 2159364, 672286, 4976508)
(2144326, 2159364, 672286, 4975976)
(2144090, 2159364, 672286, 4975740)
(2143466, 2159364, 672286, 4975116)
(2143101, 2159364, 672286, 4974751)
(2142986, 2159364, 672286, 4974636)
(2142677, 2159364, 672286, 4974327)
(2141885, 2159364, 672286, 4973535)
(2141384, 2159364, 672286, 4973034)
(2141132, 2159364, 672286, 4972782)
(2140491, 2159364, 672286, 4972141)
(2139876, 2159364, 672286, 4971526)
(2138875, 2159364, 672286, 4970525)
(2138292, 2159364, 672286, 4969942)
(2137885, 2159364, 672286, 4969535)
(2136655, 2159364, 672286, 4968305)
(2136380, 2159364, 672286, 4968030)
(2135886, 2159364, 672286, 4967536)
(2135316, 2159364, 672286, 4966966)
(2135160, 2159364, 672286, 4966810)
(2134724, 2159364, 672286, 4966374)
(2134644, 2159364, 672286, 4966294)
(2134016, 2159364, 672286, 4965666)
(2132990, 2159364, 672286, 4964640)
(2132789, 2159364, 672286, 4964439)
(2132256, 2159364, 672286, 4963906)
(2131567, 2159364, 672286, 4963217)
(2131374, 2159364, 672286, 4963024)
(2130866, 2159364, 672286, 4962516)
(2129976, 2159364, 672286, 4961626)
(2128787, 2159364, 672286, 4960437)
(2128512, 2159364, 672286, 4960162)
(2127757, 2159364, 672286, 4959407)
(2126958, 2159364, 672286, 4958608)
(2126214, 2159364, 672286, 4957864)
(2125959, 2159364, 672286, 4957609)
(2125640, 2159364, 672286, 4957290)
(2125250, 2159364, 672286, 4956900)
(2124741, 2159364, 672286, 4956391)
(2124050, 2159364, 672286, 4955700)
(2123654, 2159364, 672286, 4955304)
(2123538, 2159364, 672286, 4955188)
(2123134, 2159364, 672286, 4954784)
(2122939, 2159364, 672286, 4954589)
(2122787, 2159364, 672286, 4954437)
(2122270, 2159364, 672286, 4953920)
(2121615, 2159364, 672286, 4953265)
(2121058, 2159364, 672286, 4952708)
(2120835, 2159364, 672286, 4952485)
(2120463, 2159364, 672286, 4952113)
(2119615, 2159364, 672286, 4951265)
(2119091, 2159364, 672286, 4950741)
(2118604, 2159364, 672286, 4950254)
(2117700, 2159364, 672286, 4949350)
(2117500, 2159364, 672286, 4949150)
(2117205, 2159364, 672286, 4948855)
(2116769, 2159364, 672286, 4948419)
(2116142, 2159364, 672286, 4947792)
(2115152, 2159364, 672286, 4946802)
(2114302, 2159364, 672286, 4945952)
(2113289, 2159364, 672286, 4944939)
(2112880, 2159364, 672286, 4944530)
(2112362, 2159364, 672286, 4944012)
(2111973, 2159364, 672286, 4943623)
(2111292, 2159364, 672286, 4942942)
(2110821, 2159364, 672286, 4942471)
(2110391, 2159364, 672286, 4942041)
(2110036, 2159364, 672286, 4941686)
(2108998, 2159364, 672286, 4940648)
(2108302, 2159364, 672286, 4939952)
(2107506, 2159364, 672286, 4939156)
(2106687, 2159364, 672286, 4938337)
(2106210, 2159364, 672286, 4937860)
(2105828, 2159364, 672286, 4937478)
(2105020, 2159364, 672286, 4936670)
(2104855, 2159364, 672286, 4936505)
(2104176, 2159364, 672286, 4935826)
(2104019, 2159364, 672286, 4935669)
(2103768, 2159364, 672286, 4935418)
(2103080, 2159364, 672286, 4934730)
(2102795, 2159364, 672286, 4934445)
(2102564, 2159364, 672286, 4934214)
(2102287, 2159364, 672286, 4933937)
(2101983, 2159364, 672286, 4933633)
(2101587, 2159364, 672286, 4933237)
(2101062, 2159364, 672286, 4932712)
(2100270, 2159364, 672286, 4931920)
(2099216, 2159364, 672286, 4930866)
(2098808, 2159364, 672286, 4930458)
(2098363, 2159364, 672286, 4930013)
(2098265, 2159364, 672286, 4929915)
(2098087, 2159364, 672286, 4929737)
(2097589, 2159364, 672286, 4929239)
(2097098, 2159364, 672286, 4928748)
(2096648, 2159364, 672286, 4928298)
(2095993, 2159364, 672286, 4927643)
(2095617, 2159364, 672286, 4927267)
(2094806, 2159364, 672286, 4926456)
(2094206, 2159364, 672286, 4925856)
(2093569, 2159364, 672286, 4925219)
(2092926, 2159364, 672286, 4924576)
(2092541, 2159364, 672286, 4924191)
(2092307, 2159364, 672286, 4923957)
(2091884, 2159364, 672286, 4923534)
(2091465, 2159364, 672286, 4923115)
(2091031, 2159364, 672286, 4922681)
(2090406, 2159364, 672286, 4922056)
(2089815, 2159364, 672286, 4921465)
(2089250, 2159364, 672286, 4920900)
(2088380, 2159364, 672286, 4920030)
(2088050, 2159364, 672286, 4919700)
(2087689, 2159364, 672286, 4919339)
(2087600, 2159364, 672286, 4919250)
(2087558, 2159364, 672286, 4919208)
(2087285, 2159364, 672286, 4918935)
(2086642, 2159364, 672286, 4918292)
(2086328, 2159364, 672286, 4917978)
(2085511, 2159364, 672286, 4917161)
(2085008, 2159364, 672286, 4916658)
(2084202, 2159364, 672286, 4915852)
(2084108, 2159364, 672286, 4915758)
(2083870, 2159364, 672286, 4915520)
(2083550, 2159364, 672286, 4915200)
(2082872, 2159364, 672286, 4914522)
(2082726, 2159364, 672286, 4914376)
(2082622, 2159364, 672286, 4914272)
(2081921, 2159364, 672286, 4913571)
(2081566, 2159364, 672286, 4913216)
(2081464, 2159364, 672286, 4913114)
(2080813, 2159364, 672286, 4912463)
(2080147, 2159364, 672286, 4911797)
(2079735, 2159364, 672286, 4911385)
(2079187, 2159364, 672286, 4910837)
(2078799, 2159364, 672286, 4910449)
(2078330, 2159364, 672286, 4909980)
(2078249, 2159364, 672286, 4909899)
(2077830, 2159364, 672286, 4909480)
(2077118, 2159364, 672286, 4908768)
(2076426, 2159364, 672286, 4908076)
(2076013, 2159364, 672286, 4907663)
(2075416, 2159364, 672286, 4907066)
(2074972, 2159364, 672286, 4906622)
(2074658, 2159364, 672286, 4906308)
(2073976, 2159364, 672286, 4905626)
(2073400, 2159364, 672286, 4905050)
(2072580, 2159364, 672286, 4904230)
(2071825, 2159364, 672286, 4903475)
(2071546, 2159364, 672286, 4903196)
(2070991, 2159364, 672286, 4902641)
(2070749, 2159364, 672286, 4902399)
(2070180, 2159364, 672286, 4901830)
(2069387, 2159364, 672286, 4901037)
(2068666, 2159364, 672286, 4900316)
(2068448, 2159364, 672286, 4900098)
(2068337, 2159364, 672286, 4899987)
(2067663, 2159364, 672286, 4899313)
(2067238, 2159364, 672286, 4898888)
(2066970, 2159364, 672286, 4898620)
(2066785, 2159364, 672286, 4898435)
(2066606, 2159364, 672286, 4898256)
(2066249, 2159364, 672286, 4897899)
(2065604, 2159364, 672286, 4897254)
(2065329, 2159364, 672286, 4896979)
(2064639, 2159364, 672286, 4896289)
(2064324, 2159364, 672286, 4895974)
(2064060, 2159364, 672286, 4895710)
(2062969, 2159364, 672286, 4894619)
(2062006, 2159364, 672286, 4893656)
(2061716, 2159364, 672286, 4893366)
(2060712, 2159364, 672286, 4892362)
(2060097, 2159364, 672286, 4891747)
(2059297, 2159364, 672286, 4890947)
(2058422, 2159364, 672286, 4890072)
(2057902, 2159364, 672286, 4889552)
(2057872, 2159364, 672286, 4889522)
(2057125, 2159364, 672286, 4888775)
(2056742, 2159364, 672286, 4888392)
(2056741, 2159364, 672286, 4888391)
(2056409, 2159364, 672286, 4888059)
(2056063, 2159364, 672286, 4887713)
(2055155, 2159364, 672286, 4886805)
(2054662, 2159364, 672286, 4886312)
(2054291, 2159364, 672286, 4885941)
(2053468, 2159364, 672286, 4885118)
(2053291, 2159364, 672286, 4884941)
(2053147, 2159364, 672286, 4884797)
(2052266, 2159364, 672286, 4883916)
(2051548, 2159364, 672286, 4883198)
(2051200, 2159364, 672286, 4882850)
(2050846, 2159364, 672286, 4882496)
(2050235, 2159364, 672286, 4881885)
(2049837, 2159364, 672286, 4881487)
(2049044, 2159364, 672286, 4880694)
(2048529, 2159364, 672286, 4880179)
(2048068, 2159364, 672286, 4879718)
(2047509, 2159364, 672286, 4879159)
(2046885, 2159364, 672286, 4878535)
(2046665, 2159364, 672286, 4878315)
(2045538, 2159364, 672286, 4877188)
(2045085, 2159364, 672286, 4876735)
(2044918, 2159364, 672286, 4876568)
(2044668, 2159364, 672286, 4876318)
(2044186, 2159364, 672286, 4875836)
(2043396, 2159364, 672286, 4875046)
(2042596, 2159364, 672286, 4874246)
(2042165, 2159364, 672286, 4873815)
(2041736, 2159364, 672286, 4873386)
(2041457, 2159364, 672286, 4873107)
(2040890, 2159364, 672286, 4872540)
(2040330, 2159364, 672286, 4871980)
(2040034, 2159364, 672286, 4871684)
(2039352, 2159364, 672286, 4871002)
(2039242, 2159364, 672286, 4870892)
(2039050, 2159364, 672286, 4870700)
(2038352, 2159364, 672286, 4870002)
(2037426, 2159364, 672286, 4869076)
(2036871, 2159364, 672286, 4868521)
(2036726, 2159364, 672286, 4868376)
(2036615, 2159364, 672286, 4868265)
(2035857, 2159364, 672286, 4867507)
(2035510, 2159364, 672286, 4867160)
(2035073, 2159364, 672286, 4866723)
(2034555, 2159364, 672286, 4866205)
(2034133, 2159364, 672286, 4865783)
(2033908, 2159364, 672286, 4865558)
(2033490, 2159364, 672286, 4865140)
(2032816, 2159364, 672286, 4864466)
(2032321, 2159364, 672286, 4863971)
(2031851, 2159364, 672286, 4863501)
(2031613, 2159364, 672286, 4863263)
(2030917, 2159364, 672286, 4862567)
(2030051, 2159364, 672286, 4861701)
(2029648, 2159364, 672286, 4861298)
(2029309, 2159364, 672286, 4860959)
(2029015, 2159364, 672286, 4860665)
(2028460, 2159364, 672286, 4860110)
(2027574, 2159364, 672286, 4859224)
(2026973, 2159364, 672286, 4858623)
(2026329, 2159364, 672286, 4857979)
(2025753, 2159364, 672286, 4857403)
(2025500, 2159364, 672286, 4857150)
(2024886, 2159364, 672286, 4856536)
(2024655, 2159364, 672286, 4856305)
(2023923, 2159364, 672286, 4855573)
(2023157, 2159364, 672286, 4854807)
(2022480, 2159364, 672286, 4854130)
(2021709, 2159364, 672286, 4853359)
(2020660, 2159364, 672286, 4852310)
(2019817, 2159364, 672286, 4851467)
(2018976, 2159364, 672286, 4850626)
(2018457, 2159364, 672286, 4850107)
(2017982, 2159364, 672286, 4849632)
(2017066, 2159364, 672286, 4848716)
(2016899, 2159364, 672286, 4848549)
(2016674, 2159364, 672286, 4848324)
(2016611, 2159364, 672286, 4848261)
(2015862, 2159364, 672286, 4847512)
(2015701, 2159364, 672286, 4847351)
(2015215, 2159364, 672286, 4846865)
(2014867, 2159364, 672286, 4846517)
(2014390, 2159364, 672286, 4846040)
(2014094, 2159364, 672286, 4845744)
(2013861, 2159364, 672286, 4845511)
(2013675, 2159364, 672286, 4845325)
(2013178, 2159364, 672286, 4844828)
(2012218, 2159364, 672286, 4843868)
(2011538, 2159364, 672286, 4843188)
(2011078, 2159364, 672286, 4842728)
(2010271, 2159364, 672286, 4841921)
(2010021, 2159364, 672286, 4841671)
(2008999, 2159364, 672286, 4840649)
(2007945, 2159364, 672286, 4839595)
(2006990, 2159364, 672286, 4838640)
(2006761, 2159364, 672286, 4838411)
(2006133, 2159364, 672286, 4837783)
(2005577, 2159364, 672286, 4837227)
(2004916, 2159364, 672286, 4836566)
(2004415, 2159364, 672286, 4836065)
(2004159, 2159364, 672286, 4835809)
(2004003, 2159364, 672286, 4835653)
(2003545, 2159364, 672286, 4835195)
(2003329, 2159364, 672286, 4834979)
(2002845, 2159364, 672286, 4834495)
(2002146, 2159364, 672286, 4833796)
(2001351, 2159364, 672286, 4833001)
(2000344, 2159364, 672286, 4831994)
(1999235, 2159364, 672286, 4830885)
(1998788, 2159364, 672286, 4830438)
(1998004, 2159364, 672286, 4829654)
(1997490, 2159364, 672286, 4829140)
(1997101, 2159364, 672286, 4828751)
(1996654, 2159364, 672286, 4828304)
(1996191, 2159364, 672286, 4827841)
(1995784, 2159364, 672286, 4827434)
(1995660, 2159364, 672286, 4827310)
(1995062, 2159364, 672286, 4826712)
(1994239, 2159364, 672286, 4825889)
(1993494, 2159364, 672286, 4825144)
(1992537, 2159364, 672286, 4824187)
(1992345, 2159364, 672286, 4823995)
(1991817, 2159364, 672286, 4823467)
(1991490, 2159364, 672286, 4823140)
(1990968, 2159364, 672286, 4822618)
(1990745, 2159364, 672286, 4822395)
(1990312, 2159364, 672286, 4821962)
(1989901, 2159364, 672286, 4821551)
(1989651, 2159364, 672286, 4821301)
(1989152, 2159364, 672286, 4820802)
(1989087, 2159364, 672286, 4820737)
(1988601, 2159364, 672286, 4820251)
(1987788, 2159364, 672286, 4819438)
(1987354, 2159364, 672286, 4819004)
(1987005, 2159364, 672286, 4818655)
(1986675, 2159364, 672286, 4818325)
(1986004, 2159364, 672286, 4817654)
(1985457, 2159364, 672286, 4817107)
(1985408, 2159364, 672286, 4817058)
(1984743, 2159364, 672286, 4816393)
(1984742, 2159364, 672286, 4816392)
(1984594, 2159364, 672286, 4816244)
(1984449, 2159364, 672286, 4816099)
(1983893, 2159364, 672286, 4815543)
(1983048, 2159364, 672286, 4814698)
(1982279, 2159364, 672286, 4813929)
(1981715, 2159364, 672286, 4813365)
(1981183, 2159364, 672286, 4812833)
(1980876, 2159364, 672286, 4812526)
(1980274, 2159364, 672286, 4811924)
(1979937, 2159364, 672286, 4811587)
(1979851, 2159364, 672286, 4811501)
(1978811, 2159364, 672286, 4810461)
(1977951, 2159364, 672286, 4809601)
(1977383, 2159364, 672286, 4809033)
(1976309, 2159364, 672286, 4807959)
(1976130, 2159364, 672286, 4807780)
(1975645, 2159364, 672286, 4807295)
(1974941, 2159364, 672286, 4806591)
(1974480, 2159364, 672286, 4806130)
(1973878, 2159364, 672286, 4805528)
(1973556, 2159364, 672286, 4805206)
(1973338, 2159364, 672286, 4804988)
(1973157, 2159364, 672286, 4804807)
(1972767, 2159364, 672286, 4804417)
(1972108, 2159364, 672286, 4803758)
(1971341, 2159364, 672286, 4802991)
(1970832, 2159364, 672286, 4802482)
(1970461, 2159364, 672286, 4802111)
(1969845, 2159364, 672286, 4801495)
(1968717, 2159364, 672286, 4800367)
(1968216, 2159364, 672286, 4799866)
(1967099, 2159364, 672286, 4798749)
(1966774, 2159364, 672286, 4798424)
(1966433, 2159364, 672286, 4798083)
(1965851, 2159364, 672286, 4797501)
(1965546, 2159364, 672286, 4797196)
(1964977, 2159364, 672286, 4796627)
(1964721, 2159364, 672286, 4796371)
(1963934, 2159364, 672286, 4795584)
(1963753, 2159364, 672286, 4795403)
(1963258, 2159364, 672286, 4794908)
(1962422, 2159364, 672286, 4794072)
(1961764, 2159364, 672286, 4793414)
(1961557, 2159364, 672286, 4793207)
(1960933, 2159364, 672286, 4792583)
(1960499, 2159364, 672286, 4792149)
(1960158, 2159364, 672286, 4791808)
(1959784, 2159364, 672286, 4791434)
(1959032, 2159364, 672286, 4790682)
(1958054, 2159364, 672286, 4789704)
(1957571, 2159364, 672286, 4789221)
(1957001, 2159364, 672286, 4788651)
(1956008, 2159364, 672286, 4787658)
(1955418, 2159364, 672286, 4787068)
(1955077, 2159364, 672286, 4786727)
(1954393, 2159364, 672286, 4786043)
(1954046, 2159364, 672286, 4785696)
(1953594, 2159364, 672286, 4785244)
(1952981, 2159364, 672286, 4784631)
(1952832, 2159364, 672286, 4784482)
(1952134, 2159364, 672286, 4783784)
(1951567, 2159364, 672286, 4783217)
(1951279, 2159364, 672286, 4782929)
(1950841, 2159364, 672286, 4782491)
(1950402, 2159364, 672286, 4782052)
(1949771, 2159364, 672286, 4781421)
(1949132, 2159364, 672286, 4780782)
(1948178, 2159364, 672286, 4779828)
(1947643, 2159364, 672286, 4779293)
(1947533, 2159364, 672286, 4779183)
(1947126, 2159364, 672286, 4778776)
(1946705, 2159364, 672286, 4778355)
(1946369, 2159364, 672286, 4778019)
(1945462, 2159364, 672286, 4777112)
(1944731, 2159364, 672286, 4776381)
(1943776, 2159364, 672286, 4775426)
(1943096, 2159364, 672286, 4774746)
(1942747, 2159364, 672286, 4774397)
(1942388, 2159364, 672286, 4774038)
(1941719, 2159364, 672286, 4773369)
(1941641, 2159364, 672286, 4773291)
(1941103, 2159364, 672286, 4772753)
(1940527, 2159364, 672286, 4772177)
(1939905, 2159364, 672286, 4771555)
(1939275, 2159364, 672286, 4770925)
(1939181, 2159364, 672286, 4770831)
(1938344, 2159364, 672286, 4769994)
(1938067, 2159364, 672286, 4769717)
(1937764, 2159364, 672286, 4769414)
(1937451, 2159364, 672286, 4769101)
(1936532, 2159364, 672286, 4768182)
(1936307, 2159364, 672286, 4767957)
(1935740, 2159364, 672286, 4767390)
(1934921, 2159364, 672286, 4766571)
(1934632, 2159364, 672286, 4766282)
(1934227, 2159364, 672286, 4765877)
(1933690, 2159364, 672286, 4765340)
(1932986, 2159364, 672286, 4764636)
(1932878, 2159364, 672286, 4764528)
(1932428, 2159364, 672286, 4764078)
(1931862, 2159364, 672286, 4763512)
(1931296, 2159364, 672286, 4762946)
(1930703, 2159364, 672286, 4762353)
(1929949, 2159364, 672286, 4761599)
(1929117, 2159364, 672286, 4760767)
(1929008, 2159364, 672286, 4760658)
(1928461, 2159364, 672286, 4760111)
(1927505, 2159364, 672286, 4759155)
(1927139, 2159364, 672286, 4758789)
(1926385, 2159364, 672286, 4758035)
(1926141, 2159364, 672286, 4757791)
(1925490, 2159364, 672286, 4757140)
(1924633, 2159364, 672286, 4756283)
(1924006, 2159364, 672286, 4755656)
(1923250, 2159364, 672286, 4754900)
(1922276, 2159364, 672286, 4753926)
(1921653, 2159364, 672286, 4753303)
(1921236, 2159364, 672286, 4752886)
(1920448, 2159364, 672286, 4752098)
(1919908, 2159364, 672286, 4751558)
(1919898, 2159364, 672286, 4751548)
(1919080, 2159364, 672286, 4750730)
(1918407, 2159364, 672286, 4750057)
(1917889, 2159364, 672286, 4749539)
(1917211, 2159364, 672286, 4748861)
(1916454, 2159364, 672286, 4748104)
(1916122, 2159364, 672286, 4747772)
(1915996, 2159364, 672286, 4747646)
(1915145, 2159364, 672286, 4746795)
(1914211, 2159364, 672286, 4745861)
(1913690, 2159364, 672286, 4745340)
(1913041, 2159364, 672286, 4744691)
(1912612, 2159364, 672286, 4744262)
(1912266, 2159364, 672286, 4743916)
(1912111, 2159364, 672286, 4743761)
(1911456, 2159364, 672286, 4743106)
(1911105, 2159364, 672286, 4742755)
(1910654, 2159364, 672286, 4742304)
(1910305, 2159364, 672286, 4741955)
(1909511, 2159364, 672286, 4741161)
(1909010, 2159364, 672286, 4740660)
(1908405, 2159364, 672286, 4740055)
(1908112, 2159364, 672286, 4739762)
(1907366, 2159364, 672286, 4739016)
(1906879, 2159364, 672286, 4738529)
(1906369, 2159364, 672286, 4738019)
(1906228, 2159364, 672286, 4737878)
(1905977, 2159364, 672286, 4737627)
(1905255, 2159364, 672286, 4736905)
(1904700, 2159364, 672286, 4736350)
(1903948, 2159364, 672286, 4735598)
(1903289, 2159364, 672286, 4734939)
(1902399, 2159364, 672286, 4734049)
(1901851, 2159364, 672286, 4733501)
(1901403, 2159364, 672286, 4733053)
(1900534, 2159364, 672286, 4732184)
(1899711, 2159364, 672286, 4731361)
(1899075, 2159364, 672286, 4730725)
(1898019, 2159364, 672286, 4729669)
(1897202, 2159364, 672286, 4728852)
(1896628, 2159364, 672286, 4728278)
(1896112, 2159364, 672286, 4727762)
(1895502, 2159364, 672286, 4727152)
(1895356, 2159364, 672286, 4727006)
(1894375, 2159364, 672286, 4726025)
(1894237, 2159364, 672286, 4725887)
(1894028, 2159364, 672286, 4725678)
(1893845, 2159364, 672286, 4725495)
(1893637, 2159364, 672286, 4725287)
(1892624, 2159364, 672286, 4724274)
(1892062, 2159364, 672286, 4723712)
(1891676, 2159364, 672286, 4723326)
(1891164, 2159364, 672286, 4722814)
(1890448, 2159364, 672286, 4722098)
(1889726, 2159364, 672286, 4721376)
(1888758, 2159364, 672286, 4720408)
(1888330, 2159364, 672286, 4719980)
(1887677, 2159364, 672286, 4719327)
(1887160, 2159364, 672286, 4718810)
(1886560, 2159364, 672286, 4718210)
(1886316, 2159364, 672286, 4717966)
(1885461, 2159364, 672286, 4717111)
(1884914, 2159364, 672286, 4716564)
(1884465, 2159364, 672286, 4716115)
(1884044, 2159364, 672286, 4715694)
(1883792, 2159364, 672286, 4715442)
(1883305, 2159364, 672286, 4714955)
(1882353, 2159364, 672286, 4714003)
(1881596, 2159364, 672286, 4713246)
(1880880, 2159364, 672286, 4712530)
(1880520, 2159364, 672286, 4712170)
(1880159, 2159364, 672286, 4711809)
(1879593, 2159364, 672286, 4711243)
(1879090, 2159364, 672286, 4710740)
(1878582, 2159364, 672286, 4710232)
(1878581, 2159364, 672286, 4710231)
(1878449, 2159364, 672286, 4710099)
(1877870, 2159364, 672286, 4709520)
(1877144, 2159364, 672286, 4708794)
(1876631, 2159364, 672286, 4708281)
(1876325, 2159364, 672286, 4707975)
(1875548, 2159364, 672286, 4707198)
(1874384, 2159364, 672286, 4706034)
(1873423, 2159364, 672286, 4705073)
(1873028, 2159364, 672286, 4704678)
(1872602, 2159364, 672286, 4704252)
(1872355, 2159364, 672286, 4704005)
(1872279, 2159364, 672286, 4703929)
(1872244, 2159364, 672286, 4703894)
(1871586, 2159364, 672286, 4703236)
(1871402, 2159364, 672286, 4703052)
(1870523, 2159364, 672286, 4702173)
(1870257, 2159364, 672286, 4701907)
(1870163, 2159364, 672286, 4701813)
(1869738, 2159364, 672286, 4701388)
(1869075, 2159364, 672286, 4700725)
(1868199, 2159364, 672286, 4699849)
(1867269, 2159364, 672286, 4698919)
(1867094, 2159364, 672286, 4698744)
(1866768, 2159364, 672286, 4698418)
(1866159, 2159364, 672286, 4697809)
(1865771, 2159364, 672286, 4697421)
(1865403, 2159364, 672286, 4697053)
(1864944, 2159364, 672286, 4696594)
(1864016, 2159364, 672286, 4695666)
(1863496, 2159364, 672286, 4695146)
(1862991, 2159364, 672286, 4694641)
(1862389, 2159364, 672286, 4694039)
(1861723, 2159364, 672286, 4693373)
(1860890, 2159364, 672286, 4692540)
(1860476, 2159364, 672286, 4692126)
(1859869, 2159364, 672286, 4691519)
(1859186, 2159364, 672286, 4690836)
(1858208, 2159364, 672286, 4689858)
(1857789, 2159364, 672286, 4689439)
(1857232, 2159364, 672286, 4688882)
(1856260, 2159364, 672286, 4687910)
(1855610, 2159364, 672286, 4687260)
(1855162, 2159364, 672286, 4686812)
(1854775, 2159364, 672286, 4686425)
(1854144, 2159364, 672286, 4685794)
(1853714, 2159364, 672286, 4685364)
(1853011, 2159364, 672286, 4684661)
(1852233, 2159364, 672286, 4683883)
(1852221, 2159364, 672286, 4683871)
(1852144, 2159364, 672286, 4683794)
(1851870, 2159364, 672286, 4683520)
(1851398, 2159364, 672286, 4683048)
(1850870, 2159364, 672286, 4682520)
(1850655, 2159364, 672286, 4682305)
(1850208, 2159364, 672286, 4681858)
(1849634, 2159364, 672286, 4681284)
(1849090, 2159364, 672286, 4680740)
(1847973, 2159364, 672286, 4679623)
(1847775, 2159364, 672286, 4679425)
(1846970, 2159364, 672286, 4678620)
(1846563, 2159364, 672286, 4678213)
(1846056, 2159364, 672286, 4677706)
(1845732, 2159364, 672286, 4677382)
(1845202, 2159364, 672286, 4676852)
(1844975, 2159364, 672286, 4676625)
