(3153927, 3209660, 688515, 7052102)
(3153465, 3209660, 688515, 7051640)
(3153300, 3209660, 688515, 7051475)
(3152430, 3209660, 688515, 7050605)
(3152325, 3209660, 688515, 7050500)
(3151279, 3209660, 688515, 7049454)
(3150944, 3209660, 688515, 7049119)
(3150315, 3209660, 688515, 7048490)
(3149412, 3209660, 688515, 7047587)
(3149095, 3209660, 688515, 7047270)
(3149015, 3209660, 688515, 7047190)
(3148584, 3209660, 688515, 7046759)
(3147779, 3209660, 688515, 7045954)
(3147213, 3209660, 688515, 7045388)
(3146592, 3209660, 688515, 7044767)
(3146181, 3209660, 688515, 7044356)
(3145495, 3209660, 688515, 7043670)
(3145468, 3209660, 688515, 7043643)
(3145231, 3209660, 688515, 7043406)
(3145173, 3209660, 688515, 7043348)
(3145046, 3209660, 688515, 7043221)
(3144769, 3209660, 688515, 7042944)
(3144275, 3209660, 688515, 7042450)
(3143942, 3209660, 688515, 7042117)
(3143910, 3209660, 688515, 7042085)
(3143686, 3209660, 688515, 7041861)
(3143535, 3209660, 688515, 7041710)
(3142985, 3209660, 688515, 7041160)
(3142815, 3209660, 688515, 7040990)
(3142211, 3209660, 688515, 7040386)
(3141551, 3209660, 688515, 7039726)
(3140540, 3209660, 688515, 7038715)
(3140479, 3209660, 688515, 7038654)
(3139647, 3209660, 688515, 7037822)
(3139035, 3209660, 688515, 7037210)
(3138260, 3209660, 688515, 7036435)
(3138076, 3209660, 688515, 7036251)
(3137618, 3209660, 688515, 7035793)
(3137066, 3209660, 688515, 7035241)
(3136770, 3209660, 688515, 7034945)
(3136263, 3209660, 688515, 7034438)
(3135993, 3209660, 688515, 7034168)
(3135372, 3209660, 688515, 7033547)
(3134888, 3209660, 688515, 7033063)
(3134571, 3209660, 688515, 7032746)
(3134048, 3209660, 688515, 7032223)
(3133437, 3209660, 688515, 7031612)
(3132878, 3209660, 688515, 7031053)
(3132553, 3209660, 688515, 7030728)
(3132451, 3209660, 688515, 7030626)
(3131927, 3209660, 688515, 7030102)
(3131322, 3209660, 688515, 7029497)
(3130772, 3209660, 688515, 7028947)
(3130232, 3209660, 688515, 7028407)
(3129592, 3209660, 688515, 7027767)
(3129150, 3209660, 688515, 7027325)
(3129064, 3209660, 688515, 7027239)
(3128189, 3209660, 688515, 7026364)
(3127800, 3209660, 688515, 7025975)
(3127463, 3209660, 688515, 7025638)
(3127043, 3209660, 688515, 7025218)
(3126253, 3209660, 688515, 7024428)
(3125215, 3209660, 688515, 7023390)
(3124507, 3209660, 688515, 7022682)
(3124109, 3209660, 688515, 7022284)
(3123963, 3209660, 688515, 7022138)
(3123027, 3209660, 688515, 7021202)
(3122268, 3209660, 688515, 7020443)
(3121581, 3209660, 688515, 7019756)
(3120546, 3209660, 688515, 7018721)
(3119838, 3209660, 688515, 7018013)
(3119247, 3209660, 688515, 7017422)
(3118582, 3209660, 688515, 7016757)
(3118087, 3209660, 688515, 7016262)
(3117270, 3209660, 688515, 7015445)
(3116535, 3209660, 688515, 7014710)
(3115778, 3209660, 688515, 7013953)
(3114914, 3209660, 688515, 7013089)
(3114736, 3209660, 688515, 7012911)
(3114552, 3209660, 688515, 7012727)
(3113577, 3209660, 688515, 7011752)
(3113168, 3209660, 688515, 7011343)
(3113044, 3209660, 688515, 7011219)
(3112244, 3209660, 688515, 7010419)
(3111878, 3209660, 688515, 7010053)
(3111223, 3209660, 688515, 7009398)
(3110491, 3209660, 688515, 7008666)
(3110382, 3209660, 688515, 7008557)
(3109793, 3209660, 688515, 7007968)
(3109604, 3209660, 688515, 7007779)
(3109189, 3209660, 688515, 7007364)
(3109005, 3209660, 688515, 7007180)
(3108831, 3209660, 688515, 7007006)
(3108725, 3209660, 688515, 7006900)
(3108440, 3209660, 688515, 7006615)
(3107992, 3209660, 688515, 7006167)
(3107862, 3209660, 688515, 7006037)
(3107239, 3209660, 688515, 7005414)
(3107202, 3209660, 688515, 7005377)
(3106465, 3209660, 688515, 7004640)
(3105698, 3209660, 688515, 7003873)
(3105134, 3209660, 688515, 7003309)
(3104091, 3209660, 688515, 7002266)
(3103681, 3209660, 688515, 7001856)
(3103118, 3209660, 688515, 7001293)
(3102674, 3209660, 688515, 7000849)
(3102194, 3209660, 688515, 7000369)
(3101638, 3209660, 688515, 6999813)
(3101179, 3209660, 688515, 6999354)
(3100703, 3209660, 688515, 6998878)
(3100292, 3209660, 688515, 6998467)
(3099782, 3209660, 688515, 6997957)
(3099734, 3209660, 688515, 6997909)
(3098953, 3209660, 688515, 6997128)
(3098311, 3209660, 688515, 6996486)
(3097905, 3209660, 688515, 6996080)
(3097356, 3209660, 688515, 6995531)
(3096945, 3209660, 688515, 6995120)
(3096786, 3209660, 688515, 6994961)
(3095896, 3209660, 688515, 6994071)
(3095701, 3209660, 688515, 6993876)
(3095014, 3209660, 688515, 6993189)
(3094630, 3209660, 688515, 6992805)
(3094060, 3209660, 688515, 6992235)
(3093393, 3209660, 688515, 6991568)
(3092934, 3209660, 688515, 6991109)
(3092307, 3209660, 688515, 6990482)
(3091647, 3209660, 688515, 6989822)
(3090799, 3209660, 688515, 6988974)
(3090420, 3209660, 688515, 6988595)
(3089644, 3209660, 688515, 6987819)
(3089396, 3209660, 688515, 6987571)
(3088821, 3209660, 688515, 6986996)
(3088399, 3209660, 688515, 6986574)
(3087994, 3209660, 688515, 6986169)
(3087598, 3209660, 688515, 6985773)
(3087025, 3209660, 688515, 6985200)
(3086394, 3209660, 688515, 6984569)
(3085732, 3209660, 688515, 6983907)
(3085297, 3209660, 688515, 6983472)
(3084590, 3209660, 688515, 6982765)
(3084292, 3209660, 688515, 6982467)
(3084082, 3209660, 688515, 6982257)
(3083487, 3209660, 688515, 6981662)
(3083125, 3209660, 688515, 6981300)
(3082718, 3209660, 688515, 6980893)
(3081979, 3209660, 688515, 6980154)
(3081655, 3209660, 688515, 6979830)
(3080698, 3209660, 688515, 6978873)
(3080283, 3209660, 688515, 6978458)
(3079681, 3209660, 688515, 6977856)
(3079243, 3209660, 688515, 6977418)
(3078537, 3209660, 688515, 6976712)
(3078446, 3209660, 688515, 6976621)
(3077881, 3209660, 688515, 6976056)
(3077321, 3209660, 688515, 6975496)
(3076775, 3209660, 688515, 6974950)
(3075951, 3209660, 688515, 6974126)
(3075626, 3209660, 688515, 6973801)
(3075263, 3209660, 688515, 6973438)
(3074600, 3209660, 688515, 6972775)
(3073962, 3209660, 688515, 6972137)
(3073815, 3209660, 688515, 6971990)
(3073629, 3209660, 688515, 6971804)
(3073434, 3209660, 688515, 6971609)
(3073084, 3209660, 688515, 6971259)
(3072634, 3209660, 688515, 6970809)
(3072157, 3209660, 688515, 6970332)
(3071894, 3209660, 688515, 6970069)
(3071275, 3209660, 688515, 6969450)
(3070945, 3209660, 688515, 6969120)
(3070338, 3209660, 688515, 6968513)
(3069579, 3209660, 688515, 6967754)
(3069414, 3209660, 688515, 6967589)
(3068699, 3209660, 688515, 6966874)
(3068113, 3209660, 688515, 6966288)
(3067520, 3209660, 688515, 6965695)
(3067007, 3209660, 688515, 6965182)
(3066617, 3209660, 688515, 6964792)
(3066236, 3209660, 688515, 6964411)
(3065297, 3209660, 688515, 6963472)
(3064689, 3209660, 688515, 6962864)
(3064495, 3209660, 688515, 6962670)
(3064253, 3209660, 688515, 6962428)
(3063602, 3209660, 688515, 6961777)
(3063150, 3209660, 688515, 6961325)
(3062977, 3209660, 688515, 6961152)
(3062577, 3209660, 688515, 6960752)
(3062377, 3209660, 688515, 6960552)
(3061657, 3209660, 688515, 6959832)
(3060953, 3209660, 688515, 6959128)
(3059970, 3209660, 688515, 6958145)
(3059090, 3209660, 688515, 6957265)
(3058266, 3209660, 688515, 6956441)
(3057613, 3209660, 688515, 6955788)
(3057166, 3209660, 688515, 6955341)
(3056914, 3209660, 688515, 6955089)
(3056283, 3209660, 688515, 6954458)
(3055849, 3209660, 688515, 6954024)
(3055431, 3209660, 688515, 6953606)
(3054669, 3209660, 688515, 6952844)
(3054404, 3209660, 688515, 6952579)
(3053633, 3209660, 688515, 6951808)
(3052548, 3209660, 688515, 6950723)
(3051953, 3209660, 688515, 6950128)
(3051254, 3209660, 688515, 6949429)
(3050533, 3209660, 688515, 6948708)
(3050320, 3209660, 688515, 6948495)
(3049801, 3209660, 688515, 6947976)
(3049490, 3209660, 688515, 6947665)
(3049019, 3209660, 688515, 6947194)
(3048829, 3209660, 688515, 6947004)
(3047720, 3209660, 688515, 6945895)
(3046708, 3209660, 688515, 6944883)
(3045902, 3209660, 688515, 6944077)
(3045798, 3209660, 688515, 6943973)
(3045391, 3209660, 688515, 6943566)
(3044920, 3209660, 688515, 6943095)
(3044264, 3209660, 688515, 6942439)
(3043768, 3209660, 688515, 6941943)
(3043128, 3209660, 688515, 6941303)
(3042365, 3209660, 688515, 6940540)
(3042060, 3209660, 688515, 6940235)
(3041523, 3209660, 688515, 6939698)
(3040652, 3209660, 688515, 6938827)
(3039944, 3209660, 688515, 6938119)
(3039382, 3209660, 688515, 6937557)
(3038694, 3209660, 688515, 6936869)
(3038283, 3209660, 688515, 6936458)
(3037904, 3209660, 688515, 6936079)
(3037737, 3209660, 688515, 6935912)
(3037463, 3209660, 688515, 6935638)
(3037034, 3209660, 688515, 6935209)
(3036743, 3209660, 688515, 6934918)
(3036127, 3209660, 688515, 6934302)
(3035468, 3209660, 688515, 6933643)
(3035411, 3209660, 688515, 6933586)
(3034830, 3209660, 688515, 6933005)
(3034239, 3209660, 688515, 6932414)
(3033848, 3209660, 688515, 6932023)
(3033238, 3209660, 688515, 6931413)
(3032640, 3209660, 688515, 6930815)
(3031917, 3209660, 688515, 6930092)
(3031120, 3209660, 688515, 6929295)
(3030530, 3209660, 688515, 6928705)
(3030529, 3209660, 688515, 6928704)
(3030153, 3209660, 688515, 6928328)
(3029485, 3209660, 688515, 6927660)
(3028567, 3209660, 688515, 6926742)
(3027683, 3209660, 688515, 6925858)
(3027053, 3209660, 688515, 6925228)
(3026257, 3209660, 688515, 6924432)
(3025782, 3209660, 688515, 6923957)
(3025745, 3209660, 688515, 6923920)
(3024897, 3209660, 688515, 6923072)
(3024191, 3209660, 688515, 6922366)
(3023904, 3209660, 688515, 6922079)
(3023439, 3209660, 688515, 6921614)
(3022721, 3209660, 688515, 6920896)
(3022172, 3209660, 688515, 6920347)
(3022067, 3209660, 688515, 6920242)
(3021159, 3209660, 688515, 6919334)
(3020931, 3209660, 688515, 6919106)
(3020560, 3209660, 688515, 6918735)
(3020017, 3209660, 688515, 6918192)
(3019873, 3209660, 688515, 6918048)
(3018897, 3209660, 688515, 6917072)
(3018361, 3209660, 688515, 6916536)
(3018264, 3209660, 688515, 6916439)
(3017902, 3209660, 688515, 6916077)
(3017235, 3209660, 688515, 6915410)
(3016383, 3209660, 688515, 6914558)
(3015757, 3209660, 688515, 6913932)
(3014933, 3209660, 688515, 6913108)
(3014499, 3209660, 688515, 6912674)
(3014139, 3209660, 688515, 6912314)
(3013264, 3209660, 688515, 6911439)
(3012460, 3209660, 688515, 6910635)
(3011849, 3209660, 688515, 6910024)
(3011467, 3209660, 688515, 6909642)
(3010976, 3209660, 688515, 6909151)
(3010668, 3209660, 688515, 6908843)
(3010540, 3209660, 688515, 6908715)
(3010061, 3209660, 688515, 6908236)
(3009341, 3209660, 688515, 6907516)
(3008998, 3209660, 688515, 6907173)
(3008606, 3209660, 688515, 6906781)
(3008269, 3209660, 688515, 6906444)
(3008140, 3209660, 688515, 6906315)
(3007978, 3209660, 688515, 6906153)
(3007785, 3209660, 688515, 6905960)
(3007041, 3209660, 688515, 6905216)
(3006921, 3209660, 688515, 6905096)
(3006201, 3209660, 688515, 6904376)
(3005740, 3209660, 688515, 6903915)
(3005059, 3209660, 688515, 6903234)
(3004700, 3209660, 688515, 6902875)
(3004261, 3209660, 688515, 6902436)
(3003560, 3209660, 688515, 6901735)
(3002918, 3209660, 688515, 6901093)
(3002045, 3209660, 688515, 6900220)
(3001571, 3209660, 688515, 6899746)
(3001034, 3209660, 688515, 6899209)
(3000422, 3209660, 688515, 6898597)
(2999923, 3209660, 688515, 6898098)
(2999703, 3209660, 688515, 6897878)
(2998963, 3209660, 688515, 6897138)
(2998625, 3209660, 688515, 6896800)
(2997444, 3209660, 688515, 6895619)
(2997055, 3209660, 688515, 6895230)
(2996419, 3209660, 688515, 6894594)
(2995670, 3209660, 688515, 6893845)
(2995047, 3209660, 688515, 6893222)
(2994638, 3209660, 688515, 6892813)
(2994491, 3209660, 688515, 6892666)
(2994231, 3209660, 688515, 6892406)
(2993526, 3209660, 688515, 6891701)
(2992788, 3209660, 688515, 6890963)
(2992195, 3209660, 688515, 6890370)
(2992092, 3209660, 688515, 6890267)
(2991591, 3209660, 688515, 6889766)
(2990919, 3209660, 688515, 6889094)
(2990360, 3209660, 688515, 6888535)
(2990154, 3209660, 688515, 6888329)
(2989469, 3209660, 688515, 6887644)
(2989252, 3209660, 688515, 6887427)
(2989182, 3209660, 688515, 6887357)
(2988969, 3209660, 688515, 6887144)
(2988613, 3209660, 688515, 6886788)
(2988355, 3209660, 688515, 6886530)
(2988129, 3209660, 688515, 6886304)
(2987525, 3209660, 688515, 6885700)
(2987263, 3209660, 688515, 6885438)
(2986348, 3209660, 688515, 6884523)
(2985881, 3209660, 688515, 6884056)
(2985163, 3209660, 688515, 6883338)
(2984908, 3209660, 688515, 6883083)
(2984032, 3209660, 688515, 6882207)
(2983352, 3209660, 688515, 6881527)
(2982841, 3209660, 688515, 6881016)
(2982533, 3209660, 688515, 6880708)
(2982183, 3209660, 688515, 6880358)
(2981426, 3209660, 688515, 6879601)
(2980606, 3209660, 688515, 6878781)
(2980365, 3209660, 688515, 6878540)
(2979598, 3209660, 688515, 6877773)
(2978972, 3209660, 688515, 6877147)
(2978821, 3209660, 688515, 6876996)
(2978674, 3209660, 688515, 6876849)
(2978003, 3209660, 688515, 6876178)
(2977313, 3209660, 688515, 6875488)
(2976845, 3209660, 688515, 6875020)
(2976289, 3209660, 688515, 6874464)
(2975629, 3209660, 688515, 6873804)
(2975051, 3209660, 688515, 6873226)
(2974495, 3209660, 688515, 6872670)
(2973390, 3209660, 688515, 6871565)
(2972927, 3209660, 688515, 6871102)
(2971959, 3209660, 688515, 6870134)
(2971811, 3209660, 688515, 6869986)
(2971622, 3209660, 688515, 6869797)
(2970905, 3209660, 688515, 6869080)
(2970563, 3209660, 688515, 6868738)
(2970225, 3209660, 688515, 6868400)
(2969918, 3209660, 688515, 6868093)
(2969592, 3209660, 688515, 6867767)
(2969443, 3209660, 688515, 6867618)
(2969267, 3209660, 688515, 6867442)
(2968221, 3209660, 688515, 6866396)
(2967894, 3209660, 688515, 6866069)
(2967388, 3209660, 688515, 6865563)
(2967134, 3209660, 688515, 6865309)
(2966831, 3209660, 688515, 6865006)
(2966475, 3209660, 688515, 6864650)
(2965957, 3209660, 688515, 6864132)
(2965252, 3209660, 688515, 6863427)
(2965098, 3209660, 688515, 6863273)
(2964445, 3209660, 688515, 6862620)
(2963760, 3209660, 688515, 6861935)
(2962708, 3209660, 688515, 6860883)
(2961959, 3209660, 688515, 6860134)
(2961460, 3209660, 688515, 6859635)
(2960816, 3209660, 688515, 6858991)
(2960714, 3209660, 688515, 6858889)
(2959734, 3209660, 688515, 6857909)
(2959103, 3209660, 688515, 6857278)
(2958493, 3209660, 688515, 6856668)
(2958469, 3209660, 688515, 6856644)
(2957678, 3209660, 688515, 6855853)
(2957370, 3209660, 688515, 6855545)
(2956183, 3209660, 688515, 6854358)
(2955690, 3209660, 688515, 6853865)
(2955178, 3209660, 688515, 6853353)
(2954616, 3209660, 688515, 6852791)
(2954151, 3209660, 688515, 6852326)
(2953657, 3209660, 688515, 6851832)
(2953362, 3209660, 688515, 6851537)
(2952861, 3209660, 688515, 6851036)
(2952204, 3209660, 688515, 6850379)
(2951766, 3209660, 688515, 6849941)
(2951496, 3209660, 688515, 6849671)
(2951060, 3209660, 688515, 6849235)
(2950560, 3209660, 688515, 6848735)
(2949721, 3209660, 688515, 6847896)
(2948806, 3209660, 688515, 6846981)
(2948382, 3209660, 688515, 6846557)
(2947586, 3209660, 688515, 6845761)
(2946946, 3209660, 688515, 6845121)
(2946246, 3209660, 688515, 6844421)
(2945861, 3209660, 688515, 6844036)
(2945197, 3209660, 688515, 6843372)
(2944313, 3209660, 688515, 6842488)
(2943902, 3209660, 688515, 6842077)
(2943519, 3209660, 688515, 6841694)
(2943368, 3209660, 688515, 6841543)
(2942575, 3209660, 688515, 6840750)
(2941831, 3209660, 688515, 6840006)
(2941348, 3209660, 688515, 6839523)
(2940426, 3209660, 688515, 6838601)
(2939763, 3209660, 688515, 6837938)
(2938741, 3209660, 688515, 6836916)
(2937759, 3209660, 688515, 6835934)
(2937484, 3209660, 688515, 6835659)
(2936851, 3209660, 688515, 6835026)
(2936282, 3209660, 688515, 6834457)
(2935701, 3209660, 688515, 6833876)
(2934896, 3209660, 688515, 6833071)
(2934692, 3209660, 688515, 6832867)
(2934094, 3209660, 688515, 6832269)
(2933664, 3209660, 688515, 6831839)
(2933254, 3209660, 688515, 6831429)
(2932486, 3209660, 688515, 6830661)
(2931474, 3209660, 688515, 6829649)
(2931008, 3209660, 688515, 6829183)
(2930261, 3209660, 688515, 6828436)
(2929537, 3209660, 688515, 6827712)
(2929255, 3209660, 688515, 6827430)
(2928895, 3209660, 688515, 6827070)
(2928677, 3209660, 688515, 6826852)
(2928213, 3209660, 688515, 6826388)
(2927733, 3209660, 688515, 6825908)
(2927167, 3209660, 688515, 6825342)
(2926973, 3209660, 688515, 6825148)
(2926687, 3209660, 688515, 6824862)
(2926225, 3209660, 688515, 6824400)
(2925868, 3209660, 688515, 6824043)
(2925402, 3209660, 688515, 6823577)
(2925401, 3209660, 688515, 6823576)
(2924512, 3209660, 688515, 6822687)
(2924134, 3209660, 688515, 6822309)
(2923899, 3209660, 688515, 6822074)
(2923260, 3209660, 688515, 6821435)
(2922249, 3209660, 688515, 6820424)
(2921953, 3209660, 688515, 6820128)
(2921357, 3209660, 688515, 6819532)
(2920921, 3209660, 688515, 6819096)
(2920056, 3209660, 688515, 6818231)
(2919094, 3209660, 688515, 6817269)
(2918537, 3209660, 688515, 6816712)
(2918168, 3209660, 688515, 6816343)
(2918056, 3209660, 688515, 6816231)
(2917322, 3209660, 688515, 6815497)
(2917134, 3209660, 688515, 6815309)
(2916554, 3209660, 688515, 6814729)
(2916337, 3209660, 688515, 6814512)
(2916200, 3209660, 688515, 6814375)
(2915746, 3209660, 688515, 6813921)
(2914957, 3209660, 688515, 6813132)
(2914288, 3209660, 688515, 6812463)
(2913562, 3209660, 688515, 6811737)
(2913042, 3209660, 688515, 6811217)
(2912742, 3209660, 688515, 6810917)
(2912094, 3209660, 688515, 6810269)
(2911753, 3209660, 688515, 6809928)
(2910991, 3209660, 688515, 6809166)
(2910599, 3209660, 688515, 6808774)
(2910360, 3209660, 688515, 6808535)
(2909373, 3209660, 688515, 6807548)
(2909165, 3209660, 688515, 6807340)
(2908565, 3209660, 688515, 6806740)
(2908139, 3209660, 688515, 6806314)
(2907659, 3209660, 688515, 6805834)
(2907647, 3209660, 688515, 6805822)
(2906755, 3209660, 688515, 6804930)
(2906639, 3209660, 688515, 6804814)
(2905699, 3209660, 688515, 6803874)
(2905674, 3209660, 688515, 6803849)
(2905427, 3209660, 688515, 6803602)
(2904856, 3209660, 688515, 6803031)
(2903798, 3209660, 688515, 6801973)
(2903101, 3209660, 688515, 6801276)
(2902469, 3209660, 688515, 6800644)
(2901534, 3209660, 688515, 6799709)
(2900901, 3209660, 688515, 6799076)
(2900697, 3209660, 688515, 6798872)
(2899663, 3209660, 688515, 6797838)
(2899183, 3209660, 688515, 6797358)
(2898193, 3209660, 688515, 6796368)
(2897944, 3209660, 688515, 6796119)
(2897876, 3209660, 688515, 6796051)
(2897376, 3209660, 688515, 6795551)
(2897089, 3209660, 688515, 6795264)
(2896620, 3209660, 688515, 6794795)
(2896138, 3209660, 688515, 6794313)
(2895296, 3209660, 688515, 6793471)
(2894613, 3209660, 688515, 6792788)
(2894070, 3209660, 688515, 6792245)
(2893543, 3209660, 688515, 6791718)
(2892780, 3209660, 688515, 6790955)
(2892665, 3209660, 688515, 6790840)
(2891680, 3209660, 688515, 6789855)
(2890797, 3209660, 688515, 6788972)
(2890192, 3209660, 688515, 6788367)
(2889716, 3209660, 688515, 6787891)
(2888927, 3209660, 688515, 6787102)
(2888333, 3209660, 688515, 6786508)
(2887320, 3209660, 688515, 6785495)
(2886929, 3209660, 688515, 6785104)
(2886098, 3209660, 688515, 6784273)
(2885281, 3209660, 688515, 6783456)
(2884716, 3209660, 688515, 6782891)
(2884449, 3209660, 688515, 6782624)
(2884146, 3209660, 688515, 6782321)
(2883779, 3209660, 688515, 6781954)
(2883450, 3209660, 688515, 6781625)
(2882866, 3209660, 688515, 6781041)
(2882466, 3209660, 688515, 6780641)
(2882015, 3209660, 688515, 6780190)
(2881636, 3209660, 688515, 6779811)
(2881309, 3209660, 688515, 6779484)
(2880764, 3209660, 688515, 6778939)
(2879938, 3209660, 688515, 6778113)
(2879712, 3209660, 688515, 6777887)
(2879272, 3209660, 688515, 6777447)
(2878677, 3209660, 688515, 6776852)
(2878146, 3209660, 688515, 6776321)
(2877651, 3209660, 688515, 6775826)
(2876804, 3209660, 688515, 6774979)
(2876653, 3209660, 688515, 6774828)
(2875791, 3209660, 688515, 6773966)
(2874745, 3209660, 688515, 6772920)
(2873834, 3209660, 688515, 6772009)
(2873334, 3209660, 688515, 6771509)
(2872900, 3209660, 688515, 6771075)
(2872435, 3209660, 688515, 6770610)
(2871425, 3209660, 688515, 6769600)
(2871106, 3209660, 688515, 6769281)
