(3969891, 3958172, 985377, 8913440)
(3969149, 3958172, 985377, 8912698)
(3968754, 3958172, 985377, 8912303)
(3968430, 3958172, 985377, 8911979)
(3967883, 3958172, 985377, 8911432)
(3967771, 3958172, 985377, 8911320)
(3967174, 3958172, 985377, 8910723)
(3966633, 3958172, 985377, 8910182)
(3966533, 3958172, 985377, 8910082)
(3966387, 3958172, 985377, 8909936)
(3965537, 3958172, 985377, 8909086)
(3964978, 3958172, 985377, 8908527)
(3964413, 3958172, 985377, 8907962)
(3963988, 3958172, 985377, 8907537)
(3963310, 3958172, 985377, 8906859)
(3963177, 3958172, 985377, 8906726)
(3962762, 3958172, 985377, 8906311)
(3962243, 3958172, 985377, 8905792)
(3961670, 3958172, 985377, 8905219)
(3961480, 3958172, 985377, 8905029)
(3961096, 3958172, 985377, 8904645)
(3960716, 3958172, 985377, 8904265)
(3960074, 3958172, 985377, 8903623)
(3959244, 3958172, 985377, 8902793)
(3958628, 3958172, 985377, 8902177)
(3957848, 3958172, 985377, 8901397)
(3957338, 3958172, 985377, 8900887)
(3956571, 3958172, 985377, 8900120)
(3956226, 3958172, 985377, 8899775)
(3954998, 3958172, 985377, 8898547)
(3954121, 3958172, 985377, 8897670)
(3954057, 3958172, 985377, 8897606)
(3953709, 3958172, 985377, 8897258)
(3952921, 3958172, 985377, 8896470)
(3952495, 3958172, 985377, 8896044)
(3952137, 3958172, 985377, 8895686)
(3951535, 3958172, 985377, 8895084)
(3951447, 3958172, 985377, 8894996)
(3950710, 3958172, 985377, 8894259)
(3949975, 3958172, 985377, 8893524)
(3949428, 3958172, 985377, 8892977)
(3948579, 3958172, 985377, 8892128)
(3948269, 3958172, 985377, 8891818)
(3947975, 3958172, 985377, 8891524)
(3947725, 3958172, 985377, 8891274)
(3946923, 3958172, 985377, 8890472)
(3945945, 3958172, 985377, 8889494)
(3945129, 3958172, 985377, 8888678)
(3944883, 3958172, 985377, 8888432)
(3944623, 3958172, 985377, 8888172)
(3943937, 3958172, 985377, 8887486)
(3943766, 3958172, 985377, 8887315)
(3943295, 3958172, 985377, 8886844)
(3942764, 3958172, 985377, 8886313)
(3941910, 3958172, 985377, 8885459)
(3941507, 3958172, 985377, 8885056)
(3940939, 3958172, 985377, 8884488)
(3939865, 3958172, 985377, 8883414)
(3938922, 3958172, 985377, 8882471)
(3938222, 3958172, 985377, 8881771)
(3937439, 3958172, 985377, 8880988)
(3937207, 3958172, 985377, 8880756)
(3936502, 3958172, 985377, 8880051)
(3936231, 3958172, 985377, 8879780)
(3935989, 3958172, 985377, 8879538)
(3935553, 3958172, 985377, 8879102)
(3934850, 3958172, 985377, 8878399)
(3934467, 3958172, 985377, 8878016)
(3933712, 3958172, 985377, 8877261)
(3932762, 3958172, 985377, 8876311)
(3932012, 3958172, 985377, 8875561)
(3931473, 3958172, 985377, 8875022)
(3930968, 3958172, 985377, 8874517)
(3930427, 3958172, 985377, 8873976)
(3929565, 3958172, 985377, 8873114)
(3928484, 3958172, 985377, 8872033)
(3928036, 3958172, 985377, 8871585)
(3927897, 3958172, 985377, 8871446)
(3927004, 3958172, 985377, 8870553)
(3926008, 3958172, 985377, 8869557)
(3925442, 3958172, 985377, 8868991)
(3925043, 3958172, 985377, 8868592)
(3924150, 3958172, 985377, 8867699)
(3923835, 3958172, 985377, 8867384)
(3923292, 3958172, 985377, 8866841)
(3922602, 3958172, 985377, 8866151)
(3921968, 3958172, 985377, 8865517)
(3921218, 3958172, 985377, 8864767)
(3920511, 3958172, 985377, 8864060)
(3919658, 3958172, 985377, 8863207)
(3919259, 3958172, 985377, 8862808)
(3918431, 3958172, 985377, 8861980)
(3917919, 3958172, 985377, 8861468)
(3916871, 3958172, 985377, 8860420)
(3916010, 3958172, 985377, 8859559)
(3915895, 3958172, 985377, 8859444)
(3915213, 3958172, 985377, 8858762)
(3914740, 3958172, 985377, 8858289)
(3914331, 3958172, 985377, 8857880)
(3914025, 3958172, 985377, 8857574)
(3913131, 3958172, 985377, 8856680)
(3912296, 3958172, 985377, 8855845)
(3912005, 3958172, 985377, 8855554)
(3911838, 3958172, 985377, 8855387)
(3911371, 3958172, 985377, 8854920)
(3910732, 3958172, 985377, 8854281)
(3910244, 3958172, 985377, 8853793)
(3909603, 3958172, 985377, 8853152)
(3908820, 3958172, 985377, 8852369)
(3908721, 3958172, 985377, 8852270)
(3908511, 3958172, 985377, 8852060)
(3908136, 3958172, 985377, 8851685)
(3907899, 3958172, 985377, 8851448)
(3907086, 3958172, 985377, 8850635)
(3906739, 3958172, 985377, 8850288)
(3906287, 3958172, 985377, 8849836)
(3905505, 3958172, 985377, 8849054)
(3904912, 3958172, 985377, 8848461)
(3904030, 3958172, 985377, 8847579)
(3903606, 3958172, 985377, 8847155)
(3903237, 3958172, 985377, 8846786)
(3902974, 3958172, 985377, 8846523)
(3902698, 3958172, 985377, 8846247)
(3902034, 3958172, 985377, 8845583)
(3901107, 3958172, 985377, 8844656)
(3900336, 3958172, 985377, 8843885)
(3899936, 3958172, 985377, 8843485)
(3899258, 3958172, 985377, 8842807)
(3898697, 3958172, 985377, 8842246)
(3898072, 3958172, 985377, 8841621)
(3897675, 3958172, 985377, 8841224)
(3897201, 3958172, 985377, 8840750)
(3896347, 3958172, 985377, 8839896)
(3895838, 3958172, 985377, 8839387)
(3895347, 3958172, 985377, 8838896)
(3895291, 3958172, 985377, 8838840)
(3894344, 3958172, 985377, 8837893)
(3893935, 3958172, 985377, 8837484)
(3893679, 3958172, 985377, 8837228)
(3893416, 3958172, 985377, 8836965)
(3892438, 3958172, 985377, 8835987)
(3891739, 3958172, 985377, 8835288)
(3890888, 3958172, 985377, 8834437)
(3890251, 3958172, 985377, 8833800)
(3889211, 3958172, 985377, 8832760)
(3888693, 3958172, 985377, 8832242)
(3887960, 3958172, 985377, 8831509)
(3887481, 3958172, 985377, 8831030)
(3886841, 3958172, 985377, 8830390)
(3886391, 3958172, 985377, 8829940)
(3885956, 3958172, 985377, 8829505)
(3885209, 3958172, 985377, 8828758)
(3884479, 3958172, 985377, 8828028)
(3884056, 3958172, 985377, 8827605)
(3883747, 3958172, 985377, 8827296)
(3883003, 3958172, 985377, 8826552)
(3882365, 3958172, 985377, 8825914)
(3881994, 3958172, 985377, 8825543)
(3881583, 3958172, 985377, 8825132)
(3881474, 3958172, 985377, 8825023)
(3880930, 3958172, 985377, 8824479)
(3880405, 3958172, 985377, 8823954)
(3880267, 3958172, 985377, 8823816)
(3879332, 3958172, 985377, 8822881)
(3878657, 3958172, 985377, 8822206)
(3877792, 3958172, 985377, 8821341)
(3877020, 3958172, 985377, 8820569)
(3876264, 3958172, 985377, 8819813)
(3875677, 3958172, 985377, 8819226)
(3875178, 3958172, 985377, 8818727)
(3874501, 3958172, 985377, 8818050)
(3874050, 3958172, 985377, 8817599)
(3873804, 3958172, 985377, 8817353)
(3873215, 3958172, 985377, 8816764)
(3872521, 3958172, 985377, 8816070)
(3872107, 3958172, 985377, 8815656)
(3872012, 3958172, 985377, 8815561)
(3871453, 3958172, 985377, 8815002)
(3871242, 3958172, 985377, 8814791)
(3870891, 3958172, 985377, 8814440)
(3870213, 3958172, 985377, 8813762)
(3869522, 3958172, 985377, 8813071)
(3869164, 3958172, 985377, 8812713)
(3868710, 3958172, 985377, 8812259)
(3868416, 3958172, 985377, 8811965)
(3867860, 3958172, 985377, 8811409)
(3867277, 3958172, 985377, 8810826)
(3866871, 3958172, 985377, 8810420)
(3866227, 3958172, 985377, 8809776)
(3865916, 3958172, 985377, 8809465)
(3865676, 3958172, 985377, 8809225)
(3865262, 3958172, 985377, 8808811)
(3865136, 3958172, 985377, 8808685)
(3864833, 3958172, 985377, 8808382)
(3863753, 3958172, 985377, 8807302)
(3862998, 3958172, 985377, 8806547)
(3862298, 3958172, 985377, 8805847)
(3861440, 3958172, 985377, 8804989)
(3860821, 3958172, 985377, 8804370)
(3859825, 3958172, 985377, 8803374)
(3859498, 3958172, 985377, 8803047)
(3858631, 3958172, 985377, 8802180)
(3858070, 3958172, 985377, 8801619)
(3857569, 3958172, 985377, 8801118)
(3856608, 3958172, 985377, 8800157)
(3856339, 3958172, 985377, 8799888)
(3855743, 3958172, 985377, 8799292)
(3855415, 3958172, 985377, 8798964)
(3855006, 3958172, 985377, 8798555)
(3854794, 3958172, 985377, 8798343)
(3854315, 3958172, 985377, 8797864)
(3853941, 3958172, 985377, 8797490)
(3853514, 3958172, 985377, 8797063)
(3853314, 3958172, 985377, 8796863)
(3852476, 3958172, 985377, 8796025)
(3852240, 3958172, 985377, 8795789)
(3851711, 3958172, 985377, 8795260)
(3851270, 3958172, 985377, 8794819)
(3850833, 3958172, 985377, 8794382)
(3849782, 3958172, 985377, 8793331)
(3848864, 3958172, 985377, 8792413)
(3848296, 3958172, 985377, 8791845)
(3847389, 3958172, 985377, 8790938)
(3847204, 3958172, 985377, 8790753)
(3846388, 3958172, 985377, 8789937)
(3846131, 3958172, 985377, 8789680)
(3845591, 3958172, 985377, 8789140)
(3845236, 3958172, 985377, 8788785)
(3844575, 3958172, 985377, 8788124)
(3844219, 3958172, 985377, 8787768)
(3843705, 3958172, 985377, 8787254)
(3842795, 3958172, 985377, 8786344)
(3842290, 3958172, 985377, 8785839)
(3842046, 3958172, 985377, 8785595)
(3841508, 3958172, 985377, 8785057)
(3841155, 3958172, 985377, 8784704)
(3841109, 3958172, 985377, 8784658)
(3840175, 3958172, 985377, 8783724)
(3839493, 3958172, 985377, 8783042)
(3838976, 3958172, 985377, 8782525)
(3837979, 3958172, 985377, 8781528)
(3836977, 3958172, 985377, 8780526)
(3836368, 3958172, 985377, 8779917)
(3835990, 3958172, 985377, 8779539)
(3835781, 3958172, 985377, 8779330)
(3835531, 3958172, 985377, 8779080)
(3835046, 3958172, 985377, 8778595)
(3834915, 3958172, 985377, 8778464)
(3834428, 3958172, 985377, 8777977)
(3833707, 3958172, 985377, 8777256)
(3833118, 3958172, 985377, 8776667)
(3832325, 3958172, 985377, 8775874)
(3831354, 3958172, 985377, 8774903)
(3831170, 3958172, 985377, 8774719)
(3831012, 3958172, 985377, 8774561)
(3830618, 3958172, 985377, 8774167)
(3830227, 3958172, 985377, 8773776)
(3829854, 3958172, 985377, 8773403)
(3829796, 3958172, 985377, 8773345)
(3829578, 3958172, 985377, 8773127)
(3829120, 3958172, 985377, 8772669)
(3827961, 3958172, 985377, 8771510)
(3827689, 3958172, 985377, 8771238)
(3827171, 3958172, 985377, 8770720)
(3826285, 3958172, 985377, 8769834)
(3825775, 3958172, 985377, 8769324)
(3824926, 3958172, 985377, 8768475)
(3824633, 3958172, 985377, 8768182)
(3824179, 3958172, 985377, 8767728)
(3823452, 3958172, 985377, 8767001)
(3822621, 3958172, 985377, 8766170)
(3822031, 3958172, 985377, 8765580)
(3821239, 3958172, 985377, 8764788)
(3820804, 3958172, 985377, 8764353)
(3820537, 3958172, 985377, 8764086)
(3819767, 3958172, 985377, 8763316)
(3819494, 3958172, 985377, 8763043)
(3818922, 3958172, 985377, 8762471)
(3818761, 3958172, 985377, 8762310)
(3818424, 3958172, 985377, 8761973)
(3818239, 3958172, 985377, 8761788)
(3817503, 3958172, 985377, 8761052)
(3816792, 3958172, 985377, 8760341)
(3816023, 3958172, 985377, 8759572)
(3815534, 3958172, 985377, 8759083)
(3815160, 3958172, 985377, 8758709)
(3814791, 3958172, 985377, 8758340)
(3814394, 3958172, 985377, 8757943)
(3814053, 3958172, 985377, 8757602)
(3813016, 3958172, 985377, 8756565)
(3812318, 3958172, 985377, 8755867)
(3811590, 3958172, 985377, 8755139)
(3811515, 3958172, 985377, 8755064)
(3811175, 3958172, 985377, 8754724)
(3810892, 3958172, 985377, 8754441)
(3810521, 3958172, 985377, 8754070)
(3809967, 3958172, 985377, 8753516)
(3809223, 3958172, 985377, 8752772)
(3809108, 3958172, 985377, 8752657)
(3808334, 3958172, 985377, 8751883)
(3807649, 3958172, 985377, 8751198)
(3807034, 3958172, 985377, 8750583)
(3806735, 3958172, 985377, 8750284)
(3806407, 3958172, 985377, 8749956)
(3806318, 3958172, 985377, 8749867)
(3805133, 3958172, 985377, 8748682)
(3804523, 3958172, 985377, 8748072)
(3803934, 3958172, 985377, 8747483)
(3803891, 3958172, 985377, 8747440)
(3803389, 3958172, 985377, 8746938)
(3803223, 3958172, 985377, 8746772)
(3803192, 3958172, 985377, 8746741)
(3802170, 3958172, 985377, 8745719)
(3801447, 3958172, 985377, 8744996)
(3800552, 3958172, 985377, 8744101)
(3799939, 3958172, 985377, 8743488)
(3799684, 3958172, 985377, 8743233)
(3799363, 3958172, 985377, 8742912)
(3799110, 3958172, 985377, 8742659)
(3798396, 3958172, 985377, 8741945)
(3798288, 3958172, 985377, 8741837)
(3797481, 3958172, 985377, 8741030)
(3796952, 3958172, 985377, 8740501)
(3796412, 3958172, 985377, 8739961)
(3796287, 3958172, 985377, 8739836)
(3796063, 3958172, 985377, 8739612)
(3795548, 3958172, 985377, 8739097)
(3794913, 3958172, 985377, 8738462)
(3794184, 3958172, 985377, 8737733)
(3794137, 3958172, 985377, 8737686)
(3793491, 3958172, 985377, 8737040)
(3793277, 3958172, 985377, 8736826)
(3792812, 3958172, 985377, 8736361)
(3792090, 3958172, 985377, 8735639)
(3791314, 3958172, 985377, 8734863)
(3790788, 3958172, 985377, 8734337)
(3790652, 3958172, 985377, 8734201)
(3789921, 3958172, 985377, 8733470)
(3788618, 3958172, 985377, 8732167)
(3787903, 3958172, 985377, 8731452)
(3787654, 3958172, 985377, 8731203)
(3786995, 3958172, 985377, 8730544)
(3786088, 3958172, 985377, 8729637)
(3785488, 3958172, 985377, 8729037)
(3785305, 3958172, 985377, 8728854)
(3785040, 3958172, 985377, 8728589)
(3784774, 3958172, 985377, 8728323)
(3784256, 3958172, 985377, 8727805)
(3783842, 3958172, 985377, 8727391)
(3783078, 3958172, 985377, 8726627)
(3782815, 3958172, 985377, 8726364)
(3782671, 3958172, 985377, 8726220)
(3782570, 3958172, 985377, 8726119)
(3782317, 3958172, 985377, 8725866)
(3781679, 3958172, 985377, 8725228)
(3781044, 3958172, 985377, 8724593)
(3780413, 3958172, 985377, 8723962)
(3780341, 3958172, 985377, 8723890)
(3779958, 3958172, 985377, 8723507)
(3779809, 3958172, 985377, 8723358)
(3779419, 3958172, 985377, 8722968)
(3778531, 3958172, 985377, 8722080)
(3778226, 3958172, 985377, 8721775)
(3777825, 3958172, 985377, 8721374)
(3777257, 3958172, 985377, 8720806)
(3776857, 3958172, 985377, 8720406)
(3776138, 3958172, 985377, 8719687)
(3775794, 3958172, 985377, 8719343)
(3774854, 3958172, 985377, 8718403)
(3774508, 3958172, 985377, 8718057)
(3774210, 3958172, 985377, 8717759)
(3773576, 3958172, 985377, 8717125)
(3772779, 3958172, 985377, 8716328)
(3772465, 3958172, 985377, 8716014)
(3772083, 3958172, 985377, 8715632)
(3771547, 3958172, 985377, 8715096)
(3770551, 3958172, 985377, 8714100)
(3770406, 3958172, 985377, 8713955)
(3770355, 3958172, 985377, 8713904)
(3769842, 3958172, 985377, 8713391)
(3769164, 3958172, 985377, 8712713)
(3768687, 3958172, 985377, 8712236)
(3767985, 3958172, 985377, 8711534)
(3767332, 3958172, 985377, 8710881)
(3766386, 3958172, 985377, 8709935)
(3765766, 3958172, 985377, 8709315)
(3764965, 3958172, 985377, 8708514)
(3764625, 3958172, 985377, 8708174)
(3763901, 3958172, 985377, 8707450)
(3763171, 3958172, 985377, 8706720)
(3762673, 3958172, 985377, 8706222)
(3762182, 3958172, 985377, 8705731)
(3761844, 3958172, 985377, 8705393)
(3761513, 3958172, 985377, 8705062)
(3760693, 3958172, 985377, 8704242)
(3760027, 3958172, 985377, 8703576)
(3759509, 3958172, 985377, 8703058)
(3759059, 3958172, 985377, 8702608)
(3757845, 3958172, 985377, 8701394)
(3757774, 3958172, 985377, 8701323)
(3757344, 3958172, 985377, 8700893)
(3756864, 3958172, 985377, 8700413)
(3756104, 3958172, 985377, 8699653)
(3755498, 3958172, 985377, 8699047)
(3754972, 3958172, 985377, 8698521)
(3754240, 3958172, 985377, 8697789)
(3753651, 3958172, 985377, 8697200)
(3752793, 3958172, 985377, 8696342)
(3752497, 3958172, 985377, 8696046)
(3751946, 3958172, 985377, 8695495)
(3751454, 3958172, 985377, 8695003)
(3750461, 3958172, 985377, 8694010)
(3749785, 3958172, 985377, 8693334)
(3749339, 3958172, 985377, 8692888)
(3748298, 3958172, 985377, 8691847)
(3747758, 3958172, 985377, 8691307)
(3747070, 3958172, 985377, 8690619)
(3746824, 3958172, 985377, 8690373)
(3746308, 3958172, 985377, 8689857)
(3745900, 3958172, 985377, 8689449)
(3745445, 3958172, 985377, 8688994)
(3745208, 3958172, 985377, 8688757)
(3744691, 3958172, 985377, 8688240)
(3743773, 3958172, 985377, 8687322)
(3743716, 3958172, 985377, 8687265)
(3743059, 3958172, 985377, 8686608)
(3742143, 3958172, 985377, 8685692)
(3741261, 3958172, 985377, 8684810)
(3740957, 3958172, 985377, 8684506)
(3740582, 3958172, 985377, 8684131)
(3740089, 3958172, 985377, 8683638)
(3738925, 3958172, 985377, 8682474)
(3738838, 3958172, 985377, 8682387)
(3738478, 3958172, 985377, 8682027)
(3738014, 3958172, 985377, 8681563)
(3737596, 3958172, 985377, 8681145)
(3736826, 3958172, 985377, 8680375)
(3736456, 3958172, 985377, 8680005)
(3736086, 3958172, 985377, 8679635)
(3735595, 3958172, 985377, 8679144)
(3734740, 3958172, 985377, 8678289)
(3734491, 3958172, 985377, 8678040)
(3733612, 3958172, 985377, 8677161)
(3733032, 3958172, 985377, 8676581)
(3732274, 3958172, 985377, 8675823)
(3731817, 3958172, 985377, 8675366)
(3730883, 3958172, 985377, 8674432)
(3729793, 3958172, 985377, 8673342)
(3729280, 3958172, 985377, 8672829)
(3729171, 3958172, 985377, 8672720)
(3728364, 3958172, 985377, 8671913)
(3727844, 3958172, 985377, 8671393)
(3727227, 3958172, 985377, 8670776)
(3726977, 3958172, 985377, 8670526)
(3726624, 3958172, 985377, 8670173)
(3726016, 3958172, 985377, 8669565)
(3725882, 3958172, 985377, 8669431)
(3725531, 3958172, 985377, 8669080)
(3724911, 3958172, 985377, 8668460)
(3724603, 3958172, 985377, 8668152)
(3724363, 3958172, 985377, 8667912)
(3723773, 3958172, 985377, 8667322)
(3723250, 3958172, 985377, 8666799)
(3722801, 3958172, 985377, 8666350)
(3722212, 3958172, 985377, 8665761)
(3721373, 3958172, 985377, 8664922)
(3721067, 3958172, 985377, 8664616)
(3720446, 3958172, 985377, 8663995)
(3720020, 3958172, 985377, 8663569)
(3719102, 3958172, 985377, 8662651)
(3718120, 3958172, 985377, 8661669)
(3717411, 3958172, 985377, 8660960)
(3716876, 3958172, 985377, 8660425)
(3716063, 3958172, 985377, 8659612)
(3715434, 3958172, 985377, 8658983)
(3714505, 3958172, 985377, 8658054)
(3713853, 3958172, 985377, 8657402)
(3713040, 3958172, 985377, 8656589)
(3712724, 3958172, 985377, 8656273)
(3712486, 3958172, 985377, 8656035)
(3712208, 3958172, 985377, 8655757)
(3711809, 3958172, 985377, 8655358)
(3711311, 3958172, 985377, 8654860)
(3710666, 3958172, 985377, 8654215)
(3710401, 3958172, 985377, 8653950)
(3709786, 3958172, 985377, 8653335)
(3709359, 3958172, 985377, 8652908)
(3708868, 3958172, 985377, 8652417)
(3708867, 3958172, 985377, 8652416)
(3708505, 3958172, 985377, 8652054)
(3707979, 3958172, 985377, 8651528)
(3707083, 3958172, 985377, 8650632)
(3706594, 3958172, 985377, 8650143)
(3705824, 3958172, 985377, 8649373)
(3705306, 3958172, 985377, 8648855)
(3704996, 3958172, 985377, 8648545)
(3704806, 3958172, 985377, 8648355)
(3704317, 3958172, 985377, 8647866)
(3703850, 3958172, 985377, 8647399)
(3703418, 3958172, 985377, 8646967)
(3702594, 3958172, 985377, 8646143)
(3702260, 3958172, 985377, 8645809)
(3701528, 3958172, 985377, 8645077)
(3700833, 3958172, 985377, 8644382)
(3700735, 3958172, 985377, 8644284)
(3700401, 3958172, 985377, 8643950)
(3699487, 3958172, 985377, 8643036)
(3699380, 3958172, 985377, 8642929)
(3699145, 3958172, 985377, 8642694)
(3698474, 3958172, 985377, 8642023)
(3697792, 3958172, 985377, 8641341)
(3697372, 3958172, 985377, 8640921)
(3697257, 3958172, 985377, 8640806)
(3696667, 3958172, 985377, 8640216)
(3696338, 3958172, 985377, 8639887)
(3696179, 3958172, 985377, 8639728)
(3695494, 3958172, 985377, 8639043)
(3694982, 3958172, 985377, 8638531)
(3694139, 3958172, 985377, 8637688)
(3693466, 3958172, 985377, 8637015)
(3692949, 3958172, 985377, 8636498)
(3692472, 3958172, 985377, 8636021)
(3692118, 3958172, 985377, 8635667)
(3691717, 3958172, 985377, 8635266)
(3691243, 3958172, 985377, 8634792)
(3690195, 3958172, 985377, 8633744)
(3689296, 3958172, 985377, 8632845)
(3688771, 3958172, 985377, 8632320)
(3688391, 3958172, 985377, 8631940)
(3688245, 3958172, 985377, 8631794)
(3688104, 3958172, 985377, 8631653)
(3687547, 3958172, 985377, 8631096)
(3687073, 3958172, 985377, 8630622)
(3686585, 3958172, 985377, 8630134)
(3686315, 3958172, 985377, 8629864)
(3685641, 3958172, 985377, 8629190)
(3684723, 3958172, 985377, 8628272)
(3684534, 3958172, 985377, 8628083)
(3684045, 3958172, 985377, 8627594)
(3683599, 3958172, 985377, 8627148)
(3682921, 3958172, 985377, 8626470)
