(3757600, 4055006, 1009750, 8822356)
(3665261, 4132458, 1009750, 8807469)
(3581729, 4195752, 1009750, 8787231)
(3394436, 4328960, 1009750, 8733146)
(3316493, 4395570, 1009750, 8721813)
(3315630, 4395570, 1009750, 8720950)
(3152601, 4528330, 1009750, 8690681)
(3012915, 4636484, 1009750, 8659149)
(2869819, 4742902, 1009750, 8622471)
(2703866, 4873000, 1009750, 8586616)
(7714065, 898934, 490488, 9103487)
(7498988, 1065988, 490488, 9055464)
(7431818, 1115384, 490488, 9037690)
(7254233, 1260114, 490488, 9004835)
(3647077, 4121906, 1023568, 8792551)
(3340279, 4370926, 1023568, 8734773)
(3304765, 4370926, 1023568, 8699259)
(3936908, 3976854, 1023568, 8937330)
