(4710187, 4693704, 987878, 10391769)
(4709346, 4693704, 987878, 10390928)
(4709075, 4693704, 987878, 10390657)
(4708763, 4693704, 987878, 10390345)
(4708578, 4693704, 987878, 10390160)
(4707635, 4693704, 987878, 10389217)
(4707275, 4693704, 987878, 10388857)
(4706615, 4693704, 987878, 10388197)
(4706016, 4693704, 987878, 10387598)
(4705368, 4693704, 987878, 10386950)
(4704911, 4693704, 987878, 10386493)
(4704375, 4693704, 987878, 10385957)
(4703824, 4693704, 987878, 10385406)
(4703585, 4693704, 987878, 10385167)
(4702993, 4693704, 987878, 10384575)
(4702285, 4693704, 987878, 10383867)
(4701979, 4693704, 987878, 10383561)
(4701123, 4693704, 987878, 10382705)
(4700671, 4693704, 987878, 10382253)
(4700650, 4693704, 987878, 10382232)
(4700023, 4693704, 987878, 10381605)
(4698942, 4693704, 987878, 10380524)
(4698351, 4693704, 987878, 10379933)
(4697799, 4693704, 987878, 10379381)
(4697343, 4693704, 987878, 10378925)
(4697136, 4693704, 987878, 10378718)
(4696798, 4693704, 987878, 10378380)
(4696377, 4693704, 987878, 10377959)
(4695482, 4693704, 987878, 10377064)
(4694833, 4693704, 987878, 10376415)
(4694388, 4693704, 987878, 10375970)
(4694171, 4693704, 987878, 10375753)
(4693634, 4693704, 987878, 10375216)
(4693300, 4693704, 987878, 10374882)
(4692594, 4693704, 987878, 10374176)
(4692293, 4693704, 987878, 10373875)
(4691318, 4693704, 987878, 10372900)
(4690840, 4693704, 987878, 10372422)
(4690145, 4693704, 987878, 10371727)
(4689524, 4693704, 987878, 10371106)
(4688857, 4693704, 987878, 10370439)
(4688681, 4693704, 987878, 10370263)
(4688161, 4693704, 987878, 10369743)
(4688030, 4693704, 987878, 10369612)
(4687580, 4693704, 987878, 10369162)
(4687052, 4693704, 987878, 10368634)
(4686743, 4693704, 987878, 10368325)
(4686114, 4693704, 987878, 10367696)
(4685565, 4693704, 987878, 10367147)
(4685315, 4693704, 987878, 10366897)
(4684755, 4693704, 987878, 10366337)
(4684069, 4693704, 987878, 10365651)
(4683449, 4693704, 987878, 10365031)
(4682901, 4693704, 987878, 10364483)
(4682266, 4693704, 987878, 10363848)
(4681585, 4693704, 987878, 10363167)
(4681512, 4693704, 987878, 10363094)
(4681239, 4693704, 987878, 10362821)
(4680298, 4693704, 987878, 10361880)
(4679430, 4693704, 987878, 10361012)
(4679068, 4693704, 987878, 10360650)
(4678400, 4693704, 987878, 10359982)
(4678031, 4693704, 987878, 10359613)
(4677469, 4693704, 987878, 10359051)
(4676755, 4693704, 987878, 10358337)
(4675863, 4693704, 987878, 10357445)
(4675326, 4693704, 987878, 10356908)
(4674892, 4693704, 987878, 10356474)
(4674175, 4693704, 987878, 10355757)
(4674006, 4693704, 987878, 10355588)
(4673231, 4693704, 987878, 10354813)
(4673010, 4693704, 987878, 10354592)
(4672746, 4693704, 987878, 10354328)
(4672100, 4693704, 987878, 10353682)
(4672016, 4693704, 987878, 10353598)
(4671581, 4693704, 987878, 10353163)
(4671292, 4693704, 987878, 10352874)
(4670816, 4693704, 987878, 10352398)
(4670773, 4693704, 987878, 10352355)
(4670175, 4693704, 987878, 10351757)
(4669715, 4693704, 987878, 10351297)
(4669378, 4693704, 987878, 10350960)
(4668866, 4693704, 987878, 10350448)
(4668124, 4693704, 987878, 10349706)
(4667532, 4693704, 987878, 10349114)
(4667414, 4693704, 987878, 10348996)
(4667171, 4693704, 987878, 10348753)
(4666704, 4693704, 987878, 10348286)
(4666055, 4693704, 987878, 10347637)
(4665608, 4693704, 987878, 10347190)
(4664859, 4693704, 987878, 10346441)
(4663927, 4693704, 987878, 10345509)
(4663243, 4693704, 987878, 10344825)
(4662254, 4693704, 987878, 10343836)
(4662000, 4693704, 987878, 10343582)
(4661581, 4693704, 987878, 10343163)
(4661242, 4693704, 987878, 10342824)
(4660769, 4693704, 987878, 10342351)
(4659984, 4693704, 987878, 10341566)
(4659807, 4693704, 987878, 10341389)
(4659234, 4693704, 987878, 10340816)
(4658381, 4693704, 987878, 10339963)
(4657670, 4693704, 987878, 10339252)
(4656847, 4693704, 987878, 10338429)
(4656255, 4693704, 987878, 10337837)
(4655906, 4693704, 987878, 10337488)
(4655008, 4693704, 987878, 10336590)
(4654589, 4693704, 987878, 10336171)
(4653535, 4693704, 987878, 10335117)
(4653408, 4693704, 987878, 10334990)
(4653295, 4693704, 987878, 10334877)
(4652791, 4693704, 987878, 10334373)
(4652139, 4693704, 987878, 10333721)
(4651902, 4693704, 987878, 10333484)
(4651293, 4693704, 987878, 10332875)
(4650374, 4693704, 987878, 10331956)
(4650292, 4693704, 987878, 10331874)
(4649963, 4693704, 987878, 10331545)
(4649336, 4693704, 987878, 10330918)
(4648565, 4693704, 987878, 10330147)
(4648500, 4693704, 987878, 10330082)
(4648052, 4693704, 987878, 10329634)
(4647432, 4693704, 987878, 10329014)
(4646514, 4693704, 987878, 10328096)
(4646029, 4693704, 987878, 10327611)
(4645476, 4693704, 987878, 10327058)
(4644780, 4693704, 987878, 10326362)
(4644390, 4693704, 987878, 10325972)
(4643942, 4693704, 987878, 10325524)
(4643045, 4693704, 987878, 10324627)
(4642154, 4693704, 987878, 10323736)
(4641933, 4693704, 987878, 10323515)
(4641593, 4693704, 987878, 10323175)
(4641244, 4693704, 987878, 10322826)
(4640435, 4693704, 987878, 10322017)
(4639860, 4693704, 987878, 10321442)
(4639514, 4693704, 987878, 10321096)
(4638620, 4693704, 987878, 10320202)
(4638197, 4693704, 987878, 10319779)
(4637326, 4693704, 987878, 10318908)
(4636851, 4693704, 987878, 10318433)
(4636261, 4693704, 987878, 10317843)
(4635566, 4693704, 987878, 10317148)
(4634974, 4693704, 987878, 10316556)
(4633988, 4693704, 987878, 10315570)
(4633464, 4693704, 987878, 10315046)
(4633267, 4693704, 987878, 10314849)
(4632588, 4693704, 987878, 10314170)
(4632102, 4693704, 987878, 10313684)
(4631706, 4693704, 987878, 10313288)
(4631139, 4693704, 987878, 10312721)
(4631027, 4693704, 987878, 10312609)
(4630297, 4693704, 987878, 10311879)
(4629991, 4693704, 987878, 10311573)
(4629556, 4693704, 987878, 10311138)
(4629110, 4693704, 987878, 10310692)
(4628428, 4693704, 987878, 10310010)
(4627410, 4693704, 987878, 10308992)
(4626654, 4693704, 987878, 10308236)
(4625753, 4693704, 987878, 10307335)
(4625698, 4693704, 987878, 10307280)
(4625198, 4693704, 987878, 10306780)
(4624545, 4693704, 987878, 10306127)
(4624274, 4693704, 987878, 10305856)
(4623968, 4693704, 987878, 10305550)
(4623381, 4693704, 987878, 10304963)
(4623186, 4693704, 987878, 10304768)
(4622456, 4693704, 987878, 10304038)
(4621601, 4693704, 987878, 10303183)
(4621085, 4693704, 987878, 10302667)
(4620699, 4693704, 987878, 10302281)
(4620286, 4693704, 987878, 10301868)
(4619205, 4693704, 987878, 10300787)
(4618502, 4693704, 987878, 10300084)
(4617790, 4693704, 987878, 10299372)
(4617361, 4693704, 987878, 10298943)
(4617044, 4693704, 987878, 10298626)
(4616952, 4693704, 987878, 10298534)
(4616868, 4693704, 987878, 10298450)
(4616521, 4693704, 987878, 10298103)
(4615979, 4693704, 987878, 10297561)
(4615601, 4693704, 987878, 10297183)
(4614484, 4693704, 987878, 10296066)
(4613831, 4693704, 987878, 10295413)
(4612983, 4693704, 987878, 10294565)
(4612618, 4693704, 987878, 10294200)
(4611901, 4693704, 987878, 10293483)
(4611866, 4693704, 987878, 10293448)
(4611690, 4693704, 987878, 10293272)
(4611355, 4693704, 987878, 10292937)
(4611354, 4693704, 987878, 10292936)
(4611108, 4693704, 987878, 10292690)
(4610768, 4693704, 987878, 10292350)
(4610118, 4693704, 987878, 10291700)
(4609558, 4693704, 987878, 10291140)
(4609032, 4693704, 987878, 10290614)
(4608401, 4693704, 987878, 10289983)
(4608039, 4693704, 987878, 10289621)
(4607108, 4693704, 987878, 10288690)
(4606432, 4693704, 987878, 10288014)
(4605790, 4693704, 987878, 10287372)
(4604907, 4693704, 987878, 10286489)
(4603974, 4693704, 987878, 10285556)
(4603465, 4693704, 987878, 10285047)
(4602735, 4693704, 987878, 10284317)
(4602281, 4693704, 987878, 10283863)
(4602030, 4693704, 987878, 10283612)
(4601176, 4693704, 987878, 10282758)
(4600972, 4693704, 987878, 10282554)
(4599971, 4693704, 987878, 10281553)
(4599283, 4693704, 987878, 10280865)
(4598537, 4693704, 987878, 10280119)
(4598311, 4693704, 987878, 10279893)
(4597875, 4693704, 987878, 10279457)
(4597509, 4693704, 987878, 10279091)
(4597242, 4693704, 987878, 10278824)
(4596348, 4693704, 987878, 10277930)
(4595534, 4693704, 987878, 10277116)
(4594848, 4693704, 987878, 10276430)
(4594512, 4693704, 987878, 10276094)
(4594067, 4693704, 987878, 10275649)
(4593440, 4693704, 987878, 10275022)
(4592795, 4693704, 987878, 10274377)
(4592420, 4693704, 987878, 10274002)
(4591996, 4693704, 987878, 10273578)
(4591255, 4693704, 987878, 10272837)
(4590660, 4693704, 987878, 10272242)
(4589705, 4693704, 987878, 10271287)
(4589158, 4693704, 987878, 10270740)
(4588678, 4693704, 987878, 10270260)
(4588123, 4693704, 987878, 10269705)
(4587100, 4693704, 987878, 10268682)
(4586445, 4693704, 987878, 10268027)
(4585821, 4693704, 987878, 10267403)
(4585503, 4693704, 987878, 10267085)
(4584701, 4693704, 987878, 10266283)
(4583618, 4693704, 987878, 10265200)
(4582901, 4693704, 987878, 10264483)
(4582035, 4693704, 987878, 10263617)
(4581818, 4693704, 987878, 10263400)
(4580940, 4693704, 987878, 10262522)
(4580939, 4693704, 987878, 10262521)
(4580433, 4693704, 987878, 10262015)
(4580108, 4693704, 987878, 10261690)
(4579796, 4693704, 987878, 10261378)
(4578918, 4693704, 987878, 10260500)
(4578650, 4693704, 987878, 10260232)
(4578567, 4693704, 987878, 10260149)
(4578180, 4693704, 987878, 10259762)
(4577547, 4693704, 987878, 10259129)
(4576700, 4693704, 987878, 10258282)
(4576103, 4693704, 987878, 10257685)
(4575744, 4693704, 987878, 10257326)
(4575743, 4693704, 987878, 10257325)
(4575541, 4693704, 987878, 10257123)
(4575410, 4693704, 987878, 10256992)
(4575168, 4693704, 987878, 10256750)
(4574801, 4693704, 987878, 10256383)
(4574233, 4693704, 987878, 10255815)
(4573809, 4693704, 987878, 10255391)
(4573196, 4693704, 987878, 10254778)
(4572351, 4693704, 987878, 10253933)
(4571760, 4693704, 987878, 10253342)
(4571169, 4693704, 987878, 10252751)
(4570740, 4693704, 987878, 10252322)
(4569750, 4693704, 987878, 10251332)
(4569291, 4693704, 987878, 10250873)
(4568913, 4693704, 987878, 10250495)
(4568184, 4693704, 987878, 10249766)
(4567872, 4693704, 987878, 10249454)
(4567281, 4693704, 987878, 10248863)
(4566521, 4693704, 987878, 10248103)
(4566205, 4693704, 987878, 10247787)
(4565761, 4693704, 987878, 10247343)
(4564841, 4693704, 987878, 10246423)
(4564166, 4693704, 987878, 10245748)
(4563656, 4693704, 987878, 10245238)
(4563430, 4693704, 987878, 10245012)
(4563339, 4693704, 987878, 10244921)
(4563097, 4693704, 987878, 10244679)
(4562835, 4693704, 987878, 10244417)
(4562424, 4693704, 987878, 10244006)
(4561783, 4693704, 987878, 10243365)
(4561058, 4693704, 987878, 10242640)
(4560648, 4693704, 987878, 10242230)
(4560366, 4693704, 987878, 10241948)
(4560026, 4693704, 987878, 10241608)
(4559453, 4693704, 987878, 10241035)
(4558981, 4693704, 987878, 10240563)
(4558290, 4693704, 987878, 10239872)
(4557894, 4693704, 987878, 10239476)
(4557127, 4693704, 987878, 10238709)
(4556533, 4693704, 987878, 10238115)
(4556092, 4693704, 987878, 10237674)
(4555564, 4693704, 987878, 10237146)
(4554612, 4693704, 987878, 10236194)
(4554194, 4693704, 987878, 10235776)
(4553803, 4693704, 987878, 10235385)
(4553191, 4693704, 987878, 10234773)
(4552522, 4693704, 987878, 10234104)
(4552351, 4693704, 987878, 10233933)
(4551919, 4693704, 987878, 10233501)
(4551679, 4693704, 987878, 10233261)
(4551562, 4693704, 987878, 10233144)
(4550999, 4693704, 987878, 10232581)
(4550034, 4693704, 987878, 10231616)
(4549121, 4693704, 987878, 10230703)
(4548777, 4693704, 987878, 10230359)
(4547929, 4693704, 987878, 10229511)
(4547016, 4693704, 987878, 10228598)
(4546736, 4693704, 987878, 10228318)
(4546287, 4693704, 987878, 10227869)
(4546103, 4693704, 987878, 10227685)
(4545772, 4693704, 987878, 10227354)
(4545379, 4693704, 987878, 10226961)
(4544743, 4693704, 987878, 10226325)
(4544185, 4693704, 987878, 10225767)
(4544063, 4693704, 987878, 10225645)
(4543005, 4693704, 987878, 10224587)
(4542900, 4693704, 987878, 10224482)
(4542364, 4693704, 987878, 10223946)
(4542197, 4693704, 987878, 10223779)
(4541924, 4693704, 987878, 10223506)
(4541585, 4693704, 987878, 10223167)
(4541117, 4693704, 987878, 10222699)
(4540711, 4693704, 987878, 10222293)
(4539835, 4693704, 987878, 10221417)
(4539793, 4693704, 987878, 10221375)
(4539437, 4693704, 987878, 10221019)
(4538819, 4693704, 987878, 10220401)
(4538555, 4693704, 987878, 10220137)
(4537613, 4693704, 987878, 10219195)
(4536807, 4693704, 987878, 10218389)
(4536496, 4693704, 987878, 10218078)
(4535478, 4693704, 987878, 10217060)
(4534766, 4693704, 987878, 10216348)
(4534138, 4693704, 987878, 10215720)
(4533702, 4693704, 987878, 10215284)
(4532994, 4693704, 987878, 10214576)
(4532791, 4693704, 987878, 10214373)
(4532062, 4693704, 987878, 10213644)
(4531665, 4693704, 987878, 10213247)
(4530780, 4693704, 987878, 10212362)
(4530467, 4693704, 987878, 10212049)
(4530012, 4693704, 987878, 10211594)
(4529567, 4693704, 987878, 10211149)
(4528959, 4693704, 987878, 10210541)
(4528022, 4693704, 987878, 10209604)
(4527420, 4693704, 987878, 10209002)
(4526700, 4693704, 987878, 10208282)
(4526049, 4693704, 987878, 10207631)
(4525891, 4693704, 987878, 10207473)
(4525350, 4693704, 987878, 10206932)
(4524980, 4693704, 987878, 10206562)
(4524583, 4693704, 987878, 10206165)
(4524172, 4693704, 987878, 10205754)
(4523419, 4693704, 987878, 10205001)
(4522942, 4693704, 987878, 10204524)
(4522429, 4693704, 987878, 10204011)
(4521700, 4693704, 987878, 10203282)
(4521529, 4693704, 987878, 10203111)
(4521205, 4693704, 987878, 10202787)
(4520642, 4693704, 987878, 10202224)
(4519647, 4693704, 987878, 10201229)
(4519254, 4693704, 987878, 10200836)
(4518396, 4693704, 987878, 10199978)
(4518189, 4693704, 987878, 10199771)
(4517132, 4693704, 987878, 10198714)
(4516034, 4693704, 987878, 10197616)
(4516016, 4693704, 987878, 10197598)
(4515604, 4693704, 987878, 10197186)
(4515012, 4693704, 987878, 10196594)
(4514491, 4693704, 987878, 10196073)
(4514172, 4693704, 987878, 10195754)
(4513667, 4693704, 987878, 10195249)
(4513100, 4693704, 987878, 10194682)
(4512505, 4693704, 987878, 10194087)
(4512239, 4693704, 987878, 10193821)
(4511873, 4693704, 987878, 10193455)
(4511218, 4693704, 987878, 10192800)
(4510924, 4693704, 987878, 10192506)
(4510340, 4693704, 987878, 10191922)
(4509641, 4693704, 987878, 10191223)
(4509295, 4693704, 987878, 10190877)
(4508598, 4693704, 987878, 10190180)
(4508086, 4693704, 987878, 10189668)
(4507516, 4693704, 987878, 10189098)
(4506454, 4693704, 987878, 10188036)
(4506289, 4693704, 987878, 10187871)
(4505956, 4693704, 987878, 10187538)
(4505567, 4693704, 987878, 10187149)
(4505090, 4693704, 987878, 10186672)
(4504914, 4693704, 987878, 10186496)
(4504371, 4693704, 987878, 10185953)
(4504031, 4693704, 987878, 10185613)
(4503898, 4693704, 987878, 10185480)
(4503401, 4693704, 987878, 10184983)
(4502542, 4693704, 987878, 10184124)
(4502249, 4693704, 987878, 10183831)
(4501413, 4693704, 987878, 10182995)
(4500603, 4693704, 987878, 10182185)
(4499917, 4693704, 987878, 10181499)
(4499106, 4693704, 987878, 10180688)
(4498947, 4693704, 987878, 10180529)
(4498256, 4693704, 987878, 10179838)
(4497761, 4693704, 987878, 10179343)
(4497067, 4693704, 987878, 10178649)
(4496479, 4693704, 987878, 10178061)
(4495716, 4693704, 987878, 10177298)
(4494938, 4693704, 987878, 10176520)
(4494058, 4693704, 987878, 10175640)
(4493479, 4693704, 987878, 10175061)
(4493153, 4693704, 987878, 10174735)
(4493046, 4693704, 987878, 10174628)
(4492222, 4693704, 987878, 10173804)
(4491891, 4693704, 987878, 10173473)
(4491630, 4693704, 987878, 10173212)
(4491217, 4693704, 987878, 10172799)
(4491134, 4693704, 987878, 10172716)
(4490793, 4693704, 987878, 10172375)
(4489624, 4693704, 987878, 10171206)
(4488445, 4693704, 987878, 10170027)
(4487873, 4693704, 987878, 10169455)
(4486964, 4693704, 987878, 10168546)
(4486485, 4693704, 987878, 10168067)
(4486379, 4693704, 987878, 10167961)
(4485937, 4693704, 987878, 10167519)
(4485680, 4693704, 987878, 10167262)
(4485415, 4693704, 987878, 10166997)
(4485312, 4693704, 987878, 10166894)
(4484880, 4693704, 987878, 10166462)
(4484099, 4693704, 987878, 10165681)
(4483533, 4693704, 987878, 10165115)
(4483271, 4693704, 987878, 10164853)
(4482272, 4693704, 987878, 10163854)
(4481629, 4693704, 987878, 10163211)
(4481308, 4693704, 987878, 10162890)
(4480501, 4693704, 987878, 10162083)
(4480232, 4693704, 987878, 10161814)
(4479646, 4693704, 987878, 10161228)
(4479157, 4693704, 987878, 10160739)
(4478883, 4693704, 987878, 10160465)
(4478502, 4693704, 987878, 10160084)
(4478155, 4693704, 987878, 10159737)
(4477807, 4693704, 987878, 10159389)
(4477635, 4693704, 987878, 10159217)
(4477186, 4693704, 987878, 10158768)
(4476475, 4693704, 987878, 10158057)
(4475772, 4693704, 987878, 10157354)
(4475348, 4693704, 987878, 10156930)
(4474528, 4693704, 987878, 10156110)
(4473806, 4693704, 987878, 10155388)
(4473070, 4693704, 987878, 10154652)
(4472971, 4693704, 987878, 10154553)
(4472386, 4693704, 987878, 10153968)
(4472181, 4693704, 987878, 10153763)
(4471799, 4693704, 987878, 10153381)
(4471390, 4693704, 987878, 10152972)
(4471022, 4693704, 987878, 10152604)
(4470375, 4693704, 987878, 10151957)
(4469565, 4693704, 987878, 10151147)
(4469285, 4693704, 987878, 10150867)
(4468968, 4693704, 987878, 10150550)
(4468823, 4693704, 987878, 10150405)
(4468212, 4693704, 987878, 10149794)
(4467193, 4693704, 987878, 10148775)
(4466401, 4693704, 987878, 10147983)
(4465444, 4693704, 987878, 10147026)
(4465092, 4693704, 987878, 10146674)
(4464345, 4693704, 987878, 10145927)
(4463559, 4693704, 987878, 10145141)
(4463126, 4693704, 987878, 10144708)
(4463003, 4693704, 987878, 10144585)
(4462662, 4693704, 987878, 10144244)
(4462481, 4693704, 987878, 10144063)
(4461702, 4693704, 987878, 10143284)
(4460894, 4693704, 987878, 10142476)
(4460362, 4693704, 987878, 10141944)
(4459739, 4693704, 987878, 10141321)
(4459024, 4693704, 987878, 10140606)
(4458417, 4693704, 987878, 10139999)
(4457890, 4693704, 987878, 10139472)
(4457653, 4693704, 987878, 10139235)
(4457373, 4693704, 987878, 10138955)
(4457065, 4693704, 987878, 10138647)
(4456927, 4693704, 987878, 10138509)
(4456722, 4693704, 987878, 10138304)
(4455905, 4693704, 987878, 10137487)
(4455026, 4693704, 987878, 10136608)
(4454334, 4693704, 987878, 10135916)
(4453841, 4693704, 987878, 10135423)
(4452942, 4693704, 987878, 10134524)
(4451989, 4693704, 987878, 10133571)
(4451135, 4693704, 987878, 10132717)
(4450846, 4693704, 987878, 10132428)
(4450158, 4693704, 987878, 10131740)
(4450157, 4693704, 987878, 10131739)
(4449374, 4693704, 987878, 10130956)
(4448983, 4693704, 987878, 10130565)
(4448539, 4693704, 987878, 10130121)
(4448337, 4693704, 987878, 10129919)
(4447619, 4693704, 987878, 10129201)
(4447240, 4693704, 987878, 10128822)
(4446822, 4693704, 987878, 10128404)
(4446811, 4693704, 987878, 10128393)
(4445878, 4693704, 987878, 10127460)
(4445142, 4693704, 987878, 10126724)
(4444649, 4693704, 987878, 10126231)
(4443672, 4693704, 987878, 10125254)
(4443047, 4693704, 987878, 10124629)
(4442792, 4693704, 987878, 10124374)
(4442592, 4693704, 987878, 10124174)
(4441986, 4693704, 987878, 10123568)
(4440868, 4693704, 987878, 10122450)
(4440244, 4693704, 987878, 10121826)
(4439606, 4693704, 987878, 10121188)
(4439294, 4693704, 987878, 10120876)
(4438584, 4693704, 987878, 10120166)
(4438461, 4693704, 987878, 10120043)
(4438022, 4693704, 987878, 10119604)
(4437566, 4693704, 987878, 10119148)
(4437184, 4693704, 987878, 10118766)
(4436730, 4693704, 987878, 10118312)
(4435831, 4693704, 987878, 10117413)
(4435356, 4693704, 987878, 10116938)
(4434774, 4693704, 987878, 10116356)
(4434227, 4693704, 987878, 10115809)
