(4567950, 4700590, 1009301, 10277841)
(4373318, 4878170, 1009301, 10260789)
(4287955, 4940940, 1009301, 10238196)
(4139181, 5076308, 1009301, 10224790)
(4027123, 5152328, 1009301, 10188752)
(3783237, 5374202, 1009301, 10166740)
(3529622, 5577592, 1009301, 10116515)
(3162267, 5899068, 1009301, 10070636)
(3411741, 5634904, 1009301, 10055946)
(3003459, 6020046, 1009301, 10032806)
(8390187, 1556030, 622015, 10568232)
(8227277, 1700328, 622015, 10549620)
(8015019, 1853384, 622015, 10490418)
(4668535, 4819564, 996252, 10484351)
