(74118, 77376, 19043, 170537)
(74079, 77376, 19043, 170498)
(74071, 77376, 19043, 170490)
(74028, 77376, 19043, 170447)
(73983, 77376, 19043, 170402)
(73978, 77376, 19043, 170397)
(73951, 77376, 19043, 170370)
(73910, 77376, 19043, 170329)
(73885, 77376, 19043, 170304)
(73846, 77376, 19043, 170265)
(73831, 77376, 19043, 170250)
(73772, 77376, 19043, 170191)
(73739, 77376, 19043, 170158)
(73677, 77376, 19043, 170096)
(73661, 77376, 19043, 170080)
(73603, 77376, 19043, 170022)
(73553, 77376, 19043, 169972)
(73520, 77376, 19043, 169939)
(73488, 77376, 19043, 169907)
(73456, 77376, 19043, 169875)
(73396, 77376, 19043, 169815)
(73377, 77376, 19043, 169796)
(73358, 77376, 19043, 169777)
(73280, 77376, 19043, 169699)
(73211, 77376, 19043, 169630)
(73176, 77376, 19043, 169595)
(73114, 77376, 19043, 169533)
(73043, 77376, 19043, 169462)
(73024, 77376, 19043, 169443)
(72962, 77376, 19043, 169381)
(72917, 77376, 19043, 169336)
(72889, 77376, 19043, 169308)
(72827, 77376, 19043, 169246)
(72769, 77376, 19043, 169188)
(72728, 77376, 19043, 169147)
(72702, 77376, 19043, 169121)
(72668, 77376, 19043, 169087)
(72624, 77376, 19043, 169043)
(72584, 77376, 19043, 169003)
(72541, 77376, 19043, 168960)
(72511, 77376, 19043, 168930)
(72477, 77376, 19043, 168896)
(72432, 77376, 19043, 168851)
(72398, 77376, 19043, 168817)
(72328, 77376, 19043, 168747)
(72307, 77376, 19043, 168726)
(72277, 77376, 19043, 168696)
(72217, 77376, 19043, 168636)
(72168, 77376, 19043, 168587)
(72098, 77376, 19043, 168517)
(72078, 77376, 19043, 168497)
(72007, 77376, 19043, 168426)
(71959, 77376, 19043, 168378)
(71927, 77376, 19043, 168346)
(71900, 77376, 19043, 168319)
(71874, 77376, 19043, 168293)
(71840, 77376, 19043, 168259)
(71791, 77376, 19043, 168210)
(71730, 77376, 19043, 168149)
(71714, 77376, 19043, 168133)
(71706, 77376, 19043, 168125)
(71638, 77376, 19043, 168057)
(71537, 77376, 19043, 167956)
(71506, 77376, 19043, 167925)
(71429, 77376, 19043, 167848)
(71382, 77376, 19043, 167801)
(71369, 77376, 19043, 167788)
(71349, 77376, 19043, 167768)
(71296, 77376, 19043, 167715)
(71270, 77376, 19043, 167689)
(71209, 77376, 19043, 167628)
(71151, 77376, 19043, 167570)
(71134, 77376, 19043, 167553)
(71069, 77376, 19043, 167488)
(71036, 77376, 19043, 167455)
(70991, 77376, 19043, 167410)
(70935, 77376, 19043, 167354)
(70880, 77376, 19043, 167299)
(70853, 77376, 19043, 167272)
(70792, 77376, 19043, 167211)
(70755, 77376, 19043, 167174)
(70653, 77376, 19043, 167072)
(70594, 77376, 19043, 167013)
(70521, 77376, 19043, 166940)
(70459, 77376, 19043, 166878)
(70437, 77376, 19043, 166856)
(70396, 77376, 19043, 166815)
(70361, 77376, 19043, 166780)
(70339, 77376, 19043, 166758)
(70325, 77376, 19043, 166744)
(70302, 77376, 19043, 166721)
(70251, 77376, 19043, 166670)
(70181, 77376, 19043, 166600)
(70109, 77376, 19043, 166528)
(70049, 77376, 19043, 166468)
(69978, 77376, 19043, 166397)
(69935, 77376, 19043, 166354)
(69896, 77376, 19043, 166315)
(69890, 77376, 19043, 166309)
(69869, 77376, 19043, 166288)
(69758, 77376, 19043, 166177)
(69662, 77376, 19043, 166081)
(69657, 77376, 19043, 166076)
(69616, 77376, 19043, 166035)
(69543, 77376, 19043, 165962)
(69465, 77376, 19043, 165884)
(69414, 77376, 19043, 165833)
(69332, 77376, 19043, 165751)
(69304, 77376, 19043, 165723)
(69257, 77376, 19043, 165676)
(69224, 77376, 19043, 165643)
(69195, 77376, 19043, 165614)
(69187, 77376, 19043, 165606)
(69133, 77376, 19043, 165552)
(69084, 77376, 19043, 165503)
(69034, 77376, 19043, 165453)
(68949, 77376, 19043, 165368)
(68908, 77376, 19043, 165327)
(68837, 77376, 19043, 165256)
(68754, 77376, 19043, 165173)
(68731, 77376, 19043, 165150)
(68669, 77376, 19043, 165088)
(68631, 77376, 19043, 165050)
(68562, 77376, 19043, 164981)
(68522, 77376, 19043, 164941)
(68476, 77376, 19043, 164895)
(68442, 77376, 19043, 164861)
(68397, 77376, 19043, 164816)
(68354, 77376, 19043, 164773)
(68299, 77376, 19043, 164718)
(68261, 77376, 19043, 164680)
(68202, 77376, 19043, 164621)
(68135, 77376, 19043, 164554)
(68097, 77376, 19043, 164516)
(68039, 77376, 19043, 164458)
(67991, 77376, 19043, 164410)
(67934, 77376, 19043, 164353)
(67894, 77376, 19043, 164313)
(67875, 77376, 19043, 164294)
(67814, 77376, 19043, 164233)
(67780, 77376, 19043, 164199)
(67734, 77376, 19043, 164153)
(67646, 77376, 19043, 164065)
(67546, 77376, 19043, 163965)
(67455, 77376, 19043, 163874)
(67426, 77376, 19043, 163845)
(67387, 77376, 19043, 163806)
(67363, 77376, 19043, 163782)
(67343, 77376, 19043, 163762)
(67301, 77376, 19043, 163720)
(67226, 77376, 19043, 163645)
(67136, 77376, 19043, 163555)
(67089, 77376, 19043, 163508)
(67079, 77376, 19043, 163498)
(67015, 77376, 19043, 163434)
(66939, 77376, 19043, 163358)
(66921, 77376, 19043, 163340)
(66856, 77376, 19043, 163275)
(66807, 77376, 19043, 163226)
(66767, 77376, 19043, 163186)
(66740, 77376, 19043, 163159)
(66722, 77376, 19043, 163141)
(66677, 77376, 19043, 163096)
(66611, 77376, 19043, 163030)
(66548, 77376, 19043, 162967)
(66509, 77376, 19043, 162928)
(66448, 77376, 19043, 162867)
(66414, 77376, 19043, 162833)
(66367, 77376, 19043, 162786)
(66310, 77376, 19043, 162729)
(66235, 77376, 19043, 162654)
(66162, 77376, 19043, 162581)
(66104, 77376, 19043, 162523)
(66051, 77376, 19043, 162470)
(66005, 77376, 19043, 162424)
(65981, 77376, 19043, 162400)
(65921, 77376, 19043, 162340)
(65879, 77376, 19043, 162298)
(65857, 77376, 19043, 162276)
(65803, 77376, 19043, 162222)
(65762, 77376, 19043, 162181)
(65705, 77376, 19043, 162124)
(65660, 77376, 19043, 162079)
(65615, 77376, 19043, 162034)
(65552, 77376, 19043, 161971)
(65535, 77376, 19043, 161954)
(65493, 77376, 19043, 161912)
(65443, 77376, 19043, 161862)
(65385, 77376, 19043, 161804)
(65372, 77376, 19043, 161791)
(65324, 77376, 19043, 161743)
(65279, 77376, 19043, 161698)
(65234, 77376, 19043, 161653)
(65220, 77376, 19043, 161639)
(65177, 77376, 19043, 161596)
(65134, 77376, 19043, 161553)
(65063, 77376, 19043, 161482)
(65011, 77376, 19043, 161430)
(64925, 77376, 19043, 161344)
(64867, 77376, 19043, 161286)
(64792, 77376, 19043, 161211)
(64751, 77376, 19043, 161170)
(64670, 77376, 19043, 161089)
(64606, 77376, 19043, 161025)
(64594, 77376, 19043, 161013)
(64543, 77376, 19043, 160962)
(64508, 77376, 19043, 160927)
(64483, 77376, 19043, 160902)
(64432, 77376, 19043, 160851)
(64380, 77376, 19043, 160799)
(64342, 77376, 19043, 160761)
(64273, 77376, 19043, 160692)
(64232, 77376, 19043, 160651)
(64170, 77376, 19043, 160589)
(64132, 77376, 19043, 160551)
(64074, 77376, 19043, 160493)
(64057, 77376, 19043, 160476)
(64034, 77376, 19043, 160453)
(63993, 77376, 19043, 160412)
(63921, 77376, 19043, 160340)
(63855, 77376, 19043, 160274)
(63789, 77376, 19043, 160208)
(63741, 77376, 19043, 160160)
(63653, 77376, 19043, 160072)
(63619, 77376, 19043, 160038)
(63603, 77376, 19043, 160022)
(63565, 77376, 19043, 159984)
(63487, 77376, 19043, 159906)
(63398, 77376, 19043, 159817)
(63359, 77376, 19043, 159778)
(63300, 77376, 19043, 159719)
(63247, 77376, 19043, 159666)
(63207, 77376, 19043, 159626)
(63171, 77376, 19043, 159590)
(63120, 77376, 19043, 159539)
(63058, 77376, 19043, 159477)
(63019, 77376, 19043, 159438)
(62953, 77376, 19043, 159372)
(62844, 77376, 19043, 159263)
(62822, 77376, 19043, 159241)
(62791, 77376, 19043, 159210)
(62742, 77376, 19043, 159161)
(62705, 77376, 19043, 159124)
(62687, 77376, 19043, 159106)
(62614, 77376, 19043, 159033)
(62605, 77376, 19043, 159024)
(62574, 77376, 19043, 158993)
(62552, 77376, 19043, 158971)
(62516, 77376, 19043, 158935)
(62466, 77376, 19043, 158885)
(62435, 77376, 19043, 158854)
(62399, 77376, 19043, 158818)
(62359, 77376, 19043, 158778)
(62285, 77376, 19043, 158704)
(62237, 77376, 19043, 158656)
(62175, 77376, 19043, 158594)
(62148, 77376, 19043, 158567)
(62100, 77376, 19043, 158519)
(62025, 77376, 19043, 158444)
(61966, 77376, 19043, 158385)
(61940, 77376, 19043, 158359)
(61873, 77376, 19043, 158292)
(61849, 77376, 19043, 158268)
(61795, 77376, 19043, 158214)
(61739, 77376, 19043, 158158)
(61677, 77376, 19043, 158096)
(61616, 77376, 19043, 158035)
(61559, 77376, 19043, 157978)
(61479, 77376, 19043, 157898)
(61456, 77376, 19043, 157875)
(61402, 77376, 19043, 157821)
(61379, 77376, 19043, 157798)
(61320, 77376, 19043, 157739)
(61238, 77376, 19043, 157657)
(61237, 77376, 19043, 157656)
(61157, 77376, 19043, 157576)
(61080, 77376, 19043, 157499)
(61035, 77376, 19043, 157454)
(60986, 77376, 19043, 157405)
(60936, 77376, 19043, 157355)
(60897, 77376, 19043, 157316)
(60884, 77376, 19043, 157303)
(60822, 77376, 19043, 157241)
(60814, 77376, 19043, 157233)
(60773, 77376, 19043, 157192)
(60697, 77376, 19043, 157116)
(60621, 77376, 19043, 157040)
(60534, 77376, 19043, 156953)
(60482, 77376, 19043, 156901)
(60451, 77376, 19043, 156870)
(60395, 77376, 19043, 156814)
(60348, 77376, 19043, 156767)
(60312, 77376, 19043, 156731)
(60275, 77376, 19043, 156694)
(60260, 77376, 19043, 156679)
(60226, 77376, 19043, 156645)
(60169, 77376, 19043, 156588)
(60137, 77376, 19043, 156556)
(60068, 77376, 19043, 156487)
(60050, 77376, 19043, 156469)
(59981, 77376, 19043, 156400)
(59870, 77376, 19043, 156289)
(59828, 77376, 19043, 156247)
(59816, 77376, 19043, 156235)
(59780, 77376, 19043, 156199)
(59727, 77376, 19043, 156146)
(59648, 77376, 19043, 156067)
(59614, 77376, 19043, 156033)
(59517, 77376, 19043, 155936)
(59488, 77376, 19043, 155907)
(59416, 77376, 19043, 155835)
(59352, 77376, 19043, 155771)
(59280, 77376, 19043, 155699)
(59220, 77376, 19043, 155639)
(59119, 77376, 19043, 155538)
(59041, 77376, 19043, 155460)
(58994, 77376, 19043, 155413)
(58944, 77376, 19043, 155363)
(58915, 77376, 19043, 155334)
(58877, 77376, 19043, 155296)
(58837, 77376, 19043, 155256)
(58802, 77376, 19043, 155221)
(58738, 77376, 19043, 155157)
(58682, 77376, 19043, 155101)
(58626, 77376, 19043, 155045)
(58575, 77376, 19043, 154994)
(58515, 77376, 19043, 154934)
(58498, 77376, 19043, 154917)
(58453, 77376, 19043, 154872)
(58394, 77376, 19043, 154813)
(58349, 77376, 19043, 154768)
(58297, 77376, 19043, 154716)
(58247, 77376, 19043, 154666)
(58202, 77376, 19043, 154621)
(58150, 77376, 19043, 154569)
(58112, 77376, 19043, 154531)
(58096, 77376, 19043, 154515)
(58058, 77376, 19043, 154477)
(58039, 77376, 19043, 154458)
(57946, 77376, 19043, 154365)
(57931, 77376, 19043, 154350)
(57881, 77376, 19043, 154300)
(57862, 77376, 19043, 154281)
(57812, 77376, 19043, 154231)
(57787, 77376, 19043, 154206)
(57752, 77376, 19043, 154171)
(57701, 77376, 19043, 154120)
(57640, 77376, 19043, 154059)
(57606, 77376, 19043, 154025)
(57543, 77376, 19043, 153962)
(57480, 77376, 19043, 153899)
(57417, 77376, 19043, 153836)
(57379, 77376, 19043, 153798)
(57336, 77376, 19043, 153755)
(57282, 77376, 19043, 153701)
(57229, 77376, 19043, 153648)
(57170, 77376, 19043, 153589)
(57146, 77376, 19043, 153565)
(57114, 77376, 19043, 153533)
(57051, 77376, 19043, 153470)
(57000, 77376, 19043, 153419)
(56931, 77376, 19043, 153350)
(56896, 77376, 19043, 153315)
(56846, 77376, 19043, 153265)
(56809, 77376, 19043, 153228)
(56771, 77376, 19043, 153190)
(56721, 77376, 19043, 153140)
(56684, 77376, 19043, 153103)
(56643, 77376, 19043, 153062)
(56550, 77376, 19043, 152969)
(56460, 77376, 19043, 152879)
(56388, 77376, 19043, 152807)
(56332, 77376, 19043, 152751)
(56294, 77376, 19043, 152713)
(56261, 77376, 19043, 152680)
(56208, 77376, 19043, 152627)
(56187, 77376, 19043, 152606)
(56169, 77376, 19043, 152588)
(56112, 77376, 19043, 152531)
(56102, 77376, 19043, 152521)
(56069, 77376, 19043, 152488)
(56018, 77376, 19043, 152437)
(55953, 77376, 19043, 152372)
(55883, 77376, 19043, 152302)
(55810, 77376, 19043, 152229)
(55755, 77376, 19043, 152174)
(55706, 77376, 19043, 152125)
(55655, 77376, 19043, 152074)
(55593, 77376, 19043, 152012)
(55522, 77376, 19043, 151941)
(55518, 77376, 19043, 151937)
(55464, 77376, 19043, 151883)
(55459, 77376, 23782, 156617)
(55457, 77376, 23744, 156577)
(55451, 77376, 23690, 156517)
(55450, 77376, 23690, 156516)
(55446, 77376, 23597, 156419)
(55439, 77376, 23492, 156307)
(55433, 77376, 23408, 156217)
(55432, 77376, 23243, 156051)
