(41167, 49900, 16280, 107347)
(41137, 49900, 16280, 107317)
(41109, 49900, 16280, 107289)
(41059, 49900, 16280, 107239)
(41017, 49900, 16280, 107197)
(40996, 49900, 16280, 107176)
(40955, 49900, 16280, 107135)
(40941, 49900, 16280, 107121)
(40916, 49900, 16280, 107096)
(40883, 49900, 16280, 107063)
(40849, 49900, 16280, 107029)
(40817, 49900, 16280, 106997)
(40793, 49900, 16280, 106973)
(40755, 49900, 16280, 106935)
(40718, 49900, 16280, 106898)
(40655, 49900, 16280, 106835)
(40606, 49900, 16280, 106786)
(40585, 49900, 16280, 106765)
(40536, 49900, 16280, 106716)
(40494, 49900, 16280, 106674)
(40443, 49900, 16280, 106623)
(40409, 49900, 16280, 106589)
(40380, 49900, 16280, 106560)
(40343, 49900, 16280, 106523)
(40258, 49900, 16280, 106438)
(40197, 49900, 16280, 106377)
(40117, 49900, 16280, 106297)
(40055, 49900, 16280, 106235)
(40003, 49900, 16280, 106183)
(39940, 49900, 16280, 106120)
(39908, 49900, 16280, 106088)
(39885, 49900, 16280, 106065)
(39873, 49900, 16280, 106053)
(39872, 49900, 16280, 106052)
(39826, 49900, 16280, 106006)
(39788, 49900, 16280, 105968)
(39749, 49900, 16280, 105929)
(39704, 49900, 16280, 105884)
(39669, 49900, 16280, 105849)
(39600, 49900, 16280, 105780)
(39552, 49900, 16280, 105732)
(39534, 49900, 16280, 105714)
(39489, 49900, 16280, 105669)
(39477, 49900, 16280, 105657)
(39461, 49900, 16280, 105641)
(39452, 49900, 16280, 105632)
(39385, 49900, 16280, 105565)
(39360, 49900, 16280, 105540)
(39317, 49900, 16280, 105497)
(39292, 49900, 16280, 105472)
(39253, 49900, 16280, 105433)
(39199, 49900, 16280, 105379)
(39128, 49900, 16280, 105308)
(39069, 49900, 16280, 105249)
(38976, 49900, 16280, 105156)
(38930, 49900, 16280, 105110)
(38903, 49900, 16280, 105083)
(38839, 49900, 16280, 105019)
(38829, 49900, 16280, 105009)
(38760, 49900, 16280, 104940)
(38734, 49900, 16280, 104914)
(38709, 49900, 16280, 104889)
(38658, 49900, 16280, 104838)
(38621, 49900, 16280, 104801)
(38607, 49900, 16280, 104787)
(38553, 49900, 16280, 104733)
(38510, 49900, 16280, 104690)
(38463, 49900, 16280, 104643)
(38439, 49900, 16280, 104619)
(38386, 49900, 16280, 104566)
(38347, 49900, 16280, 104527)
(38299, 49900, 16280, 104479)
(38251, 49900, 16280, 104431)
(38226, 49900, 16280, 104406)
(38211, 49900, 16280, 104391)
(38199, 49900, 16280, 104379)
(38148, 49900, 16280, 104328)
(38106, 49900, 16280, 104286)
(38070, 49900, 16280, 104250)
(38018, 49900, 16280, 104198)
(37982, 49900, 16280, 104162)
(37957, 49900, 16280, 104137)
(37929, 49900, 16280, 104109)
(37903, 49900, 16280, 104083)
(37841, 49900, 16280, 104021)
(37790, 49900, 16280, 103970)
(37753, 49900, 16280, 103933)
(37700, 49900, 16280, 103880)
(37649, 49900, 16280, 103829)
(37599, 49900, 16280, 103779)
(37555, 49900, 16280, 103735)
(37535, 49900, 16280, 103715)
(37502, 49900, 16280, 103682)
(37486, 49900, 16280, 103666)
(37447, 49900, 16280, 103627)
(37397, 49900, 16280, 103577)
(37362, 49900, 16280, 103542)
(37312, 49900, 16280, 103492)
(37276, 49900, 16280, 103456)
(37254, 49900, 16280, 103434)
(37251, 49900, 16280, 103431)
(37191, 49900, 16280, 103371)
(37164, 49900, 16280, 103344)
(37137, 49900, 16280, 103317)
(37124, 49900, 16280, 103304)
(37060, 49900, 16280, 103240)
(37000, 49900, 16280, 103180)
(36962, 49900, 16280, 103142)
(36923, 49900, 16280, 103103)
(36892, 49900, 16280, 103072)
(36869, 49900, 16280, 103049)
(36820, 49900, 16280, 103000)
(36780, 49900, 16280, 102960)
(36753, 49900, 16280, 102933)
(36712, 49900, 16280, 102892)
(36694, 49900, 16280, 102874)
(36653, 49900, 16280, 102833)
(36618, 49900, 16280, 102798)
(36593, 49900, 16280, 102773)
(36559, 49900, 16280, 102739)
(36555, 49900, 16280, 102735)
(36517, 49900, 16280, 102697)
(36464, 49900, 16280, 102644)
(36426, 49900, 16280, 102606)
(36370, 49900, 16280, 102550)
(36350, 49900, 16280, 102530)
(36290, 49900, 16280, 102470)
(36240, 49900, 16280, 102420)
(36222, 49900, 16280, 102402)
(36169, 49900, 16280, 102349)
(36146, 49900, 16280, 102326)
(36113, 49900, 16280, 102293)
(36070, 49900, 16280, 102250)
(36051, 49900, 16280, 102231)
(36019, 49900, 16280, 102199)
(35995, 49900, 16280, 102175)
(35958, 49900, 16280, 102138)
(35939, 49900, 16280, 102119)
(35877, 49900, 16280, 102057)
(35830, 49900, 16280, 102010)
(35781, 49900, 16280, 101961)
(35725, 49900, 16280, 101905)
(35590, 49900, 16280, 101770)
(35550, 49900, 16280, 101730)
(35523, 49900, 16280, 101703)
(35494, 49900, 16280, 101674)
(35470, 49900, 16280, 101650)
(35428, 49900, 16280, 101608)
(35413, 49900, 16280, 101593)
(35394, 49900, 16280, 101574)
(35380, 49900, 16280, 101560)
(35337, 49900, 16280, 101517)
(35304, 49900, 16280, 101484)
(35263, 49900, 16280, 101443)
(35221, 49900, 16280, 101401)
(35177, 49900, 16280, 101357)
(35140, 49900, 16280, 101320)
(35064, 49900, 16280, 101244)
(34994, 49900, 16280, 101174)
(34976, 49900, 16280, 101156)
(34963, 49900, 16280, 101143)
(34930, 49900, 16280, 101110)
(34886, 49900, 16280, 101066)
(34866, 49900, 16280, 101046)
(34841, 49900, 16280, 101021)
(34826, 49900, 16280, 101006)
(34783, 49900, 16280, 100963)
(34761, 49900, 16280, 100941)
(34721, 49900, 16280, 100901)
(34677, 49900, 16280, 100857)
(34662, 49900, 16280, 100842)
(34603, 49900, 16280, 100783)
(34544, 49900, 16280, 100724)
(34494, 49900, 16280, 100674)
(34452, 49900, 16280, 100632)
(34389, 49900, 16280, 100569)
(34331, 49900, 16280, 100511)
(34305, 49900, 16280, 100485)
(34248, 49900, 16280, 100428)
(34216, 49900, 16280, 100396)
(34192, 49900, 16280, 100372)
(34153, 49900, 16280, 100333)
(34125, 49900, 16280, 100305)
(34117, 49900, 16280, 100297)
(34087, 49900, 16280, 100267)
(34069, 49900, 16280, 100249)
(34039, 49900, 16280, 100219)
(33982, 49900, 16280, 100162)
(33978, 49900, 16280, 100158)
(33945, 49900, 16280, 100125)
(33911, 49900, 16280, 100091)
(33887, 49900, 16280, 100067)
(33855, 49900, 16280, 100035)
(33803, 49900, 16280, 99983)
(33784, 49900, 16280, 99964)
(33761, 49900, 16280, 99941)
(33694, 49900, 16280, 99874)
(33667, 49900, 16280, 99847)
(33620, 49900, 16280, 99800)
(33556, 49900, 16280, 99736)
(33541, 49900, 16280, 99721)
(33479, 49900, 16280, 99659)
(33442, 49900, 16280, 99622)
(33398, 49900, 16280, 99578)
(33340, 49900, 16280, 99520)
(33289, 49900, 16280, 99469)
(33245, 49900, 16280, 99425)
(33200, 49900, 16280, 99380)
(33160, 49900, 16280, 99340)
(33096, 49900, 16280, 99276)
(33066, 49900, 16280, 99246)
(33039, 49900, 16280, 99219)
(33007, 49900, 16280, 99187)
(32964, 49900, 16280, 99144)
(32917, 49900, 16280, 99097)
(32883, 49900, 16280, 99063)
(32846, 49900, 16280, 99026)
(32820, 49900, 16280, 99000)
(32811, 49900, 16280, 98991)
(32779, 49900, 16280, 98959)
(32756, 49900, 16280, 98936)
(32717, 49900, 16280, 98897)
(32663, 49900, 16280, 98843)
(32604, 49900, 16280, 98784)
(32576, 49900, 16280, 98756)
(32527, 49900, 16280, 98707)
(32511, 49900, 16280, 98691)
(32461, 49900, 16280, 98641)
(32416, 49900, 16280, 98596)
(32389, 49900, 16280, 98569)
(32383, 49900, 16280, 98563)
(32328, 49900, 16280, 98508)
(32288, 49900, 16280, 98468)
(32251, 49900, 16280, 98431)
(32197, 49900, 16280, 98377)
(32135, 49900, 16280, 98315)
(32126, 49900, 16280, 98306)
(32088, 49900, 16280, 98268)
(32068, 49900, 16280, 98248)
(32054, 49900, 16280, 98234)
(32027, 49900, 16280, 98207)
(31975, 49900, 16280, 98155)
(31901, 49900, 16280, 98081)
(31845, 49900, 16280, 98025)
(31782, 49900, 16280, 97962)
(31752, 49900, 16280, 97932)
(31715, 49900, 16280, 97895)
(31698, 49900, 16280, 97878)
(31675, 49900, 16280, 97855)
(31659, 49900, 16280, 97839)
(31644, 49900, 16280, 97824)
(31590, 49900, 16280, 97770)
(31547, 49900, 16280, 97727)
(31539, 49900, 16280, 97719)
(31472, 49900, 16280, 97652)
(31444, 49900, 16280, 97624)
