(73456, 74874, 21307, 169637)
(73425, 74874, 21307, 169606)
(73386, 74874, 21307, 169567)
(73343, 74874, 21307, 169524)
(73308, 74874, 21307, 169489)
(73284, 74874, 21307, 169465)
(73214, 74874, 21307, 169395)
(73187, 74874, 21307, 169368)
(73142, 74874, 21307, 169323)
(73094, 74874, 21307, 169275)
(73032, 74874, 21307, 169213)
(72983, 74874, 21307, 169164)
(72959, 74874, 21307, 169140)
(72922, 74874, 21307, 169103)
(72869, 74874, 21307, 169050)
(72836, 74874, 21307, 169017)
(72778, 74874, 21307, 168959)
(72713, 74874, 21307, 168894)
(72632, 74874, 21307, 168813)
(72570, 74874, 21307, 168751)
(72512, 74874, 21307, 168693)
(72437, 74874, 21307, 168618)
(72399, 74874, 21307, 168580)
(72361, 74874, 21307, 168542)
(72333, 74874, 21307, 168514)
(72272, 74874, 21307, 168453)
(72250, 74874, 21307, 168431)
(72237, 74874, 21307, 168418)
(72193, 74874, 21307, 168374)
(72139, 74874, 21307, 168320)
(72099, 74874, 21307, 168280)
(72056, 74874, 21307, 168237)
(71995, 74874, 21307, 168176)
(71968, 74874, 21307, 168149)
(71950, 74874, 21307, 168131)
(71895, 74874, 21307, 168076)
(71819, 74874, 21307, 168000)
(71760, 74874, 21307, 167941)
(71712, 74874, 21307, 167893)
(71667, 74874, 21307, 167848)
(71623, 74874, 21307, 167804)
(71552, 74874, 21307, 167733)
(71504, 74874, 21307, 167685)
(71433, 74874, 21307, 167614)
(71359, 74874, 21307, 167540)
(71285, 74874, 21307, 167466)
(71258, 74874, 21307, 167439)
(71234, 74874, 21307, 167415)
(71130, 74874, 21307, 167311)
(71086, 74874, 21307, 167267)
(71031, 74874, 21307, 167212)
(70970, 74874, 21307, 167151)
(70943, 74874, 21307, 167124)
(70885, 74874, 21307, 167066)
(70856, 74874, 21307, 167037)
(70794, 74874, 21307, 166975)
(70750, 74874, 21307, 166931)
(70671, 74874, 21307, 166852)
(70590, 74874, 21307, 166771)
(70537, 74874, 21307, 166718)
(70523, 74874, 21307, 166704)
(70493, 74874, 21307, 166674)
(70442, 74874, 21307, 166623)
(70397, 74874, 21307, 166578)
(70351, 74874, 21307, 166532)
(70324, 74874, 21307, 166505)
(70263, 74874, 21307, 166444)
(70236, 74874, 21307, 166417)
(70174, 74874, 21307, 166355)
(70134, 74874, 21307, 166315)
(70111, 74874, 21307, 166292)
(70066, 74874, 21307, 166247)
(70027, 74874, 21307, 166208)
(70005, 74874, 21307, 166186)
(69949, 74874, 21307, 166130)
(69892, 74874, 21307, 166073)
(69821, 74874, 21307, 166002)
(69750, 74874, 21307, 165931)
(69686, 74874, 21307, 165867)
(69670, 74874, 21307, 165851)
(69608, 74874, 21307, 165789)
(69541, 74874, 21307, 165722)
(69522, 74874, 21307, 165703)
(69454, 74874, 21307, 165635)
(69428, 74874, 21307, 165609)
(69423, 74874, 21307, 165604)
(69385, 74874, 21307, 165566)
(69336, 74874, 21307, 165517)
(69252, 74874, 21307, 165433)
(69179, 74874, 21307, 165360)
(69128, 74874, 21307, 165309)
(69079, 74874, 21307, 165260)
(68986, 74874, 21307, 165167)
(68901, 74874, 21307, 165082)
(68803, 74874, 21307, 164984)
(68708, 74874, 21307, 164889)
(68634, 74874, 21307, 164815)
(68583, 74874, 21307, 164764)
(68535, 74874, 21307, 164716)
(68485, 74874, 21307, 164666)
(68414, 74874, 21307, 164595)
(68331, 74874, 21307, 164512)
(68308, 74874, 21307, 164489)
(68282, 74874, 21307, 164463)
(68242, 74874, 21307, 164423)
(68183, 74874, 21307, 164364)
(68178, 74874, 21307, 164359)
(68143, 74874, 21307, 164324)
(68100, 74874, 21307, 164281)
(68045, 74874, 21307, 164226)
(68013, 74874, 21307, 164194)
(67966, 74874, 21307, 164147)
(67935, 74874, 21307, 164116)
(67848, 74874, 21307, 164029)
(67790, 74874, 21307, 163971)
(67745, 74874, 21307, 163926)
(67738, 74874, 21307, 163919)
(67698, 74874, 21307, 163879)
(67664, 74874, 21307, 163845)
(67611, 74874, 21307, 163792)
(67544, 74874, 21307, 163725)
(67486, 74874, 21307, 163667)
(67429, 74874, 21307, 163610)
(67403, 74874, 21307, 163584)
(67341, 74874, 21307, 163522)
(67242, 74874, 21307, 163423)
(67218, 74874, 21307, 163399)
(67176, 74874, 21307, 163357)
(67136, 74874, 21307, 163317)
(67108, 74874, 21307, 163289)
(67043, 74874, 21307, 163224)
(67033, 74874, 21307, 163214)
(67003, 74874, 21307, 163184)
(66960, 74874, 21307, 163141)
(66934, 74874, 21307, 163115)
(66899, 74874, 21307, 163080)
(66850, 74874, 21307, 163031)
(66819, 74874, 21307, 163000)
(66801, 74874, 21307, 162982)
(66715, 74874, 21307, 162896)
(66650, 74874, 21307, 162831)
(66590, 74874, 21307, 162771)
(66499, 74874, 21307, 162680)
(66434, 74874, 21307, 162615)
(66382, 74874, 21307, 162563)
(66319, 74874, 21307, 162500)
(66308, 74874, 21307, 162489)
(66269, 74874, 21307, 162450)
(66237, 74874, 21307, 162418)
(66155, 74874, 21307, 162336)
(66114, 74874, 21307, 162295)
(66061, 74874, 21307, 162242)
(66027, 74874, 21307, 162208)
(66001, 74874, 21307, 162182)
(65973, 74874, 21307, 162154)
(65949, 74874, 21307, 162130)
(65892, 74874, 21307, 162073)
(65860, 74874, 21307, 162041)
(65802, 74874, 21307, 161983)
(65745, 74874, 21307, 161926)
(65695, 74874, 21307, 161876)
(65653, 74874, 21307, 161834)
(65625, 74874, 21307, 161806)
(65569, 74874, 21307, 161750)
(65528, 74874, 21307, 161709)
(65483, 74874, 21307, 161664)
(65441, 74874, 21307, 161622)
(65391, 74874, 21307, 161572)
(65333, 74874, 21307, 161514)
(65320, 74874, 21307, 161501)
(65314, 74874, 21307, 161495)
(65298, 74874, 21307, 161479)
(65267, 74874, 21307, 161448)
(65223, 74874, 21307, 161404)
(65152, 74874, 21307, 161333)
(65139, 74874, 21307, 161320)
(65086, 74874, 21307, 161267)
(65038, 74874, 21307, 161219)
(64989, 74874, 21307, 161170)
(64929, 74874, 21307, 161110)
(64854, 74874, 21307, 161035)
(64809, 74874, 21307, 160990)
(64778, 74874, 21307, 160959)
(64737, 74874, 21307, 160918)
(64687, 74874, 21307, 160868)
(64629, 74874, 21307, 160810)
(64589, 74874, 21307, 160770)
(64528, 74874, 21307, 160709)
(64500, 74874, 21307, 160681)
(64496, 74874, 21307, 160677)
(64423, 74874, 21307, 160604)
(64339, 74874, 21307, 160520)
(64255, 74874, 21307, 160436)
(64192, 74874, 21307, 160373)
(64128, 74874, 21307, 160309)
(64084, 74874, 21307, 160265)
(64018, 74874, 21307, 160199)
(63970, 74874, 21307, 160151)
(63936, 74874, 21307, 160117)
(63880, 74874, 21307, 160061)
(63818, 74874, 21307, 159999)
(63729, 74874, 21307, 159910)
(63692, 74874, 21307, 159873)
(63639, 74874, 21307, 159820)
(63581, 74874, 21307, 159762)
(63542, 74874, 21307, 159723)
(63498, 74874, 21307, 159679)
(63451, 74874, 21307, 159632)
(63396, 74874, 21307, 159577)
(63338, 74874, 21307, 159519)
(63316, 74874, 21307, 159497)
(63263, 74874, 21307, 159444)
(63237, 74874, 21307, 159418)
(63201, 74874, 21307, 159382)
(63127, 74874, 21307, 159308)
(63079, 74874, 21307, 159260)
(63013, 74874, 21307, 159194)
(62951, 74874, 21307, 159132)
(62877, 74874, 21307, 159058)
(62840, 74874, 21307, 159021)
(62812, 74874, 21307, 158993)
(62787, 74874, 21307, 158968)
(62712, 74874, 21307, 158893)
(62632, 74874, 21307, 158813)
(62568, 74874, 21307, 158749)
(62535, 74874, 21307, 158716)
(62472, 74874, 21307, 158653)
(62397, 74874, 21307, 158578)
(62368, 74874, 21307, 158549)
(62338, 74874, 21307, 158519)
(62313, 74874, 21307, 158494)
(62259, 74874, 21307, 158440)
(62223, 74874, 21307, 158404)
(62194, 74874, 21307, 158375)
(62155, 74874, 21307, 158336)
(62106, 74874, 21307, 158287)
(62084, 74874, 21307, 158265)
(62067, 74874, 21307, 158248)
(62044, 74874, 21307, 158225)
(61996, 74874, 21307, 158177)
(61937, 74874, 21307, 158118)
(61888, 74874, 21307, 158069)
(61887, 74874, 21307, 158068)
(61840, 74874, 21307, 158021)
(61763, 74874, 21307, 157944)
(61718, 74874, 21307, 157899)
(61687, 74874, 21307, 157868)
(61648, 74874, 21307, 157829)
(61591, 74874, 21307, 157772)
(61552, 74874, 21307, 157733)
(61512, 74874, 21307, 157693)
(61481, 74874, 21307, 157662)
(61421, 74874, 21307, 157602)
(61382, 74874, 21307, 157563)
(61317, 74874, 21307, 157498)
(61261, 74874, 21307, 157442)
(61253, 74874, 21307, 157434)
(61191, 74874, 21307, 157372)
(61148, 74874, 21307, 157329)
(61107, 74874, 21307, 157288)
(61066, 74874, 21307, 157247)
(60991, 74874, 21307, 157172)
(60957, 74874, 21307, 157138)
(60887, 74874, 21307, 157068)
(60813, 74874, 21307, 156994)
(60800, 74874, 21307, 156981)
(60762, 74874, 21307, 156943)
(60716, 74874, 21307, 156897)
(60679, 74874, 21307, 156860)
(60610, 74874, 21307, 156791)
(60541, 74874, 21307, 156722)
(60470, 74874, 21307, 156651)
(60416, 74874, 21307, 156597)
(60374, 74874, 21307, 156555)
(60355, 74874, 21307, 156536)
(60263, 74874, 21307, 156444)
(60180, 74874, 21307, 156361)
(60136, 74874, 21307, 156317)
(60080, 74874, 21307, 156261)
(60044, 74874, 21307, 156225)
(60025, 74874, 21307, 156206)
(59972, 74874, 21307, 156153)
(59941, 74874, 21307, 156122)
(59920, 74874, 21307, 156101)
(59899, 74874, 21307, 156080)
(59878, 74874, 21307, 156059)
(59855, 74874, 21307, 156036)
(59783, 74874, 21307, 155964)
(59720, 74874, 21307, 155901)
(59657, 74874, 21307, 155838)
(59585, 74874, 21307, 155766)
(59516, 74874, 21307, 155697)
(59496, 74874, 21307, 155677)
(59446, 74874, 21307, 155627)
(59382, 74874, 21307, 155563)
(59349, 74874, 21307, 155530)
(59291, 74874, 21307, 155472)
(59238, 74874, 21307, 155419)
(59199, 74874, 21307, 155380)
(59105, 74874, 21307, 155286)
(59074, 74874, 21307, 155255)
(59026, 74874, 21307, 155207)
(58959, 74874, 21307, 155140)
(58882, 74874, 21307, 155063)
(58834, 74874, 21307, 155015)
(58816, 74874, 21307, 154997)
(58752, 74874, 21307, 154933)
(58712, 74874, 21307, 154893)
(58663, 74874, 21307, 154844)
(58652, 74874, 21307, 154833)
(58619, 74874, 21307, 154800)
(58581, 74874, 21307, 154762)
(58563, 74874, 21307, 154744)
(58533, 74874, 21307, 154714)
(58515, 74874, 21307, 154696)
(58491, 74874, 21307, 154672)
(58415, 74874, 21307, 154596)
(58374, 74874, 21307, 154555)
(58319, 74874, 21307, 154500)
(58269, 74874, 21307, 154450)
(58244, 74874, 21307, 154425)
(58238, 74874, 21307, 154419)
(58195, 74874, 21307, 154376)
(58141, 74874, 21307, 154322)
(58071, 74874, 21307, 154252)
(58036, 74874, 21307, 154217)
(57957, 74874, 21307, 154138)
(57938, 74874, 21307, 154119)
(57899, 74874, 21307, 154080)
(57830, 74874, 21307, 154011)
(57797, 74874, 21307, 153978)
(57787, 74874, 21307, 153968)
(57741, 74874, 21307, 153922)
(57726, 74874, 21307, 153907)
(57657, 74874, 21307, 153838)
(57628, 74874, 21307, 153809)
(57588, 74874, 21307, 153769)
(57536, 74874, 21307, 153717)
(57508, 74874, 21307, 153689)
(57485, 74874, 21307, 153666)
(57432, 74874, 21307, 153613)
(57339, 74874, 21307, 153520)
(57295, 74874, 21307, 153476)
(57205, 74874, 21307, 153386)
(57133, 74874, 21307, 153314)
(57096, 74874, 21307, 153277)
(57063, 74874, 21307, 153244)
(57040, 74874, 21307, 153221)
(57011, 74874, 21307, 153192)
(56962, 74874, 21307, 153143)
(56901, 74874, 21307, 153082)
(56829, 74874, 21307, 153010)
(56772, 74874, 21307, 152953)
(56721, 74874, 21307, 152902)
(56651, 74874, 21307, 152832)
(56578, 74874, 21307, 152759)
(56569, 74874, 21307, 152750)
(56520, 74874, 21307, 152701)
(56495, 74874, 21307, 152676)
(56421, 74874, 21307, 152602)
(56357, 74874, 21307, 152538)
(56317, 74874, 21307, 152498)
(56256, 74874, 21307, 152437)
(56218, 74874, 21307, 152399)
(56166, 74874, 21307, 152347)
(56135, 74874, 21307, 152316)
