(44293, 40608, 14414, 99315)
(41983, 41996, 14414, 98393)
(42667, 41166, 14414, 98247)
(40101, 43022, 14414, 97537)
(37653, 44426, 14414, 96493)
(35610, 46110, 14414, 96134)
(33486, 47104, 14414, 95004)
(31038, 48508, 14414, 93960)
(30304, 49154, 14414, 93872)
(29087, 49928, 14414, 93429)
(81908, 10436, 7674, 100018)
(81048, 10744, 7674, 99466)
(81117, 10368, 6677, 98162)
(80760, 10600, 6677, 98037)
(80305, 10742, 6677, 97724)
(80265, 10742, 6677, 97684)
(80132, 10742, 6677, 97551)
(77932, 12286, 6677, 96895)
(77932, 12286, 6677, 96895)
(76246, 13848, 6677, 96771)
(74950, 14188, 8927, 98065)
(74950, 14188, 8927, 98065)
(74836, 14188, 8927, 97951)
(74674, 14188, 8927, 97789)
(73369, 15234, 8927, 97530)
(73224, 15356, 8927, 97507)
(72520, 15980, 8927, 97427)
(73772, 14688, 8927, 97387)
(73682, 14688, 8927, 97297)
(72095, 15980, 8927, 97002)
(73534, 14464, 9691, 97689)
(73467, 14464, 9691, 97622)
(71753, 15918, 9597, 97268)
(70685, 16182, 9597, 96464)
(70561, 16182, 9597, 96340)
(70543, 16182, 9597, 96322)
(68813, 17316, 9597, 95726)
(68789, 17316, 9597, 95702)
(68690, 17316, 9597, 95603)
(68531, 17316, 9597, 95444)
(67147, 18244, 11109, 96500)
(67015, 18244, 11109, 96368)
(67706, 17256, 11109, 96071)
(67675, 17256, 11109, 96040)
(67503, 17256, 11109, 95868)
(67352, 17256, 11109, 95717)
(67272, 17256, 11109, 95637)
(65913, 18496, 11109, 95518)
(65913, 18496, 11109, 95518)
(64959, 18946, 11109, 95014)
(67118, 17256, 12310, 96684)
(67118, 17256, 12310, 96684)
(67118, 17256, 12310, 96684)
(66995, 17256, 12310, 96561)
(66995, 17256, 12310, 96561)
(65082, 19012, 12310, 96404)
(65001, 19012, 12310, 96323)
(64885, 19071, 12310, 96266)
(64160, 19476, 12310, 95946)
(64033, 19476, 12310, 95819)
(65757, 18042, 12111, 95910)
(65756, 18042, 12111, 95909)
(65509, 18042, 12111, 95662)
(65214, 18042, 12111, 95367)
(65118, 18042, 12111, 95271)
(65118, 18042, 12111, 95271)
(65049, 18082, 12111, 95242)
(64999, 18042, 12111, 95152)
(64848, 18082, 12111, 95041)
(64713, 18082, 12111, 94906)
(65122, 18042, 12363, 95527)
(65043, 18042, 12363, 95448)
(65043, 18042, 12363, 95448)
(64893, 18042, 12363, 95298)
(64847, 18042, 12363, 95252)
(64791, 18042, 12363, 95196)
(64516, 18148, 12363, 95027)
(64399, 18148, 12363, 94910)
(64071, 18475, 12363, 94909)
(63055, 19290, 12363, 94708)
(64132, 18322, 12297, 94751)
(62501, 19900, 12297, 94698)
(61072, 21112, 12297, 94481)
(61042, 21112, 12297, 94451)
(61019, 21112, 12297, 94428)
(60944, 21112, 12297, 94353)
(60944, 21112, 12297, 94353)
(60122, 21742, 12297, 94161)
(60044, 21742, 12297, 94083)
(59872, 21742, 12297, 93911)
(59959, 21030, 12966, 93955)
(59885, 21030, 12966, 93881)
(59821, 21030, 12966, 93817)
(59821, 21030, 12966, 93817)
(58576, 21967, 12978, 93521)
(58485, 21838, 12978, 93301)
(58264, 21838, 12978, 93080)
(58264, 21838, 12978, 93080)
(58098, 21838, 12978, 92914)
(57882, 21838, 12978, 92698)
(57776, 21838, 13239, 92853)
(57611, 21838, 13239, 92688)
(57611, 21838, 13239, 92688)
(57611, 21838, 13239, 92688)
(57357, 21838, 13239, 92434)
(57357, 21838, 13239, 92434)
(57196, 21889, 13239, 92324)
(57183, 21889, 13239, 92311)
(57003, 21889, 13239, 92131)
(56943, 21889, 13239, 92071)
(56789, 21940, 13298, 92027)
(56789, 21940, 13298, 92027)
(56974, 21542, 13494, 92010)
(55760, 22843, 13298, 91901)
(55476, 22979, 13298, 91753)
(55476, 22979, 13298, 91753)
(55340, 23107, 13298, 91745)
(55283, 23107, 13298, 91688)
(54939, 23389, 13298, 91626)
(53990, 23783, 13298, 91071)
(54544, 23648, 13684, 91876)
(54544, 23648, 13684, 91876)
(54416, 23648, 13684, 91748)
(54332, 23648, 13684, 91664)
(54332, 23648, 13684, 91664)
(54325, 23648, 13684, 91657)
(53312, 24646, 13684, 91642)
(53202, 24242, 13684, 91128)
(53195, 24242, 13684, 91121)
(53195, 24242, 13684, 91121)
(53318, 24012, 14248, 91578)
(53318, 24012, 14248, 91578)
(53318, 24012, 14248, 91578)
(53191, 24012, 14248, 91451)
(53153, 24012, 14248, 91413)
(53115, 24012, 14248, 91375)
(53018, 24096, 14248, 91362)
(53018, 24096, 14248, 91362)
(52954, 24096, 14248, 91298)
(52741, 24251, 14248, 91240)
(53076, 24012, 14270, 91358)
(53055, 24012, 14270, 91337)
(52763, 24012, 14270, 91045)
(52763, 24012, 14270, 91045)
(52462, 24128, 14270, 90860)
(52471, 24012, 14270, 90753)
(52205, 24128, 14270, 90603)
(52188, 24128, 14270, 90586)
(52152, 24128, 14270, 90550)
(52027, 24128, 14270, 90425)
(52114, 24128, 14441, 90683)
(52114, 24128, 14441, 90683)
(52102, 24128, 14441, 90671)
(51986, 24128, 14441, 90555)
(51860, 24128, 14441, 90429)
(51860, 24128, 14441, 90429)
(51658, 24275, 14441, 90374)
(51789, 24128, 14441, 90358)
(51437, 24380, 14441, 90258)
(50553, 25116, 14441, 90110)
(51884, 23804, 14686, 90374)
(51736, 23910, 14686, 90332)
(51595, 23910, 14686, 90191)
(51595, 23910, 14686, 90191)
(51502, 23910, 14686, 90098)
(51089, 24178, 14686, 89953)
(51089, 24178, 14686, 89953)
(51089, 24178, 14686, 89953)
(51089, 24178, 14686, 89953)
(51010, 24178, 14686, 89874)
(51199, 24098, 15005, 90302)
(51186, 24098, 15005, 90289)
(51119, 24098, 15005, 90222)
(51092, 24098, 15005, 90195)
(51048, 24098, 15005, 90151)
(51232, 24098, 15005, 90335)
