(44357, 44336, 18992, 107685)
(44306, 44336, 18992, 107634)
(44290, 44336, 18992, 107618)
(44281, 44336, 18992, 107609)
(44262, 44336, 18992, 107590)
(44237, 44336, 18992, 107565)
(44203, 44336, 18992, 107531)
(44182, 44336, 18992, 107510)
(44148, 44336, 18992, 107476)
(44117, 44336, 18992, 107445)
(44083, 44336, 18992, 107411)
(44045, 44336, 18992, 107373)
(44015, 44336, 18992, 107343)
(43982, 44336, 18992, 107310)
(43953, 44336, 18992, 107281)
(43913, 44336, 18992, 107241)
(43876, 44336, 18992, 107204)
(43856, 44336, 18992, 107184)
(43818, 44336, 18992, 107146)
(43790, 44336, 18992, 107118)
(43779, 44336, 18992, 107107)
(43738, 44336, 18992, 107066)
(43708, 44336, 18992, 107036)
(43677, 44336, 18992, 107005)
(43637, 44336, 18992, 106965)
(43624, 44336, 18992, 106952)
(43610, 44336, 18992, 106938)
(43575, 44336, 18992, 106903)
(43561, 44336, 18992, 106889)
(43532, 44336, 18992, 106860)
(43528, 44336, 18992, 106856)
(43512, 44336, 18992, 106840)
(43488, 44336, 18992, 106816)
(43471, 44336, 18992, 106799)
(43459, 44336, 18992, 106787)
(43432, 44336, 18992, 106760)
(43408, 44336, 18992, 106736)
(43381, 44336, 18992, 106709)
(43351, 44336, 18992, 106679)
(43337, 44336, 18992, 106665)
(43322, 44336, 18992, 106650)
(43286, 44336, 18992, 106614)
(43261, 44336, 18992, 106589)
(43232, 44336, 18992, 106560)
(43190, 44336, 18992, 106518)
(43168, 44336, 18992, 106496)
(43136, 44336, 18992, 106464)
(43104, 44336, 18992, 106432)
(43087, 44336, 18992, 106415)
(43060, 44336, 18992, 106388)
(43014, 44336, 18992, 106342)
(42978, 44336, 18992, 106306)
(42926, 44336, 18992, 106254)
(42899, 44336, 18992, 106227)
(42886, 44336, 18992, 106214)
(42851, 44336, 18992, 106179)
(42838, 44336, 18992, 106166)
(42802, 44336, 18992, 106130)
(42754, 44336, 18992, 106082)
(42737, 44336, 18992, 106065)
(42709, 44336, 18992, 106037)
(42685, 44336, 18992, 106013)
(42650, 44336, 18992, 105978)
(42596, 44336, 18992, 105924)
(42565, 44336, 18992, 105893)
(42525, 44336, 18992, 105853)
(42496, 44336, 18992, 105824)
(42470, 44336, 18992, 105798)
(42446, 44336, 18992, 105774)
(42412, 44336, 18992, 105740)
(42376, 44336, 18992, 105704)
(42364, 44336, 18992, 105692)
(42347, 44336, 18992, 105675)
(42313, 44336, 18992, 105641)
(42260, 44336, 18992, 105588)
(42229, 44336, 18992, 105557)
(42201, 44336, 18992, 105529)
(42179, 44336, 18992, 105507)
(42152, 44336, 18992, 105480)
(42129, 44336, 18992, 105457)
(42094, 44336, 18992, 105422)
(42076, 44336, 18992, 105404)
(42054, 44336, 18992, 105382)
(42023, 44336, 18992, 105351)
(41989, 44336, 18992, 105317)
(41963, 44336, 18992, 105291)
(41945, 44336, 18992, 105273)
(41924, 44336, 18992, 105252)
(41901, 44336, 18992, 105229)
(41872, 44336, 18992, 105200)
(41839, 44336, 18992, 105167)
(41819, 44336, 18992, 105147)
(41784, 44336, 18992, 105112)
(41756, 44336, 18992, 105084)
(41737, 44336, 18992, 105065)
(41729, 44336, 18992, 105057)
(41711, 44336, 18992, 105039)
(41698, 44336, 18992, 105026)
(41668, 44336, 18992, 104996)
(41666, 44336, 18992, 104994)
(41656, 44336, 18992, 104984)
(41623, 44336, 18992, 104951)
(41589, 44336, 18992, 104917)
(41557, 44336, 18992, 104885)
(41533, 44336, 18992, 104861)
(41522, 44336, 18992, 104850)
(41482, 44336, 18992, 104810)
(41455, 44336, 18992, 104783)
(41441, 44336, 18992, 104769)
(41419, 44336, 18992, 104747)
(41387, 44336, 18992, 104715)
(41354, 44336, 18992, 104682)
(41329, 44336, 18992, 104657)
(41297, 44336, 18992, 104625)
(41278, 44336, 18992, 104606)
(41256, 44336, 18992, 104584)
(41239, 44336, 18992, 104567)
(41227, 44336, 18992, 104555)
(41191, 44336, 18992, 104519)
(41161, 44336, 18992, 104489)
(41150, 44336, 18992, 104478)
(41138, 44336, 18992, 104466)
(41123, 44336, 18992, 104451)
(41105, 44336, 18992, 104433)
(41077, 44336, 18992, 104405)
(41043, 44336, 18992, 104371)
(41013, 44336, 18992, 104341)
(40987, 44336, 18992, 104315)
(40979, 44336, 18992, 104307)
(40958, 44336, 18992, 104286)
(40940, 44336, 18992, 104268)
(40906, 44336, 18992, 104234)
(40873, 44336, 18992, 104201)
(40849, 44336, 18992, 104177)
(40848, 44336, 18992, 104176)
(40840, 44336, 18992, 104168)
(40805, 44336, 18992, 104133)
(40784, 44336, 18992, 104112)
(40762, 44336, 18992, 104090)
(40719, 44336, 18992, 104047)
(40691, 44336, 18992, 104019)
(40671, 44336, 18992, 103999)
(40643, 44336, 18992, 103971)
(40622, 44336, 18992, 103950)
(40610, 44336, 18992, 103938)
(40588, 44336, 18992, 103916)
(40572, 44336, 18992, 103900)
(40539, 44336, 18992, 103867)
(40503, 44336, 18992, 103831)
(40483, 44336, 18992, 103811)
(40475, 44336, 18992, 103803)
(40450, 44336, 18992, 103778)
(40419, 44336, 18992, 103747)
(40396, 44336, 18992, 103724)
(40342, 44336, 18992, 103670)
(40295, 44336, 18992, 103623)
(40273, 44336, 18992, 103601)
(40262, 44336, 18992, 103590)
(40245, 44336, 18992, 103573)
(40239, 44336, 18992, 103567)
(40203, 44336, 18992, 103531)
(40162, 44336, 18992, 103490)
(40129, 44336, 18992, 103457)
(40087, 44336, 18992, 103415)
(40048, 44336, 18992, 103376)
(40024, 44336, 18992, 103352)
(39990, 44336, 18992, 103318)
(39962, 44336, 18992, 103290)
(39928, 44336, 18992, 103256)
(39913, 44336, 18992, 103241)
(39886, 44336, 18992, 103214)
(39857, 44336, 18992, 103185)
(39825, 44336, 18992, 103153)
(39800, 44336, 18992, 103128)
(39786, 44336, 18992, 103114)
(39762, 44336, 18992, 103090)
(39736, 44336, 18992, 103064)
(39716, 44336, 18992, 103044)
(39697, 44336, 18992, 103025)
(39661, 44336, 18992, 102989)
(39612, 44336, 18992, 102940)
(39577, 44336, 18992, 102905)
(39562, 44336, 18992, 102890)
(39539, 44336, 18992, 102867)
(39507, 44336, 18992, 102835)
(39493, 44336, 18992, 102821)
(39469, 44336, 18992, 102797)
(39444, 44336, 18992, 102772)
(39417, 44336, 18992, 102745)
(39396, 44336, 18992, 102724)
(39367, 44336, 18992, 102695)
(39352, 44336, 18992, 102680)
(39342, 44336, 18992, 102670)
(39315, 44336, 18992, 102643)
(39281, 44336, 18992, 102609)
(39251, 44336, 18992, 102579)
(39224, 44336, 18992, 102552)
(39201, 44336, 18992, 102529)
(39173, 44336, 18992, 102501)
(39142, 44336, 18992, 102470)
(39110, 44336, 18992, 102438)
(39089, 44336, 18992, 102417)
(39058, 44336, 18992, 102386)
(39041, 44336, 18992, 102369)
(39026, 44336, 18992, 102354)
(39000, 44336, 18992, 102328)
(38952, 44336, 18992, 102280)
(38924, 44336, 18992, 102252)
(38885, 44336, 18992, 102213)
(38859, 44336, 18992, 102187)
(38810, 44336, 18992, 102138)
(38784, 44336, 18992, 102112)
(38745, 44336, 18992, 102073)
(38724, 44336, 18992, 102052)
(38699, 44336, 18992, 102027)
(38675, 44336, 18992, 102003)
(38653, 44336, 18992, 101981)
(38642, 44336, 18992, 101970)
(38609, 44336, 18992, 101937)
(38585, 44336, 18992, 101913)
(38551, 44336, 18992, 101879)
(38531, 44336, 18992, 101859)
(38516, 44336, 18992, 101844)
(38492, 44336, 18992, 101820)
(38486, 44336, 18992, 101814)
(38466, 44336, 18992, 101794)
(38436, 44336, 18992, 101764)
(38424, 44336, 18992, 101752)
(38401, 44336, 18992, 101729)
(38386, 44336, 18992, 101714)
(38377, 44336, 18992, 101705)
(38347, 44336, 18992, 101675)
(38329, 44336, 18992, 101657)
(38298, 44336, 18992, 101626)
(38243, 44336, 18992, 101571)
(38229, 44336, 18992, 101557)
(38215, 44336, 18992, 101543)
(38168, 44336, 18992, 101496)
(38130, 44336, 18992, 101458)
(38089, 44336, 18992, 101417)
(38068, 44336, 18992, 101396)
(38051, 44336, 18992, 101379)
(38018, 44336, 18992, 101346)
(37980, 44336, 18992, 101308)
(37932, 44336, 18992, 101260)
(37903, 44336, 18992, 101231)
(37870, 44336, 18992, 101198)
(37839, 44336, 18992, 101167)
(37819, 44336, 18992, 101147)
(37818, 44336, 18992, 101146)
(37809, 44336, 18992, 101137)
(37765, 44336, 18992, 101093)
(37747, 44336, 18992, 101075)
(37728, 44336, 18992, 101056)
(37691, 44336, 18992, 101019)
(37653, 44336, 18992, 100981)
(37617, 44336, 18992, 100945)
(37601, 44336, 18992, 100929)
(37583, 44336, 18992, 100911)
(37556, 44336, 18992, 100884)
(37533, 44336, 18992, 100861)
(37499, 44336, 18992, 100827)
(37452, 44336, 18992, 100780)
(37444, 44336, 18992, 100772)
(37420, 44336, 18992, 100748)
(37398, 44336, 18992, 100726)
(37375, 44336, 18992, 100703)
(37338, 44336, 18992, 100666)
(37310, 44336, 18992, 100638)
(37275, 44336, 18992, 100603)
(37259, 44336, 18992, 100587)
(37244, 44336, 18992, 100572)
(37237, 44336, 18992, 100565)
(37227, 44336, 18992, 100555)
(37226, 44336, 18992, 100554)
(37181, 44336, 18992, 100509)
(37160, 44336, 18992, 100488)
(37133, 44336, 18992, 100461)
(37107, 44336, 18992, 100435)
(37089, 44336, 18992, 100417)
(37058, 44336, 18992, 100386)
(37048, 44336, 18992, 100376)
(37029, 44336, 18992, 100357)
(37008, 44336, 18992, 100336)
(36963, 44336, 18992, 100291)
(36956, 44336, 18992, 100284)
(36906, 44336, 18992, 100234)
(36867, 44336, 18992, 100195)
(36844, 44336, 18992, 100172)
(36808, 44336, 18992, 100136)
(36785, 44336, 18992, 100113)
(36766, 44336, 18992, 100094)
(36761, 44336, 18992, 100089)
(36760, 44336, 18992, 100088)
(36746, 44336, 18992, 100074)
(36722, 44336, 18992, 100050)
(36695, 44336, 18992, 100023)
(36677, 44336, 18992, 100005)
(36643, 44336, 18992, 99971)
(36613, 44336, 18992, 99941)
(36579, 44336, 18992, 99907)
(36562, 44336, 18992, 99890)
(36525, 44336, 18992, 99853)
(36497, 44336, 18992, 99825)
(36474, 44336, 18992, 99802)
(36467, 44336, 18992, 99795)
(36430, 44336, 18992, 99758)
(36401, 44336, 18992, 99729)
(36379, 44336, 18992, 99707)
(36350, 44336, 18992, 99678)
(36329, 44336, 18992, 99657)
(36305, 44336, 18992, 99633)
(36284, 44336, 18992, 99612)
(36273, 44336, 18992, 99601)
(36249, 44336, 18992, 99577)
(36222, 44336, 18992, 99550)
(36221, 44336, 18992, 99549)
(36196, 44336, 18992, 99524)
(36169, 44336, 18992, 99497)
(36158, 44336, 18992, 99486)
(36115, 44336, 18992, 99443)
(36082, 44336, 18992, 99410)
(36047, 44336, 18992, 99375)
(36029, 44336, 18992, 99357)
(35993, 44336, 18992, 99321)
(35969, 44336, 18992, 99297)
(35942, 44336, 18992, 99270)
(35925, 44336, 18992, 99253)
(35912, 44336, 18992, 99240)
(35891, 44336, 18992, 99219)
(35882, 44336, 18992, 99210)
(35859, 44336, 18992, 99187)
(35825, 44336, 18992, 99153)
(35809, 44336, 18992, 99137)
(35778, 44336, 18992, 99106)
(35732, 44336, 18992, 99060)
(35714, 44336, 18992, 99042)
(35694, 44336, 18992, 99022)
(35637, 44336, 18992, 98965)
(35610, 44336, 18992, 98938)
(35570, 44336, 18992, 98898)
(35521, 44336, 18992, 98849)
(35514, 44336, 18992, 98842)
(35507, 44336, 18992, 98835)
(35482, 44336, 18992, 98810)
(35445, 44336, 18992, 98773)
(35423, 44336, 18992, 98751)
(35406, 44336, 18992, 98734)
(35382, 44336, 18992, 98710)
(35372, 44336, 18992, 98700)
(35344, 44336, 18992, 98672)
(35308, 44336, 18992, 98636)
(35290, 44336, 18992, 98618)
(35268, 44336, 18992, 98596)
(35245, 44336, 18992, 98573)
(35227, 44336, 18992, 98555)
(35193, 44336, 18992, 98521)
(35161, 44336, 18992, 98489)
(35126, 44336, 18992, 98454)
(35093, 44336, 18992, 98421)
(35069, 44336, 18992, 98397)
(35057, 44336, 18992, 98385)
(35041, 44336, 18992, 98369)
(35006, 44336, 18992, 98334)
(34979, 44336, 18992, 98307)
(34955, 44336, 18992, 98283)
(34878, 44336, 18992, 98206)
(34844, 44336, 18992, 98172)
(34825, 44336, 18992, 98153)
(34787, 44336, 18992, 98115)
(34763, 44336, 18992, 98091)
(34743, 44336, 18992, 98071)
(34705, 44336, 18992, 98033)
(34698, 44336, 18992, 98026)
(34655, 44336, 18992, 97983)
(34626, 44336, 18992, 97954)
(34582, 44336, 18992, 97910)
(34544, 44336, 18992, 97872)
(34516, 44336, 18992, 97844)
(34481, 44336, 18992, 97809)
(34469, 44336, 18992, 97797)
(34439, 44336, 18992, 97767)
(34407, 44336, 18992, 97735)
(34382, 44336, 18992, 97710)
(34356, 44336, 18992, 97684)
(34343, 44336, 18992, 97671)
(34311, 44336, 18992, 97639)
(34280, 44336, 18992, 97608)
(34266, 44336, 18992, 97594)
(34244, 44336, 18992, 97572)
(34222, 44336, 18992, 97550)
(34189, 44336, 18992, 97517)
(34158, 44336, 18992, 97486)
(34122, 44336, 18992, 97450)
(34091, 44336, 18992, 97419)
(34066, 44336, 18992, 97394)
(34043, 44336, 18992, 97371)
(34023, 44336, 18992, 97351)
(34007, 44336, 18992, 97335)
(33981, 44336, 18992, 97309)
(33953, 44336, 18992, 97281)
(33943, 44336, 18992, 97271)
(33930, 44336, 18992, 97258)
(33915, 44336, 18992, 97243)
(33892, 44336, 18992, 97220)
(33851, 44336, 18992, 97179)
(33825, 44336, 18992, 97153)
(33799, 44336, 18992, 97127)
(33771, 44336, 18992, 97099)
(33760, 44336, 18992, 97088)
(33701, 44336, 18992, 97029)
(33679, 44336, 18992, 97007)
(33644, 44336, 18992, 96972)
(33603, 44336, 18992, 96931)
(33580, 44336, 18992, 96908)
(33537, 44336, 18992, 96865)
(33502, 44336, 18992, 96830)
(33486, 44336, 18992, 96814)
(33475, 44336, 18992, 96803)
(33448, 44336, 18992, 96776)
(33405, 44336, 18992, 96733)
(33375, 44336, 18992, 96703)
(33341, 44336, 18992, 96669)
(33321, 44336, 18992, 96649)
(33285, 44336, 18992, 96613)
(33267, 44336, 18992, 96595)
(33266, 44336, 24309, 101911)
(33257, 44336, 24296, 101889)
(33249, 44336, 24221, 101806)
(33248, 44336, 24186, 101770)
(33246, 44336, 24169, 101751)
(33241, 44336, 24093, 101670)
(33240, 44336, 24013, 101589)
