(62577, 59988, 22658, 145223)
(62558, 59988, 22658, 145204)
(62508, 59988, 22658, 145154)
(62487, 59988, 22658, 145133)
(62461, 59988, 22658, 145107)
(62433, 59988, 22658, 145079)
(62407, 59988, 22658, 145053)
(62368, 59988, 22658, 145014)
(62337, 59988, 22658, 144983)
(62326, 59988, 22658, 144972)
(62292, 59988, 22658, 144938)
(62259, 59988, 22658, 144905)
(62234, 59988, 22658, 144880)
(62203, 59988, 22658, 144849)
(62170, 59988, 22658, 144816)
(62144, 59988, 22658, 144790)
(62118, 59988, 22658, 144764)
(62085, 59988, 22658, 144731)
(62051, 59988, 22658, 144697)
(62025, 59988, 22658, 144671)
(62002, 59988, 22658, 144648)
(61988, 59988, 22658, 144634)
(61964, 59988, 22658, 144610)
(61928, 59988, 22658, 144574)
(61924, 59988, 22658, 144570)
(61889, 59988, 22658, 144535)
(61881, 59988, 22658, 144527)
(61860, 59988, 22658, 144506)
(61843, 59988, 22658, 144489)
(61811, 59988, 22658, 144457)
(61793, 59988, 22658, 144439)
(61785, 59988, 22658, 144431)
(61753, 59988, 22658, 144399)
(61721, 59988, 22658, 144367)
(61713, 59988, 22658, 144359)
(61705, 59988, 22658, 144351)
(61693, 59988, 22658, 144339)
(61670, 59988, 22658, 144316)
(61625, 59988, 22658, 144271)
(61612, 59988, 22658, 144258)
(61562, 59988, 22658, 144208)
(61538, 59988, 22658, 144184)
(61503, 59988, 22658, 144149)
(61485, 59988, 22658, 144131)
(61454, 59988, 22658, 144100)
(61416, 59988, 22658, 144062)
(61380, 59988, 22658, 144026)
(61358, 59988, 22658, 144004)
(61348, 59988, 22658, 143994)
(61309, 59988, 22658, 143955)
(61294, 59988, 22658, 143940)
(61251, 59988, 22658, 143897)
(61212, 59988, 22658, 143858)
(61201, 59988, 22658, 143847)
(61179, 59988, 22658, 143825)
(61134, 59988, 22658, 143780)
(61097, 59988, 22658, 143743)
(61063, 59988, 22658, 143709)
(61044, 59988, 22658, 143690)
(61040, 59988, 22658, 143686)
(61024, 59988, 22658, 143670)
(60983, 59988, 22658, 143629)
(60970, 59988, 22658, 143616)
(60925, 59988, 22658, 143571)
(60921, 59988, 22658, 143567)
(60875, 59988, 22658, 143521)
(60843, 59988, 22658, 143489)
(60818, 59988, 22658, 143464)
(60795, 59988, 22658, 143441)
(60743, 59988, 22658, 143389)
(60732, 59988, 22658, 143378)
(60698, 59988, 22658, 143344)
(60652, 59988, 22658, 143298)
(60629, 59988, 22658, 143275)
(60608, 59988, 22658, 143254)
(60570, 59988, 22658, 143216)
(60523, 59988, 22658, 143169)
(60489, 59988, 22658, 143135)
(60451, 59988, 22658, 143097)
(60408, 59988, 22658, 143054)
(60375, 59988, 22658, 143021)
(60368, 59988, 22658, 143014)
(60341, 59988, 22658, 142987)
(60300, 59988, 22658, 142946)
(60260, 59988, 22658, 142906)
(60240, 59988, 22658, 142886)
(60212, 59988, 22658, 142858)
(60187, 59988, 22658, 142833)
(60163, 59988, 22658, 142809)
(60135, 59988, 22658, 142781)
(60109, 59988, 22658, 142755)
(60083, 59988, 22658, 142729)
(60066, 59988, 22658, 142712)
(60036, 59988, 22658, 142682)
(60021, 59988, 22658, 142667)
(60005, 59988, 22658, 142651)
(59986, 59988, 22658, 142632)
(59956, 59988, 22658, 142602)
(59907, 59988, 22658, 142553)
(59893, 59988, 22658, 142539)
(59880, 59988, 22658, 142526)
(59871, 59988, 22658, 142517)
(59829, 59988, 22658, 142475)
(59784, 59988, 22658, 142430)
(59755, 59988, 22658, 142401)
(59733, 59988, 22658, 142379)
(59720, 59988, 22658, 142366)
(59685, 59988, 22658, 142331)
(59640, 59988, 22658, 142286)
(59607, 59988, 22658, 142253)
(59593, 59988, 22658, 142239)
(59586, 59988, 22658, 142232)
(59563, 59988, 22658, 142209)
(59515, 59988, 22658, 142161)
(59511, 59988, 22658, 142157)
(59478, 59988, 22658, 142124)
(59472, 59988, 22658, 142118)
(59440, 59988, 22658, 142086)
(59403, 59988, 22658, 142049)
(59370, 59988, 22658, 142016)
(59317, 59988, 22658, 141963)
(59274, 59988, 22658, 141920)
(59237, 59988, 22658, 141883)
(59192, 59988, 22658, 141838)
(59151, 59988, 22658, 141797)
(59135, 59988, 22658, 141781)
(59094, 59988, 22658, 141740)
(59073, 59988, 22658, 141719)
(59045, 59988, 22658, 141691)
(59019, 59988, 22658, 141665)
(58990, 59988, 22658, 141636)
(58974, 59988, 22658, 141620)
(58932, 59988, 22658, 141578)
(58893, 59988, 22658, 141539)
(58865, 59988, 22658, 141511)
(58848, 59988, 22658, 141494)
(58830, 59988, 22658, 141476)
(58800, 59988, 22658, 141446)
(58750, 59988, 22658, 141396)
(58735, 59988, 22658, 141381)
(58689, 59988, 22658, 141335)
(58636, 59988, 22658, 141282)
(58608, 59988, 22658, 141254)
(58588, 59988, 22658, 141234)
(58586, 59988, 22658, 141232)
(58561, 59988, 22658, 141207)
(58544, 59988, 22658, 141190)
(58514, 59988, 22658, 141160)
(58486, 59988, 22658, 141132)
(58456, 59988, 22658, 141102)
(58444, 59988, 22658, 141090)
(58420, 59988, 22658, 141066)
(58405, 59988, 22658, 141051)
(58372, 59988, 22658, 141018)
(58346, 59988, 22658, 140992)
(58322, 59988, 22658, 140968)
(58285, 59988, 22658, 140931)
(58276, 59988, 22658, 140922)
(58258, 59988, 22658, 140904)
(58228, 59988, 22658, 140874)
(58210, 59988, 22658, 140856)
(58176, 59988, 22658, 140822)
(58140, 59988, 22658, 140786)
(58105, 59988, 22658, 140751)
(58097, 59988, 22658, 140743)
(58052, 59988, 22658, 140698)
(58035, 59988, 22658, 140681)
(57999, 59988, 22658, 140645)
(57966, 59988, 22658, 140612)
(57963, 59988, 22658, 140609)
(57943, 59988, 22658, 140589)
(57922, 59988, 22658, 140568)
(57903, 59988, 22658, 140549)
(57879, 59988, 22658, 140525)
(57845, 59988, 22658, 140491)
(57796, 59988, 22658, 140442)
(57791, 59988, 22658, 140437)
(57778, 59988, 22658, 140424)
(57750, 59988, 22658, 140396)
(57725, 59988, 22658, 140371)
(57716, 59988, 22658, 140362)
(57685, 59988, 22658, 140331)
(57647, 59988, 22658, 140293)
(57640, 59988, 22658, 140286)
(57616, 59988, 22658, 140262)
(57576, 59988, 22658, 140222)
(57568, 59988, 22658, 140214)
(57552, 59988, 22658, 140198)
(57515, 59988, 22658, 140161)
(57498, 59988, 22658, 140144)
(57491, 59988, 22658, 140137)
(57455, 59988, 22658, 140101)
(57437, 59988, 22658, 140083)
(57420, 59988, 22658, 140066)
(57379, 59988, 22658, 140025)
(57354, 59988, 22658, 140000)
(57324, 59988, 22658, 139970)
(57294, 59988, 22658, 139940)
(57266, 59988, 22658, 139912)
(57239, 59988, 22658, 139885)
(57177, 59988, 22658, 139823)
(57136, 59988, 22658, 139782)
(57088, 59988, 22658, 139734)
(57051, 59988, 22658, 139697)
(57027, 59988, 22658, 139673)
(56993, 59988, 22658, 139639)
(56958, 59988, 22658, 139604)
(56930, 59988, 22658, 139576)
(56929, 59988, 22658, 139575)
(56914, 59988, 22658, 139560)
(56888, 59988, 22658, 139534)
(56845, 59988, 22658, 139491)
(56797, 59988, 22658, 139443)
(56774, 59988, 22658, 139420)
(56722, 59988, 22658, 139368)
(56666, 59988, 22658, 139312)
(56602, 59988, 22658, 139248)
(56576, 59988, 22658, 139222)
(56569, 59988, 22658, 139215)
(56539, 59988, 22658, 139185)
(56506, 59988, 22658, 139152)
(56487, 59988, 22658, 139133)
(56456, 59988, 22658, 139102)
(56404, 59988, 22658, 139050)
(56368, 59988, 22658, 139014)
(56343, 59988, 22658, 138989)
(56300, 59988, 22658, 138946)
(56289, 59988, 22658, 138935)
(56257, 59988, 22658, 138903)
(56218, 59988, 22658, 138864)
(56204, 59988, 22658, 138850)
(56173, 59988, 22658, 138819)
(56127, 59988, 22658, 138773)
(56118, 59988, 22658, 138764)
(56104, 59988, 22658, 138750)
(56091, 59988, 22658, 138737)
(56069, 59988, 22658, 138715)
(56065, 59988, 22658, 138711)
(56014, 59988, 22658, 138660)
(55992, 59988, 22658, 138638)
(55970, 59988, 22658, 138616)
(55954, 59988, 22658, 138600)
(55904, 59988, 22658, 138550)
(55903, 59988, 22658, 138549)
(55878, 59988, 22658, 138524)
(55864, 59988, 22658, 138510)
(55826, 59988, 22658, 138472)
(55788, 59988, 22658, 138434)
(55778, 59988, 22658, 138424)
(55730, 59988, 22658, 138376)
(55711, 59988, 22658, 138357)
(55688, 59988, 22658, 138334)
(55662, 59988, 22658, 138308)
(55633, 59988, 22658, 138279)
(55581, 59988, 22658, 138227)
(55559, 59988, 22658, 138205)
(55550, 59988, 22658, 138196)
(55515, 59988, 22658, 138161)
(55499, 59988, 22658, 138145)
(55464, 59988, 22658, 138110)
(55453, 59988, 22658, 138099)
(55438, 59988, 22658, 138084)
(55429, 59988, 22658, 138075)
(55408, 59988, 22658, 138054)
(55391, 59988, 22658, 138037)
(55338, 59988, 22658, 137984)
(55307, 59988, 22658, 137953)
(55283, 59988, 22658, 137929)
(55258, 59988, 22658, 137904)
(55248, 59988, 22658, 137894)
(55224, 59988, 22658, 137870)
(55193, 59988, 22658, 137839)
(55154, 59988, 22658, 137800)
(55122, 59988, 22658, 137768)
(55098, 59988, 22658, 137744)
(55071, 59988, 22658, 137717)
(55036, 59988, 22658, 137682)
(55017, 59988, 22658, 137663)
(54987, 59988, 22658, 137633)
(54960, 59988, 22658, 137606)
(54938, 59988, 22658, 137584)
(54893, 59988, 22658, 137539)
(54851, 59988, 22658, 137497)
(54822, 59988, 22658, 137468)
(54771, 59988, 22658, 137417)
(54742, 59988, 22658, 137388)
(54713, 59988, 22658, 137359)
(54681, 59988, 22658, 137327)
(54659, 59988, 22658, 137305)
(54644, 59988, 22658, 137290)
(54612, 59988, 22658, 137258)
(54559, 59988, 22658, 137205)
(54515, 59988, 22658, 137161)
(54480, 59988, 22658, 137126)
(54472, 59988, 22658, 137118)
(54465, 59988, 22658, 137111)
(54440, 59988, 22658, 137086)
(54405, 59988, 22658, 137051)
(54365, 59988, 22658, 137011)
(54337, 59988, 22658, 136983)
(54294, 59988, 22658, 136940)
(54261, 59988, 22658, 136907)
(54214, 59988, 22658, 136860)
(54169, 59988, 22658, 136815)
(54146, 59988, 22658, 136792)
(54126, 59988, 22658, 136772)
(54124, 59988, 22658, 136770)
(54114, 59988, 22658, 136760)
(54058, 59988, 22658, 136704)
(54044, 59988, 22658, 136690)
(54015, 59988, 22658, 136661)
(53966, 59988, 22658, 136612)
(53949, 59988, 22658, 136595)
(53913, 59988, 22658, 136559)
(53884, 59988, 22658, 136530)
(53844, 59988, 22658, 136490)
(53833, 59988, 22658, 136479)
(53799, 59988, 22658, 136445)
(53786, 59988, 22658, 136432)
(53743, 59988, 22658, 136389)
(53700, 59988, 22658, 136346)
(53658, 59988, 22658, 136304)
(53634, 59988, 22658, 136280)
(53600, 59988, 22658, 136246)
(53556, 59988, 22658, 136202)
(53543, 59988, 22658, 136189)
(53510, 59988, 22658, 136156)
(53475, 59988, 22658, 136121)
(53461, 59988, 22658, 136107)
(53421, 59988, 22658, 136067)
(53365, 59988, 22658, 136011)
(53360, 59988, 22658, 136006)
(53317, 59988, 22658, 135963)
(53285, 59988, 22658, 135931)
(53245, 59988, 22658, 135891)
(53211, 59988, 22658, 135857)
(53179, 59988, 22658, 135825)
(53149, 59988, 22658, 135795)
(53132, 59988, 22658, 135778)
(53101, 59988, 22658, 135747)
(53068, 59988, 22658, 135714)
(53042, 59988, 22658, 135688)
(53026, 59988, 22658, 135672)
(52983, 59988, 22658, 135629)
(52949, 59988, 22658, 135595)
(52902, 59988, 22658, 135548)
(52876, 59988, 22658, 135522)
(52846, 59988, 22658, 135492)
(52820, 59988, 22658, 135466)
(52782, 59988, 22658, 135428)
(52746, 59988, 22658, 135392)
(52670, 59988, 22658, 135316)
(52601, 59988, 22658, 135247)
(52558, 59988, 22658, 135204)
(52537, 59988, 22658, 135183)
(52519, 59988, 22658, 135165)
(52448, 59988, 22658, 135094)
(52428, 59988, 22658, 135074)
(52406, 59988, 22658, 135052)
(52387, 59988, 22658, 135033)
(52373, 59988, 22658, 135019)
(52359, 59988, 22658, 135005)
(52323, 59988, 22658, 134969)
(52286, 59988, 22658, 134932)
(52258, 59988, 22658, 134904)
(52231, 59988, 22658, 134877)
(52209, 59988, 22658, 134855)
(52192, 59988, 22658, 134838)
(52157, 59988, 22658, 134803)
(52125, 59988, 22658, 134771)
(52105, 59988, 22658, 134751)
(52102, 59988, 22658, 134748)
(52067, 59988, 22658, 134713)
(52040, 59988, 22658, 134686)
(51994, 59988, 22658, 134640)
(51974, 59988, 22658, 134620)
(51953, 59988, 22658, 134599)
(51929, 59988, 22658, 134575)
(51895, 59988, 22658, 134541)
(51875, 59988, 22658, 134521)
(51861, 59988, 22658, 134507)
(51835, 59988, 22658, 134481)
(51795, 59988, 22658, 134441)
(51776, 59988, 22658, 134422)
(51761, 59988, 22658, 134407)
(51710, 59988, 22658, 134356)
(51689, 59988, 22658, 134335)
(51668, 59988, 22658, 134314)
(51642, 59988, 22658, 134288)
(51628, 59988, 22658, 134274)
(51608, 59988, 22658, 134254)
(51578, 59988, 22658, 134224)
(51559, 59988, 22658, 134205)
(51524, 59988, 22658, 134170)
(51515, 59988, 22658, 134161)
(51483, 59988, 22658, 134129)
(51447, 59988, 22658, 134093)
(51423, 59988, 22658, 134069)
(51389, 59988, 22658, 134035)
(51359, 59988, 22658, 134005)
(51327, 59988, 22658, 133973)
(51298, 59988, 22658, 133944)
(51251, 59988, 22658, 133897)
(51238, 59988, 22658, 133884)
(51213, 59988, 22658, 133859)
(51162, 59988, 22658, 133808)
(51136, 59988, 22658, 133782)
(51098, 59988, 22658, 133744)
(51055, 59988, 22658, 133701)
(51016, 59988, 22658, 133662)
(50970, 59988, 22658, 133616)
(50931, 59988, 22658, 133577)
(50903, 59988, 22658, 133549)
(50857, 59988, 22658, 133503)
(50837, 59988, 22658, 133483)
(50796, 59988, 22658, 133442)
(50777, 59988, 22658, 133423)
(50739, 59988, 22658, 133385)
(50713, 59988, 22658, 133359)
(50698, 59988, 22658, 133344)
(50671, 59988, 22658, 133317)
(50608, 59988, 22658, 133254)
(50576, 59988, 22658, 133222)
(50543, 59988, 22658, 133189)
(50501, 59988, 22658, 133147)
(50470, 59988, 22658, 133116)
(50445, 59988, 22658, 133091)
(50430, 59988, 22658, 133076)
(50425, 59988, 22658, 133071)
(50414, 59988, 22658, 133060)
(50372, 59988, 22658, 133018)
(50326, 59988, 22658, 132972)
(50295, 59988, 22658, 132941)
(50265, 59988, 22658, 132911)
(50238, 59988, 22658, 132884)
(50209, 59988, 22658, 132855)
(50190, 59988, 22658, 132836)
(50153, 59988, 22658, 132799)
(50131, 59988, 22658, 132777)
(50097, 59988, 22658, 132743)
(50078, 59988, 22658, 132724)
(50056, 59988, 22658, 132702)
(50015, 59988, 22658, 132661)
(49979, 59988, 22658, 132625)
(49953, 59988, 22658, 132599)
(49922, 59988, 22658, 132568)
(49905, 59988, 22658, 132551)
(49883, 59988, 22658, 132529)
(49843, 59988, 22658, 132489)
(49827, 59988, 22658, 132473)
(49813, 59988, 22658, 132459)
(49803, 59988, 22658, 132449)
(49762, 59988, 22658, 132408)
(49725, 59988, 22658, 132371)
(49680, 59988, 22658, 132326)
(49669, 59988, 22658, 132315)
(49650, 59988, 22658, 132296)
(49630, 59988, 22658, 132276)
(49604, 59988, 22658, 132250)
(49582, 59988, 22658, 132228)
(49560, 59988, 22658, 132206)
(49514, 59988, 22658, 132160)
(49474, 59988, 22658, 132120)
(49440, 59988, 22658, 132086)
(49409, 59988, 22658, 132055)
(49395, 59988, 22658, 132041)
(49350, 59988, 22658, 131996)
(49325, 59988, 22658, 131971)
(49297, 59988, 22658, 131943)
(49278, 59988, 22658, 131924)
(49229, 59988, 22658, 131875)
(49180, 59988, 22658, 131826)
(49145, 59988, 22658, 131791)
(49116, 59988, 22658, 131762)
(49090, 59988, 22658, 131736)
(49069, 59988, 22658, 131715)
(49033, 59988, 22658, 131679)
(49016, 59988, 22658, 131662)
(49007, 59988, 22658, 131653)
(48991, 59988, 22658, 131637)
(48957, 59988, 22658, 131603)
(48928, 59988, 22658, 131574)
(48908, 59988, 22658, 131554)
(48891, 59988, 22658, 131537)
(48875, 59988, 22658, 131521)
(48836, 59988, 22658, 131482)
(48814, 59988, 22658, 131460)
(48785, 59988, 22658, 131431)
(48754, 59988, 22658, 131400)
(48746, 59988, 22658, 131392)
(48720, 59988, 22658, 131366)
(48690, 59988, 22658, 131336)
(48647, 59988, 22658, 131293)
(48609, 59988, 22658, 131255)
(48594, 59988, 22658, 131240)
(48569, 59988, 22658, 131215)
(48532, 59988, 22658, 131178)
(48495, 59988, 22658, 131141)
(48466, 59988, 22658, 131112)
(48416, 59988, 22658, 131062)
(48397, 59988, 22658, 131043)
(48363, 59988, 22658, 131009)
(48341, 59988, 22658, 130987)
(48333, 59988, 22658, 130979)
(48294, 59988, 22658, 130940)
(48267, 59988, 22658, 130913)
(48252, 59988, 22658, 130898)
(48226, 59988, 22658, 130872)
(48199, 59988, 22658, 130845)
(48179, 59988, 22658, 130825)
(48133, 59988, 22658, 130779)
(48126, 59988, 22658, 130772)
(48098, 59988, 22658, 130744)
(48055, 59988, 22658, 130701)
(48029, 59988, 22658, 130675)
(48007, 59988, 22658, 130653)
(47979, 59988, 22658, 130625)
(47943, 59988, 22658, 130589)
(47910, 59988, 22658, 130556)
(47872, 59988, 22658, 130518)
(47833, 59988, 22658, 130479)
(47821, 59988, 22658, 130467)
(47765, 59988, 22658, 130411)
(47745, 59988, 22658, 130391)
(47731, 59988, 22658, 130377)
(47683, 59988, 22658, 130329)
(47651, 59988, 22658, 130297)
(47604, 59988, 22658, 130250)
(47588, 59988, 22658, 130234)
(47580, 59988, 22658, 130226)
(47563, 59988, 22658, 130209)
(47523, 59988, 22658, 130169)
(47466, 59988, 22658, 130112)
(47426, 59988, 22658, 130072)
(47400, 59988, 22658, 130046)
(47369, 59988, 22658, 130015)
(47335, 59988, 22658, 129981)
(47313, 59988, 22658, 129959)
(47271, 59988, 22658, 129917)
(47264, 59988, 22658, 129910)
(47243, 59988, 22658, 129889)
(47209, 59988, 22658, 129855)
(47174, 59988, 22658, 129820)
(47148, 59988, 22658, 129794)
(47136, 59988, 22658, 129782)
(47128, 59988, 22658, 129774)
(47124, 59988, 27508, 134620)
(47116, 59988, 27508, 134612)
(47115, 59988, 27488, 134591)
(47109, 59988, 27432, 134529)
