(81024, 81520, 23056, 185600)
(81010, 81520, 23056, 185586)
(80964, 81520, 23056, 185540)
(80922, 81520, 23056, 185498)
(80910, 81520, 23056, 185486)
(80881, 81520, 23056, 185457)
(80851, 81520, 23056, 185427)
(80803, 81520, 23056, 185379)
(80784, 81520, 23056, 185360)
(80730, 81520, 23056, 185306)
(80710, 81520, 23056, 185286)
(80670, 81520, 23056, 185246)
(80629, 81520, 23056, 185205)
(80586, 81520, 23056, 185162)
(80520, 81520, 23056, 185096)
(80486, 81520, 23056, 185062)
(80466, 81520, 23056, 185042)
(80445, 81520, 23056, 185021)
(80421, 81520, 23056, 184997)
(80382, 81520, 23056, 184958)
(80357, 81520, 23056, 184933)
(80312, 81520, 23056, 184888)
(80305, 81520, 23056, 184881)
(80290, 81520, 23056, 184866)
(80262, 81520, 23056, 184838)
(80224, 81520, 23056, 184800)
(80204, 81520, 23056, 184780)
(80178, 81520, 23056, 184754)
(80127, 81520, 23056, 184703)
(80126, 81520, 23056, 184702)
(80120, 81520, 23056, 184696)
(80098, 81520, 23056, 184674)
(80076, 81520, 23056, 184652)
(80042, 81520, 23056, 184618)
(80020, 81520, 23056, 184596)
(80002, 81520, 23056, 184578)
(79964, 81520, 23056, 184540)
(79910, 81520, 23056, 184486)
(79881, 81520, 23056, 184457)
(79872, 81520, 23056, 184448)
(79862, 81520, 23056, 184438)
(79840, 81520, 23056, 184416)
(79825, 81520, 23056, 184401)
(79794, 81520, 23056, 184370)
(79766, 81520, 23056, 184342)
(79746, 81520, 23056, 184322)
(79694, 81520, 23056, 184270)
(79679, 81520, 23056, 184255)
(79656, 81520, 23056, 184232)
(79602, 81520, 23056, 184178)
(79584, 81520, 23056, 184160)
(79514, 81520, 23056, 184090)
(79458, 81520, 23056, 184034)
(79420, 81520, 23056, 183996)
(79390, 81520, 23056, 183966)
(79349, 81520, 23056, 183925)
(79308, 81520, 23056, 183884)
(79263, 81520, 23056, 183839)
(79259, 81520, 23056, 183835)
(79243, 81520, 23056, 183819)
(79211, 81520, 23056, 183787)
(79177, 81520, 23056, 183753)
(79149, 81520, 23056, 183725)
(79122, 81520, 23056, 183698)
(79094, 81520, 23056, 183670)
(79064, 81520, 23056, 183640)
(79048, 81520, 23056, 183624)
(79026, 81520, 23056, 183602)
(78985, 81520, 23056, 183561)
(78934, 81520, 23056, 183510)
(78876, 81520, 23056, 183452)
(78832, 81520, 23056, 183408)
(78805, 81520, 23056, 183381)
(78789, 81520, 23056, 183365)
(78768, 81520, 23056, 183344)
(78747, 81520, 23056, 183323)
(78741, 81520, 23056, 183317)
(78696, 81520, 23056, 183272)
(78682, 81520, 23056, 183258)
(78632, 81520, 23056, 183208)
(78586, 81520, 23056, 183162)
(78570, 81520, 23056, 183146)
(78560, 81520, 23056, 183136)
(78530, 81520, 23056, 183106)
(78515, 81520, 23056, 183091)
(78491, 81520, 23056, 183067)
(78448, 81520, 23056, 183024)
(78429, 81520, 23056, 183005)
(78389, 81520, 23056, 182965)
(78350, 81520, 23056, 182926)
(78312, 81520, 23056, 182888)
(78295, 81520, 23056, 182871)
(78272, 81520, 23056, 182848)
(78231, 81520, 23056, 182807)
(78221, 81520, 23056, 182797)
(78204, 81520, 23056, 182780)
(78172, 81520, 23056, 182748)
(78159, 81520, 23056, 182735)
(78112, 81520, 23056, 182688)
(78077, 81520, 23056, 182653)
(78047, 81520, 23056, 182623)
(78003, 81520, 23056, 182579)
(77961, 81520, 23056, 182537)
(77903, 81520, 23056, 182479)
(77895, 81520, 23056, 182471)
(77866, 81520, 23056, 182442)
(77841, 81520, 23056, 182417)
(77809, 81520, 23056, 182385)
(77788, 81520, 23056, 182364)
(77787, 81520, 23056, 182363)
(77741, 81520, 23056, 182317)
(77733, 81520, 23056, 182309)
(77706, 81520, 23056, 182282)
(77705, 81520, 23056, 182281)
(77649, 81520, 23056, 182225)
(77597, 81520, 23056, 182173)
(77537, 81520, 23056, 182113)
(77502, 81520, 23056, 182078)
(77483, 81520, 23056, 182059)
(77446, 81520, 23056, 182022)
(77425, 81520, 23056, 182001)
(77376, 81520, 23056, 181952)
(77358, 81520, 23056, 181934)
(77321, 81520, 23056, 181897)
(77299, 81520, 23056, 181875)
(77278, 81520, 23056, 181854)
(77266, 81520, 23056, 181842)
(77221, 81520, 23056, 181797)
(77184, 81520, 23056, 181760)
(77146, 81520, 23056, 181722)
(77105, 81520, 23056, 181681)
(77071, 81520, 23056, 181647)
(77034, 81520, 23056, 181610)
(76979, 81520, 23056, 181555)
(76919, 81520, 23056, 181495)
(76913, 81520, 23056, 181489)
(76852, 81520, 23056, 181428)
(76805, 81520, 23056, 181381)
(76772, 81520, 23056, 181348)
(76763, 81520, 23056, 181339)
(76728, 81520, 23056, 181304)
(76702, 81520, 23056, 181278)
(76663, 81520, 23056, 181239)
(76626, 81520, 23056, 181202)
(76575, 81520, 23056, 181151)
(76558, 81520, 23056, 181134)
(76532, 81520, 23056, 181108)
(76469, 81520, 23056, 181045)
(76433, 81520, 23056, 181009)
(76381, 81520, 23056, 180957)
(76350, 81520, 23056, 180926)
(76309, 81520, 23056, 180885)
(76294, 81520, 23056, 180870)
(76283, 81520, 23056, 180859)
(76263, 81520, 23056, 180839)
(76244, 81520, 23056, 180820)
(76224, 81520, 23056, 180800)
(76215, 81520, 23056, 180791)
(76214, 81520, 23056, 180790)
(76180, 81520, 23056, 180756)
(76153, 81520, 23056, 180729)
(76143, 81520, 23056, 180719)
(76136, 81520, 23056, 180712)
(76116, 81520, 23056, 180692)
(76078, 81520, 23056, 180654)
(76061, 81520, 23056, 180637)
(76032, 81520, 23056, 180608)
(76015, 81520, 23056, 180591)
(75997, 81520, 23056, 180573)
(75971, 81520, 23056, 180547)
(75930, 81520, 23056, 180506)
(75862, 81520, 23056, 180438)
(75861, 81520, 23056, 180437)
(75823, 81520, 23056, 180399)
(75771, 81520, 23056, 180347)
(75732, 81520, 23056, 180308)
(75721, 81520, 23056, 180297)
(75714, 81520, 23056, 180290)
(75691, 81520, 23056, 180267)
(75632, 81520, 23056, 180208)
(75592, 81520, 23056, 180168)
(75566, 81520, 23056, 180142)
(75560, 81520, 23056, 180136)
(75516, 81520, 23056, 180092)
(75467, 81520, 23056, 180043)
(75419, 81520, 23056, 179995)
(75400, 81520, 23056, 179976)
(75382, 81520, 23056, 179958)
(75354, 81520, 23056, 179930)
(75338, 81520, 23056, 179914)
(75330, 81520, 23056, 179906)
(75314, 81520, 23056, 179890)
(75292, 81520, 23056, 179868)
(75264, 81520, 23056, 179840)
(75242, 81520, 23056, 179818)
(75233, 81520, 23056, 179809)
(75192, 81520, 23056, 179768)
(75141, 81520, 23056, 179717)
(75086, 81520, 23056, 179662)
(75041, 81520, 23056, 179617)
(75040, 81520, 23056, 179616)
(75000, 81520, 23056, 179576)
(74964, 81520, 23056, 179540)
(74927, 81520, 23056, 179503)
(74892, 81520, 23056, 179468)
(74872, 81520, 23056, 179448)
(74802, 81520, 23056, 179378)
(74765, 81520, 23056, 179341)
(74726, 81520, 23056, 179302)
(74678, 81520, 23056, 179254)
(74669, 81520, 23056, 179245)
(74619, 81520, 23056, 179195)
(74582, 81520, 23056, 179158)
(74576, 81520, 23056, 179152)
(74557, 81520, 23056, 179133)
(74501, 81520, 23056, 179077)
(74467, 81520, 23056, 179043)
(74426, 81520, 23056, 179002)
(74401, 81520, 23056, 178977)
(74372, 81520, 23056, 178948)
(74320, 81520, 23056, 178896)
(74299, 81520, 23056, 178875)
(74274, 81520, 23056, 178850)
(74226, 81520, 23056, 178802)
(74201, 81520, 23056, 178777)
(74151, 81520, 23056, 178727)
(74119, 81520, 23056, 178695)
(74081, 81520, 23056, 178657)
(74072, 81520, 23056, 178648)
(74036, 81520, 23056, 178612)
(74001, 81520, 23056, 178577)
(73986, 81520, 23056, 178562)
(73978, 81520, 23056, 178554)
(73951, 81520, 23056, 178527)
(73906, 81520, 23056, 178482)
(73904, 81520, 23056, 178480)
(73859, 81520, 23056, 178435)
(73858, 81520, 23056, 178434)
(73822, 81520, 23056, 178398)
(73801, 81520, 23056, 178377)
(73739, 81520, 23056, 178315)
(73688, 81520, 23056, 178264)
(73661, 81520, 23056, 178237)
(73649, 81520, 23056, 178225)
(73594, 81520, 23056, 178170)
(73562, 81520, 23056, 178138)
(73515, 81520, 23056, 178091)
(73463, 81520, 23056, 178039)
(73424, 81520, 23056, 178000)
(73370, 81520, 23056, 177946)
(73352, 81520, 23056, 177928)
(73331, 81520, 23056, 177907)
(73291, 81520, 23056, 177867)
(73238, 81520, 23056, 177814)
(73203, 81520, 23056, 177779)
(73191, 81520, 23056, 177767)
(73156, 81520, 23056, 177732)
(73123, 81520, 23056, 177699)
(73088, 81520, 23056, 177664)
(73074, 81520, 23056, 177650)
(73025, 81520, 23056, 177601)
(72994, 81520, 23056, 177570)
(72985, 81520, 23056, 177561)
(72943, 81520, 23056, 177519)
(72908, 81520, 23056, 177484)
(72877, 81520, 23056, 177453)
(72834, 81520, 23056, 177410)
(72813, 81520, 23056, 177389)
(72793, 81520, 23056, 177369)
(72734, 81520, 23056, 177310)
(72725, 81520, 23056, 177301)
(72694, 81520, 23056, 177270)
(72654, 81520, 23056, 177230)
(72625, 81520, 23056, 177201)
(72581, 81520, 23056, 177157)
(72551, 81520, 23056, 177127)
(72514, 81520, 23056, 177090)
(72491, 81520, 23056, 177067)
(72442, 81520, 23056, 177018)
(72406, 81520, 23056, 176982)
(72345, 81520, 23056, 176921)
(72304, 81520, 23056, 176880)
(72264, 81520, 23056, 176840)
(72257, 81520, 23056, 176833)
(72225, 81520, 23056, 176801)
(72203, 81520, 23056, 176779)
(72164, 81520, 23056, 176740)
(72144, 81520, 23056, 176720)
(72131, 81520, 23056, 176707)
(72066, 81520, 23056, 176642)
(72031, 81520, 23056, 176607)
(72021, 81520, 23056, 176597)
(71990, 81520, 23056, 176566)
(71951, 81520, 23056, 176527)
(71932, 81520, 23056, 176508)
(71908, 81520, 23056, 176484)
(71873, 81520, 23056, 176449)
(71851, 81520, 23056, 176427)
(71825, 81520, 23056, 176401)
(71766, 81520, 23056, 176342)
(71747, 81520, 23056, 176323)
(71723, 81520, 23056, 176299)
(71683, 81520, 23056, 176259)
(71644, 81520, 23056, 176220)
(71638, 81520, 23056, 176214)
(71628, 81520, 23056, 176204)
(71592, 81520, 23056, 176168)
(71580, 81520, 23056, 176156)
(71579, 81520, 23056, 176155)
(71545, 81520, 23056, 176121)
(71523, 81520, 23056, 176099)
(71500, 81520, 23056, 176076)
(71484, 81520, 23056, 176060)
(71447, 81520, 23056, 176023)
(71423, 81520, 23056, 175999)
(71398, 81520, 23056, 175974)
(71395, 81520, 23056, 175971)
(71394, 81520, 23056, 175970)
(71356, 81520, 23056, 175932)
(71328, 81520, 23056, 175904)
(71267, 81520, 23056, 175843)
(71219, 81520, 23056, 175795)
(71200, 81520, 23056, 175776)
(71175, 81520, 23056, 175751)
(71163, 81520, 23056, 175739)
(71134, 81520, 23056, 175710)
(71077, 81520, 23056, 175653)
(71025, 81520, 23056, 175601)
(71002, 81520, 23056, 175578)
(70951, 81520, 23056, 175527)
(70915, 81520, 23056, 175491)
(70883, 81520, 23056, 175459)
(70845, 81520, 23056, 175421)
(70801, 81520, 23056, 175377)
(70771, 81520, 23056, 175347)
(70756, 81520, 23056, 175332)
(70718, 81520, 23056, 175294)
(70699, 81520, 23056, 175275)
(70683, 81520, 23056, 175259)
(70668, 81520, 23056, 175244)
(70632, 81520, 23056, 175208)
(70610, 81520, 23056, 175186)
(70604, 81520, 23056, 175180)
(70545, 81520, 23056, 175121)
(70510, 81520, 23056, 175086)
(70488, 81520, 23056, 175064)
(70433, 81520, 23056, 175009)
(70421, 81520, 23056, 174997)
(70404, 81520, 23056, 174980)
(70353, 81520, 23056, 174929)
(70342, 81520, 23056, 174918)
(70313, 81520, 23056, 174889)
(70280, 81520, 23056, 174856)
(70252, 81520, 23056, 174828)
(70233, 81520, 23056, 174809)
(70221, 81520, 23056, 174797)
(70206, 81520, 23056, 174782)
(70204, 81520, 23056, 174780)
(70151, 81520, 23056, 174727)
(70100, 81520, 23056, 174676)
(70075, 81520, 23056, 174651)
(70049, 81520, 23056, 174625)
(70045, 81520, 23056, 174621)
(70025, 81520, 23056, 174601)
(70002, 81520, 23056, 174578)
(69951, 81520, 23056, 174527)
(69913, 81520, 23056, 174489)
(69873, 81520, 23056, 174449)
(69826, 81520, 23056, 174402)
(69782, 81520, 23056, 174358)
(69735, 81520, 23056, 174311)
(69683, 81520, 23056, 174259)
(69640, 81520, 23056, 174216)
(69605, 81520, 23056, 174181)
(69556, 81520, 23056, 174132)
(69517, 81520, 23056, 174093)
(69461, 81520, 23056, 174037)
(69425, 81520, 23056, 174001)
(69393, 81520, 23056, 173969)
(69357, 81520, 23056, 173933)
(69279, 81520, 23056, 173855)
(69226, 81520, 23056, 173802)
(69198, 81520, 23056, 173774)
(69153, 81520, 23056, 173729)
(69121, 81520, 23056, 173697)
(69105, 81520, 23056, 173681)
(69052, 81520, 23056, 173628)
(68988, 81520, 23056, 173564)
(68971, 81520, 23056, 173547)
(68931, 81520, 23056, 173507)
(68904, 81520, 23056, 173480)
(68864, 81520, 23056, 173440)
(68838, 81520, 23056, 173414)
(68786, 81520, 23056, 173362)
(68775, 81520, 23056, 173351)
(68731, 81520, 23056, 173307)
(68725, 81520, 23056, 173301)
(68685, 81520, 23056, 173261)
(68631, 81520, 23056, 173207)
(68622, 81520, 23056, 173198)
(68592, 81520, 23056, 173168)
(68571, 81520, 23056, 173147)
(68535, 81520, 23056, 173111)
(68480, 81520, 23056, 173056)
(68449, 81520, 23056, 173025)
(68446, 81520, 23056, 173022)
(68440, 81520, 23056, 173016)
(68413, 81520, 23056, 172989)
(68385, 81520, 23056, 172961)
(68368, 81520, 23056, 172944)
(68367, 81520, 23056, 172943)
(68339, 81520, 23056, 172915)
(68331, 81520, 23056, 172907)
(68323, 81520, 23056, 172899)
(68252, 81520, 23056, 172828)
(68229, 81520, 23056, 172805)
(68185, 81520, 23056, 172761)
(68162, 81520, 23056, 172738)
(68139, 81520, 23056, 172715)
(68108, 81520, 23056, 172684)
(68069, 81520, 23056, 172645)
(68021, 81520, 23056, 172597)
(67978, 81520, 23056, 172554)
(67946, 81520, 23056, 172522)
(67936, 81520, 23056, 172512)
(67897, 81520, 23056, 172473)
(67863, 81520, 23056, 172439)
(67822, 81520, 23056, 172398)
(67794, 81520, 23056, 172370)
(67751, 81520, 23056, 172327)
(67690, 81520, 23056, 172266)
(67675, 81520, 23056, 172251)
(67649, 81520, 23056, 172225)
(67622, 81520, 23056, 172198)
(67577, 81520, 23056, 172153)
(67562, 81520, 23056, 172138)
(67549, 81520, 23056, 172125)
(67502, 81520, 23056, 172078)
(67481, 81520, 23056, 172057)
(67448, 81520, 23056, 172024)
(67432, 81520, 23056, 172008)
(67402, 81520, 23056, 171978)
(67378, 81520, 23056, 171954)
(67347, 81520, 23056, 171923)
(67299, 81520, 23056, 171875)
(67270, 81520, 23056, 171846)
(67249, 81520, 23056, 171825)
(67209, 81520, 23056, 171785)
(67168, 81520, 23056, 171744)
(67146, 81520, 23056, 171722)
(67135, 81520, 23056, 171711)
(67107, 81520, 23056, 171683)
(67076, 81520, 23056, 171652)
(67065, 81520, 23056, 171641)
(67034, 81520, 23056, 171610)
(67029, 81520, 23056, 171605)
(66973, 81520, 23056, 171549)
(66972, 81520, 23056, 171548)
(66890, 81520, 23056, 171466)
(66856, 81520, 23056, 171432)
(66830, 81520, 23056, 171406)
(66792, 81520, 23056, 171368)
(66770, 81520, 23056, 171346)
(66738, 81520, 23056, 171314)
(66702, 81520, 23056, 171278)
(66679, 81520, 23056, 171255)
(66637, 81520, 23056, 171213)
(66593, 81520, 23056, 171169)
(66578, 81520, 23056, 171154)
(66532, 81520, 23056, 171108)
(66480, 81520, 23056, 171056)
(66466, 81520, 23056, 171042)
(66415, 81520, 23056, 170991)
(66403, 81520, 23056, 170979)
(66364, 81520, 23056, 170940)
(66337, 81520, 23056, 170913)
(66303, 81520, 23056, 170879)
(66294, 81520, 23056, 170870)
(66240, 81520, 23056, 170816)
(66200, 81520, 23056, 170776)
(66149, 81520, 23056, 170725)
(66110, 81520, 23056, 170686)
(66090, 81520, 23056, 170666)
(66031, 81520, 23056, 170607)
(66030, 81520, 23056, 170606)
(65982, 81520, 23056, 170558)
(65932, 81520, 23056, 170508)
(65867, 81520, 23056, 170443)
(65846, 81520, 23056, 170422)
(65823, 81520, 23056, 170399)
(65773, 81520, 23056, 170349)
(65726, 81520, 23056, 170302)
(65716, 81520, 23056, 170292)
(65715, 81520, 23056, 170291)
(65670, 81520, 23056, 170246)
(65615, 81520, 23056, 170191)
(65587, 81520, 23056, 170163)
(65558, 81520, 23056, 170134)
(65530, 81520, 23056, 170106)
(65512, 81520, 23056, 170088)
(65459, 81520, 23056, 170035)
(65430, 81520, 23056, 170006)
(65403, 81520, 23056, 169979)
(65402, 81520, 23056, 169978)
(65362, 81520, 23056, 169938)
(65347, 81520, 23056, 169923)
(65299, 81520, 23056, 169875)
(65286, 81520, 23056, 169862)
(65259, 81520, 23056, 169835)
(65223, 81520, 23056, 169799)
(65194, 81520, 23056, 169770)
(65175, 81520, 23056, 169751)
(65150, 81520, 23056, 169726)
(65130, 81520, 23056, 169706)
(65099, 81520, 23056, 169675)
(65056, 81520, 23056, 169632)
(64992, 81520, 23056, 169568)
(64991, 81520, 23056, 169567)
(64972, 81520, 23056, 169548)
(64966, 81520, 23056, 169542)
(64914, 81520, 23056, 169490)
(64868, 81520, 23056, 169444)
(64834, 81520, 23056, 169410)
(64798, 81520, 23056, 169374)
(64794, 81520, 23056, 169370)
(64786, 81520, 23056, 169362)
(64738, 81520, 23056, 169314)
(64730, 81520, 23056, 169306)
(64701, 81520, 23056, 169277)
(64677, 81520, 23056, 169253)
(64644, 81520, 23056, 169220)
(64608, 81520, 23056, 169184)
(64587, 81520, 23056, 169163)
(64586, 81520, 23056, 169162)
(64567, 81520, 23056, 169143)
(64533, 81520, 23056, 169109)
(64527, 81520, 23056, 169103)
(64512, 81520, 23056, 169088)
(64478, 81520, 23056, 169054)
(64451, 81520, 23056, 169027)
(64445, 81520, 23056, 169021)
(64420, 81520, 23056, 168996)
(64381, 81520, 23056, 168957)
(64330, 81520, 23056, 168906)
(64290, 81520, 23056, 168866)
(64232, 81520, 23056, 168808)
(64206, 81520, 23056, 168782)
(64178, 81520, 23056, 168754)
(64142, 81520, 23056, 168718)
(64127, 81520, 23056, 168703)
(64095, 81520, 23056, 168671)
(64068, 81520, 23056, 168644)
(64045, 81520, 23056, 168621)
(64015, 81520, 23056, 168591)
(63973, 81520, 23056, 168549)
(63922, 81520, 23056, 168498)
(63907, 81520, 23056, 168483)
(63869, 81520, 23056, 168445)
(63849, 81520, 23056, 168425)
(63829, 81520, 23056, 168405)
(63791, 81520, 23056, 168367)
(63780, 81520, 23056, 168356)
(63735, 81520, 23056, 168311)
(63707, 81520, 23056, 168283)
(63706, 81520, 23056, 168282)
(63661, 81520, 23056, 168237)
(63626, 81520, 23056, 168202)
(63586, 81520, 23056, 168162)
(63550, 81520, 23056, 168126)
(63517, 81520, 23056, 168093)
(63479, 81520, 23056, 168055)
(63417, 81520, 23056, 167993)
(63375, 81520, 23056, 167951)
(63324, 81520, 23056, 167900)
(63308, 81520, 23056, 167884)
(63304, 81520, 23056, 167880)
(63267, 81520, 23056, 167843)
(63224, 81520, 23056, 167800)
(63185, 81520, 23056, 167761)
(63138, 81520, 23056, 167714)
(63134, 81520, 23056, 167710)
(63093, 81520, 23056, 167669)
(63056, 81520, 23056, 167632)
(63020, 81520, 23056, 167596)
(63019, 81520, 23056, 167595)
(63014, 81520, 23056, 167590)
(62973, 81520, 23056, 167549)
(62925, 81520, 23056, 167501)
(62888, 81520, 23056, 167464)
(62844, 81520, 23056, 167420)
(62812, 81520, 23056, 167388)
(62793, 81520, 23056, 167369)
(62761, 81520, 23056, 167337)
(62751, 81520, 23056, 167327)
(62747, 81520, 23056, 167323)
(62712, 81520, 23056, 167288)
(62691, 81520, 23056, 167267)
(62661, 81520, 23056, 167237)
(62617, 81520, 23056, 167193)
(62588, 81520, 23056, 167164)
(62558, 81520, 23056, 167134)
(62515, 81520, 23056, 167091)
(62489, 81520, 23056, 167065)
(62471, 81520, 23056, 167047)
