(44461, 44868, 18929, 108258)
(44433, 44868, 18929, 108230)
(44418, 44868, 18929, 108215)
(44394, 44868, 18929, 108191)
(44355, 44868, 18929, 108152)
(44337, 44868, 18929, 108134)
(44303, 44868, 18929, 108100)
(44268, 44868, 18929, 108065)
(44223, 44868, 18929, 108020)
(44202, 44868, 18929, 107999)
(44167, 44868, 18929, 107964)
(44158, 44868, 18929, 107955)
(44143, 44868, 18929, 107940)
(44122, 44868, 18929, 107919)
(44109, 44868, 18929, 107906)
(44102, 44868, 18929, 107899)
(44068, 44868, 18929, 107865)
(44052, 44868, 18929, 107849)
(44039, 44868, 18929, 107836)
(44027, 44868, 18929, 107824)
(44004, 44868, 18929, 107801)
(43981, 44868, 18929, 107778)
(43958, 44868, 18929, 107755)
(43947, 44868, 18929, 107744)
(43916, 44868, 18929, 107713)
(43901, 44868, 18929, 107698)
(43868, 44868, 18929, 107665)
(43835, 44868, 18929, 107632)
(43810, 44868, 18929, 107607)
(43773, 44868, 18929, 107570)
(43757, 44868, 18929, 107554)
(43721, 44868, 18929, 107518)
(43699, 44868, 18929, 107496)
(43685, 44868, 18929, 107482)
(43671, 44868, 18929, 107468)
(43626, 44868, 18929, 107423)
(43597, 44868, 18929, 107394)
(43566, 44868, 18929, 107363)
(43532, 44868, 18929, 107329)
(43506, 44868, 18929, 107303)
(43479, 44868, 18929, 107276)
(43453, 44868, 18929, 107250)
(43410, 44868, 18929, 107207)
(43394, 44868, 18929, 107191)
(43349, 44868, 18929, 107146)
(43316, 44868, 18929, 107113)
(43297, 44868, 18929, 107094)
(43257, 44868, 18929, 107054)
(43209, 44868, 18929, 107006)
(43165, 44868, 18929, 106962)
(43162, 44868, 18929, 106959)
(43135, 44868, 18929, 106932)
(43107, 44868, 18929, 106904)
(43080, 44868, 18929, 106877)
(43055, 44868, 18929, 106852)
(43035, 44868, 18929, 106832)
(43008, 44868, 18929, 106805)
(42968, 44868, 18929, 106765)
(42950, 44868, 18929, 106747)
(42931, 44868, 18929, 106728)
(42920, 44868, 18929, 106717)
(42895, 44868, 18929, 106692)
(42853, 44868, 18929, 106650)
(42817, 44868, 18929, 106614)
(42808, 44868, 18929, 106605)
(42764, 44868, 18929, 106561)
(42720, 44868, 18929, 106517)
(42690, 44868, 18929, 106487)
(42652, 44868, 18929, 106449)
(42639, 44868, 18929, 106436)
(42618, 44868, 18929, 106415)
(42579, 44868, 18929, 106376)
(42551, 44868, 18929, 106348)
(42537, 44868, 18929, 106334)
(42522, 44868, 18929, 106319)
(42514, 44868, 18929, 106311)
(42471, 44868, 18929, 106268)
(42440, 44868, 18929, 106237)
(42383, 44868, 18929, 106180)
(42347, 44868, 18929, 106144)
(42305, 44868, 18929, 106102)
(42273, 44868, 18929, 106070)
(42242, 44868, 18929, 106039)
(42220, 44868, 18929, 106017)
(42199, 44868, 18929, 105996)
(42166, 44868, 18929, 105963)
(42154, 44868, 18929, 105951)
(42141, 44868, 18929, 105938)
(42116, 44868, 18929, 105913)
(42090, 44868, 18929, 105887)
(42056, 44868, 18929, 105853)
(42016, 44868, 18929, 105813)
(41993, 44868, 18929, 105790)
(41962, 44868, 18929, 105759)
(41940, 44868, 18929, 105737)
(41911, 44868, 18929, 105708)
(41870, 44868, 18929, 105667)
(41843, 44868, 18929, 105640)
(41779, 44868, 18929, 105576)
(41751, 44868, 18929, 105548)
(41738, 44868, 18929, 105535)
(41732, 44868, 18929, 105529)
(41709, 44868, 18929, 105506)
(41695, 44868, 18929, 105492)
(41664, 44868, 18929, 105461)
(41634, 44868, 18929, 105431)
(41616, 44868, 18929, 105413)
(41600, 44868, 18929, 105397)
(41583, 44868, 18929, 105380)
(41574, 44868, 18929, 105371)
(41546, 44868, 18929, 105343)
(41532, 44868, 18929, 105329)
(41497, 44868, 18929, 105294)
(41471, 44868, 18929, 105268)
(41431, 44868, 18929, 105228)
(41419, 44868, 18929, 105216)
(41398, 44868, 18929, 105195)
(41372, 44868, 18929, 105169)
(41342, 44868, 18929, 105139)
(41311, 44868, 18929, 105108)
(41281, 44868, 18929, 105078)
(41254, 44868, 18929, 105051)
(41239, 44868, 18929, 105036)
(41224, 44868, 18929, 105021)
(41211, 44868, 18929, 105008)
(41166, 44868, 18929, 104963)
(41148, 44868, 18929, 104945)
(41116, 44868, 18929, 104913)
(41091, 44868, 18929, 104888)
(41071, 44868, 18929, 104868)
(41044, 44868, 18929, 104841)
(41023, 44868, 18929, 104820)
(40983, 44868, 18929, 104780)
(40965, 44868, 18929, 104762)
(40947, 44868, 18929, 104744)
(40941, 44868, 18929, 104738)
(40920, 44868, 18929, 104717)
(40880, 44868, 18929, 104677)
(40847, 44868, 18929, 104644)
(40815, 44868, 18929, 104612)
(40789, 44868, 18929, 104586)
(40754, 44868, 18929, 104551)
(40738, 44868, 18929, 104535)
(40727, 44868, 18929, 104524)
(40717, 44868, 18929, 104514)
(40677, 44868, 18929, 104474)
(40667, 44868, 18929, 104464)
(40636, 44868, 18929, 104433)
(40633, 44868, 18929, 104430)
(40612, 44868, 18929, 104409)
(40562, 44868, 18929, 104359)
(40536, 44868, 18929, 104333)
(40491, 44868, 18929, 104288)
(40448, 44868, 18929, 104245)
(40428, 44868, 18929, 104225)
(40396, 44868, 18929, 104193)
(40373, 44868, 18929, 104170)
(40336, 44868, 18929, 104133)
(40306, 44868, 18929, 104103)
(40293, 44868, 18929, 104090)
(40271, 44868, 18929, 104068)
(40262, 44868, 18929, 104059)
(40231, 44868, 18929, 104028)
(40186, 44868, 18929, 103983)
(40141, 44868, 18929, 103938)
(40126, 44868, 18929, 103923)
(40114, 44868, 18929, 103911)
(40075, 44868, 18929, 103872)
(40036, 44868, 18929, 103833)
(39999, 44868, 18929, 103796)
(39982, 44868, 18929, 103779)
(39967, 44868, 18929, 103764)
(39949, 44868, 18929, 103746)
(39921, 44868, 18929, 103718)
(39895, 44868, 18929, 103692)
(39872, 44868, 18929, 103669)
(39834, 44868, 18929, 103631)
(39799, 44868, 18929, 103596)
(39775, 44868, 18929, 103572)
(39759, 44868, 18929, 103556)
(39718, 44868, 18929, 103515)
(39690, 44868, 18929, 103487)
(39665, 44868, 18929, 103462)
(39630, 44868, 18929, 103427)
(39612, 44868, 18929, 103409)
(39572, 44868, 18929, 103369)
(39553, 44868, 18929, 103350)
(39531, 44868, 18929, 103328)
(39506, 44868, 18929, 103303)
(39492, 44868, 18929, 103289)
(39477, 44868, 18929, 103274)
(39463, 44868, 18929, 103260)
(39443, 44868, 18929, 103240)
(39404, 44868, 18929, 103201)
(39376, 44868, 18929, 103173)
(39345, 44868, 18929, 103142)
(39335, 44868, 18929, 103132)
(39300, 44868, 18929, 103097)
(39279, 44868, 18929, 103076)
(39243, 44868, 18929, 103040)
(39215, 44868, 18929, 103012)
(39193, 44868, 18929, 102990)
(39176, 44868, 18929, 102973)
(39151, 44868, 18929, 102948)
(39114, 44868, 18929, 102911)
(39084, 44868, 18929, 102881)
(39067, 44868, 18929, 102864)
(39038, 44868, 18929, 102835)
(39005, 44868, 18929, 102802)
(38998, 44868, 18929, 102795)
(38956, 44868, 18929, 102753)
(38928, 44868, 18929, 102725)
(38900, 44868, 18929, 102697)
(38863, 44868, 18929, 102660)
(38831, 44868, 18929, 102628)
(38808, 44868, 18929, 102605)
(38797, 44868, 18929, 102594)
(38783, 44868, 18929, 102580)
(38771, 44868, 18929, 102568)
(38739, 44868, 18929, 102536)
(38717, 44868, 18929, 102514)
(38701, 44868, 18929, 102498)
(38690, 44868, 18929, 102487)
(38674, 44868, 18929, 102471)
(38650, 44868, 18929, 102447)
(38642, 44868, 18929, 102439)
(38619, 44868, 18929, 102416)
(38602, 44868, 18929, 102399)
(38580, 44868, 18929, 102377)
(38557, 44868, 18929, 102354)
(38513, 44868, 18929, 102310)
(38492, 44868, 18929, 102289)
(38473, 44868, 18929, 102270)
(38443, 44868, 18929, 102240)
(38417, 44868, 18929, 102214)
(38408, 44868, 18929, 102205)
(38381, 44868, 18929, 102178)
(38359, 44868, 18929, 102156)
(38340, 44868, 18929, 102137)
(38305, 44868, 18929, 102102)
(38267, 44868, 18929, 102064)
(38238, 44868, 18929, 102035)
(38210, 44868, 18929, 102007)
(38190, 44868, 18929, 101987)
(38155, 44868, 18929, 101952)
(38137, 44868, 18929, 101934)
(38105, 44868, 18929, 101902)
(38069, 44868, 18929, 101866)
(38040, 44868, 18929, 101837)
(37998, 44868, 18929, 101795)
(37925, 44868, 18929, 101722)
(37885, 44868, 18929, 101682)
(37875, 44868, 18929, 101672)
(37846, 44868, 18929, 101643)
(37797, 44868, 18929, 101594)
(37763, 44868, 18929, 101560)
(37739, 44868, 18929, 101536)
(37712, 44868, 18929, 101509)
(37693, 44868, 18929, 101490)
(37654, 44868, 18929, 101451)
(37625, 44868, 18929, 101422)
(37611, 44868, 18929, 101408)
(37595, 44868, 18929, 101392)
(37580, 44868, 18929, 101377)
(37550, 44868, 18929, 101347)
(37527, 44868, 18929, 101324)
(37492, 44868, 18929, 101289)
(37472, 44868, 18929, 101269)
(37425, 44868, 18929, 101222)
(37398, 44868, 18929, 101195)
(37370, 44868, 18929, 101167)
(37353, 44868, 18929, 101150)
(37334, 44868, 18929, 101131)
(37327, 44868, 18929, 101124)
(37291, 44868, 18929, 101088)
(37263, 44868, 18929, 101060)
(37244, 44868, 18929, 101041)
(37238, 44868, 18929, 101035)
(37195, 44868, 18929, 100992)
(37187, 44868, 18929, 100984)
(37168, 44868, 18929, 100965)
(37129, 44868, 18929, 100926)
(37104, 44868, 18929, 100901)
(37065, 44868, 18929, 100862)
(37042, 44868, 18929, 100839)
(37026, 44868, 18929, 100823)
(37013, 44868, 18929, 100810)
(36988, 44868, 18929, 100785)
(36957, 44868, 18929, 100754)
(36933, 44868, 18929, 100730)
(36906, 44868, 18929, 100703)
(36889, 44868, 18929, 100686)
(36868, 44868, 18929, 100665)
(36844, 44868, 18929, 100641)
(36810, 44868, 18929, 100607)
(36796, 44868, 18929, 100593)
(36794, 44868, 18929, 100591)
(36770, 44868, 18929, 100567)
(36733, 44868, 18929, 100530)
(36702, 44868, 18929, 100499)
(36671, 44868, 18929, 100468)
(36642, 44868, 18929, 100439)
(36616, 44868, 18929, 100413)
(36600, 44868, 18929, 100397)
(36563, 44868, 18929, 100360)
(36534, 44868, 18929, 100331)
(36518, 44868, 18929, 100315)
(36476, 44868, 18929, 100273)
(36435, 44868, 18929, 100232)
(36426, 44868, 18929, 100223)
(36378, 44868, 18929, 100175)
(36369, 44868, 18929, 100166)
(36360, 44868, 18929, 100157)
(36318, 44868, 18929, 100115)
(36288, 44868, 18929, 100085)
(36261, 44868, 18929, 100058)
(36231, 44868, 18929, 100028)
(36206, 44868, 18929, 100003)
(36184, 44868, 18929, 99981)
(36172, 44868, 18929, 99969)
(36122, 44868, 18929, 99919)
(36106, 44868, 18929, 99903)
(36071, 44868, 18929, 99868)
(36044, 44868, 18929, 99841)
(36025, 44868, 18929, 99822)
(36007, 44868, 18929, 99804)
(35991, 44868, 18929, 99788)
(35966, 44868, 18929, 99763)
(35949, 44868, 18929, 99746)
(35929, 44868, 18929, 99726)
(35911, 44868, 18929, 99708)
(35902, 44868, 18929, 99699)
(35869, 44868, 18929, 99666)
(35837, 44868, 18929, 99634)
(35792, 44868, 18929, 99589)
(35765, 44868, 18929, 99562)
(35739, 44868, 18929, 99536)
(35713, 44868, 18929, 99510)
(35687, 44868, 18929, 99484)
(35673, 44868, 18929, 99470)
(35649, 44868, 18929, 99446)
(35630, 44868, 18929, 99427)
(35607, 44868, 18929, 99404)
(35591, 44868, 18929, 99388)
(35568, 44868, 18929, 99365)
(35552, 44868, 18929, 99349)
(35538, 44868, 18929, 99335)
(35506, 44868, 18929, 99303)
(35488, 44868, 18929, 99285)
(35450, 44868, 18929, 99247)
(35428, 44868, 18929, 99225)
(35396, 44868, 18929, 99193)
(35380, 44868, 18929, 99177)
(35346, 44868, 18929, 99143)
(35329, 44868, 18929, 99126)
(35290, 44868, 18929, 99087)
(35252, 44868, 18929, 99049)
(35250, 44868, 18929, 99047)
(35226, 44868, 18929, 99023)
(35211, 44868, 18929, 99008)
(35186, 44868, 18929, 98983)
(35157, 44868, 18929, 98954)
(35130, 44868, 18929, 98927)
(35090, 44868, 18929, 98887)
(35064, 44868, 18929, 98861)
(35035, 44868, 18929, 98832)
(35002, 44868, 18929, 98799)
(34985, 44868, 18929, 98782)
(34964, 44868, 18929, 98761)
(34947, 44868, 18929, 98744)
(34927, 44868, 18929, 98724)
(34901, 44868, 18929, 98698)
(34873, 44868, 18929, 98670)
(34861, 44868, 18929, 98658)
(34844, 44868, 18929, 98641)
(34826, 44868, 18929, 98623)
(34812, 44868, 18929, 98609)
(34804, 44868, 18929, 98601)
(34756, 44868, 18929, 98553)
(34732, 44868, 18929, 98529)
(34703, 44868, 18929, 98500)
(34663, 44868, 18929, 98460)
(34641, 44868, 18929, 98438)
(34614, 44868, 18929, 98411)
(34607, 44868, 18929, 98404)
(34571, 44868, 18929, 98368)
(34541, 44868, 18929, 98338)
(34503, 44868, 18929, 98300)
(34486, 44868, 18929, 98283)
(34446, 44868, 18929, 98243)
(34405, 44868, 18929, 98202)
(34369, 44868, 18929, 98166)
(34339, 44868, 18929, 98136)
(34306, 44868, 18929, 98103)
(34285, 44868, 18929, 98082)
(34248, 44868, 18929, 98045)
(34208, 44868, 18929, 98005)
(34193, 44868, 18929, 97990)
(34160, 44868, 18929, 97957)
(34125, 44868, 18929, 97922)
(34088, 44868, 18929, 97885)
(34080, 44868, 18929, 97877)
(34064, 44868, 18929, 97861)
(34052, 44868, 18929, 97849)
(34029, 44868, 18929, 97826)
(34009, 44868, 18929, 97806)
(34001, 44868, 18929, 97798)
(33986, 44868, 18929, 97783)
(33960, 44868, 18929, 97757)
(33938, 44868, 18929, 97735)
(33931, 44868, 18929, 97728)
(33896, 44868, 18929, 97693)
(33855, 44868, 18929, 97652)
(33843, 44868, 18929, 97640)
(33830, 44868, 18929, 97627)
(33796, 44868, 18929, 97593)
(33778, 44868, 18929, 97575)
(33746, 44868, 18929, 97543)
(33725, 44868, 18929, 97522)
(33705, 44868, 18929, 97502)
(33680, 44868, 18929, 97477)
(33676, 44868, 18929, 97473)
(33655, 44868, 18929, 97452)
(33630, 44868, 18929, 97427)
(33608, 44868, 18929, 97405)
(33579, 44868, 18929, 97376)
(33572, 44868, 18929, 97369)
(33546, 44868, 18929, 97343)
(33510, 44868, 18929, 97307)
(33478, 44868, 18929, 97275)
(33446, 44868, 18929, 97243)
(33440, 44868, 18929, 97237)
(33412, 44868, 18929, 97209)
(33381, 44868, 18929, 97178)
(33357, 44868, 18929, 97154)
(33314, 44868, 18929, 97111)
(33313, 44868, 25188, 103369)
(33310, 44868, 24871, 103049)
(33309, 44868, 24825, 103002)
(33307, 44868, 24810, 102985)
(33304, 44868, 24574, 102746)
(33302, 44868, 24387, 102557)
