(101848, 99368, 26755, 227971)
(101826, 99368, 26755, 227949)
(101781, 99368, 26755, 227904)
(101720, 99368, 26755, 227843)
(101689, 99368, 26755, 227812)
(101667, 99368, 26755, 227790)
(101588, 99368, 26755, 227711)
(101498, 99368, 26755, 227621)
(101455, 99368, 26755, 227578)
(101389, 99368, 26755, 227512)
(101362, 99368, 26755, 227485)
(101330, 99368, 26755, 227453)
(101297, 99368, 26755, 227420)
(101261, 99368, 26755, 227384)
(101232, 99368, 26755, 227355)
(101210, 99368, 26755, 227333)
(101167, 99368, 26755, 227290)
(101158, 99368, 26755, 227281)
(101124, 99368, 26755, 227247)
(101104, 99368, 26755, 227227)
(101076, 99368, 26755, 227199)
(101065, 99368, 26755, 227188)
(101049, 99368, 26755, 227172)
(101040, 99368, 26755, 227163)
(100993, 99368, 26755, 227116)
(100975, 99368, 26755, 227098)
(100935, 99368, 26755, 227058)
(100915, 99368, 26755, 227038)
(100904, 99368, 26755, 227027)
(100870, 99368, 26755, 226993)
(100855, 99368, 26755, 226978)
(100823, 99368, 26755, 226946)
(100801, 99368, 26755, 226924)
(100778, 99368, 26755, 226901)
(100731, 99368, 26755, 226854)
(100694, 99368, 26755, 226817)
(100673, 99368, 26755, 226796)
(100662, 99368, 26755, 226785)
(100640, 99368, 26755, 226763)
(100618, 99368, 26755, 226741)
(100559, 99368, 26755, 226682)
(100511, 99368, 26755, 226634)
(100492, 99368, 26755, 226615)
(100441, 99368, 26755, 226564)
(100397, 99368, 26755, 226520)
(100376, 99368, 26755, 226499)
(100330, 99368, 26755, 226453)
(100263, 99368, 26755, 226386)
(100206, 99368, 26755, 226329)
(100167, 99368, 26755, 226290)
(100149, 99368, 26755, 226272)
(100110, 99368, 26755, 226233)
(100084, 99368, 26755, 226207)
(100047, 99368, 26755, 226170)
(100016, 99368, 26755, 226139)
(99979, 99368, 26755, 226102)
(99935, 99368, 26755, 226058)
(99916, 99368, 26755, 226039)
(99913, 99368, 26755, 226036)
(99891, 99368, 26755, 226014)
(99860, 99368, 26755, 225983)
(99818, 99368, 26755, 225941)
(99805, 99368, 26755, 225928)
(99764, 99368, 26755, 225887)
(99744, 99368, 26755, 225867)
(99723, 99368, 26755, 225846)
(99682, 99368, 26755, 225805)
(99654, 99368, 26755, 225777)
(99627, 99368, 26755, 225750)
(99591, 99368, 26755, 225714)
(99552, 99368, 26755, 225675)
(99517, 99368, 26755, 225640)
(99467, 99368, 26755, 225590)
(99450, 99368, 26755, 225573)
(99410, 99368, 26755, 225533)
(99383, 99368, 26755, 225506)
(99338, 99368, 26755, 225461)
(99315, 99368, 26755, 225438)
(99285, 99368, 26755, 225408)
(99263, 99368, 26755, 225386)
(99233, 99368, 26755, 225356)
(99217, 99368, 26755, 225340)
(99196, 99368, 26755, 225319)
(99165, 99368, 26755, 225288)
(99138, 99368, 26755, 225261)
(99089, 99368, 26755, 225212)
(99065, 99368, 26755, 225188)
(99040, 99368, 26755, 225163)
(99015, 99368, 26755, 225138)
(98992, 99368, 26755, 225115)
(98945, 99368, 26755, 225068)
(98906, 99368, 26755, 225029)
(98904, 99368, 26755, 225027)
(98887, 99368, 26755, 225010)
(98850, 99368, 26755, 224973)
(98810, 99368, 26755, 224933)
(98781, 99368, 26755, 224904)
(98750, 99368, 26755, 224873)
(98682, 99368, 26755, 224805)
(98675, 99368, 26755, 224798)
(98638, 99368, 26755, 224761)
(98635, 99368, 26755, 224758)
(98580, 99368, 26755, 224703)
(98538, 99368, 26755, 224661)
(98503, 99368, 26755, 224626)
(98477, 99368, 26755, 224600)
(98459, 99368, 26755, 224582)
(98440, 99368, 26755, 224563)
(98391, 99368, 26755, 224514)
(98350, 99368, 26755, 224473)
(98292, 99368, 26755, 224415)
(98228, 99368, 26755, 224351)
(98168, 99368, 26755, 224291)
(98148, 99368, 26755, 224271)
(98105, 99368, 26755, 224228)
(98087, 99368, 26755, 224210)
(98057, 99368, 26755, 224180)
(98028, 99368, 26755, 224151)
(98005, 99368, 26755, 224128)
(97969, 99368, 26755, 224092)
(97931, 99368, 26755, 224054)
(97913, 99368, 26755, 224036)
(97893, 99368, 26755, 224016)
(97853, 99368, 26755, 223976)
(97844, 99368, 26755, 223967)
(97815, 99368, 26755, 223938)
(97767, 99368, 26755, 223890)
(97730, 99368, 26755, 223853)
(97695, 99368, 26755, 223818)
(97646, 99368, 26755, 223769)
(97624, 99368, 26755, 223747)
(97593, 99368, 26755, 223716)
(97566, 99368, 26755, 223689)
(97529, 99368, 26755, 223652)
(97508, 99368, 26755, 223631)
(97465, 99368, 26755, 223588)
(97407, 99368, 26755, 223530)
(97362, 99368, 26755, 223485)
(97323, 99368, 26755, 223446)
(97304, 99368, 26755, 223427)
(97267, 99368, 26755, 223390)
(97241, 99368, 26755, 223364)
(97193, 99368, 26755, 223316)
(97164, 99368, 26755, 223287)
(97126, 99368, 26755, 223249)
(97081, 99368, 26755, 223204)
(97042, 99368, 26755, 223165)
(96994, 99368, 26755, 223117)
(96948, 99368, 26755, 223071)
(96903, 99368, 26755, 223026)
(96882, 99368, 26755, 223005)
(96834, 99368, 26755, 222957)
(96818, 99368, 26755, 222941)
(96786, 99368, 26755, 222909)
(96765, 99368, 26755, 222888)
(96733, 99368, 26755, 222856)
(96705, 99368, 26755, 222828)
(96673, 99368, 26755, 222796)
(96638, 99368, 26755, 222761)
(96608, 99368, 26755, 222731)
(96588, 99368, 26755, 222711)
(96569, 99368, 26755, 222692)
(96505, 99368, 26755, 222628)
(96461, 99368, 26755, 222584)
(96421, 99368, 26755, 222544)
(96382, 99368, 26755, 222505)
(96333, 99368, 26755, 222456)
(96308, 99368, 26755, 222431)
(96282, 99368, 26755, 222405)
(96252, 99368, 26755, 222375)
(96208, 99368, 26755, 222331)
(96192, 99368, 26755, 222315)
(96168, 99368, 26755, 222291)
(96150, 99368, 26755, 222273)
(96131, 99368, 26755, 222254)
(96091, 99368, 26755, 222214)
(96068, 99368, 26755, 222191)
(96017, 99368, 26755, 222140)
(96000, 99368, 26755, 222123)
(95994, 99368, 26755, 222117)
(95973, 99368, 26755, 222096)
(95961, 99368, 26755, 222084)
(95921, 99368, 26755, 222044)
(95899, 99368, 26755, 222022)
(95852, 99368, 26755, 221975)
(95809, 99368, 26755, 221932)
(95758, 99368, 26755, 221881)
(95732, 99368, 26755, 221855)
(95695, 99368, 26755, 221818)
(95676, 99368, 26755, 221799)
(95666, 99368, 26755, 221789)
(95634, 99368, 26755, 221757)
(95627, 99368, 26755, 221750)
(95596, 99368, 26755, 221719)
(95549, 99368, 26755, 221672)
(95538, 99368, 26755, 221661)
(95485, 99368, 26755, 221608)
(95451, 99368, 26755, 221574)
(95409, 99368, 26755, 221532)
(95381, 99368, 26755, 221504)
(95351, 99368, 26755, 221474)
(95315, 99368, 26755, 221438)
(95281, 99368, 26755, 221404)
(95266, 99368, 26755, 221389)
(95231, 99368, 26755, 221354)
(95167, 99368, 26755, 221290)
(95129, 99368, 26755, 221252)
(95086, 99368, 26755, 221209)
(95041, 99368, 26755, 221164)
(95040, 99368, 26755, 221163)
(95016, 99368, 26755, 221139)
(94979, 99368, 26755, 221102)
(94947, 99368, 26755, 221070)
(94932, 99368, 26755, 221055)
(94914, 99368, 26755, 221037)
(94881, 99368, 26755, 221004)
(94857, 99368, 26755, 220980)
(94815, 99368, 26755, 220938)
(94796, 99368, 26755, 220919)
(94740, 99368, 26755, 220863)
(94694, 99368, 26755, 220817)
(94655, 99368, 26755, 220778)
(94624, 99368, 26755, 220747)
(94585, 99368, 26755, 220708)
(94564, 99368, 26755, 220687)
(94531, 99368, 26755, 220654)
(94500, 99368, 26755, 220623)
(94462, 99368, 26755, 220585)
(94444, 99368, 26755, 220567)
(94387, 99368, 26755, 220510)
(94344, 99368, 26755, 220467)
(94325, 99368, 26755, 220448)
(94314, 99368, 26755, 220437)
(94300, 99368, 26755, 220423)
(94275, 99368, 26755, 220398)
(94212, 99368, 26755, 220335)
(94179, 99368, 26755, 220302)
(94160, 99368, 26755, 220283)
(94143, 99368, 26755, 220266)
(94106, 99368, 26755, 220229)
(94098, 99368, 26755, 220221)
(94063, 99368, 26755, 220186)
(94048, 99368, 26755, 220171)
(94010, 99368, 26755, 220133)
(93986, 99368, 26755, 220109)
(93940, 99368, 26755, 220063)
(93901, 99368, 26755, 220024)
(93860, 99368, 26755, 219983)
(93838, 99368, 26755, 219961)
(93819, 99368, 26755, 219942)
(93809, 99368, 26755, 219932)
(93777, 99368, 26755, 219900)
(93730, 99368, 26755, 219853)
(93676, 99368, 26755, 219799)
(93647, 99368, 26755, 219770)
(93606, 99368, 26755, 219729)
(93602, 99368, 26755, 219725)
(93573, 99368, 26755, 219696)
(93535, 99368, 26755, 219658)
(93528, 99368, 26755, 219651)
(93481, 99368, 26755, 219604)
(93464, 99368, 26755, 219587)
(93422, 99368, 26755, 219545)
(93409, 99368, 26755, 219532)
(93336, 99368, 26755, 219459)
(93323, 99368, 26755, 219446)
(93298, 99368, 26755, 219421)
(93269, 99368, 26755, 219392)
(93242, 99368, 26755, 219365)
(93211, 99368, 26755, 219334)
(93166, 99368, 26755, 219289)
(93120, 99368, 26755, 219243)
(93096, 99368, 26755, 219219)
(93056, 99368, 26755, 219179)
(93010, 99368, 26755, 219133)
(92992, 99368, 26755, 219115)
(92943, 99368, 26755, 219066)
(92890, 99368, 26755, 219013)
(92861, 99368, 26755, 218984)
(92848, 99368, 26755, 218971)
(92825, 99368, 26755, 218948)
(92789, 99368, 26755, 218912)
(92755, 99368, 26755, 218878)
(92726, 99368, 26755, 218849)
(92711, 99368, 26755, 218834)
(92650, 99368, 26755, 218773)
(92626, 99368, 26755, 218749)
(92590, 99368, 26755, 218713)
(92551, 99368, 26755, 218674)
(92512, 99368, 26755, 218635)
(92474, 99368, 26755, 218597)
(92435, 99368, 26755, 218558)
(92410, 99368, 26755, 218533)
(92356, 99368, 26755, 218479)
(92323, 99368, 26755, 218446)
(92300, 99368, 26755, 218423)
(92274, 99368, 26755, 218397)
(92237, 99368, 26755, 218360)
(92195, 99368, 26755, 218318)
(92156, 99368, 26755, 218279)
(92117, 99368, 26755, 218240)
(92088, 99368, 26755, 218211)
(92059, 99368, 26755, 218182)
(92024, 99368, 26755, 218147)
(91966, 99368, 26755, 218089)
(91936, 99368, 26755, 218059)
(91892, 99368, 26755, 218015)
(91853, 99368, 26755, 217976)
(91803, 99368, 26755, 217926)
(91757, 99368, 26755, 217880)
(91732, 99368, 26755, 217855)
(91714, 99368, 26755, 217837)
(91676, 99368, 26755, 217799)
(91638, 99368, 26755, 217761)
(91591, 99368, 26755, 217714)
(91568, 99368, 26755, 217691)
(91545, 99368, 26755, 217668)
(91502, 99368, 26755, 217625)
(91463, 99368, 26755, 217586)
(91418, 99368, 26755, 217541)
(91376, 99368, 26755, 217499)
(91368, 99368, 26755, 217491)
(91364, 99368, 26755, 217487)
(91339, 99368, 26755, 217462)
(91302, 99368, 26755, 217425)
(91270, 99368, 26755, 217393)
(91253, 99368, 26755, 217376)
(91234, 99368, 26755, 217357)
(91208, 99368, 26755, 217331)
(91177, 99368, 26755, 217300)
(91129, 99368, 26755, 217252)
(91117, 99368, 26755, 217240)
(91094, 99368, 26755, 217217)
(91060, 99368, 26755, 217183)
(91051, 99368, 26755, 217174)
(91022, 99368, 26755, 217145)
(90991, 99368, 26755, 217114)
(90956, 99368, 26755, 217079)
(90910, 99368, 26755, 217033)
(90894, 99368, 26755, 217017)
(90875, 99368, 26755, 216998)
(90840, 99368, 26755, 216963)
(90824, 99368, 26755, 216947)
(90808, 99368, 26755, 216931)
(90801, 99368, 26755, 216924)
(90742, 99368, 26755, 216865)
(90696, 99368, 26755, 216819)
(90660, 99368, 26755, 216783)
(90631, 99368, 26755, 216754)
(90603, 99368, 26755, 216726)
(90557, 99368, 26755, 216680)
(90538, 99368, 26755, 216661)
(90477, 99368, 26755, 216600)
(90436, 99368, 26755, 216559)
(90389, 99368, 26755, 216512)
(90350, 99368, 26755, 216473)
(90339, 99368, 26755, 216462)
(90323, 99368, 26755, 216446)
(90310, 99368, 26755, 216433)
(90274, 99368, 26755, 216397)
(90217, 99368, 26755, 216340)
(90186, 99368, 26755, 216309)
(90169, 99368, 26755, 216292)
(90122, 99368, 26755, 216245)
(90071, 99368, 26755, 216194)
(90008, 99368, 26755, 216131)
(89985, 99368, 26755, 216108)
(89939, 99368, 26755, 216062)
(89907, 99368, 26755, 216030)
(89889, 99368, 26755, 216012)
(89865, 99368, 26755, 215988)
(89847, 99368, 26755, 215970)
(89773, 99368, 26755, 215896)
(89748, 99368, 26755, 215871)
(89725, 99368, 26755, 215848)
(89705, 99368, 26755, 215828)
(89673, 99368, 26755, 215796)
(89661, 99368, 26755, 215784)
(89621, 99368, 26755, 215744)
(89586, 99368, 26755, 215709)
(89565, 99368, 26755, 215688)
(89535, 99368, 26755, 215658)
(89507, 99368, 26755, 215630)
(89479, 99368, 26755, 215602)
(89452, 99368, 26755, 215575)
(89437, 99368, 26755, 215560)
(89405, 99368, 26755, 215528)
(89379, 99368, 26755, 215502)
(89329, 99368, 26755, 215452)
(89288, 99368, 26755, 215411)
(89251, 99368, 26755, 215374)
(89230, 99368, 26755, 215353)
(89194, 99368, 26755, 215317)
(89143, 99368, 26755, 215266)
(89124, 99368, 26755, 215247)
(89079, 99368, 26755, 215202)
(89030, 99368, 26755, 215153)
(88997, 99368, 26755, 215120)
(88953, 99368, 26755, 215076)
(88912, 99368, 26755, 215035)
(88891, 99368, 26755, 215014)
(88858, 99368, 26755, 214981)
(88800, 99368, 26755, 214923)
(88779, 99368, 26755, 214902)
(88743, 99368, 26755, 214866)
(88704, 99368, 26755, 214827)
(88661, 99368, 26755, 214784)
(88609, 99368, 26755, 214732)
(88541, 99368, 26755, 214664)
(88505, 99368, 26755, 214628)
(88474, 99368, 26755, 214597)
(88417, 99368, 26755, 214540)
(88395, 99368, 26755, 214518)
(88371, 99368, 26755, 214494)
(88315, 99368, 26755, 214438)
(88275, 99368, 26755, 214398)
(88264, 99368, 26755, 214387)
(88239, 99368, 26755, 214362)
(88216, 99368, 26755, 214339)
(88180, 99368, 26755, 214303)
(88170, 99368, 26755, 214293)
(88145, 99368, 26755, 214268)
(88120, 99368, 26755, 214243)
(88073, 99368, 26755, 214196)
(88032, 99368, 26755, 214155)
(88003, 99368, 26755, 214126)
(87968, 99368, 26755, 214091)
(87966, 99368, 26755, 214089)
(87921, 99368, 26755, 214044)
(87895, 99368, 26755, 214018)
(87849, 99368, 26755, 213972)
(87826, 99368, 26755, 213949)
(87792, 99368, 26755, 213915)
(87756, 99368, 26755, 213879)
(87718, 99368, 26755, 213841)
(87698, 99368, 26755, 213821)
(87682, 99368, 26755, 213805)
(87661, 99368, 26755, 213784)
(87627, 99368, 26755, 213750)
(87591, 99368, 26755, 213714)
(87576, 99368, 26755, 213699)
(87560, 99368, 26755, 213683)
(87522, 99368, 26755, 213645)
(87501, 99368, 26755, 213624)
(87459, 99368, 26755, 213582)
(87439, 99368, 26755, 213562)
(87390, 99368, 26755, 213513)
(87374, 99368, 26755, 213497)
(87360, 99368, 26755, 213483)
(87330, 99368, 26755, 213453)
(87296, 99368, 26755, 213419)
(87260, 99368, 26755, 213383)
(87256, 99368, 26755, 213379)
(87211, 99368, 26755, 213334)
(87178, 99368, 26755, 213301)
(87142, 99368, 26755, 213265)
(87104, 99368, 26755, 213227)
(87072, 99368, 26755, 213195)
(87045, 99368, 26755, 213168)
(87011, 99368, 26755, 213134)
(86974, 99368, 26755, 213097)
(86944, 99368, 26755, 213067)
(86933, 99368, 26755, 213056)
(86891, 99368, 26755, 213014)
(86830, 99368, 26755, 212953)
(86768, 99368, 26755, 212891)
(86713, 99368, 26755, 212836)
(86709, 99368, 26755, 212832)
(86689, 99368, 26755, 212812)
(86658, 99368, 26755, 212781)
(86621, 99368, 26755, 212744)
(86594, 99368, 26755, 212717)
(86543, 99368, 26755, 212666)
(86531, 99368, 26755, 212654)
(86524, 99368, 26755, 212647)
(86476, 99368, 26755, 212599)
(86438, 99368, 26755, 212561)
(86413, 99368, 26755, 212536)
(86366, 99368, 26755, 212489)
(86332, 99368, 26755, 212455)
(86301, 99368, 26755, 212424)
(86290, 99368, 26755, 212413)
(86259, 99368, 26755, 212382)
(86221, 99368, 26755, 212344)
(86170, 99368, 26755, 212293)
(86154, 99368, 26755, 212277)
(86119, 99368, 26755, 212242)
(86111, 99368, 26755, 212234)
(86066, 99368, 26755, 212189)
(86017, 99368, 26755, 212140)
(85984, 99368, 26755, 212107)
(85946, 99368, 26755, 212069)
(85906, 99368, 26755, 212029)
(85858, 99368, 26755, 211981)
(85828, 99368, 26755, 211951)
(85807, 99368, 26755, 211930)
(85775, 99368, 26755, 211898)
(85734, 99368, 26755, 211857)
(85718, 99368, 26755, 211841)
(85686, 99368, 26755, 211809)
(85641, 99368, 26755, 211764)
(85620, 99368, 26755, 211743)
(85581, 99368, 26755, 211704)
(85539, 99368, 26755, 211662)
(85490, 99368, 26755, 211613)
(85474, 99368, 26755, 211597)
(85457, 99368, 26755, 211580)
(85400, 99368, 26755, 211523)
(85373, 99368, 26755, 211496)
(85370, 99368, 26755, 211493)
(85335, 99368, 26755, 211458)
(85301, 99368, 26755, 211424)
(85256, 99368, 26755, 211379)
(85216, 99368, 26755, 211339)
(85173, 99368, 26755, 211296)
(85160, 99368, 26755, 211283)
(85128, 99368, 26755, 211251)
(85099, 99368, 26755, 211222)
(85042, 99368, 26755, 211165)
(84999, 99368, 26755, 211122)
(84983, 99368, 26755, 211106)
(84956, 99368, 26755, 211079)
(84935, 99368, 26755, 211058)
(84892, 99368, 26755, 211015)
(84855, 99368, 26755, 210978)
(84813, 99368, 26755, 210936)
(84763, 99368, 26755, 210886)
(84710, 99368, 26755, 210833)
(84696, 99368, 26755, 210819)
(84654, 99368, 26755, 210777)
(84618, 99368, 26755, 210741)
(84582, 99368, 26755, 210705)
(84527, 99368, 26755, 210650)
(84459, 99368, 26755, 210582)
(84438, 99368, 26755, 210561)
(84431, 99368, 26755, 210554)
(84386, 99368, 26755, 210509)
(84338, 99368, 26755, 210461)
(84309, 99368, 26755, 210432)
(84266, 99368, 26755, 210389)
(84231, 99368, 26755, 210354)
(84192, 99368, 26755, 210315)
(84136, 99368, 26755, 210259)
(84128, 99368, 26755, 210251)
(84094, 99368, 26755, 210217)
(84059, 99368, 26755, 210182)
(84015, 99368, 26755, 210138)
(83983, 99368, 26755, 210106)
(83953, 99368, 26755, 210076)
(83918, 99368, 26755, 210041)
(83859, 99368, 26755, 209982)
(83835, 99368, 26755, 209958)
(83803, 99368, 26755, 209926)
(83758, 99368, 26755, 209881)
(83711, 99368, 26755, 209834)
(83665, 99368, 26755, 209788)
(83615, 99368, 26755, 209738)
(83565, 99368, 26755, 209688)
(83542, 99368, 26755, 209665)
(83500, 99368, 26755, 209623)
(83474, 99368, 26755, 209597)
(83449, 99368, 26755, 209572)
(83402, 99368, 26755, 209525)
(83381, 99368, 26755, 209504)
(83337, 99368, 26755, 209460)
(83302, 99368, 26755, 209425)
(83267, 99368, 26755, 209390)
(83253, 99368, 26755, 209376)
(83221, 99368, 26755, 209344)
(83215, 99368, 26755, 209338)
(83185, 99368, 26755, 209308)
