(44520, 43388, 18264, 106172)
(44503, 43388, 18264, 106155)
(44481, 43388, 18264, 106133)
(44438, 43388, 18264, 106090)
(44429, 43388, 18264, 106081)
(44415, 43388, 18264, 106067)
(44407, 43388, 18264, 106059)
(44376, 43388, 18264, 106028)
(44355, 43388, 18264, 106007)
(44327, 43388, 18264, 105979)
(44307, 43388, 18264, 105959)
(44279, 43388, 18264, 105931)
(44247, 43388, 18264, 105899)
(44235, 43388, 18264, 105887)
(44208, 43388, 18264, 105860)
(44185, 43388, 18264, 105837)
(44155, 43388, 18264, 105807)
(44135, 43388, 18264, 105787)
(44116, 43388, 18264, 105768)
(44106, 43388, 18264, 105758)
(44082, 43388, 18264, 105734)
(44050, 43388, 18264, 105702)
(44021, 43388, 18264, 105673)
(43984, 43388, 18264, 105636)
(43969, 43388, 18264, 105621)
(43940, 43388, 18264, 105592)
(43914, 43388, 18264, 105566)
(43896, 43388, 18264, 105548)
(43865, 43388, 18264, 105517)
(43849, 43388, 18264, 105501)
(43822, 43388, 18264, 105474)
(43801, 43388, 18264, 105453)
(43792, 43388, 18264, 105444)
(43764, 43388, 18264, 105416)
(43760, 43388, 18264, 105412)
(43724, 43388, 18264, 105376)
(43702, 43388, 18264, 105354)
(43680, 43388, 18264, 105332)
(43666, 43388, 18264, 105318)
(43631, 43388, 18264, 105283)
(43586, 43388, 18264, 105238)
(43557, 43388, 18264, 105209)
(43525, 43388, 18264, 105177)
(43505, 43388, 18264, 105157)
(43479, 43388, 18264, 105131)
(43434, 43388, 18264, 105086)
(43388, 43388, 18264, 105040)
(43340, 43388, 18264, 104992)
(43296, 43388, 18264, 104948)
(43289, 43388, 18264, 104941)
(43247, 43388, 18264, 104899)
(43220, 43388, 18264, 104872)
(43188, 43388, 18264, 104840)
(43174, 43388, 18264, 104826)
(43149, 43388, 18264, 104801)
(43118, 43388, 18264, 104770)
(43086, 43388, 18264, 104738)
(43060, 43388, 18264, 104712)
(43049, 43388, 18264, 104701)
(43043, 43388, 18264, 104695)
(43018, 43388, 18264, 104670)
(42992, 43388, 18264, 104644)
(42983, 43388, 18264, 104635)
(42948, 43388, 18264, 104600)
(42918, 43388, 18264, 104570)
(42898, 43388, 18264, 104550)
(42860, 43388, 18264, 104512)
(42826, 43388, 18264, 104478)
(42805, 43388, 18264, 104457)
(42766, 43388, 18264, 104418)
(42738, 43388, 18264, 104390)
(42724, 43388, 18264, 104376)
(42684, 43388, 18264, 104336)
(42653, 43388, 18264, 104305)
(42618, 43388, 18264, 104270)
(42599, 43388, 18264, 104251)
(42588, 43388, 18264, 104240)
(42545, 43388, 18264, 104197)
(42529, 43388, 18264, 104181)
(42513, 43388, 18264, 104165)
(42477, 43388, 18264, 104129)
(42446, 43388, 18264, 104098)
(42425, 43388, 18264, 104077)
(42392, 43388, 18264, 104044)
(42389, 43388, 18264, 104041)
(42356, 43388, 18264, 104008)
(42314, 43388, 18264, 103966)
(42288, 43388, 18264, 103940)
(42271, 43388, 18264, 103923)
(42253, 43388, 18264, 103905)
(42231, 43388, 18264, 103883)
(42203, 43388, 18264, 103855)
(42162, 43388, 18264, 103814)
(42152, 43388, 18264, 103804)
(42076, 43388, 18264, 103728)
(42048, 43388, 18264, 103700)
(42026, 43388, 18264, 103678)
(41985, 43388, 18264, 103637)
(41972, 43388, 18264, 103624)
(41957, 43388, 18264, 103609)
(41951, 43388, 18264, 103603)
(41928, 43388, 18264, 103580)
(41913, 43388, 18264, 103565)
(41882, 43388, 18264, 103534)
(41848, 43388, 18264, 103500)
(41829, 43388, 18264, 103481)
(41814, 43388, 18264, 103466)
(41778, 43388, 18264, 103430)
(41743, 43388, 18264, 103395)
(41705, 43388, 18264, 103357)
(41686, 43388, 18264, 103338)
(41658, 43388, 18264, 103310)
(41644, 43388, 18264, 103296)
(41619, 43388, 18264, 103271)
(41592, 43388, 18264, 103244)
(41566, 43388, 18264, 103218)
(41554, 43388, 18264, 103206)
(41524, 43388, 18264, 103176)
(41476, 43388, 18264, 103128)
(41449, 43388, 18264, 103101)
(41423, 43388, 18264, 103075)
(41410, 43388, 18264, 103062)
(41393, 43388, 18264, 103045)
(41373, 43388, 18264, 103025)
(41350, 43388, 18264, 103002)
(41319, 43388, 18264, 102971)
(41288, 43388, 18264, 102940)
(41259, 43388, 18264, 102911)
(41226, 43388, 18264, 102878)
(41202, 43388, 18264, 102854)
(41158, 43388, 18264, 102810)
(41142, 43388, 18264, 102794)
(41131, 43388, 18264, 102783)
(41121, 43388, 18264, 102773)
(41095, 43388, 18264, 102747)
(41064, 43388, 18264, 102716)
(41054, 43388, 18264, 102706)
(41032, 43388, 18264, 102684)
(41009, 43388, 18264, 102661)
(40986, 43388, 18264, 102638)
(40980, 43388, 18264, 102632)
(40946, 43388, 18264, 102598)
(40933, 43388, 18264, 102585)
(40902, 43388, 18264, 102554)
(40891, 43388, 18264, 102543)
(40860, 43388, 18264, 102512)
(40851, 43388, 18264, 102503)
(40836, 43388, 18264, 102488)
(40823, 43388, 18264, 102475)
(40812, 43388, 18264, 102464)
(40777, 43388, 18264, 102429)
(40759, 43388, 18264, 102411)
(40736, 43388, 18264, 102388)
(40698, 43388, 18264, 102350)
(40669, 43388, 18264, 102321)
(40646, 43388, 18264, 102298)
(40633, 43388, 18264, 102285)
(40609, 43388, 18264, 102261)
(40568, 43388, 18264, 102220)
(40552, 43388, 18264, 102204)
(40514, 43388, 18264, 102166)
(40507, 43388, 18264, 102159)
(40491, 43388, 18264, 102143)
(40448, 43388, 18264, 102100)
(40409, 43388, 18264, 102061)
(40403, 43388, 18264, 102055)
(40371, 43388, 18264, 102023)
(40356, 43388, 18264, 102008)
(40342, 43388, 18264, 101994)
(40322, 43388, 18264, 101974)
(40306, 43388, 18264, 101958)
(40296, 43388, 18264, 101948)
(40260, 43388, 18264, 101912)
(40225, 43388, 18264, 101877)
(40201, 43388, 18264, 101853)
(40179, 43388, 18264, 101831)
(40162, 43388, 18264, 101814)
(40123, 43388, 18264, 101775)
(40081, 43388, 18264, 101733)
(40062, 43388, 18264, 101714)
(40017, 43388, 18264, 101669)
(39988, 43388, 18264, 101640)
(39957, 43388, 18264, 101609)
(39930, 43388, 18264, 101582)
(39913, 43388, 18264, 101565)
(39906, 43388, 18264, 101558)
(39881, 43388, 18264, 101533)
(39839, 43388, 18264, 101491)
(39807, 43388, 18264, 101459)
(39784, 43388, 18264, 101436)
(39761, 43388, 18264, 101413)
(39750, 43388, 18264, 101402)
(39738, 43388, 18264, 101390)
(39720, 43388, 18264, 101372)
(39680, 43388, 18264, 101332)
(39669, 43388, 18264, 101321)
(39657, 43388, 18264, 101309)
(39625, 43388, 18264, 101277)
(39601, 43388, 18264, 101253)
(39566, 43388, 18264, 101218)
(39556, 43388, 18264, 101208)
(39534, 43388, 18264, 101186)
(39521, 43388, 18264, 101173)
(39512, 43388, 18264, 101164)
(39489, 43388, 18264, 101141)
(39478, 43388, 18264, 101130)
(39457, 43388, 18264, 101109)
(39436, 43388, 18264, 101088)
(39399, 43388, 18264, 101051)
(39373, 43388, 18264, 101025)
(39362, 43388, 18264, 101014)
(39351, 43388, 18264, 101003)
(39320, 43388, 18264, 100972)
(39287, 43388, 18264, 100939)
(39257, 43388, 18264, 100909)
(39231, 43388, 18264, 100883)
(39205, 43388, 18264, 100857)
(39191, 43388, 18264, 100843)
(39175, 43388, 18264, 100827)
(39138, 43388, 18264, 100790)
(39107, 43388, 18264, 100759)
(39091, 43388, 18264, 100743)
(39071, 43388, 18264, 100723)
(39051, 43388, 18264, 100703)
(39039, 43388, 18264, 100691)
(39001, 43388, 18264, 100653)
(38967, 43388, 18264, 100619)
(38946, 43388, 18264, 100598)
(38919, 43388, 18264, 100571)
(38873, 43388, 18264, 100525)
(38845, 43388, 18264, 100497)
(38825, 43388, 18264, 100477)
(38801, 43388, 18264, 100453)
(38776, 43388, 18264, 100428)
(38756, 43388, 18264, 100408)
(38724, 43388, 18264, 100376)
(38705, 43388, 18264, 100357)
(38681, 43388, 18264, 100333)
(38655, 43388, 18264, 100307)
(38632, 43388, 18264, 100284)
(38602, 43388, 18264, 100254)
(38591, 43388, 18264, 100243)
(38570, 43388, 18264, 100222)
(38533, 43388, 18264, 100185)
(38506, 43388, 18264, 100158)
(38471, 43388, 18264, 100123)
(38456, 43388, 18264, 100108)
(38441, 43388, 18264, 100093)
(38417, 43388, 18264, 100069)
(38403, 43388, 18264, 100055)
(38373, 43388, 18264, 100025)
(38351, 43388, 18264, 100003)
(38321, 43388, 18264, 99973)
(38300, 43388, 18264, 99952)
(38288, 43388, 18264, 99940)
(38257, 43388, 18264, 99909)
(38252, 43388, 18264, 99904)
(38218, 43388, 18264, 99870)
(38176, 43388, 18264, 99828)
(38171, 43388, 18264, 99823)
(38135, 43388, 18264, 99787)
(38093, 43388, 18264, 99745)
(38049, 43388, 18264, 99701)
(38011, 43388, 18264, 99663)
(38006, 43388, 18264, 99658)
(37974, 43388, 18264, 99626)
(37938, 43388, 18264, 99590)
(37900, 43388, 18264, 99552)
(37866, 43388, 18264, 99518)
(37838, 43388, 18264, 99490)
(37813, 43388, 18264, 99465)
(37795, 43388, 18264, 99447)
(37747, 43388, 18264, 99399)
(37736, 43388, 18264, 99388)
(37714, 43388, 18264, 99366)
(37684, 43388, 18264, 99336)
(37674, 43388, 18264, 99326)
(37649, 43388, 18264, 99301)
(37632, 43388, 18264, 99284)
(37576, 43388, 18264, 99228)
(37531, 43388, 18264, 99183)
(37501, 43388, 18264, 99153)
(37475, 43388, 18264, 99127)
(37454, 43388, 18264, 99106)
(37437, 43388, 18264, 99089)
(37409, 43388, 18264, 99061)
(37387, 43388, 18264, 99039)
(37349, 43388, 18264, 99001)
(37321, 43388, 18264, 98973)
(37312, 43388, 18264, 98964)
(37255, 43388, 18264, 98907)
(37253, 43388, 18264, 98905)
(37229, 43388, 18264, 98881)
(37184, 43388, 18264, 98836)
(37147, 43388, 18264, 98799)
(37132, 43388, 18264, 98784)
(37106, 43388, 18264, 98758)
(37070, 43388, 18264, 98722)
(37033, 43388, 18264, 98685)
(37001, 43388, 18264, 98653)
(36985, 43388, 18264, 98637)
(36951, 43388, 18264, 98603)
(36912, 43388, 18264, 98564)
(36875, 43388, 18264, 98527)
(36829, 43388, 18264, 98481)
(36802, 43388, 18264, 98454)
(36768, 43388, 18264, 98420)
(36743, 43388, 18264, 98395)
(36706, 43388, 18264, 98358)
(36676, 43388, 18264, 98328)
(36656, 43388, 18264, 98308)
(36634, 43388, 18264, 98286)
(36586, 43388, 18264, 98238)
(36536, 43388, 18264, 98188)
(36509, 43388, 18264, 98161)
(36475, 43388, 18264, 98127)
(36456, 43388, 18264, 98108)
(36431, 43388, 18264, 98083)
(36393, 43388, 18264, 98045)
(36365, 43388, 18264, 98017)
(36348, 43388, 18264, 98000)
(36315, 43388, 18264, 97967)
(36302, 43388, 18264, 97954)
(36275, 43388, 18264, 97927)
(36244, 43388, 18264, 97896)
(36212, 43388, 18264, 97864)
(36188, 43388, 18264, 97840)
(36165, 43388, 18264, 97817)
(36156, 43388, 18264, 97808)
(36132, 43388, 18264, 97784)
(36112, 43388, 18264, 97764)
(36089, 43388, 18264, 97741)
(36056, 43388, 18264, 97708)
(36025, 43388, 18264, 97677)
(35993, 43388, 18264, 97645)
(35967, 43388, 18264, 97619)
(35945, 43388, 18264, 97597)
(35911, 43388, 18264, 97563)
(35894, 43388, 18264, 97546)
(35867, 43388, 18264, 97519)
(35832, 43388, 18264, 97484)
(35803, 43388, 18264, 97455)
(35789, 43388, 18264, 97441)
(35752, 43388, 18264, 97404)
(35719, 43388, 18264, 97371)
(35688, 43388, 18264, 97340)
(35667, 43388, 18264, 97319)
(35650, 43388, 18264, 97302)
(35630, 43388, 18264, 97282)
(35624, 43388, 18264, 97276)
(35591, 43388, 18264, 97243)
(35551, 43388, 18264, 97203)
(35516, 43388, 18264, 97168)
(35471, 43388, 18264, 97123)
(35449, 43388, 18264, 97101)
(35427, 43388, 18264, 97079)
(35409, 43388, 18264, 97061)
(35390, 43388, 18264, 97042)
(35347, 43388, 18264, 96999)
(35340, 43388, 18264, 96992)
(35314, 43388, 18264, 96966)
(35300, 43388, 18264, 96952)
(35292, 43388, 18264, 96944)
(35256, 43388, 18264, 96908)
(35218, 43388, 18264, 96870)
(35197, 43388, 18264, 96849)
(35170, 43388, 18264, 96822)
(35156, 43388, 18264, 96808)
(35128, 43388, 18264, 96780)
(35090, 43388, 18264, 96742)
(35045, 43388, 18264, 96697)
(35015, 43388, 18264, 96667)
(34988, 43388, 18264, 96640)
(34967, 43388, 18264, 96619)
(34933, 43388, 18264, 96585)
(34915, 43388, 18264, 96567)
(34897, 43388, 18264, 96549)
(34875, 43388, 18264, 96527)
(34857, 43388, 18264, 96509)
(34840, 43388, 18264, 96492)
(34828, 43388, 18264, 96480)
(34812, 43388, 18264, 96464)
(34788, 43388, 18264, 96440)
(34781, 43388, 18264, 96433)
(34747, 43388, 18264, 96399)
(34709, 43388, 18264, 96361)
(34667, 43388, 18264, 96319)
(34654, 43388, 18264, 96306)
(34636, 43388, 18264, 96288)
(34616, 43388, 18264, 96268)
(34569, 43388, 18264, 96221)
(34557, 43388, 18264, 96209)
(34520, 43388, 18264, 96172)
(34484, 43388, 18264, 96136)
(34449, 43388, 18264, 96101)
(34423, 43388, 18264, 96075)
(34415, 43388, 18264, 96067)
(34400, 43388, 18264, 96052)
(34358, 43388, 18264, 96010)
(34317, 43388, 18264, 95969)
(34288, 43388, 18264, 95940)
(34261, 43388, 18264, 95913)
(34240, 43388, 18264, 95892)
(34218, 43388, 18264, 95870)
(34189, 43388, 18264, 95841)
(34182, 43388, 18264, 95834)
(34169, 43388, 18264, 95821)
(34145, 43388, 18264, 95797)
(34137, 43388, 18264, 95789)
(34104, 43388, 18264, 95756)
(34073, 43388, 18264, 95725)
(34041, 43388, 18264, 95693)
(34003, 43388, 18264, 95655)
(33973, 43388, 18264, 95625)
(33964, 43388, 18264, 95616)
(33920, 43388, 18264, 95572)
(33894, 43388, 18264, 95546)
(33866, 43388, 18264, 95518)
(33850, 43388, 18264, 95502)
(33833, 43388, 18264, 95485)
(33790, 43388, 18264, 95442)
(33768, 43388, 18264, 95420)
