(78448, 76044, 26659, 181151)
(78447, 76044, 26659, 181150)
(78428, 76044, 26659, 181131)
(78415, 76044, 26659, 181118)
(78390, 76044, 26659, 181093)
(78349, 76044, 26659, 181052)
(78336, 76044, 26659, 181039)
(78311, 76044, 26659, 181014)
(78288, 76044, 26659, 180991)
(78266, 76044, 26659, 180969)
(78253, 76044, 26659, 180956)
(78243, 76044, 26659, 180946)
(78229, 76044, 26659, 180932)
(78205, 76044, 26659, 180908)
(78182, 76044, 26659, 180885)
(78158, 76044, 26659, 180861)
(78148, 76044, 26659, 180851)
(78123, 76044, 26659, 180826)
(78116, 76044, 26659, 180819)
(78102, 76044, 26659, 180805)
(78063, 76044, 26659, 180766)
(78021, 76044, 26659, 180724)
(78015, 76044, 26659, 180718)
(78010, 76044, 26659, 180713)
(77974, 76044, 26659, 180677)
(77934, 76044, 26659, 180637)
(77925, 76044, 26659, 180628)
(77902, 76044, 26659, 180605)
(77875, 76044, 26659, 180578)
(77869, 76044, 26659, 180572)
(77842, 76044, 26659, 180545)
(77830, 76044, 26659, 180533)
(77794, 76044, 26659, 180497)
(77770, 76044, 26659, 180473)
(77731, 76044, 26659, 180434)
(77719, 76044, 26659, 180422)
(77711, 76044, 26659, 180414)
(77675, 76044, 26659, 180378)
(77659, 76044, 26659, 180362)
(77633, 76044, 26659, 180336)
(77615, 76044, 26659, 180318)
(77580, 76044, 26659, 180283)
(77553, 76044, 26659, 180256)
(77533, 76044, 26659, 180236)
(77500, 76044, 26659, 180203)
(77478, 76044, 26659, 180181)
(77452, 76044, 26659, 180155)
(77446, 76044, 26659, 180149)
(77418, 76044, 26659, 180121)
(77386, 76044, 26659, 180089)
(77361, 76044, 26659, 180064)
(77353, 76044, 26659, 180056)
(77326, 76044, 26659, 180029)
(77304, 76044, 26659, 180007)
(77280, 76044, 26659, 179983)
(77250, 76044, 26659, 179953)
(77237, 76044, 26659, 179940)
(77233, 76044, 26659, 179936)
(77188, 76044, 26659, 179891)
(77176, 76044, 26659, 179879)
(77143, 76044, 26659, 179846)
(77112, 76044, 26659, 179815)
(77095, 76044, 26659, 179798)
(77066, 76044, 26659, 179769)
(77052, 76044, 26659, 179755)
(77042, 76044, 26659, 179745)
(77029, 76044, 26659, 179732)
(77004, 76044, 26659, 179707)
(76972, 76044, 26659, 179675)
(76956, 76044, 26659, 179659)
(76917, 76044, 26659, 179620)
(76903, 76044, 26659, 179606)
(76882, 76044, 26659, 179585)
(76861, 76044, 26659, 179564)
(76842, 76044, 26659, 179545)
(76797, 76044, 26659, 179500)
(76769, 76044, 26659, 179472)
(76744, 76044, 26659, 179447)
(76728, 76044, 26659, 179431)
(76712, 76044, 26659, 179415)
(76686, 76044, 26659, 179389)
(76670, 76044, 26659, 179373)
(76637, 76044, 26659, 179340)
(76617, 76044, 26659, 179320)
(76600, 76044, 26659, 179303)
(76558, 76044, 26659, 179261)
(76539, 76044, 26659, 179242)
(76520, 76044, 26659, 179223)
(76510, 76044, 26659, 179213)
(76488, 76044, 26659, 179191)
(76467, 76044, 26659, 179170)
(76441, 76044, 26659, 179144)
(76440, 76044, 26659, 179143)
(76420, 76044, 26659, 179123)
(76385, 76044, 26659, 179088)
(76358, 76044, 26659, 179061)
(76319, 76044, 26659, 179022)
(76291, 76044, 26659, 178994)
(76262, 76044, 26659, 178965)
(76215, 76044, 26659, 178918)
(76193, 76044, 26659, 178896)
(76169, 76044, 26659, 178872)
(76139, 76044, 26659, 178842)
(76105, 76044, 26659, 178808)
(76071, 76044, 26659, 178774)
(76051, 76044, 26659, 178754)
(76038, 76044, 26659, 178741)
(76016, 76044, 26659, 178719)
(75978, 76044, 26659, 178681)
(75954, 76044, 26659, 178657)
(75922, 76044, 26659, 178625)
(75889, 76044, 26659, 178592)
(75854, 76044, 26659, 178557)
(75826, 76044, 26659, 178529)
(75804, 76044, 26659, 178507)
(75773, 76044, 26659, 178476)
(75744, 76044, 26659, 178447)
(75728, 76044, 26659, 178431)
(75710, 76044, 26659, 178413)
(75702, 76044, 26659, 178405)
(75687, 76044, 26659, 178390)
(75661, 76044, 26659, 178364)
(75634, 76044, 26659, 178337)
(75606, 76044, 26659, 178309)
(75596, 76044, 26659, 178299)
(75584, 76044, 26659, 178287)
(75559, 76044, 26659, 178262)
(75536, 76044, 26659, 178239)
(75534, 76044, 26659, 178237)
(75528, 76044, 26659, 178231)
(75513, 76044, 26659, 178216)
(75496, 76044, 26659, 178199)
(75485, 76044, 26659, 178188)
(75464, 76044, 26659, 178167)
(75438, 76044, 26659, 178141)
(75419, 76044, 26659, 178122)
(75404, 76044, 26659, 178107)
(75372, 76044, 26659, 178075)
(75355, 76044, 26659, 178058)
(75326, 76044, 26659, 178029)
(75318, 76044, 26659, 178021)
(75299, 76044, 26659, 178002)
(75272, 76044, 26659, 177975)
(75248, 76044, 26659, 177951)
(75228, 76044, 26659, 177931)
(75219, 76044, 26659, 177922)
(75180, 76044, 26659, 177883)
(75152, 76044, 26659, 177855)
(75125, 76044, 26659, 177828)
(75105, 76044, 26659, 177808)
(75077, 76044, 26659, 177780)
(75050, 76044, 26659, 177753)
(75033, 76044, 26659, 177736)
(75002, 76044, 26659, 177705)
(74989, 76044, 26659, 177692)
(74972, 76044, 26659, 177675)
(74943, 76044, 26659, 177646)
(74925, 76044, 26659, 177628)
(74908, 76044, 26659, 177611)
(74878, 76044, 26659, 177581)
(74863, 76044, 26659, 177566)
(74834, 76044, 26659, 177537)
(74826, 76044, 26659, 177529)
(74804, 76044, 26659, 177507)
(74780, 76044, 26659, 177483)
(74762, 76044, 26659, 177465)
(74741, 76044, 26659, 177444)
(74714, 76044, 26659, 177417)
(74676, 76044, 26659, 177379)
(74657, 76044, 26659, 177360)
(74613, 76044, 26659, 177316)
(74580, 76044, 26659, 177283)
(74553, 76044, 26659, 177256)
(74509, 76044, 26659, 177212)
(74491, 76044, 26659, 177194)
(74443, 76044, 26659, 177146)
(74393, 76044, 26659, 177096)
(74353, 76044, 26659, 177056)
(74311, 76044, 26659, 177014)
(74294, 76044, 26659, 176997)
(74290, 76044, 26659, 176993)
(74249, 76044, 26659, 176952)
(74204, 76044, 26659, 176907)
(74183, 76044, 26659, 176886)
(74149, 76044, 26659, 176852)
(74117, 76044, 26659, 176820)
(74094, 76044, 26659, 176797)
(74062, 76044, 26659, 176765)
(74043, 76044, 26659, 176746)
(74009, 76044, 26659, 176712)
(73987, 76044, 26659, 176690)
(73954, 76044, 26659, 176657)
(73936, 76044, 26659, 176639)
(73903, 76044, 26659, 176606)
(73884, 76044, 26659, 176587)
(73845, 76044, 26659, 176548)
(73822, 76044, 26659, 176525)
(73791, 76044, 26659, 176494)
(73750, 76044, 26659, 176453)
(73715, 76044, 26659, 176418)
(73696, 76044, 26659, 176399)
(73647, 76044, 26659, 176350)
(73628, 76044, 26659, 176331)
(73587, 76044, 26659, 176290)
(73557, 76044, 26659, 176260)
(73527, 76044, 26659, 176230)
(73488, 76044, 26659, 176191)
(73466, 76044, 26659, 176169)
(73440, 76044, 26659, 176143)
(73402, 76044, 26659, 176105)
(73365, 76044, 26659, 176068)
(73341, 76044, 26659, 176044)
(73329, 76044, 26659, 176032)
(73302, 76044, 26659, 176005)
(73276, 76044, 26659, 175979)
(73265, 76044, 26659, 175968)
(73250, 76044, 26659, 175953)
(73231, 76044, 26659, 175934)
(73206, 76044, 26659, 175909)
(73175, 76044, 26659, 175878)
(73156, 76044, 26659, 175859)
(73132, 76044, 26659, 175835)
(73129, 76044, 26659, 175832)
(73097, 76044, 26659, 175800)
(73071, 76044, 26659, 175774)
(73040, 76044, 26659, 175743)
(73025, 76044, 26659, 175728)
(73001, 76044, 26659, 175704)
(72982, 76044, 26659, 175685)
(72960, 76044, 26659, 175663)
(72947, 76044, 26659, 175650)
(72924, 76044, 26659, 175627)
(72889, 76044, 26659, 175592)
(72885, 76044, 26659, 175588)
(72849, 76044, 26659, 175552)
(72841, 76044, 26659, 175544)
(72839, 76044, 26659, 175542)
(72813, 76044, 26659, 175516)
(72801, 76044, 26659, 175504)
(72766, 76044, 26659, 175469)
(72756, 76044, 26659, 175459)
(72744, 76044, 26659, 175447)
(72716, 76044, 26659, 175419)
(72675, 76044, 26659, 175378)
(72660, 76044, 26659, 175363)
(72612, 76044, 26659, 175315)
(72560, 76044, 26659, 175263)
(72536, 76044, 26659, 175239)
(72505, 76044, 26659, 175208)
(72471, 76044, 26659, 175174)
(72442, 76044, 26659, 175145)
(72424, 76044, 26659, 175127)
(72415, 76044, 26659, 175118)
(72388, 76044, 26659, 175091)
(72362, 76044, 26659, 175065)
(72337, 76044, 26659, 175040)
(72321, 76044, 26659, 175024)
(72301, 76044, 26659, 175004)
(72282, 76044, 26659, 174985)
(72253, 76044, 26659, 174956)
(72234, 76044, 26659, 174937)
(72221, 76044, 26659, 174924)
(72185, 76044, 26659, 174888)
(72171, 76044, 26659, 174874)
(72143, 76044, 26659, 174846)
(72120, 76044, 26659, 174823)
(72100, 76044, 26659, 174803)
(72097, 76044, 26659, 174800)
(72084, 76044, 26659, 174787)
(72062, 76044, 26659, 174765)
(72048, 76044, 26659, 174751)
(72009, 76044, 26659, 174712)
(71990, 76044, 26659, 174693)
(71969, 76044, 26659, 174672)
(71939, 76044, 26659, 174642)
(71900, 76044, 26659, 174603)
(71867, 76044, 26659, 174570)
(71833, 76044, 26659, 174536)
(71807, 76044, 26659, 174510)
(71775, 76044, 26659, 174478)
(71736, 76044, 26659, 174439)
(71723, 76044, 26659, 174426)
(71710, 76044, 26659, 174413)
(71667, 76044, 26659, 174370)
(71654, 76044, 26659, 174357)
(71629, 76044, 26659, 174332)
(71601, 76044, 26659, 174304)
(71565, 76044, 26659, 174268)
(71539, 76044, 26659, 174242)
(71471, 76044, 26659, 174174)
(71430, 76044, 26659, 174133)
(71396, 76044, 26659, 174099)
(71378, 76044, 26659, 174081)
(71342, 76044, 26659, 174045)
(71319, 76044, 26659, 174022)
(71283, 76044, 26659, 173986)
(71270, 76044, 26659, 173973)
(71237, 76044, 26659, 173940)
(71214, 76044, 26659, 173917)
(71193, 76044, 26659, 173896)
(71177, 76044, 26659, 173880)
(71147, 76044, 26659, 173850)
(71125, 76044, 26659, 173828)
(71112, 76044, 26659, 173815)
(71090, 76044, 26659, 173793)
(71078, 76044, 26659, 173781)
(71062, 76044, 26659, 173765)
(71030, 76044, 26659, 173733)
(71010, 76044, 26659, 173713)
(71004, 76044, 26659, 173707)
(70965, 76044, 26659, 173668)
(70945, 76044, 26659, 173648)
(70918, 76044, 26659, 173621)
(70900, 76044, 26659, 173603)
(70877, 76044, 26659, 173580)
(70862, 76044, 26659, 173565)
(70850, 76044, 26659, 173553)
(70841, 76044, 26659, 173544)
(70798, 76044, 26659, 173501)
(70761, 76044, 26659, 173464)
(70728, 76044, 26659, 173431)
(70723, 76044, 26659, 173426)
(70690, 76044, 26659, 173393)
(70673, 76044, 26659, 173376)
(70646, 76044, 26659, 173349)
(70625, 76044, 26659, 173328)
(70592, 76044, 26659, 173295)
(70581, 76044, 26659, 173284)
(70549, 76044, 26659, 173252)
(70536, 76044, 26659, 173239)
(70516, 76044, 26659, 173219)
(70512, 76044, 26659, 173215)
(70500, 76044, 26659, 173203)
(70476, 76044, 26659, 173179)
(70447, 76044, 26659, 173150)
(70407, 76044, 26659, 173110)
(70400, 76044, 26659, 173103)
(70357, 76044, 26659, 173060)
(70333, 76044, 26659, 173036)
(70290, 76044, 26659, 172993)
(70264, 76044, 26659, 172967)
(70234, 76044, 26659, 172937)
(70209, 76044, 26659, 172912)
(70177, 76044, 26659, 172880)
(70146, 76044, 26659, 172849)
(70123, 76044, 26659, 172826)
(70094, 76044, 26659, 172797)
(70085, 76044, 26659, 172788)
(70066, 76044, 26659, 172769)
(70048, 76044, 26659, 172751)
(70014, 76044, 26659, 172717)
(69991, 76044, 26659, 172694)
(69962, 76044, 26659, 172665)
(69938, 76044, 26659, 172641)
(69904, 76044, 26659, 172607)
(69869, 76044, 26659, 172572)
(69853, 76044, 26659, 172556)
(69826, 76044, 26659, 172529)
(69803, 76044, 26659, 172506)
(69776, 76044, 26659, 172479)
(69750, 76044, 26659, 172453)
(69725, 76044, 26659, 172428)
(69712, 76044, 26659, 172415)
(69703, 76044, 26659, 172406)
(69675, 76044, 26659, 172378)
(69671, 76044, 26659, 172374)
(69668, 76044, 26659, 172371)
(69663, 76044, 26659, 172366)
(69651, 76044, 26659, 172354)
(69622, 76044, 26659, 172325)
(69597, 76044, 26659, 172300)
(69567, 76044, 26659, 172270)
(69552, 76044, 26659, 172255)
(69527, 76044, 26659, 172230)
(69516, 76044, 26659, 172219)
(69481, 76044, 26659, 172184)
(69459, 76044, 26659, 172162)
(69422, 76044, 26659, 172125)
(69411, 76044, 26659, 172114)
(69388, 76044, 26659, 172091)
(69370, 76044, 26659, 172073)
(69358, 76044, 26659, 172061)
(69338, 76044, 26659, 172041)
(69294, 76044, 26659, 171997)
(69263, 76044, 26659, 171966)
(69249, 76044, 26659, 171952)
(69234, 76044, 26659, 171937)
(69210, 76044, 26659, 171913)
(69200, 76044, 26659, 171903)
(69189, 76044, 26659, 171892)
(69163, 76044, 26659, 171866)
(69137, 76044, 26659, 171840)
(69084, 76044, 26659, 171787)
(69066, 76044, 26659, 171769)
(69052, 76044, 26659, 171755)
(69014, 76044, 26659, 171717)
(68999, 76044, 26659, 171702)
(68971, 76044, 26659, 171674)
(68961, 76044, 26659, 171664)
(68938, 76044, 26659, 171641)
(68895, 76044, 26659, 171598)
(68873, 76044, 26659, 171576)
(68872, 76044, 26659, 171575)
(68831, 76044, 26659, 171534)
(68818, 76044, 26659, 171521)
(68795, 76044, 26659, 171498)
(68762, 76044, 26659, 171465)
(68761, 76044, 26659, 171464)
(68744, 76044, 26659, 171447)
(68710, 76044, 26659, 171413)
(68708, 76044, 26659, 171411)
(68687, 76044, 26659, 171390)
(68671, 76044, 26659, 171374)
(68629, 76044, 26659, 171332)
(68585, 76044, 26659, 171288)
(68574, 76044, 26659, 171277)
(68545, 76044, 26659, 171248)
(68511, 76044, 26659, 171214)
(68477, 76044, 26659, 171180)
(68452, 76044, 26659, 171155)
(68430, 76044, 26659, 171133)
(68421, 76044, 26659, 171124)
(68410, 76044, 26659, 171113)
(68393, 76044, 26659, 171096)
(68367, 76044, 26659, 171070)
(68351, 76044, 26659, 171054)
(68323, 76044, 26659, 171026)
(68295, 76044, 26659, 170998)
(68281, 76044, 26659, 170984)
(68269, 76044, 26659, 170972)
(68233, 76044, 26659, 170936)
(68212, 76044, 26659, 170915)
(68198, 76044, 26659, 170901)
(68179, 76044, 26659, 170882)
(68168, 76044, 26659, 170871)
(68163, 76044, 26659, 170866)
(68132, 76044, 26659, 170835)
(68118, 76044, 26659, 170821)
(68104, 76044, 26659, 170807)
(68058, 76044, 26659, 170761)
(68038, 76044, 26659, 170741)
(68034, 76044, 26659, 170737)
(68022, 76044, 26659, 170725)
(68009, 76044, 26659, 170712)
(67974, 76044, 26659, 170677)
(67955, 76044, 26659, 170658)
(67918, 76044, 26659, 170621)
(67892, 76044, 26659, 170595)
(67863, 76044, 26659, 170566)
(67852, 76044, 26659, 170555)
(67837, 76044, 26659, 170540)
(67818, 76044, 26659, 170521)
(67797, 76044, 26659, 170500)
(67784, 76044, 26659, 170487)
(67769, 76044, 26659, 170472)
(67740, 76044, 26659, 170443)
(67716, 76044, 26659, 170419)
(67706, 76044, 26659, 170409)
(67681, 76044, 26659, 170384)
(67654, 76044, 26659, 170357)
(67623, 76044, 26659, 170326)
(67597, 76044, 26659, 170300)
(67556, 76044, 26659, 170259)
(67535, 76044, 26659, 170238)
(67513, 76044, 26659, 170216)
(67474, 76044, 26659, 170177)
(67458, 76044, 26659, 170161)
(67430, 76044, 26659, 170133)
(67429, 76044, 26659, 170132)
(67407, 76044, 26659, 170110)
(67391, 76044, 26659, 170094)
(67377, 76044, 26659, 170080)
(67336, 76044, 26659, 170039)
(67304, 76044, 26659, 170007)
(67273, 76044, 26659, 169976)
(67245, 76044, 26659, 169948)
(67223, 76044, 26659, 169926)
(67198, 76044, 26659, 169901)
(67180, 76044, 26659, 169883)
(67140, 76044, 26659, 169843)
(67122, 76044, 26659, 169825)
(67098, 76044, 26659, 169801)
(67070, 76044, 26659, 169773)
(67043, 76044, 26659, 169746)
(67003, 76044, 26659, 169706)
(66975, 76044, 26659, 169678)
(66959, 76044, 26659, 169662)
(66943, 76044, 26659, 169646)
(66940, 76044, 26659, 169643)
(66916, 76044, 26659, 169619)
(66867, 76044, 26659, 169570)
(66834, 76044, 26659, 169537)
(66802, 76044, 26659, 169505)
(66781, 76044, 26659, 169484)
(66758, 76044, 26659, 169461)
(66729, 76044, 26659, 169432)
(66701, 76044, 26659, 169404)
(66684, 76044, 26659, 169387)
(66662, 76044, 26659, 169365)
(66619, 76044, 26659, 169322)
(66610, 76044, 26659, 169313)
(66593, 76044, 26659, 169296)
(66570, 76044, 26659, 169273)
(66558, 76044, 26659, 169261)
(66535, 76044, 26659, 169238)
(66525, 76044, 26659, 169228)
(66498, 76044, 26659, 169201)
(66464, 76044, 26659, 169167)
(66447, 76044, 26659, 169150)
(66429, 76044, 26659, 169132)
(66399, 76044, 26659, 169102)
(66362, 76044, 26659, 169065)
(66350, 76044, 26659, 169053)
(66338, 76044, 26659, 169041)
(66334, 76044, 26659, 169037)
(66281, 76044, 26659, 168984)
(66249, 76044, 26659, 168952)
(66237, 76044, 26659, 168940)
(66212, 76044, 26659, 168915)
(66211, 76044, 26659, 168914)
(66193, 76044, 26659, 168896)
(66182, 76044, 26659, 168885)
(66152, 76044, 26659, 168855)
(66120, 76044, 26659, 168823)
(66101, 76044, 26659, 168804)
(66066, 76044, 26659, 168769)
(66056, 76044, 26659, 168759)
(66045, 76044, 26659, 168748)
(66024, 76044, 26659, 168727)
(65995, 76044, 26659, 168698)
(65953, 76044, 26659, 168656)
(65930, 76044, 26659, 168633)
(65916, 76044, 26659, 168619)
(65910, 76044, 26659, 168613)
(65874, 76044, 26659, 168577)
(65849, 76044, 26659, 168552)
(65832, 76044, 26659, 168535)
(65831, 76044, 26659, 168534)
(65817, 76044, 26659, 168520)
(65788, 76044, 26659, 168491)
(65770, 76044, 26659, 168473)
(65729, 76044, 26659, 168432)
(65712, 76044, 26659, 168415)
(65685, 76044, 26659, 168388)
(65664, 76044, 26659, 168367)
(65655, 76044, 26659, 168358)
(65635, 76044, 26659, 168338)
(65614, 76044, 26659, 168317)
(65589, 76044, 26659, 168292)
(65576, 76044, 26659, 168279)
(65564, 76044, 26659, 168267)
(65541, 76044, 26659, 168244)
(65515, 76044, 26659, 168218)
(65491, 76044, 26659, 168194)
(65475, 76044, 26659, 168178)
(65461, 76044, 26659, 168164)
(65432, 76044, 26659, 168135)
(65411, 76044, 26659, 168114)
(65379, 76044, 26659, 168082)
(65366, 76044, 26659, 168069)
(65330, 76044, 26659, 168033)
(65315, 76044, 26659, 168018)
(65291, 76044, 26659, 167994)
(65262, 76044, 26659, 167965)
(65243, 76044, 26659, 167946)
(65215, 76044, 26659, 167918)
(65190, 76044, 26659, 167893)
(65169, 76044, 26659, 167872)
(65153, 76044, 26659, 167856)
(65129, 76044, 26659, 167832)
(65123, 76044, 26659, 167826)
(65114, 76044, 26659, 167817)
(65094, 76044, 26659, 167797)
(65066, 76044, 26659, 167769)
(65046, 76044, 26659, 167749)
(65037, 76044, 26659, 167740)
(65010, 76044, 26659, 167713)
(64991, 76044, 26659, 167694)
(64969, 76044, 26659, 167672)
(64951, 76044, 26659, 167654)
(64918, 76044, 26659, 167621)
(64890, 76044, 26659, 167593)
(64865, 76044, 26659, 167568)
(64842, 76044, 26659, 167545)
(64827, 76044, 26659, 167530)
(64806, 76044, 26659, 167509)
(64774, 76044, 26659, 167477)
(64749, 76044, 26659, 167452)
(64715, 76044, 26659, 167418)
(64703, 76044, 26659, 167406)
(64669, 76044, 26659, 167372)
(64662, 76044, 26659, 167365)
(64649, 76044, 26659, 167352)
(64614, 76044, 26659, 167317)
(64608, 76044, 26659, 167311)
(64595, 76044, 26659, 167298)
(64587, 76044, 26659, 167290)
(64552, 76044, 26659, 167255)
(64540, 76044, 26659, 167243)
(64525, 76044, 26659, 167228)
(64505, 76044, 26659, 167208)
(64504, 76044, 26659, 167207)
(64473, 76044, 26659, 167176)
(64444, 76044, 26659, 167147)
(64425, 76044, 26659, 167128)
(64397, 76044, 26659, 167100)
(64374, 76044, 26659, 167077)
(64353, 76044, 26659, 167056)
(64350, 76044, 26659, 167053)
(64315, 76044, 26659, 167018)
(64283, 76044, 26659, 166986)
(64264, 76044, 26659, 166967)
(64239, 76044, 26659, 166942)
(64238, 76044, 26659, 166941)
(64207, 76044, 26659, 166910)
(64197, 76044, 26659, 166900)
(64194, 76044, 26659, 166897)
(64182, 76044, 26659, 166885)
(64167, 76044, 26659, 166870)
(64134, 76044, 26659, 166837)
(64121, 76044, 26659, 166824)
(64088, 76044, 26659, 166791)
(64076, 76044, 26659, 166779)
(64045, 76044, 26659, 166748)
(64029, 76044, 26659, 166732)
(64023, 76044, 26659, 166726)
(64003, 76044, 26659, 166706)
(63980, 76044, 26659, 166683)
(63963, 76044, 26659, 166666)
(63945, 76044, 26659, 166648)
(63930, 76044, 26659, 166633)
(63911, 76044, 26659, 166614)
