(102658, 95918, 27441, 226017)
(102649, 95918, 27441, 226008)
(102635, 95918, 27441, 225994)
(102590, 95918, 27441, 225949)
(102578, 95918, 27441, 225937)
(102546, 95918, 27441, 225905)
(102534, 95918, 27441, 225893)
(102499, 95918, 27441, 225858)
(102456, 95918, 27441, 225815)
(102440, 95918, 27441, 225799)
(102427, 95918, 27441, 225786)
(102392, 95918, 27441, 225751)
(102379, 95918, 27441, 225738)
(102369, 95918, 27441, 225728)
(102333, 95918, 27441, 225692)
(102302, 95918, 27441, 225661)
(102283, 95918, 27441, 225642)
(102256, 95918, 27441, 225615)
(102229, 95918, 27441, 225588)
(102216, 95918, 27441, 225575)
(102179, 95918, 27441, 225538)
(102160, 95918, 27441, 225519)
(102127, 95918, 27441, 225486)
(102081, 95918, 27441, 225440)
(102047, 95918, 27441, 225406)
(102017, 95918, 27441, 225376)
(101989, 95918, 27441, 225348)
(101984, 95918, 27441, 225343)
(101972, 95918, 27441, 225331)
(101965, 95918, 27441, 225324)
(101961, 95918, 27441, 225320)
(101924, 95918, 27441, 225283)
(101894, 95918, 27441, 225253)
(101841, 95918, 27441, 225200)
(101807, 95918, 27441, 225166)
(101803, 95918, 27441, 225162)
(101796, 95918, 27441, 225155)
(101765, 95918, 27441, 225124)
(101748, 95918, 27441, 225107)
(101713, 95918, 27441, 225072)
(101692, 95918, 27441, 225051)
(101652, 95918, 27441, 225011)
(101593, 95918, 27441, 224952)
(101569, 95918, 27441, 224928)
(101526, 95918, 27441, 224885)
(101504, 95918, 27441, 224863)
(101488, 95918, 27441, 224847)
(101456, 95918, 27441, 224815)
(101422, 95918, 27441, 224781)
(101400, 95918, 27441, 224759)
(101370, 95918, 27441, 224729)
(101368, 95918, 27441, 224727)
(101320, 95918, 27441, 224679)
(101307, 95918, 27441, 224666)
(101288, 95918, 27441, 224647)
(101257, 95918, 27441, 224616)
(101243, 95918, 27441, 224602)
(101194, 95918, 27441, 224553)
(101177, 95918, 27441, 224536)
(101145, 95918, 27441, 224504)
(101115, 95918, 27441, 224474)
(101075, 95918, 27441, 224434)
(101054, 95918, 27441, 224413)
(101033, 95918, 27441, 224392)
(101007, 95918, 27441, 224366)
(100999, 95918, 27441, 224358)
(100961, 95918, 27441, 224320)
(100926, 95918, 27441, 224285)
(100913, 95918, 27441, 224272)
(100906, 95918, 27441, 224265)
(100891, 95918, 27441, 224250)
(100871, 95918, 27441, 224230)
(100830, 95918, 27441, 224189)
(100827, 95918, 27441, 224186)
(100797, 95918, 27441, 224156)
(100750, 95918, 27441, 224109)
(100709, 95918, 27441, 224068)
(100685, 95918, 27441, 224044)
(100640, 95918, 27441, 223999)
(100604, 95918, 27441, 223963)
(100565, 95918, 27441, 223924)
(100529, 95918, 27441, 223888)
(100496, 95918, 27441, 223855)
(100467, 95918, 27441, 223826)
(100459, 95918, 27441, 223818)
(100449, 95918, 27441, 223808)
(100402, 95918, 27441, 223761)
(100372, 95918, 27441, 223731)
(100344, 95918, 27441, 223703)
(100336, 95918, 27441, 223695)
(100304, 95918, 27441, 223663)
(100281, 95918, 27441, 223640)
(100242, 95918, 27441, 223601)
(100226, 95918, 27441, 223585)
(100209, 95918, 27441, 223568)
(100202, 95918, 27441, 223561)
(100176, 95918, 27441, 223535)
(100165, 95918, 27441, 223524)
(100146, 95918, 27441, 223505)
(100121, 95918, 27441, 223480)
(100074, 95918, 27441, 223433)
(100055, 95918, 27441, 223414)
(100047, 95918, 27441, 223406)
(100046, 95918, 27441, 223405)
(100045, 95918, 27441, 223404)
(100028, 95918, 27441, 223387)
(100013, 95918, 27441, 223372)
(99979, 95918, 27441, 223338)
(99959, 95918, 27441, 223318)
(99935, 95918, 27441, 223294)
(99898, 95918, 27441, 223257)
(99881, 95918, 27441, 223240)
(99843, 95918, 27441, 223202)
(99797, 95918, 27441, 223156)
(99761, 95918, 27441, 223120)
(99745, 95918, 27441, 223104)
(99702, 95918, 27441, 223061)
(99658, 95918, 27441, 223017)
(99613, 95918, 27441, 222972)
(99574, 95918, 27441, 222933)
(99535, 95918, 27441, 222894)
(99530, 95918, 27441, 222889)
(99521, 95918, 27441, 222880)
(99520, 95918, 27441, 222879)
(99492, 95918, 27441, 222851)
(99445, 95918, 27441, 222804)
(99436, 95918, 27441, 222795)
(99410, 95918, 27441, 222769)
(99380, 95918, 27441, 222739)
(99349, 95918, 27441, 222708)
(99326, 95918, 27441, 222685)
(99325, 95918, 27441, 222684)
(99297, 95918, 27441, 222656)
(99287, 95918, 27441, 222646)
(99226, 95918, 27441, 222585)
(99205, 95918, 27441, 222564)
(99188, 95918, 27441, 222547)
(99144, 95918, 27441, 222503)
(99140, 95918, 27441, 222499)
(99127, 95918, 27441, 222486)
(99114, 95918, 27441, 222473)
(99087, 95918, 27441, 222446)
(99048, 95918, 27441, 222407)
(99034, 95918, 27441, 222393)
(98997, 95918, 27441, 222356)
(98966, 95918, 27441, 222325)
(98937, 95918, 27441, 222296)
(98919, 95918, 27441, 222278)
(98897, 95918, 27441, 222256)
(98848, 95918, 27441, 222207)
(98815, 95918, 27441, 222174)
(98759, 95918, 27441, 222118)
(98752, 95918, 27441, 222111)
(98728, 95918, 27441, 222087)
(98697, 95918, 27441, 222056)
(98662, 95918, 27441, 222021)
(98649, 95918, 27441, 222008)
(98599, 95918, 27441, 221958)
(98598, 95918, 27441, 221957)
(98584, 95918, 27441, 221943)
(98548, 95918, 27441, 221907)
(98516, 95918, 27441, 221875)
(98485, 95918, 27441, 221844)
(98452, 95918, 27441, 221811)
(98446, 95918, 27441, 221805)
(98421, 95918, 27441, 221780)
(98392, 95918, 27441, 221751)
(98366, 95918, 27441, 221725)
(98362, 95918, 27441, 221721)
(98340, 95918, 27441, 221699)
(98304, 95918, 27441, 221663)
(98274, 95918, 27441, 221633)
(98271, 95918, 27441, 221630)
(98232, 95918, 27441, 221591)
(98201, 95918, 27441, 221560)
(98173, 95918, 27441, 221532)
(98167, 95918, 27441, 221526)
(98122, 95918, 27441, 221481)
(98079, 95918, 27441, 221438)
(98040, 95918, 27441, 221399)
(98029, 95918, 27441, 221388)
(97999, 95918, 27441, 221358)
(97944, 95918, 27441, 221303)
(97910, 95918, 27441, 221269)
(97885, 95918, 27441, 221244)
(97847, 95918, 27441, 221206)
(97828, 95918, 27441, 221187)
(97818, 95918, 27441, 221177)
(97797, 95918, 27441, 221156)
(97777, 95918, 27441, 221136)
(97738, 95918, 27441, 221097)
(97713, 95918, 27441, 221072)
(97674, 95918, 27441, 221033)
(97638, 95918, 27441, 220997)
(97601, 95918, 27441, 220960)
(97550, 95918, 27441, 220909)
(97542, 95918, 27441, 220901)
(97516, 95918, 27441, 220875)
(97483, 95918, 27441, 220842)
(97460, 95918, 27441, 220819)
(97440, 95918, 27441, 220799)
(97414, 95918, 27441, 220773)
(97378, 95918, 27441, 220737)
(97377, 95918, 27441, 220736)
(97376, 95918, 27441, 220735)
(97348, 95918, 27441, 220707)
(97313, 95918, 27441, 220672)
(97261, 95918, 27441, 220620)
(97232, 95918, 27441, 220591)
(97191, 95918, 27441, 220550)
(97163, 95918, 27441, 220522)
(97118, 95918, 27441, 220477)
(97082, 95918, 27441, 220441)
(97044, 95918, 27441, 220403)
(97013, 95918, 27441, 220372)
(96983, 95918, 27441, 220342)
(96960, 95918, 27441, 220319)
(96919, 95918, 27441, 220278)
(96897, 95918, 27441, 220256)
(96873, 95918, 27441, 220232)
(96858, 95918, 27441, 220217)
(96824, 95918, 27441, 220183)
(96795, 95918, 27441, 220154)
(96760, 95918, 27441, 220119)
(96741, 95918, 27441, 220100)
(96715, 95918, 27441, 220074)
(96703, 95918, 27441, 220062)
(96648, 95918, 27441, 220007)
(96616, 95918, 27441, 219975)
(96593, 95918, 27441, 219952)
(96577, 95918, 27441, 219936)
(96534, 95918, 27441, 219893)
(96509, 95918, 27441, 219868)
(96503, 95918, 27441, 219862)
(96480, 95918, 27441, 219839)
(96451, 95918, 27441, 219810)
(96404, 95918, 27441, 219763)
(96346, 95918, 27441, 219705)
(96317, 95918, 27441, 219676)
(96268, 95918, 27441, 219627)
(96240, 95918, 27441, 219599)
(96233, 95918, 27441, 219592)
(96208, 95918, 27441, 219567)
(96180, 95918, 27441, 219539)
(96173, 95918, 27441, 219532)
(96151, 95918, 27441, 219510)
(96132, 95918, 27441, 219491)
(96122, 95918, 27441, 219481)
(96097, 95918, 27441, 219456)
(96064, 95918, 27441, 219423)
(96026, 95918, 27441, 219385)
(95990, 95918, 27441, 219349)
(95966, 95918, 27441, 219325)
(95930, 95918, 27441, 219289)
(95910, 95918, 27441, 219269)
(95861, 95918, 27441, 219220)
(95859, 95918, 27441, 219218)
(95843, 95918, 27441, 219202)
(95817, 95918, 27441, 219176)
(95783, 95918, 27441, 219142)
(95751, 95918, 27441, 219110)
(95724, 95918, 27441, 219083)
(95689, 95918, 27441, 219048)
(95666, 95918, 27441, 219025)
(95659, 95918, 27441, 219018)
(95624, 95918, 27441, 218983)
(95597, 95918, 27441, 218956)
(95549, 95918, 27441, 218908)
(95514, 95918, 27441, 218873)
(95472, 95918, 27441, 218831)
(95439, 95918, 27441, 218798)
(95395, 95918, 27441, 218754)
(95360, 95918, 27441, 218719)
(95336, 95918, 27441, 218695)
(95318, 95918, 27441, 218677)
(95305, 95918, 27441, 218664)
(95259, 95918, 27441, 218618)
(95242, 95918, 27441, 218601)
(95202, 95918, 27441, 218561)
(95165, 95918, 27441, 218524)
(95137, 95918, 27441, 218496)
(95115, 95918, 27441, 218474)
(95090, 95918, 27441, 218449)
(95082, 95918, 27441, 218441)
(95061, 95918, 27441, 218420)
(95039, 95918, 27441, 218398)
(94995, 95918, 27441, 218354)
(94971, 95918, 27441, 218330)
(94948, 95918, 27441, 218307)
(94937, 95918, 27441, 218296)
(94928, 95918, 27441, 218287)
(94898, 95918, 27441, 218257)
(94884, 95918, 27441, 218243)
(94861, 95918, 27441, 218220)
(94836, 95918, 27441, 218195)
(94822, 95918, 27441, 218181)
(94782, 95918, 27441, 218141)
(94767, 95918, 27441, 218126)
(94724, 95918, 27441, 218083)
(94709, 95918, 27441, 218068)
(94685, 95918, 27441, 218044)
(94669, 95918, 27441, 218028)
(94633, 95918, 27441, 217992)
(94593, 95918, 27441, 217952)
(94556, 95918, 27441, 217915)
(94544, 95918, 27441, 217903)
(94509, 95918, 27441, 217868)
(94487, 95918, 27441, 217846)
(94462, 95918, 27441, 217821)
(94443, 95918, 27441, 217802)
(94427, 95918, 27441, 217786)
(94406, 95918, 27441, 217765)
(94375, 95918, 27441, 217734)
(94336, 95918, 27441, 217695)
(94312, 95918, 27441, 217671)
(94277, 95918, 27441, 217636)
(94256, 95918, 27441, 217615)
(94225, 95918, 27441, 217584)
(94192, 95918, 27441, 217551)
(94154, 95918, 27441, 217513)
(94153, 95918, 27441, 217512)
(94106, 95918, 27441, 217465)
(94067, 95918, 27441, 217426)
(94051, 95918, 27441, 217410)
(94004, 95918, 27441, 217363)
(93967, 95918, 27441, 217326)
(93940, 95918, 27441, 217299)
(93907, 95918, 27441, 217266)
(93874, 95918, 27441, 217233)
(93836, 95918, 27441, 217195)
(93807, 95918, 27441, 217166)
(93791, 95918, 27441, 217150)
(93782, 95918, 27441, 217141)
(93778, 95918, 27441, 217137)
(93755, 95918, 27441, 217114)
(93731, 95918, 27441, 217090)
(93694, 95918, 27441, 217053)
(93637, 95918, 27441, 216996)
(93613, 95918, 27441, 216972)
(93577, 95918, 27441, 216936)
(93559, 95918, 27441, 216918)
(93521, 95918, 27441, 216880)
(93501, 95918, 27441, 216860)
(93465, 95918, 27441, 216824)
(93454, 95918, 27441, 216813)
(93431, 95918, 27441, 216790)
(93425, 95918, 27441, 216784)
(93404, 95918, 27441, 216763)
(93395, 95918, 27441, 216754)
(93370, 95918, 27441, 216729)
(93347, 95918, 27441, 216706)
(93332, 95918, 27441, 216691)
(93325, 95918, 27441, 216684)
(93320, 95918, 27441, 216679)
(93279, 95918, 27441, 216638)
(93273, 95918, 27441, 216632)
(93241, 95918, 27441, 216600)
(93219, 95918, 27441, 216578)
(93198, 95918, 27441, 216557)
(93189, 95918, 27441, 216548)
(93162, 95918, 27441, 216521)
(93126, 95918, 27441, 216485)
(93088, 95918, 27441, 216447)
(93047, 95918, 27441, 216406)
(93046, 95918, 27441, 216405)
(92991, 95918, 27441, 216350)
(92971, 95918, 27441, 216330)
(92954, 95918, 27441, 216313)
(92925, 95918, 27441, 216284)
(92913, 95918, 27441, 216272)
(92912, 95918, 27441, 216271)
(92878, 95918, 27441, 216237)
(92854, 95918, 27441, 216213)
(92837, 95918, 27441, 216196)
(92791, 95918, 27441, 216150)
(92780, 95918, 27441, 216139)
(92756, 95918, 27441, 216115)
(92731, 95918, 27441, 216090)
(92708, 95918, 27441, 216067)
(92691, 95918, 27441, 216050)
(92667, 95918, 27441, 216026)
(92654, 95918, 27441, 216013)
(92609, 95918, 27441, 215968)
(92581, 95918, 27441, 215940)
(92543, 95918, 27441, 215902)
(92526, 95918, 27441, 215885)
(92495, 95918, 27441, 215854)
(92455, 95918, 27441, 215814)
(92432, 95918, 27441, 215791)
(92408, 95918, 27441, 215767)
(92399, 95918, 27441, 215758)
(92357, 95918, 27441, 215716)
(92323, 95918, 27441, 215682)
(92302, 95918, 27441, 215661)
(92271, 95918, 27441, 215630)
(92270, 95918, 27441, 215629)
(92263, 95918, 27441, 215622)
(92222, 95918, 27441, 215581)
(92193, 95918, 27441, 215552)
(92184, 95918, 27441, 215543)
(92171, 95918, 27441, 215530)
(92134, 95918, 27441, 215493)
(92086, 95918, 27441, 215445)
(92047, 95918, 27441, 215406)
(92023, 95918, 27441, 215382)
(91991, 95918, 27441, 215350)
(91982, 95918, 27441, 215341)
(91954, 95918, 27441, 215313)
(91932, 95918, 27441, 215291)
(91921, 95918, 27441, 215280)
(91882, 95918, 27441, 215241)
(91860, 95918, 27441, 215219)
(91806, 95918, 27441, 215165)
(91790, 95918, 27441, 215149)
(91789, 95918, 27441, 215148)
(91777, 95918, 27441, 215136)
(91759, 95918, 27441, 215118)
(91746, 95918, 27441, 215105)
(91715, 95918, 27441, 215074)
(91690, 95918, 27441, 215049)
(91669, 95918, 27441, 215028)
(91641, 95918, 27441, 215000)
(91599, 95918, 27441, 214958)
(91567, 95918, 27441, 214926)
(91566, 95918, 27441, 214925)
(91546, 95918, 27441, 214905)
(91512, 95918, 27441, 214871)
(91477, 95918, 27441, 214836)
(91448, 95918, 27441, 214807)
(91438, 95918, 27441, 214797)
(91393, 95918, 27441, 214752)
(91364, 95918, 27441, 214723)
(91329, 95918, 27441, 214688)
(91310, 95918, 27441, 214669)
(91289, 95918, 27441, 214648)
(91268, 95918, 27441, 214627)
(91263, 95918, 27441, 214622)
(91232, 95918, 27441, 214591)
(91183, 95918, 27441, 214542)
(91145, 95918, 27441, 214504)
(91093, 95918, 27441, 214452)
(91042, 95918, 27441, 214401)
(91013, 95918, 27441, 214372)
(90996, 95918, 27441, 214355)
(90983, 95918, 27441, 214342)
(90952, 95918, 27441, 214311)
(90929, 95918, 27441, 214288)
(90920, 95918, 27441, 214279)
(90886, 95918, 27441, 214245)
(90846, 95918, 27441, 214205)
(90799, 95918, 27441, 214158)
(90793, 95918, 27441, 214152)
(90782, 95918, 27441, 214141)
(90773, 95918, 27441, 214132)
(90764, 95918, 27441, 214123)
(90742, 95918, 27441, 214101)
(90727, 95918, 27441, 214086)
(90704, 95918, 27441, 214063)
(90677, 95918, 27441, 214036)
(90666, 95918, 27441, 214025)
(90644, 95918, 27441, 214003)
(90633, 95918, 27441, 213992)
(90585, 95918, 27441, 213944)
(90533, 95918, 27441, 213892)
(90492, 95918, 27441, 213851)
(90464, 95918, 27441, 213823)
(90442, 95918, 27441, 213801)
(90418, 95918, 27441, 213777)
(90397, 95918, 27441, 213756)
(90334, 95918, 27441, 213693)
(90333, 95918, 27441, 213692)
(90308, 95918, 27441, 213667)
(90284, 95918, 27441, 213643)
(90283, 95918, 27441, 213642)
(90262, 95918, 27441, 213621)
(90254, 95918, 27441, 213613)
(90213, 95918, 27441, 213572)
(90200, 95918, 27441, 213559)
(90198, 95918, 27441, 213557)
(90172, 95918, 27441, 213531)
(90170, 95918, 27441, 213529)
(90151, 95918, 27441, 213510)
(90108, 95918, 27441, 213467)
(90059, 95918, 27441, 213418)
(90028, 95918, 27441, 213387)
(90002, 95918, 27441, 213361)
(89958, 95918, 27441, 213317)
(89956, 95918, 27441, 213315)
(89922, 95918, 27441, 213281)
(89921, 95918, 27441, 213280)
(89890, 95918, 27441, 213249)
(89869, 95918, 27441, 213228)
(89821, 95918, 27441, 213180)
(89805, 95918, 27441, 213164)
(89776, 95918, 27441, 213135)
(89745, 95918, 27441, 213104)
(89727, 95918, 27441, 213086)
(89701, 95918, 27441, 213060)
(89661, 95918, 27441, 213020)
(89643, 95918, 27441, 213002)
(89622, 95918, 27441, 212981)
(89580, 95918, 27441, 212939)
(89544, 95918, 27441, 212903)
(89518, 95918, 27441, 212877)
(89493, 95918, 27441, 212852)
(89471, 95918, 27441, 212830)
(89437, 95918, 27441, 212796)
(89405, 95918, 27441, 212764)
(89375, 95918, 27441, 212734)
(89342, 95918, 27441, 212701)
(89306, 95918, 27441, 212665)
(89274, 95918, 27441, 212633)
(89240, 95918, 27441, 212599)
(89206, 95918, 27441, 212565)
(89189, 95918, 27441, 212548)
(89174, 95918, 27441, 212533)
(89144, 95918, 27441, 212503)
(89120, 95918, 27441, 212479)
(89083, 95918, 27441, 212442)
(89053, 95918, 27441, 212412)
(89042, 95918, 27441, 212401)
(89036, 95918, 27441, 212395)
(89001, 95918, 27441, 212360)
(88989, 95918, 27441, 212348)
(88981, 95918, 27441, 212340)
(88940, 95918, 27441, 212299)
(88915, 95918, 27441, 212274)
(88879, 95918, 27441, 212238)
(88870, 95918, 27441, 212229)
(88853, 95918, 27441, 212212)
(88837, 95918, 27441, 212196)
(88824, 95918, 27441, 212183)
(88806, 95918, 27441, 212165)
(88783, 95918, 27441, 212142)
(88769, 95918, 27441, 212128)
(88768, 95918, 27441, 212127)
(88722, 95918, 27441, 212081)
(88704, 95918, 27441, 212063)
(88674, 95918, 27441, 212033)
(88663, 95918, 27441, 212022)
(88657, 95918, 27441, 212016)
(88648, 95918, 27441, 212007)
(88620, 95918, 27441, 211979)
(88609, 95918, 27441, 211968)
(88586, 95918, 27441, 211945)
(88572, 95918, 27441, 211931)
(88547, 95918, 27441, 211906)
(88513, 95918, 27441, 211872)
(88503, 95918, 27441, 211862)
(88494, 95918, 27441, 211853)
(88439, 95918, 27441, 211798)
(88421, 95918, 27441, 211780)
(88401, 95918, 27441, 211760)
(88387, 95918, 27441, 211746)
(88351, 95918, 27441, 211710)
(88316, 95918, 27441, 211675)
(88295, 95918, 27441, 211654)
(88258, 95918, 27441, 211617)
(88250, 95918, 27441, 211609)
(88238, 95918, 27441, 211597)
(88194, 95918, 27441, 211553)
(88164, 95918, 27441, 211523)
(88120, 95918, 27441, 211479)
(88113, 95918, 27441, 211472)
(88068, 95918, 27441, 211427)
(88037, 95918, 27441, 211396)
(88033, 95918, 27441, 211392)
(88005, 95918, 27441, 211364)
(87984, 95918, 27441, 211343)
(87962, 95918, 27441, 211321)
(87929, 95918, 27441, 211288)
(87915, 95918, 27441, 211274)
(87901, 95918, 27441, 211260)
(87870, 95918, 27441, 211229)
(87859, 95918, 27441, 211218)
(87852, 95918, 27441, 211211)
(87818, 95918, 27441, 211177)
(87792, 95918, 27441, 211151)
(87776, 95918, 27441, 211135)
(87737, 95918, 27441, 211096)
(87708, 95918, 27441, 211067)
(87688, 95918, 27441, 211047)
(87635, 95918, 27441, 210994)
(87628, 95918, 27441, 210987)
(87598, 95918, 27441, 210957)
(87565, 95918, 27441, 210924)
(87561, 95918, 27441, 210920)
(87542, 95918, 27441, 210901)
(87535, 95918, 27441, 210894)
(87516, 95918, 27441, 210875)
(87495, 95918, 27441, 210854)
(87479, 95918, 27441, 210838)
(87473, 95918, 27441, 210832)
(87456, 95918, 27441, 210815)
(87439, 95918, 27441, 210798)
(87437, 95918, 27441, 210796)
(87423, 95918, 27441, 210782)
(87419, 95918, 27441, 210778)
(87408, 95918, 27441, 210767)
(87387, 95918, 27441, 210746)
(87357, 95918, 27441, 210716)
