(72342, 77550, 26819, 176711)
(71523, 77550, 26819, 175892)
(67391, 80290, 26819, 174500)
(66165, 80290, 26819, 173274)
(58893, 86976, 26819, 172688)
(57691, 86892, 26819, 171402)
(54582, 89964, 26819, 171365)
(53447, 89628, 26819, 169894)
(48498, 94036, 26819, 169353)
(43958, 97824, 26819, 168601)
(143588, 23145, 17457, 184190)
(143520, 23145, 17457, 184122)
(141802, 24394, 17457, 183653)
(136908, 28318, 17457, 182683)
(68029, 79230, 27141, 174400)
(64125, 82420, 27141, 173686)
(64146, 82108, 27141, 173395)
(59059, 86278, 27141, 172478)
(57140, 86876, 27141, 171157)
(54663, 88452, 27141, 170256)
(155879, 14089, 12687, 182655)
(154219, 14937, 12687, 181843)
(147317, 20521, 12687, 180525)
(144694, 21827, 12687, 179208)
(144535, 21827, 12687, 179049)
(140807, 25187, 12687, 178681)
(136634, 27887, 12687, 177208)
(133545, 30683, 12687, 176915)
(131990, 31153, 12687, 175830)
(131951, 31153, 12687, 175791)
(167507, 6708, 3015, 177230)
(163218, 10054, 3015, 176287)
(162870, 9296, 3015, 175181)
(158958, 11850, 3015, 173823)
(155348, 13986, 3015, 172349)
(152023, 16378, 3015, 171416)
(148219, 19224, 3015, 170458)
(147274, 20094, 3015, 170383)
(143674, 22916, 3015, 169605)
(143542, 22916, 3015, 169473)
(139130, 26304, 15537, 180971)
(139130, 26304, 15537, 180971)
(132154, 33042, 15537, 180733)
(76404, 74848, 27141, 178393)
