(121324, 129464, 32217, 283005)
(121281, 129464, 32217, 282962)
(121248, 129464, 32217, 282929)
(121211, 129464, 32217, 282892)
(121182, 129464, 32217, 282863)
(121175, 129464, 32217, 282856)
(121155, 129464, 32217, 282836)
(121138, 129464, 32217, 282819)
(121099, 129464, 32217, 282780)
(121064, 129464, 32217, 282745)
(121031, 129464, 32217, 282712)
(121007, 129464, 32217, 282688)
(120990, 129464, 32217, 282671)
(120973, 129464, 32217, 282654)
(120938, 129464, 32217, 282619)
(120924, 129464, 32217, 282605)
(120921, 129464, 32217, 282602)
(120873, 129464, 32217, 282554)
(120843, 129464, 32217, 282524)
(120823, 129464, 32217, 282504)
(120793, 129464, 32217, 282474)
(120773, 129464, 32217, 282454)
(120740, 129464, 32217, 282421)
(120734, 129464, 32217, 282415)
(120701, 129464, 32217, 282382)
(120667, 129464, 32217, 282348)
(120664, 129464, 32217, 282345)
(120639, 129464, 32217, 282320)
(120602, 129464, 32217, 282283)
(120576, 129464, 32217, 282257)
(120548, 129464, 32217, 282229)
(120515, 129464, 32217, 282196)
(120503, 129464, 32217, 282184)
(120459, 129464, 32217, 282140)
(120423, 129464, 32217, 282104)
(120408, 129464, 32217, 282089)
(120366, 129464, 32217, 282047)
(120353, 129464, 32217, 282034)
(120338, 129464, 32217, 282019)
(120287, 129464, 32217, 281968)
(120259, 129464, 32217, 281940)
(120244, 129464, 32217, 281925)
(120241, 129464, 32217, 281922)
(120200, 129464, 32217, 281881)
(120178, 129464, 32217, 281859)
(120151, 129464, 32217, 281832)
(120150, 129464, 32217, 281831)
(120123, 129464, 32217, 281804)
(120096, 129464, 32217, 281777)
(120072, 129464, 32217, 281753)
(120060, 129464, 32217, 281741)
(120024, 129464, 32217, 281705)
(119974, 129464, 32217, 281655)
(119951, 129464, 32217, 281632)
(119928, 129464, 32217, 281609)
(119895, 129464, 32217, 281576)
(119872, 129464, 32217, 281553)
(119844, 129464, 32217, 281525)
(119822, 129464, 32217, 281503)
(119800, 129464, 32217, 281481)
(119758, 129464, 32217, 281439)
(119731, 129464, 32217, 281412)
(119729, 129464, 32217, 281410)
(119706, 129464, 32217, 281387)
(119690, 129464, 32217, 281371)
(119662, 129464, 32217, 281343)
(119647, 129464, 32217, 281328)
(119625, 129464, 32217, 281306)
(119581, 129464, 32217, 281262)
(119534, 129464, 32217, 281215)
(119513, 129464, 32217, 281194)
(119466, 129464, 32217, 281147)
(119442, 129464, 32217, 281123)
(119422, 129464, 32217, 281103)
(119396, 129464, 32217, 281077)
(119395, 129464, 32217, 281076)
(119350, 129464, 32217, 281031)
(119328, 129464, 32217, 281009)
(119292, 129464, 32217, 280973)
(119266, 129464, 32217, 280947)
(119236, 129464, 32217, 280917)
(119224, 129464, 32217, 280905)
(119188, 129464, 32217, 280869)
(119165, 129464, 32217, 280846)
(119133, 129464, 32217, 280814)
(119093, 129464, 32217, 280774)
(119060, 129464, 32217, 280741)
(119035, 129464, 32217, 280716)
(119010, 129464, 32217, 280691)
(118963, 129464, 32217, 280644)
(118938, 129464, 32217, 280619)
(118900, 129464, 32217, 280581)
(118867, 129464, 32217, 280548)
(118826, 129464, 32217, 280507)
(118808, 129464, 32217, 280489)
(118768, 129464, 32217, 280449)
(118746, 129464, 32217, 280427)
(118711, 129464, 32217, 280392)
(118680, 129464, 32217, 280361)
(118655, 129464, 32217, 280336)
(118624, 129464, 32217, 280305)
(118596, 129464, 32217, 280277)
(118568, 129464, 32217, 280249)
(118527, 129464, 32217, 280208)
(118495, 129464, 32217, 280176)
(118457, 129464, 32217, 280138)
(118424, 129464, 32217, 280105)
(118399, 129464, 32217, 280080)
(118376, 129464, 32217, 280057)
(118349, 129464, 32217, 280030)
(118320, 129464, 32217, 280001)
(118300, 129464, 32217, 279981)
(118285, 129464, 32217, 279966)
(118247, 129464, 32217, 279928)
(118232, 129464, 32217, 279913)
(118222, 129464, 32217, 279903)
(118179, 129464, 32217, 279860)
(118156, 129464, 32217, 279837)
(118133, 129464, 32217, 279814)
(118105, 129464, 32217, 279786)
(118066, 129464, 32217, 279747)
(118051, 129464, 32217, 279732)
(118026, 129464, 32217, 279707)
(117992, 129464, 32217, 279673)
(117978, 129464, 32217, 279659)
(117966, 129464, 32217, 279647)
(117960, 129464, 32217, 279641)
(117939, 129464, 32217, 279620)
(117920, 129464, 32217, 279601)
(117903, 129464, 32217, 279584)
(117896, 129464, 32217, 279577)
(117871, 129464, 32217, 279552)
(117858, 129464, 32217, 279539)
(117820, 129464, 32217, 279501)
(117782, 129464, 32217, 279463)
(117733, 129464, 32217, 279414)
(117695, 129464, 32217, 279376)
(117691, 129464, 32217, 279372)
(117633, 129464, 32217, 279314)
(117609, 129464, 32217, 279290)
(117593, 129464, 32217, 279274)
(117557, 129464, 32217, 279238)
(117548, 129464, 32217, 279229)
(117525, 129464, 32217, 279206)
(117485, 129464, 32217, 279166)
(117455, 129464, 32217, 279136)
(117418, 129464, 32217, 279099)
(117410, 129464, 32217, 279091)
(117383, 129464, 32217, 279064)
(117373, 129464, 32217, 279054)
(117324, 129464, 32217, 279005)
(117314, 129464, 32217, 278995)
(117283, 129464, 32217, 278964)
(117267, 129464, 32217, 278948)
(117243, 129464, 32217, 278924)
(117215, 129464, 32217, 278896)
(117185, 129464, 32217, 278866)
(117157, 129464, 32217, 278838)
(117120, 129464, 32217, 278801)
(117084, 129464, 32217, 278765)
(117049, 129464, 32217, 278730)
(117039, 129464, 32217, 278720)
(117010, 129464, 32217, 278691)
(116967, 129464, 32217, 278648)
(116940, 129464, 32217, 278621)
(116908, 129464, 32217, 278589)
(116891, 129464, 32217, 278572)
(116853, 129464, 32217, 278534)
(116817, 129464, 32217, 278498)
(116789, 129464, 32217, 278470)
(116777, 129464, 32217, 278458)
(116761, 129464, 32217, 278442)
(116724, 129464, 32217, 278405)
(116687, 129464, 32217, 278368)
(116682, 129464, 32217, 278363)
(116670, 129464, 32217, 278351)
(116662, 129464, 32217, 278343)
(116629, 129464, 32217, 278310)
(116601, 129464, 32217, 278282)
(116580, 129464, 32217, 278261)
(116542, 129464, 32217, 278223)
(116518, 129464, 32217, 278199)
(116481, 129464, 32217, 278162)
(116447, 129464, 32217, 278128)
(116437, 129464, 32217, 278118)
(116415, 129464, 32217, 278096)
(116382, 129464, 32217, 278063)
(116356, 129464, 32217, 278037)
(116322, 129464, 32217, 278003)
(116290, 129464, 32217, 277971)
(116254, 129464, 32217, 277935)
(116243, 129464, 32217, 277924)
(116227, 129464, 32217, 277908)
(116194, 129464, 32217, 277875)
(116183, 129464, 32217, 277864)
(116137, 129464, 32217, 277818)
(116106, 129464, 32217, 277787)
(116083, 129464, 32217, 277764)
(116067, 129464, 32217, 277748)
(116036, 129464, 32217, 277717)
(115995, 129464, 32217, 277676)
(115989, 129464, 32217, 277670)
(115983, 129464, 32217, 277664)
(115955, 129464, 32217, 277636)
(115953, 129464, 32217, 277634)
(115917, 129464, 32217, 277598)
(115890, 129464, 32217, 277571)
(115855, 129464, 32217, 277536)
(115813, 129464, 32217, 277494)
(115780, 129464, 32217, 277461)
(115740, 129464, 32217, 277421)
(115715, 129464, 32217, 277396)
(115694, 129464, 32217, 277375)
(115664, 129464, 32217, 277345)
(115631, 129464, 32217, 277312)
(115606, 129464, 32217, 277287)
(115571, 129464, 32217, 277252)
(115540, 129464, 32217, 277221)
(115522, 129464, 32217, 277203)
(115506, 129464, 32217, 277187)
(115484, 129464, 32217, 277165)
(115467, 129464, 32217, 277148)
(115402, 129464, 32217, 277083)
(115382, 129464, 32217, 277063)
(115347, 129464, 32217, 277028)
(115317, 129464, 32217, 276998)
(115293, 129464, 32217, 276974)
(115265, 129464, 32217, 276946)
(115239, 129464, 32217, 276920)
(115199, 129464, 32217, 276880)
(115173, 129464, 32217, 276854)
(115146, 129464, 32217, 276827)
(115101, 129464, 32217, 276782)
(115065, 129464, 32217, 276746)
(115049, 129464, 32217, 276730)
(115002, 129464, 32217, 276683)
(114989, 129464, 32217, 276670)
(114967, 129464, 32217, 276648)
(114943, 129464, 32217, 276624)
(114906, 129464, 32217, 276587)
(114894, 129464, 32217, 276575)
(114862, 129464, 32217, 276543)
(114816, 129464, 32217, 276497)
(114786, 129464, 32217, 276467)
(114763, 129464, 32217, 276444)
(114748, 129464, 32217, 276429)
(114732, 129464, 32217, 276413)
(114704, 129464, 32217, 276385)
(114695, 129464, 32217, 276376)
(114676, 129464, 32217, 276357)
(114656, 129464, 32217, 276337)
(114632, 129464, 32217, 276313)
(114607, 129464, 32217, 276288)
(114562, 129464, 32217, 276243)
(114531, 129464, 32217, 276212)
(114493, 129464, 32217, 276174)
(114475, 129464, 32217, 276156)
(114449, 129464, 32217, 276130)
(114433, 129464, 32217, 276114)
(114399, 129464, 32217, 276080)
(114380, 129464, 32217, 276061)
(114372, 129464, 32217, 276053)
(114329, 129464, 32217, 276010)
(114299, 129464, 32217, 275980)
(114271, 129464, 32217, 275952)
(114264, 129464, 32217, 275945)
(114247, 129464, 32217, 275928)
(114224, 129464, 32217, 275905)
(114213, 129464, 32217, 275894)
(114193, 129464, 32217, 275874)
(114176, 129464, 32217, 275857)
(114140, 129464, 32217, 275821)
(114118, 129464, 32217, 275799)
(114079, 129464, 32217, 275760)
(114045, 129464, 32217, 275726)
(114019, 129464, 32217, 275700)
(113975, 129464, 32217, 275656)
(113958, 129464, 32217, 275639)
(113939, 129464, 32217, 275620)
(113904, 129464, 32217, 275585)
(113866, 129464, 32217, 275547)
(113837, 129464, 32217, 275518)
(113786, 129464, 32217, 275467)
(113761, 129464, 32217, 275442)
(113743, 129464, 32217, 275424)
(113705, 129464, 32217, 275386)
(113677, 129464, 32217, 275358)
(113654, 129464, 32217, 275335)
(113624, 129464, 32217, 275305)
(113608, 129464, 32217, 275289)
(113567, 129464, 32217, 275248)
(113538, 129464, 32217, 275219)
(113506, 129464, 32217, 275187)
(113497, 129464, 32217, 275178)
(113466, 129464, 32217, 275147)
(113439, 129464, 32217, 275120)
(113412, 129464, 32217, 275093)
(113373, 129464, 32217, 275054)
(113351, 129464, 32217, 275032)
(113340, 129464, 32217, 275021)
(113325, 129464, 32217, 275006)
(113297, 129464, 32217, 274978)
(113278, 129464, 32217, 274959)
(113236, 129464, 32217, 274917)
(113222, 129464, 32217, 274903)
(113204, 129464, 32217, 274885)
(113182, 129464, 32217, 274863)
(113174, 129464, 32217, 274855)
(113170, 129464, 32217, 274851)
(113127, 129464, 32217, 274808)
(113103, 129464, 32217, 274784)
(113081, 129464, 32217, 274762)
(113043, 129464, 32217, 274724)
(113013, 129464, 32217, 274694)
(112989, 129464, 32217, 274670)
(112966, 129464, 32217, 274647)
(112946, 129464, 32217, 274627)
(112922, 129464, 32217, 274603)
(112889, 129464, 32217, 274570)
(112851, 129464, 32217, 274532)
(112815, 129464, 32217, 274496)
(112774, 129464, 32217, 274455)
(112722, 129464, 32217, 274403)
(112694, 129464, 32217, 274375)
(112677, 129464, 32217, 274358)
(112634, 129464, 32217, 274315)
(112608, 129464, 32217, 274289)
(112586, 129464, 32217, 274267)
(112524, 129464, 32217, 274205)
(112479, 129464, 32217, 274160)
(112476, 129464, 32217, 274157)
(112443, 129464, 32217, 274124)
(112411, 129464, 32217, 274092)
(112388, 129464, 32217, 274069)
(112360, 129464, 32217, 274041)
(112337, 129464, 32217, 274018)
(112310, 129464, 32217, 273991)
(112289, 129464, 32217, 273970)
(112263, 129464, 32217, 273944)
(112248, 129464, 32217, 273929)
(112213, 129464, 32217, 273894)
(112191, 129464, 32217, 273872)
(112169, 129464, 32217, 273850)
(112143, 129464, 32217, 273824)
(112096, 129464, 32217, 273777)
(112076, 129464, 32217, 273757)
(112065, 129464, 32217, 273746)
(112019, 129464, 32217, 273700)
(111991, 129464, 32217, 273672)
(111965, 129464, 32217, 273646)
(111927, 129464, 32217, 273608)
(111879, 129464, 32217, 273560)
(111848, 129464, 32217, 273529)
(111838, 129464, 32217, 273519)
(111806, 129464, 32217, 273487)
(111783, 129464, 32217, 273464)
(111748, 129464, 32217, 273429)
(111702, 129464, 32217, 273383)
(111669, 129464, 32217, 273350)
(111647, 129464, 32217, 273328)
(111634, 129464, 32217, 273315)
(111593, 129464, 32217, 273274)
(111574, 129464, 32217, 273255)
(111523, 129464, 32217, 273204)
(111493, 129464, 32217, 273174)
(111451, 129464, 32217, 273132)
(111410, 129464, 32217, 273091)
(111388, 129464, 32217, 273069)
(111387, 129464, 32217, 273068)
(111365, 129464, 32217, 273046)
(111326, 129464, 32217, 273007)
(111297, 129464, 32217, 272978)
(111257, 129464, 32217, 272938)
(111218, 129464, 32217, 272899)
(111181, 129464, 32217, 272862)
(111178, 129464, 32217, 272859)
(111143, 129464, 32217, 272824)
(111121, 129464, 32217, 272802)
(111085, 129464, 32217, 272766)
(111076, 129464, 32217, 272757)
(111052, 129464, 32217, 272733)
(111035, 129464, 32217, 272716)
(111000, 129464, 32217, 272681)
(110985, 129464, 32217, 272666)
(110979, 129464, 32217, 272660)
(110940, 129464, 32217, 272621)
(110897, 129464, 32217, 272578)
(110869, 129464, 32217, 272550)
(110848, 129464, 32217, 272529)
(110820, 129464, 32217, 272501)
(110791, 129464, 32217, 272472)
(110768, 129464, 32217, 272449)
(110738, 129464, 32217, 272419)
(110702, 129464, 32217, 272383)
(110670, 129464, 32217, 272351)
(110636, 129464, 32217, 272317)
(110613, 129464, 32217, 272294)
(110608, 129464, 32217, 272289)
(110597, 129464, 32217, 272278)
(110565, 129464, 32217, 272246)
(110558, 129464, 32217, 272239)
(110524, 129464, 32217, 272205)
(110494, 129464, 32217, 272175)
(110490, 129464, 32217, 272171)
(110464, 129464, 32217, 272145)
(110417, 129464, 32217, 272098)
(110389, 129464, 32217, 272070)
(110366, 129464, 32217, 272047)
(110337, 129464, 32217, 272018)
(110318, 129464, 32217, 271999)
(110310, 129464, 32217, 271991)
(110306, 129464, 32217, 271987)
(110282, 129464, 32217, 271963)
(110261, 129464, 32217, 271942)
(110220, 129464, 32217, 271901)
(110181, 129464, 32217, 271862)
(110136, 129464, 32217, 271817)
(110126, 129464, 32217, 271807)
(110101, 129464, 32217, 271782)
(110063, 129464, 32217, 271744)
(110043, 129464, 32217, 271724)
(110010, 129464, 32217, 271691)
(109978, 129464, 32217, 271659)
(109952, 129464, 32217, 271633)
(109927, 129464, 32217, 271608)
(109905, 129464, 32217, 271586)
(109873, 129464, 32217, 271554)
(109854, 129464, 32217, 271535)
(109829, 129464, 32217, 271510)
(109818, 129464, 32217, 271499)
(109796, 129464, 32217, 271477)
(109792, 129464, 32217, 271473)
(109775, 129464, 32217, 271456)
(109736, 129464, 32217, 271417)
(109723, 129464, 32217, 271404)
(109673, 129464, 32217, 271354)
(109658, 129464, 32217, 271339)
(109618, 129464, 32217, 271299)
(109596, 129464, 32217, 271277)
(109580, 129464, 32217, 271261)
(109570, 129464, 32217, 271251)
(109559, 129464, 32217, 271240)
(109518, 129464, 32217, 271199)
(109516, 129464, 32217, 271197)
(109475, 129464, 32217, 271156)
(109421, 129464, 32217, 271102)
(109398, 129464, 32217, 271079)
(109357, 129464, 32217, 271038)
(109353, 129464, 32217, 271034)
(109344, 129464, 32217, 271025)
(109304, 129464, 32217, 270985)
(109271, 129464, 32217, 270952)
(109234, 129464, 32217, 270915)
(109203, 129464, 32217, 270884)
(109188, 129464, 32217, 270869)
(109153, 129464, 32217, 270834)
(109145, 129464, 32217, 270826)
(109110, 129464, 32217, 270791)
(109104, 129464, 32217, 270785)
(109062, 129464, 32217, 270743)
(109026, 129464, 32217, 270707)
(108999, 129464, 32217, 270680)
(108998, 129464, 32217, 270679)
(108969, 129464, 32217, 270650)
(108941, 129464, 32217, 270622)
(108919, 129464, 32217, 270600)
(108876, 129464, 32217, 270557)
(108856, 129464, 32217, 270537)
(108825, 129464, 32217, 270506)
(108810, 129464, 32217, 270491)
(108795, 129464, 32217, 270476)
(108777, 129464, 32217, 270458)
(108746, 129464, 32217, 270427)
(108724, 129464, 32217, 270405)
(108709, 129464, 32217, 270390)
(108692, 129464, 32217, 270373)
(108654, 129464, 32217, 270335)
(108621, 129464, 32217, 270302)
(108608, 129464, 32217, 270289)
(108566, 129464, 32217, 270247)
(108544, 129464, 32217, 270225)
(108512, 129464, 32217, 270193)
(108476, 129464, 32217, 270157)
(108438, 129464, 32217, 270119)
(108409, 129464, 32217, 270090)
(108397, 129464, 32217, 270078)
(108355, 129464, 32217, 270036)
(108321, 129464, 32217, 270002)
(108274, 129464, 32217, 269955)
(108230, 129464, 32217, 269911)
(108180, 129464, 32217, 269861)
(108167, 129464, 32217, 269848)
(108141, 129464, 32217, 269822)
(108124, 129464, 32217, 269805)
(108108, 129464, 32217, 269789)
(108070, 129464, 32217, 269751)
(108047, 129464, 32217, 269728)
(108028, 129464, 32217, 269709)
(108021, 129464, 32217, 269702)
(108010, 129464, 32217, 269691)
(107991, 129464, 32217, 269672)
(107953, 129464, 32217, 269634)
(107919, 129464, 32217, 269600)
(107887, 129464, 32217, 269568)
(107851, 129464, 32217, 269532)
(107823, 129464, 32217, 269504)
(107818, 129464, 32217, 269499)
(107764, 129464, 32217, 269445)
(107727, 129464, 32217, 269408)
(107710, 129464, 32217, 269391)
(107687, 129464, 32217, 269368)
(107648, 129464, 32217, 269329)
(107633, 129464, 32217, 269314)
(107620, 129464, 32217, 269301)
(107614, 129464, 32217, 269295)
(107589, 129464, 32217, 269270)
(107576, 129464, 32217, 269257)
(107562, 129464, 32217, 269243)
(107538, 129464, 32217, 269219)
