(142482, 138912, 37886, 319280)
(142456, 138912, 37886, 319254)
(142418, 138912, 37886, 319216)
(142391, 138912, 37886, 319189)
(142355, 138912, 37886, 319153)
(142313, 138912, 37886, 319111)
(142305, 138912, 37886, 319103)
(142269, 138912, 37886, 319067)
(142234, 138912, 37886, 319032)
(142199, 138912, 37886, 318997)
(142162, 138912, 37886, 318960)
(142138, 138912, 37886, 318936)
(142125, 138912, 37886, 318923)
(142107, 138912, 37886, 318905)
(142080, 138912, 37886, 318878)
(142069, 138912, 37886, 318867)
(142044, 138912, 37886, 318842)
(142011, 138912, 37886, 318809)
(141986, 138912, 37886, 318784)
(141960, 138912, 37886, 318758)
(141957, 138912, 37886, 318755)
(141935, 138912, 37886, 318733)
(141921, 138912, 37886, 318719)
(141897, 138912, 37886, 318695)
(141863, 138912, 37886, 318661)
(141827, 138912, 37886, 318625)
(141791, 138912, 37886, 318589)
(141770, 138912, 37886, 318568)
(141746, 138912, 37886, 318544)
(141718, 138912, 37886, 318516)
(141686, 138912, 37886, 318484)
(141656, 138912, 37886, 318454)
(141647, 138912, 37886, 318445)
(141617, 138912, 37886, 318415)
(141590, 138912, 37886, 318388)
(141578, 138912, 37886, 318376)
(141556, 138912, 37886, 318354)
(141546, 138912, 37886, 318344)
(141534, 138912, 37886, 318332)
(141499, 138912, 37886, 318297)
(141477, 138912, 37886, 318275)
(141443, 138912, 37886, 318241)
(141409, 138912, 37886, 318207)
(141363, 138912, 37886, 318161)
(141329, 138912, 37886, 318127)
(141287, 138912, 37886, 318085)
(141271, 138912, 37886, 318069)
(141229, 138912, 37886, 318027)
(141196, 138912, 37886, 317994)
(141163, 138912, 37886, 317961)
(141129, 138912, 37886, 317927)
(141094, 138912, 37886, 317892)
(141057, 138912, 37886, 317855)
(141028, 138912, 37886, 317826)
(141005, 138912, 37886, 317803)
(140993, 138912, 37886, 317791)
(140986, 138912, 37886, 317784)
(140975, 138912, 37886, 317773)
(140959, 138912, 37886, 317757)
(140934, 138912, 37886, 317732)
(140929, 138912, 37886, 317727)
(140892, 138912, 37886, 317690)
(140854, 138912, 37886, 317652)
(140837, 138912, 37886, 317635)
(140823, 138912, 37886, 317621)
(140816, 138912, 37886, 317614)
(140787, 138912, 37886, 317585)
(140767, 138912, 37886, 317565)
(140749, 138912, 37886, 317547)
(140721, 138912, 37886, 317519)
(140694, 138912, 37886, 317492)
(140677, 138912, 37886, 317475)
(140663, 138912, 37886, 317461)
(140624, 138912, 37886, 317422)
(140599, 138912, 37886, 317397)
(140570, 138912, 37886, 317368)
(140537, 138912, 37886, 317335)
(140499, 138912, 37886, 317297)
(140479, 138912, 37886, 317277)
(140462, 138912, 37886, 317260)
(140422, 138912, 37886, 317220)
(140408, 138912, 37886, 317206)
(140385, 138912, 37886, 317183)
(140368, 138912, 37886, 317166)
(140351, 138912, 37886, 317149)
(140325, 138912, 37886, 317123)
(140293, 138912, 37886, 317091)
(140272, 138912, 37886, 317070)
(140254, 138912, 37886, 317052)
(140249, 138912, 37886, 317047)
(140228, 138912, 37886, 317026)
(140225, 138912, 37886, 317023)
(140224, 138912, 37886, 317022)
(140196, 138912, 37886, 316994)
(140164, 138912, 37886, 316962)
(140158, 138912, 37886, 316956)
(140136, 138912, 37886, 316934)
(140118, 138912, 37886, 316916)
(140089, 138912, 37886, 316887)
(140076, 138912, 37886, 316874)
(140046, 138912, 37886, 316844)
(140039, 138912, 37886, 316837)
(140019, 138912, 37886, 316817)
(139980, 138912, 37886, 316778)
(139965, 138912, 37886, 316763)
(139945, 138912, 37886, 316743)
(139911, 138912, 37886, 316709)
(139877, 138912, 37886, 316675)
(139857, 138912, 37886, 316655)
(139829, 138912, 37886, 316627)
(139799, 138912, 37886, 316597)
(139786, 138912, 37886, 316584)
(139752, 138912, 37886, 316550)
(139721, 138912, 37886, 316519)
(139687, 138912, 37886, 316485)
(139664, 138912, 37886, 316462)
(139629, 138912, 37886, 316427)
(139619, 138912, 37886, 316417)
(139599, 138912, 37886, 316397)
(139584, 138912, 37886, 316382)
(139558, 138912, 37886, 316356)
(139530, 138912, 37886, 316328)
(139498, 138912, 37886, 316296)
(139462, 138912, 37886, 316260)
(139456, 138912, 37886, 316254)
(139436, 138912, 37886, 316234)
(139398, 138912, 37886, 316196)
(139382, 138912, 37886, 316180)
(139355, 138912, 37886, 316153)
(139341, 138912, 37886, 316139)
(139307, 138912, 37886, 316105)
(139275, 138912, 37886, 316073)
(139258, 138912, 37886, 316056)
(139229, 138912, 37886, 316027)
(139209, 138912, 37886, 316007)
(139196, 138912, 37886, 315994)
(139186, 138912, 37886, 315984)
(139165, 138912, 37886, 315963)
(139145, 138912, 37886, 315943)
(139133, 138912, 37886, 315931)
(139112, 138912, 37886, 315910)
(139089, 138912, 37886, 315887)
(139075, 138912, 37886, 315873)
(139054, 138912, 37886, 315852)
(139044, 138912, 37886, 315842)
(139036, 138912, 37886, 315834)
(138994, 138912, 37886, 315792)
(138984, 138912, 37886, 315782)
(138939, 138912, 37886, 315737)
(138922, 138912, 37886, 315720)
(138886, 138912, 37886, 315684)
(138868, 138912, 37886, 315666)
(138837, 138912, 37886, 315635)
(138829, 138912, 37886, 315627)
(138795, 138912, 37886, 315593)
(138769, 138912, 37886, 315567)
(138741, 138912, 37886, 315539)
(138705, 138912, 37886, 315503)
(138670, 138912, 37886, 315468)
(138643, 138912, 37886, 315441)
(138624, 138912, 37886, 315422)
(138597, 138912, 37886, 315395)
(138570, 138912, 37886, 315368)
(138548, 138912, 37886, 315346)
(138513, 138912, 37886, 315311)
(138494, 138912, 37886, 315292)
(138475, 138912, 37886, 315273)
(138459, 138912, 37886, 315257)
(138449, 138912, 37886, 315247)
(138399, 138912, 37886, 315197)
(138360, 138912, 37886, 315158)
(138337, 138912, 37886, 315135)
(138313, 138912, 37886, 315111)
(138287, 138912, 37886, 315085)
(138263, 138912, 37886, 315061)
(138241, 138912, 37886, 315039)
(138201, 138912, 37886, 314999)
(138175, 138912, 37886, 314973)
(138137, 138912, 37886, 314935)
(138121, 138912, 37886, 314919)
(138100, 138912, 37886, 314898)
(138090, 138912, 37886, 314888)
(138064, 138912, 37886, 314862)
(138046, 138912, 37886, 314844)
(138041, 138912, 37886, 314839)
(138035, 138912, 37886, 314833)
(138000, 138912, 37886, 314798)
(137975, 138912, 37886, 314773)
(137951, 138912, 37886, 314749)
(137921, 138912, 37886, 314719)
(137910, 138912, 37886, 314708)
(137875, 138912, 37886, 314673)
(137853, 138912, 37886, 314651)
(137839, 138912, 37886, 314637)
(137811, 138912, 37886, 314609)
(137782, 138912, 37886, 314580)
(137746, 138912, 37886, 314544)
(137713, 138912, 37886, 314511)
(137670, 138912, 37886, 314468)
(137650, 138912, 37886, 314448)
(137614, 138912, 37886, 314412)
(137587, 138912, 37886, 314385)
(137563, 138912, 37886, 314361)
(137534, 138912, 37886, 314332)
(137511, 138912, 37886, 314309)
(137491, 138912, 37886, 314289)
(137465, 138912, 37886, 314263)
(137424, 138912, 37886, 314222)
(137391, 138912, 37886, 314189)
(137357, 138912, 37886, 314155)
(137342, 138912, 37886, 314140)
(137329, 138912, 37886, 314127)
(137308, 138912, 37886, 314106)
(137297, 138912, 37886, 314095)
(137267, 138912, 37886, 314065)
(137242, 138912, 37886, 314040)
(137219, 138912, 37886, 314017)
(137193, 138912, 37886, 313991)
(137151, 138912, 37886, 313949)
(137130, 138912, 37886, 313928)
(137112, 138912, 37886, 313910)
(137080, 138912, 37886, 313878)
(137066, 138912, 37886, 313864)
(137040, 138912, 37886, 313838)
(137017, 138912, 37886, 313815)
(137005, 138912, 37886, 313803)
(137003, 138912, 37886, 313801)
(136977, 138912, 37886, 313775)
(136962, 138912, 37886, 313760)
(136951, 138912, 37886, 313749)
(136928, 138912, 37886, 313726)
(136893, 138912, 37886, 313691)
(136885, 138912, 37886, 313683)
(136853, 138912, 37886, 313651)
(136825, 138912, 37886, 313623)
(136805, 138912, 37886, 313603)
(136776, 138912, 37886, 313574)
(136760, 138912, 37886, 313558)
(136744, 138912, 37886, 313542)
(136728, 138912, 37886, 313526)
(136720, 138912, 37886, 313518)
(136716, 138912, 37886, 313514)
(136688, 138912, 37886, 313486)
(136664, 138912, 37886, 313462)
(136626, 138912, 37886, 313424)
(136608, 138912, 37886, 313406)
(136578, 138912, 37886, 313376)
(136564, 138912, 37886, 313362)
(136551, 138912, 37886, 313349)
(136539, 138912, 37886, 313337)
(136528, 138912, 37886, 313326)
(136505, 138912, 37886, 313303)
(136487, 138912, 37886, 313285)
(136446, 138912, 37886, 313244)
(136399, 138912, 37886, 313197)
(136383, 138912, 37886, 313181)
(136361, 138912, 37886, 313159)
(136348, 138912, 37886, 313146)
(136302, 138912, 37886, 313100)
(136280, 138912, 37886, 313078)
(136242, 138912, 37886, 313040)
(136222, 138912, 37886, 313020)
(136200, 138912, 37886, 312998)
(136184, 138912, 37886, 312982)
(136169, 138912, 37886, 312967)
(136143, 138912, 37886, 312941)
(136124, 138912, 37886, 312922)
(136106, 138912, 37886, 312904)
(136090, 138912, 37886, 312888)
(136073, 138912, 37886, 312871)
(136040, 138912, 37886, 312838)
(136015, 138912, 37886, 312813)
(135995, 138912, 37886, 312793)
(135962, 138912, 37886, 312760)
(135929, 138912, 37886, 312727)
(135895, 138912, 37886, 312693)
(135863, 138912, 37886, 312661)
(135855, 138912, 37886, 312653)
(135816, 138912, 37886, 312614)
(135800, 138912, 37886, 312598)
(135770, 138912, 37886, 312568)
(135758, 138912, 37886, 312556)
(135751, 138912, 37886, 312549)
(135724, 138912, 37886, 312522)
(135680, 138912, 37886, 312478)
(135663, 138912, 37886, 312461)
(135626, 138912, 37886, 312424)
(135601, 138912, 37886, 312399)
(135572, 138912, 37886, 312370)
(135551, 138912, 37886, 312349)
(135524, 138912, 37886, 312322)
(135491, 138912, 37886, 312289)
(135458, 138912, 37886, 312256)
(135445, 138912, 37886, 312243)
(135435, 138912, 37886, 312233)
(135413, 138912, 37886, 312211)
(135402, 138912, 37886, 312200)
(135372, 138912, 37886, 312170)
(135353, 138912, 37886, 312151)
(135326, 138912, 37886, 312124)
(135305, 138912, 37886, 312103)
(135268, 138912, 37886, 312066)
(135243, 138912, 37886, 312041)
(135209, 138912, 37886, 312007)
(135190, 138912, 37886, 311988)
(135183, 138912, 37886, 311981)
(135171, 138912, 37886, 311969)
(135129, 138912, 37886, 311927)
(135101, 138912, 37886, 311899)
(135086, 138912, 37886, 311884)
(135060, 138912, 37886, 311858)
(135032, 138912, 37886, 311830)
(134998, 138912, 37886, 311796)
(134960, 138912, 37886, 311758)
(134942, 138912, 37886, 311740)
(134919, 138912, 37886, 311717)
(134877, 138912, 37886, 311675)
(134860, 138912, 37886, 311658)
(134827, 138912, 37886, 311625)
(134801, 138912, 37886, 311599)
(134800, 138912, 37886, 311598)
(134750, 138912, 37886, 311548)
(134746, 138912, 37886, 311544)
(134730, 138912, 37886, 311528)
(134705, 138912, 37886, 311503)
(134685, 138912, 37886, 311483)
(134682, 138912, 37886, 311480)
(134663, 138912, 37886, 311461)
(134633, 138912, 37886, 311431)
(134606, 138912, 37886, 311404)
(134572, 138912, 37886, 311370)
(134538, 138912, 37886, 311336)
(134503, 138912, 37886, 311301)
(134476, 138912, 37886, 311274)
(134447, 138912, 37886, 311245)
(134433, 138912, 37886, 311231)
(134402, 138912, 37886, 311200)
(134379, 138912, 37886, 311177)
(134339, 138912, 37886, 311137)
(134314, 138912, 37886, 311112)
(134303, 138912, 37886, 311101)
(134267, 138912, 37886, 311065)
(134262, 138912, 37886, 311060)
(134243, 138912, 37886, 311041)
(134201, 138912, 37886, 310999)
(134196, 138912, 37886, 310994)
(134178, 138912, 37886, 310976)
(134139, 138912, 37886, 310937)
(134097, 138912, 37886, 310895)
(134070, 138912, 37886, 310868)
(134042, 138912, 37886, 310840)
(134015, 138912, 37886, 310813)
(133984, 138912, 37886, 310782)
(133954, 138912, 37886, 310752)
(133918, 138912, 37886, 310716)
(133901, 138912, 37886, 310699)
(133868, 138912, 37886, 310666)
(133848, 138912, 37886, 310646)
(133844, 138912, 37886, 310642)
(133814, 138912, 37886, 310612)
(133796, 138912, 37886, 310594)
(133783, 138912, 37886, 310581)
(133748, 138912, 37886, 310546)
(133716, 138912, 37886, 310514)
(133686, 138912, 37886, 310484)
(133678, 138912, 37886, 310476)
(133643, 138912, 37886, 310441)
(133618, 138912, 37886, 310416)
(133583, 138912, 37886, 310381)
(133575, 138912, 37886, 310373)
(133555, 138912, 37886, 310353)
(133514, 138912, 37886, 310312)
(133502, 138912, 37886, 310300)
(133481, 138912, 37886, 310279)
(133460, 138912, 37886, 310258)
(133437, 138912, 37886, 310235)
(133418, 138912, 37886, 310216)
(133398, 138912, 37886, 310196)
(133367, 138912, 37886, 310165)
(133349, 138912, 37886, 310147)
(133309, 138912, 37886, 310107)
(133286, 138912, 37886, 310084)
(133238, 138912, 37886, 310036)
(133204, 138912, 37886, 310002)
(133179, 138912, 37886, 309977)
(133147, 138912, 37886, 309945)
(133122, 138912, 37886, 309920)
(133120, 138912, 37886, 309918)
(133090, 138912, 37886, 309888)
(133071, 138912, 37886, 309869)
(133033, 138912, 37886, 309831)
(133011, 138912, 37886, 309809)
(133007, 138912, 37886, 309805)
(132966, 138912, 37886, 309764)
(132926, 138912, 37886, 309724)
(132902, 138912, 37886, 309700)
(132869, 138912, 37886, 309667)
(132852, 138912, 37886, 309650)
(132827, 138912, 37886, 309625)
(132795, 138912, 37886, 309593)
(132775, 138912, 37886, 309573)
(132759, 138912, 37886, 309557)
(132751, 138912, 37886, 309549)
(132723, 138912, 37886, 309521)
(132695, 138912, 37886, 309493)
(132662, 138912, 37886, 309460)
(132656, 138912, 37886, 309454)
(132636, 138912, 37886, 309434)
(132623, 138912, 37886, 309421)
(132601, 138912, 37886, 309399)
(132581, 138912, 37886, 309379)
(132553, 138912, 37886, 309351)
(132524, 138912, 37886, 309322)
(132517, 138912, 37886, 309315)
(132495, 138912, 37886, 309293)
(132488, 138912, 37886, 309286)
(132473, 138912, 37886, 309271)
(132452, 138912, 37886, 309250)
(132432, 138912, 37886, 309230)
(132398, 138912, 37886, 309196)
(132372, 138912, 37886, 309170)
(132357, 138912, 37886, 309155)
(132336, 138912, 37886, 309134)
(132319, 138912, 37886, 309117)
(132286, 138912, 37886, 309084)
(132266, 138912, 37886, 309064)
(132260, 138912, 37886, 309058)
(132245, 138912, 37886, 309043)
(132229, 138912, 37886, 309027)
(132203, 138912, 37886, 309001)
(132179, 138912, 37886, 308977)
(132148, 138912, 37886, 308946)
(132112, 138912, 37886, 308910)
(132083, 138912, 37886, 308881)
(132075, 138912, 37886, 308873)
(132073, 138912, 37886, 308871)
(132048, 138912, 37886, 308846)
(132044, 138912, 37886, 308842)
(132014, 138912, 37886, 308812)
(132004, 138912, 37886, 308802)
(131989, 138912, 37886, 308787)
(131965, 138912, 37886, 308763)
(131939, 138912, 37886, 308737)
(131925, 138912, 37886, 308723)
(131897, 138912, 37886, 308695)
(131863, 138912, 37886, 308661)
(131837, 138912, 37886, 308635)
(131806, 138912, 37886, 308604)
(131786, 138912, 37886, 308584)
(131762, 138912, 37886, 308560)
(131744, 138912, 37886, 308542)
(131716, 138912, 37886, 308514)
(131695, 138912, 37886, 308493)
(131667, 138912, 37886, 308465)
(131634, 138912, 37886, 308432)
(131616, 138912, 37886, 308414)
(131591, 138912, 37886, 308389)
(131568, 138912, 37886, 308366)
(131543, 138912, 37886, 308341)
(131540, 138912, 37886, 308338)
(131508, 138912, 37886, 308306)
(131497, 138912, 37886, 308295)
(131474, 138912, 37886, 308272)
(131450, 138912, 37886, 308248)
(131432, 138912, 37886, 308230)
(131390, 138912, 37886, 308188)
(131354, 138912, 37886, 308152)
(131323, 138912, 37886, 308121)
(131299, 138912, 37886, 308097)
(131277, 138912, 37886, 308075)
(131252, 138912, 37886, 308050)
(131228, 138912, 37886, 308026)
(131200, 138912, 37886, 307998)
(131195, 138912, 37886, 307993)
(131167, 138912, 37886, 307965)
(131138, 138912, 37886, 307936)
(131130, 138912, 37886, 307928)
(131110, 138912, 37886, 307908)
(131100, 138912, 37886, 307898)
(131059, 138912, 37886, 307857)
(131054, 138912, 37886, 307852)
(131044, 138912, 37886, 307842)
(131021, 138912, 37886, 307819)
(130995, 138912, 37886, 307793)
(130972, 138912, 37886, 307770)
(130936, 138912, 37886, 307734)
(130893, 138912, 37886, 307691)
(130865, 138912, 37886, 307663)
(130845, 138912, 37886, 307643)
(130815, 138912, 37886, 307613)
(130802, 138912, 37886, 307600)
(130784, 138912, 37886, 307582)
(130775, 138912, 37886, 307573)
(130754, 138912, 37886, 307552)
(130740, 138912, 37886, 307538)
(130705, 138912, 37886, 307503)
(130676, 138912, 37886, 307474)
(130652, 138912, 37886, 307450)
(130628, 138912, 37886, 307426)
(130611, 138912, 37886, 307409)
(130602, 138912, 37886, 307400)
(130579, 138912, 37886, 307377)
(130540, 138912, 37886, 307338)
(130504, 138912, 37886, 307302)
(130476, 138912, 37886, 307274)
(130459, 138912, 37886, 307257)
(130434, 138912, 37886, 307232)
(130403, 138912, 37886, 307201)
(130384, 138912, 37886, 307182)
(130365, 138912, 37886, 307163)
(130356, 138912, 37886, 307154)
(130344, 138912, 37886, 307142)
(130329, 138912, 37886, 307127)
(130297, 138912, 37886, 307095)
(130277, 138912, 37886, 307075)
(130252, 138912, 37886, 307050)
(130243, 138912, 37886, 307041)
(130216, 138912, 37886, 307014)
(130200, 138912, 37886, 306998)
(130195, 138912, 37886, 306993)
(130184, 138912, 37886, 306982)
(130170, 138912, 37886, 306968)
(130128, 138912, 37886, 306926)
(130118, 138912, 37886, 306916)
(130081, 138912, 37886, 306879)
(130060, 138912, 37886, 306858)
(130032, 138912, 37886, 306830)
(130024, 138912, 37886, 306822)
(130007, 138912, 37886, 306805)
(129971, 138912, 37886, 306769)
(129944, 138912, 37886, 306742)
(129918, 138912, 37886, 306716)
(129903, 138912, 37886, 306701)
(129892, 138912, 37886, 306690)
(129853, 138912, 37886, 306651)
(129826, 138912, 37886, 306624)
(129791, 138912, 37886, 306589)
(129776, 138912, 37886, 306574)
(129752, 138912, 37886, 306550)
(129727, 138912, 37886, 306525)
(129707, 138912, 37886, 306505)
(129682, 138912, 37886, 306480)
(129642, 138912, 37886, 306440)
(129626, 138912, 37886, 306424)
(129605, 138912, 37886, 306403)
(129578, 138912, 37886, 306376)
(129545, 138912, 37886, 306343)
(129537, 138912, 37886, 306335)
(129517, 138912, 37886, 306315)
(129494, 138912, 37886, 306292)
(129453, 138912, 37886, 306251)
(129422, 138912, 37886, 306220)
(129394, 138912, 37886, 306192)
(129382, 138912, 37886, 306180)
(129357, 138912, 37886, 306155)
(129319, 138912, 37886, 306117)
(129287, 138912, 37886, 306085)
(129268, 138912, 37886, 306066)
(129259, 138912, 37886, 306057)
(129234, 138912, 37886, 306032)
(129225, 138912, 37886, 306023)
(129200, 138912, 37886, 305998)
