(62778, 61430, 24239, 148447)
(59429, 63700, 24239, 147368)
(56795, 65940, 24239, 146974)
(56626, 65604, 24239, 146469)
(51864, 69530, 24239, 145633)
(49720, 70898, 24239, 144857)
(46280, 73162, 24239, 143681)
(43795, 74964, 24239, 142998)
(42993, 75406, 24239, 142638)
(41256, 77026, 24239, 142521)
(125913, 15730, 12382, 154025)
(125043, 16260, 12382, 153685)
(122224, 18088, 12382, 152694)
(119800, 19731, 12382, 151913)
(53852, 68208, 27118, 149178)
(49881, 71078, 27118, 148077)
(45348, 74266, 27118, 146732)
(42737, 75834, 27118, 145689)
(40862, 77140, 27118, 145120)
(38677, 78608, 27118, 144403)
(128540, 15064, 11921, 155525)
(126014, 16250, 12430, 154694)
(122783, 18696, 11921, 153400)
(119118, 21806, 11921, 152845)
(117891, 22068, 11921, 151880)
(113362, 24826, 11921, 150109)
(113314, 24826, 11921, 150061)
(109686, 27534, 11921, 149141)
(109658, 27270, 11921, 148849)
(108379, 27854, 11921, 148154)
(108380, 27020, 18570, 153970)
(107323, 27476, 18685, 153484)
(107323, 27476, 18685, 153484)
(105507, 28870, 18685, 153062)
(102435, 30888, 18685, 152008)
(102342, 30944, 18685, 151971)
(102342, 30944, 18685, 151971)
(62561, 64100, 27118, 153779)
