(142852, 141690, 34738, 319280)
(142812, 141690, 34738, 319240)
(142787, 141690, 34738, 319215)
(142778, 141690, 34738, 319206)
(142754, 141690, 34738, 319182)
(142735, 141690, 34738, 319163)
(142710, 141690, 34738, 319138)
(142678, 141690, 34738, 319106)
(142642, 141690, 34738, 319070)
(142627, 141690, 34738, 319055)
(142592, 141690, 34738, 319020)
(142544, 141690, 34738, 318972)
(142530, 141690, 34738, 318958)
(142515, 141690, 34738, 318943)
(142512, 141690, 34738, 318940)
(142478, 141690, 34738, 318906)
(142458, 141690, 34738, 318886)
(142444, 141690, 34738, 318872)
(142422, 141690, 34738, 318850)
(142393, 141690, 34738, 318821)
(142365, 141690, 34738, 318793)
(142341, 141690, 34738, 318769)
(142298, 141690, 34738, 318726)
(142260, 141690, 34738, 318688)
(142226, 141690, 34738, 318654)
(142189, 141690, 34738, 318617)
(142165, 141690, 34738, 318593)
(142133, 141690, 34738, 318561)
(142088, 141690, 34738, 318516)
(142074, 141690, 34738, 318502)
(142054, 141690, 34738, 318482)
(142027, 141690, 34738, 318455)
(142021, 141690, 34738, 318449)
(142019, 141690, 34738, 318447)
(142002, 141690, 34738, 318430)
(141976, 141690, 34738, 318404)
(141953, 141690, 34738, 318381)
(141926, 141690, 34738, 318354)
(141903, 141690, 34738, 318331)
(141878, 141690, 34738, 318306)
(141853, 141690, 34738, 318281)
(141813, 141690, 34738, 318241)
(141790, 141690, 34738, 318218)
(141759, 141690, 34738, 318187)
(141735, 141690, 34738, 318163)
(141726, 141690, 34738, 318154)
(141672, 141690, 34738, 318100)
(141651, 141690, 34738, 318079)
(141621, 141690, 34738, 318049)
(141587, 141690, 34738, 318015)
(141555, 141690, 34738, 317983)
(141521, 141690, 34738, 317949)
(141491, 141690, 34738, 317919)
(141479, 141690, 34738, 317907)
(141469, 141690, 34738, 317897)
(141457, 141690, 34738, 317885)
(141423, 141690, 34738, 317851)
(141384, 141690, 34738, 317812)
(141367, 141690, 34738, 317795)
(141356, 141690, 34738, 317784)
(141346, 141690, 34738, 317774)
(141332, 141690, 34738, 317760)
(141294, 141690, 34738, 317722)
(141255, 141690, 34738, 317683)
(141216, 141690, 34738, 317644)
(141197, 141690, 34738, 317625)
(141141, 141690, 34738, 317569)
(141112, 141690, 34738, 317540)
(141092, 141690, 34738, 317520)
(141062, 141690, 34738, 317490)
(141022, 141690, 34738, 317450)
(141009, 141690, 34738, 317437)
(140992, 141690, 34738, 317420)
(140977, 141690, 34738, 317405)
(140951, 141690, 34738, 317379)
(140927, 141690, 34738, 317355)
(140896, 141690, 34738, 317324)
(140873, 141690, 34738, 317301)
(140855, 141690, 34738, 317283)
(140824, 141690, 34738, 317252)
(140789, 141690, 34738, 317217)
(140767, 141690, 34738, 317195)
(140745, 141690, 34738, 317173)
(140732, 141690, 34738, 317160)
(140709, 141690, 34738, 317137)
(140663, 141690, 34738, 317091)
(140646, 141690, 34738, 317074)
(140605, 141690, 34738, 317033)
(140603, 141690, 34738, 317031)
(140581, 141690, 34738, 317009)
(140548, 141690, 34738, 316976)
(140530, 141690, 34738, 316958)
(140487, 141690, 34738, 316915)
(140478, 141690, 34738, 316906)
(140447, 141690, 34738, 316875)
(140421, 141690, 34738, 316849)
(140417, 141690, 34738, 316845)
(140382, 141690, 34738, 316810)
(140357, 141690, 34738, 316785)
(140349, 141690, 34738, 316777)
(140321, 141690, 34738, 316749)
(140320, 141690, 34738, 316748)
(140304, 141690, 34738, 316732)
(140280, 141690, 34738, 316708)
(140270, 141690, 34738, 316698)
(140237, 141690, 34738, 316665)
(140219, 141690, 34738, 316647)
(140184, 141690, 34738, 316612)
(140169, 141690, 34738, 316597)
(140152, 141690, 34738, 316580)
(140139, 141690, 34738, 316567)
(140110, 141690, 34738, 316538)
(140091, 141690, 34738, 316519)
(140072, 141690, 34738, 316500)
(140050, 141690, 34738, 316478)
(140018, 141690, 34738, 316446)
(139990, 141690, 34738, 316418)
(139958, 141690, 34738, 316386)
(139946, 141690, 34738, 316374)
(139945, 141690, 34738, 316373)
(139920, 141690, 34738, 316348)
(139904, 141690, 34738, 316332)
(139881, 141690, 34738, 316309)
(139845, 141690, 34738, 316273)
(139828, 141690, 34738, 316256)
(139786, 141690, 34738, 316214)
(139753, 141690, 34738, 316181)
(139719, 141690, 34738, 316147)
(139718, 141690, 34738, 316146)
(139697, 141690, 34738, 316125)
(139661, 141690, 34738, 316089)
(139619, 141690, 34738, 316047)
(139597, 141690, 34738, 316025)
(139575, 141690, 34738, 316003)
(139545, 141690, 34738, 315973)
(139539, 141690, 34738, 315967)
(139511, 141690, 34738, 315939)
(139488, 141690, 34738, 315916)
(139468, 141690, 34738, 315896)
(139457, 141690, 34738, 315885)
(139419, 141690, 34738, 315847)
(139405, 141690, 34738, 315833)
(139396, 141690, 34738, 315824)
(139374, 141690, 34738, 315802)
(139340, 141690, 34738, 315768)
(139295, 141690, 34738, 315723)
(139261, 141690, 34738, 315689)
(139227, 141690, 34738, 315655)
(139193, 141690, 34738, 315621)
(139163, 141690, 34738, 315591)
(139156, 141690, 34738, 315584)
(139146, 141690, 34738, 315574)
(139116, 141690, 34738, 315544)
(139079, 141690, 34738, 315507)
(139057, 141690, 34738, 315485)
(139034, 141690, 34738, 315462)
(139014, 141690, 34738, 315442)
(138990, 141690, 34738, 315418)
(138973, 141690, 34738, 315401)
(138954, 141690, 34738, 315382)
(138925, 141690, 34738, 315353)
(138880, 141690, 34738, 315308)
(138855, 141690, 34738, 315283)
(138834, 141690, 34738, 315262)
(138802, 141690, 34738, 315230)
(138781, 141690, 34738, 315209)
(138758, 141690, 34738, 315186)
(138733, 141690, 34738, 315161)
(138708, 141690, 34738, 315136)
(138676, 141690, 34738, 315104)
(138654, 141690, 34738, 315082)
(138631, 141690, 34738, 315059)
(138591, 141690, 34738, 315019)
(138574, 141690, 34738, 315002)
(138548, 141690, 34738, 314976)
(138546, 141690, 34738, 314974)
(138504, 141690, 34738, 314932)
(138478, 141690, 34738, 314906)
(138463, 141690, 34738, 314891)
(138450, 141690, 34738, 314878)
(138416, 141690, 34738, 314844)
(138402, 141690, 34738, 314830)
(138380, 141690, 34738, 314808)
(138350, 141690, 34738, 314778)
(138323, 141690, 34738, 314751)
(138299, 141690, 34738, 314727)
(138260, 141690, 34738, 314688)
(138229, 141690, 34738, 314657)
(138205, 141690, 34738, 314633)
(138182, 141690, 34738, 314610)
(138148, 141690, 34738, 314576)
(138114, 141690, 34738, 314542)
(138101, 141690, 34738, 314529)
(138061, 141690, 34738, 314489)
(138023, 141690, 34738, 314451)
(137999, 141690, 34738, 314427)
(137982, 141690, 34738, 314410)
(137953, 141690, 34738, 314381)
(137928, 141690, 34738, 314356)
(137898, 141690, 34738, 314326)
(137862, 141690, 34738, 314290)
(137844, 141690, 34738, 314272)
(137815, 141690, 34738, 314243)
(137794, 141690, 34738, 314222)
(137768, 141690, 34738, 314196)
(137734, 141690, 34738, 314162)
(137692, 141690, 34738, 314120)
(137648, 141690, 34738, 314076)
(137630, 141690, 34738, 314058)
(137617, 141690, 34738, 314045)
(137611, 141690, 34738, 314039)
(137610, 141690, 34738, 314038)
(137583, 141690, 34738, 314011)
(137557, 141690, 34738, 313985)
(137541, 141690, 34738, 313969)
(137513, 141690, 34738, 313941)
(137499, 141690, 34738, 313927)
(137489, 141690, 34738, 313917)
(137467, 141690, 34738, 313895)
(137442, 141690, 34738, 313870)
(137421, 141690, 34738, 313849)
(137401, 141690, 34738, 313829)
(137372, 141690, 34738, 313800)
(137338, 141690, 34738, 313766)
(137302, 141690, 34738, 313730)
(137290, 141690, 34738, 313718)
(137273, 141690, 34738, 313701)
(137237, 141690, 34738, 313665)
(137201, 141690, 34738, 313629)
(137179, 141690, 34738, 313607)
(137156, 141690, 34738, 313584)
(137138, 141690, 34738, 313566)
(137127, 141690, 34738, 313555)
(137126, 141690, 34738, 313554)
(137120, 141690, 34738, 313548)
(137100, 141690, 34738, 313528)
(137082, 141690, 34738, 313510)
(137081, 141690, 34738, 313509)
(137036, 141690, 34738, 313464)
(137035, 141690, 34738, 313463)
(137019, 141690, 34738, 313447)
(137005, 141690, 34738, 313433)
(136979, 141690, 34738, 313407)
(136967, 141690, 34738, 313395)
(136946, 141690, 34738, 313374)
(136941, 141690, 34738, 313369)
(136895, 141690, 34738, 313323)
(136866, 141690, 34738, 313294)
(136826, 141690, 34738, 313254)
(136807, 141690, 34738, 313235)
(136788, 141690, 34738, 313216)
(136759, 141690, 34738, 313187)
(136734, 141690, 34738, 313162)
(136719, 141690, 34738, 313147)
(136688, 141690, 34738, 313116)
(136664, 141690, 34738, 313092)
(136639, 141690, 34738, 313067)
(136607, 141690, 34738, 313035)
(136598, 141690, 34738, 313026)
(136577, 141690, 34738, 313005)
(136538, 141690, 34738, 312966)
(136493, 141690, 34738, 312921)
(136466, 141690, 34738, 312894)
(136423, 141690, 34738, 312851)
(136397, 141690, 34738, 312825)
(136339, 141690, 34738, 312767)
(136312, 141690, 34738, 312740)
(136282, 141690, 34738, 312710)
(136263, 141690, 34738, 312691)
(136238, 141690, 34738, 312666)
(136231, 141690, 34738, 312659)
(136184, 141690, 34738, 312612)
(136169, 141690, 34738, 312597)
(136139, 141690, 34738, 312567)
(136130, 141690, 34738, 312558)
(136105, 141690, 34738, 312533)
(136058, 141690, 34738, 312486)
(136044, 141690, 34738, 312472)
(136002, 141690, 34738, 312430)
(135978, 141690, 34738, 312406)
(135966, 141690, 34738, 312394)
(135961, 141690, 34738, 312389)
(135953, 141690, 34738, 312381)
(135927, 141690, 34738, 312355)
(135914, 141690, 34738, 312342)
(135912, 141690, 34738, 312340)
(135900, 141690, 34738, 312328)
(135886, 141690, 34738, 312314)
(135885, 141690, 34738, 312313)
(135866, 141690, 34738, 312294)
(135841, 141690, 34738, 312269)
(135816, 141690, 34738, 312244)
(135782, 141690, 34738, 312210)
(135754, 141690, 34738, 312182)
(135708, 141690, 34738, 312136)
(135667, 141690, 34738, 312095)
(135640, 141690, 34738, 312068)
(135617, 141690, 34738, 312045)
(135591, 141690, 34738, 312019)
(135564, 141690, 34738, 311992)
(135524, 141690, 34738, 311952)
(135497, 141690, 34738, 311925)
(135496, 141690, 34738, 311924)
(135495, 141690, 34738, 311923)
(135476, 141690, 34738, 311904)
(135440, 141690, 34738, 311868)
(135438, 141690, 34738, 311866)
(135421, 141690, 34738, 311849)
(135412, 141690, 34738, 311840)
(135372, 141690, 34738, 311800)
(135353, 141690, 34738, 311781)
(135317, 141690, 34738, 311745)
(135300, 141690, 34738, 311728)
(135299, 141690, 34738, 311727)
(135273, 141690, 34738, 311701)
(135268, 141690, 34738, 311696)
(135225, 141690, 34738, 311653)
(135193, 141690, 34738, 311621)
(135186, 141690, 34738, 311614)
(135175, 141690, 34738, 311603)
(135140, 141690, 34738, 311568)
(135124, 141690, 34738, 311552)
(135100, 141690, 34738, 311528)
(135087, 141690, 34738, 311515)
(135064, 141690, 34738, 311492)
(135030, 141690, 34738, 311458)
(135007, 141690, 34738, 311435)
(135006, 141690, 34738, 311434)
(134959, 141690, 34738, 311387)
(134940, 141690, 34738, 311368)
(134921, 141690, 34738, 311349)
(134891, 141690, 34738, 311319)
(134865, 141690, 34738, 311293)
(134833, 141690, 34738, 311261)
(134801, 141690, 34738, 311229)
(134768, 141690, 34738, 311196)
(134765, 141690, 34738, 311193)
(134741, 141690, 34738, 311169)
(134731, 141690, 34738, 311159)
(134720, 141690, 34738, 311148)
(134692, 141690, 34738, 311120)
(134664, 141690, 34738, 311092)
(134648, 141690, 34738, 311076)
(134639, 141690, 34738, 311067)
(134618, 141690, 34738, 311046)
(134593, 141690, 34738, 311021)
(134574, 141690, 34738, 311002)
(134543, 141690, 34738, 310971)
(134506, 141690, 34738, 310934)
(134493, 141690, 34738, 310921)
(134465, 141690, 34738, 310893)
(134430, 141690, 34738, 310858)
(134403, 141690, 34738, 310831)
(134376, 141690, 34738, 310804)
(134364, 141690, 34738, 310792)
(134344, 141690, 34738, 310772)
(134326, 141690, 34738, 310754)
(134301, 141690, 34738, 310729)
(134267, 141690, 34738, 310695)
(134231, 141690, 34738, 310659)
(134205, 141690, 34738, 310633)
(134172, 141690, 34738, 310600)
(134143, 141690, 34738, 310571)
(134116, 141690, 34738, 310544)
(134109, 141690, 34738, 310537)
(134071, 141690, 34738, 310499)
(134040, 141690, 34738, 310468)
(134039, 141690, 34738, 310467)
(134006, 141690, 34738, 310434)
(134004, 141690, 34738, 310432)
(133982, 141690, 34738, 310410)
(133969, 141690, 34738, 310397)
(133955, 141690, 34738, 310383)
(133926, 141690, 34738, 310354)
(133910, 141690, 34738, 310338)
(133864, 141690, 34738, 310292)
(133834, 141690, 34738, 310262)
(133801, 141690, 34738, 310229)
(133773, 141690, 34738, 310201)
(133733, 141690, 34738, 310161)
(133714, 141690, 34738, 310142)
(133699, 141690, 34738, 310127)
(133670, 141690, 34738, 310098)
(133669, 141690, 34738, 310097)
(133643, 141690, 34738, 310071)
(133621, 141690, 34738, 310049)
(133591, 141690, 34738, 310019)
(133579, 141690, 34738, 310007)
(133551, 141690, 34738, 309979)
(133511, 141690, 34738, 309939)
(133474, 141690, 34738, 309902)
(133473, 141690, 34738, 309901)
(133449, 141690, 34738, 309877)
(133417, 141690, 34738, 309845)
(133401, 141690, 34738, 309829)
(133363, 141690, 34738, 309791)
(133335, 141690, 34738, 309763)
(133297, 141690, 34738, 309725)
(133272, 141690, 34738, 309700)
(133232, 141690, 34738, 309660)
(133212, 141690, 34738, 309640)
(133166, 141690, 34738, 309594)
(133139, 141690, 34738, 309567)
(133117, 141690, 34738, 309545)
(133079, 141690, 34738, 309507)
(133056, 141690, 34738, 309484)
(133034, 141690, 34738, 309462)
(133021, 141690, 34738, 309449)
(132998, 141690, 34738, 309426)
(132976, 141690, 34738, 309404)
(132931, 141690, 34738, 309359)
(132912, 141690, 34738, 309340)
(132899, 141690, 34738, 309327)
(132868, 141690, 34738, 309296)
(132843, 141690, 34738, 309271)
(132835, 141690, 34738, 309263)
(132807, 141690, 34738, 309235)
(132763, 141690, 34738, 309191)
(132726, 141690, 34738, 309154)
(132700, 141690, 34738, 309128)
(132666, 141690, 34738, 309094)
(132640, 141690, 34738, 309068)
(132636, 141690, 34738, 309064)
(132607, 141690, 34738, 309035)
(132586, 141690, 34738, 309014)
(132577, 141690, 34738, 309005)
(132561, 141690, 34738, 308989)
(132547, 141690, 34738, 308975)
(132502, 141690, 34738, 308930)
(132478, 141690, 34738, 308906)
(132456, 141690, 34738, 308884)
(132426, 141690, 34738, 308854)
(132394, 141690, 34738, 308822)
(132381, 141690, 34738, 308809)
(132358, 141690, 34738, 308786)
(132330, 141690, 34738, 308758)
(132303, 141690, 34738, 308731)
(132285, 141690, 34738, 308713)
(132262, 141690, 34738, 308690)
(132247, 141690, 34738, 308675)
(132223, 141690, 34738, 308651)
(132209, 141690, 34738, 308637)
(132182, 141690, 34738, 308610)
(132144, 141690, 34738, 308572)
(132095, 141690, 34738, 308523)
(132081, 141690, 34738, 308509)
(132040, 141690, 34738, 308468)
(132009, 141690, 34738, 308437)
(131973, 141690, 34738, 308401)
(131958, 141690, 34738, 308386)
(131926, 141690, 34738, 308354)
(131892, 141690, 34738, 308320)
(131868, 141690, 34738, 308296)
(131827, 141690, 34738, 308255)
(131815, 141690, 34738, 308243)
(131785, 141690, 34738, 308213)
(131749, 141690, 34738, 308177)
(131733, 141690, 34738, 308161)
(131719, 141690, 34738, 308147)
(131692, 141690, 34738, 308120)
(131675, 141690, 34738, 308103)
(131656, 141690, 34738, 308084)
(131619, 141690, 34738, 308047)
(131610, 141690, 34738, 308038)
(131587, 141690, 34738, 308015)
(131556, 141690, 34738, 307984)
(131524, 141690, 34738, 307952)
(131496, 141690, 34738, 307924)
(131475, 141690, 34738, 307903)
(131466, 141690, 34738, 307894)
(131451, 141690, 34738, 307879)
(131404, 141690, 34738, 307832)
(131403, 141690, 34738, 307831)
(131356, 141690, 34738, 307784)
(131344, 141690, 34738, 307772)
(131326, 141690, 34738, 307754)
(131325, 141690, 34738, 307753)
(131302, 141690, 34738, 307730)
(131281, 141690, 34738, 307709)
(131264, 141690, 34738, 307692)
(131260, 141690, 34738, 307688)
(131244, 141690, 34738, 307672)
(131223, 141690, 34738, 307651)
(131183, 141690, 34738, 307611)
(131157, 141690, 34738, 307585)
(131154, 141690, 34738, 307582)
(131145, 141690, 34738, 307573)
(131132, 141690, 34738, 307560)
(131102, 141690, 34738, 307530)
(131089, 141690, 34738, 307517)
(131084, 141690, 34738, 307512)
(131079, 141690, 34738, 307507)
(131071, 141690, 34738, 307499)
(131055, 141690, 34738, 307483)
(131047, 141690, 34738, 307475)
(131037, 141690, 34738, 307465)
(131000, 141690, 34738, 307428)
(130991, 141690, 34738, 307419)
(130976, 141690, 34738, 307404)
(130949, 141690, 34738, 307377)
(130916, 141690, 34738, 307344)
(130898, 141690, 34738, 307326)
(130884, 141690, 34738, 307312)
(130855, 141690, 34738, 307283)
(130835, 141690, 34738, 307263)
(130827, 141690, 34738, 307255)
(130823, 141690, 34738, 307251)
(130822, 141690, 34738, 307250)
(130801, 141690, 34738, 307229)
(130798, 141690, 34738, 307226)
(130768, 141690, 34738, 307196)
(130732, 141690, 34738, 307160)
(130704, 141690, 34738, 307132)
(130684, 141690, 34738, 307112)
(130683, 141690, 34738, 307111)
(130643, 141690, 34738, 307071)
(130624, 141690, 34738, 307052)
(130606, 141690, 34738, 307034)
(130568, 141690, 34738, 306996)
(130552, 141690, 34738, 306980)
(130526, 141690, 34738, 306954)
(130513, 141690, 34738, 306941)
(130494, 141690, 34738, 306922)
(130473, 141690, 34738, 306901)
(130435, 141690, 34738, 306863)
