(143539, 134278, 38745, 316562)
(143515, 134278, 38745, 316538)
(143479, 134278, 38745, 316502)
(143461, 134278, 38745, 316484)
(143442, 134278, 38745, 316465)
(143427, 134278, 38745, 316450)
(143404, 134278, 38745, 316427)
(143379, 134278, 38745, 316402)
(143351, 134278, 38745, 316374)
(143332, 134278, 38745, 316355)
(143305, 134278, 38745, 316328)
(143304, 134278, 38745, 316327)
(143283, 134278, 38745, 316306)
(143258, 134278, 38745, 316281)
(143234, 134278, 38745, 316257)
(143219, 134278, 38745, 316242)
(143195, 134278, 38745, 316218)
(143191, 134278, 38745, 316214)
(143175, 134278, 38745, 316198)
(143131, 134278, 38745, 316154)
(143113, 134278, 38745, 316136)
(143100, 134278, 38745, 316123)
(143087, 134278, 38745, 316110)
(143078, 134278, 38745, 316101)
(143054, 134278, 38745, 316077)
(143012, 134278, 38745, 316035)
(142983, 134278, 38745, 316006)
(142955, 134278, 38745, 315978)
(142926, 134278, 38745, 315949)
(142903, 134278, 38745, 315926)
(142881, 134278, 38745, 315904)
(142871, 134278, 38745, 315894)
(142850, 134278, 38745, 315873)
(142832, 134278, 38745, 315855)
(142808, 134278, 38745, 315831)
(142778, 134278, 38745, 315801)
(142757, 134278, 38745, 315780)
(142729, 134278, 38745, 315752)
(142703, 134278, 38745, 315726)
(142672, 134278, 38745, 315695)
(142646, 134278, 38745, 315669)
(142635, 134278, 38745, 315658)
(142604, 134278, 38745, 315627)
(142582, 134278, 38745, 315605)
(142567, 134278, 38745, 315590)
(142542, 134278, 38745, 315565)
(142507, 134278, 38745, 315530)
(142487, 134278, 38745, 315510)
(142444, 134278, 38745, 315467)
(142423, 134278, 38745, 315446)
(142402, 134278, 38745, 315425)
(142384, 134278, 38745, 315407)
(142367, 134278, 38745, 315390)
(142340, 134278, 38745, 315363)
(142316, 134278, 38745, 315339)
(142278, 134278, 38745, 315301)
(142255, 134278, 38745, 315278)
(142249, 134278, 38745, 315272)
(142222, 134278, 38745, 315245)
(142187, 134278, 38745, 315210)
(142158, 134278, 38745, 315181)
(142128, 134278, 38745, 315151)
(142127, 134278, 38745, 315150)
(142109, 134278, 38745, 315132)
(142085, 134278, 38745, 315108)
(142052, 134278, 38745, 315075)
(142031, 134278, 38745, 315054)
(142002, 134278, 38745, 315025)
(141970, 134278, 38745, 314993)
(141927, 134278, 38745, 314950)
(141911, 134278, 38745, 314934)
(141896, 134278, 38745, 314919)
(141856, 134278, 38745, 314879)
(141846, 134278, 38745, 314869)
(141822, 134278, 38745, 314845)
(141796, 134278, 38745, 314819)
(141783, 134278, 38745, 314806)
(141751, 134278, 38745, 314774)
(141733, 134278, 38745, 314756)
(141703, 134278, 38745, 314726)
(141690, 134278, 38745, 314713)
(141671, 134278, 38745, 314694)
(141643, 134278, 38745, 314666)
(141621, 134278, 38745, 314644)
(141596, 134278, 38745, 314619)
(141568, 134278, 38745, 314591)
(141561, 134278, 38745, 314584)
(141534, 134278, 38745, 314557)
(141515, 134278, 38745, 314538)
(141499, 134278, 38745, 314522)
(141470, 134278, 38745, 314493)
(141452, 134278, 38745, 314475)
(141448, 134278, 38745, 314471)
(141426, 134278, 38745, 314449)
(141406, 134278, 38745, 314429)
(141386, 134278, 38745, 314409)
(141364, 134278, 38745, 314387)
(141323, 134278, 38745, 314346)
(141291, 134278, 38745, 314314)
(141264, 134278, 38745, 314287)
(141234, 134278, 38745, 314257)
(141201, 134278, 38745, 314224)
(141175, 134278, 38745, 314198)
(141172, 134278, 38745, 314195)
(141151, 134278, 38745, 314174)
(141128, 134278, 38745, 314151)
(141102, 134278, 38745, 314125)
(141069, 134278, 38745, 314092)
(141044, 134278, 38745, 314067)
(141020, 134278, 38745, 314043)
(140989, 134278, 38745, 314012)
(140966, 134278, 38745, 313989)
(140940, 134278, 38745, 313963)
(140913, 134278, 38745, 313936)
(140890, 134278, 38745, 313913)
(140871, 134278, 38745, 313894)
(140841, 134278, 38745, 313864)
(140828, 134278, 38745, 313851)
(140814, 134278, 38745, 313837)
(140776, 134278, 38745, 313799)
(140737, 134278, 38745, 313760)
(140731, 134278, 38745, 313754)
(140721, 134278, 38745, 313744)
(140709, 134278, 38745, 313732)
(140697, 134278, 38745, 313720)
(140665, 134278, 38745, 313688)
(140661, 134278, 38745, 313684)
(140622, 134278, 38745, 313645)
(140588, 134278, 38745, 313611)
(140562, 134278, 38745, 313585)
(140519, 134278, 38745, 313542)
(140472, 134278, 38745, 313495)
(140461, 134278, 38745, 313484)
(140456, 134278, 38745, 313479)
(140435, 134278, 38745, 313458)
(140433, 134278, 38745, 313456)
(140414, 134278, 38745, 313437)
(140393, 134278, 38745, 313416)
(140367, 134278, 38745, 313390)
(140353, 134278, 38745, 313376)
(140332, 134278, 38745, 313355)
(140299, 134278, 38745, 313322)
(140260, 134278, 38745, 313283)
(140230, 134278, 38745, 313253)
(140211, 134278, 38745, 313234)
(140188, 134278, 38745, 313211)
(140167, 134278, 38745, 313190)
(140125, 134278, 38745, 313148)
(140097, 134278, 38745, 313120)
(140076, 134278, 38745, 313099)
(140052, 134278, 38745, 313075)
(140046, 134278, 38745, 313069)
(140014, 134278, 38745, 313037)
(139987, 134278, 38745, 313010)
(139959, 134278, 38745, 312982)
(139951, 134278, 38745, 312974)
(139932, 134278, 38745, 312955)
(139915, 134278, 38745, 312938)
(139885, 134278, 38745, 312908)
(139869, 134278, 38745, 312892)
(139842, 134278, 38745, 312865)
(139829, 134278, 38745, 312852)
(139816, 134278, 38745, 312839)
(139783, 134278, 38745, 312806)
(139737, 134278, 38745, 312760)
(139694, 134278, 38745, 312717)
(139676, 134278, 38745, 312699)
(139650, 134278, 38745, 312673)
(139630, 134278, 38745, 312653)
(139604, 134278, 38745, 312627)
(139573, 134278, 38745, 312596)
(139554, 134278, 38745, 312577)
(139534, 134278, 38745, 312557)
(139503, 134278, 38745, 312526)
(139487, 134278, 38745, 312510)
(139452, 134278, 38745, 312475)
(139416, 134278, 38745, 312439)
(139395, 134278, 38745, 312418)
(139378, 134278, 38745, 312401)
(139346, 134278, 38745, 312369)
(139318, 134278, 38745, 312341)
(139301, 134278, 38745, 312324)
(139271, 134278, 38745, 312294)
(139247, 134278, 38745, 312270)
(139218, 134278, 38745, 312241)
(139182, 134278, 38745, 312205)
(139147, 134278, 38745, 312170)
(139122, 134278, 38745, 312145)
(139100, 134278, 38745, 312123)
(139081, 134278, 38745, 312104)
(139045, 134278, 38745, 312068)
(139028, 134278, 38745, 312051)
(138998, 134278, 38745, 312021)
(138983, 134278, 38745, 312006)
(138952, 134278, 38745, 311975)
(138910, 134278, 38745, 311933)
(138885, 134278, 38745, 311908)
(138859, 134278, 38745, 311882)
(138829, 134278, 38745, 311852)
(138817, 134278, 38745, 311840)
(138780, 134278, 38745, 311803)
(138772, 134278, 38745, 311795)
(138761, 134278, 38745, 311784)
(138726, 134278, 38745, 311749)
(138720, 134278, 38745, 311743)
(138695, 134278, 38745, 311718)
(138683, 134278, 38745, 311706)
(138637, 134278, 38745, 311660)
(138624, 134278, 38745, 311647)
(138601, 134278, 38745, 311624)
(138594, 134278, 38745, 311617)
(138584, 134278, 38745, 311607)
(138571, 134278, 38745, 311594)
(138541, 134278, 38745, 311564)
(138524, 134278, 38745, 311547)
(138501, 134278, 38745, 311524)
(138481, 134278, 38745, 311504)
(138451, 134278, 38745, 311474)
(138423, 134278, 38745, 311446)
(138400, 134278, 38745, 311423)
(138373, 134278, 38745, 311396)
(138361, 134278, 38745, 311384)
(138335, 134278, 38745, 311358)
(138322, 134278, 38745, 311345)
(138299, 134278, 38745, 311322)
(138288, 134278, 38745, 311311)
(138258, 134278, 38745, 311281)
(138235, 134278, 38745, 311258)
(138221, 134278, 38745, 311244)
(138199, 134278, 38745, 311222)
(138160, 134278, 38745, 311183)
(138135, 134278, 38745, 311158)
(138126, 134278, 38745, 311149)
(138092, 134278, 38745, 311115)
(138055, 134278, 38745, 311078)
(138044, 134278, 38745, 311067)
(138035, 134278, 38745, 311058)
(138014, 134278, 38745, 311037)
(137996, 134278, 38745, 311019)
(137966, 134278, 38745, 310989)
(137948, 134278, 38745, 310971)
(137905, 134278, 38745, 310928)
(137885, 134278, 38745, 310908)
(137858, 134278, 38745, 310881)
(137822, 134278, 38745, 310845)
(137786, 134278, 38745, 310809)
(137763, 134278, 38745, 310786)
(137756, 134278, 38745, 310779)
(137741, 134278, 38745, 310764)
(137699, 134278, 38745, 310722)
(137685, 134278, 38745, 310708)
(137671, 134278, 38745, 310694)
(137659, 134278, 38745, 310682)
(137639, 134278, 38745, 310662)
(137617, 134278, 38745, 310640)
(137592, 134278, 38745, 310615)
(137565, 134278, 38745, 310588)
(137560, 134278, 38745, 310583)
(137545, 134278, 38745, 310568)
(137520, 134278, 38745, 310543)
(137509, 134278, 38745, 310532)
(137466, 134278, 38745, 310489)
(137457, 134278, 38745, 310480)
(137438, 134278, 38745, 310461)
(137418, 134278, 38745, 310441)
(137391, 134278, 38745, 310414)
(137368, 134278, 38745, 310391)
(137345, 134278, 38745, 310368)
(137326, 134278, 38745, 310349)
(137314, 134278, 38745, 310337)
(137285, 134278, 38745, 310308)
(137268, 134278, 38745, 310291)
(137256, 134278, 38745, 310279)
(137231, 134278, 38745, 310254)
(137208, 134278, 38745, 310231)
(137177, 134278, 38745, 310200)
(137146, 134278, 38745, 310169)
(137122, 134278, 38745, 310145)
(137107, 134278, 38745, 310130)
(137071, 134278, 38745, 310094)
(137042, 134278, 38745, 310065)
(137041, 134278, 38745, 310064)
(137012, 134278, 38745, 310035)
(136977, 134278, 38745, 310000)
(136962, 134278, 38745, 309985)
(136951, 134278, 38745, 309974)
(136932, 134278, 38745, 309955)
(136909, 134278, 38745, 309932)
(136860, 134278, 38745, 309883)
(136856, 134278, 38745, 309879)
(136841, 134278, 38745, 309864)
(136829, 134278, 38745, 309852)
(136800, 134278, 38745, 309823)
(136778, 134278, 38745, 309801)
(136761, 134278, 38745, 309784)
(136745, 134278, 38745, 309768)
(136722, 134278, 38745, 309745)
(136702, 134278, 38745, 309725)
(136674, 134278, 38745, 309697)
(136639, 134278, 38745, 309662)
(136619, 134278, 38745, 309642)
(136604, 134278, 38745, 309627)
(136597, 134278, 38745, 309620)
(136580, 134278, 38745, 309603)
(136566, 134278, 38745, 309589)
(136565, 134278, 38745, 309588)
(136531, 134278, 38745, 309554)
(136508, 134278, 38745, 309531)
(136488, 134278, 38745, 309511)
(136465, 134278, 38745, 309488)
(136438, 134278, 38745, 309461)
(136430, 134278, 38745, 309453)
(136411, 134278, 38745, 309434)
(136394, 134278, 38745, 309417)
(136386, 134278, 38745, 309409)
(136356, 134278, 38745, 309379)
(136335, 134278, 38745, 309358)
(136318, 134278, 38745, 309341)
(136286, 134278, 38745, 309309)
(136257, 134278, 38745, 309280)
(136223, 134278, 38745, 309246)
(136202, 134278, 38745, 309225)
(136172, 134278, 38745, 309195)
(136141, 134278, 38745, 309164)
(136120, 134278, 38745, 309143)
(136089, 134278, 38745, 309112)
(136066, 134278, 38745, 309089)
(136041, 134278, 38745, 309064)
(136017, 134278, 38745, 309040)
(136002, 134278, 38745, 309025)
(135982, 134278, 38745, 309005)
(135952, 134278, 38745, 308975)
(135923, 134278, 38745, 308946)
(135906, 134278, 38745, 308929)
(135883, 134278, 38745, 308906)
(135862, 134278, 38745, 308885)
(135848, 134278, 38745, 308871)
(135820, 134278, 38745, 308843)
(135796, 134278, 38745, 308819)
(135760, 134278, 38745, 308783)
(135731, 134278, 38745, 308754)
(135707, 134278, 38745, 308730)
(135671, 134278, 38745, 308694)
(135655, 134278, 38745, 308678)
(135624, 134278, 38745, 308647)
(135607, 134278, 38745, 308630)
(135588, 134278, 38745, 308611)
(135573, 134278, 38745, 308596)
(135552, 134278, 38745, 308575)
(135534, 134278, 38745, 308557)
(135514, 134278, 38745, 308537)
(135488, 134278, 38745, 308511)
(135461, 134278, 38745, 308484)
(135437, 134278, 38745, 308460)
(135403, 134278, 38745, 308426)
(135376, 134278, 38745, 308399)
(135330, 134278, 38745, 308353)
(135292, 134278, 38745, 308315)
(135269, 134278, 38745, 308292)
(135233, 134278, 38745, 308256)
(135230, 134278, 38745, 308253)
(135196, 134278, 38745, 308219)
(135179, 134278, 38745, 308202)
(135157, 134278, 38745, 308180)
(135130, 134278, 38745, 308153)
(135100, 134278, 38745, 308123)
(135082, 134278, 38745, 308105)
(135060, 134278, 38745, 308083)
(135035, 134278, 38745, 308058)
(135011, 134278, 38745, 308034)
(134981, 134278, 38745, 308004)
(134942, 134278, 38745, 307965)
(134925, 134278, 38745, 307948)
(134895, 134278, 38745, 307918)
(134869, 134278, 38745, 307892)
(134840, 134278, 38745, 307863)
(134819, 134278, 38745, 307842)
(134785, 134278, 38745, 307808)
(134752, 134278, 38745, 307775)
(134743, 134278, 38745, 307766)
(134703, 134278, 38745, 307726)
(134678, 134278, 38745, 307701)
(134651, 134278, 38745, 307674)
(134630, 134278, 38745, 307653)
(134604, 134278, 38745, 307627)
(134596, 134278, 38745, 307619)
(134557, 134278, 38745, 307580)
(134522, 134278, 38745, 307545)
(134488, 134278, 38745, 307511)
(134462, 134278, 38745, 307485)
(134459, 134278, 38745, 307482)
(134436, 134278, 38745, 307459)
(134411, 134278, 38745, 307434)
(134392, 134278, 38745, 307415)
(134347, 134278, 38745, 307370)
(134329, 134278, 38745, 307352)
(134305, 134278, 38745, 307328)
(134279, 134278, 38745, 307302)
(134253, 134278, 38745, 307276)
(134228, 134278, 38745, 307251)
(134220, 134278, 38745, 307243)
(134197, 134278, 38745, 307220)
(134183, 134278, 38745, 307206)
(134146, 134278, 38745, 307169)
(134119, 134278, 38745, 307142)
(134098, 134278, 38745, 307121)
(134061, 134278, 38745, 307084)
(134030, 134278, 38745, 307053)
(134014, 134278, 38745, 307037)
(133976, 134278, 38745, 306999)
(133963, 134278, 38745, 306986)
(133939, 134278, 38745, 306962)
(133925, 134278, 38745, 306948)
(133898, 134278, 38745, 306921)
(133880, 134278, 38745, 306903)
(133831, 134278, 38745, 306854)
(133786, 134278, 38745, 306809)
(133746, 134278, 38745, 306769)
(133720, 134278, 38745, 306743)
(133704, 134278, 38745, 306727)
(133676, 134278, 38745, 306699)
(133643, 134278, 38745, 306666)
(133616, 134278, 38745, 306639)
(133610, 134278, 38745, 306633)
(133584, 134278, 38745, 306607)
(133553, 134278, 38745, 306576)
(133549, 134278, 38745, 306572)
(133517, 134278, 38745, 306540)
(133485, 134278, 38745, 306508)
(133458, 134278, 38745, 306481)
(133444, 134278, 38745, 306467)
(133413, 134278, 38745, 306436)
(133393, 134278, 38745, 306416)
(133366, 134278, 38745, 306389)
(133341, 134278, 38745, 306364)
(133309, 134278, 38745, 306332)
(133284, 134278, 38745, 306307)
(133272, 134278, 38745, 306295)
(133263, 134278, 38745, 306286)
(133244, 134278, 38745, 306267)
(133241, 134278, 38745, 306264)
(133223, 134278, 38745, 306246)
(133201, 134278, 38745, 306224)
(133184, 134278, 38745, 306207)
(133166, 134278, 38745, 306189)
(133137, 134278, 38745, 306160)
(133109, 134278, 38745, 306132)
(133098, 134278, 38745, 306121)
(133088, 134278, 38745, 306111)
(133069, 134278, 38745, 306092)
(133050, 134278, 38745, 306073)
(133025, 134278, 38745, 306048)
(133003, 134278, 38745, 306026)
(132986, 134278, 38745, 306009)
(132977, 134278, 38745, 306000)
(132958, 134278, 38745, 305981)
(132936, 134278, 38745, 305959)
(132911, 134278, 38745, 305934)
(132898, 134278, 38745, 305921)
(132866, 134278, 38745, 305889)
(132839, 134278, 38745, 305862)
(132809, 134278, 38745, 305832)
(132773, 134278, 38745, 305796)
(132768, 134278, 38745, 305791)
(132734, 134278, 38745, 305757)
(132696, 134278, 38745, 305719)
(132669, 134278, 38745, 305692)
(132654, 134278, 38745, 305677)
(132635, 134278, 38745, 305658)
(132594, 134278, 38745, 305617)
(132574, 134278, 38745, 305597)
(132562, 134278, 38745, 305585)
(132535, 134278, 38745, 305558)
(132523, 134278, 38745, 305546)
(132510, 134278, 38745, 305533)
(132509, 134278, 38745, 305532)
(132498, 134278, 38745, 305521)
(132485, 134278, 38745, 305508)
(132469, 134278, 38745, 305492)
(132449, 134278, 38745, 305472)
(132422, 134278, 38745, 305445)
(132413, 134278, 38745, 305436)
(132400, 134278, 38745, 305423)
(132369, 134278, 38745, 305392)
(132353, 134278, 38745, 305376)
(132312, 134278, 38745, 305335)
(132296, 134278, 38745, 305319)
(132265, 134278, 38745, 305288)
(132256, 134278, 38745, 305279)
(132230, 134278, 38745, 305253)
(132200, 134278, 38745, 305223)
(132177, 134278, 38745, 305200)
(132144, 134278, 38745, 305167)
(132127, 134278, 38745, 305150)
(132092, 134278, 38745, 305115)
(132044, 134278, 38745, 305067)
(132027, 134278, 38745, 305050)
(132015, 134278, 38745, 305038)
(131982, 134278, 38745, 305005)
(131962, 134278, 38745, 304985)
(131953, 134278, 38745, 304976)
(131928, 134278, 38745, 304951)
(131910, 134278, 38745, 304933)
(131866, 134278, 38745, 304889)
(131845, 134278, 38745, 304868)
(131820, 134278, 38745, 304843)
(131795, 134278, 38745, 304818)
(131769, 134278, 38745, 304792)
(131744, 134278, 38745, 304767)
(131734, 134278, 38745, 304757)
(131722, 134278, 38745, 304745)
(131697, 134278, 38745, 304720)
(131672, 134278, 38745, 304695)
(131642, 134278, 38745, 304665)
(131635, 134278, 38745, 304658)
(131614, 134278, 38745, 304637)
(131591, 134278, 38745, 304614)
(131576, 134278, 38745, 304599)
(131540, 134278, 38745, 304563)
(131509, 134278, 38745, 304532)
(131483, 134278, 38745, 304506)
(131449, 134278, 38745, 304472)
(131424, 134278, 38745, 304447)
(131389, 134278, 38745, 304412)
(131358, 134278, 38745, 304381)
(131323, 134278, 38745, 304346)
(131302, 134278, 38745, 304325)
(131286, 134278, 38745, 304309)
(131278, 134278, 38745, 304301)
(131248, 134278, 38745, 304271)
(131220, 134278, 38745, 304243)
(131201, 134278, 38745, 304224)
(131171, 134278, 38745, 304194)
(131139, 134278, 38745, 304162)
(131113, 134278, 38745, 304136)
(131092, 134278, 38745, 304115)
(131075, 134278, 38745, 304098)
(131067, 134278, 38745, 304090)
(131017, 134278, 38745, 304040)
(130985, 134278, 38745, 304008)
(130962, 134278, 38745, 303985)
(130940, 134278, 38745, 303963)
