(141734, 143266, 37055, 322055)
(141691, 143266, 37055, 322012)
(141670, 143266, 37055, 321991)
(141657, 143266, 37055, 321978)
(141628, 143266, 37055, 321949)
(141588, 143266, 37055, 321909)
(141549, 143266, 37055, 321870)
(141544, 143266, 37055, 321865)
(141524, 143266, 37055, 321845)
(141497, 143266, 37055, 321818)
(141461, 143266, 37055, 321782)
(141445, 143266, 37055, 321766)
(141427, 143266, 37055, 321748)
(141392, 143266, 37055, 321713)
(141343, 143266, 37055, 321664)
(141306, 143266, 37055, 321627)
(141301, 143266, 37055, 321622)
(141290, 143266, 37055, 321611)
(141265, 143266, 37055, 321586)
(141251, 143266, 37055, 321572)
(141220, 143266, 37055, 321541)
(141189, 143266, 37055, 321510)
(141164, 143266, 37055, 321485)
(141121, 143266, 37055, 321442)
(141099, 143266, 37055, 321420)
(141077, 143266, 37055, 321398)
(141053, 143266, 37055, 321374)
(141026, 143266, 37055, 321347)
(140990, 143266, 37055, 321311)
(140972, 143266, 37055, 321293)
(140955, 143266, 37055, 321276)
(140926, 143266, 37055, 321247)
(140890, 143266, 37055, 321211)
(140867, 143266, 37055, 321188)
(140835, 143266, 37055, 321156)
(140822, 143266, 37055, 321143)
(140795, 143266, 37055, 321116)
(140762, 143266, 37055, 321083)
(140732, 143266, 37055, 321053)
(140708, 143266, 37055, 321029)
(140681, 143266, 37055, 321002)
(140655, 143266, 37055, 320976)
(140633, 143266, 37055, 320954)
(140609, 143266, 37055, 320930)
(140592, 143266, 37055, 320913)
(140580, 143266, 37055, 320901)
(140545, 143266, 37055, 320866)
(140511, 143266, 37055, 320832)
(140498, 143266, 37055, 320819)
(140472, 143266, 37055, 320793)
(140451, 143266, 37055, 320772)
(140419, 143266, 37055, 320740)
(140413, 143266, 37055, 320734)
(140389, 143266, 37055, 320710)
(140365, 143266, 37055, 320686)
(140345, 143266, 37055, 320666)
(140303, 143266, 37055, 320624)
(140265, 143266, 37055, 320586)
(140230, 143266, 37055, 320551)
(140195, 143266, 37055, 320516)
(140164, 143266, 37055, 320485)
(140141, 143266, 37055, 320462)
(140113, 143266, 37055, 320434)
(140081, 143266, 37055, 320402)
(140071, 143266, 37055, 320392)
(140059, 143266, 37055, 320380)
(140030, 143266, 37055, 320351)
(140002, 143266, 37055, 320323)
(139991, 143266, 37055, 320312)
(139981, 143266, 37055, 320302)
(139955, 143266, 37055, 320276)
(139927, 143266, 37055, 320248)
(139910, 143266, 37055, 320231)
(139872, 143266, 37055, 320193)
(139852, 143266, 37055, 320173)
(139820, 143266, 37055, 320141)
(139791, 143266, 37055, 320112)
(139771, 143266, 37055, 320092)
(139741, 143266, 37055, 320062)
(139717, 143266, 37055, 320038)
(139698, 143266, 37055, 320019)
(139669, 143266, 37055, 319990)
(139663, 143266, 37055, 319984)
(139634, 143266, 37055, 319955)
(139599, 143266, 37055, 319920)
(139561, 143266, 37055, 319882)
(139541, 143266, 37055, 319862)
(139529, 143266, 37055, 319850)
(139491, 143266, 37055, 319812)
(139459, 143266, 37055, 319780)
(139438, 143266, 37055, 319759)
(139435, 143266, 37055, 319756)
(139407, 143266, 37055, 319728)
(139389, 143266, 37055, 319710)
(139357, 143266, 37055, 319678)
(139335, 143266, 37055, 319656)
(139333, 143266, 37055, 319654)
(139315, 143266, 37055, 319636)
(139297, 143266, 37055, 319618)
(139285, 143266, 37055, 319606)
(139255, 143266, 37055, 319576)
(139248, 143266, 37055, 319569)
(139225, 143266, 37055, 319546)
(139217, 143266, 37055, 319538)
(139192, 143266, 37055, 319513)
(139156, 143266, 37055, 319477)
(139122, 143266, 37055, 319443)
(139088, 143266, 37055, 319409)
(139062, 143266, 37055, 319383)
(139032, 143266, 37055, 319353)
(138998, 143266, 37055, 319319)
(138991, 143266, 37055, 319312)
(138956, 143266, 37055, 319277)
(138941, 143266, 37055, 319262)
(138908, 143266, 37055, 319229)
(138875, 143266, 37055, 319196)
(138844, 143266, 37055, 319165)
(138820, 143266, 37055, 319141)
(138786, 143266, 37055, 319107)
(138758, 143266, 37055, 319079)
(138716, 143266, 37055, 319037)
(138676, 143266, 37055, 318997)
(138670, 143266, 37055, 318991)
(138647, 143266, 37055, 318968)
(138622, 143266, 37055, 318943)
(138588, 143266, 37055, 318909)
(138575, 143266, 37055, 318896)
(138537, 143266, 37055, 318858)
(138522, 143266, 37055, 318843)
(138497, 143266, 37055, 318818)
(138491, 143266, 37055, 318812)
(138476, 143266, 37055, 318797)
(138447, 143266, 37055, 318768)
(138422, 143266, 37055, 318743)
(138406, 143266, 37055, 318727)
(138397, 143266, 37055, 318718)
(138377, 143266, 37055, 318698)
(138354, 143266, 37055, 318675)
(138336, 143266, 37055, 318657)
(138310, 143266, 37055, 318631)
(138289, 143266, 37055, 318610)
(138268, 143266, 37055, 318589)
(138241, 143266, 37055, 318562)
(138233, 143266, 37055, 318554)
(138192, 143266, 37055, 318513)
(138169, 143266, 37055, 318490)
(138138, 143266, 37055, 318459)
(138095, 143266, 37055, 318416)
(138078, 143266, 37055, 318399)
(138048, 143266, 37055, 318369)
(138016, 143266, 37055, 318337)
(137995, 143266, 37055, 318316)
(137961, 143266, 37055, 318282)
(137960, 143266, 37055, 318281)
(137939, 143266, 37055, 318260)
(137921, 143266, 37055, 318242)
(137899, 143266, 37055, 318220)
(137873, 143266, 37055, 318194)
(137851, 143266, 37055, 318172)
(137824, 143266, 37055, 318145)
(137818, 143266, 37055, 318139)
(137799, 143266, 37055, 318120)
(137782, 143266, 37055, 318103)
(137753, 143266, 37055, 318074)
(137736, 143266, 37055, 318057)
(137717, 143266, 37055, 318038)
(137712, 143266, 37055, 318033)
(137704, 143266, 37055, 318025)
(137677, 143266, 37055, 317998)
(137658, 143266, 37055, 317979)
(137648, 143266, 37055, 317969)
(137611, 143266, 37055, 317932)
(137576, 143266, 37055, 317897)
(137548, 143266, 37055, 317869)
(137503, 143266, 37055, 317824)
(137453, 143266, 37055, 317774)
(137428, 143266, 37055, 317749)
(137407, 143266, 37055, 317728)
(137369, 143266, 37055, 317690)
(137346, 143266, 37055, 317667)
(137322, 143266, 37055, 317643)
(137296, 143266, 37055, 317617)
(137257, 143266, 37055, 317578)
(137229, 143266, 37055, 317550)
(137219, 143266, 37055, 317540)
(137198, 143266, 37055, 317519)
(137173, 143266, 37055, 317494)
(137155, 143266, 37055, 317476)
(137143, 143266, 37055, 317464)
(137136, 143266, 37055, 317457)
(137120, 143266, 37055, 317441)
(137094, 143266, 37055, 317415)
(137076, 143266, 37055, 317397)
(137033, 143266, 37055, 317354)
(137026, 143266, 37055, 317347)
(137007, 143266, 37055, 317328)
(136982, 143266, 37055, 317303)
(136958, 143266, 37055, 317279)
(136930, 143266, 37055, 317251)
(136901, 143266, 37055, 317222)
(136875, 143266, 37055, 317196)
(136839, 143266, 37055, 317160)
(136811, 143266, 37055, 317132)
(136789, 143266, 37055, 317110)
(136752, 143266, 37055, 317073)
(136729, 143266, 37055, 317050)
(136710, 143266, 37055, 317031)
(136674, 143266, 37055, 316995)
(136648, 143266, 37055, 316969)
(136617, 143266, 37055, 316938)
(136573, 143266, 37055, 316894)
(136524, 143266, 37055, 316845)
(136486, 143266, 37055, 316807)
(136472, 143266, 37055, 316793)
(136443, 143266, 37055, 316764)
(136402, 143266, 37055, 316723)
(136391, 143266, 37055, 316712)
(136375, 143266, 37055, 316696)
(136350, 143266, 37055, 316671)
(136317, 143266, 37055, 316638)
(136299, 143266, 37055, 316620)
(136278, 143266, 37055, 316599)
(136252, 143266, 37055, 316573)
(136233, 143266, 37055, 316554)
(136224, 143266, 37055, 316545)
(136212, 143266, 37055, 316533)
(136210, 143266, 37055, 316531)
(136207, 143266, 37055, 316528)
(136181, 143266, 37055, 316502)
(136140, 143266, 37055, 316461)
(136119, 143266, 37055, 316440)
(136082, 143266, 37055, 316403)
(136047, 143266, 37055, 316368)
(136004, 143266, 37055, 316325)
(136002, 143266, 37055, 316323)
(135993, 143266, 37055, 316314)
(135978, 143266, 37055, 316299)
(135946, 143266, 37055, 316267)
(135912, 143266, 37055, 316233)
(135896, 143266, 37055, 316217)
(135877, 143266, 37055, 316198)
(135857, 143266, 37055, 316178)
(135823, 143266, 37055, 316144)
(135794, 143266, 37055, 316115)
(135775, 143266, 37055, 316096)
(135772, 143266, 37055, 316093)
(135766, 143266, 37055, 316087)
(135757, 143266, 37055, 316078)
(135738, 143266, 37055, 316059)
(135732, 143266, 37055, 316053)
(135706, 143266, 37055, 316027)
(135681, 143266, 37055, 316002)
(135660, 143266, 37055, 315981)
(135631, 143266, 37055, 315952)
(135599, 143266, 37055, 315920)
(135584, 143266, 37055, 315905)
(135571, 143266, 37055, 315892)
(135527, 143266, 37055, 315848)
(135526, 143266, 37055, 315847)
(135514, 143266, 37055, 315835)
(135492, 143266, 37055, 315813)
(135467, 143266, 37055, 315788)
(135456, 143266, 37055, 315777)
(135413, 143266, 37055, 315734)
(135390, 143266, 37055, 315711)
(135381, 143266, 37055, 315702)
(135334, 143266, 37055, 315655)
(135305, 143266, 37055, 315626)
(135287, 143266, 37055, 315608)
(135259, 143266, 37055, 315580)
(135221, 143266, 37055, 315542)
(135199, 143266, 37055, 315520)
(135177, 143266, 37055, 315498)
(135157, 143266, 37055, 315478)
(135142, 143266, 37055, 315463)
(135102, 143266, 37055, 315423)
(135076, 143266, 37055, 315397)
(135059, 143266, 37055, 315380)
(135040, 143266, 37055, 315361)
(135022, 143266, 37055, 315343)
(135006, 143266, 37055, 315327)
(134983, 143266, 37055, 315304)
(134950, 143266, 37055, 315271)
(134930, 143266, 37055, 315251)
(134906, 143266, 37055, 315227)
(134887, 143266, 37055, 315208)
(134859, 143266, 37055, 315180)
(134836, 143266, 37055, 315157)
(134806, 143266, 37055, 315127)
(134794, 143266, 37055, 315115)
(134787, 143266, 37055, 315108)
(134768, 143266, 37055, 315089)
(134749, 143266, 37055, 315070)
(134734, 143266, 37055, 315055)
(134705, 143266, 37055, 315026)
(134684, 143266, 37055, 315005)
(134661, 143266, 37055, 314982)
(134657, 143266, 37055, 314978)
(134636, 143266, 37055, 314957)
(134609, 143266, 37055, 314930)
(134576, 143266, 37055, 314897)
(134572, 143266, 37055, 314893)
(134546, 143266, 37055, 314867)
(134513, 143266, 37055, 314834)
(134487, 143266, 37055, 314808)
(134475, 143266, 37055, 314796)
(134450, 143266, 37055, 314771)
(134430, 143266, 37055, 314751)
(134418, 143266, 37055, 314739)
(134407, 143266, 37055, 314728)
(134374, 143266, 37055, 314695)
(134338, 143266, 37055, 314659)
(134302, 143266, 37055, 314623)
(134283, 143266, 37055, 314604)
(134259, 143266, 37055, 314580)
(134228, 143266, 37055, 314549)
(134222, 143266, 37055, 314543)
(134218, 143266, 37055, 314539)
(134211, 143266, 37055, 314532)
(134192, 143266, 37055, 314513)
(134150, 143266, 37055, 314471)
(134127, 143266, 37055, 314448)
(134101, 143266, 37055, 314422)
(134082, 143266, 37055, 314403)
(134056, 143266, 37055, 314377)
(134018, 143266, 37055, 314339)
(134000, 143266, 37055, 314321)
(133974, 143266, 37055, 314295)
(133973, 143266, 37055, 314294)
(133962, 143266, 37055, 314283)
(133958, 143266, 37055, 314279)
(133938, 143266, 37055, 314259)
(133928, 143266, 37055, 314249)
(133895, 143266, 37055, 314216)
(133892, 143266, 37055, 314213)
(133873, 143266, 37055, 314194)
(133832, 143266, 37055, 314153)
(133805, 143266, 37055, 314126)
(133756, 143266, 37055, 314077)
(133738, 143266, 37055, 314059)
(133704, 143266, 37055, 314025)
(133690, 143266, 37055, 314011)
(133660, 143266, 37055, 313981)
(133620, 143266, 37055, 313941)
(133604, 143266, 37055, 313925)
(133579, 143266, 37055, 313900)
(133546, 143266, 37055, 313867)
(133523, 143266, 37055, 313844)
(133502, 143266, 37055, 313823)
(133460, 143266, 37055, 313781)
(133442, 143266, 37055, 313763)
(133417, 143266, 37055, 313738)
(133375, 143266, 37055, 313696)
(133331, 143266, 37055, 313652)
(133304, 143266, 37055, 313625)
(133277, 143266, 37055, 313598)
(133246, 143266, 37055, 313567)
(133224, 143266, 37055, 313545)
(133199, 143266, 37055, 313520)
(133182, 143266, 37055, 313503)
(133150, 143266, 37055, 313471)
(133121, 143266, 37055, 313442)
(133083, 143266, 37055, 313404)
(133061, 143266, 37055, 313382)
(133032, 143266, 37055, 313353)
(133008, 143266, 37055, 313329)
(132983, 143266, 37055, 313304)
(132946, 143266, 37055, 313267)
(132933, 143266, 37055, 313254)
(132925, 143266, 37055, 313246)
(132915, 143266, 37055, 313236)
(132894, 143266, 37055, 313215)
(132871, 143266, 37055, 313192)
(132857, 143266, 37055, 313178)
(132837, 143266, 37055, 313158)
(132805, 143266, 37055, 313126)
(132793, 143266, 37055, 313114)
(132767, 143266, 37055, 313088)
(132730, 143266, 37055, 313051)
(132697, 143266, 37055, 313018)
(132679, 143266, 37055, 313000)
(132642, 143266, 37055, 312963)
(132617, 143266, 37055, 312938)
(132601, 143266, 37055, 312922)
(132587, 143266, 37055, 312908)
(132555, 143266, 37055, 312876)
(132529, 143266, 37055, 312850)
(132491, 143266, 37055, 312812)
(132465, 143266, 37055, 312786)
(132446, 143266, 37055, 312767)
(132415, 143266, 37055, 312736)
(132391, 143266, 37055, 312712)
(132366, 143266, 37055, 312687)
(132333, 143266, 37055, 312654)
(132301, 143266, 37055, 312622)
(132281, 143266, 37055, 312602)
(132265, 143266, 37055, 312586)
(132233, 143266, 37055, 312554)
(132221, 143266, 37055, 312542)
(132202, 143266, 37055, 312523)
(132169, 143266, 37055, 312490)
(132148, 143266, 37055, 312469)
(132129, 143266, 37055, 312450)
(132094, 143266, 37055, 312415)
(132060, 143266, 37055, 312381)
(132035, 143266, 37055, 312356)
(132019, 143266, 37055, 312340)
(132002, 143266, 37055, 312323)
(131985, 143266, 37055, 312306)
(131951, 143266, 37055, 312272)
(131934, 143266, 37055, 312255)
(131914, 143266, 37055, 312235)
(131892, 143266, 37055, 312213)
(131871, 143266, 37055, 312192)
(131849, 143266, 37055, 312170)
(131820, 143266, 37055, 312141)
(131813, 143266, 37055, 312134)
(131787, 143266, 37055, 312108)
(131756, 143266, 37055, 312077)
(131741, 143266, 37055, 312062)
(131734, 143266, 37055, 312055)
(131707, 143266, 37055, 312028)
(131692, 143266, 37055, 312013)
(131668, 143266, 37055, 311989)
(131642, 143266, 37055, 311963)
(131620, 143266, 37055, 311941)
(131599, 143266, 37055, 311920)
(131569, 143266, 37055, 311890)
(131550, 143266, 37055, 311871)
(131532, 143266, 37055, 311853)
(131506, 143266, 37055, 311827)
(131480, 143266, 37055, 311801)
(131465, 143266, 37055, 311786)
(131444, 143266, 37055, 311765)
(131425, 143266, 37055, 311746)
(131408, 143266, 37055, 311729)
(131395, 143266, 37055, 311716)
(131371, 143266, 37055, 311692)
(131340, 143266, 37055, 311661)
(131315, 143266, 37055, 311636)
(131281, 143266, 37055, 311602)
(131248, 143266, 37055, 311569)
(131227, 143266, 37055, 311548)
(131204, 143266, 37055, 311525)
(131179, 143266, 37055, 311500)
(131167, 143266, 37055, 311488)
(131153, 143266, 37055, 311474)
(131125, 143266, 37055, 311446)
(131113, 143266, 37055, 311434)
(131082, 143266, 37055, 311403)
(131062, 143266, 37055, 311383)
(131038, 143266, 37055, 311359)
(131017, 143266, 37055, 311338)
(130982, 143266, 37055, 311303)
(130964, 143266, 37055, 311285)
(130943, 143266, 37055, 311264)
(130923, 143266, 37055, 311244)
(130899, 143266, 37055, 311220)
(130871, 143266, 37055, 311192)
(130843, 143266, 37055, 311164)
(130810, 143266, 37055, 311131)
(130792, 143266, 37055, 311113)
(130788, 143266, 37055, 311109)
(130778, 143266, 37055, 311099)
(130756, 143266, 37055, 311077)
(130741, 143266, 37055, 311062)
(130718, 143266, 37055, 311039)
(130686, 143266, 37055, 311007)
(130674, 143266, 37055, 310995)
(130650, 143266, 37055, 310971)
(130618, 143266, 37055, 310939)
(130614, 143266, 37055, 310935)
(130591, 143266, 37055, 310912)
(130561, 143266, 37055, 310882)
(130530, 143266, 37055, 310851)
(130502, 143266, 37055, 310823)
(130497, 143266, 37055, 310818)
(130472, 143266, 37055, 310793)
(130453, 143266, 37055, 310774)
(130440, 143266, 37055, 310761)
(130402, 143266, 37055, 310723)
(130373, 143266, 37055, 310694)
(130342, 143266, 37055, 310663)
(130323, 143266, 37055, 310644)
(130287, 143266, 37055, 310608)
(130277, 143266, 37055, 310598)
(130262, 143266, 37055, 310583)
(130219, 143266, 37055, 310540)
(130195, 143266, 37055, 310516)
(130152, 143266, 37055, 310473)
(130136, 143266, 37055, 310457)
(130113, 143266, 37055, 310434)
(130097, 143266, 37055, 310418)
(130065, 143266, 37055, 310386)
(130037, 143266, 37055, 310358)
(130028, 143266, 37055, 310349)
(130003, 143266, 37055, 310324)
(129984, 143266, 37055, 310305)
(129951, 143266, 37055, 310272)
(129938, 143266, 37055, 310259)
(129899, 143266, 37055, 310220)
(129885, 143266, 37055, 310206)
(129862, 143266, 37055, 310183)
(129829, 143266, 37055, 310150)
(129821, 143266, 37055, 310142)
(129812, 143266, 37055, 310133)
(129792, 143266, 37055, 310113)
(129768, 143266, 37055, 310089)
(129737, 143266, 37055, 310058)
(129709, 143266, 37055, 310030)
(129658, 143266, 37055, 309979)
(129649, 143266, 37055, 309970)
(129640, 143266, 37055, 309961)
(129583, 143266, 37055, 309904)
(129541, 143266, 37055, 309862)
(129510, 143266, 37055, 309831)
(129478, 143266, 37055, 309799)
(129457, 143266, 37055, 309778)
(129439, 143266, 37055, 309760)
(129414, 143266, 37055, 309735)
(129386, 143266, 37055, 309707)
(129352, 143266, 37055, 309673)
(129317, 143266, 37055, 309638)
(129279, 143266, 37055, 309600)
(129255, 143266, 37055, 309576)
(129217, 143266, 37055, 309538)
(129185, 143266, 37055, 309506)
(129166, 143266, 37055, 309487)
(129151, 143266, 37055, 309472)
(129137, 143266, 37055, 309458)
(129109, 143266, 37055, 309430)
(129104, 143266, 37055, 309425)
(129085, 143266, 37055, 309406)
(129062, 143266, 37055, 309383)
(129035, 143266, 37055, 309356)
(129019, 143266, 37055, 309340)
(128988, 143266, 37055, 309309)
(128977, 143266, 37055, 309298)
(128951, 143266, 37055, 309272)
(128925, 143266, 37055, 309246)
(128896, 143266, 37055, 309217)
(128852, 143266, 37055, 309173)
(128829, 143266, 37055, 309150)
(128799, 143266, 37055, 309120)
(128773, 143266, 37055, 309094)
(128745, 143266, 37055, 309066)
(128712, 143266, 37055, 309033)
(128685, 143266, 37055, 309006)
(128659, 143266, 37055, 308980)
(128645, 143266, 37055, 308966)
(128619, 143266, 37055, 308940)
(128599, 143266, 37055, 308920)
(128595, 143266, 37055, 308916)
(128584, 143266, 37055, 308905)
(128566, 143266, 37055, 308887)
(128541, 143266, 37055, 308862)
(128516, 143266, 37055, 308837)
(128476, 143266, 37055, 308797)
(128455, 143266, 37055, 308776)
(128439, 143266, 37055, 308760)
(128411, 143266, 37055, 308732)
(128378, 143266, 37055, 308699)
(128363, 143266, 37055, 308684)
(128347, 143266, 37055, 308668)
(128325, 143266, 37055, 308646)
(128294, 143266, 37055, 308615)
(128261, 143266, 37055, 308582)
(128223, 143266, 37055, 308544)
(128194, 143266, 37055, 308515)
(128179, 143266, 37055, 308500)
(128159, 143266, 37055, 308480)
(128114, 143266, 37055, 308435)
(128076, 143266, 37055, 308397)
(128049, 143266, 37055, 308370)
(128023, 143266, 37055, 308344)
(127989, 143266, 37055, 308310)
(127975, 143266, 37055, 308296)
(127966, 143266, 37055, 308287)
(127964, 143266, 37055, 308285)
(127939, 143266, 37055, 308260)
