(128436, 139818, 39851, 308105)
(119815, 145868, 39851, 305534)
(112138, 151204, 39851, 303193)
(111230, 151204, 39851, 302285)
(108964, 152744, 39851, 301559)
(101095, 160038, 39851, 300984)
(101799, 157847, 39851, 299497)
(98828, 160433, 39851, 299112)
(94546, 164179, 39851, 298576)
(94771, 163345, 39851, 297967)
(261954, 34752, 22161, 318867)
(259196, 36586, 22161, 317943)
(256485, 38134, 22161, 316780)
(252582, 41892, 22161, 316635)
(119084, 149658, 40634, 309376)
(114246, 152380, 40634, 307260)
(106268, 158548, 40634, 305450)
(133376, 138772, 40634, 312782)
