(75334, 74540, 34400, 184274)
(75315, 74540, 34400, 184255)
(75291, 74540, 34400, 184231)
(75280, 74540, 34400, 184220)
(75270, 74540, 34400, 184210)
(75259, 74540, 34400, 184199)
(75248, 74540, 34400, 184188)
(75243, 74540, 34400, 184183)
(75221, 74540, 34400, 184161)
(75218, 74540, 34400, 184158)
(75205, 74540, 34400, 184145)
(75186, 74540, 34400, 184126)
(75169, 74540, 34400, 184109)
(75141, 74540, 34400, 184081)
(75132, 74540, 34400, 184072)
(75108, 74540, 34400, 184048)
(75089, 74540, 34400, 184029)
(75084, 74540, 34400, 184024)
(75072, 74540, 34400, 184012)
(75057, 74540, 34400, 183997)
(75041, 74540, 34400, 183981)
(75030, 74540, 34400, 183970)
(75018, 74540, 34400, 183958)
(74994, 74540, 34400, 183934)
(74975, 74540, 34400, 183915)
(74953, 74540, 34400, 183893)
(74932, 74540, 34400, 183872)
(74914, 74540, 34400, 183854)
(74908, 74540, 34400, 183848)
(74897, 74540, 34400, 183837)
(74880, 74540, 34400, 183820)
(74854, 74540, 34400, 183794)
(74834, 74540, 34400, 183774)
(74812, 74540, 34400, 183752)
(74804, 74540, 34400, 183744)
(74789, 74540, 34400, 183729)
(74778, 74540, 34400, 183718)
(74762, 74540, 34400, 183702)
(74748, 74540, 34400, 183688)
(74741, 74540, 34400, 183681)
(74733, 74540, 34400, 183673)
(74709, 74540, 34400, 183649)
(74697, 74540, 34400, 183637)
(74674, 74540, 34400, 183614)
(74656, 74540, 34400, 183596)
(74637, 74540, 34400, 183577)
(74624, 74540, 34400, 183564)
(74607, 74540, 34400, 183547)
(74591, 74540, 34400, 183531)
(74577, 74540, 34400, 183517)
(74563, 74540, 34400, 183503)
(74553, 74540, 34400, 183493)
(74542, 74540, 34400, 183482)
(74521, 74540, 34400, 183461)
(74503, 74540, 34400, 183443)
(74484, 74540, 34400, 183424)
(74468, 74540, 34400, 183408)
(74458, 74540, 34400, 183398)
(74456, 74540, 34400, 183396)
(74441, 74540, 34400, 183381)
(74431, 74540, 34400, 183371)
(74415, 74540, 34400, 183355)
(74393, 74540, 34400, 183333)
(74376, 74540, 34400, 183316)
(74372, 74540, 34400, 183312)
(74354, 74540, 34400, 183294)
(74340, 74540, 34400, 183280)
(74321, 74540, 34400, 183261)
(74304, 74540, 34400, 183244)
(74292, 74540, 34400, 183232)
(74265, 74540, 34400, 183205)
(74262, 74540, 34400, 183202)
(74241, 74540, 34400, 183181)
(74230, 74540, 34400, 183170)
(74214, 74540, 34400, 183154)
(74195, 74540, 34400, 183135)
(74183, 74540, 34400, 183123)
(74172, 74540, 34400, 183112)
(74163, 74540, 34400, 183103)
(74145, 74540, 34400, 183085)
(74135, 74540, 34400, 183075)
(74119, 74540, 34400, 183059)
(74100, 74540, 34400, 183040)
(74085, 74540, 34400, 183025)
(74074, 74540, 34400, 183014)
(74048, 74540, 34400, 182988)
(74030, 74540, 34400, 182970)
(74016, 74540, 34400, 182956)
(74005, 74540, 34400, 182945)
(73988, 74540, 34400, 182928)
(73969, 74540, 34400, 182909)
(73960, 74540, 34400, 182900)
(73948, 74540, 34400, 182888)
(73937, 74540, 34400, 182877)
(73923, 74540, 34400, 182863)
(73913, 74540, 34400, 182853)
(73907, 74540, 34400, 182847)
(73892, 74540, 34400, 182832)
(73874, 74540, 34400, 182814)
(73870, 74540, 34400, 182810)
(73864, 74540, 34400, 182804)
(73844, 74540, 34400, 182784)
(73824, 74540, 34400, 182764)
(73800, 74540, 34400, 182740)
(73777, 74540, 34400, 182717)
(73758, 74540, 34400, 182698)
(73745, 74540, 34400, 182685)
(73728, 74540, 34400, 182668)
(73715, 74540, 34400, 182655)
(73706, 74540, 34400, 182646)
(73676, 74540, 34400, 182616)
(73659, 74540, 34400, 182599)
(73642, 74540, 34400, 182582)
(73636, 74540, 34400, 182576)
(73624, 74540, 34400, 182564)
(73611, 74540, 34400, 182551)
(73594, 74540, 34400, 182534)
(73581, 74540, 34400, 182521)
(73565, 74540, 34400, 182505)
(73540, 74540, 34400, 182480)
(73525, 74540, 34400, 182465)
(73518, 74540, 34400, 182458)
(73515, 74540, 34400, 182455)
(73495, 74540, 34400, 182435)
(73479, 74540, 34400, 182419)
(73471, 74540, 34400, 182411)
(73460, 74540, 34400, 182400)
(73445, 74540, 34400, 182385)
(73439, 74540, 34400, 182379)
(73420, 74540, 34400, 182360)
(73407, 74540, 34400, 182347)
(73388, 74540, 34400, 182328)
(73372, 74540, 34400, 182312)
(73364, 74540, 34400, 182304)
(73356, 74540, 34400, 182296)
(73335, 74540, 34400, 182275)
(73314, 74540, 34400, 182254)
(73289, 74540, 34400, 182229)
(73277, 74540, 34400, 182217)
(73268, 74540, 34400, 182208)
(73239, 74540, 34400, 182179)
(73217, 74540, 34400, 182157)
(73200, 74540, 34400, 182140)
(73189, 74540, 34400, 182129)
(73171, 74540, 34400, 182111)
(73158, 74540, 34400, 182098)
(73147, 74540, 34400, 182087)
(73132, 74540, 34400, 182072)
(73113, 74540, 34400, 182053)
(73108, 74540, 34400, 182048)
(73088, 74540, 34400, 182028)
(73084, 74540, 34400, 182024)
(73060, 74540, 34400, 182000)
(73040, 74540, 34400, 181980)
(73016, 74540, 34400, 181956)
(73006, 74540, 34400, 181946)
(72985, 74540, 34400, 181925)
(72957, 74540, 34400, 181897)
(72930, 74540, 34400, 181870)
(72900, 74540, 34400, 181840)
(72886, 74540, 34400, 181826)
(72873, 74540, 34400, 181813)
(72859, 74540, 34400, 181799)
(72844, 74540, 34400, 181784)
(72827, 74540, 34400, 181767)
(72817, 74540, 34400, 181757)
(72794, 74540, 34400, 181734)
(72785, 74540, 34400, 181725)
(72768, 74540, 34400, 181708)
(72760, 74540, 34400, 181700)
(72752, 74540, 34400, 181692)
(72727, 74540, 34400, 181667)
(72723, 74540, 34400, 181663)
(72701, 74540, 34400, 181641)
(72679, 74540, 34400, 181619)
(72663, 74540, 34400, 181603)
(72644, 74540, 34400, 181584)
(72620, 74540, 34400, 181560)
(72606, 74540, 34400, 181546)
(72594, 74540, 34400, 181534)
(72585, 74540, 34400, 181525)
(72575, 74540, 34400, 181515)
(72562, 74540, 34400, 181502)
(72545, 74540, 34400, 181485)
(72537, 74540, 34400, 181477)
(72529, 74540, 34400, 181469)
(72509, 74540, 34400, 181449)
(72494, 74540, 34400, 181434)
(72482, 74540, 34400, 181422)
(72457, 74540, 34400, 181397)
(72450, 74540, 34400, 181390)
(72434, 74540, 34400, 181374)
(72428, 74540, 34400, 181368)
(72418, 74540, 34400, 181358)
(72411, 74540, 34400, 181351)
(72389, 74540, 34400, 181329)
(72367, 74540, 34400, 181307)
(72349, 74540, 34400, 181289)
(72337, 74540, 34400, 181277)
(72317, 74540, 34400, 181257)
(72301, 74540, 34400, 181241)
(72300, 74540, 34400, 181240)
(72287, 74540, 34400, 181227)
(72281, 74540, 34400, 181221)
(72276, 74540, 34400, 181216)
(72247, 74540, 34400, 181187)
(72224, 74540, 34400, 181164)
(72204, 74540, 34400, 181144)
(72187, 74540, 34400, 181127)
(72166, 74540, 34400, 181106)
(72150, 74540, 34400, 181090)
(72141, 74540, 34400, 181081)
(72124, 74540, 34400, 181064)
(72115, 74540, 34400, 181055)
(72098, 74540, 34400, 181038)
(72065, 74540, 34400, 181005)
(72039, 74540, 34400, 180979)
(72015, 74540, 34400, 180955)
(71982, 74540, 34400, 180922)
(71948, 74540, 34400, 180888)
(71938, 74540, 34400, 180878)
(71920, 74540, 34400, 180860)
(71911, 74540, 34400, 180851)
(71910, 74540, 34400, 180850)
(71901, 74540, 34400, 180841)
(71888, 74540, 34400, 180828)
(71867, 74540, 34400, 180807)
(71856, 74540, 34400, 180796)
(71838, 74540, 34400, 180778)
(71822, 74540, 34400, 180762)
(71811, 74540, 34400, 180751)
(71789, 74540, 34400, 180729)
(71772, 74540, 34400, 180712)
(71745, 74540, 34400, 180685)
(71725, 74540, 34400, 180665)
(71709, 74540, 34400, 180649)
(71686, 74540, 34400, 180626)
(71677, 74540, 34400, 180617)
(71659, 74540, 34400, 180599)
(71647, 74540, 34400, 180587)
(71643, 74540, 34400, 180583)
(71618, 74540, 34400, 180558)
(71598, 74540, 34400, 180538)
(71591, 74540, 34400, 180531)
(71572, 74540, 34400, 180512)
(71559, 74540, 34400, 180499)
(71540, 74540, 34400, 180480)
(71512, 74540, 34400, 180452)
(71504, 74540, 34400, 180444)
(71494, 74540, 34400, 180434)
(71493, 74540, 34400, 180433)
(71469, 74540, 34400, 180409)
(71455, 74540, 34400, 180395)
(71452, 74540, 34400, 180392)
(71444, 74540, 34400, 180384)
(71425, 74540, 34400, 180365)
(71417, 74540, 34400, 180357)
(71413, 74540, 34400, 180353)
(71390, 74540, 34400, 180330)
(71369, 74540, 34400, 180309)
(71352, 74540, 34400, 180292)
(71346, 74540, 34400, 180286)
(71335, 74540, 34400, 180275)
(71332, 74540, 34400, 180272)
(71307, 74540, 34400, 180247)
(71287, 74540, 34400, 180227)
(71273, 74540, 34400, 180213)
(71266, 74540, 34400, 180206)
(71251, 74540, 34400, 180191)
(71228, 74540, 34400, 180168)
(71217, 74540, 34400, 180157)
(71212, 74540, 34400, 180152)
(71204, 74540, 34400, 180144)
(71186, 74540, 34400, 180126)
(71173, 74540, 34400, 180113)
(71169, 74540, 34400, 180109)
(71162, 74540, 34400, 180102)
(71148, 74540, 34400, 180088)
(71145, 74540, 34400, 180085)
(71134, 74540, 34400, 180074)
(71128, 74540, 34400, 180068)
(71119, 74540, 34400, 180059)
(71099, 74540, 34400, 180039)
(71086, 74540, 34400, 180026)
(71066, 74540, 34400, 180006)
(71050, 74540, 34400, 179990)
(71044, 74540, 34400, 179984)
(71041, 74540, 34400, 179981)
(71035, 74540, 34400, 179975)
(71008, 74540, 34400, 179948)
(70986, 74540, 34400, 179926)
(70958, 74540, 34400, 179898)
(70949, 74540, 34400, 179889)
(70930, 74540, 34400, 179870)
(70920, 74540, 34400, 179860)
(70901, 74540, 34400, 179841)
(70888, 74540, 34400, 179828)
(70878, 74540, 34400, 179818)
(70869, 74540, 34400, 179809)
(70852, 74540, 34400, 179792)
(70834, 74540, 34400, 179774)
(70808, 74540, 34400, 179748)
(70794, 74540, 34400, 179734)
(70781, 74540, 34400, 179721)
(70778, 74540, 34400, 179718)
(70769, 74540, 34400, 179709)
(70762, 74540, 34400, 179702)
(70759, 74540, 34400, 179699)
(70742, 74540, 34400, 179682)
(70725, 74540, 34400, 179665)
(70702, 74540, 34400, 179642)
(70682, 74540, 34400, 179622)
(70676, 74540, 34400, 179616)
(70663, 74540, 34400, 179603)
(70652, 74540, 34400, 179592)
(70639, 74540, 34400, 179579)
(70626, 74540, 34400, 179566)
(70623, 74540, 34400, 179563)
(70611, 74540, 34400, 179551)
(70596, 74540, 34400, 179536)
(70583, 74540, 34400, 179523)
(70571, 74540, 34400, 179511)
(70561, 74540, 34400, 179501)
(70538, 74540, 34400, 179478)
(70528, 74540, 34400, 179468)
(70521, 74540, 34400, 179461)
(70498, 74540, 34400, 179438)
(70477, 74540, 34400, 179417)
(70460, 74540, 34400, 179400)
(70438, 74540, 34400, 179378)
(70424, 74540, 34400, 179364)
(70404, 74540, 34400, 179344)
(70381, 74540, 34400, 179321)
(70362, 74540, 34400, 179302)
(70360, 74540, 34400, 179300)
(70344, 74540, 34400, 179284)
(70324, 74540, 34400, 179264)
(70307, 74540, 34400, 179247)
(70298, 74540, 34400, 179238)
(70280, 74540, 34400, 179220)
(70272, 74540, 34400, 179212)
(70264, 74540, 34400, 179204)
(70257, 74540, 34400, 179197)
(70240, 74540, 34400, 179180)
(70220, 74540, 34400, 179160)
(70200, 74540, 34400, 179140)
(70192, 74540, 34400, 179132)
(70175, 74540, 34400, 179115)
(70163, 74540, 34400, 179103)
(70149, 74540, 34400, 179089)
(70125, 74540, 34400, 179065)
(70118, 74540, 34400, 179058)
(70117, 74540, 34400, 179057)
(70093, 74540, 34400, 179033)
(70076, 74540, 34400, 179016)
(70060, 74540, 34400, 179000)
(70039, 74540, 34400, 178979)
(70021, 74540, 34400, 178961)
(70007, 74540, 34400, 178947)
(69996, 74540, 34400, 178936)
(69986, 74540, 34400, 178926)
(69974, 74540, 34400, 178914)
(69962, 74540, 34400, 178902)
(69941, 74540, 34400, 178881)
(69929, 74540, 34400, 178869)
(69916, 74540, 34400, 178856)
(69894, 74540, 34400, 178834)
(69877, 74540, 34400, 178817)
(69862, 74540, 34400, 178802)
(69847, 74540, 34400, 178787)
(69835, 74540, 34400, 178775)
(69821, 74540, 34400, 178761)
(69795, 74540, 34400, 178735)
(69777, 74540, 34400, 178717)
(69768, 74540, 34400, 178708)
(69757, 74540, 34400, 178697)
(69756, 74540, 34400, 178696)
(69738, 74540, 34400, 178678)
(69728, 74540, 34400, 178668)
(69720, 74540, 34400, 178660)
(69707, 74540, 34400, 178647)
(69703, 74540, 34400, 178643)
(69681, 74540, 34400, 178621)
(69658, 74540, 34400, 178598)
(69637, 74540, 34400, 178577)
(69616, 74540, 34400, 178556)
(69596, 74540, 34400, 178536)
(69581, 74540, 34400, 178521)
(69567, 74540, 34400, 178507)
(69553, 74540, 34400, 178493)
(69527, 74540, 34400, 178467)
(69514, 74540, 34400, 178454)
(69506, 74540, 34400, 178446)
(69497, 74540, 34400, 178437)
(69489, 74540, 34400, 178429)
(69476, 74540, 34400, 178416)
(69469, 74540, 34400, 178409)
(69451, 74540, 34400, 178391)
(69444, 74540, 34400, 178384)
(69433, 74540, 34400, 178373)
(69415, 74540, 34400, 178355)
(69399, 74540, 34400, 178339)
(69388, 74540, 34400, 178328)
(69367, 74540, 34400, 178307)
(69350, 74540, 34400, 178290)
(69327, 74540, 34400, 178267)
(69311, 74540, 34400, 178251)
(69307, 74540, 34400, 178247)
(69289, 74540, 34400, 178229)
(69276, 74540, 34400, 178216)
(69259, 74540, 34400, 178199)
(69248, 74540, 34400, 178188)
(69225, 74540, 34400, 178165)
(69200, 74540, 34400, 178140)
(69184, 74540, 34400, 178124)
(69178, 74540, 34400, 178118)
(69169, 74540, 34400, 178109)
(69144, 74540, 34400, 178084)
(69141, 74540, 34400, 178081)
(69118, 74540, 34400, 178058)
(69102, 74540, 34400, 178042)
(69086, 74540, 34400, 178026)
(69064, 74540, 34400, 178004)
(69045, 74540, 34400, 177985)
(69034, 74540, 34400, 177974)
(69017, 74540, 34400, 177957)
(68993, 74540, 34400, 177933)
(68964, 74540, 34400, 177904)
(68959, 74540, 34400, 177899)
(68950, 74540, 34400, 177890)
(68943, 74540, 34400, 177883)
(68939, 74540, 34400, 177879)
(68931, 74540, 34400, 177871)
(68920, 74540, 34400, 177860)
(68880, 74540, 34400, 177820)
(68869, 74540, 34400, 177809)
(68868, 74540, 34400, 177808)
(68856, 74540, 34400, 177796)
(68848, 74540, 34400, 177788)
(68826, 74540, 34400, 177766)
(68820, 74540, 34400, 177760)
(68799, 74540, 34400, 177739)
(68777, 74540, 34400, 177717)
(68767, 74540, 34400, 177707)
(68752, 74540, 34400, 177692)
(68734, 74540, 34400, 177674)
(68724, 74540, 34400, 177664)
(68707, 74540, 34400, 177647)
(68692, 74540, 34400, 177632)
(68684, 74540, 34400, 177624)
(68663, 74540, 34400, 177603)
(68642, 74540, 34400, 177582)
(68624, 74540, 34400, 177564)
(68601, 74540, 34400, 177541)
(68591, 74540, 34400, 177531)
(68578, 74540, 34400, 177518)
(68572, 74540, 34400, 177512)
(68554, 74540, 34400, 177494)
(68547, 74540, 34400, 177487)
(68537, 74540, 34400, 177477)
(68512, 74540, 34400, 177452)
(68488, 74540, 34400, 177428)
(68482, 74540, 34400, 177422)
(68471, 74540, 34400, 177411)
(68457, 74540, 34400, 177397)
(68436, 74540, 34400, 177376)
(68428, 74540, 34400, 177368)
(68421, 74540, 34400, 177361)
(68410, 74540, 34400, 177350)
(68392, 74540, 34400, 177332)
(68379, 74540, 34400, 177319)
(68358, 74540, 34400, 177298)
(68356, 74540, 34400, 177296)
(68345, 74540, 34400, 177285)
(68321, 74540, 34400, 177261)
(68304, 74540, 34400, 177244)
(68303, 74540, 34400, 177243)
(68284, 74540, 34400, 177224)
(68278, 74540, 34400, 177218)
(68269, 74540, 34400, 177209)
(68255, 74540, 34400, 177195)
(68247, 74540, 34400, 177187)
(68219, 74540, 34400, 177159)
(68206, 74540, 34400, 177146)
(68180, 74540, 34400, 177120)
(68166, 74540, 34400, 177106)
(68156, 74540, 34400, 177096)
(68139, 74540, 34400, 177079)
(68124, 74540, 34400, 177064)
(68113, 74540, 34400, 177053)
(68104, 74540, 34400, 177044)
(68091, 74540, 34400, 177031)
(68079, 74540, 34400, 177019)
(68068, 74540, 34400, 177008)
(68061, 74540, 34400, 177001)
(68044, 74540, 34400, 176984)
(68041, 74540, 34400, 176981)
(68028, 74540, 34400, 176968)
(68012, 74540, 34400, 176952)
(68005, 74540, 34400, 176945)
(67997, 74540, 34400, 176937)
(67976, 74540, 34400, 176916)
(67966, 74540, 34400, 176906)
(67948, 74540, 34400, 176888)
(67933, 74540, 34400, 176873)
(67910, 74540, 34400, 176850)
(67895, 74540, 34400, 176835)
(67870, 74540, 34400, 176810)
(67861, 74540, 34400, 176801)
(67842, 74540, 34400, 176782)
(67831, 74540, 34400, 176771)
(67820, 74540, 34400, 176760)
(67804, 74540, 34400, 176744)
(67787, 74540, 34400, 176727)
(67784, 74540, 34400, 176724)
(67776, 74540, 34400, 176716)
(67757, 74540, 34400, 176697)
(67742, 74540, 34400, 176682)
(67732, 74540, 34400, 176672)
(67728, 74540, 34400, 176668)
(67706, 74540, 34400, 176646)
(67680, 74540, 34400, 176620)
(67662, 74540, 34400, 176602)
(67637, 74540, 34400, 176577)
(67616, 74540, 34400, 176556)
(67601, 74540, 34400, 176541)
(67581, 74540, 34400, 176521)
(67563, 74540, 34400, 176503)
(67553, 74540, 34400, 176493)
(67545, 74540, 34400, 176485)
(67532, 74540, 34400, 176472)
(67503, 74540, 34400, 176443)
(67492, 74540, 34400, 176432)
(67467, 74540, 34400, 176407)
(67457, 74540, 34400, 176397)
(67453, 74540, 34400, 176393)
(67438, 74540, 34400, 176378)
(67417, 74540, 34400, 176357)
(67410, 74540, 34400, 176350)
(67395, 74540, 34400, 176335)
(67369, 74540, 34400, 176309)
(67355, 74540, 34400, 176295)
(67344, 74540, 34400, 176284)
(67321, 74540, 34400, 176261)
(67298, 74540, 34400, 176238)
(67282, 74540, 34400, 176222)
(67272, 74540, 34400, 176212)
(67268, 74540, 34400, 176208)
(67255, 74540, 34400, 176195)
(67236, 74540, 34400, 176176)
(67222, 74540, 34400, 176162)
(67219, 74540, 34400, 176159)
(67201, 74540, 34400, 176141)
(67198, 74540, 34400, 176138)
(67184, 74540, 34400, 176124)
(67181, 74540, 34400, 176121)
(67169, 74540, 34400, 176109)
(67158, 74540, 34400, 176098)
(67148, 74540, 34400, 176088)
(67128, 74540, 34400, 176068)
(67112, 74540, 34400, 176052)
(67100, 74540, 34400, 176040)
(67089, 74540, 34400, 176029)
(67072, 74540, 34400, 176012)
(67053, 74540, 34400, 175993)
(67034, 74540, 34400, 175974)
(67018, 74540, 34400, 175958)
(66997, 74540, 34400, 175937)
(66994, 74540, 34400, 175934)
(66990, 74540, 34400, 175930)
(66981, 74540, 34400, 175921)
(66968, 74540, 34400, 175908)
(66958, 74540, 34400, 175898)
(66944, 74540, 34400, 175884)
(66927, 74540, 34400, 175867)
(66923, 74540, 34400, 175863)
(66908, 74540, 34400, 175848)
(66891, 74540, 34400, 175831)
(66880, 74540, 34400, 175820)
(66878, 74540, 34400, 175818)
(66851, 74540, 34400, 175791)
(66843, 74540, 34400, 175783)
(66823, 74540, 34400, 175763)
(66809, 74540, 34400, 175749)
(66792, 74540, 34400, 175732)
(66787, 74540, 34400, 175727)
(66776, 74540, 34400, 175716)
(66757, 74540, 34400, 175697)
(66740, 74540, 34400, 175680)
(66710, 74540, 34400, 175650)
(66690, 74540, 34400, 175630)
(66679, 74540, 34400, 175619)
(66662, 74540, 34400, 175602)
(66655, 74540, 34400, 175595)
(66647, 74540, 34400, 175587)
(66631, 74540, 34400, 175571)
(66624, 74540, 34400, 175564)
(66602, 74540, 34400, 175542)
(66575, 74540, 34400, 175515)
(66556, 74540, 34400, 175496)
(66540, 74540, 34400, 175480)
(66534, 74540, 34400, 175474)
(66525, 74540, 34400, 175465)
(66510, 74540, 34400, 175450)
(66494, 74540, 34400, 175434)
(66490, 74540, 34400, 175430)
(66474, 74540, 34400, 175414)
(66459, 74540, 34400, 175399)
(66449, 74540, 34400, 175389)
(66431, 74540, 34400, 175371)
(66399, 74540, 34400, 175339)
(66376, 74540, 34400, 175316)
(66360, 74540, 34400, 175300)
(66354, 74540, 34400, 175294)
(66342, 74540, 34400, 175282)
(66319, 74540, 34400, 175259)
(66303, 74540, 34400, 175243)
(66288, 74540, 34400, 175228)
(66269, 74540, 34400, 175209)
(66268, 74540, 34400, 175208)
(66258, 74540, 34400, 175198)
(66246, 74540, 34400, 175186)
(66223, 74540, 34400, 175163)
(66213, 74540, 34400, 175153)
(66200, 74540, 34400, 175140)
(66177, 74540, 34400, 175117)
(66160, 74540, 34400, 175100)
(66150, 74540, 34400, 175090)
(66144, 74540, 34400, 175084)
(66134, 74540, 34400, 175074)
(66113, 74540, 34400, 175053)
(66087, 74540, 34400, 175027)
(66070, 74540, 34400, 175010)
(66057, 74540, 34400, 174997)
(66038, 74540, 34400, 174978)
(66019, 74540, 34400, 174959)
(66003, 74540, 34400, 174943)
(66000, 74540, 34400, 174940)
(65997, 74540, 34400, 174937)
(65979, 74540, 34400, 174919)
(65968, 74540, 34400, 174908)
(65954, 74540, 34400, 174894)
(65937, 74540, 34400, 174877)
(65912, 74540, 34400, 174852)
(65894, 74540, 34400, 174834)
(65882, 74540, 34400, 174822)
(65859, 74540, 34400, 174799)
(65840, 74540, 34400, 174780)
(65826, 74540, 34400, 174766)
(65811, 74540, 34400, 174751)
(65805, 74540, 34400, 174745)
(65790, 74540, 34400, 174730)
(65782, 74540, 34400, 174722)
(65779, 74540, 34400, 174719)
(65770, 74540, 34400, 174710)
(65755, 74540, 34400, 174695)
(65744, 74540, 34400, 174684)
(65741, 74540, 34400, 174681)
(65733, 74540, 34400, 174673)
(65715, 74540, 34400, 174655)
(65707, 74540, 34400, 174647)
(65695, 74540, 34400, 174635)
(65680, 74540, 34400, 174620)
(65666, 74540, 34400, 174606)
(65650, 74540, 34400, 174590)
(65628, 74540, 34400, 174568)
(65609, 74540, 34400, 174549)
(65583, 74540, 34400, 174523)
(65568, 74540, 34400, 174508)
(65555, 74540, 34400, 174495)
(65545, 74540, 34400, 174485)
(65521, 74540, 34400, 174461)
(65496, 74540, 34400, 174436)
(65477, 74540, 34400, 174417)
(65464, 74540, 34400, 174404)
(65450, 74540, 34400, 174390)
(65432, 74540, 34400, 174372)
(65404, 74540, 34400, 174344)
(65395, 74540, 34400, 174335)
(65386, 74540, 34400, 174326)
(65374, 74540, 34400, 174314)
(65371, 74540, 34400, 174311)
(65349, 74540, 34400, 174289)
(65326, 74540, 34400, 174266)
(65314, 74540, 34400, 174254)
(65296, 74540, 34400, 174236)
(65293, 74540, 34400, 174233)
(65276, 74540, 34400, 174216)
(65265, 74540, 34400, 174205)
(65240, 74540, 34400, 174180)
(65229, 74540, 34400, 174169)
(65224, 74540, 34400, 174164)
(65219, 74540, 34400, 174159)
(65194, 74540, 34400, 174134)
