(133514, 136862, 42259, 312635)
(133489, 136862, 42259, 312610)
(133465, 136862, 42259, 312586)
(133459, 136862, 42259, 312580)
(133436, 136862, 42259, 312557)
(133423, 136862, 42259, 312544)
(133417, 136862, 42259, 312538)
(133409, 136862, 42259, 312530)
(133376, 136862, 42259, 312497)
(133366, 136862, 42259, 312487)
(133345, 136862, 42259, 312466)
(133340, 136862, 42259, 312461)
(133321, 136862, 42259, 312442)
(133292, 136862, 42259, 312413)
(133277, 136862, 42259, 312398)
(133259, 136862, 42259, 312380)
(133247, 136862, 42259, 312368)
(133225, 136862, 42259, 312346)
(133212, 136862, 42259, 312333)
(133194, 136862, 42259, 312315)
(133187, 136862, 42259, 312308)
(133162, 136862, 42259, 312283)
(133136, 136862, 42259, 312257)
(133109, 136862, 42259, 312230)
(133079, 136862, 42259, 312200)
(133071, 136862, 42259, 312192)
(133052, 136862, 42259, 312173)
(133044, 136862, 42259, 312165)
(133031, 136862, 42259, 312152)
(133010, 136862, 42259, 312131)
(132998, 136862, 42259, 312119)
(132993, 136862, 42259, 312114)
(132983, 136862, 42259, 312104)
(132975, 136862, 42259, 312096)
(132972, 136862, 42259, 312093)
(132955, 136862, 42259, 312076)
(132939, 136862, 42259, 312060)
(132922, 136862, 42259, 312043)
(132900, 136862, 42259, 312021)
(132882, 136862, 42259, 312003)
(132867, 136862, 42259, 311988)
(132861, 136862, 42259, 311982)
(132845, 136862, 42259, 311966)
(132833, 136862, 42259, 311954)
(132813, 136862, 42259, 311934)
(132795, 136862, 42259, 311916)
(132783, 136862, 42259, 311904)
(132774, 136862, 42259, 311895)
(132762, 136862, 42259, 311883)
(132746, 136862, 42259, 311867)
(132735, 136862, 42259, 311856)
(132720, 136862, 42259, 311841)
(132704, 136862, 42259, 311825)
(132683, 136862, 42259, 311804)
(132677, 136862, 42259, 311798)
(132665, 136862, 42259, 311786)
(132651, 136862, 42259, 311772)
(132640, 136862, 42259, 311761)
(132625, 136862, 42259, 311746)
(132601, 136862, 42259, 311722)
(132581, 136862, 42259, 311702)
(132555, 136862, 42259, 311676)
(132536, 136862, 42259, 311657)
(132516, 136862, 42259, 311637)
(132486, 136862, 42259, 311607)
(132468, 136862, 42259, 311589)
(132440, 136862, 42259, 311561)
(132429, 136862, 42259, 311550)
(132418, 136862, 42259, 311539)
(132394, 136862, 42259, 311515)
(132384, 136862, 42259, 311505)
(132362, 136862, 42259, 311483)
(132338, 136862, 42259, 311459)
(132325, 136862, 42259, 311446)
(132299, 136862, 42259, 311420)
(132278, 136862, 42259, 311399)
(132272, 136862, 42259, 311393)
(132261, 136862, 42259, 311382)
(132239, 136862, 42259, 311360)
(132227, 136862, 42259, 311348)
(132214, 136862, 42259, 311335)
(132204, 136862, 42259, 311325)
(132188, 136862, 42259, 311309)
(132179, 136862, 42259, 311300)
(132177, 136862, 42259, 311298)
(132162, 136862, 42259, 311283)
(132161, 136862, 42259, 311282)
(132156, 136862, 42259, 311277)
(132125, 136862, 42259, 311246)
(132121, 136862, 42259, 311242)
(132101, 136862, 42259, 311222)
(132094, 136862, 42259, 311215)
(132077, 136862, 42259, 311198)
(132054, 136862, 42259, 311175)
(132048, 136862, 42259, 311169)
(132030, 136862, 42259, 311151)
(132016, 136862, 42259, 311137)
(131993, 136862, 42259, 311114)
(131964, 136862, 42259, 311085)
(131950, 136862, 42259, 311071)
(131924, 136862, 42259, 311045)
(131904, 136862, 42259, 311025)
(131889, 136862, 42259, 311010)
(131846, 136862, 42259, 310967)
(131834, 136862, 42259, 310955)
(131811, 136862, 42259, 310932)
(131789, 136862, 42259, 310910)
(131767, 136862, 42259, 310888)
(131744, 136862, 42259, 310865)
(131726, 136862, 42259, 310847)
(131709, 136862, 42259, 310830)
(131688, 136862, 42259, 310809)
(131668, 136862, 42259, 310789)
(131647, 136862, 42259, 310768)
(131620, 136862, 42259, 310741)
(131605, 136862, 42259, 310726)
(131581, 136862, 42259, 310702)
(131562, 136862, 42259, 310683)
(131556, 136862, 42259, 310677)
(131538, 136862, 42259, 310659)
(131528, 136862, 42259, 310649)
(131507, 136862, 42259, 310628)
(131497, 136862, 42259, 310618)
(131481, 136862, 42259, 310602)
(131461, 136862, 42259, 310582)
(131450, 136862, 42259, 310571)
(131434, 136862, 42259, 310555)
(131414, 136862, 42259, 310535)
(131395, 136862, 42259, 310516)
(131379, 136862, 42259, 310500)
(131367, 136862, 42259, 310488)
(131366, 136862, 42259, 310487)
(131351, 136862, 42259, 310472)
(131336, 136862, 42259, 310457)
(131319, 136862, 42259, 310440)
(131295, 136862, 42259, 310416)
(131279, 136862, 42259, 310400)
(131251, 136862, 42259, 310372)
(131237, 136862, 42259, 310358)
(131218, 136862, 42259, 310339)
(131198, 136862, 42259, 310319)
(131176, 136862, 42259, 310297)
(131162, 136862, 42259, 310283)
(131152, 136862, 42259, 310273)
(131130, 136862, 42259, 310251)
(131120, 136862, 42259, 310241)
(131096, 136862, 42259, 310217)
(131084, 136862, 42259, 310205)
(131068, 136862, 42259, 310189)
(131040, 136862, 42259, 310161)
(131020, 136862, 42259, 310141)
(130997, 136862, 42259, 310118)
(130974, 136862, 42259, 310095)
(130951, 136862, 42259, 310072)
(130943, 136862, 42259, 310064)
(130929, 136862, 42259, 310050)
(130905, 136862, 42259, 310026)
(130885, 136862, 42259, 310006)
(130881, 136862, 42259, 310002)
(130875, 136862, 42259, 309996)
(130867, 136862, 42259, 309988)
(130847, 136862, 42259, 309968)
(130834, 136862, 42259, 309955)
(130829, 136862, 42259, 309950)
(130804, 136862, 42259, 309925)
(130783, 136862, 42259, 309904)
(130776, 136862, 42259, 309897)
(130747, 136862, 42259, 309868)
(130725, 136862, 42259, 309846)
(130708, 136862, 42259, 309829)
(130690, 136862, 42259, 309811)
(130680, 136862, 42259, 309801)
(130661, 136862, 42259, 309782)
(130648, 136862, 42259, 309769)
(130639, 136862, 42259, 309760)
(130620, 136862, 42259, 309741)
(130613, 136862, 42259, 309734)
(130592, 136862, 42259, 309713)
(130574, 136862, 42259, 309695)
(130568, 136862, 42259, 309689)
(130552, 136862, 42259, 309673)
(130532, 136862, 42259, 309653)
(130530, 136862, 42259, 309651)
(130509, 136862, 42259, 309630)
(130493, 136862, 42259, 309614)
(130478, 136862, 42259, 309599)
(130461, 136862, 42259, 309582)
(130435, 136862, 42259, 309556)
(130416, 136862, 42259, 309537)
(130408, 136862, 42259, 309529)
(130407, 136862, 42259, 309528)
(130390, 136862, 42259, 309511)
(130370, 136862, 42259, 309491)
(130348, 136862, 42259, 309469)
(130331, 136862, 42259, 309452)
(130314, 136862, 42259, 309435)
(130296, 136862, 42259, 309417)
(130273, 136862, 42259, 309394)
(130255, 136862, 42259, 309376)
(130243, 136862, 42259, 309364)
(130237, 136862, 42259, 309358)
(130213, 136862, 42259, 309334)
(130199, 136862, 42259, 309320)
(130192, 136862, 42259, 309313)
(130182, 136862, 42259, 309303)
(130160, 136862, 42259, 309281)
(130151, 136862, 42259, 309272)
(130129, 136862, 42259, 309250)
(130120, 136862, 42259, 309241)
(130109, 136862, 42259, 309230)
(130079, 136862, 42259, 309200)
(130051, 136862, 42259, 309172)
(130024, 136862, 42259, 309145)
(129998, 136862, 42259, 309119)
(129975, 136862, 42259, 309096)
(129962, 136862, 42259, 309083)
(129953, 136862, 42259, 309074)
(129934, 136862, 42259, 309055)
(129906, 136862, 42259, 309027)
(129890, 136862, 42259, 309011)
(129873, 136862, 42259, 308994)
(129869, 136862, 42259, 308990)
(129850, 136862, 42259, 308971)
(129838, 136862, 42259, 308959)
(129821, 136862, 42259, 308942)
(129810, 136862, 42259, 308931)
(129792, 136862, 42259, 308913)
(129773, 136862, 42259, 308894)
(129743, 136862, 42259, 308864)
(129713, 136862, 42259, 308834)
(129693, 136862, 42259, 308814)
(129664, 136862, 42259, 308785)
(129642, 136862, 42259, 308763)
(129621, 136862, 42259, 308742)
(129607, 136862, 42259, 308728)
(129592, 136862, 42259, 308713)
(129587, 136862, 42259, 308708)
(129570, 136862, 42259, 308691)
(129550, 136862, 42259, 308671)
(129528, 136862, 42259, 308649)
(129505, 136862, 42259, 308626)
(129486, 136862, 42259, 308607)
(129476, 136862, 42259, 308597)
(129448, 136862, 42259, 308569)
(129422, 136862, 42259, 308543)
(129408, 136862, 42259, 308529)
(129385, 136862, 42259, 308506)
(129365, 136862, 42259, 308486)
(129337, 136862, 42259, 308458)
(129329, 136862, 42259, 308450)
(129307, 136862, 42259, 308428)
(129295, 136862, 42259, 308416)
(129276, 136862, 42259, 308397)
(129237, 136862, 42259, 308358)
(129208, 136862, 42259, 308329)
(129177, 136862, 42259, 308298)
(129173, 136862, 42259, 308294)
(129154, 136862, 42259, 308275)
(129144, 136862, 42259, 308265)
(129125, 136862, 42259, 308246)
(129088, 136862, 42259, 308209)
(129071, 136862, 42259, 308192)
(129035, 136862, 42259, 308156)
(129004, 136862, 42259, 308125)
(128972, 136862, 42259, 308093)
(128934, 136862, 42259, 308055)
(128925, 136862, 42259, 308046)
(128898, 136862, 42259, 308019)
(128890, 136862, 42259, 308011)
(128863, 136862, 42259, 307984)
(128850, 136862, 42259, 307971)
(128834, 136862, 42259, 307955)
(128811, 136862, 42259, 307932)
(128797, 136862, 42259, 307918)
(128783, 136862, 42259, 307904)
(128782, 136862, 42259, 307903)
(128767, 136862, 42259, 307888)
(128755, 136862, 42259, 307876)
(128725, 136862, 42259, 307846)
(128695, 136862, 42259, 307816)
(128673, 136862, 42259, 307794)
(128655, 136862, 42259, 307776)
(128628, 136862, 42259, 307749)
(128627, 136862, 42259, 307748)
(128605, 136862, 42259, 307726)
(128579, 136862, 42259, 307700)
(128563, 136862, 42259, 307684)
(128553, 136862, 42259, 307674)
(128539, 136862, 42259, 307660)
(128526, 136862, 42259, 307647)
(128514, 136862, 42259, 307635)
(128497, 136862, 42259, 307618)
(128478, 136862, 42259, 307599)
(128451, 136862, 42259, 307572)
(128436, 136862, 42259, 307557)
(128424, 136862, 42259, 307545)
(128407, 136862, 42259, 307528)
(128385, 136862, 42259, 307506)
(128379, 136862, 42259, 307500)
(128372, 136862, 42259, 307493)
(128355, 136862, 42259, 307476)
(128339, 136862, 42259, 307460)
(128322, 136862, 42259, 307443)
(128308, 136862, 42259, 307429)
(128286, 136862, 42259, 307407)
(128283, 136862, 42259, 307404)
(128265, 136862, 42259, 307386)
(128248, 136862, 42259, 307369)
(128233, 136862, 42259, 307354)
(128210, 136862, 42259, 307331)
(128202, 136862, 42259, 307323)
(128179, 136862, 42259, 307300)
(128156, 136862, 42259, 307277)
(128155, 136862, 42259, 307276)
(128137, 136862, 42259, 307258)
(128116, 136862, 42259, 307237)
(128089, 136862, 42259, 307210)
(128066, 136862, 42259, 307187)
(128060, 136862, 42259, 307181)
(128051, 136862, 42259, 307172)
(128023, 136862, 42259, 307144)
(128009, 136862, 42259, 307130)
(128004, 136862, 42259, 307125)
(127979, 136862, 42259, 307100)
(127959, 136862, 42259, 307080)
(127954, 136862, 42259, 307075)
(127943, 136862, 42259, 307064)
(127937, 136862, 42259, 307058)
(127924, 136862, 42259, 307045)
(127921, 136862, 42259, 307042)
(127906, 136862, 42259, 307027)
(127875, 136862, 42259, 306996)
(127865, 136862, 42259, 306986)
(127848, 136862, 42259, 306969)
(127827, 136862, 42259, 306948)
(127810, 136862, 42259, 306931)
(127800, 136862, 42259, 306921)
(127779, 136862, 42259, 306900)
(127749, 136862, 42259, 306870)
(127738, 136862, 42259, 306859)
(127722, 136862, 42259, 306843)
(127703, 136862, 42259, 306824)
(127686, 136862, 42259, 306807)
(127671, 136862, 42259, 306792)
(127646, 136862, 42259, 306767)
(127623, 136862, 42259, 306744)
(127602, 136862, 42259, 306723)
(127593, 136862, 42259, 306714)
(127566, 136862, 42259, 306687)
(127543, 136862, 42259, 306664)
(127531, 136862, 42259, 306652)
(127493, 136862, 42259, 306614)
(127473, 136862, 42259, 306594)
(127447, 136862, 42259, 306568)
(127430, 136862, 42259, 306551)
(127406, 136862, 42259, 306527)
(127392, 136862, 42259, 306513)
(127381, 136862, 42259, 306502)
(127365, 136862, 42259, 306486)
(127353, 136862, 42259, 306474)
(127348, 136862, 42259, 306469)
(127319, 136862, 42259, 306440)
(127299, 136862, 42259, 306420)
(127293, 136862, 42259, 306414)
(127273, 136862, 42259, 306394)
(127254, 136862, 42259, 306375)
(127229, 136862, 42259, 306350)
(127219, 136862, 42259, 306340)
(127198, 136862, 42259, 306319)
(127178, 136862, 42259, 306299)
(127172, 136862, 42259, 306293)
(127157, 136862, 42259, 306278)
(127140, 136862, 42259, 306261)
(127122, 136862, 42259, 306243)
(127109, 136862, 42259, 306230)
(127081, 136862, 42259, 306202)
(127036, 136862, 42259, 306157)
(127033, 136862, 42259, 306154)
(127009, 136862, 42259, 306130)
(126994, 136862, 42259, 306115)
(126978, 136862, 42259, 306099)
(126960, 136862, 42259, 306081)
(126943, 136862, 42259, 306064)
(126919, 136862, 42259, 306040)
(126906, 136862, 42259, 306027)
(126877, 136862, 42259, 305998)
(126861, 136862, 42259, 305982)
(126836, 136862, 42259, 305957)
(126828, 136862, 42259, 305949)
(126805, 136862, 42259, 305926)
(126786, 136862, 42259, 305907)
(126775, 136862, 42259, 305896)
(126765, 136862, 42259, 305886)
(126743, 136862, 42259, 305864)
(126729, 136862, 42259, 305850)
(126713, 136862, 42259, 305834)
(126698, 136862, 42259, 305819)
(126677, 136862, 42259, 305798)
(126650, 136862, 42259, 305771)
(126646, 136862, 42259, 305767)
(126626, 136862, 42259, 305747)
(126611, 136862, 42259, 305732)
(126587, 136862, 42259, 305708)
(126563, 136862, 42259, 305684)
(126537, 136862, 42259, 305658)
(126521, 136862, 42259, 305642)
(126503, 136862, 42259, 305624)
(126467, 136862, 42259, 305588)
(126448, 136862, 42259, 305569)
(126434, 136862, 42259, 305555)
(126407, 136862, 42259, 305528)
(126400, 136862, 42259, 305521)
(126389, 136862, 42259, 305510)
(126366, 136862, 42259, 305487)
(126351, 136862, 42259, 305472)
(126327, 136862, 42259, 305448)
(126318, 136862, 42259, 305439)
(126304, 136862, 42259, 305425)
(126288, 136862, 42259, 305409)
(126278, 136862, 42259, 305399)
(126255, 136862, 42259, 305376)
(126232, 136862, 42259, 305353)
(126208, 136862, 42259, 305329)
(126179, 136862, 42259, 305300)
(126156, 136862, 42259, 305277)
(126144, 136862, 42259, 305265)
(126130, 136862, 42259, 305251)
(126122, 136862, 42259, 305243)
(126103, 136862, 42259, 305224)
(126087, 136862, 42259, 305208)
(126057, 136862, 42259, 305178)
(126042, 136862, 42259, 305163)
(126034, 136862, 42259, 305155)
(126016, 136862, 42259, 305137)
(125994, 136862, 42259, 305115)
(125981, 136862, 42259, 305102)
(125970, 136862, 42259, 305091)
(125960, 136862, 42259, 305081)
(125949, 136862, 42259, 305070)
(125923, 136862, 42259, 305044)
(125896, 136862, 42259, 305017)
(125872, 136862, 42259, 304993)
(125849, 136862, 42259, 304970)
(125833, 136862, 42259, 304954)
(125811, 136862, 42259, 304932)
(125791, 136862, 42259, 304912)
(125775, 136862, 42259, 304896)
(125745, 136862, 42259, 304866)
(125721, 136862, 42259, 304842)
(125701, 136862, 42259, 304822)
(125668, 136862, 42259, 304789)
(125654, 136862, 42259, 304775)
(125630, 136862, 42259, 304751)
(125614, 136862, 42259, 304735)
(125594, 136862, 42259, 304715)
(125583, 136862, 42259, 304704)
(125568, 136862, 42259, 304689)
(125530, 136862, 42259, 304651)
(125496, 136862, 42259, 304617)
(125481, 136862, 42259, 304602)
(125467, 136862, 42259, 304588)
(125447, 136862, 42259, 304568)
(125417, 136862, 42259, 304538)
(125385, 136862, 42259, 304506)
(125369, 136862, 42259, 304490)
(125343, 136862, 42259, 304464)
(125319, 136862, 42259, 304440)
(125301, 136862, 42259, 304422)
(125280, 136862, 42259, 304401)
(125266, 136862, 42259, 304387)
(125242, 136862, 42259, 304363)
(125218, 136862, 42259, 304339)
(125206, 136862, 42259, 304327)
(125182, 136862, 42259, 304303)
(125168, 136862, 42259, 304289)
(125152, 136862, 42259, 304273)
(125129, 136862, 42259, 304250)
(125101, 136862, 42259, 304222)
(125070, 136862, 42259, 304191)
(125059, 136862, 42259, 304180)
(125037, 136862, 42259, 304158)
(125034, 136862, 42259, 304155)
(125001, 136862, 42259, 304122)
(124995, 136862, 42259, 304116)
(124982, 136862, 42259, 304103)
(124976, 136862, 42259, 304097)
(124964, 136862, 42259, 304085)
(124955, 136862, 42259, 304076)
(124932, 136862, 42259, 304053)
(124927, 136862, 42259, 304048)
(124918, 136862, 42259, 304039)
(124895, 136862, 42259, 304016)
(124882, 136862, 42259, 304003)
(124854, 136862, 42259, 303975)
(124823, 136862, 42259, 303944)
(124808, 136862, 42259, 303929)
(124800, 136862, 42259, 303921)
(124790, 136862, 42259, 303911)
(124781, 136862, 42259, 303902)
(124770, 136862, 42259, 303891)
(124766, 136862, 42259, 303887)
(124760, 136862, 42259, 303881)
(124729, 136862, 42259, 303850)
(124703, 136862, 42259, 303824)
(124671, 136862, 42259, 303792)
(124642, 136862, 42259, 303763)
(124631, 136862, 42259, 303752)
(124620, 136862, 42259, 303741)
(124598, 136862, 42259, 303719)
(124570, 136862, 42259, 303691)
(124550, 136862, 42259, 303671)
(124536, 136862, 42259, 303657)
(124525, 136862, 42259, 303646)
(124503, 136862, 42259, 303624)
(124492, 136862, 42259, 303613)
(124483, 136862, 42259, 303604)
(124470, 136862, 42259, 303591)
(124468, 136862, 42259, 303589)
(124450, 136862, 42259, 303571)
(124432, 136862, 42259, 303553)
(124412, 136862, 42259, 303533)
(124395, 136862, 42259, 303516)
(124371, 136862, 42259, 303492)
(124352, 136862, 42259, 303473)
(124318, 136862, 42259, 303439)
(124298, 136862, 42259, 303419)
(124276, 136862, 42259, 303397)
(124258, 136862, 42259, 303379)
(124241, 136862, 42259, 303362)
(124208, 136862, 42259, 303329)
(124196, 136862, 42259, 303317)
(124175, 136862, 42259, 303296)
(124169, 136862, 42259, 303290)
(124141, 136862, 42259, 303262)
(124137, 136862, 42259, 303258)
(124129, 136862, 42259, 303250)
(124121, 136862, 42259, 303242)
(124097, 136862, 42259, 303218)
(124069, 136862, 42259, 303190)
(124042, 136862, 42259, 303163)
(124030, 136862, 42259, 303151)
(124021, 136862, 42259, 303142)
(123995, 136862, 42259, 303116)
(123969, 136862, 42259, 303090)
(123954, 136862, 42259, 303075)
(123944, 136862, 42259, 303065)
(123937, 136862, 42259, 303058)
(123934, 136862, 42259, 303055)
(123922, 136862, 42259, 303043)
(123894, 136862, 42259, 303015)
(123886, 136862, 42259, 303007)
(123877, 136862, 42259, 302998)
(123871, 136862, 42259, 302992)
(123854, 136862, 42259, 302975)
(123844, 136862, 42259, 302965)
