(137692, 136924, 43856, 318472)
(137684, 136924, 43856, 318464)
(137662, 136924, 43856, 318442)
(137643, 136924, 43856, 318423)
(137623, 136924, 43856, 318403)
(137606, 136924, 43856, 318386)
(137592, 136924, 43856, 318372)
(137583, 136924, 43856, 318363)
(137554, 136924, 43856, 318334)
(137539, 136924, 43856, 318319)
(137511, 136924, 43856, 318291)
(137491, 136924, 43856, 318271)
(137482, 136924, 43856, 318262)
(137469, 136924, 43856, 318249)
(137453, 136924, 43856, 318233)
(137431, 136924, 43856, 318211)
(137412, 136924, 43856, 318192)
(137405, 136924, 43856, 318185)
(137388, 136924, 43856, 318168)
(137370, 136924, 43856, 318150)
(137354, 136924, 43856, 318134)
(137330, 136924, 43856, 318110)
(137315, 136924, 43856, 318095)
(137297, 136924, 43856, 318077)
(137273, 136924, 43856, 318053)
(137258, 136924, 43856, 318038)
(137241, 136924, 43856, 318021)
(137216, 136924, 43856, 317996)
(137190, 136924, 43856, 317970)
(137186, 136924, 43856, 317966)
(137179, 136924, 43856, 317959)
(137162, 136924, 43856, 317942)
(137161, 136924, 43856, 317941)
(137123, 136924, 43856, 317903)
(137105, 136924, 43856, 317885)
(137074, 136924, 43856, 317854)
(137043, 136924, 43856, 317823)
(137018, 136924, 43856, 317798)
(136985, 136924, 43856, 317765)
(136964, 136924, 43856, 317744)
(136947, 136924, 43856, 317727)
(136939, 136924, 43856, 317719)
(136927, 136924, 43856, 317707)
(136904, 136924, 43856, 317684)
(136897, 136924, 43856, 317677)
(136881, 136924, 43856, 317661)
(136865, 136924, 43856, 317645)
(136852, 136924, 43856, 317632)
(136837, 136924, 43856, 317617)
(136813, 136924, 43856, 317593)
(136801, 136924, 43856, 317581)
(136780, 136924, 43856, 317560)
(136756, 136924, 43856, 317536)
(136744, 136924, 43856, 317524)
(136726, 136924, 43856, 317506)
(136716, 136924, 43856, 317496)
(136701, 136924, 43856, 317481)
(136694, 136924, 43856, 317474)
(136680, 136924, 43856, 317460)
(136672, 136924, 43856, 317452)
(136659, 136924, 43856, 317439)
(136638, 136924, 43856, 317418)
(136609, 136924, 43856, 317389)
(136599, 136924, 43856, 317379)
(136577, 136924, 43856, 317357)
(136562, 136924, 43856, 317342)
(136557, 136924, 43856, 317337)
(136537, 136924, 43856, 317317)
(136519, 136924, 43856, 317299)
(136508, 136924, 43856, 317288)
(136499, 136924, 43856, 317279)
(136479, 136924, 43856, 317259)
(136455, 136924, 43856, 317235)
(136437, 136924, 43856, 317217)
(136418, 136924, 43856, 317198)
(136394, 136924, 43856, 317174)
(136389, 136924, 43856, 317169)
(136358, 136924, 43856, 317138)
(136337, 136924, 43856, 317117)
(136322, 136924, 43856, 317102)
(136302, 136924, 43856, 317082)
(136289, 136924, 43856, 317069)
(136261, 136924, 43856, 317041)
(136260, 136924, 43856, 317040)
(136241, 136924, 43856, 317021)
(136217, 136924, 43856, 316997)
(136203, 136924, 43856, 316983)
(136179, 136924, 43856, 316959)
(136155, 136924, 43856, 316935)
(136147, 136924, 43856, 316927)
(136125, 136924, 43856, 316905)
(136113, 136924, 43856, 316893)
(136100, 136924, 43856, 316880)
(136079, 136924, 43856, 316859)
(136073, 136924, 43856, 316853)
(136056, 136924, 43856, 316836)
(136044, 136924, 43856, 316824)
(136025, 136924, 43856, 316805)
(136012, 136924, 43856, 316792)
(135998, 136924, 43856, 316778)
(135985, 136924, 43856, 316765)
(135961, 136924, 43856, 316741)
(135947, 136924, 43856, 316727)
(135937, 136924, 43856, 316717)
(135925, 136924, 43856, 316705)
(135903, 136924, 43856, 316683)
(135880, 136924, 43856, 316660)
(135870, 136924, 43856, 316650)
(135852, 136924, 43856, 316632)
(135830, 136924, 43856, 316610)
(135820, 136924, 43856, 316600)
(135810, 136924, 43856, 316590)
(135795, 136924, 43856, 316575)
(135775, 136924, 43856, 316555)
(135770, 136924, 43856, 316550)
(135750, 136924, 43856, 316530)
(135726, 136924, 43856, 316506)
(135709, 136924, 43856, 316489)
(135702, 136924, 43856, 316482)
(135690, 136924, 43856, 316470)
(135657, 136924, 43856, 316437)
(135633, 136924, 43856, 316413)
(135616, 136924, 43856, 316396)
(135591, 136924, 43856, 316371)
(135576, 136924, 43856, 316356)
(135556, 136924, 43856, 316336)
(135538, 136924, 43856, 316318)
(135512, 136924, 43856, 316292)
(135498, 136924, 43856, 316278)
(135478, 136924, 43856, 316258)
(135457, 136924, 43856, 316237)
(135446, 136924, 43856, 316226)
(135439, 136924, 43856, 316219)
(135414, 136924, 43856, 316194)
(135392, 136924, 43856, 316172)
(135371, 136924, 43856, 316151)
(135349, 136924, 43856, 316129)
(135336, 136924, 43856, 316116)
(135322, 136924, 43856, 316102)
(135311, 136924, 43856, 316091)
(135294, 136924, 43856, 316074)
(135275, 136924, 43856, 316055)
(135259, 136924, 43856, 316039)
(135250, 136924, 43856, 316030)
(135245, 136924, 43856, 316025)
(135223, 136924, 43856, 316003)
(135207, 136924, 43856, 315987)
(135178, 136924, 43856, 315958)
(135151, 136924, 43856, 315931)
(135142, 136924, 43856, 315922)
(135132, 136924, 43856, 315912)
(135124, 136924, 43856, 315904)
(135090, 136924, 43856, 315870)
(135071, 136924, 43856, 315851)
(135052, 136924, 43856, 315832)
(135029, 136924, 43856, 315809)
(135016, 136924, 43856, 315796)
(135012, 136924, 43856, 315792)
(134986, 136924, 43856, 315766)
(134946, 136924, 43856, 315726)
(134923, 136924, 43856, 315703)
(134906, 136924, 43856, 315686)
(134889, 136924, 43856, 315669)
(134881, 136924, 43856, 315661)
(134864, 136924, 43856, 315644)
(134850, 136924, 43856, 315630)
(134837, 136924, 43856, 315617)
(134824, 136924, 43856, 315604)
(134813, 136924, 43856, 315593)
(134808, 136924, 43856, 315588)
(134796, 136924, 43856, 315576)
(134790, 136924, 43856, 315570)
(134769, 136924, 43856, 315549)
(134751, 136924, 43856, 315531)
(134742, 136924, 43856, 315522)
(134715, 136924, 43856, 315495)
(134695, 136924, 43856, 315475)
(134678, 136924, 43856, 315458)
(134657, 136924, 43856, 315437)
(134643, 136924, 43856, 315423)
(134629, 136924, 43856, 315409)
(134607, 136924, 43856, 315387)
(134599, 136924, 43856, 315379)
(134582, 136924, 43856, 315362)
(134567, 136924, 43856, 315347)
(134548, 136924, 43856, 315328)
(134527, 136924, 43856, 315307)
(134512, 136924, 43856, 315292)
(134490, 136924, 43856, 315270)
(134478, 136924, 43856, 315258)
(134471, 136924, 43856, 315251)
(134456, 136924, 43856, 315236)
(134440, 136924, 43856, 315220)
(134412, 136924, 43856, 315192)
(134396, 136924, 43856, 315176)
(134377, 136924, 43856, 315157)
(134361, 136924, 43856, 315141)
(134343, 136924, 43856, 315123)
(134329, 136924, 43856, 315109)
(134307, 136924, 43856, 315087)
(134291, 136924, 43856, 315071)
(134288, 136924, 43856, 315068)
(134282, 136924, 43856, 315062)
(134248, 136924, 43856, 315028)
(134237, 136924, 43856, 315017)
(134218, 136924, 43856, 314998)
(134197, 136924, 43856, 314977)
(134179, 136924, 43856, 314959)
(134153, 136924, 43856, 314933)
(134139, 136924, 43856, 314919)
(134127, 136924, 43856, 314907)
(134105, 136924, 43856, 314885)
(134097, 136924, 43856, 314877)
(134075, 136924, 43856, 314855)
(134046, 136924, 43856, 314826)
(134015, 136924, 43856, 314795)
(134003, 136924, 43856, 314783)
(133999, 136924, 43856, 314779)
(133981, 136924, 43856, 314761)
(133955, 136924, 43856, 314735)
(133945, 136924, 43856, 314725)
(133924, 136924, 43856, 314704)
(133918, 136924, 43856, 314698)
(133886, 136924, 43856, 314666)
(133854, 136924, 43856, 314634)
(133836, 136924, 43856, 314616)
(133817, 136924, 43856, 314597)
(133798, 136924, 43856, 314578)
(133779, 136924, 43856, 314559)
(133756, 136924, 43856, 314536)
(133731, 136924, 43856, 314511)
(133707, 136924, 43856, 314487)
(133681, 136924, 43856, 314461)
(133659, 136924, 43856, 314439)
(133645, 136924, 43856, 314425)
(133631, 136924, 43856, 314411)
(133616, 136924, 43856, 314396)
(133602, 136924, 43856, 314382)
(133592, 136924, 43856, 314372)
(133564, 136924, 43856, 314344)
(133541, 136924, 43856, 314321)
(133530, 136924, 43856, 314310)
(133522, 136924, 43856, 314302)
(133498, 136924, 43856, 314278)
(133480, 136924, 43856, 314260)
(133457, 136924, 43856, 314237)
(133440, 136924, 43856, 314220)
(133433, 136924, 43856, 314213)
(133408, 136924, 43856, 314188)
(133401, 136924, 43856, 314181)
(133372, 136924, 43856, 314152)
(133351, 136924, 43856, 314131)
(133338, 136924, 43856, 314118)
(133309, 136924, 43856, 314089)
(133297, 136924, 43856, 314077)
(133273, 136924, 43856, 314053)
(133249, 136924, 43856, 314029)
(133237, 136924, 43856, 314017)
(133211, 136924, 43856, 313991)
(133186, 136924, 43856, 313966)
(133181, 136924, 43856, 313961)
(133159, 136924, 43856, 313939)
(133130, 136924, 43856, 313910)
(133100, 136924, 43856, 313880)
(133083, 136924, 43856, 313863)
(133067, 136924, 43856, 313847)
(133049, 136924, 43856, 313829)
(133028, 136924, 43856, 313808)
(133018, 136924, 43856, 313798)
(133005, 136924, 43856, 313785)
(132990, 136924, 43856, 313770)
(132989, 136924, 43856, 313769)
(132975, 136924, 43856, 313755)
(132963, 136924, 43856, 313743)
(132940, 136924, 43856, 313720)
(132913, 136924, 43856, 313693)
(132891, 136924, 43856, 313671)
(132869, 136924, 43856, 313649)
(132852, 136924, 43856, 313632)
(132831, 136924, 43856, 313611)
(132806, 136924, 43856, 313586)
(132787, 136924, 43856, 313567)
(132765, 136924, 43856, 313545)
(132745, 136924, 43856, 313525)
(132721, 136924, 43856, 313501)
(132699, 136924, 43856, 313479)
(132685, 136924, 43856, 313465)
(132654, 136924, 43856, 313434)
(132622, 136924, 43856, 313402)
(132592, 136924, 43856, 313372)
(132586, 136924, 43856, 313366)
(132573, 136924, 43856, 313353)
(132560, 136924, 43856, 313340)
(132545, 136924, 43856, 313325)
(132522, 136924, 43856, 313302)
(132508, 136924, 43856, 313288)
(132498, 136924, 43856, 313278)
(132476, 136924, 43856, 313256)
(132467, 136924, 43856, 313247)
(132442, 136924, 43856, 313222)
(132421, 136924, 43856, 313201)
(132390, 136924, 43856, 313170)
(132383, 136924, 43856, 313163)
(132350, 136924, 43856, 313130)
(132317, 136924, 43856, 313097)
(132291, 136924, 43856, 313071)
(132267, 136924, 43856, 313047)
(132245, 136924, 43856, 313025)
(132227, 136924, 43856, 313007)
(132224, 136924, 43856, 313004)
(132210, 136924, 43856, 312990)
(132189, 136924, 43856, 312969)
(132187, 136924, 43856, 312967)
(132157, 136924, 43856, 312937)
(132154, 136924, 43856, 312934)
(132140, 136924, 43856, 312920)
(132135, 136924, 43856, 312915)
(132125, 136924, 43856, 312905)
(132103, 136924, 43856, 312883)
(132102, 136924, 43856, 312882)
(132088, 136924, 43856, 312868)
(132087, 136924, 43856, 312867)
(132062, 136924, 43856, 312842)
(132042, 136924, 43856, 312822)
(132027, 136924, 43856, 312807)
(131993, 136924, 43856, 312773)
(131960, 136924, 43856, 312740)
(131938, 136924, 43856, 312718)
(131931, 136924, 43856, 312711)
(131911, 136924, 43856, 312691)
(131887, 136924, 43856, 312667)
(131870, 136924, 43856, 312650)
(131847, 136924, 43856, 312627)
(131832, 136924, 43856, 312612)
(131804, 136924, 43856, 312584)
(131798, 136924, 43856, 312578)
(131778, 136924, 43856, 312558)
(131762, 136924, 43856, 312542)
(131734, 136924, 43856, 312514)
(131711, 136924, 43856, 312491)
(131702, 136924, 43856, 312482)
(131672, 136924, 43856, 312452)
(131653, 136924, 43856, 312433)
(131646, 136924, 43856, 312426)
(131629, 136924, 43856, 312409)
(131620, 136924, 43856, 312400)
(131595, 136924, 43856, 312375)
(131588, 136924, 43856, 312368)
(131580, 136924, 43856, 312360)
(131562, 136924, 43856, 312342)
(131556, 136924, 43856, 312336)
(131533, 136924, 43856, 312313)
(131509, 136924, 43856, 312289)
(131480, 136924, 43856, 312260)
(131465, 136924, 43856, 312245)
(131457, 136924, 43856, 312237)
(131445, 136924, 43856, 312225)
(131426, 136924, 43856, 312206)
(131399, 136924, 43856, 312179)
(131385, 136924, 43856, 312165)
(131381, 136924, 43856, 312161)
(131369, 136924, 43856, 312149)
(131347, 136924, 43856, 312127)
(131327, 136924, 43856, 312107)
(131323, 136924, 43856, 312103)
(131286, 136924, 43856, 312066)
(131260, 136924, 43856, 312040)
(131247, 136924, 43856, 312027)
(131236, 136924, 43856, 312016)
(131218, 136924, 43856, 311998)
(131200, 136924, 43856, 311980)
(131180, 136924, 43856, 311960)
(131166, 136924, 43856, 311946)
(131131, 136924, 43856, 311911)
(131115, 136924, 43856, 311895)
(131095, 136924, 43856, 311875)
(131080, 136924, 43856, 311860)
(131059, 136924, 43856, 311839)
(131042, 136924, 43856, 311822)
(131013, 136924, 43856, 311793)
(130995, 136924, 43856, 311775)
(130989, 136924, 43856, 311769)
(130969, 136924, 43856, 311749)
(130960, 136924, 43856, 311740)
(130939, 136924, 43856, 311719)
(130924, 136924, 43856, 311704)
(130914, 136924, 43856, 311694)
(130903, 136924, 43856, 311683)
(130887, 136924, 43856, 311667)
(130870, 136924, 43856, 311650)
(130851, 136924, 43856, 311631)
(130848, 136924, 43856, 311628)
(130841, 136924, 43856, 311621)
(130823, 136924, 43856, 311603)
(130799, 136924, 43856, 311579)
(130784, 136924, 43856, 311564)
(130769, 136924, 43856, 311549)
(130746, 136924, 43856, 311526)
(130728, 136924, 43856, 311508)
(130716, 136924, 43856, 311496)
(130706, 136924, 43856, 311486)
(130697, 136924, 43856, 311477)
(130683, 136924, 43856, 311463)
(130668, 136924, 43856, 311448)
(130660, 136924, 43856, 311440)
(130653, 136924, 43856, 311433)
(130644, 136924, 43856, 311424)
(130622, 136924, 43856, 311402)
(130587, 136924, 43856, 311367)
(130552, 136924, 43856, 311332)
(130535, 136924, 43856, 311315)
(130522, 136924, 43856, 311302)
(130510, 136924, 43856, 311290)
(130503, 136924, 43856, 311283)
(130483, 136924, 43856, 311263)
(130475, 136924, 43856, 311255)
(130471, 136924, 43856, 311251)
(130449, 136924, 43856, 311229)
(130430, 136924, 43856, 311210)
(130402, 136924, 43856, 311182)
(130397, 136924, 43856, 311177)
(130383, 136924, 43856, 311163)
(130369, 136924, 43856, 311149)
(130340, 136924, 43856, 311120)
(130327, 136924, 43856, 311107)
(130297, 136924, 43856, 311077)
(130276, 136924, 43856, 311056)
(130259, 136924, 43856, 311039)
(130240, 136924, 43856, 311020)
(130222, 136924, 43856, 311002)
(130206, 136924, 43856, 310986)
(130185, 136924, 43856, 310965)
(130148, 136924, 43856, 310928)
(130128, 136924, 43856, 310908)
(130112, 136924, 43856, 310892)
(130089, 136924, 43856, 310869)
(130072, 136924, 43856, 310852)
(130056, 136924, 43856, 310836)
(130042, 136924, 43856, 310822)
(130017, 136924, 43856, 310797)
(130006, 136924, 43856, 310786)
(129988, 136924, 43856, 310768)
(129983, 136924, 43856, 310763)
(129975, 136924, 43856, 310755)
(129947, 136924, 43856, 310727)
(129931, 136924, 43856, 310711)
(129904, 136924, 43856, 310684)
(129868, 136924, 43856, 310648)
(129844, 136924, 43856, 310624)
(129823, 136924, 43856, 310603)
(129822, 136924, 43856, 310602)
(129810, 136924, 43856, 310590)
(129789, 136924, 43856, 310569)
(129763, 136924, 43856, 310543)
(129739, 136924, 43856, 310519)
(129712, 136924, 43856, 310492)
(129681, 136924, 43856, 310461)
(129677, 136924, 43856, 310457)
(129661, 136924, 43856, 310441)
(129654, 136924, 43856, 310434)
(129643, 136924, 43856, 310423)
(129627, 136924, 43856, 310407)
(129609, 136924, 43856, 310389)
(129591, 136924, 43856, 310371)
(129588, 136924, 43856, 310368)
(129566, 136924, 43856, 310346)
(129543, 136924, 43856, 310323)
(129519, 136924, 43856, 310299)
(129489, 136924, 43856, 310269)
(129460, 136924, 43856, 310240)
(129437, 136924, 43856, 310217)
(129412, 136924, 43856, 310192)
(129380, 136924, 43856, 310160)
(129352, 136924, 43856, 310132)
(129351, 136924, 43856, 310131)
(129337, 136924, 43856, 310117)
(129330, 136924, 43856, 310110)
(129305, 136924, 43856, 310085)
(129282, 136924, 43856, 310062)
(129254, 136924, 43856, 310034)
(129233, 136924, 43856, 310013)
(129202, 136924, 43856, 309982)
(129187, 136924, 43856, 309967)
(129183, 136924, 43856, 309963)
(129153, 136924, 43856, 309933)
(129117, 136924, 43856, 309897)
(129094, 136924, 43856, 309874)
(129081, 136924, 43856, 309861)
(129063, 136924, 43856, 309843)
(129041, 136924, 43856, 309821)
(129031, 136924, 43856, 309811)
(129014, 136924, 43856, 309794)
(128999, 136924, 43856, 309779)
(128986, 136924, 43856, 309766)
(128976, 136924, 43856, 309756)
(128959, 136924, 43856, 309739)
(128937, 136924, 43856, 309717)
(128919, 136924, 43856, 309699)
(128891, 136924, 43856, 309671)
(128869, 136924, 43856, 309649)
(128843, 136924, 43856, 309623)
(128828, 136924, 43856, 309608)
(128801, 136924, 43856, 309581)
(128775, 136924, 43856, 309555)
(128745, 136924, 43856, 309525)
(128729, 136924, 43856, 309509)
(128720, 136924, 43856, 309500)
(128703, 136924, 43856, 309483)
(128688, 136924, 43856, 309468)
(128676, 136924, 43856, 309456)
(128648, 136924, 43856, 309428)
(128633, 136924, 43856, 309413)
(128631, 136924, 43856, 309411)
(128621, 136924, 43856, 309401)
(128596, 136924, 43856, 309376)
(128589, 136924, 43856, 309369)
(128581, 136924, 43856, 309361)
(128554, 136924, 43856, 309334)
(128540, 136924, 43856, 309320)
(128528, 136924, 43856, 309308)
(128513, 136924, 43856, 309293)
(128493, 136924, 43856, 309273)
(128485, 136924, 43856, 309265)
(128479, 136924, 43856, 309259)
(128461, 136924, 43856, 309241)
(128438, 136924, 43856, 309218)
(128420, 136924, 43856, 309200)
(128393, 136924, 43856, 309173)
(128383, 136924, 43856, 309163)
(128359, 136924, 43856, 309139)
(128338, 136924, 43856, 309118)
(128316, 136924, 43856, 309096)
(128298, 136924, 43856, 309078)
(128260, 136924, 43856, 309040)
(128245, 136924, 43856, 309025)
(128220, 136924, 43856, 309000)
(128217, 136924, 43856, 308997)
(128205, 136924, 43856, 308985)
(128193, 136924, 43856, 308973)
(128163, 136924, 43856, 308943)
(128141, 136924, 43856, 308921)
(128125, 136924, 43856, 308905)
(128107, 136924, 43856, 308887)
(128092, 136924, 43856, 308872)
(128071, 136924, 43856, 308851)
(128057, 136924, 43856, 308837)
(128046, 136924, 43856, 308826)
(128028, 136924, 43856, 308808)
(128025, 136924, 43856, 308805)
(128008, 136924, 43856, 308788)
(127988, 136924, 43856, 308768)
(127972, 136924, 43856, 308752)
(127959, 136924, 43856, 308739)
(127946, 136924, 43856, 308726)
(127923, 136924, 43856, 308703)
(127904, 136924, 43856, 308684)
(127883, 136924, 43856, 308663)
(127870, 136924, 43856, 308650)
(127855, 136924, 43856, 308635)
(127837, 136924, 43856, 308617)
(127816, 136924, 43856, 308596)
(127808, 136924, 43856, 308588)
(127782, 136924, 43856, 308562)
(127766, 136924, 43856, 308546)
(127744, 136924, 43856, 308524)
(127738, 136924, 43856, 308518)
(127713, 136924, 43856, 308493)
(127694, 136924, 43856, 308474)
(127681, 136924, 43856, 308461)
(127667, 136924, 43856, 308447)
(127647, 136924, 43856, 308427)
(127605, 136924, 43856, 308385)
(127585, 136924, 43856, 308365)
(127577, 136924, 43856, 308357)
(127566, 136924, 43856, 308346)
(127546, 136924, 43856, 308326)
(127524, 136924, 43856, 308304)
(127515, 136924, 43856, 308295)
(127495, 136924, 43856, 308275)
(127471, 136924, 43856, 308251)
(127462, 136924, 43856, 308242)
(127451, 136924, 43856, 308231)
(127429, 136924, 43856, 308209)
(127402, 136924, 43856, 308182)
(127377, 136924, 43856, 308157)
(127345, 136924, 43856, 308125)
(127327, 136924, 43856, 308107)
(127300, 136924, 43856, 308080)
(127282, 136924, 43856, 308062)
(127261, 136924, 43856, 308041)
(127250, 136924, 43856, 308030)
(127224, 136924, 43856, 308004)
(127216, 136924, 43856, 307996)
(127192, 136924, 43856, 307972)
(127180, 136924, 43856, 307960)
