(73239, 74384, 32230, 179853)
(71091, 75092, 32230, 178413)
(62042, 83118, 32230, 177390)
(63436, 80094, 32230, 175760)
(61423, 81514, 32230, 175167)
(58431, 83728, 32230, 174389)
(58327, 83718, 32230, 174275)
(55432, 85756, 32230, 173418)
(51007, 89508, 32230, 172745)
(46049, 92565, 32230, 170844)
(153566, 17284, 15337, 186187)
(149332, 20028, 15337, 184697)
(147310, 21338, 15337, 183985)
(144146, 23550, 15337, 183033)
(66837, 78466, 32230, 177533)
(63093, 81154, 32230, 176477)
(58970, 83908, 32230, 175108)
(53771, 86976, 32230, 172977)
(50027, 89050, 32230, 171307)
(45118, 93310, 32230, 170658)
(153843, 16384, 12452, 182679)
(152317, 17036, 12452, 181805)
(148434, 20470, 12452, 181356)
(75319, 74384, 32230, 181933)
