(170995, 164780, 46322, 382097)
(161745, 172838, 46322, 380905)
(152988, 179644, 46322, 378954)
(145361, 185676, 46322, 377359)
(136534, 192784, 46322, 375640)
(128090, 199906, 46322, 374318)
(126500, 200200, 46322, 373022)
(116306, 208218, 46322, 370846)
(111271, 211914, 46322, 369507)
(105921, 216056, 46322, 368299)
(318184, 50184, 32143, 400511)
(307765, 58068, 32143, 397976)
(303762, 60980, 32143, 396885)
(295124, 68024, 32143, 395291)
(146010, 188424, 46333, 380767)
(169280, 170758, 46333, 386371)
