(167787, 165558, 40162, 373507)
(159436, 172608, 40162, 372206)
(152587, 177584, 40162, 370333)
(143179, 185146, 40162, 368487)
(138394, 188396, 40162, 366952)
(133155, 191900, 40162, 365217)
(128069, 196440, 40162, 364671)
(118533, 203438, 40162, 362133)
(118491, 203438, 40162, 362091)
(117771, 203438, 40162, 361371)
(312911, 47846, 26704, 387461)
(313183, 46726, 26704, 386613)
(307545, 52286, 26704, 386535)
(305443, 53408, 26704, 385555)
(144832, 187414, 41559, 373805)
(168903, 171530, 41559, 381992)
