(75557, 73080, 32263, 180900)
(75548, 73080, 32263, 180891)
(75532, 73080, 32263, 180875)
(75526, 73080, 32263, 180869)
(75513, 73080, 32263, 180856)
(75503, 73080, 32263, 180846)
(75488, 73080, 32263, 180831)
(75472, 73080, 32263, 180815)
(75459, 73080, 32263, 180802)
(75453, 73080, 32263, 180796)
(75430, 73080, 32263, 180773)
(75421, 73080, 32263, 180764)
(75410, 73080, 32263, 180753)
(75395, 73080, 32263, 180738)
(75380, 73080, 32263, 180723)
(75376, 73080, 32263, 180719)
(75364, 73080, 32263, 180707)
(75349, 73080, 32263, 180692)
(75324, 73080, 32263, 180667)
(75309, 73080, 32263, 180652)
(75294, 73080, 32263, 180637)
(75278, 73080, 32263, 180621)
(75272, 73080, 32263, 180615)
(75259, 73080, 32263, 180602)
(75230, 73080, 32263, 180573)
(75208, 73080, 32263, 180551)
(75191, 73080, 32263, 180534)
(75184, 73080, 32263, 180527)
(75181, 73080, 32263, 180524)
(75165, 73080, 32263, 180508)
(75147, 73080, 32263, 180490)
(75123, 73080, 32263, 180466)
(75102, 73080, 32263, 180445)
(75086, 73080, 32263, 180429)
(75071, 73080, 32263, 180414)
(75064, 73080, 32263, 180407)
(75050, 73080, 32263, 180393)
(75037, 73080, 32263, 180380)
(75011, 73080, 32263, 180354)
(74994, 73080, 32263, 180337)
(74965, 73080, 32263, 180308)
(74948, 73080, 32263, 180291)
(74937, 73080, 32263, 180280)
(74925, 73080, 32263, 180268)
(74904, 73080, 32263, 180247)
(74882, 73080, 32263, 180225)
(74862, 73080, 32263, 180205)
(74843, 73080, 32263, 180186)
(74819, 73080, 32263, 180162)
(74804, 73080, 32263, 180147)
(74796, 73080, 32263, 180139)
(74785, 73080, 32263, 180128)
(74760, 73080, 32263, 180103)
(74749, 73080, 32263, 180092)
(74735, 73080, 32263, 180078)
(74720, 73080, 32263, 180063)
(74703, 73080, 32263, 180046)
(74694, 73080, 32263, 180037)
(74677, 73080, 32263, 180020)
(74668, 73080, 32263, 180011)
(74645, 73080, 32263, 179988)
(74628, 73080, 32263, 179971)
(74610, 73080, 32263, 179953)
(74584, 73080, 32263, 179927)
(74567, 73080, 32263, 179910)
(74560, 73080, 32263, 179903)
(74530, 73080, 32263, 179873)
(74514, 73080, 32263, 179857)
(74506, 73080, 32263, 179849)
(74500, 73080, 32263, 179843)
(74475, 73080, 32263, 179818)
(74459, 73080, 32263, 179802)
(74452, 73080, 32263, 179795)
(74439, 73080, 32263, 179782)
(74433, 73080, 32263, 179776)
(74423, 73080, 32263, 179766)
(74412, 73080, 32263, 179755)
(74409, 73080, 32263, 179752)
(74402, 73080, 32263, 179745)
(74393, 73080, 32263, 179736)
(74382, 73080, 32263, 179725)
(74365, 73080, 32263, 179708)
(74350, 73080, 32263, 179693)
(74336, 73080, 32263, 179679)
(74317, 73080, 32263, 179660)
(74300, 73080, 32263, 179643)
(74292, 73080, 32263, 179635)
(74268, 73080, 32263, 179611)
(74243, 73080, 32263, 179586)
(74233, 73080, 32263, 179576)
(74218, 73080, 32263, 179561)
(74197, 73080, 32263, 179540)
(74185, 73080, 32263, 179528)
(74168, 73080, 32263, 179511)
(74159, 73080, 32263, 179502)
(74139, 73080, 32263, 179482)
(74132, 73080, 32263, 179475)
(74113, 73080, 32263, 179456)
(74095, 73080, 32263, 179438)
(74078, 73080, 32263, 179421)
(74073, 73080, 32263, 179416)
(74062, 73080, 32263, 179405)
(74037, 73080, 32263, 179380)
(74021, 73080, 32263, 179364)
(74007, 73080, 32263, 179350)
(73993, 73080, 32263, 179336)
(73976, 73080, 32263, 179319)
(73955, 73080, 32263, 179298)
(73947, 73080, 32263, 179290)
(73937, 73080, 32263, 179280)
(73936, 73080, 32263, 179279)
(73925, 73080, 32263, 179268)
(73913, 73080, 32263, 179256)
(73885, 73080, 32263, 179228)
(73875, 73080, 32263, 179218)
(73866, 73080, 32263, 179209)
(73856, 73080, 32263, 179199)
(73844, 73080, 32263, 179187)
(73833, 73080, 32263, 179176)
(73828, 73080, 32263, 179171)
(73812, 73080, 32263, 179155)
(73795, 73080, 32263, 179138)
(73772, 73080, 32263, 179115)
(73763, 73080, 32263, 179106)
(73743, 73080, 32263, 179086)
(73729, 73080, 32263, 179072)
(73714, 73080, 32263, 179057)
(73709, 73080, 32263, 179052)
(73697, 73080, 32263, 179040)
(73681, 73080, 32263, 179024)
(73663, 73080, 32263, 179006)
(73644, 73080, 32263, 178987)
(73615, 73080, 32263, 178958)
(73603, 73080, 32263, 178946)
(73588, 73080, 32263, 178931)
(73575, 73080, 32263, 178918)
(73550, 73080, 32263, 178893)
(73535, 73080, 32263, 178878)
(73499, 73080, 32263, 178842)
(73489, 73080, 32263, 178832)
(73474, 73080, 32263, 178817)
(73455, 73080, 32263, 178798)
(73431, 73080, 32263, 178774)
(73416, 73080, 32263, 178759)
(73391, 73080, 32263, 178734)
(73377, 73080, 32263, 178720)
(73352, 73080, 32263, 178695)
(73340, 73080, 32263, 178683)
(73323, 73080, 32263, 178666)
(73318, 73080, 32263, 178661)
(73298, 73080, 32263, 178641)
(73291, 73080, 32263, 178634)
(73279, 73080, 32263, 178622)
(73255, 73080, 32263, 178598)
(73246, 73080, 32263, 178589)
(73230, 73080, 32263, 178573)
(73208, 73080, 32263, 178551)
(73187, 73080, 32263, 178530)
(73172, 73080, 32263, 178515)
(73160, 73080, 32263, 178503)
(73153, 73080, 32263, 178496)
(73139, 73080, 32263, 178482)
(73128, 73080, 32263, 178471)
(73118, 73080, 32263, 178461)
(73114, 73080, 32263, 178457)
(73087, 73080, 32263, 178430)
(73071, 73080, 32263, 178414)
(73049, 73080, 32263, 178392)
(73034, 73080, 32263, 178377)
(73018, 73080, 32263, 178361)
(73003, 73080, 32263, 178346)
(72984, 73080, 32263, 178327)
(72967, 73080, 32263, 178310)
(72962, 73080, 32263, 178305)
(72953, 73080, 32263, 178296)
(72934, 73080, 32263, 178277)
(72922, 73080, 32263, 178265)
(72917, 73080, 32263, 178260)
(72892, 73080, 32263, 178235)
(72889, 73080, 32263, 178232)
(72867, 73080, 32263, 178210)
(72854, 73080, 32263, 178197)
(72835, 73080, 32263, 178178)
(72824, 73080, 32263, 178167)
(72806, 73080, 32263, 178149)
(72788, 73080, 32263, 178131)
(72767, 73080, 32263, 178110)
(72761, 73080, 32263, 178104)
(72734, 73080, 32263, 178077)
(72732, 73080, 32263, 178075)
(72728, 73080, 32263, 178071)
(72713, 73080, 32263, 178056)
(72693, 73080, 32263, 178036)
(72683, 73080, 32263, 178026)
(72679, 73080, 32263, 178022)
(72665, 73080, 32263, 178008)
(72657, 73080, 32263, 178000)
(72639, 73080, 32263, 177982)
(72621, 73080, 32263, 177964)
(72609, 73080, 32263, 177952)
(72603, 73080, 32263, 177946)
(72579, 73080, 32263, 177922)
(72558, 73080, 32263, 177901)
(72551, 73080, 32263, 177894)
(72535, 73080, 32263, 177878)
(72512, 73080, 32263, 177855)
(72485, 73080, 32263, 177828)
(72460, 73080, 32263, 177803)
(72435, 73080, 32263, 177778)
(72417, 73080, 32263, 177760)
(72387, 73080, 32263, 177730)
(72375, 73080, 32263, 177718)
(72366, 73080, 32263, 177709)
(72360, 73080, 32263, 177703)
(72350, 73080, 32263, 177693)
(72325, 73080, 32263, 177668)
(72303, 73080, 32263, 177646)
(72287, 73080, 32263, 177630)
(72272, 73080, 32263, 177615)
(72261, 73080, 32263, 177604)
(72257, 73080, 32263, 177600)
(72240, 73080, 32263, 177583)
(72237, 73080, 32263, 177580)
(72227, 73080, 32263, 177570)
(72210, 73080, 32263, 177553)
(72188, 73080, 32263, 177531)
(72176, 73080, 32263, 177519)
(72169, 73080, 32263, 177512)
(72142, 73080, 32263, 177485)
(72130, 73080, 32263, 177473)
(72115, 73080, 32263, 177458)
(72102, 73080, 32263, 177445)
(72089, 73080, 32263, 177432)
(72070, 73080, 32263, 177413)
(72050, 73080, 32263, 177393)
(72023, 73080, 32263, 177366)
(72016, 73080, 32263, 177359)
(72010, 73080, 32263, 177353)
(72004, 73080, 32263, 177347)
(71988, 73080, 32263, 177331)
(71968, 73080, 32263, 177311)
(71957, 73080, 32263, 177300)
(71939, 73080, 32263, 177282)
(71929, 73080, 32263, 177272)
(71906, 73080, 32263, 177249)
(71891, 73080, 32263, 177234)
(71871, 73080, 32263, 177214)
(71854, 73080, 32263, 177197)
(71843, 73080, 32263, 177186)
(71825, 73080, 32263, 177168)
(71804, 73080, 32263, 177147)
(71773, 73080, 32263, 177116)
(71749, 73080, 32263, 177092)
(71747, 73080, 32263, 177090)
(71731, 73080, 32263, 177074)
(71727, 73080, 32263, 177070)
(71713, 73080, 32263, 177056)
(71705, 73080, 32263, 177048)
(71691, 73080, 32263, 177034)
(71690, 73080, 32263, 177033)
(71678, 73080, 32263, 177021)
(71648, 73080, 32263, 176991)
(71643, 73080, 32263, 176986)
(71631, 73080, 32263, 176974)
(71612, 73080, 32263, 176955)
(71590, 73080, 32263, 176933)
(71569, 73080, 32263, 176912)
(71547, 73080, 32263, 176890)
(71540, 73080, 32263, 176883)
(71532, 73080, 32263, 176875)
(71515, 73080, 32263, 176858)
(71498, 73080, 32263, 176841)
(71476, 73080, 32263, 176819)
(71463, 73080, 32263, 176806)
(71456, 73080, 32263, 176799)
(71452, 73080, 32263, 176795)
(71442, 73080, 32263, 176785)
(71422, 73080, 32263, 176765)
(71401, 73080, 32263, 176744)
(71396, 73080, 32263, 176739)
(71384, 73080, 32263, 176727)
(71360, 73080, 32263, 176703)
(71329, 73080, 32263, 176672)
(71314, 73080, 32263, 176657)
(71290, 73080, 32263, 176633)
(71278, 73080, 32263, 176621)
(71264, 73080, 32263, 176607)
(71239, 73080, 32263, 176582)
(71218, 73080, 32263, 176561)
(71211, 73080, 32263, 176554)
(71196, 73080, 32263, 176539)
(71177, 73080, 32263, 176520)
(71158, 73080, 32263, 176501)
(71142, 73080, 32263, 176485)
(71130, 73080, 32263, 176473)
(71121, 73080, 32263, 176464)
(71112, 73080, 32263, 176455)
(71082, 73080, 32263, 176425)
(71063, 73080, 32263, 176406)
(71050, 73080, 32263, 176393)
(71035, 73080, 32263, 176378)
(71031, 73080, 32263, 176374)
(71014, 73080, 32263, 176357)
(71003, 73080, 32263, 176346)
(70986, 73080, 32263, 176329)
(70965, 73080, 32263, 176308)
(70950, 73080, 32263, 176293)
(70945, 73080, 32263, 176288)
(70940, 73080, 32263, 176283)
(70920, 73080, 32263, 176263)
(70909, 73080, 32263, 176252)
(70889, 73080, 32263, 176232)
(70865, 73080, 32263, 176208)
(70845, 73080, 32263, 176188)
(70833, 73080, 32263, 176176)
(70816, 73080, 32263, 176159)
(70803, 73080, 32263, 176146)
(70781, 73080, 32263, 176124)
(70767, 73080, 32263, 176110)
(70749, 73080, 32263, 176092)
(70744, 73080, 32263, 176087)
(70723, 73080, 32263, 176066)
(70712, 73080, 32263, 176055)
(70688, 73080, 32263, 176031)
(70676, 73080, 32263, 176019)
(70672, 73080, 32263, 176015)
(70655, 73080, 32263, 175998)
(70633, 73080, 32263, 175976)
(70620, 73080, 32263, 175963)
(70616, 73080, 32263, 175959)
(70597, 73080, 32263, 175940)
(70594, 73080, 32263, 175937)
(70574, 73080, 32263, 175917)
(70554, 73080, 32263, 175897)
(70533, 73080, 32263, 175876)
(70517, 73080, 32263, 175860)
(70505, 73080, 32263, 175848)
(70496, 73080, 32263, 175839)
(70485, 73080, 32263, 175828)
(70473, 73080, 32263, 175816)
(70446, 73080, 32263, 175789)
(70426, 73080, 32263, 175769)
(70411, 73080, 32263, 175754)
(70394, 73080, 32263, 175737)
(70379, 73080, 32263, 175722)
(70363, 73080, 32263, 175706)
(70361, 73080, 32263, 175704)
(70345, 73080, 32263, 175688)
(70333, 73080, 32263, 175676)
(70310, 73080, 32263, 175653)
(70302, 73080, 32263, 175645)
(70285, 73080, 32263, 175628)
(70265, 73080, 32263, 175608)
(70255, 73080, 32263, 175598)
(70240, 73080, 32263, 175583)
(70232, 73080, 32263, 175575)
(70212, 73080, 32263, 175555)
(70186, 73080, 32263, 175529)
(70171, 73080, 32263, 175514)
(70158, 73080, 32263, 175501)
(70148, 73080, 32263, 175491)
(70137, 73080, 32263, 175480)
(70116, 73080, 32263, 175459)
(70114, 73080, 32263, 175457)
(70104, 73080, 32263, 175447)
(70092, 73080, 32263, 175435)
(70085, 73080, 32263, 175428)
(70082, 73080, 32263, 175425)
(70066, 73080, 32263, 175409)
(70048, 73080, 32263, 175391)
(70042, 73080, 32263, 175385)
(70031, 73080, 32263, 175374)
(70015, 73080, 32263, 175358)
(69996, 73080, 32263, 175339)
(69974, 73080, 32263, 175317)
(69955, 73080, 32263, 175298)
(69939, 73080, 32263, 175282)
(69924, 73080, 32263, 175267)
(69903, 73080, 32263, 175246)
(69877, 73080, 32263, 175220)
(69866, 73080, 32263, 175209)
(69851, 73080, 32263, 175194)
(69823, 73080, 32263, 175166)
(69805, 73080, 32263, 175148)
(69788, 73080, 32263, 175131)
(69767, 73080, 32263, 175110)
(69764, 73080, 32263, 175107)
(69749, 73080, 32263, 175092)
(69724, 73080, 32263, 175067)
(69701, 73080, 32263, 175044)
(69679, 73080, 32263, 175022)
(69667, 73080, 32263, 175010)
(69659, 73080, 32263, 175002)
(69649, 73080, 32263, 174992)
(69631, 73080, 32263, 174974)
(69619, 73080, 32263, 174962)
(69600, 73080, 32263, 174943)
(69580, 73080, 32263, 174923)
(69559, 73080, 32263, 174902)
(69544, 73080, 32263, 174887)
(69530, 73080, 32263, 174873)
(69512, 73080, 32263, 174855)
(69503, 73080, 32263, 174846)
(69494, 73080, 32263, 174837)
(69474, 73080, 32263, 174817)
(69458, 73080, 32263, 174801)
(69433, 73080, 32263, 174776)
(69414, 73080, 32263, 174757)
(69409, 73080, 32263, 174752)
(69395, 73080, 32263, 174738)
(69379, 73080, 32263, 174722)
(69359, 73080, 32263, 174702)
(69331, 73080, 32263, 174674)
(69324, 73080, 32263, 174667)
(69313, 73080, 32263, 174656)
(69300, 73080, 32263, 174643)
(69291, 73080, 32263, 174634)
(69276, 73080, 32263, 174619)
(69265, 73080, 32263, 174608)
(69259, 73080, 32263, 174602)
(69247, 73080, 32263, 174590)
(69231, 73080, 32263, 174574)
(69217, 73080, 32263, 174560)
(69199, 73080, 32263, 174542)
(69186, 73080, 32263, 174529)
(69172, 73080, 32263, 174515)
(69156, 73080, 32263, 174499)
(69152, 73080, 32263, 174495)
(69139, 73080, 32263, 174482)
(69122, 73080, 32263, 174465)
(69107, 73080, 32263, 174450)
(69094, 73080, 32263, 174437)
(69079, 73080, 32263, 174422)
(69071, 73080, 32263, 174414)
(69048, 73080, 32263, 174391)
(69016, 73080, 32263, 174359)
(69008, 73080, 32263, 174351)
(68984, 73080, 32263, 174327)
(68969, 73080, 32263, 174312)
(68959, 73080, 32263, 174302)
(68950, 73080, 32263, 174293)
(68934, 73080, 32263, 174277)
(68924, 73080, 32263, 174267)
(68918, 73080, 32263, 174261)
(68903, 73080, 32263, 174246)
(68890, 73080, 32263, 174233)
(68876, 73080, 32263, 174219)
(68864, 73080, 32263, 174207)
(68857, 73080, 32263, 174200)
(68838, 73080, 32263, 174181)
(68827, 73080, 32263, 174170)
(68814, 73080, 32263, 174157)
(68792, 73080, 32263, 174135)
(68779, 73080, 32263, 174122)
(68761, 73080, 32263, 174104)
(68749, 73080, 32263, 174092)
(68729, 73080, 32263, 174072)
(68727, 73080, 32263, 174070)
(68711, 73080, 32263, 174054)
(68701, 73080, 32263, 174044)
(68689, 73080, 32263, 174032)
(68667, 73080, 32263, 174010)
(68645, 73080, 32263, 173988)
(68636, 73080, 32263, 173979)
(68619, 73080, 32263, 173962)
(68596, 73080, 32263, 173939)
(68578, 73080, 32263, 173921)
(68563, 73080, 32263, 173906)
(68556, 73080, 32263, 173899)
(68546, 73080, 32263, 173889)
(68539, 73080, 32263, 173882)
(68530, 73080, 32263, 173873)
(68521, 73080, 32263, 173864)
(68512, 73080, 32263, 173855)
(68506, 73080, 32263, 173849)
(68488, 73080, 32263, 173831)
(68485, 73080, 32263, 173828)
(68480, 73080, 32263, 173823)
(68458, 73080, 32263, 173801)
(68446, 73080, 32263, 173789)
(68441, 73080, 32263, 173784)
(68427, 73080, 32263, 173770)
(68418, 73080, 32263, 173761)
(68404, 73080, 32263, 173747)
(68385, 73080, 32263, 173728)
(68357, 73080, 32263, 173700)
(68333, 73080, 32263, 173676)
(68317, 73080, 32263, 173660)
(68305, 73080, 32263, 173648)
(68282, 73080, 32263, 173625)
(68260, 73080, 32263, 173603)
(68248, 73080, 32263, 173591)
(68220, 73080, 32263, 173563)
(68206, 73080, 32263, 173549)
(68194, 73080, 32263, 173537)
(68182, 73080, 32263, 173525)
(68166, 73080, 32263, 173509)
(68153, 73080, 32263, 173496)
(68141, 73080, 32263, 173484)
(68114, 73080, 32263, 173457)
(68107, 73080, 32263, 173450)
(68106, 73080, 32263, 173449)
(68086, 73080, 32263, 173429)
(68074, 73080, 32263, 173417)
(68041, 73080, 32263, 173384)
(68018, 73080, 32263, 173361)
(68008, 73080, 32263, 173351)
(68002, 73080, 32263, 173345)
(67996, 73080, 32263, 173339)
(67982, 73080, 32263, 173325)
(67955, 73080, 32263, 173298)
(67924, 73080, 32263, 173267)
(67911, 73080, 32263, 173254)
(67896, 73080, 32263, 173239)
(67880, 73080, 32263, 173223)
(67874, 73080, 32263, 173217)
(67864, 73080, 32263, 173207)
(67844, 73080, 32263, 173187)
(67835, 73080, 32263, 173178)
(67832, 73080, 32263, 173175)
(67814, 73080, 32263, 173157)
(67809, 73080, 32263, 173152)
(67791, 73080, 32263, 173134)
(67785, 73080, 32263, 173128)
(67767, 73080, 32263, 173110)
(67750, 73080, 32263, 173093)
(67732, 73080, 32263, 173075)
(67719, 73080, 32263, 173062)
(67700, 73080, 32263, 173043)
(67682, 73080, 32263, 173025)
(67665, 73080, 32263, 173008)
(67643, 73080, 32263, 172986)
(67626, 73080, 32263, 172969)
(67605, 73080, 32263, 172948)
(67592, 73080, 32263, 172935)
(67584, 73080, 32263, 172927)
(67561, 73080, 32263, 172904)
(67543, 73080, 32263, 172886)
(67534, 73080, 32263, 172877)
(67527, 73080, 32263, 172870)
(67500, 73080, 32263, 172843)
(67482, 73080, 32263, 172825)
(67481, 73080, 32263, 172824)
(67464, 73080, 32263, 172807)
(67453, 73080, 32263, 172796)
(67437, 73080, 32263, 172780)
(67421, 73080, 32263, 172764)
(67415, 73080, 32263, 172758)
(67396, 73080, 32263, 172739)
(67374, 73080, 32263, 172717)
(67368, 73080, 32263, 172711)
(67363, 73080, 32263, 172706)
(67337, 73080, 32263, 172680)
(67321, 73080, 32263, 172664)
(67310, 73080, 32263, 172653)
(67288, 73080, 32263, 172631)
(67276, 73080, 32263, 172619)
(67263, 73080, 32263, 172606)
(67241, 73080, 32263, 172584)
(67230, 73080, 32263, 172573)
(67224, 73080, 32263, 172567)
(67217, 73080, 32263, 172560)
(67209, 73080, 32263, 172552)
(67197, 73080, 32263, 172540)
(67181, 73080, 32263, 172524)
(67164, 73080, 32263, 172507)
(67149, 73080, 32263, 172492)
(67132, 73080, 32263, 172475)
(67115, 73080, 32263, 172458)
(67097, 73080, 32263, 172440)
(67082, 73080, 32263, 172425)
(67072, 73080, 32263, 172415)
(67064, 73080, 32263, 172407)
(67062, 73080, 32263, 172405)
(67048, 73080, 32263, 172391)
(67038, 73080, 32263, 172381)
(67025, 73080, 32263, 172368)
(67005, 73080, 32263, 172348)
(66985, 73080, 32263, 172328)
(66960, 73080, 32263, 172303)
(66950, 73080, 32263, 172293)
(66940, 73080, 32263, 172283)
(66934, 73080, 32263, 172277)
(66922, 73080, 32263, 172265)
(66904, 73080, 32263, 172247)
(66890, 73080, 32263, 172233)
(66874, 73080, 32263, 172217)
(66871, 73080, 32263, 172214)
(66855, 73080, 32263, 172198)
(66843, 73080, 32263, 172186)
(66829, 73080, 32263, 172172)
(66824, 73080, 32263, 172167)
(66816, 73080, 32263, 172159)
(66809, 73080, 32263, 172152)
(66802, 73080, 32263, 172145)
(66781, 73080, 32263, 172124)
(66767, 73080, 32263, 172110)
(66766, 73080, 32263, 172109)
(66739, 73080, 32263, 172082)
(66720, 73080, 32263, 172063)
(66700, 73080, 32263, 172043)
(66686, 73080, 32263, 172029)
(66678, 73080, 32263, 172021)
(66674, 73080, 32263, 172017)
(66662, 73080, 32263, 172005)
(66650, 73080, 32263, 171993)
(66634, 73080, 32263, 171977)
(66617, 73080, 32263, 171960)
(66607, 73080, 32263, 171950)
(66594, 73080, 32263, 171937)
(66587, 73080, 32263, 171930)
(66567, 73080, 32263, 171910)
(66545, 73080, 32263, 171888)
(66543, 73080, 32263, 171886)
(66537, 73080, 32263, 171880)
(66522, 73080, 32263, 171865)
(66505, 73080, 32263, 171848)
(66488, 73080, 32263, 171831)
(66470, 73080, 32263, 171813)
(66454, 73080, 32263, 171797)
(66440, 73080, 32263, 171783)
(66428, 73080, 32263, 171771)
(66419, 73080, 32263, 171762)
(66405, 73080, 32263, 171748)
(66392, 73080, 32263, 171735)
(66371, 73080, 32263, 171714)
(66348, 73080, 32263, 171691)
(66329, 73080, 32263, 171672)
(66307, 73080, 32263, 171650)
(66292, 73080, 32263, 171635)
(66282, 73080, 32263, 171625)
(66264, 73080, 32263, 171607)
(66249, 73080, 32263, 171592)
(66243, 73080, 32263, 171586)
(66234, 73080, 32263, 171577)
(66219, 73080, 32263, 171562)
(66200, 73080, 32263, 171543)
(66179, 73080, 32263, 171522)
(66161, 73080, 32263, 171504)
(66145, 73080, 32263, 171488)
(66130, 73080, 32263, 171473)
(66113, 73080, 32263, 171456)
(66107, 73080, 32263, 171450)
(66073, 73080, 32263, 171416)
(66059, 73080, 32263, 171402)
(66048, 73080, 32263, 171391)
(66028, 73080, 32263, 171371)
(66019, 73080, 32263, 171362)
(66006, 73080, 32263, 171349)
(65992, 73080, 32263, 171335)
(65973, 73080, 32263, 171316)
(65961, 73080, 32263, 171304)
