NOMBRE : WB0551 
COMENTARIO :  Chino Windy aleatorio grafico
VERTICES :  500
ARISTAS_REQ : 1490
ARISTAS_NOREQ : 0
LISTA_ARISTAS_REQ :
(1,103)   coste   64    67
(1,165)   coste   22    27
(1,208)   coste   61    67
(1,261)   coste   58    60
(1,276)   coste   53    52
(1,321)   coste   44    46
(2,50)   coste   26    20
(2,131)   coste   68    70
(2,139)   coste   25    25
(2,385)   coste   26    26
(2,482)   coste   55    51
(3,62)   coste   58    58
(3,94)   coste   62    65
(3,205)   coste   87    89
(3,357)   coste   93    93
(3,485)   coste   75    75
(4,133)   coste   46    51
(4,375)   coste   26    21
(4,435)   coste   37    39
(4,478)   coste   39    40
(5,30)   coste   61    60
(5,75)   coste   28    27
(5,233)   coste   55    50
(5,296)   coste   28    27
(5,314)   coste   20    22
(5,399)   coste   28    23
(6,58)   coste   69    72
(6,62)   coste   82    88
(6,135)   coste   82    83
(6,199)   coste   56    62
(6,205)   coste   50    46
(6,451)   coste   75    78
(7,36)   coste   45    40
(7,66)   coste   65    61
(7,140)   coste   22    21
(7,143)   coste   52    59
(7,231)   coste   28    27
(7,418)   coste   60    63
(8,24)   coste   50    53
(8,118)   coste   26    26
(8,126)   coste   26    26
(8,229)   coste   40    43
(8,262)   coste   23    17
(8,298)   coste   3    3
(8,369)   coste   33    31
(9,77)   coste   16    9
(9,157)   coste   61    62
(9,213)   coste   31    30
(9,402)   coste   19    20
(9,495)   coste   1    7
(10,302)   coste   46    47
(10,361)   coste   54    58
(10,367)   coste   28    32
(10,382)   coste   17    20
(10,431)   coste   50    53
(10,484)   coste   43    48
(11,106)   coste   22    22
(11,181)   coste   85    79
(11,183)   coste   45    45
(11,234)   coste   45    50
(11,237)   coste   25    28
(11,299)   coste   60    55
(11,442)   coste   34    33
(11,496)   coste   74    79
(12,22)   coste   57    52
(12,94)   coste   57    61
(12,137)   coste   61    61
(12,221)   coste   9    9
(13,39)   coste   24    20
(13,185)   coste   36    42
(13,193)   coste   40    37
(13,223)   coste   54    55
(13,233)   coste   53    54
(13,247)   coste   13    15
(13,404)   coste   37    35
(14,31)   coste   12    16
(14,132)   coste   27    24
(14,325)   coste   48    44
(14,338)   coste   18    21
(14,371)   coste   39    40
(14,379)   coste   34    34
(15,150)   coste   36    36
(15,172)   coste   23    23
(15,214)   coste   35    35
(15,305)   coste   56    50
(15,328)   coste   59    61
(15,372)   coste   33    40
(15,420)   coste   47    44
(16,45)   coste   45    44
(16,60)   coste   17    19
(16,81)   coste   35    33
(16,201)   coste   42    38
(16,362)   coste   47    44
(16,445)   coste   72    74
(16,447)   coste   39    45
(17,79)   coste   49    48
(17,121)   coste   73    70
(17,361)   coste   65    69
(17,484)   coste   68    62
(18,92)   coste   34    34
(18,219)   coste   31    26
(18,263)   coste   26    29
(18,425)   coste   46    47
(18,432)   coste   33    39
(19,206)   coste   20    23
(19,212)   coste   66    69
(19,260)   coste   58    57
(19,283)   coste   88    86
(19,341)   coste   53    58
(19,429)   coste   4    5
(19,439)   coste   70    75
(20,95)   coste   44    45
(20,332)   coste   56    56
(20,344)   coste   57    55
(20,425)   coste   55    60
(20,432)   coste   45    52
(21,37)   coste   46    47
(21,188)   coste   23    19
(21,238)   coste   19    25
(21,289)   coste   39    34
(21,396)   coste   59    59
(21,401)   coste   29    34
(22,221)   coste   53    56
(22,268)   coste   40    44
(22,287)   coste   15    17
(22,301)   coste   51    52
(22,455)   coste   33    35
(23,43)   coste   56    63
(23,345)   coste   88    86
(23,416)   coste   22    18
(23,461)   coste   28    35
(24,65)   coste   6    8
(24,118)   coste   58    50
(24,229)   coste   30    33
(24,306)   coste   37    37
(25,48)   coste   61    63
(25,86)   coste   12    9
(25,406)   coste   19    15
(25,438)   coste   35    31
(25,447)   coste   55    50
(26,55)   coste   53    57
(26,110)   coste   7    9
(26,274)   coste   53    51
(26,459)   coste   51    50
(26,486)   coste   65    68
(27,48)   coste   56    55
(27,81)   coste   52    48
(27,201)   coste   19    23
(27,220)   coste   27    29
(27,275)   coste   33    39
(27,330)   coste   13    17
(27,447)   coste   55    49
(28,30)   coste   39    39
(28,56)   coste   65    62
(28,192)   coste   59    59
(28,270)   coste   56    64
(28,340)   coste   56    54
(29,127)   coste   58    59
(29,253)   coste   81    79
(29,255)   coste   43    41
(29,337)   coste   78    77
(29,417)   coste   32    40
(30,56)   coste   43    42
(30,75)   coste   43    41
(30,314)   coste   44    50
(31,132)   coste   26    32
(31,209)   coste   38    41
(31,325)   coste   40    37
(31,338)   coste   33    29
(31,371)   coste   32    34
(31,379)   coste   30    32
(32,101)   coste   57    53
(32,163)   coste   49    53
(32,329)   coste   37    34
(32,413)   coste   50    52
(32,463)   coste   34    40
(33,115)   coste   81    74
(33,138)   coste   29    35
(33,355)   coste   19    14
(33,437)   coste   62    67
(33,489)   coste   38    36
(34,80)   coste   24    26
(34,99)   coste   40    33
(34,192)   coste   42    40
(34,380)   coste   21    22
(34,481)   coste   16    18
(35,74)   coste   35    35
(35,83)   coste   6    8
(35,226)   coste   25    22
(35,348)   coste   36    34
(35,365)   coste   27    32
(35,403)   coste   31    26
(36,140)   coste   22    30
(36,231)   coste   22    21
(36,377)   coste   53    51
(36,464)   coste   37    45
(37,164)   coste   60    66
(37,188)   coste   30    27
(37,238)   coste   55    60
(37,289)   coste   17    11
(37,333)   coste   81    81
(37,476)   coste   84    91
(38,167)   coste   55    63
(38,313)   coste   32    36
(38,353)   coste   17    19
(38,368)   coste   33    39
(38,452)   coste   47    41
(39,185)   coste   40    34
(39,247)   coste   22    28
(39,320)   coste   21    21
(39,404)   coste   30    29
(39,474)   coste   55    55
(40,85)   coste   46    50
(40,144)   coste   32    32
(40,202)   coste   32    26
(40,308)   coste   48    50
(40,319)   coste   45    44
(40,360)   coste   31    36
(40,393)   coste   41    43
(40,465)   coste   15    18
(41,103)   coste   48    48
(41,120)   coste   43    38
(41,145)   coste   54    50
(41,267)   coste   22    26
(41,473)   coste   44    43
(42,207)   coste   52    57
(42,230)   coste   28    36
(42,358)   coste   74    70
(42,373)   coste   27    25
(42,390)   coste   83    81
(43,46)   coste   40    42
(43,68)   coste   24    21
(43,191)   coste   48    44
(43,461)   coste   39    35
(44,127)   coste   54    58
(44,136)   coste   43    45
(44,269)   coste   96    92
(44,337)   coste   25    22
(44,375)   coste   82    80
(45,60)   coste   54    53
(45,362)   coste   8    6
(45,445)   coste   26    25
(46,68)   coste   34    33
(46,114)   coste   60    57
(46,174)   coste   63    57
(46,191)   coste   17    16
(47,76)   coste   18    13
(47,184)   coste   57    55
(47,248)   coste   22    23
(47,354)   coste   41    41
(48,201)   coste   53    57
(48,275)   coste   42    43
(48,447)   coste   29    31
(49,121)   coste   42    44
(49,124)   coste   22    20
(49,197)   coste   5    5
(49,409)   coste   52    52
(49,433)   coste   43    38
(50,105)   coste   55    55
(50,131)   coste   49    50
(50,139)   coste   30    32
(50,322)   coste   59    56
(50,385)   coste   43    42
(51,242)   coste   78    76
(51,336)   coste   70    69
(51,390)   coste   75    70
(51,440)   coste   48    52
(51,470)   coste   61    68
(52,180)   coste   40    35
(52,299)   coste   31    34
(52,303)   coste   52    56
(52,480)   coste   38    38
(53,71)   coste   53    58
(53,114)   coste   46    45
(53,209)   coste   44    42
(53,281)   coste   41    49
(53,311)   coste   28    35
(53,349)   coste   48    45
(53,350)   coste   34    29
(54,111)   coste   46    51
(54,216)   coste   53    46
(54,249)   coste   23    24
(54,274)   coste   41    41
(54,317)   coste   31    31
(54,374)   coste   13    14
(54,464)   coste   48    47
(55,110)   coste   52    50
(55,300)   coste   54    54
(55,421)   coste   51    46
(55,459)   coste   66    68
(55,492)   coste   44    46
(56,75)   coste   42    36
(56,313)   coste   66    70
(57,152)   coste   30    23
(57,325)   coste   39    45
(57,349)   coste   35    38
(57,408)   coste   28    27
(58,98)   coste   62    55
(58,116)   coste   62    59
(58,135)   coste   12    10
(59,111)   coste   37    39
(59,295)   coste   12    9
(59,348)   coste   48    51
(59,381)   coste   70    70
(59,499)   coste   52    54
(60,81)   coste   48    49
(60,201)   coste   45    43
(60,362)   coste   54    52
(60,447)   coste   31    29
(61,190)   coste   48    49
(61,285)   coste   64    62
(61,297)   coste   53    53
(61,336)   coste   38    33
(61,400)   coste   61    64
(61,440)   coste   61    64
(61,457)   coste   28    22
(61,470)   coste   23    26
(62,116)   coste   85    86
(62,147)   coste   82    88
(62,205)   coste   50    55
(63,171)   coste   74    72
(63,204)   coste   66    66
(63,310)   coste   72    75
(63,378)   coste   70    71
(63,482)   coste   28    30
(64,81)   coste   26    27
(64,187)   coste   56    57
(64,201)   coste   54    54
(64,220)   coste   46    39
(64,445)   coste   79    75
(64,475)   coste   59    57
(65,229)   coste   40    40
(65,306)   coste   37    40
(65,455)   coste   76    79
(66,138)   coste   84    85
(66,143)   coste   68    76
(66,254)   coste   54    58
(66,323)   coste   45    47
(66,418)   coste   70    73
(67,307)   coste   34    35
(67,331)   coste   31    32
(67,441)   coste   25    22
(67,479)   coste   16    21
(68,114)   coste   57    61
(68,191)   coste   51    49
(68,416)   coste   62    67
(68,461)   coste   35    42
(69,257)   coste   68    62
(69,272)   coste   65    68
(69,309)   coste   57    55
(69,459)   coste   109    112
(69,486)   coste   120    116
(70,156)   coste   28    26
(70,204)   coste   94    92
(70,244)   coste   30    29
(70,310)   coste   106    106
(70,318)   coste   29    21
(70,359)   coste   38    45
(70,467)   coste   46    52
(71,114)   coste   51    55
(71,174)   coste   38    45
(71,256)   coste   47    45
(71,281)   coste   30    32
(71,311)   coste   36    40
(72,91)   coste   37    29
(72,187)   coste   31    37
(72,384)   coste   68    73
(72,477)   coste   52    46
(72,500)   coste   52    51
(73,89)   coste   32    34
(73,115)   coste   19    21
(73,361)   coste   65    67
(73,433)   coste   49    46
(73,489)   coste   62    63
(74,83)   coste   27    31
(74,108)   coste   30    27
(74,218)   coste   24    26
(74,264)   coste   19    15
(74,419)   coste   15    8
(74,483)   coste   32    39
(75,233)   coste   53    50
(75,314)   coste   44    44
(75,399)   coste   47    43
(76,248)   coste   7    9
(76,303)   coste   55    57
(76,354)   coste   25    31
(76,446)   coste   15    9
(77,145)   coste   64    64
(77,213)   coste   17    19
(77,267)   coste   58    61
(77,402)   coste   35    35
(77,449)   coste   28    28
(77,495)   coste   14    8
(78,127)   coste   53    46
(78,253)   coste   24    22
(78,271)   coste   19    20
(78,375)   coste   32    30
(78,435)   coste   3    4
(79,206)   coste   55    55
(79,212)   coste   14    12
(79,232)   coste   43    37
(79,341)   coste   57    59
(80,99)   coste   56    59
(80,192)   coste   51    53
(80,368)   coste   33    34
(80,380)   coste   46    46
(81,201)   coste   36    37
(81,220)   coste   30    34
(81,362)   coste   59    52
(81,445)   coste   73    74
(82,120)   coste   28    27
(82,145)   coste   34    31
(82,165)   coste   53    48
(82,386)   coste   55    50
(83,218)   coste   25    28
(83,226)   coste   28    29
(83,264)   coste   32    30
(83,365)   coste   27    30
(83,403)   coste   22    21
(84,176)   coste   42    41
(84,179)   coste   38    32
(84,228)   coste   52    59
(84,398)   coste   26    22
(84,410)   coste   64    63
(84,411)   coste   57    57
(85,144)   coste   46    47
(85,169)   coste   36    43
(85,308)   coste   20    14
(85,319)   coste   10    9
(86,145)   coste   55    60
(86,406)   coste   18    18
(86,447)   coste   65    58
(87,148)   coste   104    104
(87,285)   coste   45    44
(87,297)   coste   76    78
(87,364)   coste   79    79
(87,400)   coste   71    65
(87,456)   coste   81    82
(88,126)   coste   42    47
(88,156)   coste   37    38
(88,244)   coste   65    63
(88,262)   coste   52    48
(88,359)   coste   43    43
(88,467)   coste   48    48
(89,115)   coste   21    22
(89,121)   coste   53    54
(89,197)   coste   58    54
(89,433)   coste   42    44
(90,117)   coste   63    63
(90,236)   coste   90    83
(90,280)   coste   79    83
(90,453)   coste   33    33
(90,487)   coste   46    45
(91,187)   coste   62    62
(91,241)   coste   71    72
(91,384)   coste   62    60
(91,477)   coste   20    21
(92,135)   coste   78    77
(92,263)   coste   12    9
(92,370)   coste   24    28
(92,432)   coste   56    55
(93,202)   coste   50    45
(93,254)   coste   31    34
(93,351)   coste   12    16
(94,221)   coste   56    59
(94,301)   coste   61    57
(94,485)   coste   54    57
(95,338)   coste   62    68
(95,383)   coste   24    21
(95,448)   coste   57    51
(95,488)   coste   25    31
(96,158)   coste   14    19
(96,159)   coste   36    35
(96,176)   coste   49    44
(96,222)   coste   41    44
(96,228)   coste   46    52
(96,316)   coste   41    48
(96,490)   coste   56    55
(97,148)   coste   93    88
(97,297)   coste   51    54
(97,407)   coste   20    22
(97,457)   coste   72    66
(97,470)   coste   72    70
(98,116)   coste   57    60
(98,135)   coste   58    55
(98,282)   coste   42    42
(98,344)   coste   53    61
(98,471)   coste   48    52
(99,149)   coste   70    72
(99,380)   coste   51    43
(99,481)   coste   28    30
(100,130)   coste   66    68
(100,294)   coste   61    66
(100,426)   coste   51    54
(100,472)   coste   18    20
(100,498)   coste   42    42
(101,236)   coste   50    48
(101,258)   coste   41    41
(101,434)   coste   26    21
(101,463)   coste   52    48
(102,109)   coste   61    56
(102,259)   coste   42    34
(102,454)   coste   27    29
(102,494)   coste   55    53
(103,267)   coste   59    57
(103,276)   coste   44    43
(103,464)   coste   67    67
(104,119)   coste   2    1
(104,371)   coste   34    38
(104,379)   coste   44    49
(104,444)   coste   42    35
(105,109)   coste   8    4
(105,131)   coste   20    18
(105,284)   coste   62    65
(105,322)   coste   41    43
(105,352)   coste   58    58
(105,423)   coste   46    42
(106,237)   coste   3    4
(106,299)   coste   33    31
(106,480)   coste   48    45
(107,186)   coste   30    23
(107,234)   coste   56    57
(107,284)   coste   61    60
(107,442)   coste   80    79
(107,469)   coste   64    66
(108,264)   coste   48    42
(108,419)   coste   37    37
(108,430)   coste   25    19
(108,483)   coste   16    8
(109,131)   coste   19    19
(109,259)   coste   20    25
(109,322)   coste   40    39
(110,274)   coste   48    47
(110,317)   coste   45    45
(110,459)   coste   59    57
(111,195)   coste   43    51
(111,216)   coste   27    25
(111,249)   coste   46    44
(111,274)   coste   45    53
(111,295)   coste   44    49
(111,377)   coste   55    48
(112,235)   coste   56    58
(112,326)   coste   36    36
(112,339)   coste   63    63
(112,462)   coste   55    51
(112,474)   coste   59    57
(113,137)   coste   77    73
(113,181)   coste   33    34
(113,307)   coste   83    82
(113,327)   coste   63    67
(114,191)   coste   71    76
(114,349)   coste   49    55
(114,350)   coste   22    29
(115,361)   coste   50    46
(115,433)   coste   58    57
(115,489)   coste   78    78
(116,135)   coste   75    74
(116,497)   coste   43    47
(117,273)   coste   52    48
(117,277)   coste   39    41
(117,443)   coste   32    37
(117,453)   coste   50    44
(118,227)   coste   22    20
(118,298)   coste   29    29
(118,369)   coste   28    28
(119,125)   coste   40    39
(119,379)   coste   47    50
(119,444)   coste   33    33
(120,145)   coste   20    17
(120,165)   coste   63    69
(120,267)   coste   62    64
(121,124)   coste   54    53
(121,130)   coste   64    60
(121,197)   coste   39    43
(121,409)   coste   60    60
(122,147)   coste   75    71
(122,215)   coste   65    63
(122,279)   coste   33    34
(122,357)   coste   67    68
(122,428)   coste   52    47
(123,178)   coste   46    44
(123,251)   coste   35    35
(123,291)   coste   36    41
(123,356)   coste   51    48
(123,412)   coste   39    38
(123,420)   coste   59    58
(123,458)   coste   24    23
(124,197)   coste   26    23
(124,409)   coste   31    28
(124,433)   coste   56    61
(125,196)   coste   38    39
(125,397)   coste   68    67
(125,444)   coste   17    17
(125,460)   coste   46    46
(126,160)   coste   72    75
(126,262)   coste   22    20
(126,298)   coste   16    19
(126,369)   coste   37    33
(127,253)   coste   36    29
(127,255)   coste   60    59
(127,337)   coste   47    55
(127,375)   coste   36    35
(127,435)   coste   44    44
(128,133)   coste   36    32
(128,136)   coste   60    60
(128,269)   coste   85    85
(128,345)   coste   32    35
(128,478)   coste   43    45
(129,158)   coste   44    42
(129,222)   coste   43    44
(129,490)   coste   13    13
(130,387)   coste   55    54
(130,395)   coste   71    71
(130,409)   coste   42    46
(130,426)   coste   28    30
(130,498)   coste   55    54
(131,259)   coste   30    23
(131,322)   coste   19    24
(131,423)   coste   55    61
(132,332)   coste   35    32
(132,338)   coste   26    21
(132,371)   coste   13    10
(132,379)   coste   26    27
(132,493)   coste   49    48
(133,136)   coste   63    66
(133,345)   coste   64    65
(133,478)   coste   13    15
(134,154)   coste   47    48
(134,175)   coste   72    73
(134,252)   coste   16    15
(134,270)   coste   19    22
(134,451)   coste   54    57
(135,370)   coste   65    70
(135,468)   coste   79    81
(136,269)   coste   55    52
(136,345)   coste   88    83
(137,307)   coste   53    50
(137,441)   coste   41    47
(138,355)   coste   45    43
(138,489)   coste   2    3
(139,171)   coste   54    52
(139,385)   coste   24    26
(139,482)   coste   49    51
(140,231)   coste   27    30
(140,377)   coste   43    42
(141,177)   coste   65    58
(141,208)   coste   65    68
(141,339)   coste   19    18
(141,404)   coste   54    51
(141,474)   coste   33    27
(142,159)   coste   52    45
(142,228)   coste   12    10
(142,316)   coste   38    42
(142,335)   coste   59    64
(142,342)   coste   53    54
(142,411)   coste   46    48
(142,427)   coste   48    49
(143,211)   coste   48    50
(143,231)   coste   56    54
(143,261)   coste   46    41
(143,323)   coste   56    54
(143,418)   coste   15    9
(144,169)   coste   8    11
(144,319)   coste   36    38
(144,393)   coste   34    27
(144,465)   coste   20    22
(145,406)   coste   65    68
(145,438)   coste   73    72
(146,183)   coste   25    23
(146,324)   coste   23    18
(146,334)   coste   47    45
(146,363)   coste   22    24
(146,442)   coste   39    40
(147,153)   coste   44    44
(147,215)   coste   51    45
(147,279)   coste   71    73
(147,405)   coste   56    53
(147,410)   coste   63    69
(147,497)   coste   68    70
(148,285)   coste   129    125
(148,297)   coste   92    92
(149,192)   coste   54    52
(149,250)   coste   35    27
(149,380)   coste   41    45
(149,468)   coste   47    50
(149,481)   coste   48    55
(150,172)   coste   21    15
(150,214)   coste   5    9
(150,293)   coste   52    52
(150,372)   coste   12    10
(151,265)   coste   66    66
(151,342)   coste   56    54
(151,427)   coste   53    48
(151,448)   coste   41    45
(151,488)   coste   64    60
(152,349)   coste   49    44
(152,408)   coste   25    26
(153,215)   coste   51    46
(153,405)   coste   41    36
(153,410)   coste   40    42
(153,497)   coste   45    50
(154,175)   coste   70    67
(154,199)   coste   62    61
(154,252)   coste   56    53
(154,270)   coste   55    60
(154,327)   coste   102    102
(154,451)   coste   20    17
(155,207)   coste   60    60
(155,230)   coste   61    57
(155,242)   coste   44    39
(155,373)   coste   92    85
(155,407)   coste   86    83
(156,244)   coste   42    47
(156,318)   coste   27    26
(156,359)   coste   14    20
(157,164)   coste   46    46
(157,333)   coste   76    77
(157,343)   coste   67    67
(157,402)   coste   46    48
(157,438)   coste   50    54
(158,159)   coste   50    52
(158,176)   coste   53    52
(158,222)   coste   42    38
(158,490)   coste   43    42
(159,228)   coste   48    44
(159,316)   coste   14    9
(159,335)   coste   58    50
(160,173)   coste   72    65
(160,312)   coste   35    34
(160,376)   coste   70    67
(160,422)   coste   66    68
(161,200)   coste   49    53
(161,347)   coste   51    43
(161,358)   coste   34    35
(161,487)   coste   50    47
(162,240)   coste   18    20
(162,494)   coste   50    56
(163,240)   coste   33    40
(163,329)   coste   38    36
(163,413)   coste   17    21
(164,333)   coste   63    58
(164,343)   coste   76    78
(164,402)   coste   39    41
(165,276)   coste   68    65
(165,321)   coste   71    69
(165,386)   coste   47    46
(165,389)   coste   57    50
(166,203)   coste   13    18
(166,217)   coste   19    14
(166,275)   coste   49    51
(166,286)   coste   35    36
(166,346)   coste   31    37
(166,366)   coste   53    52
(167,182)   coste   59    56
(167,224)   coste   11    11
(167,313)   coste   58    53
(167,353)   coste   49    49
(167,452)   coste   23    23
(168,271)   coste   31    28
(168,383)   coste   54    57
(168,488)   coste   61    61
(169,308)   coste   54    52
(169,319)   coste   35    38
(169,393)   coste   37    42
(170,203)   coste   38    37
(170,292)   coste   5    12
(170,304)   coste   15    22
(170,346)   coste   33    37
(171,378)   coste   42    43
(171,385)   coste   51    56
(171,392)   coste   38    38
(171,482)   coste   52    60
(172,214)   coste   21    19
(172,328)   coste   54    53
(172,372)   coste   14    13
(173,198)   coste   59    56
(173,312)   coste   42    36
(173,357)   coste   48    51
(173,422)   coste   8    8
(173,428)   coste   53    53
(174,191)   coste   50    49
(174,241)   coste   59    62
(174,256)   coste   59    62
(174,384)   coste   46    51
(175,307)   coste   76    82
(175,327)   coste   47    45
(176,179)   coste   20    15
(176,222)   coste   23    22
(177,208)   coste   54    49
(177,224)   coste   49    46
(177,394)   coste   19    18
(177,414)   coste   60    57
(178,235)   coste   29    30
(178,251)   coste   36    40
(178,356)   coste   59    61
(178,412)   coste   18    15
(178,458)   coste   49    57
(179,222)   coste   30    32
(179,410)   coste   55    53
(179,497)   coste   64    64
(180,184)   coste   37    40
(180,266)   coste   51    54
(180,303)   coste   43    48
(180,480)   coste   50    51
(181,237)   coste   78    72
(181,327)   coste   89    88
(181,496)   coste   25    21
(182,224)   coste   47    49
(182,394)   coste   17    24
(182,414)   coste   39    37
(183,234)   coste   50    50
(183,324)   coste   7    11
(183,363)   coste   45    45
(183,442)   coste   16    12
(184,266)   coste   35    37
(184,334)   coste   52    54
(184,480)   coste   57    57
(185,233)   coste   57    57
(185,320)   coste   48    50
(186,234)   coste   79    75
(186,284)   coste   36    34
(186,352)   coste   75    71
(186,469)   coste   89    91
(187,475)   coste   24    26
(187,477)   coste   77    74
(187,500)   coste   30    33
(188,238)   coste   33    32
(188,289)   coste   13    15
(188,396)   coste   59    57
(189,358)   coste   76    72
(189,387)   coste   49    46
(189,390)   coste   63    62
(189,395)   coste   12    15
(189,426)   coste   56    53
(190,336)   coste   36    39
(190,341)   coste   53    58
(190,400)   coste   43    44
(190,440)   coste   66    62
(191,241)   coste   83    80
(192,380)   coste   27    25
(192,481)   coste   41    46
(193,223)   coste   21    26
(193,247)   coste   30    25
(193,404)   coste   49    46
(194,243)   coste   28    30
(194,302)   coste   51    47
(194,382)   coste   33    30
(194,424)   coste   17    11
(194,431)   coste   58    56
(195,216)   coste   32    34
(195,348)   coste   51    48
(195,377)   coste   8    8
(195,415)   coste   29    23
(196,210)   coste   25    19
(196,444)   coste   37    40
(196,460)   coste   21    18
(197,433)   coste   39    37
(198,312)   coste   55    58
(198,428)   coste   29    30
(199,205)   coste   47    50
(199,331)   coste   53    51
(199,451)   coste   52    50
(199,479)   coste   34    34
(200,280)   coste   58    65
(200,347)   coste   1    2
(200,487)   coste   51    56
(201,220)   coste   27    28
(201,330)   coste   27    33
(201,447)   coste   44    42
(202,239)   coste   40    37
(202,351)   coste   46    41
(202,360)   coste   34    36
(202,465)   coste   40    44
(203,217)   coste   22    25
(203,286)   coste   45    44
(203,304)   coste   45    45
(203,346)   coste   25    22
(203,366)   coste   46    45
(204,310)   coste   14    14
(204,318)   coste   82    76
(204,378)   coste   88    86
(205,331)   coste   73    76
(205,479)   coste   68    67
(206,212)   coste   48    51
(206,341)   coste   57    49
(206,429)   coste   14    13
(207,230)   coste   28    28
(207,242)   coste   91    90
(208,321)   coste   44    48
(208,386)   coste   53    53
(208,389)   coste   50    46
(209,311)   coste   55    54
(209,325)   coste   37    40
(209,379)   coste   35    31
(210,256)   coste   55    57
(210,288)   coste   48    41
(210,290)   coste   44    41
(210,460)   coste   9    7
(211,261)   coste   30    34
(211,321)   coste   53    47
(211,323)   coste   73    78
(211,326)   coste   30    32
(211,418)   coste   48    44
(212,232)   coste   29    27
(212,341)   coste   44    46
(212,429)   coste   63    62
(213,267)   coste   46    41
(213,449)   coste   29    33
(213,473)   coste   16    17
(213,495)   coste   28    30
(214,278)   coste   41    47
(214,293)   coste   51    44
(214,305)   coste   72    75
(215,279)   coste   46    41
(215,405)   coste   19    11
(216,249)   coste   37    39
(216,377)   coste   33    32
(216,464)   coste   51    49
(217,275)   coste   38    35
(217,286)   coste   16    21
(217,346)   coste   29    28
(218,264)   coste   13    12
(218,308)   coste   52    53
(218,403)   coste   37    31
(218,419)   coste   27    29
(219,425)   coste   38    42
(219,432)   coste   37    35
(219,493)   coste   37    41
(220,246)   coste   61    61
(220,330)   coste   21    23
(221,268)   coste   49    47
(221,287)   coste   62    65
(221,301)   coste   39    42
(222,490)   coste   34    39
(223,247)   coste   52    48
(223,313)   coste   37    40
(223,353)   coste   48    53
(224,394)   coste   39    34
(224,452)   coste   31    38
(225,273)   coste   45    51
(225,277)   coste   13    11
(225,329)   coste   42    39
(225,413)   coste   41    36
(225,443)   coste   20    20
(226,239)   coste   44    44
(226,348)   coste   38    32
(226,365)   coste   9    8
(226,403)   coste   29    25
(226,415)   coste   34    37
(227,369)   coste   33    35
(227,485)   coste   43    48
(228,316)   coste   47    46
(228,335)   coste   75    70
(228,411)   coste   52    46
(229,262)   coste   31    30
(229,306)   coste   20    17
(230,242)   coste   77    75
(230,373)   coste   37    40
(231,276)   coste   59    60
(231,464)   coste   58    62
(232,341)   coste   44    52
(232,387)   coste   76    72
(232,395)   coste   80    77
(232,440)   coste   72    72
(233,399)   coste   34    42
(234,442)   coste   37    34
(234,496)   coste   76    76
(235,356)   coste   64    68
(235,412)   coste   38    36
(236,280)   coste   7    14
(236,434)   coste   47    42
(237,299)   coste   34    39
(237,496)   coste   74    73
(238,289)   coste   48    48
(238,401)   coste   25    29
(238,492)   coste   47    44
(239,365)   coste   39    38
(239,403)   coste   48    49
(239,415)   coste   44    47
(240,329)   coste   68    69
(240,494)   coste   67    61
(241,384)   coste   26    27
(241,477)   coste   80    81
(242,407)   coste   55    57
(243,424)   coste   14    15
(243,431)   coste   67    66
(243,466)   coste   7    5
(245,302)   coste   36    32
(245,351)   coste   44    50
(245,355)   coste   50    44
(245,437)   coste   15    13
(245,450)   coste   21    20
(246,288)   coste   29    32
(246,330)   coste   54    59
(246,475)   coste   38    45
(246,491)   coste   41    39
(247,320)   coste   49    46
(247,404)   coste   35    30
(248,278)   coste   53    47
(248,294)   coste   53    50
(248,446)   coste   14    12
(249,374)   coste   14    14
(249,464)   coste   29    28
(250,340)   coste   65    69
(250,370)   coste   62    60
(250,380)   coste   68    66
(250,468)   coste   21    27
(251,412)   coste   30    30
(251,458)   coste   18    17
(251,462)   coste   38    40
(252,270)   coste   10    6
(252,451)   coste   48    54
(253,375)   coste   11    5
(253,435)   coste   13    13
(254,355)   coste   66    69
(254,360)   coste   62    66
(255,337)   coste   50    50
(255,417)   coste   62    61
(256,281)   coste   42    43
(256,290)   coste   59    56
(257,309)   coste   117    115
(257,315)   coste   132    132
(258,273)   coste   9    12
(258,463)   coste   24    28
(259,322)   coste   35    30
(260,283)   coste   87    88
(260,367)   coste   61    66
(260,429)   coste   60    56
(260,431)   coste   31    29
(260,439)   coste   39    39
(261,276)   coste   55    52
(261,321)   coste   43    43
(261,418)   coste   48    48
(262,298)   coste   22    19
(263,370)   coste   25    20
(263,432)   coste   64    60
(264,419)   coste   15    12
(265,344)   coste   41    39
(265,391)   coste   14    11
(265,411)   coste   42    46
(265,427)   coste   41    35
(265,448)   coste   36    35
(266,334)   coste   14    18
(266,363)   coste   34    30
(266,480)   coste   37    36
(267,473)   coste   32    30
(268,287)   coste   43    37
(268,301)   coste   10    7
(269,337)   coste   111    112
(269,345)   coste   95    99
(270,340)   coste   25    23
(270,451)   coste   53    56
(271,435)   coste   18    20
(272,309)   coste   17    12
(272,388)   coste   96    95
(272,459)   coste   111    109
(272,486)   coste   70    73
(273,277)   coste   32    32
(273,329)   coste   42    42
(273,443)   coste   43    40
(273,453)   coste   85    88
(273,463)   coste   23    21
(274,317)   coste   47    43
(274,388)   coste   81    77
(274,499)   coste   53    56
(275,286)   coste   32    32
(275,330)   coste   49    44
(275,346)   coste   45    41
(277,413)   coste   43    46
(277,443)   coste   11    14
(277,463)   coste   40    43
(278,294)   coste   46    47
(278,305)   coste   61    68
(278,354)   coste   49    46
(278,446)   coste   45    50
(279,405)   coste   59    54
(279,428)   coste   71    71
(280,487)   coste   64    64
(281,311)   coste   20    12
(282,344)   coste   21    25
(282,391)   coste   38    41
(282,398)   coste   58    60
(282,471)   coste   26    26
(283,439)   coste   50    49
(283,456)   coste   62    67
(284,352)   coste   47    45
(284,423)   coste   57    54
(285,297)   coste   62    61
(285,364)   coste   65    66
(285,400)   coste   35    31
(286,346)   coste   47    43
(286,414)   coste   51    48
(287,301)   coste   46    48
(287,455)   coste   34    34
(288,397)   coste   48    51
(288,460)   coste   41    40
(288,475)   coste   51    49
(288,491)   coste   32    27
(289,396)   coste   56    59
(290,460)   coste   55    55
(290,475)   coste   33    33
(290,500)   coste   7    7
(291,420)   coste   24    25
(291,458)   coste   32    34
(292,304)   coste   24    23
(292,346)   coste   45    41
(292,397)   coste   56    56
(292,491)   coste   51    47
(293,303)   coste   13    18
(293,354)   coste   34    29
(293,372)   coste   54    53
(294,446)   coste   60    53
(294,498)   coste   25    26
(295,348)   coste   37    43
(295,381)   coste   70    73
(295,430)   coste   32    36
(295,499)   coste   57    53
(296,314)   coste   35    36
(296,328)   coste   58    54
(296,399)   coste   24    24
(297,407)   coste   68    66
(297,457)   coste   45    45
(298,369)   coste   24    24
(299,480)   coste   32    29
(300,401)   coste   33    35
(300,421)   coste   22    21
(300,459)   coste   45    51
(300,492)   coste   30    30
(301,485)   coste   69    69
(302,382)   coste   30    36
(302,437)   coste   25    18
(302,450)   coste   28    31
(303,354)   coste   29    33
(304,346)   coste   52    50
(304,366)   coste   42    40
(305,420)   coste   35    38
(307,327)   coste   92    89
(307,331)   coste   55    56
(307,441)   coste   19    24
(309,459)   coste   113    113
(309,486)   coste   89    87
(311,350)   coste   58    59
(312,376)   coste   41    39
(312,422)   coste   38    45
(313,353)   coste   21    22
(313,452)   coste   53    52
(314,399)   coste   43    47
(315,396)   coste   5    3
(315,401)   coste   69    69
(316,335)   coste   43    42
(316,342)   coste   57    56
(317,374)   coste   33    30
(318,359)   coste   31    29
(318,378)   coste   64    68
(318,392)   coste   65    70
(318,467)   coste   25    28
(320,404)   coste   30    27
(320,462)   coste   34    35
(320,474)   coste   53    46
(323,326)   coste   81    77
(323,418)   coste   42    48
(324,363)   coste   36    39
(325,349)   coste   44    40
(325,408)   coste   59    59
(326,339)   coste   54    53
(326,418)   coste   68    66
(326,474)   coste   64    59
(328,372)   coste   67    66
(328,399)   coste   55    59
(329,413)   coste   19    13
(329,463)   coste   24    19
(330,346)   coste   47    47
(331,441)   coste   35    38
(331,479)   coste   28    32
(332,338)   coste   31    37
(332,425)   coste   18    20
(332,432)   coste   38    42
(332,493)   coste   23    16
(333,343)   coste   52    47
(333,476)   coste   11    11
(334,363)   coste   25    25
(334,434)   coste   61    64
(334,480)   coste   51    49
(335,342)   coste   24    24
(335,417)   coste   77    75
(336,440)   coste   31    31
(336,457)   coste   58    58
(336,470)   coste   51    49
(338,383)   coste   60    61
(339,474)   coste   17    18
(340,468)   coste   56    58
(341,429)   coste   53    54
(342,417)   coste   75    77
(342,427)   coste   65    66
(343,438)   coste   80    88
(343,476)   coste   51    51
(344,391)   coste   26    31
(344,471)   coste   37    44
(345,416)   coste   86    82
(345,478)   coste   73    76
(347,472)   coste   61    67
(347,487)   coste   56    56
(348,415)   coste   34    37
(348,430)   coste   31    33
(349,350)   coste   33    27
(349,408)   coste   21    29
(350,408)   coste   42    46
(351,360)   coste   15    20
(351,393)   coste   33    35
(351,450)   coste   47    46
(352,423)   coste   18    24
(353,368)   coste   53    53
(353,452)   coste   39    33
(354,446)   coste   17    18
(355,437)   coste   48    53
(356,412)   coste   66    71
(356,433)   coste   48    50
(357,376)   coste   54    50
(357,422)   coste   47    49
(357,428)   coste   52    51
(357,485)   coste   67    65
(358,373)   coste   67    63
(358,390)   coste   23    29
(359,467)   coste   11    16
(360,393)   coste   26    26
(360,465)   coste   25    29
(361,367)   coste   43    39
(361,484)   coste   33    33
(362,445)   coste   26    26
(363,480)   coste   46    49
(364,400)   coste   48    45
(364,456)   coste   8    1
(365,403)   coste   23    24
(365,415)   coste   46    41
(366,368)   coste   50    49
(366,452)   coste   46    44
(367,431)   coste   48    48
(367,484)   coste   12    15
(368,452)   coste   56    55
(369,376)   coste   50    53
(370,468)   coste   63    67
(371,379)   coste   19    19
(373,390)   coste   61    62
(374,464)   coste   37    35
(375,435)   coste   22    25
(376,422)   coste   5    1
(377,415)   coste   33    37
(378,392)   coste   11    9
(378,467)   coste   47    47
(379,444)   coste   53    52
(380,481)   coste   15    17
(381,388)   coste   12    17
(381,499)   coste   25    28
(382,424)   coste   51    47
(382,437)   coste   50    51
(383,488)   coste   31    31
(384,477)   coste   70    70
(385,482)   coste   24    26
(386,389)   coste   8    5
(386,414)   coste   60    64
(387,395)   coste   36    29
(387,426)   coste   50    44
(388,486)   coste   43    41
(388,499)   coste   33    36
(389,414)   coste   50    52
(391,411)   coste   45    51
(391,427)   coste   52    48
(391,448)   coste   46    44
(391,471)   coste   33    31
(392,467)   coste   46    47
(393,450)   coste   40    38
(393,465)   coste   25    29
(394,414)   coste   50    48
(395,426)   coste   57    52
(396,401)   coste   70    72
(397,491)   coste   23    25
(398,411)   coste   42    46
(398,471)   coste   31    38
(401,492)   coste   39    36
(402,449)   coste   42    42
(402,495)   coste   20    21
(404,474)   coste   37    39
(405,490)   coste   64    69
(406,438)   coste   20    23
(406,447)   coste   63    64
(407,457)   coste   68    68
(407,470)   coste   68    73
(409,498)   coste   54    50
(410,497)   coste   12    10
(411,427)   coste   17    18
(411,471)   coste   46    46
(412,458)   coste   37    38
(412,462)   coste   39    47
(416,461)   coste   27    26
(419,483)   coste   38    36
(420,458)   coste   51    58
(421,459)   coste   29    32
(421,492)   coste   42    36
(424,431)   coste   51    53
(425,432)   coste   22    20
(425,493)   coste   5    2
(426,472)   coste   57    56
(426,498)   coste   58    58
(427,448)   coste   54    50
(429,439)   coste   75    73
(430,483)   coste   29    33
(431,439)   coste   64    65
(431,484)   coste   63    68
(432,493)   coste   27    26
(436,454)   coste   18    17
(436,469)   coste   37    31
(436,494)   coste   21    24
(437,450)   coste   26    24
(440,470)   coste   65    63
(448,488)   coste   34    34
(449,473)   coste   39    39
(449,495)   coste   36    28
(454,469)   coste   52    49
(454,494)   coste   34    33
(457,470)   coste   6    7
(459,486)   coste   70    68
(460,491)   coste   60    61
(469,494)   coste   52    50
(475,500)   coste   27    29
(486,499)   coste   68    66
(41,103)   coste   48    48
(165,386)   coste   47    46
(261,276)   coste   55    52
(261,321)   coste   43    43
(2,139)   coste   25    25
(131,322)   coste   19    24
(385,482)   coste   24    26
(3,62)   coste   58    58
(94,485)   coste   54    57
(122,357)   coste   67    68
(128,133)   coste   36    32
(28,30)   coste   39    39
(13,233)   coste   53    54
(296,314)   coste   35    36
(296,328)   coste   58    54
(58,135)   coste   12    10
(58,116)   coste   62    59
(36,464)   coste   37    45
(143,418)   coste   15    9
(8,298)   coste   3    3
(24,306)   coste   37    37
(118,227)   coste   22    20
(229,262)   coste   31    30
(9,495)   coste   1    7
(77,449)   coste   28    28
(367,484)   coste   12    15
(302,382)   coste   30    36
(302,450)   coste   28    31
(181,237)   coste   78    72
(299,480)   coste   32    29
(266,480)   coste   37    36
(107,442)   coste   80    79
(193,223)   coste   21    26
(193,404)   coste   49    46
(31,209)   coste   38    41
(132,371)   coste   13    10
(15,172)   coste   23    23
(150,372)   coste   12    10
(291,420)   coste   24    25
(16,447)   coste   39    45
(48,447)   coste   29    31
(27,201)   coste   19    23
(362,445)   coste   26    26
(79,341)   coste   57    59
(89,121)   coste   53    54
(18,425)   coste   46    47
(425,493)   coste   5    2
(92,370)   coste   24    28
(19,429)   coste   4    5
(206,429)   coste   14    13
(283,439)   coste   50    49
(283,456)   coste   62    67
(20,95)   coste   44    45
(37,164)   coste   60    66
(188,289)   coste   13    15
(315,396)   coste   5    3
(287,455)   coste   34    34
(43,46)   coste   40    42
(269,345)   coste   95    99
(25,406)   coste   19    15
(343,438)   coste   80    88
(26,459)   coste   51    50
(110,274)   coste   48    47
(388,486)   coste   43    41
(217,275)   coste   38    35
(29,337)   coste   78    77
(253,435)   coste   13    13
(78,435)   coste   3    4
(32,463)   coste   34    40
(258,463)   coste   24    28
(101,434)   coste   26    21
(329,413)   coste   19    13
(33,355)   coste   19    14
(34,380)   coste   21    22
(80,368)   coste   33    34
(99,481)   coste   28    30
(74,108)   coste   30    27
(83,226)   coste   28    29
(59,348)   coste   48    51
(333,476)   coste   11    11
(38,452)   coste   47    41
(141,474)   coste   33    27
(85,169)   coste   36    43
(393,465)   coste   25    29
(120,145)   coste   20    17
(42,230)   coste   28    36
(161,358)   coste   34    35
(161,487)   coste   50    47
(373,390)   coste   61    62
(44,136)   coste   43    45
(114,350)   coste   22    29
(76,446)   coste   15    9
(180,184)   coste   37    40
(248,294)   coste   53    50
(49,197)   coste   5    5
(124,409)   coste   31    28
(73,433)   coste   49    46
(105,109)   coste   8    4
(51,470)   coste   61    68
(155,242)   coste   44    39
(293,303)   coste   13    18
(53,349)   coste   48    45
(281,311)   coste   20    12
(256,281)   coste   42    43
(54,249)   coste   23    24
(300,492)   coste   30    30
(152,408)   coste   25    26
(190,400)   coste   43    44
(97,297)   coste   51    54
(63,378)   coste   70    71
(318,378)   coste   64    68
(204,310)   coste   14    14
(323,326)   coste   81    77
(112,326)   coste   36    36
(307,327)   coste   92    89
(69,257)   coste   68    62
(272,309)   coste   17    12
(70,244)   coste   30    29
(156,359)   coste   14    20
(72,500)   coste   52    51
(290,500)   coste   7    7
(91,477)   coste   20    21
(241,384)   coste   26    27
(264,419)   coste   15    12
(168,271)   coste   31    28
(176,179)   coste   20    15
(96,228)   coste   46    52
(410,497)   coste   12    10
(90,453)   coste   33    33
(117,277)   coste   39    41
(225,277)   coste   13    11
(93,351)   coste   12    16
(245,351)   coste   44    50
(151,488)   coste   64    60
(129,490)   coste   13    13
(282,391)   coste   38    41
(100,472)   coste   18    20
(130,498)   coste   55    54
(387,426)   coste   50    44
(125,444)   coste   17    17
(186,284)   coste   36    34
(436,469)   coste   37    31
(195,415)   coste   29    23
(239,415)   coste   44    47
(215,279)   coste   46    41
(198,428)   coste   29    30
(123,356)   coste   51    48
(251,412)   coste   30    30
(160,312)   coste   35    34
(189,395)   coste   12    15
(134,154)   coste   47    48
(250,468)   coste   21    27
(177,224)   coste   49    46
(142,427)   coste   48    49
(146,324)   coste   23    18
(153,405)   coste   41    36
(376,422)   coste   5    1
(203,346)   coste   25    22
(304,366)   coste   42    40
(292,491)   coste   51    47
(194,424)   coste   17    11
(243,424)   coste   14    15
(243,466)   coste   7    5
(210,288)   coste   48    41
(246,288)   coste   29    32

LISTA_ARISTAS_NOREQ :
