NOMBRE : WB0545 
COMENTARIO :  Chino Windy aleatorio grafico
VERTICES :  500
ARISTAS_REQ : 1283
ARISTAS_NOREQ : 0
LISTA_ARISTAS_REQ :
(1,206)   coste   26    40
(1,403)   coste   52    72
(1,404)   coste   46    70
(1,405)   coste   4    13
(2,35)   coste   64    62
(2,237)   coste   36    41
(2,323)   coste   38    12
(2,329)   coste   67    77
(2,447)   coste   37    40
(3,10)   coste   43    41
(3,28)   coste   95    78
(3,34)   coste   19    18
(3,317)   coste   50    62
(4,23)   coste   35    44
(4,24)   coste   45    45
(4,26)   coste   57    60
(4,32)   coste   48    68
(5,77)   coste   74    53
(5,400)   coste   28    38
(5,484)   coste   51    54
(6,124)   coste   49    43
(6,320)   coste   32    30
(6,332)   coste   68    46
(6,479)   coste   34    27
(7,54)   coste   45    54
(7,205)   coste   67    42
(7,226)   coste   45    58
(7,302)   coste   38    64
(7,463)   coste   59    65
(8,46)   coste   32    58
(8,57)   coste   48    29
(8,88)   coste   61    75
(8,355)   coste   22    2
(8,369)   coste   79    62
(9,38)   coste   53    49
(9,131)   coste   55    85
(9,439)   coste   62    55
(9,453)   coste   1    12
(10,34)   coste   32    46
(10,317)   coste   59    58
(10,426)   coste   62    65
(11,218)   coste   50    66
(11,227)   coste   50    27
(11,327)   coste   41    41
(11,379)   coste   50    42
(11,438)   coste   26    1
(12,179)   coste   47    52
(12,198)   coste   30    25
(12,344)   coste   14    22
(12,466)   coste   10    44
(12,481)   coste   10    16
(13,42)   coste   1    15
(13,132)   coste   18    36
(13,299)   coste   16    28
(13,388)   coste   30    42
(14,206)   coste   1    16
(14,230)   coste   53    51
(14,399)   coste   28    3
(14,405)   coste   16    16
(15,229)   coste   22    44
(15,240)   coste   49    62
(15,361)   coste   39    18
(15,416)   coste   4    1
(16,50)   coste   42    64
(16,166)   coste   74    51
(16,213)   coste   33    54
(16,425)   coste   57    58
(16,472)   coste   40    40
(17,38)   coste   59    41
(17,302)   coste   31    60
(17,453)   coste   80    63
(17,490)   coste   16    23
(18,49)   coste   12    17
(18,98)   coste   18    30
(18,265)   coste   27    19
(18,431)   coste   71    89
(19,191)   coste   47    35
(19,321)   coste   32    12
(19,411)   coste   49    62
(19,468)   coste   72    73
(20,60)   coste   23    20
(20,116)   coste   18    19
(20,464)   coste   27    25
(20,471)   coste   1    1
(21,84)   coste   49    24
(21,263)   coste   50    56
(21,377)   coste   29    59
(21,378)   coste   40    26
(22,239)   coste   1    1
(22,384)   coste   54    64
(22,409)   coste   40    31
(22,413)   coste   44    25
(23,24)   coste   32    18
(23,32)   coste   46    54
(23,238)   coste   11    36
(24,32)   coste   77    74
(24,238)   coste   39    27
(25,70)   coste   31    48
(25,326)   coste   60    30
(25,333)   coste   48    46
(25,375)   coste   64    43
(26,200)   coste   37    50
(26,208)   coste   32    35
(26,287)   coste   47    69
(27,96)   coste   39    54
(27,214)   coste   12    26
(27,279)   coste   26    19
(27,414)   coste   27    19
(27,459)   coste   19    39
(28,34)   coste   53    56
(28,147)   coste   63    86
(28,477)   coste   75    80
(29,60)   coste   18    16
(29,209)   coste   21    12
(29,212)   coste   38    58
(29,454)   coste   32    62
(30,33)   coste   48    50
(30,84)   coste   48    30
(30,142)   coste   45    68
(30,255)   coste   74    52
(31,200)   coste   47    47
(31,287)   coste   8    31
(31,441)   coste   56    68
(31,470)   coste   25    44
(32,263)   coste   45    53
(32,315)   coste   48    54
(32,377)   coste   24    32
(33,123)   coste   1    17
(33,190)   coste   31    20
(33,259)   coste   64    45
(34,147)   coste   46    77
(35,38)   coste   55    61
(35,115)   coste   36    2
(35,127)   coste   42    56
(35,131)   coste   49    48
(35,237)   coste   58    66
(35,323)   coste   34    23
(36,95)   coste   15    1
(36,377)   coste   48    32
(36,378)   coste   45    23
(37,271)   coste   30    48
(37,329)   coste   67    75
(37,442)   coste   55    43
(37,495)   coste   49    42
(38,115)   coste   37    52
(38,131)   coste   24    20
(38,439)   coste   70    52
(38,453)   coste   51    68
(39,83)   coste   54    64
(39,177)   coste   3    29
(39,193)   coste   19    38
(39,342)   coste   32    7
(39,444)   coste   52    51
(39,494)   coste   32    19
(40,109)   coste   61    60
(40,178)   coste   7    43
(40,228)   coste   1    1
(40,391)   coste   34    34
(40,420)   coste   39    32
(40,486)   coste   47    37
(41,176)   coste   34    33
(41,452)   coste   30    64
(41,482)   coste   22    18
(42,72)   coste   64    58
(42,132)   coste   37    63
(42,221)   coste   40    62
(42,299)   coste   44    59
(42,388)   coste   53    40
(43,74)   coste   42    22
(43,79)   coste   24    34
(43,357)   coste   45    51
(43,364)   coste   10    1
(44,78)   coste   28    45
(44,266)   coste   31    16
(44,268)   coste   36    45
(44,274)   coste   1    23
(44,298)   coste   43    13
(45,133)   coste   25    54
(45,186)   coste   50    30
(45,233)   coste   25    49
(45,458)   coste   42    33
(45,462)   coste   20    30
(46,57)   coste   63    33
(46,449)   coste   37    29
(47,167)   coste   32    36
(47,180)   coste   32    41
(47,194)   coste   40    41
(47,288)   coste   63    69
(48,86)   coste   38    25
(48,111)   coste   64    57
(48,130)   coste   38    62
(48,246)   coste   57    33
(48,419)   coste   13    46
(49,265)   coste   10    9
(49,368)   coste   27    18
(50,80)   coste   41    77
(50,213)   coste   51    78
(50,432)   coste   72    62
(51,172)   coste   56    76
(51,289)   coste   67    43
(51,292)   coste   47    47
(51,310)   coste   29    59
(51,371)   coste   36    69
(52,255)   coste   18    33
(52,263)   coste   27    32
(52,315)   coste   17    44
(52,441)   coste   64    41
(52,470)   coste   54    26
(53,346)   coste   22    48
(53,424)   coste   15    16
(53,466)   coste   35    29
(53,481)   coste   15    13
(54,58)   coste   41    60
(54,118)   coste   33    33
(55,119)   coste   23    1
(55,122)   coste   45    56
(55,203)   coste   34    27
(55,204)   coste   30    51
(55,232)   coste   18    26
(55,261)   coste   21    36
(56,94)   coste   1    1
(56,129)   coste   24    1
(56,151)   coste   51    33
(56,234)   coste   30    51
(56,335)   coste   39    31
(56,421)   coste   24    48
(57,355)   coste   19    53
(57,369)   coste   39    25
(58,118)   coste   19    8
(58,165)   coste   33    24
(58,294)   coste   59    65
(59,314)   coste   22    9
(59,450)   coste   40    22
(59,489)   coste   77    63
(60,203)   coste   25    43
(60,209)   coste   13    21
(60,471)   coste   59    41
(61,66)   coste   61    48
(61,168)   coste   49    43
(61,308)   coste   46    38
(61,456)   coste   43    35
(62,117)   coste   35    31
(62,140)   coste   36    32
(62,296)   coste   49    35
(62,374)   coste   69    44
(62,386)   coste   27    21
(63,87)   coste   51    29
(63,106)   coste   63    54
(63,196)   coste   7    13
(63,197)   coste   60    60
(63,443)   coste   54    70
(64,78)   coste   29    33
(64,218)   coste   64    72
(64,280)   coste   70    78
(64,367)   coste   42    34
(64,436)   coste   47    49
(65,99)   coste   20    17
(65,251)   coste   44    21
(65,360)   coste   35    36
(65,399)   coste   17    23
(66,89)   coste   47    59
(66,291)   coste   40    24
(66,409)   coste   44    40
(67,157)   coste   72    66
(67,170)   coste   67    62
(67,217)   coste   59    39
(67,257)   coste   41    59
(67,262)   coste   40    71
(67,305)   coste   71    48
(67,322)   coste   45    60
(67,492)   coste   42    56
(68,96)   coste   40    40
(68,284)   coste   39    60
(68,349)   coste   57    50
(68,435)   coste   71    63
(69,328)   coste   29    67
(69,383)   coste   27    59
(69,442)   coste   39    29
(69,447)   coste   69    51
(70,187)   coste   63    87
(70,326)   coste   45    15
(70,333)   coste   48    51
(70,417)   coste   49    51
(71,104)   coste   45    47
(71,159)   coste   65    68
(71,182)   coste   53    49
(71,184)   coste   27    15
(72,183)   coste   10    8
(72,221)   coste   28    7
(72,259)   coste   57    64
(73,205)   coste   62    73
(73,235)   coste   36    11
(73,380)   coste   30    48
(73,423)   coste   33    3
(74,79)   coste   7    35
(74,252)   coste   7    19
(74,357)   coste   35    34
(74,364)   coste   39    9
(75,91)   coste   26    14
(75,297)   coste   26    19
(75,364)   coste   35    41
(76,126)   coste   61    48
(76,275)   coste   48    65
(76,286)   coste   39    42
(76,446)   coste   37    44
(76,455)   coste   53    57
(77,210)   coste   68    59
(77,256)   coste   41    31
(77,484)   coste   42    35
(78,218)   coste   61    69
(78,266)   coste   73    65
(78,367)   coste   31    29
(79,252)   coste   29    9
(79,269)   coste   39    55
(79,357)   coste   30    42
(80,163)   coste   66    41
(80,189)   coste   54    66
(80,316)   coste   59    62
(80,408)   coste   53    79
(80,432)   coste   10    32
(80,434)   coste   56    51
(81,90)   coste   47    51
(81,125)   coste   22    35
(81,272)   coste   41    41
(81,283)   coste   56    64
(81,483)   coste   62    63
(82,114)   coste   1    1
(82,290)   coste   10    9
(82,389)   coste   52    22
(82,394)   coste   61    42
(83,158)   coste   43    34
(83,193)   coste   53    50
(84,255)   coste   43    57
(84,263)   coste   49    61
(85,205)   coste   49    57
(85,235)   coste   28    64
(85,278)   coste   17    35
(85,373)   coste   39    48
(85,381)   coste   25    41
(86,111)   coste   28    33
(86,246)   coste   28    31
(86,419)   coste   77    64
(87,192)   coste   8    30
(87,196)   coste   17    36
(87,197)   coste   32    24
(87,336)   coste   36    59
(88,209)   coste   64    96
(88,261)   coste   85    59
(89,409)   coste   13    26
(89,413)   coste   55    46
(90,125)   coste   3    16
(90,175)   coste   51    31
(90,426)   coste   68    60
(91,297)   coste   82    70
(91,301)   coste   63    59
(91,311)   coste   46    49
(91,364)   coste   72    37
(91,451)   coste   38    69
(92,113)   coste   48    76
(92,307)   coste   17    35
(92,340)   coste   27    56
(92,422)   coste   41    32
(93,167)   coste   36    45
(93,295)   coste   9    27
(93,478)   coste   73    38
(93,496)   coste   32    57
(94,129)   coste   2    24
(94,335)   coste   43    14
(94,421)   coste   53    48
(94,485)   coste   38    45
(95,159)   coste   13    20
(95,182)   coste   45    51
(95,378)   coste   38    24
(96,279)   coste   49    52
(96,414)   coste   12    27
(96,418)   coste   80    65
(96,459)   coste   23    32
(97,118)   coste   73    59
(97,165)   coste   57    23
(97,294)   coste   63    92
(98,265)   coste   47    34
(98,431)   coste   83    84
(98,477)   coste   16    1
(99,360)   coste   22    32
(99,399)   coste   29    41
(100,154)   coste   38    65
(100,192)   coste   67    39
(100,350)   coste   46    44
(100,440)   coste   12    22
(101,138)   coste   14    27
(101,155)   coste   26    28
(101,202)   coste   44    45
(101,402)   coste   61    38
(101,452)   coste   65    31
(101,499)   coste   24    17
(102,158)   coste   19    26
(102,193)   coste   76    69
(102,208)   coste   5    9
(103,306)   coste   77    79
(103,372)   coste   7    1
(103,390)   coste   55    29
(103,445)   coste   50    55
(104,182)   coste   44    57
(104,184)   coste   54    64
(104,462)   coste   45    51
(105,136)   coste   19    19
(105,177)   coste   35    37
(105,193)   coste   1    15
(105,488)   coste   41    13
(106,188)   coste   32    34
(106,336)   coste   13    11
(106,428)   coste   35    25
(107,216)   coste   44    22
(107,362)   coste   33    11
(107,474)   coste   35    46
(108,292)   coste   9    12
(108,387)   coste   8    1
(108,404)   coste   37    47
(109,267)   coste   4    2
(109,391)   coste   36    35
(109,486)   coste   37    11
(110,124)   coste   39    68
(110,332)   coste   45    26
(110,479)   coste   12    5
(111,246)   coste   55    56
(111,280)   coste   74    76
(112,241)   coste   16    45
(112,275)   coste   61    34
(112,282)   coste   59    54
(112,353)   coste   27    48
(113,307)   coste   44    42
(113,341)   coste   85    53
(113,422)   coste   63    62
(114,290)   coste   34    29
(114,389)   coste   33    39
(114,493)   coste   9    9
(115,131)   coste   55    30
(115,237)   coste   40    41
(115,323)   coste   17    42
(116,242)   coste   18    23
(116,464)   coste   26    19
(116,471)   coste   28    9
(116,473)   coste   45    44
(117,296)   coste   1    2
(117,318)   coste   40    42
(117,365)   coste   40    47
(117,386)   coste   68    54
(117,457)   coste   47    53
(118,165)   coste   23    25
(118,294)   coste   54    24
(119,122)   coste   49    67
(119,190)   coste   51    51
(119,204)   coste   32    26
(119,232)   coste   28    26
(119,261)   coste   34    40
(120,148)   coste   20    12
(120,278)   coste   61    65
(120,339)   coste   29    24
(120,407)   coste   44    33
(121,207)   coste   29    50
(121,249)   coste   40    34
(121,260)   coste   48    24
(121,300)   coste   1    14
(121,488)   coste   60    80
(122,183)   coste   76    90
(122,204)   coste   50    31
(123,190)   coste   33    48
(123,259)   coste   58    83
(124,332)   coste   45    29
(124,479)   coste   56    27
(125,426)   coste   48    72
(126,179)   coste   31    52
(126,286)   coste   21    17
(126,375)   coste   35    11
(126,446)   coste   13    22
(127,131)   coste   53    80
(127,323)   coste   51    81
(127,439)   coste   42    38
(128,312)   coste   66    45
(128,362)   coste   33    43
(128,371)   coste   36    47
(128,457)   coste   63    35
(129,151)   coste   51    42
(129,244)   coste   40    52
(129,335)   coste   43    29
(129,421)   coste   49    49
(129,485)   coste   24    56
(130,233)   coste   27    46
(130,246)   coste   38    48
(130,419)   coste   33    1
(130,462)   coste   35    42
(131,439)   coste   36    45
(131,453)   coste   58    81
(132,229)   coste   8    21
(132,388)   coste   12    20
(132,395)   coste   8    6
(132,497)   coste   3    1
(133,186)   coste   1    1
(133,458)   coste   27    6
(134,168)   coste   41    22
(134,181)   coste   20    1
(135,151)   coste   45    9
(135,223)   coste   56    62
(135,294)   coste   70    61
(135,421)   coste   62    53
(136,177)   coste   31    27
(136,193)   coste   36    36
(136,249)   coste   30    24
(136,488)   coste   13    30
(137,253)   coste   34    53
(137,269)   coste   58    26
(137,394)   coste   44    29
(137,491)   coste   51    43
(138,359)   coste   74    84
(138,402)   coste   50    56
(138,443)   coste   73    71
(138,499)   coste   47    32
(139,162)   coste   38    40
(139,164)   coste   25    17
(139,397)   coste   32    16
(139,406)   coste   36    7
(139,500)   coste   38    43
(140,374)   coste   60    53
(140,382)   coste   33    29
(140,386)   coste   35    45
(140,433)   coste   43    19
(140,448)   coste   49    48
(141,368)   coste   79    56
(141,429)   coste   51    16
(141,430)   coste   58    60
(141,455)   coste   39    63
(142,242)   coste   66    61
(142,324)   coste   1    1
(142,464)   coste   42    39
(142,473)   coste   30    21
(143,260)   coste   36    69
(143,281)   coste   33    23
(143,306)   coste   30    24
(143,390)   coste   1    34
(143,445)   coste   1    20
(144,145)   coste   70    40
(144,174)   coste   7    16
(144,191)   coste   53    52
(144,273)   coste   47    49
(144,334)   coste   28    14
(145,272)   coste   56    46
(145,283)   coste   53    35
(145,334)   coste   57    59
(146,226)   coste   27    23
(146,302)   coste   18    34
(146,437)   coste   5    28
(146,490)   coste   1    22
(147,264)   coste   50    81
(147,426)   coste   66    49
(147,483)   coste   70    65
(148,339)   coste   18    15
(148,407)   coste   52    49
(149,199)   coste   12    30
(149,211)   coste   25    9
(149,247)   coste   16    21
(149,319)   coste   29    50
(150,231)   coste   43    17
(150,239)   coste   40    30
(150,384)   coste   75    74
(151,353)   coste   72    73
(152,173)   coste   24    19
(152,224)   coste   28    43
(152,356)   coste   32    31
(152,468)   coste   69    57
(152,478)   coste   49    77
(153,176)   coste   50    61
(153,185)   coste   38    35
(153,224)   coste   34    14
(153,309)   coste   19    36
(154,197)   coste   74    77
(154,359)   coste   68    51
(154,440)   coste   28    18
(155,202)   coste   58    61
(155,254)   coste   17    23
(155,452)   coste   42    19
(155,499)   coste   6    1
(156,180)   coste   19    17
(156,194)   coste   26    51
(156,288)   coste   36    23
(157,170)   coste   34    27
(157,262)   coste   83    80
(157,305)   coste   65    57
(157,322)   coste   58    48
(158,193)   coste   60    44
(158,208)   coste   20    42
(159,182)   coste   34    39
(159,268)   coste   66    64
(160,347)   coste   1    1
(160,461)   coste   3    3
(160,469)   coste   25    39
(161,256)   coste   59    49
(161,334)   coste   55    70
(161,358)   coste   41    19
(162,397)   coste   76    46
(162,406)   coste   40    37
(162,411)   coste   33    68
(163,316)   coste   79    73
(163,363)   coste   4    4
(163,432)   coste   55    37
(164,366)   coste   46    47
(164,397)   coste   1    1
(164,406)   coste   21    34
(164,500)   coste   3    11
(165,294)   coste   56    49
(166,299)   coste   25    29
(166,388)   coste   25    26
(166,395)   coste   31    26
(166,472)   coste   22    21
(167,201)   coste   21    37
(167,295)   coste   27    34
(167,496)   coste   1    1
(168,181)   coste   54    26
(168,303)   coste   25    46
(168,308)   coste   24    50
(168,456)   coste   23    11
(169,337)   coste   32    10
(169,340)   coste   7    1
(169,422)   coste   3    6
(170,222)   coste   12    9
(170,305)   coste   77    90
(170,322)   coste   1    5
(171,180)   coste   59    66
(171,195)   coste   36    40
(171,225)   coste   35    39
(171,467)   coste   51    48
(172,308)   coste   62    74
(172,404)   coste   81    94
(172,456)   coste   64    89
(173,224)   coste   43    52
(173,309)   coste   46    31
(173,356)   coste   75    52
(173,468)   coste   55    43
(173,482)   coste   50    79
(174,191)   coste   28    23
(174,273)   coste   21    29
(174,334)   coste   52    43
(174,500)   coste   39    50
(175,210)   coste   45    55
(175,256)   coste   46    62
(175,484)   coste   48    44
(176,185)   coste   50    20
(176,482)   coste   17    30
(177,193)   coste   34    30
(177,249)   coste   32    20
(177,342)   coste   31    4
(177,494)   coste   47    20
(178,220)   coste   49    39
(178,228)   coste   7    22
(178,420)   coste   19    43
(178,480)   coste   25    27
(179,198)   coste   45    55
(179,375)   coste   44    46
(180,194)   coste   29    35
(180,288)   coste   49    39
(181,303)   coste   16    1
(183,221)   coste   38    28
(183,259)   coste   60    35
(183,412)   coste   62    72
(184,367)   coste   42    51
(185,309)   coste   52    20
(185,482)   coste   36    44
(186,306)   coste   50    61
(186,458)   coste   28    25
(187,189)   coste   23    14
(187,198)   coste   72    54
(187,481)   coste   69    57
(188,191)   coste   35    45
(188,336)   coste   29    36
(188,428)   coste   1    1
(189,417)   coste   71    44
(189,432)   coste   41    49
(191,321)   coste   32    19
(191,428)   coste   41    63
(191,500)   coste   31    40
(192,196)   coste   67    49
(192,197)   coste   19    16
(192,272)   coste   59    50
(192,283)   coste   60    26
(192,440)   coste   49    65
(193,488)   coste   28    39
(194,258)   coste   53    83
(194,288)   coste   57    31
(195,225)   coste   52    70
(195,411)   coste   70    69
(195,467)   coste   45    39
(196,197)   coste   37    36
(196,359)   coste   69    58
(196,443)   coste   58    35
(197,440)   coste   47    66
(198,344)   coste   60    46
(198,481)   coste   45    21
(199,247)   coste   2    10
(199,319)   coste   69    47
(200,213)   coste   82    61
(200,287)   coste   28    38
(201,295)   coste   1    16
(201,496)   coste   48    35
(202,254)   coste   50    45
(203,209)   coste   63    50
(203,232)   coste   16    36
(203,261)   coste   16    16
(204,410)   coste   39    26
(205,226)   coste   39    36
(205,235)   coste   44    25
(205,381)   coste   44    19
(206,230)   coste   73    44
(206,251)   coste   34    21
(206,348)   coste   39    61
(206,399)   coste   34    27
(206,405)   coste   8    37
(207,249)   coste   35    35
(207,300)   coste   58    65
(207,389)   coste   38    40
(207,394)   coste   45    56
(209,212)   coste   46    65
(210,317)   coste   64    71
(210,484)   coste   28    23
(211,319)   coste   33    15
(211,370)   coste   38    35
(211,438)   coste   59    44
(212,320)   coste   56    32
(212,327)   coste   69    35
(212,454)   coste   23    1
(213,408)   coste   15    10
(214,279)   coste   49    40
(214,330)   coste   44    53
(214,414)   coste   45    65
(215,331)   coste   37    6
(215,435)   coste   50    57
(215,489)   coste   27    11
(216,291)   coste   29    37
(216,296)   coste   37    63
(216,362)   coste   33    63
(216,376)   coste   28    20
(216,474)   coste   2    21
(217,257)   coste   59    35
(217,262)   coste   65    71
(217,492)   coste   54    61
(218,227)   coste   60    48
(219,363)   coste   62    53
(219,380)   coste   22    18
(219,417)   coste   44    18
(219,423)   coste   37    56
(220,337)   coste   84    61
(220,349)   coste   44    52
(220,480)   coste   58    62
(221,259)   coste   14    42
(222,322)   coste   17    11
(222,492)   coste   59    46
(223,294)   coste   1    3
(223,421)   coste   36    17
(223,487)   coste   27    25
(224,309)   coste   8    5
(224,478)   coste   56    46
(225,356)   coste   16    33
(225,467)   coste   49    47
(226,302)   coste   4    1
(226,437)   coste   34    45
(226,490)   coste   11    33
(227,280)   coste   50    46
(227,379)   coste   21    54
(227,436)   coste   45    76
(227,438)   coste   26    43
(228,420)   coste   34    37
(228,480)   coste   34    56
(229,416)   coste   37    41
(229,497)   coste   1    26
(230,251)   coste   31    20
(230,338)   coste   77    73
(230,399)   coste   70    65
(231,239)   coste   59    44
(231,293)   coste   70    46
(231,469)   coste   52    66
(232,261)   coste   4    3
(233,419)   coste   62    61
(233,462)   coste   15    10
(234,335)   coste   31    43
(234,353)   coste   34    46
(234,398)   coste   18    39
(234,498)   coste   64    90
(236,248)   coste   83    71
(236,354)   coste   65    40
(236,393)   coste   44    41
(236,412)   coste   25    3
(237,323)   coste   48    32
(237,329)   coste   53    51
(238,372)   coste   59    48
(239,384)   coste   61    65
(239,413)   coste   22    36
(240,361)   coste   38    47
(240,416)   coste   61    51
(240,425)   coste   45    78
(241,282)   coste   20    28
(241,375)   coste   49    40
(242,266)   coste   19    22
(242,298)   coste   37    48
(242,324)   coste   21    34
(242,464)   coste   33    53
(243,352)   coste   39    41
(243,358)   coste   63    41
(243,366)   coste   36    32
(243,406)   coste   65    50
(244,421)   coste   55    67
(244,485)   coste   1    25
(245,264)   coste   42    32
(245,265)   coste   38    37
(245,350)   coste   55    70
(245,368)   coste   37    35
(245,430)   coste   35    15
(245,483)   coste   40    50
(246,419)   coste   43    50
(247,319)   coste   60    59
(248,318)   coste   66    67
(248,354)   coste   33    41
(248,365)   coste   36    19
(248,393)   coste   47    36
(249,342)   coste   42    25
(250,325)   coste   25    32
(250,410)   coste   1    1
(250,415)   coste   48    34
(250,449)   coste   40    55
(251,399)   coste   25    23
(252,269)   coste   41    48
(252,357)   coste   67    56
(253,342)   coste   45    27
(253,394)   coste   47    32
(253,491)   coste   1    1
(254,347)   coste   13    27
(254,452)   coste   25    15
(254,461)   coste   14    26
(254,499)   coste   19    42
(255,263)   coste   11    17
(255,315)   coste   43    24
(256,484)   coste   80    69
(257,370)   coste   46    37
(257,492)   coste   6    26
(258,288)   coste   40    63
(258,460)   coste   80    60
(259,441)   coste   69    55
(260,281)   coste   29    37
(260,300)   coste   25    5
(262,305)   coste   12    1
(263,315)   coste   37    11
(263,470)   coste   51    43
(264,265)   coste   16    27
(264,350)   coste   57    47
(264,368)   coste   29    28
(264,483)   coste   46    18
(265,368)   coste   38    15
(265,477)   coste   35    49
(266,274)   coste   26    14
(266,298)   coste   20    9
(267,284)   coste   50    62
(267,391)   coste   9    17
(267,486)   coste   31    43
(268,274)   coste   17    11
(268,298)   coste   58    47
(269,357)   coste   75    73
(270,282)   coste   31    61
(270,326)   coste   17    23
(270,333)   coste   27    45
(270,351)   coste   23    28
(270,463)   coste   33    58
(271,383)   coste   59    50
(271,442)   coste   41    31
(271,447)   coste   62    38
(271,495)   coste   20    26
(272,283)   coste   32    50
(272,350)   coste   43    53
(273,334)   coste   38    36
(273,352)   coste   65    65
(273,366)   coste   27    17
(274,298)   coste   9    5
(275,286)   coste   1    1
(275,429)   coste   95    65
(275,446)   coste   24    17
(275,455)   coste   46    59
(276,301)   coste   54    51
(276,373)   coste   1    11
(276,381)   coste   42    10
(276,437)   coste   34    28
(276,451)   coste   24    26
(277,382)   coste   37    34
(277,433)   coste   31    48
(277,448)   coste   15    12
(277,475)   coste   22    8
(278,339)   coste   62    62
(278,373)   coste   40    52
(278,381)   coste   48    31
(279,330)   coste   71    78
(279,414)   coste   64    35
(280,436)   coste   19    5
(281,300)   coste   43    34
(281,306)   coste   19    37
(281,390)   coste   41    15
(281,445)   coste   14    36
(282,333)   coste   41    49
(282,351)   coste   47    30
(284,331)   coste   46    41
(284,349)   coste   52    63
(284,489)   coste   45    41
(285,325)   coste   54    32
(285,396)   coste   20    38
(285,415)   coste   23    27
(285,465)   coste   47    52
(286,446)   coste   1    23
(287,441)   coste   74    42
(287,470)   coste   57    66
(289,310)   coste   43    21
(289,312)   coste   37    2
(289,371)   coste   8    16
(289,387)   coste   47    41
(290,304)   coste   33    25
(290,493)   coste   7    1
(291,376)   coste   12    34
(291,384)   coste   17    15
(291,474)   coste   18    12
(292,310)   coste   12    19
(292,387)   coste   14    1
(292,404)   coste   55    64
(293,384)   coste   36    53
(293,448)   coste   44    38
(293,474)   coste   42    59
(293,475)   coste   59    60
(294,487)   coste   27    33
(295,496)   coste   47    40
(296,376)   coste   52    66
(297,343)   coste   36    45
(297,364)   coste   59    82
(299,388)   coste   39    24
(299,441)   coste   42    56
(301,311)   coste   14    38
(301,451)   coste   41    22
(302,437)   coste   20    52
(302,490)   coste   14    39
(303,308)   coste   10    3
(303,456)   coste   42    30
(304,493)   coste   41    17
(306,390)   coste   10    10
(306,445)   coste   41    40
(307,340)   coste   86    59
(307,422)   coste   46    41
(308,456)   coste   27    9
(309,478)   coste   44    57
(310,312)   coste   26    34
(310,371)   coste   20    40
(310,387)   coste   41    36
(311,451)   coste   67    47
(312,371)   coste   32    6
(313,314)   coste   62    57
(313,385)   coste   31    18
(313,392)   coste   62    54
(313,401)   coste   13    26
(313,427)   coste   9    16
(313,450)   coste   68    84
(313,460)   coste   28    63
(314,427)   coste   62    47
(314,450)   coste   59    47
(315,470)   coste   8    8
(316,408)   coste   33    68
(316,434)   coste   34    20
(317,400)   coste   92    94
(317,484)   coste   50    66
(318,386)   coste   1    1
(319,370)   coste   13    46
(320,327)   coste   84    65
(320,454)   coste   18    39
(320,479)   coste   54    52
(321,411)   coste   52    53
(321,500)   coste   36    54
(322,492)   coste   42    33
(324,464)   coste   40    35
(324,473)   coste   7    11
(325,410)   coste   21    31
(325,415)   coste   21    29
(325,449)   coste   56    31
(325,465)   coste   23    26
(326,333)   coste   33    36
(326,417)   coste   60    70
(326,463)   coste   48    48
(328,383)   coste   47    45
(328,442)   coste   65    53
(328,447)   coste   56    40
(329,495)   coste   47    72
(330,418)   coste   99    72
(331,435)   coste   39    29
(331,489)   coste   30    29
(332,479)   coste   28    38
(333,351)   coste   25    49
(335,345)   coste   45    78
(336,428)   coste   25    16
(337,340)   coste   47    35
(337,480)   coste   73    51
(338,348)   coste   66    40
(338,403)   coste   50    34
(338,476)   coste   19    8
(339,343)   coste   47    47
(339,407)   coste   64    60
(340,422)   coste   1    17
(341,418)   coste   62    52
(341,459)   coste   73    66
(342,491)   coste   30    55
(342,494)   coste   47    49
(343,407)   coste   51    44
(343,444)   coste   19    28
(344,424)   coste   36    20
(344,466)   coste   1    22
(344,481)   coste   33    6
(345,431)   coste   75    75
(345,485)   coste   98    111
(345,498)   coste   71    88
(346,424)   coste   44    45
(346,466)   coste   60    56
(347,461)   coste   20    26
(347,469)   coste   33    22
(348,403)   coste   45    39
(349,391)   coste   65    64
(350,483)   coste   19    30
(351,463)   coste   64    80
(352,358)   coste   43    22
(352,366)   coste   24    29
(353,398)   coste   18    38
(354,365)   coste   40    19
(354,393)   coste   35    26
(355,369)   coste   40    40
(356,468)   coste   66    56
(358,366)   coste   38    37
(359,443)   coste   29    28
(360,415)   coste   62    46
(360,465)   coste   71    49
(361,374)   coste   65    45
(361,416)   coste   39    25
(362,457)   coste   41    34
(363,380)   coste   27    12
(363,417)   coste   53    70
(363,432)   coste   73    46
(365,457)   coste   46    43
(366,406)   coste   28    43
(367,436)   coste   50    31
(368,430)   coste   46    40
(370,379)   coste   74    64
(370,492)   coste   69    42
(372,390)   coste   55    39
(372,445)   coste   64    70
(373,381)   coste   29    45
(373,451)   coste   30    23
(374,382)   coste   38    52
(374,433)   coste   4    15
(376,474)   coste   14    1
(377,378)   coste   29    25
(379,438)   coste   37    27
(380,417)   coste   45    57
(380,423)   coste   15    16
(381,437)   coste   10    8
(382,433)   coste   20    7
(382,448)   coste   12    27
(382,475)   coste   33    24
(383,442)   coste   48    30
(383,447)   coste   22    6
(383,495)   coste   35    45
(384,474)   coste   49    49
(385,392)   coste   41    19
(385,401)   coste   26    9
(385,460)   coste   47    63
(388,395)   coste   21    32
(388,497)   coste   13    23
(389,394)   coste   60    64
(390,445)   coste   1    25
(391,486)   coste   47    33
(393,396)   coste   57    80
(393,412)   coste   50    27
(394,491)   coste   19    16
(395,425)   coste   58    57
(395,472)   coste   51    18
(395,497)   coste   3    23
(396,412)   coste   63    76
(396,415)   coste   40    49
(397,406)   coste   29    31
(397,500)   coste   22    17
(398,498)   coste   58    78
(399,405)   coste   30    23
(401,427)   coste   2    1
(401,460)   coste   77    73
(403,476)   coste   45    50
(407,444)   coste   41    23
(408,434)   coste   38    22
(409,413)   coste   43    28
(410,415)   coste   28    36
(410,465)   coste   46    45
(411,467)   coste   38    51
(414,459)   coste   17    11
(415,465)   coste   25    16
(416,425)   coste   53    31
(418,459)   coste   34    46
(420,480)   coste   64    67
(420,486)   coste   50    47
(421,485)   coste   60    61
(421,487)   coste   6    7
(424,466)   coste   34    42
(425,472)   coste   26    22
(427,450)   coste   95    77
(428,468)   coste   75    73
(429,455)   coste   28    8
(431,477)   coste   44    66
(431,498)   coste   84    61
(444,494)   coste   40    34
(447,495)   coste   61    32
(448,475)   coste   6    10
(449,465)   coste   22    48
(452,461)   coste   34    43
(452,499)   coste   34    52
(461,469)   coste   53    33
(464,471)   coste   50    53
(464,473)   coste   21    4
(466,481)   coste   14    13
(472,497)   coste   55    47
(206,348)   coste   39    61
(2,447)   coste   37    40
(383,447)   coste   22    6
(383,442)   coste   48    30
(35,115)   coste   36    2
(237,323)   coste   48    32
(317,484)   coste   50    66
(5,484)   coste   51    54
(320,454)   coste   18    39
(110,479)   coste   12    5
(7,205)   coste   67    42
(205,235)   coste   44    25
(54,118)   coste   33    33
(8,88)   coste   61    75
(46,449)   coste   37    29
(250,449)   coste   40    55
(250,410)   coste   1    1
(355,369)   coste   40    40
(38,131)   coste   24    20
(11,327)   coste   41    41
(12,198)   coste   30    25
(344,481)   coste   33    6
(53,481)   coste   15    13
(53,346)   coste   22    48
(166,299)   coste   25    29
(388,497)   coste   13    23
(230,251)   coste   31    20
(251,399)   coste   25    23
(416,425)   coste   53    31
(16,472)   coste   40    40
(18,49)   coste   12    17
(18,431)   coste   71    89
(264,265)   coste   16    27
(147,264)   coste   50    81
(174,191)   coste   28    23
(174,273)   coste   21    29
(162,411)   coste   33    68
(139,162)   coste   38    40
(428,468)   coste   75    73
(20,60)   coste   23    20
(20,116)   coste   18    19
(464,473)   coste   21    4
(324,473)   coste   7    11
(142,324)   coste   1    1
(255,263)   coste   11    17
(22,239)   coste   1    1
(22,409)   coste   40    31
(89,409)   coste   13    26
(23,238)   coste   11    36
(23,32)   coste   46    54
(32,377)   coste   24    32
(36,377)   coste   48    32
(70,326)   coste   45    15
(270,326)   coste   17    23
(102,208)   coste   5    9
(31,287)   coste   8    31
(31,470)   coste   25    44
(27,414)   coste   27    19
(279,330)   coste   71    78
(341,459)   coste   73    66
(209,212)   coste   46    65
(259,441)   coste   69    55
(183,259)   coste   60    35
(52,315)   coste   17    44
(33,123)   coste   1    17
(33,190)   coste   31    20
(271,495)   coste   20    26
(39,83)   coste   54    64
(39,444)   coste   52    51
(407,444)   coste   41    23
(136,177)   coste   31    27
(178,420)   coste   19    43
(391,486)   coste   47    33
(41,482)   coste   22    18
(173,482)   coste   50    79
(152,173)   coste   24    19
(74,364)   coste   39    9
(79,357)   coste   30    42
(44,78)   coste   28    45
(266,298)   coste   20    9
(45,458)   coste   42    33
(133,186)   coste   1    1
(186,306)   coste   50    61
(143,306)   coste   30    24
(167,201)   coste   21    37
(180,194)   coste   29    35
(156,288)   coste   36    23
(48,246)   coste   57    33
(130,419)   coste   33    1
(80,434)   coste   56    51
(163,432)   coste   55    37
(163,363)   coste   4    4
(51,172)   coste   56    76
(172,456)   coste   64    89
(289,371)   coste   8    16
(108,292)   coste   9    12
(203,261)   coste   16    16
(56,94)   coste   1    1
(56,421)   coste   24    48
(421,487)   coste   6    7
(129,335)   coste   43    29
(234,398)   coste   18    39
(97,294)   coste   63    92
(59,489)   coste   77    63
(284,489)   coste   45    41
(303,308)   coste   10    3
(181,303)   coste   16    1
(62,386)   coste   27    21
(318,386)   coste   1    1
(374,433)   coste   4    15
(382,433)   coste   20    7
(382,448)   coste   12    27
(63,196)   coste   7    13
(87,196)   coste   17    36
(64,367)   coste   42    34
(184,367)   coste   42    51
(99,360)   coste   22    32
(360,415)   coste   62    46
(291,474)   coste   18    12
(107,474)   coste   35    46
(157,170)   coste   34    27
(170,222)   coste   12    9
(170,322)   coste   1    5
(215,435)   coste   50    57
(380,423)   coste   15    16
(75,91)   coste   26    14
(91,311)   coste   46    49
(76,126)   coste   61    48
(81,125)   coste   22    35
(192,272)   coste   59    50
(350,483)   coste   19    30
(85,278)   coste   17    35
(373,451)   coste   30    23
(169,340)   coste   7    1
(169,422)   coste   3    6
(244,485)   coste   1    25
(101,138)   coste   14    27
(101,202)   coste   44    45
(155,499)   coste   6    1
(241,282)   coste   20    28
(114,493)   coste   9    9
(114,389)   coste   33    39
(207,389)   coste   38    40
(148,339)   coste   18    15
(121,249)   coste   40    34
(164,397)   coste   1    1
(141,429)   coste   51    16
(141,430)   coste   58    60
(144,174)   coste   7    16
(161,334)   coste   55    70
(276,437)   coste   34    28
(199,247)   coste   2    10
(319,370)   coste   13    46
(150,231)   coste   43    17
(231,293)   coste   70    46
(224,309)   coste   8    5
(160,461)   coste   3    3
(169,337)   coste   32    10
(337,480)   coste   73    51
(258,460)   coste   80    60
(313,460)   coste   28    63
(248,393)   coste   47    36

LISTA_ARISTAS_NOREQ :
