NOMBRE : WA0565 
COMENTARIO :  Chino Windy aleatorio puro
VERTICES :  500
ARISTAS_REQ : 1506
ARISTAS_NOREQ :    0
LISTA_ARISTAS_REQ :
(   1, 152)   coste     217      496
(   1, 174)   coste     376      646
(   1, 253)   coste     646      402
(   1, 264)   coste     956      882
(   1, 280)   coste     271      607
(   1, 325)   coste     752      536
(   1, 374)   coste     822      775
(   1, 438)   coste     131      479
(   1, 492)   coste     336      173
(   2,   4)   coste       1      245
(   2, 115)   coste     660      263
(   2, 310)   coste     441      347
(   2, 409)   coste     736      495
(   2, 463)   coste     243       44
(   3,  41)   coste     803      734
(   3, 250)   coste      56        6
(   3, 301)   coste     477      697
(   3, 479)   coste     560      701
(   4, 125)   coste     294      548
(   4, 274)   coste     356      678
(   4, 280)   coste     429      156
(   4, 281)   coste     570      500
(   4, 343)   coste     107      548
(   4, 372)   coste     376      347
(   4, 402)   coste     266      506
(   4, 407)   coste      16        1
(   4, 412)   coste     668      471
(   5,  47)   coste       1       96
(   5, 320)   coste     432      439
(   5, 393)   coste     450      212
(   5, 400)   coste     283      329
(   5, 422)   coste       1      229
(   5, 470)   coste     591      770
(   6,  36)   coste     598      619
(   6, 109)   coste     729      962
(   6, 119)   coste     541      148
(   6, 304)   coste     257       53
(   6, 329)   coste     416      767
(   6, 338)   coste     668      730
(   6, 456)   coste     833     1061
(   7,  24)   coste     474      337
(   7,  29)   coste      99      108
(   7,  87)   coste     172      610
(   7, 117)   coste       3      118
(   7, 453)   coste     370      688
(   8, 108)   coste     240      295
(   8, 308)   coste     783      592
(   9,  62)   coste     889      922
(   9,  83)   coste     957      504
(   9, 129)   coste     777      740
(   9, 174)   coste     514      151
(   9, 200)   coste      71      350
(   9, 313)   coste    1009     1152
(   9, 327)   coste     622      839
(   9, 351)   coste     744      278
(   9, 445)   coste     360      196
(   9, 465)   coste     837      778
(  10,  90)   coste     690      459
(  10,  92)   coste     767      626
(  10, 101)   coste      88        1
(  10, 208)   coste    1112      847
(  10, 233)   coste     224      443
(  10, 381)   coste     233      254
(  10, 466)   coste     434      529
(  10, 486)   coste     296      277
(  11,  25)   coste     552      943
(  11,  41)   coste     798     1152
(  11,  63)   coste     595      647
(  11,  66)   coste     444      132
(  11, 125)   coste     200       84
(  11, 190)   coste     306      750
(  11, 355)   coste     591      987
(  11, 498)   coste      11      366
(  12, 217)   coste     860      829
(  12, 433)   coste     468      352
(  13,  94)   coste     738      396
(  13, 403)   coste     382        1
(  14,  74)   coste     634      687
(  14, 250)   coste     584      700
(  14, 314)   coste     417      461
(  14, 345)   coste     506      702
(  14, 398)   coste     306      570
(  14, 422)   coste     312      514
(  14, 424)   coste    1018      706
(  14, 433)   coste     688      685
(  14, 470)   coste     663     1011
(  15,  62)   coste     447      333
(  15, 136)   coste     303      282
(  15, 219)   coste     703      743
(  15, 266)   coste     501      338
(  15, 379)   coste     311      472
(  16,  82)   coste     471      365
(  16,  95)   coste    1022      718
(  16, 107)   coste     978      847
(  16, 138)   coste     427      613
(  16, 252)   coste     383        1
(  16, 419)   coste     698      764
(  16, 487)   coste     891     1101
(  17, 145)   coste     561      333
(  17, 169)   coste     947      760
(  17, 320)   coste     696      291
(  17, 359)   coste     333       88
(  17, 452)   coste     773      559
(  18,  78)   coste     538     1043
(  18, 128)   coste     701      203
(  18, 152)   coste     533      337
(  18, 276)   coste     280        1
(  18, 382)   coste     400      313
(  18, 408)   coste     833      818
(  18, 414)   coste     906     1042
(  18, 473)   coste     898      660
(  19,  86)   coste     459      500
(  19, 255)   coste     808      859
(  19, 260)   coste     520      717
(  19, 434)   coste     514      728
(  19, 492)   coste    1001     1066
(  20,  50)   coste     787      657
(  20,  99)   coste     559      684
(  20, 226)   coste     646      678
(  20, 236)   coste    1243     1195
(  21,  34)   coste     336      271
(  21,  50)   coste     349        1
(  21, 113)   coste     498      770
(  21, 157)   coste     665      843
(  21, 312)   coste     457      334
(  21, 324)   coste     179      286
(  21, 437)   coste     179      630
(  22,  54)   coste     758      777
(  22, 266)   coste     594      841
(  22, 368)   coste     564      668
(  22, 382)   coste    1184     1093
(  22, 427)   coste     748      798
(  23,  95)   coste     765      438
(  23, 151)   coste     635      679
(  23, 219)   coste     602      556
(  23, 249)   coste     392      338
(  23, 331)   coste     104      216
(  23, 347)   coste     407      741
(  23, 370)   coste     208      368
(  24,  33)   coste     941     1082
(  24,  91)   coste     558      823
(  24, 152)   coste     572      522
(  24, 192)   coste     307       87
(  24, 203)   coste     150        1
(  24, 221)   coste     112        1
(  24, 226)   coste     234      616
(  25, 116)   coste     355      105
(  25, 248)   coste     412      495
(  25, 255)   coste     873     1178
(  25, 299)   coste     215      165
(  25, 314)   coste     526      463
(  25, 315)   coste     704      729
(  25, 356)   coste     899     1136
(  25, 471)   coste     285      211
(  26,  43)   coste     795      422
(  26,  53)   coste     559      224
(  26,  68)   coste     220       95
(  26, 134)   coste     464      912
(  26, 446)   coste     225      103
(  26, 478)   coste     284      259
(  27, 245)   coste     685      451
(  27, 336)   coste     827      840
(  28,  62)   coste     798      662
(  28, 144)   coste     582      314
(  28, 154)   coste     353      454
(  28, 336)   coste      21       64
(  28, 377)   coste     124      426
(  29,  43)   coste     152        1
(  29, 181)   coste    1012      985
(  29, 255)   coste       1        1
(  29, 289)   coste     146        1
(  30,  41)   coste     575      610
(  30,  56)   coste     540      284
(  30,  74)   coste     921      463
(  30,  77)   coste     423      242
(  30, 248)   coste     801      702
(  30, 346)   coste       1      199
(  30, 425)   coste     623      891
(  30, 428)   coste     667      734
(  31,  62)   coste     927      983
(  31,  67)   coste     360      433
(  31, 170)   coste      77        1
(  31, 288)   coste     319        1
(  32, 103)   coste     650      445
(  32, 207)   coste      45      277
(  32, 248)   coste     394      305
(  32, 373)   coste     751      734
(  32, 374)   coste     737      241
(  32, 446)   coste     527      669
(  33,  40)   coste     545      795
(  33, 178)   coste     763     1025
(  33, 251)   coste     641      370
(  33, 264)   coste     471      397
(  33, 485)   coste    1002      666
(  34, 160)   coste    1058      999
(  34, 189)   coste     559      296
(  34, 281)   coste     469      626
(  34, 302)   coste     599      456
(  34, 333)   coste     279      405
(  34, 349)   coste     452      526
(  34, 443)   coste     210      489
(  34, 451)   coste     375      251
(  34, 487)   coste     923      638
(  35,  42)   coste     970     1121
(  35, 151)   coste     924     1013
(  35, 180)   coste     598      783
(  35, 230)   coste    1188      760
(  35, 237)   coste     210      140
(  35, 306)   coste     278      417
(  35, 327)   coste     417      530
(  35, 369)   coste     249      471
(  36,  37)   coste     638      675
(  36,  84)   coste     418      152
(  36,  88)   coste     525      529
(  36, 107)   coste       1      126
(  36, 130)   coste     596      192
(  36, 406)   coste     702      431
(  37,  38)   coste     327        1
(  37,  49)   coste     596      482
(  37,  80)   coste     302      251
(  37, 128)   coste     365      445
(  37, 368)   coste     528      858
(  37, 417)   coste     317      273
(  37, 459)   coste     123      146
(  38, 248)   coste    1016      768
(  38, 296)   coste     897      531
(  38, 396)   coste     635      594
(  39, 250)   coste     393      558
(  39, 300)   coste     895      812
(  39, 389)   coste     694      867
(  40, 128)   coste     527      793
(  40, 237)   coste     497      889
(  40, 338)   coste     550      982
(  40, 346)   coste     337      294
(  40, 389)   coste     673      587
(  40, 437)   coste     547      878
(  41, 122)   coste     601      611
(  41, 256)   coste     964      775
(  41, 284)   coste     161      153
(  41, 344)   coste     900      535
(  41, 397)   coste     610      444
(  42,  81)   coste     810      657
(  42,  84)   coste     215      288
(  42, 119)   coste     192       56
(  42, 134)   coste     535      716
(  42, 151)   coste     256       62
(  42, 192)   coste     449      686
(  42, 196)   coste     501      653
(  42, 444)   coste     755      571
(  42, 470)   coste     590     1001
(  42, 482)   coste     350      459
(  43,  94)   coste     834      855
(  43, 160)   coste     449      483
(  43, 205)   coste     282      209
(  43, 249)   coste       1      268
(  43, 351)   coste     353      627
(  44, 109)   coste     118      257
(  44, 130)   coste     321      443
(  44, 440)   coste    1002      475
(  45,  97)   coste      43       23
(  45, 156)   coste     296      486
(  45, 167)   coste     425      470
(  45, 190)   coste     211      289
(  45, 225)   coste       1      370
(  45, 267)   coste     192      261
(  45, 288)   coste     505      612
(  45, 317)   coste     205      194
(  46,  99)   coste    1040     1062
(  46, 173)   coste     744      504
(  46, 236)   coste     671      831
(  46, 252)   coste     846      657
(  46, 285)   coste     521      637
(  46, 373)   coste    1294     1209
(  46, 398)   coste     936      949
(  46, 486)   coste     905      779
(  47,  63)   coste     387      469
(  47, 369)   coste     292      198
(  47, 379)   coste      70       83
(  47, 398)   coste     303      266
(  47, 473)   coste     302      489
(  47, 478)   coste     760     1033
(  48, 161)   coste    1188      957
(  48, 258)   coste     696     1005
(  49,  85)   coste     868     1168
(  49, 100)   coste     104      443
(  49, 185)   coste    1064      554
(  49, 343)   coste    1049      982
(  49, 365)   coste     967     1024
(  49, 416)   coste     233      409
(  49, 424)   coste     904     1152
(  50,  85)   coste     622      806
(  50, 104)   coste     155      497
(  50, 167)   coste     312      173
(  50, 494)   coste     447      433
(  51,  52)   coste     553      512
(  51, 216)   coste     479      134
(  51, 258)   coste     842      929
(  51, 327)   coste     631      625
(  51, 346)   coste     634      439
(  51, 347)   coste     622      822
(  52,  94)   coste     483      895
(  52, 100)   coste     175      648
(  52, 150)   coste     550      622
(  52, 239)   coste     374      801
(  52, 284)   coste     329      539
(  52, 301)   coste     521      420
(  52, 433)   coste     623      462
(  53,  87)   coste     591      239
(  53, 179)   coste     566      611
(  53, 180)   coste     194      244
(  53, 200)   coste     159      480
(  53, 311)   coste     356      433
(  53, 331)   coste     406      322
(  53, 431)   coste     464      559
(  53, 441)   coste     229      580
(  53, 469)   coste     322      285
(  54, 278)   coste     727      896
(  54, 333)   coste     648      596
(  54, 366)   coste    1015      880
(  54, 448)   coste    1124     1328
(  54, 463)   coste     816      609
(  55,  95)   coste     619      473
(  55, 108)   coste     436      811
(  55, 222)   coste     829      578
(  55, 224)   coste     290      190
(  56, 106)   coste     587      710
(  56, 108)   coste       1      414
(  56, 117)   coste     450      635
(  56, 128)   coste     492      427
(  56, 133)   coste     755      495
(  56, 149)   coste     646      643
(  56, 179)   coste      92      337
(  56, 187)   coste     978     1075
(  56, 246)   coste     531      929
(  57,  78)   coste     486      544
(  57, 182)   coste       1      181
(  57, 364)   coste     765      609
(  57, 388)   coste     827      647
(  57, 422)   coste     795      490
(  58, 233)   coste     262      401
(  58, 287)   coste     338      572
(  58, 328)   coste     562      161
(  58, 417)   coste     372      192
(  58, 446)   coste     683      229
(  58, 497)   coste     712      890
(  59, 218)   coste     423      731
(  59, 483)   coste     222      185
(  60, 103)   coste     648      626
(  60, 176)   coste     576      844
(  60, 209)   coste     107        1
(  60, 297)   coste     543      203
(  60, 305)   coste     543      628
(  60, 373)   coste     532      777
(  60, 425)   coste    1047      581
(  60, 435)   coste    1083     1126
(  61, 216)   coste     151      261
(  61, 248)   coste     440      225
(  61, 361)   coste     525      400
(  61, 399)   coste     596      494
(  61, 427)   coste     392      603
(  61, 491)   coste       1       48
(  62,  81)   coste     776      763
(  62, 122)   coste     664      818
(  62, 215)   coste     676      786
(  62, 264)   coste    1131      615
(  62, 289)   coste     593      567
(  62, 320)   coste     372      421
(  62, 339)   coste       1        1
(  62, 425)   coste     294      180
(  62, 445)   coste    1053      650
(  63, 431)   coste     272      341
(  63, 486)   coste      51        1
(  64,  91)   coste     651     1055
(  64, 222)   coste       1      262
(  64, 239)   coste     297      476
(  64, 282)   coste     251      315
(  64, 292)   coste     392      612
(  64, 345)   coste     557      714
(  64, 414)   coste    1026     1000
(  65, 146)   coste     985      962
(  65, 160)   coste     657      855
(  65, 168)   coste     585      388
(  65, 173)   coste     378      227
(  65, 261)   coste     693      684
(  65, 281)   coste     892      523
(  65, 368)   coste     485      695
(  65, 413)   coste     235      246
(  65, 448)   coste     572      538
(  66, 104)   coste     293      290
(  66, 154)   coste      32      421
(  66, 328)   coste     145      547
(  66, 432)   coste     512      696
(  67,  76)   coste     397       50
(  67, 110)   coste     562      722
(  67, 125)   coste     565      863
(  67, 130)   coste     905      889
(  67, 139)   coste     413      514
(  67, 315)   coste     893      733
(  68, 400)   coste     339      402
(  69, 130)   coste     505      933
(  69, 145)   coste     232      224
(  69, 169)   coste     442      300
(  69, 263)   coste     671      660
(  69, 328)   coste     201      369
(  69, 376)   coste     413      454
(  69, 381)   coste     389      403
(  69, 475)   coste     930     1071
(  69, 492)   coste     613      710
(  70, 248)   coste     540      391
(  70, 294)   coste     727      654
(  70, 309)   coste     918      515
(  71, 150)   coste       1      230
(  71, 276)   coste     262      285
(  71, 359)   coste     725      680
(  71, 364)   coste     381      237
(  71, 366)   coste     525      225
(  71, 371)   coste     471      318
(  71, 499)   coste     333      368
(  72,  75)   coste    1065     1109
(  72,  90)   coste     585      678
(  72, 174)   coste     744     1197
(  72, 248)   coste     884      549
(  72, 275)   coste      58      422
(  72, 392)   coste     402      525
(  73,  95)   coste     588      840
(  73, 107)   coste     720      702
(  73, 110)   coste     793      835
(  73, 113)   coste     749      439
(  73, 266)   coste     446      664
(  73, 369)   coste     354      277
(  73, 438)   coste     844      934
(  74, 152)   coste     418      254
(  74, 162)   coste     621      449
(  74, 225)   coste     389      845
(  74, 314)   coste     896      626
(  75,  86)   coste     202      403
(  75,  88)   coste     549      525
(  75, 186)   coste     882      928
(  75, 306)   coste       1       18
(  75, 370)   coste     945      668
(  75, 427)   coste     824      760
(  76, 104)   coste     914      471
(  76, 248)   coste     407      276
(  76, 332)   coste     292      362
(  76, 415)   coste     348       85
(  77, 152)   coste     447      297
(  77, 155)   coste     213      370
(  77, 157)   coste     443      493
(  77, 261)   coste     718      637
(  77, 329)   coste     659      689
(  78, 128)   coste     300      290
(  78, 342)   coste     977      595
(  78, 350)   coste     498      769
(  79, 333)   coste     337      280
(  79, 346)   coste    1053     1174
(  79, 382)   coste     596      553
(  80, 314)   coste     878      844
(  80, 334)   coste    1050      700
(  80, 396)   coste     722      461
(  80, 399)   coste     725      710
(  80, 410)   coste     563      619
(  81, 138)   coste     571      471
(  81, 198)   coste    1015      824
(  81, 301)   coste      44      372
(  81, 379)   coste    1145      977
(  82, 124)   coste     390      481
(  82, 138)   coste     657      435
(  82, 250)   coste     207      266
(  82, 395)   coste     288       71
(  82, 404)   coste     520      532
(  83,  96)   coste     713      895
(  83, 222)   coste     982      969
(  83, 297)   coste     535      561
(  83, 299)   coste     411      666
(  83, 318)   coste     725      844
(  83, 421)   coste     286      435
(  84, 105)   coste     547      274
(  84, 184)   coste     472      600
(  84, 251)   coste     445       60
(  84, 330)   coste     566      352
(  84, 354)   coste     208      544
(  84, 357)   coste     457      301
(  84, 428)   coste     578      476
(  85, 112)   coste     575      554
(  85, 292)   coste     274      376
(  85, 335)   coste       1       53
(  85, 411)   coste     636      626
(  85, 432)   coste      34       90
(  85, 477)   coste     693      531
(  86,  87)   coste     484      720
(  86, 114)   coste     335      680
(  86, 233)   coste     261      459
(  86, 269)   coste     257      396
(  86, 344)   coste     373      394
(  86, 401)   coste      50      100
(  86, 419)   coste     361      503
(  86, 425)   coste     545      491
(  86, 492)   coste       2      103
(  87, 246)   coste     981      801
(  87, 316)   coste     829      710
(  88, 265)   coste     149      129
(  88, 287)   coste     679      399
(  88, 379)   coste       1      196
(  88, 489)   coste     692      584
(  89, 171)   coste    1145      661
(  89, 202)   coste     874      844
(  89, 252)   coste     316      612
(  89, 339)   coste     752      643
(  89, 397)   coste     957      995
(  90, 228)   coste     907      562
(  90, 266)   coste     105      351
(  90, 372)   coste      18      270
(  90, 414)   coste     772     1136
(  90, 431)   coste     731      831
(  90, 451)   coste     781      663
(  90, 484)   coste     302      339
(  91, 222)   coste     931      931
(  91, 316)   coste     918     1094
(  92, 199)   coste     868      764
(  92, 225)   coste     721      628
(  92, 265)   coste     645      559
(  92, 276)   coste     643      666
(  92, 286)   coste     735      752
(  92, 303)   coste     256      424
(  92, 411)   coste     787      342
(  92, 477)   coste     786      570
(  93,  99)   coste     775      382
(  93, 130)   coste     459      415
(  93, 145)   coste     967     1143
(  93, 174)   coste    1521     1549
(  93, 187)   coste     853      878
(  93, 256)   coste     327      804
(  93, 348)   coste    1456     1335
(  94, 170)   coste    1083     1003
(  94, 182)   coste     594      561
(  94, 250)   coste      27       38
(  94, 305)   coste     579      103
(  94, 314)   coste     418      174
(  95, 237)   coste     485      817
(  95, 367)   coste     788      551
(  95, 428)   coste     787      989
(  95, 465)   coste     622      666
(  96, 475)   coste     771      993
(  97, 160)   coste     430      499
(  97, 316)   coste     819      684
(  98, 136)   coste     444      252
(  98, 222)   coste     380      523
(  98, 299)   coste     643      246
(  98, 340)   coste     863      389
(  99, 204)   coste       1        1
(  99, 302)   coste     654      470
(  99, 335)   coste     813      436
(  99, 357)   coste     301      771
(  99, 378)   coste     457      531
( 100, 119)   coste     586      333
( 100, 129)   coste     271        1
( 100, 143)   coste     481      397
( 100, 171)   coste       1        1
( 100, 281)   coste     915      870
( 100, 345)   coste     425      525
( 100, 369)   coste     112      281
( 101, 157)   coste     740      647
( 101, 256)   coste     585      493
( 101, 388)   coste     248      542
( 102, 120)   coste      37       22
( 102, 142)   coste      48      340
( 102, 146)   coste     887      554
( 102, 220)   coste     726      956
( 102, 359)   coste     319      481
( 102, 456)   coste     410      519
( 103, 193)   coste       1      173
( 103, 227)   coste     731      712
( 105, 186)   coste     170      324
( 105, 270)   coste     432      418
( 105, 366)   coste     604      345
( 105, 370)   coste     163      391
( 105, 479)   coste     768      719
( 106, 488)   coste     171      364
( 106, 491)   coste       1      216
( 107, 279)   coste     577      826
( 107, 315)   coste     500      544
( 108, 125)   coste    1059      671
( 108, 250)   coste     438      487
( 108, 269)   coste     720      582
( 108, 306)   coste     793      640
( 108, 323)   coste     222      202
( 108, 465)   coste     387      329
( 108, 493)   coste     478      175
( 109, 300)   coste     731      747
( 109, 347)   coste      31      315
( 109, 413)   coste     525      951
( 109, 472)   coste     947      591
( 110, 131)   coste       1        1
( 110, 251)   coste     560      384
( 111, 288)   coste     420      376
( 111, 369)   coste     953      832
( 111, 409)   coste     728      591
( 111, 418)   coste     849      549
( 112, 164)   coste     625     1024
( 112, 166)   coste     860      746
( 112, 300)   coste    1183     1364
( 112, 333)   coste     117      341
( 112, 417)   coste     667      881
( 112, 498)   coste     190      571
( 113, 145)   coste       1      303
( 113, 151)   coste     550      439
( 113, 179)   coste     881      548
( 113, 196)   coste     106      263
( 113, 310)   coste     229      335
( 113, 348)   coste     440      249
( 113, 416)   coste     977      447
( 114, 127)   coste     403      515
( 114, 184)   coste     211      455
( 114, 196)   coste     850      425
( 114, 202)   coste     206      163
( 114, 216)   coste     476      333
( 114, 245)   coste     670      727
( 114, 457)   coste     183      486
( 114, 469)   coste     451      552
( 115, 155)   coste     145      294
( 115, 205)   coste     567      671
( 115, 264)   coste     712      589
( 115, 281)   coste     448      447
( 115, 432)   coste     199      472
( 115, 443)   coste     330      106
( 115, 495)   coste     786      545
( 116, 251)   coste     848      872
( 116, 434)   coste     138      159
( 117, 177)   coste     463      905
( 117, 438)   coste     635      932
( 118, 216)   coste     373      439
( 118, 235)   coste     715      760
( 118, 342)   coste      42      142
( 118, 455)   coste     114      132
( 119, 128)   coste     749      387
( 119, 204)   coste     748      670
( 119, 315)   coste     893      647
( 119, 316)   coste     820      647
( 119, 372)   coste     537      717
( 119, 423)   coste     513      434
( 120, 149)   coste     583      142
( 120, 363)   coste     607      710
( 120, 470)   coste     832      829
( 120, 480)   coste     341      374
( 121, 136)   coste     385      517
( 121, 178)   coste     593      850
( 121, 180)   coste     512      504
( 121, 358)   coste     696      681
( 121, 403)   coste     521      452
( 121, 438)   coste     321      428
( 122, 131)   coste     887      450
( 122, 181)   coste       9        1
( 122, 237)   coste     498      916
( 122, 305)   coste     764      835
( 122, 364)   coste     917      703
( 123, 207)   coste     406      260
( 123, 245)   coste     447      887
( 123, 256)   coste     374      523
( 123, 329)   coste     815      944
( 123, 331)   coste     548      352
( 123, 483)   coste     575      450
( 124, 179)   coste     844      880
( 124, 226)   coste     904      483
( 124, 296)   coste     251        1
( 124, 300)   coste     882      952
( 124, 342)   coste     678      447
( 124, 423)   coste     715      466
( 125, 200)   coste     493      434
( 125, 209)   coste     613      398
( 125, 228)   coste     568      488
( 125, 472)   coste     355      680
( 126, 209)   coste     416      438
( 126, 270)   coste     446      405
( 126, 426)   coste     603      526
( 126, 436)   coste     613      143
( 127, 170)   coste     259      665
( 127, 201)   coste     827      655
( 127, 237)   coste    1177      726
( 127, 261)   coste     205      265
( 127, 350)   coste     808      946
( 127, 385)   coste     651     1046
( 127, 413)   coste    1287     1013
( 128, 174)   coste     523      231
( 128, 177)   coste     229      441
( 128, 201)   coste     186      636
( 128, 244)   coste     386      812
( 128, 377)   coste      66      160
( 129, 168)   coste     685      619
( 129, 218)   coste     876      865
( 129, 246)   coste    1069      756
( 129, 265)   coste       1        1
( 129, 305)   coste      60      106
( 129, 440)   coste     526      376
( 130, 179)   coste     743      489
( 130, 226)   coste      14      132
( 130, 309)   coste     886      823
( 130, 333)   coste     493      154
( 130, 345)   coste     626      554
( 130, 390)   coste    1062     1105
( 130, 410)   coste     358      486
( 131, 240)   coste     474      299
( 131, 358)   coste     865      548
( 131, 408)   coste     856     1043
( 132, 141)   coste     706      885
( 132, 214)   coste     649      867
( 132, 229)   coste    1018     1022
( 132, 364)   coste    1108      791
( 132, 410)   coste     758      775
( 132, 436)   coste    1140      920
( 132, 488)   coste      89       90
( 133, 247)   coste     576      721
( 133, 274)   coste    1045     1186
( 133, 397)   coste    1109     1110
( 133, 452)   coste    1349     1421
( 133, 496)   coste     338      484
( 134, 135)   coste     886     1111
( 134, 250)   coste     703      670
( 134, 314)   coste      49      567
( 134, 405)   coste     671      687
( 134, 418)   coste     989      778
( 134, 452)   coste       1        1
( 135, 163)   coste     479      505
( 135, 327)   coste    1038     1060
( 135, 335)   coste     154      144
( 135, 375)   coste     675      342
( 135, 385)   coste     296        1
( 135, 480)   coste     809      679
( 136, 155)   coste      84      270
( 136, 424)   coste       1       38
( 136, 450)   coste    1013      715
( 136, 473)   coste     296      126
( 137, 162)   coste    1012      721
( 137, 167)   coste    1008     1054
( 137, 168)   coste     461      577
( 137, 268)   coste     919      757
( 137, 271)   coste      72        1
( 137, 390)   coste     605      617
( 137, 391)   coste     257      438
( 137, 401)   coste     378      660
( 138, 167)   coste     436      719
( 138, 258)   coste     661      503
( 138, 336)   coste     402      277
( 138, 345)   coste     668      189
( 138, 484)   coste     276      205
( 139, 274)   coste     606      646
( 139, 333)   coste       1      301
( 139, 403)   coste     577      284
( 139, 453)   coste     501      683
( 140, 203)   coste     387      446
( 140, 305)   coste     522      373
( 140, 326)   coste     532      342
( 140, 329)   coste     622      409
( 140, 356)   coste     798      722
( 140, 381)   coste     511      725
( 140, 388)   coste     735      819
( 140, 461)   coste       1        1
( 140, 475)   coste     965     1095
( 141, 203)   coste      96      371
( 141, 373)   coste     628      169
( 141, 394)   coste    1062     1197
( 141, 406)   coste     268      239
( 142, 148)   coste     614      218
( 142, 191)   coste     646      781
( 143, 275)   coste     370      546
( 143, 340)   coste     330      166
( 143, 390)   coste     707      416
( 143, 411)   coste     427      579
( 144, 237)   coste     951     1007
( 144, 327)   coste     622      843
( 144, 332)   coste     220      413
( 144, 413)   coste     694     1045
( 144, 468)   coste     332      358
( 145, 159)   coste     671      569
( 145, 191)   coste     396      498
( 145, 229)   coste     217      223
( 145, 251)   coste     358      220
( 145, 275)   coste     908      623
( 145, 338)   coste     501      412
( 146, 198)   coste     930      868
( 146, 217)   coste       1      202
( 146, 383)   coste    1066      929
( 146, 419)   coste     536      436
( 146, 470)   coste     498      812
( 147, 172)   coste    1101     1143
( 147, 274)   coste     669      394
( 147, 323)   coste     704      521
( 148, 160)   coste     549      268
( 148, 331)   coste     147      420
( 149, 292)   coste     265      378
( 149, 493)   coste     636      615
( 150, 434)   coste     624      350
( 150, 476)   coste     469      729
( 150, 487)   coste     185      260
( 151, 221)   coste     542      835
( 151, 253)   coste     599     1068
( 151, 274)   coste     655      826
( 151, 367)   coste     166      263
( 151, 422)   coste     699      539
( 152, 246)   coste     681      703
( 152, 286)   coste     750      776
( 152, 295)   coste     400       75
( 152, 343)   coste     361      392
( 153, 410)   coste    1066      638
( 154, 235)   coste    1174      996
( 154, 311)   coste     272      393
( 154, 348)   coste     693      698
( 154, 359)   coste      32      527
( 154, 425)   coste     332      176
( 155, 202)   coste     868      847
( 155, 272)   coste     498      586
( 155, 313)   coste     556      475
( 155, 397)   coste     703      764
( 155, 407)   coste     387      212
( 155, 427)   coste     256      642
( 156, 183)   coste     613      741
( 156, 432)   coste     613      438
( 157, 165)   coste     243      174
( 157, 175)   coste     413      573
( 157, 298)   coste     388      275
( 157, 317)   coste     261        1
( 157, 371)   coste     468      266
( 157, 379)   coste     413      293
( 158, 208)   coste     688      848
( 158, 344)   coste     205      538
( 158, 497)   coste     736      436
( 159, 194)   coste     619      668
( 159, 199)   coste     393      704
( 159, 222)   coste     459      472
( 159, 338)   coste     604      619
( 160, 386)   coste      38      474
( 160, 410)   coste     120      164
( 160, 414)   coste    1044      768
( 160, 431)   coste     133      314
( 160, 435)   coste    1323     1120
( 161, 177)   coste     669      727
( 161, 256)   coste     313       25
( 161, 350)   coste     644      303
( 161, 354)   coste     381       61
( 161, 376)   coste     647      158
( 162, 225)   coste     762      706
( 162, 351)   coste     563      451
( 162, 413)   coste       1      137
( 163, 258)   coste     532      208
( 163, 263)   coste     398      416
( 163, 285)   coste     393      244
( 163, 409)   coste     677      943
( 163, 432)   coste     598      655
( 163, 450)   coste     585      371
( 164, 171)   coste     449      407
( 164, 174)   coste    1042      997
( 164, 260)   coste     719      761
( 164, 277)   coste     439      730
( 164, 368)   coste     411      632
( 164, 409)   coste     496      558
( 164, 422)   coste     555      607
( 164, 468)   coste     564      541
( 165, 185)   coste     696      727
( 165, 241)   coste    1092      880
( 165, 251)   coste     138      569
( 165, 276)   coste      59      234
( 165, 301)   coste    1001      694
( 165, 320)   coste     209      492
( 165, 365)   coste     638     1001
( 165, 434)   coste     752      966
( 166, 243)   coste     412      632
( 166, 319)   coste     320      424
( 166, 418)   coste     899      849
( 166, 447)   coste     664      953
( 167, 204)   coste     353      518
( 167, 406)   coste     378      418
( 168, 193)   coste      68      119
( 168, 210)   coste     463      143
( 168, 311)   coste     424      369
( 168, 430)   coste     356      776
( 168, 431)   coste     796      740
( 169, 175)   coste     431      596
( 169, 226)   coste     973      886
( 170, 302)   coste     583      729
( 170, 322)   coste     196      426
( 170, 423)   coste     657      689
( 170, 427)   coste     561      566
( 170, 499)   coste     398      200
( 171, 278)   coste     601      609
( 171, 447)   coste     925      939
( 172, 187)   coste     689      361
( 172, 221)   coste     521      735
( 172, 244)   coste     836      840
( 172, 268)   coste     882      844
( 172, 273)   coste     650      874
( 172, 348)   coste     299      255
( 173, 186)   coste     721      538
( 173, 314)   coste      64      227
( 173, 370)   coste     699      641
( 173, 412)   coste     694      323
( 174, 233)   coste     580      546
( 174, 391)   coste     316      149
( 174, 414)   coste    1128      682
( 175, 239)   coste     617      659
( 175, 287)   coste     615      524
( 175, 364)   coste     502      327
( 175, 424)   coste     433      783
( 175, 434)   coste     342      656
( 175, 446)   coste     270      200
( 176, 282)   coste     115      336
( 176, 299)   coste     434      353
( 176, 308)   coste     783      858
( 176, 318)   coste     394      352
( 176, 434)   coste     588      885
( 177, 328)   coste     173      482
( 177, 378)   coste     258      594
( 178, 402)   coste     384        1
( 178, 493)   coste     935     1062
( 179, 203)   coste     531      982
( 179, 251)   coste     730      210
( 179, 431)   coste     734      720
( 179, 434)   coste     750      985
( 179, 463)   coste     603      334
( 180, 192)   coste     246      546
( 180, 283)   coste     684      586
( 180, 428)   coste     230      229
( 180, 451)   coste     644      748
( 181, 262)   coste     898      728
( 181, 281)   coste     469       61
( 181, 434)   coste     220      536
( 181, 442)   coste     203        1
( 181, 500)   coste     512      514
( 182, 224)   coste     238      454
( 182, 247)   coste     130      548
( 182, 284)   coste     649      605
( 182, 317)   coste     914      886
( 182, 387)   coste      27       18
( 182, 471)   coste     619      266
( 182, 475)   coste     906      530
( 183, 213)   coste       1      328
( 183, 282)   coste     664      999
( 183, 438)   coste     434      251
( 183, 446)   coste     933      710
( 184, 253)   coste     302      420
( 184, 300)   coste    1164      973
( 184, 313)   coste     381      345
( 184, 375)   coste     723      879
( 185, 285)   coste     576      737
( 185, 311)   coste     819      940
( 185, 413)   coste     805      707
( 186, 375)   coste     396      542
( 186, 461)   coste     465      368
( 187, 215)   coste     958      946
( 187, 235)   coste    1028     1005
( 187, 291)   coste      44      209
( 187, 296)   coste     177      570
( 187, 444)   coste     476      483
( 188, 215)   coste     693      754
( 188, 356)   coste     369      728
( 188, 366)   coste      63      421
( 188, 371)   coste     418      185
( 189, 209)   coste     349       80
( 189, 308)   coste     571      635
( 189, 314)   coste     556      306
( 189, 438)   coste    1035     1069
( 189, 494)   coste     821      681
( 190, 297)   coste     195       80
( 191, 257)   coste     949      651
( 191, 331)   coste     500      670
( 192, 206)   coste     262       89
( 192, 399)   coste     176      279
( 192, 447)   coste     488      377
( 192, 474)   coste     564       82
( 192, 481)   coste     234      308
( 193, 262)   coste     382      676
( 193, 273)   coste     650      359
( 193, 382)   coste     290      217
( 194, 222)   coste     744      868
( 194, 314)   coste     366      339
( 194, 427)   coste     505      144
( 195, 495)   coste    1208     1130
( 195, 499)   coste     211      565
( 196, 231)   coste     543      743
( 196, 383)   coste     582      257
( 196, 415)   coste       5        1
( 197, 238)   coste     169      231
( 197, 406)   coste     363      209
( 197, 484)   coste     506      574
( 198, 233)   coste     273      362
( 198, 311)   coste     276      179
( 199, 233)   coste     286      336
( 199, 318)   coste     479      328
( 199, 352)   coste    1102     1119
( 199, 495)   coste     828     1118
( 200, 243)   coste     128      562
( 200, 296)   coste     267        1
( 200, 347)   coste     867      955
( 201, 217)   coste     530      883
( 201, 252)   coste     486      594
( 201, 313)   coste     143      227
( 201, 374)   coste     554      902
( 201, 462)   coste     484      381
( 201, 490)   coste     701      769
( 202, 267)   coste     279      191
( 202, 327)   coste     514      170
( 202, 353)   coste     242        1
( 202, 387)   coste     963      789
( 202, 471)   coste    1029      884
( 203, 311)   coste     362      363
( 203, 344)   coste     345       72
( 203, 358)   coste     681      784
( 203, 362)   coste     405      704
( 203, 392)   coste     753      687
( 203, 470)   coste     395      503
( 204, 328)   coste     420        1
( 204, 332)   coste     398      521
( 204, 463)   coste     605      494
( 206, 210)   coste     657      452
( 206, 244)   coste     808      660
( 206, 247)   coste      57      320
( 206, 298)   coste     206      220
( 206, 320)   coste      69      494
( 206, 360)   coste     726      713
( 206, 488)   coste     677      614
( 207, 296)   coste     904      948
( 207, 412)   coste     845      863
( 207, 453)   coste     543      782
( 207, 474)   coste     496      391
( 208, 226)   coste     384      676
( 208, 267)   coste     802      829
( 208, 360)   coste    1136      791
( 208, 383)   coste     108      360
( 208, 487)   coste    1219     1220
( 208, 495)   coste      64        1
( 209, 239)   coste     707      633
( 209, 363)   coste     321      379
( 209, 423)   coste     390      255
( 210, 335)   coste     202      250
( 210, 489)   coste     786      428
( 211, 256)   coste     545      564
( 211, 444)   coste     496      229
( 211, 482)   coste     389      734
( 212, 298)   coste     488      550
( 212, 300)   coste     388      366
( 212, 396)   coste       1      188
( 212, 443)   coste     916      601
( 213, 315)   coste     276      350
( 213, 349)   coste     612      461
( 214, 244)   coste     753     1011
( 214, 309)   coste     869      638
( 214, 335)   coste     616      673
( 215, 237)   coste     700      901
( 215, 407)   coste     701      673
( 216, 277)   coste     715      455
( 216, 286)   coste     552      382
( 216, 310)   coste     290      349
( 216, 355)   coste     155      406
( 216, 400)   coste     212      203
( 217, 244)   coste       1        1
( 217, 256)   coste     803      877
( 217, 286)   coste     421      692
( 218, 227)   coste     261      485
( 218, 231)   coste     748      723
( 218, 328)   coste     501      666
( 218, 475)   coste     957     1246
( 218, 476)   coste     307       25
( 218, 478)   coste     578      465
( 219, 248)   coste     835      870
( 219, 259)   coste     659      777
( 219, 470)   coste    1161     1145
( 220, 234)   coste     974     1172
( 220, 269)   coste     874     1062
( 220, 282)   coste     458      410
( 220, 289)   coste     857      885
( 220, 292)   coste     563      687
( 220, 443)   coste     791      496
( 220, 451)   coste     984      847
( 221, 266)   coste     892     1009
( 221, 442)   coste     596      614
( 222, 287)   coste     196       31
( 222, 305)   coste    1097      890
( 222, 419)   coste      38      391
( 222, 458)   coste     287      257
( 222, 465)   coste     160      304
( 223, 265)   coste     338      711
( 223, 406)   coste     240      202
( 223, 496)   coste     260       60
( 224, 277)   coste     815      628
( 224, 306)   coste       1      182
( 225, 315)   coste     285      340
( 225, 400)   coste     509      325
( 225, 403)   coste     375      576
( 226, 305)   coste      38       54
( 226, 404)   coste    1008      687
( 226, 443)   coste     654      813
( 227, 395)   coste     165      202
( 227, 421)   coste     481      397
( 227, 433)   coste     243       21
( 228, 299)   coste     805      438
( 228, 497)   coste    1152      856
( 229, 281)   coste     884      654
( 230, 292)   coste     255      626
( 230, 310)   coste     763     1062
( 230, 469)   coste     471      443
( 231, 261)   coste     545      575
( 231, 478)   coste    1249      844
( 232, 263)   coste     719      398
( 233, 297)   coste     103      133
( 233, 375)   coste     433      166
( 234, 246)   coste     682      749
( 234, 265)   coste     831      853
( 234, 290)   coste     659      986
( 234, 332)   coste     839      892
( 235, 338)   coste    1015     1162
( 236, 371)   coste     244      392
( 236, 421)   coste     365       56
( 236, 423)   coste     738      697
( 237, 366)   coste     228      163
( 237, 435)   coste     806      861
( 237, 454)   coste    1011      938
( 237, 484)   coste     748      529
( 238, 355)   coste     466      381
( 240, 242)   coste     489      173
( 240, 430)   coste     513      426
( 240, 465)   coste     497      741
( 241, 312)   coste     640      607
( 241, 441)   coste     504      437
( 242, 267)   coste       1        1
( 242, 414)   coste     745      642
( 242, 468)   coste     830      658
( 243, 247)   coste      31       26
( 243, 270)   coste     582      706
( 243, 374)   coste     851      661
( 244, 263)   coste     776      671
( 244, 450)   coste    1215      904
( 245, 351)   coste     480      174
( 245, 410)   coste     752      627
( 245, 467)   coste     289      613
( 246, 304)   coste     762      363
( 246, 318)   coste    1123     1072
( 246, 377)   coste     469       34
( 246, 420)   coste    1285     1319
( 248, 275)   coste     684      768
( 248, 284)   coste     811      772
( 248, 310)   coste     271        1
( 248, 391)   coste     768      655
( 248, 392)   coste     371      298
( 248, 476)   coste       1      134
( 249, 259)   coste     474      875
( 249, 308)   coste     658      440
( 249, 320)   coste     631      330
( 249, 359)   coste    1070     1001
( 249, 386)   coste     173       11
( 249, 430)   coste     475      706
( 249, 480)   coste     152       77
( 250, 269)   coste     144       77
( 250, 426)   coste     331      460
( 251, 291)   coste     335      680
( 251, 293)   coste     659      553
( 251, 401)   coste     780      302
( 253, 374)   coste    1145     1174
( 253, 429)   coste      23        9
( 254, 257)   coste     236      253
( 254, 271)   coste     675      712
( 254, 298)   coste     162       49
( 254, 340)   coste     650      611
( 254, 406)   coste     179      261
( 254, 489)   coste     192      443
( 255, 414)   coste    1041      931
( 255, 427)   coste     388      455
( 257, 345)   coste     402       90
( 257, 372)   coste     575      480
( 257, 380)   coste     160      377
( 258, 277)   coste     808     1040
( 258, 318)   coste      88      398
( 258, 331)   coste     358      663
( 259, 292)   coste     411        1
( 259, 309)   coste     307      724
( 259, 360)   coste     614      349
( 259, 380)   coste     557      781
( 259, 412)   coste     908      641
( 259, 435)   coste     296      466
( 261, 264)   coste       1        1
( 261, 293)   coste     762      736
( 261, 310)   coste     607      624
( 262, 439)   coste     723      624
( 263, 346)   coste     354      521
( 263, 352)   coste     910      783
( 263, 463)   coste     577      131
( 263, 482)   coste     440      264
( 264, 317)   coste     209      668
( 264, 341)   coste     314      492
( 264, 422)   coste     878      490
( 265, 324)   coste       1        1
( 265, 385)   coste    1056     1054
( 266, 283)   coste     141       22
( 267, 310)   coste     635      639
( 267, 322)   coste     753      817
( 267, 394)   coste     954      954
( 268, 311)   coste     562      379
( 268, 387)   coste     319      561
( 268, 404)   coste     773      502
( 268, 479)   coste     210        1
( 268, 489)   coste     860      734
( 269, 397)   coste     586      136
( 269, 426)   coste     546      235
( 269, 473)   coste     699      655
( 269, 495)   coste     696      568
( 270, 325)   coste     618      834
( 270, 368)   coste     236       31
( 270, 381)   coste     479      728
( 270, 437)   coste     426       25
( 271, 305)   coste    1107     1013
( 271, 375)   coste     498      500
( 271, 397)   coste     634      560
( 271, 430)   coste     412      379
( 271, 482)   coste     887      946
( 272, 382)   coste     879      553
( 272, 383)   coste     352      281
( 273, 312)   coste       1        1
( 273, 322)   coste     749      652
( 273, 486)   coste      43      363
( 273, 492)   coste     776      839
( 274, 408)   coste    1170     1363
( 274, 421)   coste     357        1
( 274, 452)   coste      39        1
( 275, 346)   coste     718      909
( 275, 421)   coste     693      563
( 275, 481)   coste     990      818
( 275, 491)   coste     996      918
( 276, 328)   coste     505      319
( 276, 469)   coste     438      619
( 276, 471)   coste     446      454
( 277, 477)   coste     703     1063
( 277, 499)   coste     618      652
( 278, 288)   coste     385       69
( 278, 400)   coste     331      654
( 278, 476)   coste     592      517
( 279, 365)   coste     576      329
( 279, 391)   coste     165      190
( 279, 396)   coste     911      757
( 279, 435)   coste     391      329
( 279, 477)   coste     832      593
( 280, 362)   coste     210      495
( 280, 389)   coste     701      710
( 281, 291)   coste     387      358
( 281, 420)   coste    1190     1160
( 281, 470)   coste      41      202
( 281, 478)   coste     315      109
( 282, 368)   coste     755      575
( 282, 382)   coste      70      266
( 282, 396)   coste     599      544
( 284, 379)   coste     784      819
( 286, 404)   coste    1079     1407
( 286, 432)   coste    1025     1178
( 286, 453)   coste     564      812
( 287, 434)   coste     667      294
( 287, 477)   coste     844      947
( 288, 303)   coste    1167     1011
( 288, 318)   coste     446      498
( 288, 323)   coste     286      162
( 288, 345)   coste     574      939
( 288, 374)   coste     259      446
( 289, 445)   coste     666      859
( 289, 464)   coste     767      822
( 289, 465)   coste     485      491
( 290, 461)   coste     547      418
( 290, 471)   coste       1      177
( 291, 380)   coste     686      519
( 291, 470)   coste     160      573
( 291, 479)   coste     201      601
( 292, 313)   coste     354      778
( 292, 374)   coste     490      487
( 292, 408)   coste     555      480
( 292, 475)   coste     496      638
( 293, 336)   coste     507      754
( 293, 482)   coste    1109     1091
( 293, 494)   coste    1024      793
( 294, 404)   coste    1102     1132
( 295, 425)   coste     980      674
( 296, 337)   coste     503      546
( 297, 386)   coste     716      607
( 297, 407)   coste     353      213
( 297, 429)   coste     933      767
( 297, 467)   coste      63      214
( 298, 413)   coste     720      770
( 299, 361)   coste     427      358
( 299, 411)   coste     332      511
( 299, 416)   coste     336      554
( 299, 454)   coste      99      313
( 300, 439)   coste     333      470
( 300, 450)   coste    1322      897
( 301, 319)   coste     858     1069
( 301, 446)   coste     284        1
( 301, 469)   coste     234      174
( 303, 332)   coste     700     1141
( 303, 400)   coste     173       74
( 303, 435)   coste     752      718
( 304, 321)   coste     228      467
( 304, 355)   coste     240      293
( 305, 344)   coste     342      331
( 305, 352)   coste     683     1094
( 305, 422)   coste     232      313
( 305, 433)   coste      78       93
( 306, 382)   coste     579      888
( 307, 432)   coste       6      102
( 308, 327)   coste      66      322
( 308, 403)   coste     868      959
( 308, 407)   coste     449      481
( 308, 416)   coste     766      923
( 308, 491)   coste     270      322
( 308, 493)   coste     741      712
( 310, 401)   coste      45        1
( 310, 441)   coste     390      429
( 310, 482)   coste     914      694
( 311, 465)   coste    1039     1039
( 312, 322)   coste     773      651
( 313, 468)   coste     994      818
( 314, 422)   coste       1      326
( 314, 432)   coste     705      781
( 315, 351)   coste     263      190
( 315, 407)   coste     520      727
( 315, 480)   coste     817      567
( 316, 318)   coste     609      859
( 316, 391)   coste     315      254
( 316, 454)   coste     396      645
( 317, 320)   coste     162      451
( 317, 486)   coste       1        1
( 319, 388)   coste     238      102
( 319, 390)   coste     727     1060
( 319, 455)   coste     778      616
( 319, 461)   coste     892      726
( 319, 472)   coste     443      432
( 319, 499)   coste     635      720
( 320, 340)   coste     595      485
( 320, 427)   coste     375      130
( 321, 355)   coste       1      192
( 321, 379)   coste     690      675
( 321, 400)   coste     421      652
( 321, 430)   coste     319      233
( 321, 460)   coste     669      758
( 322, 354)   coste     630      320
( 323, 491)   coste     379      318
( 324, 337)   coste     374      152
( 327, 330)   coste     828      815
( 327, 441)   coste     129      180
( 328, 494)   coste     419      515
( 328, 496)   coste     534      461
( 330, 354)   coste     703      252
( 331, 500)   coste       1        1
( 332, 408)   coste     656      910
( 332, 489)   coste     166      596
( 333, 425)   coste     443      647
( 334, 429)   coste    1008      658
( 334, 442)   coste     505      404
( 336, 384)   coste     421      534
( 336, 487)   coste     501      601
( 337, 363)   coste     309      523
( 338, 393)   coste       1      165
( 338, 421)   coste     465      898
( 338, 461)   coste     177       26
( 339, 348)   coste     656     1075
( 340, 369)   coste      58      363
( 340, 471)   coste     486      374
( 341, 399)   coste    1079     1255
( 341, 406)   coste     951     1073
( 341, 429)   coste    1161     1228
( 341, 440)   coste     687      864
( 341, 483)   coste     322      784
( 342, 454)   coste     510      661
( 343, 481)   coste     428      473
( 344, 436)   coste     130      500
( 346, 350)   coste     676      845
( 346, 454)   coste     674      604
( 347, 383)   coste     865      956
( 348, 392)   coste     365      120
( 348, 427)   coste    1056     1095
( 348, 481)   coste     681      540
( 349, 444)   coste     339      454
( 351, 465)   coste     454      505
( 354, 378)   coste     217        1
( 355, 401)   coste     486      734
( 355, 425)   coste     890      921
( 355, 482)   coste     393      860
( 355, 489)   coste     723      462
( 356, 389)   coste     917     1035
( 356, 399)   coste     600      689
( 356, 464)   coste    1084     1309
( 356, 481)   coste     780      940
( 357, 454)   coste      75      289
( 357, 495)   coste     432      540
( 359, 373)   coste      91      202
( 359, 409)   coste    1035      927
( 359, 479)   coste     287       75
( 360, 428)   coste     722      600
( 360, 477)   coste     525      486
( 360, 490)   coste     208        1
( 361, 459)   coste       1      398
( 361, 468)   coste     363      486
( 361, 476)   coste     863      897
( 362, 415)   coste     783      560
( 363, 409)   coste     183        1
( 363, 492)   coste     590      641
( 364, 469)   coste     606      495
( 364, 478)   coste     576     1055
( 364, 491)   coste     515      634
( 365, 437)   coste     694      831
( 368, 427)   coste     684      467
( 369, 436)   coste     454      258
( 370, 412)   coste     924      833
( 370, 453)   coste     653      265
( 372, 375)   coste     728      358
( 372, 389)   coste       1        1
( 372, 493)   coste     113       37
( 373, 476)   coste     187      178
( 374, 469)   coste     428      713
( 375, 443)   coste     299      286
( 376, 444)   coste     394      454
( 377, 451)   coste     287      471
( 378, 413)   coste     241      601
( 379, 386)   coste     446      525
( 379, 461)   coste     825      377
( 379, 470)   coste    1076     1012
( 380, 397)   coste     170      373
( 380, 417)   coste     673      203
( 381, 419)   coste     745      774
( 382, 462)   coste     746      473
( 383, 387)   coste     387      499
( 383, 491)   coste     315      486
( 384, 414)   coste    1146      947
( 384, 438)   coste     605     1069
( 385, 404)   coste     134      459
( 388, 400)   coste     627      553
( 388, 449)   coste      86      343
( 388, 455)   coste     617      549
( 388, 486)   coste     279      256
( 389, 406)   coste     502      649
( 389, 447)   coste     653      958
( 390, 398)   coste    1114     1110
( 390, 416)   coste     287      456
( 390, 441)   coste    1132     1024
( 390, 498)   coste     677      660
( 391, 457)   coste    1029      630
( 392, 435)   coste     219      345
( 392, 491)   coste     503      519
( 394, 479)   coste    1216     1064
( 394, 499)   coste     530      170
( 395, 483)   coste     732      438
( 396, 463)   coste     536      339
( 397, 428)   coste     849      680
( 397, 489)   coste      22      200
( 399, 405)   coste       7       95
( 399, 407)   coste     791      813
( 401, 424)   coste     409      263
( 403, 437)   coste     332      338
( 405, 467)   coste     711      676
( 405, 487)   coste     929     1015
( 407, 430)   coste     384      205
( 408, 459)   coste     473      770
( 408, 477)   coste     970     1169
( 410, 478)   coste    1268     1073
( 411, 491)   coste     340      548
( 412, 469)   coste     938      529
( 414, 445)   coste     723      953
( 416, 423)   coste     612      391
( 416, 462)   coste     651      303
( 416, 482)   coste     558      447
( 417, 468)   coste     723      659
( 417, 472)   coste     707      619
( 418, 420)   coste     828     1067
( 419, 431)   coste     882      825
( 419, 466)   coste     518      155
( 421, 445)   coste     592      523
( 421, 465)   coste     834     1041
( 421, 482)   coste       1      302
( 422, 427)   coste     730      483
( 423, 487)   coste     630      337
( 424, 436)   coste    1009     1076
( 424, 488)   coste       1      131
( 427, 479)   coste     689      831
( 430, 478)   coste     651      618
( 433, 453)   coste     899     1187
( 434, 485)   coste     398      604
( 435, 482)   coste    1212     1182
( 436, 477)   coste     379      321
( 437, 473)   coste     344        1
( 438, 473)   coste     528      405
( 438, 479)   coste     487      580
( 438, 494)   coste     749      607
( 439, 460)   coste     737      588
( 444, 454)   coste     207        1
( 444, 467)   coste     472      329
( 444, 484)   coste     359      677
( 447, 491)   coste     346      487
( 448, 482)   coste     718     1135
( 450, 465)   coste     956      873
( 450, 473)   coste     416      505
( 454, 473)   coste     304      344
( 456, 463)   coste     414      404
( 456, 471)   coste    1119      985
( 456, 484)   coste     694      692
( 457, 476)   coste     291      461
( 457, 478)   coste    1026     1038
( 459, 464)   coste     507      617
( 460, 496)   coste      51      437
( 463, 483)   coste     391      215
( 464, 492)   coste     323      427
( 467, 469)   coste     272      206
( 469, 480)   coste     219      426
( 469, 499)   coste     464      288
( 487, 492)   coste     967      828
( 491, 498)   coste     322      259
LISTA_ARISTAS_NOREQ :
          
 ===========================================          
 COORDENADAS DE LOS VERTICES:                         
 ===========================================          
          1         574         844                   
          2         687         441                   
          3         445         724                   
          4         473         507                   
          5         919         685                   
          6          50         346                   
          7         750         233                   
          8         451         306                   
          9          32         659                   
         10         330         146                   
         11         866         714                   
         12         598         604                   
         13         312         514                   
         14         711         228                   
         15         451         804                   
         16         729         949                   
         17         700         961                   
         18         464         193                   
         19          14         299                   
         20         318         935                   
         21         746         732                   
         22         853         917                   
         23         549         495                   
         24         889         805                   
         25         159         658                   
         26         284         580                   
         27           3         821                   
         28         411         671                   
         29         811          98                   
         30         652         278                   
         31          36         428                   
         32         712         292                   
         33          80         501                   
         34         560         701                   
         35         806         918                   
         36         691         159                   
         37          59         220                   
         38         244         115                   
         39         925         554                   
         40         620         180                   
         41          75         148                   
         42         516          49                   
         43         728         130                   
         44         866          10                   
         45         773         486                   
         46         139         122                   
         47         964         579                   
         48          30         791                   
         49         758          27                   
         50         792         515                   
         51         471         729                   
         52         339         427                   
         53         541         385                   
         54         995         186                   
         55         786         651                   
         56         117         257                   
         57         307         603                   
         58         523         170                   
         59          57         509                   
         60         661         196                   
         61         405         726                   
         62         899         887                   
         63         595          43                   
         64          66         565                   
         65         833         764                   
         66         614         931                   
         67         440         122                   
         68         613         597                   
         69         212         645                   
         70         686         543                   
         71         540         301                   
         72         394         114                   
         73         260         137                   
         74         126         728                   
         75         893         842                   
         76         348         427                   
         77         603         778                   
         78         203         937                   
         79         378         977                   
         80         188         144                   
         81          39         351                   
         82         771         542                   
         83         767         729                   
         84         364         374                   
         85         236         761                   
         86         507         732                   
         87         335         115                   
         88         845         531                   
         89         256         982                   
         90         131         538                   
         91         743         105                   
         92         608         970                   
         93         976          42                   
         94         863         809                   
         95         871          80                   
         96         115         663                   
         97         806         414                   
         98         231         232                   
         99         818         639                   
        100         681         255                   
        101         342         153                   
        102         703         603                   
        103         151         222                   
        104         918         859                   
        105          22         696                   
        106         535         725                   
        107         792         219                   
        108         120         516                   
        109         907         176                   
        110         788         683                   
        111          49          93                   
        112         928         808                   
        113         205         833                   
        114         495         177                   
        115         213         512                   
        116         228         913                   
        117         572         157                   
        118         696         616                   
        119         394         120                   
        120         763         617                   
        121         389         907                   
        122         132         659                   
        123         666         263                   
        124         341         884                   
        125         887         736                   
        126         727         914                   
        127         226           5                   
        128         356         638                   
        129         800         217                   
        130         951         519                   
        131         782         616                   
        132          30         643                   
        133         114         995                   
        134         954         319                   
        135         141         793                   
        136         160         682                   
        137          49         484                   
        138         376         501                   
        139         684         622                   
        140         534         865                   
        141         966         377                   
        142         770         685                   
        143         396         457                   
        144         196         264                   
        145         342         799                   
        146         281          86                   
        147         622          45                   
        148         652         297                   
        149         464         724                   
        150         715         219                   
        151         312         160                   
        152         440         603                   
        153         867         956                   
        154         733         819                   
        155         394         588                   
        156         369         268                   
        157         965         184                   
        158         337         300                   
        159         285         354                   
        160         986          25                   
        161         919         461                   
        162         704         931                   
        163         754         408                   
        164         252         233                   
        165         664          89                   
        166         899          96                   
        167         930         148                   
        168         359         487                   
        169          77         245                   
        170           1         375                   
        171         622         175                   
        172          95         743                   
        173         883         273                   
        174          32         978                   
        175         469         259                   
        176          17         420                   
        177         543         799                   
        178         983         655                   
        179         375          48                   
        180         437         357                   
        181         258         735                   
        182         416         567                   
        183         487         975                   
        184         938          87                   
        185          13         338                   
        186         187         318                   
        187         574         981                   
        188         664         448                   
        189         742         280                   
        190         511         380                   
        191          34         999                   
        192         683         722                   
        193         196         203                   
        194         901          69                   
        195         104          74                   
        196         503         799                   
        197         263         531                   
        198         874         756                   
        199         708          24                   
        200         294         707                   
        201         718         537                   
        202         880          76                   
        203         763         676                   
        204         834         661                   
        205         427           9                   
        206         965         663                   
        207         893          85                   
        208         804         982                   
        209         569         269                   
        210         521         650                   
        211         359         511                   
        212         549          93                   
        213         394         939                   
        214         642         815                   
        215         960           0                   
        216         574         418                   
        217         345          16                   
        218         393         921                   
        219         939         189                   
        220          52         243                   
        221         817         624                   
        222          27         422                   
        223         332         688                   
        224         760         936                   
        225         680         394                   
        226         821         339                   
        227         714         608                   
        228         717         159                   
        229         766         948                   
        230         522          38                   
        231         972         167                   
        232         566          85                   
        233         564         461                   
        234         827         955                   
        235          38         190                   
        236         897          85                   
        237         823         767                   
        238         262         577                   
        239         238         965                   
        240         518         421                   
        241         307         869                   
        242         753         283                   
        243         677         711                   
        244         290          45                   
        245         584         902                   
        246         136         982                   
        247         717         658                   
        248         620         840                   
        249         664          70                   
        250         662         762                   
        251         619         439                   
        252         605         894                   
        253         960         647                   
        254         972         420                   
        255         879          11                   
        256         924         634                   
        257         845         574                   
        258         485          21                   
        259         260         653                   
        260         788         322                   
        261         481         189                   
        262         667          69                   
        263         781         603                   
        264         491         105                   
        265         693         366                   
        266          72         628                   
        267         761         416                   
        268         843         696                   
        269         812         492                   
        270         138         952                   
        271          84         636                   
        272         635         841                   
        273         651         195                   
        274         993         322                   
        275         154          25                   
        276         446          97                   
        277         170         863                   
        278         252         619                   
        279         481         765                   
        280         409         357                   
        281          44         795                   
        282         275         175                   
        283          16         858                   
        284         192         170                   
        285         521         279                   
        286         990          46                   
        287         192         645                   
        288          76         378                   
        289         799         122                   
        290         134         359                   
        291         457         943                   
        292         471         550                   
        293          97         961                   
        294          41           0                   
        295         145         544                   
        296         196         811                   
        297         295         485                   
        298         830         236                   
        299         277         637                   
        300           3         216                   
        301          25         487                   
        302         613          11                   
        303         936         929                   
        304         276         469                   
        305         919         456                   
        306         739         766                   
        307          14         701                   
        308         891         732                   
        309         123         171                   
        310         425         834                   
        311         613         958                   
        312         733         135                   
        313         985         367                   
        314         789         583                   
        315         615         926                   
        316         124         867                   
        317         949         130                   
        318         365          98                   
        319         839         367                   
        320         779         486                   
        321         347         175                   
        322         124         278                   
        323         224         523                   
        324         838         360                   
        325         257         229                   
        326         424         372                   
        327         883         433                   
        328         651         580                   
        329         152         980                   
        330         275         820                   
        331         512         519                   
        332         418         185                   
        333         709         564                   
        334         260         937                   
        335         198         852                   
        336         649         622                   
        337         626         708                   
        338         733         928                   
        339         876         726                   
        340         609         764                   
        341          53         135                   
        342         656         373                   
        343         155         555                   
        344         762         494                   
        345         691         816                   
        346         825         128                   
        347         893          87                   
        348          45         896                   
        349         210         624                   
        350         706         923                   
        351         524         642                   
        352          55         707                   
        353         879         184                   
        354         658         513                   
        355         303         248                   
        356         950          39                   
        357         297         603                   
        358         471          47                   
        359         970         966                   
        360         177         278                   
        361         172         152                   
        362         617         174                   
        363         242         684                   
        364         824         367                   
        365          16         455                   
        366         445         693                   
        367         213         371                   
        368         360         860                   
        369         670         473                   
        370         212         416                   
        371         908         489                   
        372         113         702                   
        373         964         745                   
        374         260          65                   
        375         738         674                   
        376         496         497                   
        377         185         741                   
        378         695         372                   
        379         924         481                   
        380         678         354                   
        381         593         396                   
        382         257         178                   
        383         896         822                   
        384         398          72                   
        385          37         817                   
        386         856         186                   
        387         383         595                   
        388         763          71                   
        389          31         684                   
        390          13         121                   
        391          64         773                   
        392          97         637                   
        393         882         942                   
        394          32          17                   
        395         775         340                   
        396         693          81                   
        397         745         178                   
        398         783         764                   
        399         836         767                   
        400         664         763                   
        401         449         956                   
        402         832         811                   
        403         200         545                   
        404         209         907                   
        405         929         847                   
        406         692         679                   
        407         373         359                   
        408          32         915                   
        409         124         827                   
        410         880          85                   
        411         736         401                   
        412         920         790                   
        413         821         863                   
        414         978         954                   
        415         342         743                   
        416         372         142                   
        417         434          16                   
        418         289         863                   
        419         119         674                   
        420         782           4                   
        421         900         262                   
        422         855         735                   
        423         587         466                   
        424          74         783                   
        425         979         959                   
        426         368         484                   
        427         581         185                   
        428         375         689                   
        429         988         431                   
        430          94           0                   
        431         865         257                   
        432          32         709                   
        433         929         753                   
        434         575         800                   
        435          67         881                   
        436         993         619                   
        437         389         883                   
        438         188         899                   
        439         228         617                   
        440         651         718                   
        441         892         568                   
        442         364         589                   
        443         339         813                   
        444          53         451                   
        445         139         430                   
        446         123         279                   
        447         778         959                   
        448          72         736                   
        449         663         263                   
        450         952         824                   
        451         646         911                   
        452         938         174                   
        453         224          14                   
        454         140         384                   
        455         441         786                   
        456         964         314                   
        457         744         275                   
        458          44         850                   
        459         263         381                   
        460         638         966                   
        461         459         865                   
        462         304         663                   
        463         487         433                   
        464         137         848                   
        465         147          83                   
        466         239         407                   
        467         380         556                   
        468          50         748                   
        469         249         578                   
        470         116         683                   
        471          34         478                   
        472         420         733                   
        473         464         823                   
        474         960         540                   
        475         921          73                   
        476         553         754                   
        477         855         309                   
        478          71         689                   
        479         907         857                   
        480         362         237                   
        481         535         981                   
        482         945         332                   
        483         275         672                   
        484         497         333                   
        485         973         774                   
        486         794         194                   
        487         650          38                   
        488         199         639                   
        489         829          54                   
        490         127         246                   
        491         583         811                   
        492         535         952                   
        493           8         721                   
        494         967         829                   
        495         681         954                   
        496         383         875                   
        497          96         946                   
        498         835         454                   
        499         205         388                   
        500         537         559                   
 ===========================================          
componentes conexas (antes de aadir):   2            
