NOMBRE : WA0561 
COMENTARIO :  Chino Windy aleatorio puro
VERTICES :  500
ARISTAS_REQ : 1506
ARISTAS_NOREQ :    0
LISTA_ARISTAS_REQ :
(   1,  34)   coste     825      878
(   1, 106)   coste     452      504
(   1, 119)   coste     366      319
(   1, 150)   coste     707      693
(   1, 212)   coste     600      665
(   1, 232)   coste     578      537
(   1, 334)   coste     183      174
(   1, 335)   coste     112      178
(   1, 344)   coste     458      427
(   1, 406)   coste     437      492
(   1, 466)   coste     525      449
(   1, 473)   coste     933      915
(   2,   7)   coste     486      440
(   2,  77)   coste     637      599
(   2,  88)   coste     313      299
(   2, 122)   coste     130      120
(   2, 185)   coste     930      972
(   2, 347)   coste      93      120
(   2, 417)   coste     224      272
(   3,  98)   coste     172      233
(   3, 120)   coste     228      176
(   4,  91)   coste     631      618
(   4, 116)   coste     183      267
(   4, 123)   coste     689      683
(   4, 180)   coste     862      908
(   4, 259)   coste     115       95
(   4, 353)   coste     898      860
(   4, 386)   coste     796      837
(   5,  34)   coste     925      926
(   5, 111)   coste     417      372
(   5, 170)   coste     524      533
(   5, 190)   coste     456      519
(   5, 347)   coste     629      663
(   5, 399)   coste     732      736
(   6, 139)   coste     300      345
(   6, 202)   coste      92       16
(   7,  20)   coste     595      556
(   7,  60)   coste     709      776
(   7,  74)   coste     802      814
(   7, 123)   coste    1033     1077
(   7, 322)   coste     732      706
(   8,  84)   coste     587      588
(   8, 206)   coste     467      550
(   8, 218)   coste     242      264
(   8, 220)   coste     233      294
(   8, 229)   coste     295      305
(   8, 244)   coste     265      228
(   8, 347)   coste     513      519
(   8, 410)   coste     626      539
(   8, 467)   coste     422      415
(   9,  23)   coste     829      760
(   9,  58)   coste     874      927
(   9, 141)   coste     358      386
(   9, 165)   coste     724      765
(   9, 209)   coste     763      674
(   9, 227)   coste     469      438
(   9, 271)   coste     987      975
(   9, 289)   coste     915      871
(   9, 311)   coste     704      677
(   9, 315)   coste     793      745
(   9, 323)   coste     757      706
(   9, 391)   coste     912      954
(   9, 439)   coste     701      705
(  10,  48)   coste     625      643
(  10,  89)   coste     412      408
(  10, 195)   coste     241      316
(  10, 204)   coste     653      720
(  10, 207)   coste     479      489
(  10, 236)   coste     230      171
(  10, 238)   coste     417      394
(  10, 352)   coste     249      334
(  10, 392)   coste     634      710
(  11,  21)   coste     614      682
(  11,  62)   coste     862      856
(  11,  79)   coste     360      338
(  11, 149)   coste     717      651
(  11, 175)   coste     225      139
(  11, 193)   coste      80       90
(  11, 239)   coste     802      824
(  11, 364)   coste     468      477
(  11, 387)   coste     797      835
(  11, 498)   coste     360      410
(  12, 183)   coste     689      728
(  12, 323)   coste     759      699
(  12, 326)   coste     657      656
(  12, 387)   coste     785      851
(  12, 420)   coste     398      377
(  12, 444)   coste     578      574
(  12, 493)   coste     915      923
(  13, 120)   coste     448      417
(  13, 170)   coste     252      283
(  13, 230)   coste     315      295
(  13, 384)   coste     451      393
(  13, 389)   coste     569      544
(  13, 395)   coste     399      434
(  13, 415)   coste     513      416
(  14, 105)   coste     763      775
(  14, 251)   coste     827      867
(  14, 372)   coste     760      716
(  15,  49)   coste     534      498
(  15,  83)   coste     765      688
(  15, 201)   coste     452      405
(  15, 256)   coste     211      170
(  15, 271)   coste     246      343
(  15, 308)   coste     105        9
(  15, 410)   coste     938      901
(  16,  37)   coste     321      263
(  16,  56)   coste     354      337
(  16, 195)   coste     341      339
(  16, 220)   coste     412      438
(  16, 273)   coste     569      524
(  16, 328)   coste     573      581
(  16, 490)   coste     642      652
(  17,  69)   coste     427      465
(  17, 261)   coste     590      630
(  17, 291)   coste     716      728
(  18,  59)   coste     578      554
(  18, 212)   coste     541      565
(  18, 316)   coste     398      405
(  18, 476)   coste     661      652
(  19, 116)   coste     318      306
(  19, 277)   coste     471      403
(  19, 344)   coste     518      570
(  19, 400)   coste     474      508
(  19, 486)   coste     662      639
(  20, 212)   coste     359      379
(  20, 313)   coste     148      234
(  20, 342)   coste     353      357
(  20, 411)   coste     129      177
(  20, 424)   coste     390      410
(  20, 433)   coste     451      433
(  21, 166)   coste    1048     1057
(  21, 191)   coste    1046      983
(  21, 297)   coste     642      650
(  21, 441)   coste     798      789
(  21, 444)   coste     978      968
(  21, 484)   coste     916      938
(  22, 179)   coste     376      440
(  22, 186)   coste     579      609
(  22, 203)   coste     631      658
(  22, 296)   coste     645      696
(  22, 368)   coste     586      577
(  22, 374)   coste     492      450
(  22, 382)   coste      69       34
(  23,  27)   coste     293      262
(  23,  86)   coste     638      711
(  23, 106)   coste     397      350
(  23, 157)   coste     425      441
(  23, 159)   coste     653      711
(  23, 163)   coste     263      254
(  23, 190)   coste     200      188
(  23, 355)   coste     567      572
(  23, 455)   coste     742      787
(  23, 492)   coste     515      500
(  24,  66)   coste     902      831
(  24, 191)   coste     200      136
(  24, 367)   coste     688      664
(  24, 424)   coste     165      251
(  24, 450)   coste     445      421
(  24, 477)   coste     779      774
(  24, 489)   coste     325      280
(  25, 155)   coste     573      575
(  25, 214)   coste     211      186
(  25, 321)   coste     398      347
(  25, 376)   coste     587      606
(  25, 455)   coste     797      805
(  25, 476)   coste     168      226
(  25, 489)   coste     449      392
(  26,  48)   coste     322      317
(  26, 140)   coste     783      771
(  26, 351)   coste     547      506
(  27, 127)   coste     670      677
(  27, 138)   coste     294      245
(  27, 182)   coste    1016      928
(  27, 198)   coste     258      223
(  27, 277)   coste     593      575
(  27, 315)   coste     794      832
(  27, 358)   coste      75      126
(  27, 495)   coste     860      873
(  28,  74)   coste     845      856
(  28, 137)   coste     650      664
(  28, 207)   coste    1063     1048
(  28, 234)   coste     847      768
(  28, 282)   coste     907      868
(  28, 391)   coste     151      195
(  29,  70)   coste     348      331
(  29, 431)   coste     214      211
(  30,  37)   coste     287      192
(  30,  83)   coste     648      675
(  30, 128)   coste     642      690
(  30, 237)   coste     677      727
(  30, 292)   coste     378      326
(  30, 306)   coste     627      613
(  30, 334)   coste     952      888
(  30, 346)   coste     872      861
(  30, 394)   coste     451      401
(  31,  69)   coste     668      698
(  31, 145)   coste     552      525
(  31, 227)   coste     487      511
(  31, 241)   coste     595      609
(  31, 383)   coste    1095     1148
(  31, 474)   coste     733      710
(  32, 138)   coste     386      331
(  32, 249)   coste     161      190
(  32, 294)   coste     352      369
(  32, 325)   coste     633      668
(  32, 479)   coste     757      675
(  32, 499)   coste     315      302
(  33, 161)   coste     277      304
(  33, 219)   coste     490      512
(  33, 325)   coste     542      584
(  33, 446)   coste     382      389
(  34, 165)   coste     612      561
(  34, 233)   coste     240      241
(  34, 337)   coste     542      566
(  35,  62)   coste     478      401
(  35,  87)   coste     429      377
(  35, 171)   coste     758      690
(  35, 209)   coste     338      317
(  35, 242)   coste     537      527
(  35, 343)   coste     777      792
(  35, 462)   coste     321      384
(  35, 477)   coste     596      588
(  36, 293)   coste     330      334
(  36, 371)   coste     871      824
(  36, 469)   coste     538      468
(  37, 198)   coste    1015     1008
(  37, 383)   coste     820      852
(  37, 398)   coste     984      968
(  37, 413)   coste     300      333
(  37, 443)   coste     744      794
(  37, 485)   coste     986     1061
(  37, 487)   coste     511      593
(  37, 492)   coste     645      637
(  38, 101)   coste     526      510
(  38, 122)   coste      88      151
(  38, 199)   coste     228      229
(  38, 233)   coste     246      210
(  38, 249)   coste     288      286
(  38, 300)   coste     564      494
(  39, 189)   coste     309      278
(  39, 270)   coste     800      771
(  39, 279)   coste     492      506
(  39, 347)   coste     419      393
(  40,  60)   coste     381      415
(  40,  99)   coste     349      312
(  40, 118)   coste     550      596
(  40, 121)   coste     282      312
(  40, 223)   coste     620      585
(  40, 235)   coste     742      821
(  40, 308)   coste     481      502
(  40, 365)   coste     292      296
(  40, 442)   coste     498      504
(  40, 459)   coste     270      256
(  40, 487)   coste      80      153
(  41, 283)   coste     273      326
(  41, 312)   coste     463      489
(  41, 318)   coste     441      464
(  41, 322)   coste     307      206
(  41, 352)   coste     589      585
(  41, 420)   coste     300      336
(  41, 481)   coste     785      794
(  41, 500)   coste     529      544
(  42, 106)   coste     528      600
(  42, 140)   coste     431      444
(  42, 478)   coste     181      201
(  43,  47)   coste     111      109
(  43, 103)   coste     488      492
(  43, 115)   coste     125       79
(  43, 131)   coste     525      556
(  43, 361)   coste     306      270
(  44,  65)   coste     332      354
(  44,  93)   coste     260      244
(  44, 143)   coste     601      604
(  44, 248)   coste     358      334
(  44, 363)   coste     749      764
(  44, 374)   coste     563      545
(  44, 455)   coste     283      286
(  45,  81)   coste     383      376
(  45, 269)   coste     788      824
(  45, 334)   coste     928      980
(  45, 376)   coste     882      838
(  45, 432)   coste     358      417
(  46, 296)   coste     343      400
(  46, 321)   coste     209      274
(  46, 438)   coste     623      526
(  46, 488)   coste     818      806
(  47,  66)   coste     168      179
(  47, 118)   coste     923      956
(  47, 480)   coste     796      843
(  48, 160)   coste     440      475
(  48, 185)   coste     629      694
(  48, 189)   coste     647      620
(  48, 211)   coste     376      373
(  48, 316)   coste     576      568
(  49,  67)   coste     467      401
(  49, 242)   coste     298      314
(  49, 336)   coste     288      287
(  49, 392)   coste     326      289
(  49, 447)   coste     204      242
(  49, 450)   coste      15       94
(  49, 470)   coste     443      534
(  50, 108)   coste     668      682
(  50, 124)   coste     377      458
(  50, 149)   coste     632      672
(  50, 186)   coste     793      774
(  50, 190)   coste     426      395
(  50, 308)   coste     248      181
(  50, 329)   coste     979      988
(  50, 374)   coste     237      247
(  51, 234)   coste     217      278
(  51, 361)   coste     443      458
(  52, 181)   coste     292      276
(  52, 232)   coste     376      394
(  52, 283)   coste     170      237
(  52, 298)   coste     314      307
(  52, 327)   coste     271      303
(  52, 368)   coste     707      697
(  52, 500)   coste     279      253
(  53,  86)   coste    1207     1246
(  53, 203)   coste     325      285
(  53, 339)   coste     727      699
(  53, 380)   coste     129      201
(  53, 401)   coste    1220     1172
(  53, 423)   coste     682      663
(  54, 263)   coste     602      626
(  54, 327)   coste     857      936
(  55, 157)   coste     190      225
(  55, 228)   coste     246      234
(  55, 243)   coste     550      500
(  55, 389)   coste     352      352
(  55, 392)   coste     504      551
(  55, 411)   coste     543      562
(  55, 436)   coste     487      563
(  55, 482)   coste     210      221
(  56,  86)   coste     778      830
(  56,  88)   coste     597      567
(  56, 194)   coste     475      441
(  56, 196)   coste     786      728
(  56, 208)   coste     434      460
(  56, 314)   coste     294      339
(  56, 479)   coste     801      725
(  57,  58)   coste     879      845
(  57, 198)   coste     790      703
(  57, 272)   coste     636      670
(  57, 291)   coste     230      289
(  57, 323)   coste     382      375
(  57, 360)   coste     499      495
(  57, 363)   coste     732      783
(  57, 417)   coste     514      477
(  58, 128)   coste     948      883
(  58, 133)   coste     917      933
(  58, 162)   coste     313      360
(  58, 184)   coste    1209     1120
(  58, 203)   coste    1053     1061
(  58, 492)   coste     908      929
(  59,  63)   coste     713      672
(  59, 192)   coste     373      349
(  59, 259)   coste     591      572
(  59, 367)   coste     612      653
(  59, 428)   coste     542      562
(  59, 471)   coste     633      630
(  59, 485)   coste     552      581
(  59, 494)   coste     145      166
(  60,  79)   coste     531      432
(  60, 171)   coste     666      661
(  60, 177)   coste     626      635
(  60, 225)   coste     694      695
(  60, 359)   coste     375      353
(  60, 464)   coste     745      668
(  61, 104)   coste     118      131
(  61, 106)   coste     653      640
(  61, 185)   coste     967     1044
(  61, 344)   coste     668      740
(  61, 351)   coste     422      456
(  61, 443)   coste     763      776
(  62, 483)   coste     763      805
(  63, 176)   coste     470      500
(  63, 192)   coste     351      346
(  63, 193)   coste     192      188
(  63, 426)   coste     697      735
(  63, 441)   coste     784      746
(  63, 449)   coste     247      218
(  64,  69)   coste     214      212
(  64, 149)   coste     685      615
(  64, 202)   coste     756      796
(  64, 340)   coste    1028     1030
(  64, 468)   coste     901      894
(  64, 499)   coste     613      613
(  65,  81)   coste     212      286
(  65, 105)   coste     654      731
(  65, 117)   coste     617      652
(  65, 316)   coste     550      484
(  66, 149)   coste     746      777
(  66, 161)   coste     736      793
(  66, 326)   coste     360      357
(  66, 348)   coste    1102     1121
(  66, 427)   coste     476      446
(  67,  75)   coste     347      360
(  67, 143)   coste      75      157
(  67, 177)   coste     522      520
(  67, 187)   coste     420      393
(  67, 254)   coste     520      518
(  67, 305)   coste     687      719
(  67, 344)   coste     608      616
(  67, 346)   coste      99      102
(  67, 401)   coste     334      361
(  68, 100)   coste     286      304
(  68, 145)   coste     580      552
(  68, 236)   coste     549      535
(  68, 288)   coste     722      645
(  68, 429)   coste     640      692
(  68, 447)   coste     474      478
(  69, 114)   coste     414      406
(  69, 203)   coste     484      456
(  69, 281)   coste    1044      987
(  69, 380)   coste     673      644
(  69, 468)   coste     908      914
(  70, 247)   coste     900      908
(  70, 263)   coste     695      713
(  70, 322)   coste     816      903
(  70, 351)   coste     474      410
(  70, 457)   coste     651      721
(  70, 475)   coste      57       80
(  71, 154)   coste     509      557
(  71, 223)   coste     425      421
(  71, 242)   coste     240      248
(  71, 251)   coste     419      359
(  71, 353)   coste     415      456
(  72, 111)   coste     290      276
(  72, 154)   coste     594      611
(  72, 176)   coste      69       38
(  72, 284)   coste     386      353
(  72, 497)   coste     305      392
(  72, 499)   coste     395      343
(  73,  87)   coste     746      784
(  73, 113)   coste     401      396
(  73, 136)   coste     926      934
(  73, 244)   coste     254      274
(  73, 295)   coste     751      698
(  73, 361)   coste     356      344
(  73, 377)   coste     489      404
(  73, 481)   coste     798      773
(  74, 268)   coste     584      597
(  74, 287)   coste     814      764
(  74, 289)   coste     657      628
(  74, 322)   coste     146      176
(  74, 333)   coste     218      227
(  74, 334)   coste     621      606
(  74, 391)   coste    1053     1058
(  74, 440)   coste     337      335
(  75,  93)   coste     290      218
(  75, 108)   coste     300      352
(  75, 111)   coste      92       81
(  75, 115)   coste     561      584
(  75, 134)   coste     555      547
(  75, 140)   coste     478      471
(  75, 167)   coste     646      580
(  75, 287)   coste     470      420
(  75, 293)   coste     406      403
(  75, 365)   coste      39       49
(  76, 144)   coste     329      309
(  76, 201)   coste     692      655
(  76, 264)   coste     663      726
(  76, 291)   coste     791      759
(  77, 121)   coste     248      265
(  77, 225)   coste     711      668
(  77, 227)   coste     463      474
(  77, 259)   coste     298      257
(  77, 398)   coste     457      460
(  78,  93)   coste     348      383
(  79, 248)   coste     770      767
(  80, 190)   coste     907      912
(  80, 258)   coste     329      378
(  80, 370)   coste     537      559
(  80, 391)   coste      70       98
(  80, 494)   coste     271      219
(  80, 495)   coste     855      880
(  81, 159)   coste     627      553
(  81, 285)   coste     608      567
(  81, 305)   coste     301      365
(  81, 397)   coste     300      270
(  81, 434)   coste     439      420
(  81, 466)   coste     233      229
(  82, 205)   coste      23       42
(  82, 319)   coste     782      811
(  82, 402)   coste     268      266
(  82, 444)   coste      76       87
(  83, 174)   coste     809      778
(  83, 275)   coste     883      928
(  83, 376)   coste     523      589
(  83, 390)   coste     304      342
(  83, 440)   coste     544      570
(  83, 480)   coste     728      733
(  84, 200)   coste     856      866
(  84, 326)   coste     289      316
(  84, 384)   coste     801      791
(  85, 150)   coste     323      342
(  85, 222)   coste     709      675
(  85, 330)   coste     582      559
(  85, 394)   coste     524      520
(  86, 137)   coste     764      711
(  86, 301)   coste     737      801
(  86, 305)   coste    1019      999
(  86, 370)   coste     536      444
(  86, 424)   coste     487      481
(  87, 231)   coste     628      684
(  87, 237)   coste     271      251
(  87, 349)   coste     355      362
(  87, 432)   coste     406      340
(  88, 126)   coste     879      927
(  88, 140)   coste     141      189
(  88, 146)   coste     537      607
(  88, 225)   coste     471      490
(  88, 236)   coste     704      681
(  88, 292)   coste     288      296
(  88, 424)   coste     425      425
(  89, 101)   coste     515      548
(  89, 355)   coste     590      570
(  89, 389)   coste     687      669
(  89, 425)   coste     334      317
(  90, 287)   coste     352      357
(  90, 397)   coste     401      405
(  90, 404)   coste     415      447
(  90, 446)   coste     249      164
(  90, 447)   coste     561      520
(  90, 467)   coste      68        1
(  91, 115)   coste     276      268
(  91, 118)   coste     657      691
(  91, 302)   coste     642      647
(  91, 431)   coste     462      467
(  91, 489)   coste     181      272
(  92, 182)   coste     212      189
(  92, 195)   coste     508      493
(  92, 349)   coste     796      790
(  92, 358)   coste     843      845
(  92, 414)   coste     369      278
(  92, 460)   coste     177      131
(  93, 141)   coste     306      369
(  93, 148)   coste     577      532
(  93, 161)   coste     421      460
(  93, 198)   coste     591      599
(  93, 427)   coste      29       72
(  94, 174)   coste     531      544
(  94, 233)   coste     640      614
(  94, 253)   coste     285      248
(  94, 263)   coste     908      936
(  94, 303)   coste     595      519
(  94, 324)   coste    1032      942
(  94, 325)   coste     137      163
(  95, 184)   coste     732      697
(  95, 255)   coste     235      163
(  95, 279)   coste     319      409
(  95, 282)   coste     519      533
(  95, 313)   coste     595      547
(  95, 389)   coste     803      739
(  95, 407)   coste     135      119
(  95, 437)   coste     265      256
(  95, 439)   coste     499      491
(  96, 134)   coste     304      323
(  96, 174)   coste     604      636
(  96, 191)   coste     650      632
(  96, 329)   coste    1179     1162
(  96, 425)   coste     693      750
(  96, 449)   coste     236      233
(  96, 462)   coste     976     1032
(  96, 487)   coste     733      669
(  97, 231)   coste     679      723
(  97, 245)   coste     592      623
(  97, 394)   coste     420      441
(  98, 205)   coste     622      663
(  98, 317)   coste     390      387
(  98, 416)   coste     443      472
(  99, 171)   coste     626      623
(  99, 215)   coste     807      757
(  99, 222)   coste     990     1033
(  99, 494)   coste     783      773
( 100, 124)   coste     532      569
( 100, 179)   coste     726      775
( 100, 226)   coste     823      871
( 100, 309)   coste     651      660
( 100, 479)   coste     449      375
( 100, 486)   coste     487      496
( 101, 175)   coste     255      229
( 101, 218)   coste     213      184
( 101, 219)   coste     330      326
( 102, 152)   coste     455      444
( 102, 172)   coste     737      679
( 102, 395)   coste     443      446
( 102, 473)   coste     681      735
( 102, 478)   coste     264      346
( 103, 127)   coste     394      325
( 103, 133)   coste     580      574
( 103, 255)   coste     174      141
( 103, 313)   coste     349      340
( 103, 324)   coste     568      545
( 103, 415)   coste     452      426
( 103, 424)   coste     317      260
( 103, 489)   coste      53      129
( 104, 268)   coste     496      474
( 104, 327)   coste     790      825
( 104, 346)   coste     703      745
( 104, 376)   coste     966     1007
( 104, 415)   coste     945     1018
( 104, 428)   coste     154      212
( 104, 441)   coste     380      359
( 105, 176)   coste     355      291
( 105, 275)   coste     127      157
( 105, 276)   coste     384      404
( 105, 366)   coste     604      568
( 105, 385)   coste     279      178
( 105, 433)   coste     571      592
( 106, 166)   coste     760      807
( 106, 334)   coste     484      402
( 106, 361)   coste     215      207
( 106, 432)   coste     397      370
( 106, 466)   coste     337      347
( 107, 171)   coste     895      953
( 107, 176)   coste     345      365
( 107, 358)   coste     372      401
( 108, 113)   coste     428      448
( 108, 369)   coste     313      289
( 108, 500)   coste     684      683
( 109, 341)   coste     733      785
( 109, 361)   coste     494      451
( 109, 473)   coste     329      283
( 109, 476)   coste     878      882
( 110, 224)   coste     137      141
( 110, 379)   coste     824      908
( 110, 381)   coste     656      713
( 110, 405)   coste     820      832
( 110, 449)   coste     767      775
( 111, 130)   coste     357      376
( 111, 399)   coste     645      649
( 111, 431)   coste     171      102
( 111, 463)   coste     644      629
( 111, 481)   coste     653      606
( 111, 489)   coste     346      313
( 112, 113)   coste     509      544
( 112, 304)   coste     668      653
( 112, 338)   coste     211      126
( 112, 396)   coste     561      580
( 112, 406)   coste     194      193
( 112, 412)   coste     471      477
( 113, 244)   coste     211      236
( 113, 257)   coste     433      482
( 113, 274)   coste     451      450
( 113, 447)   coste     128      125
( 114, 272)   coste     837      824
( 114, 374)   coste     776      796
( 114, 386)   coste     343      260
( 115, 135)   coste     514      498
( 115, 137)   coste     551      630
( 115, 247)   coste     169      182
( 116, 210)   coste     217      176
( 116, 237)   coste     227      199
( 116, 364)   coste     363      447
( 116, 445)   coste      70       99
( 117, 120)   coste     640      665
( 117, 156)   coste     745      707
( 117, 412)   coste     502      478
( 117, 448)   coste     103      110
( 118, 190)   coste     814      734
( 118, 245)   coste     675      614
( 118, 247)   coste     752      766
( 118, 289)   coste     593      549
( 118, 343)   coste     828      780
( 118, 348)   coste      93       81
( 118, 367)   coste     606      565
( 118, 391)   coste     268      252
( 118, 392)   coste     342      404
( 118, 467)   coste     340      344
( 119, 151)   coste     149      141
( 119, 205)   coste     396      382
( 119, 223)   coste     556      467
( 119, 246)   coste     503      580
( 119, 295)   coste     192      160
( 119, 470)   coste     176       90
( 119, 493)   coste     706      718
( 120, 259)   coste    1018     1045
( 120, 299)   coste     790      866
( 120, 345)   coste     341      289
( 120, 370)   coste     936      880
( 120, 387)   coste     884      925
( 120, 426)   coste     542      628
( 120, 479)   coste     878      959
( 122, 276)   coste     500      518
( 122, 280)   coste     374      362
( 122, 341)   coste      73       71
( 122, 436)   coste     754      694
( 123, 202)   coste     159      162
( 123, 276)   coste     555      564
( 123, 324)   coste    1020      992
( 123, 354)   coste    1076     1027
( 123, 469)   coste      46       69
( 124, 212)   coste     799      787
( 124, 260)   coste     881      816
( 124, 297)   coste     631      617
( 124, 350)   coste     156      164
( 124, 446)   coste     977     1002
( 125, 202)   coste     730      696
( 125, 370)   coste     200      140
( 126, 142)   coste     513      549
( 126, 155)   coste     477      511
( 126, 274)   coste     773      814
( 126, 394)   coste    1002     1003
( 126, 412)   coste     664      603
( 127, 174)   coste     686      689
( 127, 369)   coste     617      575
( 128, 172)   coste     358      358
( 128, 257)   coste     696      724
( 128, 273)   coste     402      429
( 128, 288)   coste     245      245
( 129, 204)   coste     265      279
( 129, 268)   coste     498      526
( 129, 359)   coste     639      681
( 129, 373)   coste     785      779
( 129, 474)   coste     783      882
( 129, 486)   coste     418      421
( 130, 182)   coste     377      336
( 130, 207)   coste     292      294
( 130, 343)   coste     567      572
( 130, 398)   coste     628      632
( 130, 399)   coste     663      661
( 130, 454)   coste     396      332
( 131, 151)   coste     492      407
( 131, 163)   coste     487      462
( 131, 188)   coste     758      793
( 132, 218)   coste     620      640
( 132, 260)   coste     678      621
( 132, 282)   coste     330      297
( 132, 354)   coste     516      460
( 132, 452)   coste     124      133
( 133, 221)   coste     683      705
( 133, 254)   coste     736      705
( 133, 313)   coste     851      821
( 133, 437)   coste     730      732
( 133, 475)   coste     756      790
( 134, 169)   coste     870      924
( 134, 335)   coste     199      253
( 134, 478)   coste     680      650
( 135, 144)   coste      78       54
( 135, 169)   coste     525      433
( 135, 223)   coste     484      471
( 135, 384)   coste     240      248
( 135, 470)   coste     166      244
( 136, 158)   coste     147       91
( 136, 292)   coste     423      458
( 136, 352)   coste     373      384
( 136, 458)   coste     584      556
( 137, 210)   coste     856      820
( 137, 286)   coste     657      616
( 137, 302)   coste     576      561
( 137, 380)   coste     394      435
( 137, 443)   coste     537      553
( 138, 222)   coste     459      463
( 138, 386)   coste     805      830
( 138, 426)   coste     650      703
( 139, 290)   coste     772      684
( 139, 362)   coste     771      796
( 140, 220)   coste     729      724
( 140, 275)   coste      57        1
( 140, 358)   coste     459      485
( 141, 194)   coste     350      384
( 141, 272)   coste     352      320
( 141, 435)   coste     873      817
( 141, 447)   coste     422      451
( 141, 466)   coste     232      243
( 142, 193)   coste     580      622
( 142, 266)   coste     404      441
( 142, 291)   coste     155      222
( 142, 343)   coste     611      616
( 143, 193)   coste     557      538
( 143, 440)   coste     638      657
( 144, 163)   coste      94       95
( 144, 233)   coste     445      418
( 144, 253)   coste     317      263
( 144, 405)   coste     543      526
( 145, 164)   coste     596      584
( 145, 169)   coste     739      787
( 145, 196)   coste     180      153
( 145, 322)   coste     518      499
( 145, 338)   coste     665      725
( 145, 340)   coste    1066     1074
( 145, 368)   coste     702      650
( 145, 426)   coste     797      762
( 145, 490)   coste     138       84
( 145, 493)   coste     879      931
( 146, 285)   coste     809      831
( 146, 304)   coste     972      968
( 147, 296)   coste     786      734
( 147, 356)   coste     678      727
( 147, 372)   coste     559      573
( 147, 409)   coste     354      411
( 148, 175)   coste     919     1008
( 148, 270)   coste     433      466
( 148, 460)   coste     546      565
( 149, 294)   coste     243      213
( 149, 408)   coste     160      164
( 149, 450)   coste     225      230
( 150, 233)   coste     385      323
( 150, 262)   coste     286      292
( 150, 305)   coste     625      544
( 151, 190)   coste     584      550
( 151, 305)   coste     848      871
( 151, 311)   coste     793      794
( 151, 407)   coste     321      415
( 151, 450)   coste     593      564
( 152, 236)   coste     167      163
( 152, 359)   coste     303      319
( 152, 495)   coste     589      573
( 153, 240)   coste     726      738
( 153, 307)   coste     194      161
( 153, 316)   coste     311      385
( 154, 180)   coste     166      191
( 154, 187)   coste     484      451
( 154, 303)   coste     331      318
( 154, 365)   coste     449      480
( 154, 420)   coste     408      387
( 154, 440)   coste     495      432
( 155, 180)   coste     236      198
( 155, 251)   coste     547      524
( 155, 389)   coste     499      530
( 156, 202)   coste     668      732
( 156, 252)   coste     826      769
( 157, 252)   coste     337      346
( 157, 259)   coste     731      790
( 157, 263)   coste     180      182
( 157, 289)   coste     500      503
( 157, 340)   coste     404      487
( 157, 345)   coste     278      286
( 157, 379)   coste     731      678
( 157, 386)   coste     508      543
( 158, 166)   coste     241      202
( 158, 298)   coste     754      765
( 158, 321)   coste     671      616
( 159, 202)   coste    1062      997
( 159, 248)   coste     762      701
( 159, 267)   coste     784      691
( 159, 291)   coste     756      745
( 159, 307)   coste    1069     1047
( 159, 485)   coste     767      806
( 160, 288)   coste     433      371
( 160, 330)   coste     588      592
( 160, 346)   coste     544      516
( 160, 447)   coste     229      280
( 161, 208)   coste     278      289
( 161, 225)   coste     193      152
( 161, 234)   coste     519      511
( 161, 405)   coste     764      755
( 161, 483)   coste     687      695
( 162, 173)   coste     145      200
( 162, 228)   coste     497      539
( 162, 257)   coste     329      341
( 162, 300)   coste     452      462
( 162, 370)   coste      80       76
( 162, 387)   coste     457      463
( 162, 417)   coste     393      352
( 162, 486)   coste     623      705
( 163, 387)   coste     433      466
( 163, 410)   coste     797      739
( 163, 479)   coste     354      408
( 164, 175)   coste     552      621
( 164, 486)   coste     218      259
( 165, 300)   coste     259      301
( 165, 305)   coste     672      692
( 165, 356)   coste     381      372
( 165, 468)   coste     746      802
( 165, 495)   coste     572      603
( 166, 167)   coste     962      970
( 167, 316)   coste     467      477
( 167, 367)   coste     921      859
( 167, 432)   coste     587      576
( 167, 442)   coste     760      840
( 167, 447)   coste     458      447
( 167, 465)   coste     952      984
( 168, 228)   coste     431      414
( 168, 291)   coste     537      565
( 168, 318)   coste     193      236
( 168, 365)   coste     450      456
( 168, 414)   coste     418      419
( 169, 183)   coste     463      425
( 169, 260)   coste     803      805
( 169, 354)   coste     336      339
( 169, 367)   coste     369      307
( 169, 457)   coste     667      708
( 169, 473)   coste     200      201
( 169, 494)   coste     545      538
( 170, 307)   coste     590      633
( 170, 323)   coste     695      687
( 170, 412)   coste     144      109
( 171, 340)   coste     548      579
( 171, 493)   coste     415      404
( 172, 206)   coste     948      877
( 172, 252)   coste     422      416
( 172, 321)   coste     347      315
( 172, 359)   coste     470      384
( 172, 412)   coste     692      700
( 172, 416)   coste     676      658
( 173, 370)   coste     229      196
( 173, 410)   coste     821      888
( 173, 472)   coste     228      288
( 173, 500)   coste     156      143
( 174, 218)   coste     588      630
( 174, 259)   coste     496      481
( 174, 279)   coste     669      684
( 174, 406)   coste     110      102
( 175, 181)   coste     609      666
( 175, 228)   coste     664      723
( 175, 346)   coste     683      747
( 176, 196)   coste     391      312
( 176, 384)   coste     258      282
( 176, 419)   coste     614      701
( 177, 407)   coste     305      206
( 178, 216)   coste     610      608
( 178, 473)   coste     557      601
( 178, 481)   coste     932      880
( 180, 199)   coste     887      944
( 180, 200)   coste     840      821
( 180, 231)   coste     234      234
( 180, 310)   coste     464      484
( 180, 342)   coste     890      858
( 182, 225)   coste     314      236
( 183, 298)   coste      43      104
( 183, 344)   coste     354      299
( 183, 394)   coste     489      489
( 184, 456)   coste     914      955
( 185, 207)   coste     401      481
( 185, 419)   coste    1029     1020
( 186, 344)   coste     292      287
( 186, 411)   coste     518      516
( 186, 465)   coste     862      795
( 186, 485)   coste     770      698
( 187, 220)   coste     274      349
( 187, 330)   coste     664      728
( 187, 373)   coste     694      659
( 187, 413)   coste     584      542
( 187, 416)   coste     237      259
( 188, 469)   coste     735      698
( 189, 192)   coste     664      657
( 189, 416)   coste     791      820
( 190, 437)   coste     361      392
( 191, 285)   coste     513      536
( 191, 394)   coste     552      533
( 192, 334)   coste     367      395
( 192, 365)   coste     538      520
( 192, 485)   coste     177      174
( 193, 221)   coste     517      513
( 193, 286)   coste     543      574
( 193, 347)   coste     782      857
( 193, 395)   coste     240      241
( 193, 467)   coste     866      878
( 194, 199)   coste     601      670
( 194, 454)   coste      28       97
( 194, 477)   coste     544      499
( 195, 198)   coste     628      576
( 195, 241)   coste     479      491
( 195, 258)   coste     626      578
( 195, 308)   coste     609      616
( 195, 312)   coste     149      122
( 195, 423)   coste     482      460
( 195, 448)   coste     421      364
( 195, 477)   coste     294      327
( 196, 303)   coste     325      292
( 196, 433)   coste     201      221
( 196, 436)   coste     106       85
( 197, 266)   coste     322      229
( 197, 488)   coste    1018     1032
( 198, 449)   coste      72      129
( 199, 202)   coste    1060     1005
( 199, 221)   coste     338      324
( 199, 358)   coste     504      528
( 200, 236)   coste     483      478
( 200, 283)   coste     553      484
( 200, 286)   coste     334      319
( 200, 291)   coste     692      760
( 200, 343)   coste     297      336
( 200, 366)   coste     286      224
( 200, 479)   coste     273      259
( 201, 296)   coste     703      714
( 201, 309)   coste     538      508
( 201, 410)   coste     580      593
( 201, 442)   coste      87      104
( 201, 489)   coste     409      390
( 203, 205)   coste     936      945
( 203, 314)   coste     968      940
( 203, 327)   coste     144      147
( 203, 454)   coste     449      504
( 203, 479)   coste     452      535
( 204, 218)   coste     685      625
( 204, 331)   coste     116      133
( 204, 399)   coste     939     1006
( 204, 411)   coste     814      835
( 204, 434)   coste     127      143
( 204, 451)   coste     780      847
( 204, 479)   coste     916      896
( 204, 487)   coste     444      457
( 205, 220)   coste     725      709
( 205, 283)   coste     789      723
( 205, 284)   coste     591      514
( 205, 338)   coste     181      147
( 205, 424)   coste     467      439
( 205, 425)   coste     222      222
( 205, 485)   coste     737      685
( 206, 254)   coste     645      664
( 206, 365)   coste     532      590
( 206, 400)   coste     417      405
( 207, 245)   coste     493      513
( 207, 472)   coste     970      878
( 208, 265)   coste      99      123
( 209, 449)   coste     453      432
( 209, 484)   coste     276      236
( 209, 490)   coste     415      387
( 210, 428)   coste     893      944
( 210, 485)   coste     178      180
( 211, 266)   coste     579      660
( 211, 298)   coste     610      608
( 211, 381)   coste    1054     1042
( 211, 407)   coste     696      704
( 212, 271)   coste     731      734
( 212, 470)   coste     741      787
( 213, 279)   coste     242      222
( 213, 305)   coste     337      393
( 213, 336)   coste     344      349
( 213, 374)   coste     470      404
( 213, 444)   coste     421      469
( 214, 321)   coste     298      299
( 214, 413)   coste     759      740
( 215, 439)   coste     570      556
( 215, 494)   coste     394      406
( 216, 252)   coste     253      227
( 216, 336)   coste     730      739
( 216, 479)   coste     421      353
( 217, 262)   coste     509      512
( 217, 310)   coste     670      619
( 217, 402)   coste     157      223
( 217, 470)   coste     613      625
( 217, 484)   coste     639      635
( 218, 286)   coste     598      654
( 218, 340)   coste     848      788
( 218, 440)   coste     564      578
( 218, 455)   coste     793      764
( 218, 459)   coste     127      176
( 218, 500)   coste     147      103
( 219, 235)   coste    1025     1035
( 219, 323)   coste     871      909
( 220, 398)   coste     608      603
( 220, 432)   coste     285      235
( 221, 422)   coste     573      540
( 221, 441)   coste     166      177
( 221, 486)   coste     506      554
( 221, 495)   coste     605      604
( 222, 223)   coste     371      368
( 222, 324)   coste     451      465
( 222, 342)   coste     836      888
( 222, 376)   coste     764      807
( 222, 378)   coste     645      641
( 223, 360)   coste     254      285
( 224, 388)   coste     801      856
( 224, 421)   coste     772      719
( 224, 470)   coste     835      813
( 225, 307)   coste     432      439
( 225, 421)   coste     557      579
( 226, 251)   coste     959      956
( 226, 469)   coste     802      840
( 227, 257)   coste     205      241
( 227, 258)   coste     459      450
( 227, 347)   coste     318      324
( 227, 367)   coste     409      433
( 227, 375)   coste     680      624
( 227, 424)   coste     513      487
( 227, 435)   coste     870      892
( 228, 373)   coste     667      671
( 228, 434)   coste     354      322
( 229, 371)   coste     557      518
( 229, 493)   coste     239      307
( 230, 248)   coste     763      757
( 230, 263)   coste     522      549
( 230, 301)   coste     223      294
( 230, 492)   coste     345      338
( 231, 393)   coste     792      753
( 232, 233)   coste     995      960
( 232, 292)   coste     550      595
( 232, 343)   coste     549      559
( 232, 496)   coste     333      298
( 233, 356)   coste     808      847
( 234, 350)   coste     527      530
( 234, 376)   coste     635      574
( 234, 487)   coste      79      109
( 235, 304)   coste    1094     1101
( 235, 378)   coste     709      693
( 236, 457)   coste     348      306
( 236, 471)   coste     893      823
( 236, 489)   coste     296      240
( 237, 300)   coste     262      218
( 238, 245)   coste     649      720
( 238, 267)   coste     435      493
( 238, 280)   coste     516      511
( 238, 392)   coste     571      577
( 238, 440)   coste     610      532
( 239, 253)   coste     892      831
( 239, 330)   coste     101      107
( 239, 359)   coste     575      524
( 240, 272)   coste     410      423
( 240, 284)   coste     198      203
( 240, 286)   coste     271      334
( 240, 342)   coste     335      345
( 240, 414)   coste     754      782
( 240, 474)   coste     317      346
( 240, 482)   coste     898      839
( 241, 255)   coste     453      445
( 241, 387)   coste     547      535
( 241, 436)   coste     781      791
( 242, 425)   coste     481      467
( 242, 427)   coste     130       88
( 242, 458)   coste      93       76
( 243, 276)   coste     686      626
( 243, 316)   coste     463      446
( 243, 433)   coste     972     1019
( 244, 303)   coste      96       90
( 244, 309)   coste     364      351
( 244, 360)   coste     543      546
( 245, 294)   coste     161      141
( 245, 295)   coste     538      506
( 245, 455)   coste     263      262
( 246, 351)   coste     450      473
( 246, 438)   coste     398      361
( 246, 461)   coste     405      385
( 246, 475)   coste     873      813
( 247, 268)   coste     585      526
( 247, 283)   coste      33        9
( 247, 302)   coste     611      673
( 247, 358)   coste     576      500
( 247, 432)   coste     403      393
( 247, 434)   coste     466      383
( 247, 446)   coste     718      724
( 247, 450)   coste     234      250
( 247, 480)   coste     602      595
( 248, 487)   coste     560      500
( 249, 252)   coste     722      700
( 249, 293)   coste     704      690
( 249, 314)   coste     386      412
( 249, 476)   coste     680      757
( 250, 356)   coste     704      662
( 250, 462)   coste     550      493
( 251, 310)   coste     153      140
( 251, 321)   coste     261      230
( 251, 393)   coste     552      596
( 251, 485)   coste     366      352
( 252, 277)   coste      24       11
( 252, 358)   coste     384      408
( 252, 401)   coste     811      877
( 252, 451)   coste     159      139
( 253, 342)   coste     376      285
( 253, 438)   coste     796      801
( 254, 407)   coste     297      294
( 254, 409)   coste     340      343
( 254, 439)   coste      11       18
( 255, 262)   coste     448      426
( 255, 354)   coste     543      535
( 255, 421)   coste     450      466
( 256, 401)   coste     543      590
( 256, 431)   coste     438      417
( 256, 438)   coste     556      569
( 257, 340)   coste     709      649
( 258, 301)   coste     541      523
( 258, 346)   coste      68      109
( 259, 292)   coste     761      805
( 259, 500)   coste     358      417
( 260, 284)   coste     857      915
( 260, 305)   coste     318      239
( 261, 285)   coste     331      411
( 261, 358)   coste     473      422
( 261, 402)   coste     953      996
( 262, 365)   coste     508      457
( 263, 286)   coste     613      646
( 263, 361)   coste      85       88
( 263, 406)   coste     558      553
( 264, 382)   coste     158      162
( 264, 427)   coste     300      281
( 264, 436)   coste     610      642
( 265, 322)   coste     657      633
( 265, 385)   coste     276      191
( 265, 396)   coste     707      674
( 267, 321)   coste     100      188
( 267, 330)   coste     684      718
( 267, 358)   coste     395      321
( 267, 365)   coste     307      290
( 267, 468)   coste     724      723
( 267, 500)   coste      89       66
( 268, 394)   coste     318      319
( 268, 495)   coste     564      576
( 269, 274)   coste     529      529
( 269, 403)   coste      74       39
( 269, 416)   coste      59      105
( 269, 431)   coste     714      662
( 269, 475)   coste     815      774
( 270, 286)   coste     116       92
( 270, 328)   coste     886      800
( 270, 345)   coste     556      496
( 271, 308)   coste     394      385
( 271, 369)   coste     548      524
( 271, 482)   coste     809      850
( 272, 276)   coste     451      412
( 272, 303)   coste     678      726
( 272, 370)   coste     460      383
( 272, 371)   coste     483      465
( 272, 470)   coste     246      246
( 272, 487)   coste     586      571
( 274, 290)   coste     373      367
( 274, 334)   coste     587      598
( 274, 352)   coste     244      182
( 274, 396)   coste     377      364
( 274, 456)   coste      36       56
( 274, 457)   coste     337      319
( 275, 386)   coste    1107     1168
( 275, 458)   coste     718      730
( 276, 316)   coste     175      212
( 276, 404)   coste     721      647
( 276, 464)   coste     359      349
( 277, 438)   coste     561      598
( 277, 477)   coste     416      391
( 278, 323)   coste     450      417
( 278, 346)   coste     731      716
( 278, 382)   coste     638      603
( 278, 398)   coste     155      190
( 278, 421)   coste     764      766
( 278, 458)   coste     212      281
( 279, 375)   coste     365      372
( 279, 470)   coste     593      532
( 279, 484)   coste     592      654
( 280, 329)   coste     388      374
( 280, 455)   coste     175      128
( 281, 310)   coste     727      732
( 281, 473)   coste     342      313
( 281, 489)   coste     716      704
( 282, 300)   coste     553      508
( 282, 319)   coste     142      197
( 282, 399)   coste     990      992
( 282, 411)   coste     773      767
( 282, 449)   coste     957      951
( 282, 477)   coste     274      305
( 283, 353)   coste     450      411
( 283, 367)   coste     689      655
( 283, 375)   coste     187      224
( 284, 333)   coste    1010      999
( 284, 359)   coste     456      463
( 284, 498)   coste     334      397
( 285, 367)   coste     771      801
( 286, 322)   coste     652      700
( 286, 358)   coste     367      295
( 286, 474)   coste     608      628
( 287, 313)   coste     813      783
( 287, 357)   coste     544      554
( 287, 433)   coste     794      770
( 289, 393)   coste     222      292
( 289, 416)   coste     272      308
( 289, 450)   coste     510      547
( 290, 296)   coste     737      747
( 290, 416)   coste     829      830
( 290, 496)   coste     609      584
( 291, 473)   coste     241      289
( 292, 469)   coste     692      660
( 293, 333)   coste     433      511
( 293, 437)   coste     392      468
( 293, 459)   coste     135      216
( 293, 460)   coste     515      514
( 293, 499)   coste     320      306
( 294, 332)   coste     680      708
( 295, 299)   coste     322      369
( 295, 340)   coste     718      715
( 295, 432)   coste     307      263
( 296, 300)   coste     586      592
( 296, 340)   coste    1130     1072
( 296, 398)   coste     412      420
( 297, 321)   coste     184      163
( 297, 327)   coste     436      409
( 298, 299)   coste     695      663
( 298, 339)   coste     201      230
( 298, 408)   coste     166      175
( 298, 433)   coste     819      806
( 298, 466)   coste     261      295
( 299, 334)   coste     284      326
( 299, 485)   coste     177      218
( 300, 464)   coste     344      370
( 300, 476)   coste     167       86
( 301, 354)   coste     652      692
( 301, 453)   coste     539      482
( 301, 462)   coste     321      310
( 301, 468)   coste     471      556
( 301, 480)   coste     465      446
( 302, 323)   coste     936      930
( 302, 378)   coste     410      455
( 302, 470)   coste     119      129
( 303, 348)   coste     867      865
( 303, 408)   coste     422      500
( 304, 345)   coste     753      768
( 304, 465)   coste    1005     1008
( 305, 458)   coste     372      432
( 305, 498)   coste     684      703
( 307, 421)   coste     881      929
( 308, 325)   coste     347      364
( 308, 446)   coste     451      457
( 309, 393)   coste     902      932
( 309, 413)   coste     623      633
( 310, 362)   coste     754      748
( 311, 320)   coste     202      190
( 311, 351)   coste     595      602
( 311, 354)   coste    1011      969
( 311, 366)   coste     730      730
( 311, 411)   coste     496      473
( 312, 472)   coste     485      451
( 312, 487)   coste     130      195
( 313, 333)   coste     752      767
( 313, 358)   coste     310      296
( 313, 491)   coste     541      580
( 313, 492)   coste     521      473
( 316, 402)   coste     327      375
( 316, 456)   coste     372      360
( 316, 467)   coste     400      448
( 317, 347)   coste     316      371
( 317, 400)   coste     342      329
( 319, 499)   coste     375      349
( 320, 464)   coste     395      459
( 320, 476)   coste     191      160
( 321, 327)   coste     301      269
( 321, 366)   coste     549      547
( 321, 426)   coste     408      424
( 322, 366)   coste     698      677
( 322, 367)   coste     586      539
( 322, 487)   coste      24       87
( 323, 496)   coste     466      463
( 324, 332)   coste     436      480
( 325, 400)   coste     452      436
( 326, 344)   coste     146      163
( 326, 369)   coste     617      558
( 327, 374)   coste     712      701
( 328, 390)   coste     210      167
( 328, 395)   coste     362      360
( 328, 466)   coste     465      475
( 330, 382)   coste     364      383
( 331, 343)   coste     862      848
( 331, 351)   coste     510      424
( 331, 371)   coste     397      383
( 331, 388)   coste     650      698
( 332, 416)   coste     557      640
( 333, 367)   coste     260      299
( 335, 478)   coste     441      374
( 336, 357)   coste     217      198
( 336, 407)   coste     316      338
( 336, 422)   coste      90      109
( 336, 452)   coste      70      111
( 336, 485)   coste     900      933
( 337, 451)   coste     305      387
( 337, 459)   coste     436      407
( 338, 373)   coste      89      169
( 339, 462)   coste     231      290
( 340, 375)   coste     805      784
( 341, 432)   coste     459      493
( 342, 348)   coste     826      850
( 342, 349)   coste     288      301
( 342, 401)   coste     859      892
( 343, 351)   coste     512      601
( 343, 398)   coste     135      164
( 344, 396)   coste     212      220
( 344, 413)   coste     648      718
( 347, 457)   coste     693      725
( 348, 352)   coste     434      421
( 348, 362)   coste     134      151
( 349, 354)   coste     669      622
( 349, 368)   coste     743      750
( 349, 409)   coste     451      424
( 350, 442)   coste     808      830
( 350, 468)   coste     954      964
( 351, 446)   coste     330      268
( 352, 474)   coste     337      384
( 352, 476)   coste     379      385
( 352, 485)   coste     515      605
( 353, 372)   coste     497      447
( 353, 399)   coste     802      824
( 355, 397)   coste     403      420
( 355, 480)   coste     829      872
( 356, 358)   coste     467      498
( 358, 442)   coste     538      579
( 358, 470)   coste     111      132
( 358, 500)   coste     257      278
( 359, 461)   coste     262      241
( 359, 479)   coste     352      311
( 361, 403)   coste     584      561
( 361, 454)   coste     372      364
( 361, 460)   coste     277      206
( 362, 372)   coste     715      792
( 363, 400)   coste     621      645
( 363, 500)   coste     366      372
( 364, 390)   coste     371      328
( 364, 456)   coste     836      792
( 367, 375)   coste     849      859
( 367, 452)   coste      67       46
( 368, 395)   coste     898      989
( 368, 428)   coste     768      791
( 368, 483)   coste     570      596
( 369, 426)   coste     824      783
( 371, 408)   coste     283      246
( 371, 439)   coste     748      731
( 371, 489)   coste     595      521
( 372, 409)   coste     306      236
( 372, 415)   coste     188      209
( 372, 481)   coste     397      383
( 372, 489)   coste     143      142
( 373, 378)   coste     606      660
( 373, 425)   coste     269      267
( 373, 455)   coste     702      714
( 374, 461)   coste     583      618
( 375, 472)   coste     734      803
( 377, 478)   coste     312      327
( 378, 394)   coste     569      484
( 379, 466)   coste     638      625
( 380, 400)   coste     559      597
( 380, 425)   coste     751      661
( 380, 470)   coste     824      830
( 385, 462)   coste     616      564
( 386, 424)   coste     895      916
( 386, 455)   coste     793      826
( 388, 398)   coste     277      239
( 388, 427)   coste     273      361
( 388, 472)   coste     364      426
( 388, 473)   coste     793      779
( 388, 496)   coste     206      255
( 389, 416)   coste     567      554
( 390, 442)   coste     662      658
( 390, 467)   coste     617      645
( 391, 424)   coste     576      634
( 391, 445)   coste     890      890
( 392, 487)   coste     528      560
( 392, 490)   coste     894      873
( 393, 418)   coste     909      906
( 395, 494)   coste     815      738
( 396, 481)   coste     245      269
( 398, 445)   coste     240      242
( 398, 473)   coste    1033     1004
( 399, 444)   coste     549      480
( 399, 475)   coste     704      648
( 400, 466)   coste     108       71
( 400, 500)   coste     400      367
( 402, 423)   coste     800      834
( 402, 437)   coste     417      434
( 402, 468)   coste     586      590
( 404, 467)   coste     408      380
( 405, 498)   coste     334      335
( 407, 437)   coste     202      196
( 407, 449)   coste     485      501
( 407, 469)   coste     597      563
( 409, 416)   coste     496      553
( 412, 423)   coste     215      253
( 412, 424)   coste     209      172
( 412, 442)   coste     626      666
( 413, 424)   coste     625      547
( 414, 446)   coste     555      599
( 414, 470)   coste     749      706
( 416, 464)   coste     687      621
( 416, 467)   coste     857      836
( 418, 446)   coste     984      972
( 419, 454)   coste     761      744
( 421, 437)   coste     373      419
( 421, 498)   coste     270      259
( 422, 494)   coste     820      751
( 423, 432)   coste     605      592
( 423, 469)   coste     559      598
( 423, 484)   coste     428      487
( 424, 470)   coste     187      140
( 425, 479)   coste     603      547
( 425, 487)   coste     494      507
( 426, 500)   coste     513      549
( 429, 435)   coste     721      748
( 429, 438)   coste     833      826
( 430, 498)   coste     818      873
( 431, 479)   coste     715      754
( 433, 457)   coste     218      212
( 433, 474)   coste     297      286
( 437, 459)   coste     498      426
( 438, 477)   coste     454      431
( 438, 480)   coste     529      547
( 442, 451)   coste     687      660
( 442, 459)   coste     777      748
( 443, 471)   coste     854      804
( 446, 448)   coste     250      222
( 446, 468)   coste     540      601
( 446, 485)   coste     894      921
( 446, 488)   coste     451      531
( 449, 459)   coste     471      455
( 449, 485)   coste     113      130
( 452, 464)   coste     218      225
( 456, 476)   coste     616      614
( 456, 488)   coste     820      795
( 461, 462)   coste     682      682
( 462, 497)   coste     664      697
( 464, 474)   coste     593      595
( 464, 497)   coste     445      466
( 467, 480)   coste     474      548
( 469, 483)   coste     679      645
( 475, 494)   coste     169      189
( 476, 482)   coste     464      451
( 480, 490)   coste     386      426
( 481, 496)   coste     430      397
( 485, 500)   coste     330      303
( 491, 499)   coste     181      169
LISTA_ARISTAS_NOREQ :
          
 ===========================================          
 COORDENADAS DE LOS VERTICES:                         
 ===========================================          
          1         154         785                   
          2         954         531                   
          3         611         198                   
          4         106         873                   
          5         464         188                   
          6         242         203                   
          7         734         953                   
          8         482         525                   
          9         794          76                   
         10         293         620                   
         11         173         713                   
         12         156         830                   
         13         459         412                   
         14         830          54                   
         15         555         911                   
         16         748         508                   
         17         639         897                   
         18         811         236                   
         19         303         912                   
         20         300         546                   
         21         193          51                   
         22         662         423                   
         23         303         697                   
         24         585         800                   
         25          43         310                   
         26         658          60                   
         27         447         970                   
         28         820         917                   
         29         679         629                   
         30         757          85                   
         31         828         971                   
         32         782         464                   
         33         598         392                   
         34         980         912                   
         35         833         457                   
         36         150         674                   
         37         911         273                   
         38         795         722                   
         39         922         197                   
         40         356         481                   
         41         195         100                   
         42         833         428                   
         43         225         246                   
         44         619         331                   
         45         969         619                   
         46         305         644                   
         47          77         246                   
         48         370          30                   
         49         572         377                   
         50         416         886                   
         51          54         288                   
         52         431         473                   
         53         169          48                   
         54         951         794                   
         55         388         210                   
         56         660         203                   
         57         439         233                   
         58         813         987                   
         59         701         774                   
         60          34         678                   
         61         981         312                   
         62         651          47                   
         63          26         782                   
         64         349         884                   
         65         848         121                   
         66          68          99                   
         67         686         800                   
         68         716         565                   
         69         186         751                   
         70         983         855                   
         71         556         534                   
         72         471         642                   
         73         286          59                   
         74         379         185                   
         75         613         493                   
         76         180         756                   
         77         456         915                   
         78          78         308                   
         79         505         784                   
         80         975         892                   
         81         733         328                   
         82         837         834                   
         83         139         318                   
         84         105          64                   
         85         452         484                   
         86         927         975                   
         87         602         776                   
         88         766         752                   
         89         663         374                   
         90         930         353                   
         91         386         319                   
         92         804          77                   
         93         411         360                   
         94         131         965                   
         95         695         529                   
         96          38         970                   
         97         710         759                   
         98         467         350                   
         99          22         564                   
        100         554         761                   
        101         249         700                   
        102         472         795                   
        103         489         613                   
        104         923         193                   
        105         739         806                   
        106         290         317                   
        107         791         743                   
        108         914         476                   
        109         946           2                   
        110         642         215                   
        111         736         455                   
        112         792         784                   
        113         516         331                   
        114         147         326                   
        115         107         295                   
        116         164         657                   
        117         779         755                   
        118         891         745                   
        119         477         751                   
        120         760         102                   
        121         614         686                   
        122         915         687                   
        123          22         183                   
        124           6         904                   
        125         398         818                   
        126          54         234                   
        127         302         313                   
        128         148         333                   
        129         867         152                   
        130         389         264                   
        131         100         773                   
        132         832         325                   
        133         818         104                   
        134          35         640                   
        135         494         672                   
        136         651         909                   
        137         694         251                   
        138         532         690                   
        139         205         529                   
        140         918         827                   
        141         749         429                   
        142         547         338                   
        143         697         922                   
        144         446         640                   
        145         269         859                   
        146         892         196                   
        147         789         384                   
        148         943         548                   
        149         781         377                   
        150         796         605                   
        151         532         918                   
        152          67         568                   
        153         398         216                   
        154         298          89                   
        155         582         234                   
        156         940          77                   
        157         542         326                   
        158         774         952                   
        159         949         879                   
        160         455         459                   
        161         822         268                   
        162         491         912                   
        163         545         736                   
        164         278         270                   
        165         398         740                   
        166         939         795                   
        167          24         389                   
        168         179         452                   
        169         937         482                   
        170         376         702                   
        171         248          11                   
        172         444         106                   
        173         365         781                   
        174         662         954                   
        175          11         776                   
        176         478         588                   
        177         547         303                   
        178         481          11                   
        179         723          28                   
        180         481          54                   
        181         346         247                   
        182         640          17                   
        183         586         240                   
        184         185           3                   
        185          26         604                   
        186         100         200                   
        187         347         559                   
        188         775         363                   
        189         831         505                   
        190         135         553                   
        191         665         933                   
        192         340         923                   
        193         193         817                   
        194         404         574                   
        195         428         385                   
        196         156         747                   
        197         260         937                   
        198         178         924                   
        199         972         837                   
        200         446         887                   
        201         827         565                   
        202         225         138                   
        203          58         302                   
        204         664          43                   
        205         848         863                   
        206         745         969                   
        207          66         170                   
        208         903         570                   
        209         668         780                   
        210           7         754                   
        211          22         117                   
        212         273         149                   
        213         580         469                   
        214         151         430                   
        215         793         529                   
        216          66         404                   
        217         875         374                   
        218         203         517                   
        219         494         885                   
        220         415         262                   
        221         691         746                   
        222         973         940                   
        223         946         538                   
        224         771          89                   
        225         654         284                   
        226         907           7                   
        227         704         516                   
        228         559         376                   
        229         425         206                   
        230         188         547                   
        231         289         222                   
        232         185         219                   
        233         771         970                   
        234         318         297                   
        235         973          16                   
        236         154         464                   
        237         367         674                   
        238         601         850                   
        239         698         119                   
        240         432         910                   
        241         889         397                   
        242         326         493                   
        243         928         295                   
        244         319         360                   
        245         607         151                   
        246         339         233                   
        247         272         363                   
        248         867         144                   
        249         932         478                   
        250         789         656                   
        251         147         528                   
        252         251         516                   
        253         416         934                   
        254         254         547                   
        255         494         489                   
        256         445         721                   
        257         767         696                   
        258         631         926                   
        259         186         995                   
        260         234         102                   
        261           5         925                   
        262         749         873                   
        263         666         255                   
        264         606         225                   
        265         926         428                   
        266         304         664                   
        267         293         532                   
        268         748         627                   
        269         133         575                   
        270         696         915                   
        271         267         853                   
        272         823         781                   
        273         469          71                   
        274         594         783                   
        275         902         820                   
        276         390         650                   
        277         215         474                   
        278          95         565                   
        279         413         303                   
        280         826         357                   
        281         887           8                   
        282         647          43                   
        283         240         408                   
        284         296         984                   
        285         235         638                   
        286         749         863                   
        287         956         751                   
        288          41         537                   
        289         316         799                   
        290         927         533                   
        291         689         215                   
        292         734         443                   
        293         208         323                   
        294         757         117                   
        295         639         691                   
        296         300         993                   
        297         490         571                   
        298         649         240                   
        299         304         790                   
        300         334         442                   
        301         394         404                   
        302         675         851                   
        303         196         419                   
        304         146         764                   
        305         518          87                   
        306         444         650                   
        307         290          93                   
        308         612         924                   
        309         581          67                   
        310         244         441                   
        311          93         257                   
        312         499         462                   
        313         174         685                   
        314         974          73                   
        315          33         241                   
        316         518         542                   
        317         840         273                   
        318          19         544                   
        319         799          15                   
        320         309         278                   
        321         399         429                   
        322         311         329                   
        323          67         109                   
        324         997         482                   
        325         296         891                   
        326         351         227                   
        327         164         345                   
        328         196         246                   
        329         792          21                   
        330         766           5                   
        331         575         116                   
        332         652         820                   
        333         614          60                   
        334          15         661                   
        335         273         677                   
        336         822         293                   
        337         504         609                   
        338         952         779                   
        339         809         376                   
        340         846          14                   
        341         922         748                   
        342         100         834                   
        343         110         811                   
        344         267         385                   
        345         812         392                   
        346         719         907                   
        347         991         600                   
        348         905         856                   
        349         274         649                   
        350         120         809                   
        351         624         583                   
        352         571         562                   
        353         519         106                   
        354         908         793                   
        355          79         212                   
        356         100         477                   
        357         634         322                   
        358         431         871                   
        359         338         528                   
        360         907         301                   
        361         540         282                   
        362         841         944                   
        363          16         855                   
        364          44         274                   
        365         616         429                   
        366         210         968                   
        367         866         149                   
        368         928         928                   
        369         747         689                   
        370         440         971                   
        371         920         357                   
        372         237         477                   
        373         923         902                   
        374         637         898                   
        375          77         340                   
        376         175         882                   
        377         667         300                   
        378         463         484                   
        379          93         875                   
        380         335         106                   
        381         753         900                   
        382         703         360                   
        383         114         132                   
        384         351         822                   
        385         913         659                   
        386          97          32                   
        387         944         971                   
        388         273         727                   
        389          94          39                   
        390         315          66                   
        391         997         998                   
        392         910         382                   
        393         508         970                   
        394         989         450                   
        395          59         559                   
        396         271         624                   
        397         478         370                   
        398          13         715                   
        399         209         888                   
        400         627         586                   
        401         979         951                   
        402         882         574                   
        403         102         586                   
        404         650          28                   
        405         847         981                   
        406         640         831                   
        407         588         554                   
        408         658         388                   
        409         427         262                   
        410         783          25                   
        411         228         705                   
        412         281         803                   
        413         900         613                   
        414         488         158                   
        415          35         605                   
        416          72         638                   
        417         730         659                   
        418          22         155                   
        419         847          48                   
        420         179         431                   
        421         829         845                   
        422         821         187                   
        423          71         722                   
        424         401         909                   
        425         713         697                   
        426         182          83                   
        427         392         430                   
        428         742         185                   
        429          61         767                   
        430         195          21                   
        431         826         544                   
        432         632         411                   
        433         200         940                   
        434         507          11                   
        435          12          37                   
        436         172         687                   
        437         458         686                   
        438         721         248                   
        439         211         509                   
        440         707         290                   
        441         773         569                   
        442         820         448                   
        443         207         515                   
        444         735         876                   
        445         225         598                   
        446         939         563                   
        447         400         221                   
        448         737         662                   
        449         268         899                   
        450         554         334                   
        451         162         666                   
        452         857         216                   
        453         904         263                   
        454         374         647                   
        455         874         192                   
        456         654         846                   
        457         298         784                   
        458         301         431                   
        459          81         439                   
        460         662          65                   
        461         113         562                   
        462         620         173                   
        463         191         779                   
        464         702         430                   
        465         903          41                   
        466         569         525                   
        467         892         358                   
        468         750          37                   
        469         108         176                   
        470         559         860                   
        471         956         146                   
        472         579         943                   
        473         960         304                   
        474         200         651                   
        475         888         863                   
        476         212         396                   
        477         356          65                   
        478         681         585                   
        479         156         793                   
        480         661         819                   
        481         249         873                   
        482         478          49                   
        483         405         771                   
        484         473         912                   
        485         145         931                   
        486         488         248                   
        487         368         363                   
        488         828          78                   
        489         408         550                   
        490         278         974                   
        491         375         163                   
        492         295         195                   
        493         659          47                   
        494         728         958                   
        495         496         144                   
        496         309         499                   
        497         743         869                   
        498         574         772                   
        499         530         294                   
        500         273         637                   
 ===========================================          
