NOMBRE : WA0541 
COMENTARIO :  Chino Windy aleatorio puro
VERTICES :  500
ARISTAS_REQ : 1028
ARISTAS_NOREQ :    0
LISTA_ARISTAS_REQ :
(   1,  32)   coste     613      666
(   1, 195)   coste     666      718
(   1, 211)   coste     378      331
(   1, 394)   coste     725      711
(   1, 448)   coste     244      309
(   1, 478)   coste     664      623
(   2, 102)   coste     714      705
(   2, 162)   coste     405      471
(   2, 210)   coste     592      561
(   2, 264)   coste     375      430
(   2, 339)   coste     225      149
(   3, 103)   coste     812      794
(   3, 159)   coste    1037      991
(   3, 193)   coste     768      730
(   3, 197)   coste     937      923
(   3, 325)   coste     543      533
(   3, 443)   coste     773      815
(   4, 108)   coste     264      291
(   4, 119)   coste     619      667
(   4, 233)   coste     386      447
(   4, 238)   coste     282      230
(   4, 268)   coste     231      218
(   4, 328)   coste      52      136
(   4, 336)   coste     203      197
(   4, 427)   coste     439      485
(   4, 466)   coste     180      160
(   5, 163)   coste     497      459
(   5, 370)   coste     316      357
(   5, 483)   coste     818      819
(   6, 326)   coste     458      413
(   6, 396)   coste     291      300
(   7, 313)   coste     130      193
(   7, 352)   coste     116      150
(   8, 125)   coste     115      119
(   8, 271)   coste     651      696
(   8, 351)   coste     594      518
(   8, 416)   coste     339      300
(   9, 226)   coste     573      640
(   9, 263)   coste     329      341
(   9, 313)   coste     619      663
(   9, 342)   coste     665      639
(   9, 486)   coste     779      780
(  10, 338)   coste     141      224
(  10, 343)   coste     276      298
(  10, 448)   coste     123      184
(  10, 455)   coste     736      746
(  10, 465)   coste     471      434
(  10, 480)   coste     419      425
(  11,  39)   coste     303      216
(  11, 494)   coste     709      702
(  12,  50)   coste     560      491
(  12, 269)   coste     645      698
(  12, 282)   coste     513      541
(  12, 437)   coste     273      314
(  13, 106)   coste     344      255
(  13, 156)   coste     848      817
(  13, 320)   coste     807      795
(  13, 367)   coste     813      769
(  14,  68)   coste     854      827
(  14, 294)   coste     386      338
(  14, 320)   coste     367      316
(  14, 447)   coste     543      585
(  14, 455)   coste     943      947
(  15, 404)   coste     302      320
(  15, 412)   coste    1000      996
(  16,  77)   coste     731      806
(  16, 147)   coste     837      904
(  16, 307)   coste     234      244
(  16, 390)   coste     377      318
(  16, 410)   coste     374      351
(  16, 451)   coste     708      793
(  16, 470)   coste     506      582
(  17, 329)   coste     752      820
(  17, 410)   coste     198      192
(  17, 412)   coste     534      512
(  18, 290)   coste     581      515
(  19, 150)   coste     303      217
(  19, 173)   coste     833      843
(  19, 182)   coste    1119     1141
(  19, 306)   coste     293      302
(  19, 331)   coste     231      269
(  19, 336)   coste     826      876
(  19, 379)   coste     650      689
(  20, 226)   coste     495      435
(  20, 272)   coste     146      145
(  20, 283)   coste     478      544
(  21,  96)   coste     801      780
(  21, 153)   coste     371      367
(  21, 182)   coste     210      218
(  21, 265)   coste     349      318
(  21, 334)   coste     676      707
(  21, 377)   coste     621      601
(  22, 134)   coste     201      143
(  22, 329)   coste     439      414
(  23, 121)   coste     734      769
(  24, 425)   coste    1054      957
(  24, 431)   coste     715      727
(  24, 469)   coste     438      478
(  25, 133)   coste     684      640
(  25, 202)   coste     364      328
(  25, 261)   coste     828      751
(  25, 338)   coste     453      406
(  25, 361)   coste     531      490
(  26, 130)   coste     701      798
(  26, 213)   coste     794      698
(  26, 307)   coste     985      948
(  26, 313)   coste     371      313
(  26, 367)   coste     761      744
(  26, 381)   coste     949      947
(  26, 384)   coste     333      359
(  26, 395)   coste    1051     1006
(  26, 444)   coste     733      741
(  27, 388)   coste     209      219
(  28,  68)   coste     249      287
(  28,  98)   coste     303      343
(  28, 141)   coste     379      391
(  28, 378)   coste     498      474
(  28, 476)   coste     291      315
(  28, 496)   coste     561      568
(  29,  98)   coste     575      566
(  29, 199)   coste     270      258
(  30, 464)   coste     194      126
(  31,  40)   coste     407      459
(  31, 120)   coste     356      390
(  31, 124)   coste     863      840
(  31, 223)   coste     259      279
(  31, 334)   coste      83      169
(  32,  41)   coste     944      948
(  32,  80)   coste     519      567
(  32,  98)   coste     236      256
(  32, 111)   coste    1072     1054
(  32, 142)   coste     834      843
(  32, 190)   coste     594      531
(  32, 217)   coste     761      769
(  32, 402)   coste     730      721
(  33,  77)   coste     463      453
(  33, 173)   coste     703      725
(  34,  38)   coste     584      648
(  34,  48)   coste     763      793
(  34,  73)   coste     760      787
(  34,  98)   coste     249      300
(  34, 125)   coste     777      768
(  34, 164)   coste     506      464
(  34, 270)   coste     503      468
(  34, 419)   coste     677      646
(  34, 490)   coste     213      286
(  35, 128)   coste     263      216
(  36,  78)   coste     987     1003
(  36, 161)   coste     572      630
(  36, 277)   coste     256      247
(  36, 333)   coste     720      708
(  36, 346)   coste     534      539
(  37, 132)   coste     336      381
(  37, 230)   coste     222      207
(  37, 332)   coste     604      533
(  37, 426)   coste     265      201
(  38,  56)   coste     834      810
(  38, 301)   coste     988     1074
(  38, 313)   coste     682      658
(  38, 336)   coste     799      794
(  38, 398)   coste     550      505
(  38, 456)   coste     891      893
(  38, 457)   coste     557      532
(  38, 470)   coste     874      823
(  39, 127)   coste     642      661
(  39, 213)   coste      18       26
(  39, 241)   coste     840      898
(  39, 470)   coste     553      496
(  40, 174)   coste     860      855
(  40, 493)   coste     602      590
(  41,  81)   coste     443      402
(  41, 220)   coste     414      421
(  41, 241)   coste     591      542
(  41, 278)   coste     614      526
(  41, 355)   coste     226      191
(  41, 428)   coste     225      207
(  41, 459)   coste     576      614
(  42, 114)   coste     413      464
(  42, 367)   coste     630      643
(  42, 384)   coste     238      249
(  43, 136)   coste     401      415
(  43, 417)   coste     479      464
(  44, 231)   coste    1072      993
(  44, 335)   coste     728      689
(  44, 450)   coste     839      883
(  44, 490)   coste     677      660
(  45, 268)   coste     489      486
(  45, 449)   coste     769      674
(  46, 106)   coste     235      262
(  46, 125)   coste     351      399
(  46, 156)   coste     525      575
(  46, 462)   coste     644      592
(  47,  49)   coste     494      480
(  47, 172)   coste     311      247
(  48, 129)   coste     537      526
(  48, 257)   coste     726      676
(  48, 390)   coste     964      994
(  48, 423)   coste     258      231
(  48, 433)   coste     734      758
(  49, 125)   coste     949      963
(  49, 186)   coste    1138     1191
(  49, 195)   coste     172      149
(  49, 206)   coste     563      508
(  49, 352)   coste     457      486
(  49, 486)   coste     733      750
(  50,  60)   coste     102      137
(  50, 200)   coste     442      360
(  50, 274)   coste     163      150
(  51, 101)   coste     440      467
(  51, 150)   coste     725      747
(  51, 418)   coste     386      428
(  52, 189)   coste     724      731
(  52, 393)   coste     563      512
(  52, 459)   coste     127      128
(  53,  78)   coste     495      519
(  53, 164)   coste     129       52
(  53, 421)   coste     482      430
(  53, 442)   coste     393      325
(  54, 161)   coste     880      859
(  54, 241)   coste     952      942
(  54, 424)   coste     792      807
(  55, 104)   coste     596      659
(  55, 143)   coste     578      570
(  55, 271)   coste      32       36
(  55, 427)   coste     866      819
(  56, 183)   coste     714      644
(  56, 192)   coste     284      277
(  57, 153)   coste     356      388
(  57, 271)   coste     198      182
(  57, 385)   coste     111      144
(  58,  81)   coste     432      482
(  58, 191)   coste     540      615
(  58, 345)   coste     307      389
(  58, 358)   coste     134      126
(  58, 364)   coste     521      505
(  58, 366)   coste     325      388
(  58, 467)   coste     644      645
(  59, 158)   coste     342      306
(  59, 177)   coste     445      443
(  59, 265)   coste     672      602
(  59, 411)   coste     767      736
(  59, 438)   coste     720      691
(  60,  95)   coste     458      472
(  60, 100)   coste     507      481
(  60, 182)   coste     747      781
(  60, 190)   coste     477      440
(  60, 384)   coste     567      613
(  61, 456)   coste     389      419
(  61, 461)   coste     581      546
(  62,  93)   coste     610      689
(  62, 227)   coste     497      518
(  62, 392)   coste     659      663
(  62, 423)   coste     211      217
(  62, 486)   coste     710      696
(  63, 217)   coste     137      210
(  63, 269)   coste     457      510
(  63, 461)   coste     829      855
(  64, 157)   coste     200      223
(  64, 255)   coste     256      155
(  65, 119)   coste     846      842
(  65, 210)   coste     132      168
(  65, 386)   coste     326      335
(  66, 129)   coste    1044     1059
(  66, 204)   coste     725      797
(  66, 407)   coste    1106     1119
(  66, 429)   coste     733      753
(  67, 141)   coste     363      361
(  67, 480)   coste     869      873
(  69, 189)   coste     125       79
(  69, 192)   coste     805      836
(  69, 455)   coste    1123     1087
(  70, 254)   coste     422      444
(  70, 384)   coste     407      391
(  71, 216)   coste     662      665
(  71, 294)   coste     578      554
(  71, 344)   coste     300      315
(  71, 464)   coste     640      622
(  72, 211)   coste     455      458
(  72, 325)   coste     552      545
(  72, 388)   coste     687      723
(  72, 407)   coste     624      676
(  72, 468)   coste     526      482
(  73, 318)   coste     428      487
(  73, 403)   coste     606      663
(  74, 207)   coste     504      569
(  74, 396)   coste     813      716
(  75, 160)   coste     624      612
(  75, 178)   coste     451      462
(  76, 106)   coste      66       99
(  76, 181)   coste     328      375
(  76, 233)   coste     876      911
(  76, 236)   coste     218      283
(  76, 267)   coste     585      558
(  77, 205)   coste     668      665
(  77, 240)   coste     749      741
(  77, 251)   coste     546      480
(  77, 269)   coste     852      868
(  77, 332)   coste     132      131
(  77, 352)   coste     438      401
(  78, 242)   coste     908      946
(  78, 351)   coste     383      462
(  78, 499)   coste     610      701
(  79, 296)   coste     277      291
(  79, 406)   coste     310      391
(  79, 413)   coste     763      803
(  80,  86)   coste     269      250
(  80, 126)   coste     503      472
(  80, 175)   coste     666      599
(  80, 178)   coste     380      389
(  81, 211)   coste     247      257
(  81, 242)   coste     674      735
(  82, 225)   coste     466      481
(  82, 271)   coste     412      396
(  83, 287)   coste     634      652
(  83, 311)   coste     873      940
(  83, 351)   coste      63       56
(  83, 356)   coste     480      512
(  84, 149)   coste     330      320
(  84, 249)   coste     241      215
(  84, 320)   coste     485      524
(  84, 453)   coste     502      462
(  85, 353)   coste      94       66
(  85, 460)   coste     645      717
(  85, 500)   coste     204      156
(  86, 132)   coste     404      385
(  86, 210)   coste     536      560
(  86, 347)   coste     553      632
(  86, 427)   coste     881      916
(  87, 102)   coste     159      147
(  87, 211)   coste     317      267
(  87, 269)   coste     921      921
(  87, 333)   coste     246      293
(  87, 439)   coste     222      241
(  87, 447)   coste     786      862
(  88, 308)   coste     591      602
(  88, 323)   coste     132      184
(  88, 491)   coste     798      768
(  89,  97)   coste     317      283
(  89, 176)   coste     814      756
(  89, 423)   coste     436      462
(  90, 190)   coste     120      165
(  90, 213)   coste     646      570
(  90, 333)   coste     972      938
(  90, 482)   coste     551      464
(  91,  93)   coste     430      464
(  91, 252)   coste     111      170
(  91, 330)   coste     371      364
(  92, 279)   coste     145      141
(  92, 447)   coste     616      667
(  92, 484)   coste     315      278
(  93, 206)   coste     431      366
(  93, 254)   coste     604      620
(  93, 327)   coste     921      968
(  93, 446)   coste     951      862
(  94, 203)   coste     313      321
(  94, 254)   coste     509      530
(  94, 290)   coste     664      623
(  95, 216)   coste     280      256
(  95, 359)   coste     382      363
(  95, 376)   coste     259      300
(  95, 500)   coste     494      514
(  96, 161)   coste     351      348
(  96, 260)   coste     737      766
(  96, 339)   coste     189      210
(  96, 471)   coste     178       79
(  97, 153)   coste     261      256
(  97, 169)   coste     518      527
(  97, 268)   coste      16       17
(  97, 358)   coste     217      195
(  98, 112)   coste     476      399
(  98, 270)   coste     272      285
(  98, 295)   coste     467      454
(  98, 368)   coste     988     1065
(  99, 359)   coste     377      449
( 100, 485)   coste     535      569
( 101, 381)   coste      77       90
( 102, 189)   coste     775      817
( 102, 339)   coste     810      840
( 102, 438)   coste    1102     1097
( 103, 366)   coste     611      607
( 103, 386)   coste     511      549
( 103, 484)   coste     425      387
( 104, 199)   coste     563      534
( 104, 288)   coste      41       39
( 104, 354)   coste     747      677
( 104, 464)   coste     282      322
( 105, 300)   coste    1222     1224
( 105, 425)   coste     112      105
( 106, 263)   coste     364      364
( 106, 340)   coste     454      528
( 106, 341)   coste     453      530
( 106, 408)   coste     178      213
( 107, 201)   coste     780      714
( 107, 225)   coste     732      763
( 107, 264)   coste     292      349
( 107, 266)   coste     109      106
( 107, 409)   coste     977      996
( 107, 422)   coste     716      686
( 109, 118)   coste     730      743
( 109, 247)   coste     332      414
( 109, 423)   coste     428      426
( 110, 249)   coste     124       97
( 110, 257)   coste     731      729
( 110, 409)   coste     302      334
( 110, 412)   coste     666      674
( 110, 448)   coste     353      356
( 112, 235)   coste     336      363
( 112, 267)   coste     198      216
( 112, 361)   coste     358      330
( 112, 450)   coste     428      414
( 113, 219)   coste     513      436
( 113, 303)   coste     535      587
( 113, 349)   coste     461      465
( 113, 494)   coste     143      135
( 114, 213)   coste     526      498
( 114, 238)   coste     310      253
( 114, 264)   coste     425      396
( 114, 321)   coste     315      321
( 114, 349)   coste     128      136
( 114, 402)   coste     760      778
( 115, 216)   coste     935     1022
( 115, 254)   coste     120       56
( 115, 440)   coste     393      463
( 116, 170)   coste     190      213
( 116, 190)   coste     824      872
( 116, 309)   coste     884      880
( 116, 399)   coste     925      933
( 116, 471)   coste     844      784
( 117, 377)   coste     675      716
( 118, 181)   coste     325      311
( 118, 234)   coste     992     1009
( 118, 235)   coste     885      854
( 118, 257)   coste     994      961
( 118, 334)   coste     215      302
( 119, 178)   coste     771      719
( 119, 186)   coste     953      991
( 119, 250)   coste     785      780
( 119, 302)   coste     542      550
( 119, 363)   coste     152      172
( 120, 417)   coste    1001      948
( 120, 429)   coste     678      666
( 121, 324)   coste     583      498
( 121, 344)   coste     212      187
( 121, 373)   coste     785      798
( 122, 232)   coste     268      218
( 122, 299)   coste     698      669
( 122, 423)   coste     660      690
( 123, 338)   coste     524      533
( 123, 446)   coste     220      205
( 124, 197)   coste     246      251
( 124, 440)   coste     695      693
( 124, 497)   coste     424      352
( 125, 266)   coste     427      479
( 125, 277)   coste     270      259
( 125, 289)   coste     847      870
( 126, 322)   coste     403      395
( 126, 470)   coste     735      728
( 127, 140)   coste     341      275
( 127, 171)   coste     291      241
( 127, 191)   coste     458      455
( 127, 264)   coste     576      586
( 127, 332)   coste     941      921
( 127, 376)   coste     306      269
( 127, 438)   coste     317      380
( 128, 295)   coste     329      297
( 128, 460)   coste     433      450
( 129, 175)   coste     842      799
( 129, 176)   coste     979      990
( 129, 200)   coste     797      756
( 129, 218)   coste    1042     1045
( 129, 262)   coste    1031     1066
( 129, 443)   coste    1336     1333
( 129, 470)   coste     484      489
( 129, 481)   coste     909      958
( 130, 133)   coste     430      452
( 130, 330)   coste     577      605
( 130, 343)   coste     510      458
( 130, 393)   coste     848      873
( 131, 388)   coste     479      405
( 131, 461)   coste     945      904
( 131, 467)   coste     872      936
( 132, 201)   coste     438      408
( 132, 246)   coste     364      345
( 132, 403)   coste     448      444
( 132, 422)   coste     669      688
( 132, 464)   coste     371      400
( 132, 474)   coste     312      310
( 133, 273)   coste     483      494
( 133, 447)   coste     579      548
( 133, 461)   coste     633      678
( 134, 188)   coste     763      829
( 134, 213)   coste     792      830
( 134, 310)   coste     758      784
( 134, 429)   coste     161      166
( 134, 452)   coste     463      473
( 135, 414)   coste     330      357
( 136, 227)   coste      63       53
( 136, 409)   coste     601      620
( 136, 437)   coste      98       64
( 136, 443)   coste     646      623
( 136, 472)   coste     250      246
( 137, 458)   coste     257      204
( 138, 182)   coste    1092     1156
( 138, 207)   coste     551      531
( 138, 267)   coste     898      806
( 139, 378)   coste     794      788
( 139, 383)   coste     500      556
( 139, 437)   coste     367      347
( 140, 180)   coste     329      336
( 140, 200)   coste     550      484
( 140, 340)   coste     437      485
( 140, 355)   coste     588      636
( 140, 425)   coste     737      807
( 141, 179)   coste     460      479
( 141, 207)   coste     242      219
( 141, 260)   coste     207      215
( 141, 276)   coste     256      256
( 141, 317)   coste     296      329
( 141, 339)   coste     372      352
( 141, 475)   coste     540      522
( 142, 166)   coste     462      445
( 142, 227)   coste     613      618
( 142, 266)   coste     624      628
( 142, 307)   coste     765      797
( 142, 393)   coste     941      856
( 142, 435)   coste     869      828
( 143, 180)   coste     515      440
( 143, 200)   coste     750      742
( 143, 464)   coste     588      622
( 144, 406)   coste     520      525
( 145, 266)   coste     659      664
( 145, 326)   coste      41      132
( 145, 414)   coste     602      579
( 146, 428)   coste     455      440
( 146, 458)   coste     739      733
( 146, 484)   coste     430      432
( 147, 317)   coste     749      658
( 148, 193)   coste     372      326
( 148, 324)   coste     670      733
( 149, 222)   coste     549      504
( 149, 232)   coste     198      237
( 149, 293)   coste     617      625
( 149, 298)   coste     409      452
( 149, 321)   coste     268      281
( 149, 356)   coste     328      302
( 149, 425)   coste     559      522
( 150, 328)   coste     722      750
( 151, 360)   coste     655      579
( 151, 489)   coste     457      367
( 151, 500)   coste     376      402
( 152, 310)   coste     585      550
( 153, 284)   coste     163       91
( 153, 356)   coste     345      435
( 154, 209)   coste     502      516
( 154, 406)   coste     557      509
( 155, 178)   coste     550      486
( 155, 239)   coste     379      363
( 156, 248)   coste     262      253
( 156, 339)   coste     607      599
( 156, 344)   coste     538      557
( 156, 411)   coste     384      416
( 157, 316)   coste     503      485
( 157, 318)   coste     372      355
( 158, 342)   coste     567      624
( 158, 426)   coste     159      156
( 159, 310)   coste     654      710
( 159, 368)   coste     934      870
( 159, 398)   coste     364      408
( 160, 245)   coste     389      420
( 160, 261)   coste     349      370
( 160, 344)   coste     180      221
( 160, 398)   coste     310      307
( 160, 415)   coste       1       14
( 160, 470)   coste     153      150
( 161, 268)   coste     438      388
( 161, 284)   coste     266      309
( 162, 273)   coste      38       28
( 163, 396)   coste     402      439
( 164, 318)   coste      68      117
( 165, 168)   coste     333      381
( 165, 254)   coste     715      724
( 165, 384)   coste     718      644
( 165, 387)   coste    1018     1027
( 165, 431)   coste     144      118
( 166, 236)   coste     676      647
( 166, 249)   coste     484      480
( 166, 300)   coste    1193     1182
( 166, 331)   coste     741      683
( 166, 365)   coste     784      787
( 166, 436)   coste     801      855
( 166, 459)   coste     755      837
( 167, 316)   coste     138       69
( 167, 457)   coste     181      175
( 167, 496)   coste     183      150
( 168, 175)   coste     862      853
( 168, 329)   coste     838      815
( 168, 363)   coste     313      287
( 168, 412)   coste     933      876
( 170, 211)   coste     174      250
( 170, 376)   coste     531      509
( 170, 476)   coste     536      571
( 171, 184)   coste     195      237
( 171, 210)   coste     502      543
( 171, 426)   coste     475      548
( 173, 189)   coste     333      391
( 174, 272)   coste     738      717
( 174, 313)   coste     706      642
( 175, 416)   coste     379      409
( 176, 361)   coste     405      425
( 176, 379)   coste     315      279
( 177, 358)   coste     342      241
( 177, 497)   coste     673      694
( 179, 217)   coste     990     1037
( 179, 376)   coste     400      318
( 179, 447)   coste     294      286
( 180, 218)   coste     405      378
( 180, 327)   coste     311      321
( 180, 356)   coste     180      238
( 180, 385)   coste     138      158
( 180, 386)   coste     264      293
( 181, 434)   coste     225      245
( 181, 446)   coste     187      163
( 182, 348)   coste     579      578
( 182, 463)   coste     666      718
( 182, 494)   coste     719      676
( 183, 373)   coste     586      540
( 183, 470)   coste     695      699
( 184, 195)   coste     981      985
( 184, 253)   coste     446      530
( 184, 335)   coste     530      587
( 184, 472)   coste     546      558
( 185, 227)   coste     649      657
( 185, 447)   coste     810      829
( 185, 451)   coste     110      114
( 186, 213)   coste     480      411
( 186, 354)   coste     809      794
( 186, 376)   coste     512      465
( 186, 433)   coste     678      645
( 187, 361)   coste     620      655
( 187, 369)   coste     618      603
( 188, 206)   coste     845      760
( 188, 218)   coste     560      579
( 188, 263)   coste     705      704
( 188, 273)   coste    1055     1061
( 188, 454)   coste     169      194
( 188, 499)   coste     810      859
( 189, 213)   coste    1030     1029
( 190, 307)   coste     427      424
( 190, 356)   coste     566      553
( 191, 278)   coste     398      418
( 191, 284)   coste     507      424
( 191, 356)   coste     665      649
( 191, 369)   coste     643      722
( 191, 381)   coste     854      867
( 192, 209)   coste     550      509
( 192, 259)   coste     734      706
( 193, 324)   coste     657      741
( 193, 422)   coste     553      582
( 193, 479)   coste     765      790
( 194, 319)   coste     461      423
( 194, 416)   coste      81       57
( 195, 240)   coste     903      910
( 195, 342)   coste    1213     1133
( 196, 203)   coste     223      162
( 196, 205)   coste     265      279
( 196, 342)   coste     552      508
( 196, 384)   coste     425      377
( 197, 274)   coste     523      511
( 197, 329)   coste     679      638
( 197, 413)   coste     658      642
( 198, 257)   coste     680      742
( 198, 350)   coste     311      315
( 200, 280)   coste     114      106
( 200, 417)   coste     826      812
( 201, 206)   coste     304      215
( 201, 222)   coste     861      938
( 201, 282)   coste     402      370
( 201, 444)   coste     160       74
( 201, 477)   coste     296      308
( 202, 413)   coste     828      855
( 204, 227)   coste     559      635
( 205, 380)   coste     105       53
( 205, 436)   coste     311      255
( 206, 235)   coste     544      585
( 206, 320)   coste     254      340
( 206, 360)   coste     201      282
( 207, 284)   coste     261      279
( 207, 363)   coste     240      228
( 207, 432)   coste     645      643
( 208, 404)   coste     652      592
( 208, 434)   coste     364      367
( 209, 212)   coste     520      529
( 209, 258)   coste      86       58
( 209, 316)   coste     567      518
( 209, 325)   coste     725      748
( 209, 358)   coste     586      574
( 209, 387)   coste     850      785
( 210, 283)   coste     581      567
( 210, 450)   coste     654      662
( 211, 371)   coste     626      651
( 212, 276)   coste     693      659
( 212, 290)   coste     697      637
( 212, 304)   coste     203      239
( 212, 350)   coste     343      377
( 213, 230)   coste     438      479
( 213, 245)   coste     365      366
( 213, 401)   coste    1052      991
( 213, 467)   coste     386      389
( 214, 350)   coste     816      774
( 215, 247)   coste     185      185
( 216, 234)   coste     632      660
( 216, 315)   coste     945      972
( 216, 397)   coste     987      987
( 216, 431)   coste     780      794
( 217, 461)   coste    1015     1043
( 218, 306)   coste     279      321
( 219, 253)   coste     392      386
( 220, 370)   coste     735      834
( 220, 401)   coste     674      677
( 220, 454)   coste     736      695
( 220, 471)   coste     638      640
( 221, 253)   coste     450      455
( 221, 289)   coste     882      886
( 221, 317)   coste     481      479
( 221, 349)   coste     306      242
( 221, 384)   coste     731      646
( 221, 419)   coste     277      252
( 222, 272)   coste     703      738
( 222, 295)   coste     198      218
( 223, 339)   coste     706      649
( 223, 457)   coste     605      572
( 224, 343)   coste     818      762
( 224, 473)   coste     216      225
( 224, 482)   coste     291      313
( 225, 236)   coste     191      160
( 225, 353)   coste     889      859
( 225, 429)   coste     591      593
( 226, 379)   coste     468      502
( 228, 237)   coste     340      394
( 228, 348)   coste     343      397
( 228, 411)   coste     531      501
( 228, 412)   coste     258      234
( 228, 449)   coste     724      632
( 229, 235)   coste     128      115
( 229, 253)   coste     500      508
( 229, 353)   coste     201      279
( 229, 373)   coste     533      477
( 229, 416)   coste     235      270
( 231, 460)   coste     240      251
( 232, 481)   coste     296      268
( 234, 484)   coste     926      890
( 236, 254)   coste     640      599
( 236, 288)   coste     674      659
( 237, 254)   coste     487      528
( 237, 393)   coste     537      553
( 237, 409)   coste     504      508
( 238, 307)   coste     758      783
( 239, 303)   coste      51      104
( 239, 414)   coste     226      138
( 240, 279)   coste     521      546
( 240, 356)   coste     524      519
( 240, 459)   coste     606      530
( 241, 268)   coste     476      502
( 241, 366)   coste     666      700
( 241, 375)   coste     728      696
( 242, 251)   coste     378      322
( 242, 447)   coste     259      288
( 243, 451)   coste     399      410
( 244, 261)   coste     658      700
( 244, 498)   coste     665      702
( 245, 354)   coste     350      417
( 245, 365)   coste     284      289
( 246, 347)   coste     609      590
( 246, 405)   coste     497      516
( 247, 379)   coste      76       77
( 247, 441)   coste     236      209
( 248, 314)   coste     719      665
( 249, 342)   coste     710      693
( 249, 356)   coste      99       87
( 249, 485)   coste      27       75
( 250, 258)   coste     949      922
( 250, 322)   coste     630      611
( 250, 386)   coste     584      644
( 251, 252)   coste     389      397
( 251, 267)   coste     204      152
( 251, 358)   coste     253      218
( 252, 435)   coste     569      515
( 252, 469)   coste     459      511
( 254, 362)   coste     635      657
( 254, 458)   coste     242      238
( 255, 297)   coste     339      287
( 255, 356)   coste     322      371
( 255, 457)   coste     476      490
( 255, 477)   coste     361      418
( 255, 478)   coste     151      240
( 256, 378)   coste     536      569
( 256, 384)   coste     607      626
( 256, 396)   coste     178      148
( 257, 356)   coste     660      664
( 257, 490)   coste     504      509
( 258, 353)   coste     265      203
( 258, 478)   coste     372      378
( 259, 282)   coste     406      325
( 259, 433)   coste     841      807
( 260, 325)   coste     526      549
( 261, 364)   coste     531      532
( 261, 483)   coste     791      885
( 262, 268)   coste     364      335
( 264, 383)   coste     435      431
( 265, 460)   coste     462      478
( 265, 496)   coste     288      272
( 268, 280)   coste     198      210
( 268, 407)   coste     736      703
( 268, 408)   coste     346      420
( 268, 488)   coste     646      671
( 270, 346)   coste     493      460
( 271, 480)   coste     776      763
( 272, 372)   coste     680      711
( 273, 295)   coste     594      573
( 273, 367)   coste     176      113
( 274, 357)   coste     518      480
( 274, 364)   coste     716      693
( 274, 378)   coste     177      208
( 275, 429)   coste     147      211
( 275, 498)   coste     357      300
( 277, 399)   coste     851      860
( 277, 425)   coste     510      569
( 278, 404)   coste     346      348
( 278, 458)   coste     118      121
( 279, 309)   coste     495      578
( 279, 312)   coste     362      370
( 279, 439)   coste     155      102
( 279, 476)   coste     369      404
( 281, 431)   coste     374      335
( 281, 491)   coste     613      624
( 282, 308)   coste     608      553
( 283, 314)   coste     599      534
( 283, 356)   coste     350      289
( 283, 431)   coste     439      346
( 284, 300)   coste     608      597
( 284, 358)   coste     225      203
( 284, 364)   coste     486      525
( 284, 486)   coste     462      400
( 285, 296)   coste     193      197
( 286, 293)   coste     504      476
( 286, 322)   coste     409      460
( 287, 454)   coste     830      841
( 287, 457)   coste     199      158
( 288, 395)   coste     386      378
( 289, 314)   coste     154      145
( 289, 341)   coste     908      916
( 289, 434)   coste     240      295
( 289, 479)   coste     552      594
( 290, 405)   coste     635      647
( 290, 439)   coste     633      643
( 291, 435)   coste     856      852
( 292, 414)   coste     416      422
( 293, 434)   coste     434      393
( 293, 481)   coste     616      698
( 295, 309)   coste     152      185
( 295, 415)   coste     735      677
( 296, 321)   coste     538      592
( 296, 368)   coste     515      584
( 296, 379)   coste     320      361
( 298, 426)   coste     477      519
( 299, 319)   coste     430      450
( 299, 373)   coste     481      472
( 299, 497)   coste     661      717
( 299, 500)   coste     765      796
( 300, 404)   coste     736      744
( 301, 313)   coste     380      390
( 301, 340)   coste     380      318
( 301, 399)   coste     810      799
( 301, 418)   coste     578      658
( 302, 314)   coste     708      697
( 302, 326)   coste     727      759
( 302, 344)   coste     678      661
( 303, 309)   coste     482      510
( 303, 340)   coste     419      462
( 303, 463)   coste     147      153
( 304, 366)   coste     211      212
( 305, 348)   coste     473      435
( 305, 352)   coste     141      143
( 306, 493)   coste     322      325
( 307, 413)   coste    1125     1063
( 307, 462)   coste     863      904
( 308, 445)   coste     736      737
( 308, 474)   coste     868      861
( 309, 331)   coste     561      604
( 310, 349)   coste     511      503
( 310, 353)   coste     308      273
( 310, 457)   coste     448      479
( 310, 487)   coste     650      639
( 311, 443)   coste     929      858
( 312, 423)   coste      86       80
( 313, 365)   coste     288      256
( 314, 388)   coste      85        1
( 315, 317)   coste     374      382
( 315, 334)   coste     865      847
( 315, 343)   coste    1035     1002
( 315, 366)   coste     334      401
( 315, 392)   coste     292      352
( 316, 352)   coste     672      659
( 316, 443)   coste     593      635
( 318, 395)   coste     651      636
( 319, 346)   coste     232      247
( 319, 420)   coste     241      233
( 320, 461)   coste      91      148
( 320, 464)   coste     523      582
( 321, 355)   coste     770      834
( 322, 500)   coste     398      319
( 323, 340)   coste     483      507
( 323, 417)   coste     751      838
( 325, 335)   coste     173       74
( 328, 447)   coste     434      432
( 329, 377)   coste     638      682
( 329, 467)   coste    1245     1193
( 329, 483)   coste    1014     1071
( 330, 438)   coste     581      562
( 331, 413)   coste     653      653
( 332, 361)   coste     487      507
( 332, 405)   coste     606      574
( 334, 463)   coste     416      338
( 335, 470)   coste      93      154
( 336, 385)   coste     583      528
( 336, 415)   coste     436      436
( 337, 491)   coste     785      826
( 338, 420)   coste     580      660
( 340, 414)   coste     230      221
( 341, 485)   coste     790      785
( 342, 486)   coste     412      410
( 343, 479)   coste     764      697
( 343, 481)   coste     773      701
( 347, 403)   coste     687      762
( 348, 468)   coste     471      535
( 349, 423)   coste     615      580
( 349, 489)   coste     257      215
( 350, 403)   coste      48       70
( 351, 401)   coste     958      921
( 353, 410)   coste     231      224
( 354, 473)   coste     570      599
( 354, 486)   coste     479      510
( 356, 426)   coste     412      435
( 356, 449)   coste     170      151
( 356, 485)   coste      93      121
( 358, 405)   coste     402      384
( 360, 371)   coste     612      609
( 360, 372)   coste     357      353
( 360, 456)   coste     639      670
( 361, 472)   coste     601      676
( 362, 378)   coste     694      695
( 362, 472)   coste     650      662
( 362, 478)   coste     598      667
( 362, 482)   coste     206      275
( 363, 439)   coste     432      387
( 364, 369)   coste     451      399
( 364, 485)   coste     176      188
( 365, 473)   coste     224      176
( 365, 495)   coste     746      753
( 366, 376)   coste     290      263
( 368, 411)   coste     282      260
( 370, 463)   coste     494      437
( 371, 431)   coste     163      196
( 371, 438)   coste     863      830
( 372, 402)   coste     508      528
( 373, 443)   coste     756      735
( 373, 472)   coste     205      112
( 374, 460)   coste     427      441
( 375, 392)   coste     274      331
( 375, 415)   coste     516      461
( 378, 435)   coste     415      401
( 378, 497)   coste     924      948
( 382, 491)   coste     360      355
( 389, 473)   coste     909      840
( 389, 493)   coste     773      758
( 390, 487)   coste     926      994
( 391, 496)   coste     719      758
( 392, 463)   coste     442      380
( 393, 432)   coste     759      745
( 396, 457)   coste     119      130
( 398, 465)   coste     329      299
( 398, 499)   coste     625      638
( 400, 477)   coste     365      382
( 401, 426)   coste    1004      985
( 402, 494)   coste     709      718
( 404, 434)   coste     252      224
( 406, 474)   coste     782      785
( 407, 490)   coste     741      796
( 409, 496)   coste     581      664
( 409, 499)   coste     173      113
( 414, 486)   coste     425      442
( 415, 422)   coste     387      454
( 417, 422)   coste     978      999
( 417, 438)   coste     433      449
( 418, 423)   coste     657      724
( 418, 465)   coste     241      221
( 419, 465)   coste     204      217
( 421, 423)   coste     668      652
( 421, 443)   coste     973      907
( 422, 456)   coste    1117     1040
( 425, 474)   coste     907      873
( 428, 441)   coste     413      385
( 430, 494)   coste     219      219
( 431, 492)   coste     599      547
( 432, 446)   coste     728      747
( 432, 466)   coste     583      641
( 432, 496)   coste     690      678
( 434, 465)   coste     481      501
( 435, 467)   coste     655      563
( 436, 484)   coste     718      742
( 437, 482)   coste     231      210
( 440, 489)   coste     315      275
( 442, 475)   coste     270      242
( 448, 451)   coste     321      372
( 452, 478)   coste     176      178
( 454, 490)   coste     330      411
( 455, 464)   coste     568      566
( 457, 462)   coste     612      600
( 457, 484)   coste     715      723
( 459, 499)   coste     726      729
( 460, 464)   coste     330      376
( 460, 484)   coste     353      333
( 462, 473)   coste     652      708
( 469, 498)   coste     822      827
( 474, 496)   coste     572      506
( 482, 485)   coste     228      276
( 488, 492)   coste     831      832
( 494, 498)   coste     262      243
LISTA_ARISTAS_NOREQ :
          
 ===========================================          
 COORDENADAS DE LOS VERTICES:                         
 ===========================================          
          1         316         665                   
          2         488         711                   
          3         941         144                   
          4         373         607                   
          5         553         196                   
          6         626         917                   
          7         702         392                   
          8         545         961                   
          9         317         911                   
         10         220         566                   
         11         787         711                   
         12         272         283                   
         13         753         209                   
         14          70         704                   
         15         762         125                   
         16         786         625                   
         17         516         768                   
         18         503         322                   
         19         880         138                   
         20         264         766                   
         21          88         690                   
         22         279         435                   
         23         812         102                   
         24         977         789                   
         25         811         613                   
         26         406          20                   
         27         333         266                   
         28         639         408                   
         29         414         690                   
         30         967         700                   
         31         412          58                   
         32         923         808                   
         33         633         176                   
         34         820         333                   
         35         887         534                   
         36          67         702                   
         37         615         380                   
         38         897         936                   
         39         915         483                   
         40         828          83                   
         41         434           3                   
         42         465         185                   
         43         220         478                   
         44         125         972                   
         45         363         887                   
         46         637         686                   
         47         303         579                   
         48          51         508                   
         49         201          76                   
         50         664         629                   
         51         220         407                   
         52         615         565                   
         53         425         373                   
         54         862          10                   
         55         592         329                   
         56         744          95                   
         57         702         492                   
         58         392         620                   
         59         990         306                   
         60         779         643                   
         61         132         484                   
         62         157         366                   
         63         888         260                   
         64         916         523                   
         65         876         834                   
         66         976         435                   
         67         180         155                   
         68         921         503                   
         69         135         964                   
         70         576         481                   
         71         587           0                   
         72         623         699                   
         73         340         903                   
         74         884          99                   
         75          52         793                   
         76         843         413                   
         77         161         190                   
         78         828          49                   
         79         759         397                   
         80         548         386                   
         81         121         283                   
         82         970         417                   
         83         883         497                   
         84         589         442                   
         85         883         932                   
         86         767         460                   
         87         135          98                   
         88         607         194                   
         89         476         158                   
         90         527         981                   
         91         674         748                   
         92         198         291                   
         93         282         995                   
         94         667         275                   
         95         344         427                   
         96         884         582                   
         97         516         448                   
         98         938         586                   
         99         431         415                   
        100         299         773                   
        101          64         796                   
        102           8         179                   
        103         163         396                   
        104         932         859                   
        105         172          25                   
        106         800         501                   
        107         789         792                   
        108         503         395                   
        109          22         654                   
        110         349         278                   
        111         111         180                   
        112         520         737                   
        113         140         328                   
        114         453         623                   
        115         895         859                   
        116          36         146                   
        117         193         950                   
        118         281           5                   
        119         644          13                   
        120         754          72                   
        121          64         244                   
        122         480         741                   
        123         734          24                   
        124         336         945                   
        125         419         981                   
        126         709         873                   
        127         453         929                   
        128         731         724                   
        129           2          22                   
        130         264         755                   
        131         735          88                   
        132         434         687                   
        133         227         323                   
        134         197         282                   
        135         199         432                   
        136         633         363                   
        137         983         784                   
        138         844          68                   
        139         246         343                   
        140         687         753                   
        141         315         531                   
        142         100         642                   
        143         299         851                   
        144         946         392                   
        145         123         980                   
        146         114         414                   
        147         122          63                   
        148         526          50                   
        149         415         683                   
        150         958         378                   
        151         970         436                   
        152         320         498                   
        153         459         737                   
        154         427         629                   
        155         959         525                   
        156          83         695                   
        157         695         608                   
        158         649         256                   
        159         277         928                   
        160         392         327                   
        161         628         884                   
        162          64         874                   
        163         126         393                   
        164         330         343                   
        165         865          43                   
        166          18         194                   
        167         212         869                   
        168         817         383                   
        169         657         956                   
        170         125         356                   
        171         499         683                   
        172         143         830                   
        173         331         799                   
        174         923         906                   
        175          97         808                   
        176         401         924                   
        177         553         311                   
        178         476         722                   
        179         420         989                   
        180         570         449                   
        181         523         270                   
        182          88         916                   
        183         783         770                   
        184         679         834                   
        185          52         137                   
        186         924         964                   
        187         893         716                   
        188         997         192                   
        189           7         956                   
        190         383         899                   
        191         927         800                   
        192         654         327                   
        193         188          44                   
        194         408         585                   
        195          75           7                   
        196         461         642                   
        197         254         747                   
        198         786         261                   
        199         501         464                   
        200         750         247                   
        201          44         620                   
        202         916         264                   
        203         647         553                   
        204         324         807                   
        205         690         569                   
        206         304         580                   
        207         412         340                   
        208         102         745                   
        209         866         800                   
        210         977         962                   
        211         347         329                   
        212         720         259                   
        213         953         529                   
        214         169         660                   
        215         457         587                   
        216          50         378                   
        217         934          90                   
        218         825         708                   
        219         604         278                   
        220         142         301                   
        221         439         991                   
        222         864         976                   
        223         174         238                   
        224         794         395                   
        225         602          65                   
        226          80         342                   
        227         684         334                   
        228         242         810                   
        229         743         721                   
        230         520         566                   
        231         923         332                   
        232         425         485                   
        233         185         986                   
        234         300         982                   
        235         845         667                   
        236         669         223                   
        237         454         488                   
        238         278         396                   
        239         618         429                   
        240         262         889                   
        241          53         454                   
        242         470         914                   
        243         429         463                   
        244         379         989                   
        245         653         648                   
        246         744         735                   
        247         382         772                   
        248         359         750                   
        249         468         295                   
        250          42         443                   
        251         202         705                   
        252         543         761                   
        253         328         507                   
        254         818         801                   
        255         725         446                   
        256         487         896                   
        257         611         940                   
        258         923         735                   
        259          37         680                   
        260         125         661                   
        261          54         398                   
        262         913         481                   
        263         436         558                   
        264         836         466                   
        265         392         553                   
        266         769         735                   
        267         356         763                   
        268         558         487                   
        269         776         742                   
        270         811         842                   
        271         633         288                   
        272         200         661                   
        273         104         825                   
        274         795         707                   
        275         400         410                   
        276         278         756                   
        277         305         696                   
        278         781         455                   
        279         277         380                   
        280         661         356                   
        281         572         433                   
        282         392         780                   
        283         687         510                   
        284         505         612                   
        285         663         356                   
        286         268         499                   
        287         484         961                   
        288         969         853                   
        289         350         155                   
        290         511         881                   
        291         153         758                   
        292         261         230                   
        293         431          47                   
        294         190         352                   
        295         628         985                   
        296         508         359                   
        297         879         742                   
        298         289         248                   
        299         358          94                   
        300         996         892                   
        301         131         237                   
        302         799         531                   
        303         716         400                   
        304         888         356                   
        305         716         350                   
        306         854         420                   
        307         842         878                   
        308          54         308                   
        309         498         858                   
        310         884         657                   
        311          52         855                   
        312          31         115                   
        313         553         322                   
        314         342          52                   
        315         869         873                   
        316         307         892                   
        317         622         561                   
        318         328         437                   
        319         719         313                   
        320         368         863                   
        321         504         936                   
        322         686         430                   
        323         754         282                   
        324         316         727                   
        325         372         216                   
        326         204         937                   
        327         728         169                   
        328         284         579                   
        329          73         102                   
        330         747         374                   
        331         702         309                   
        332         121          90                   
        333         423          52                   
        334         524         109                   
        335         424         326                   
        336         166         636                   
        337         260         410                   
        338         390         481                   
        339         675         677                   
        340         321         513                   
        341         659         973                   
        342         986         755                   
        343          21         324                   
        344         279         166                   
        345          54         544                   
        346         509         466                   
        347         188         625                   
        348         626         777                   
        349         401         700                   
        350         947         581                   
        351         823         464                   
        352         603         272                   
        353         799         948                   
        354         408         354                   
        355         633         139                   
        356         398         355                   
        357         310         758                   
        358         349         519                   
        359          76         653                   
        360         367         347                   
        361         276         541                   
        362         289         482                   
        363         563         197                   
        364         484          87                   
        365         815         375                   
        366         740         519                   
        367         171         705                   
        368          63          62                   
        369         900         120                   
        370         896          82                   
        371         944          94                   
        372         484          25                   
        373         840         214                   
        374         393         563                   
        375         756         673                   
        376         533         651                   
        377         633         418                   
        378         999         709                   
        379         430         662                   
        380         648         611                   
        381          71         910                   
        382         595         724                   
        383         549         751                   
        384         257         320                   
        385         666         345                   
        386         580         723                   
        387          67         723                   
        388         293          41                   
        389         221         750                   
        390         917         956                   
        391         864         446                   
        392         537         871                   
        393         759          26                   
        394         904         314                   
        395         626         996                   
        396         426         710                   
        397         946         754                   
        398         472         617                   
        399         955         130                   
        400         552         232                   
        401          40         940                   
        402         983         101                   
        403         905         668                   
        404         533         271                   
        405         683         248                   
        406         537         135                   
        407          19         943                   
        408         908         334                   
        409          34         130                   
        410         591         905                   
        411         211         312                   
        412           5         827                   
        413          57         113                   
        414         507         566                   
        415         423         328                   
        416         473         630                   
        417         321         944                   
        418         488         739                   
        419         305         796                   
        420         973         285                   
        421         687          11                   
        422         754          90                   
        423          40         232                   
        424          56         161                   
        425         181         173                   
        426         811         281                   
        427          13         921                   
        428         477         178                   
        429         205         439                   
        430         396          64                   
        431         748         118                   
        432         831         814                   
        433         744         315                   
        434         371         431                   
        435         903         350                   
        436         531         824                   
        437         594         292                   
        438         787         948                   
        439         176         293                   
        440         819         435                   
        441         534         569                   
        442         732         165                   
        443         945         918                   
        444          99         727                   
        445         397         935                   
        446         569         133                   
        447         644         745                   
        448          68         513                   
        449         477         171                   
        450         757         355                   
        451         193         177                   
        452         695         300                   
        453         265         760                   
        454         841         173                   
        455         740           5                   
        456          35         910                   
        457         408         803                   
        458         815         593                   
        459         718         554                   
        460         712         261                   
        461         421         957                   
        462         252         194                   
        463         600         470                   
        464         833         595                   
        465         415         958                   
        466         227         760                   
        467         917         963                   
        468         150         616                   
        469         828         373                   
        470         445         215                   
        471         799         483                   
        472         897         363                   
        473         951         264                   
        474         680         873                   
        475         820         442                   
        476         530         682                   
        477         358         576                   
        478         903         378                   
        479         656         665                   
        480         259         984                   
        481         676         657                   
        482         546         481                   
        483         666         970                   
        484         424          69                   
        485         490         245                   
        486         875         355                   
        487         804          14                   
        488          84         955                   
        489         567         542                   
        490         581         431                   
        491         959         868                   
        492         816         682                   
        493         962         698                   
        494         250         217                   
        495         124         525                   
        496         160         747                   
        497          37         717                   
        498          52         407                   
        499         181         107                   
        500         745         791                   
 ===========================================          
componentes conexas (antes de aadir):   8            
