NOMBRE : WB0562 
COMENTARIO :  Chino Windy aleatorio grafico
VERTICES :  500
ARISTAS_REQ : 1517
ARISTAS_NOREQ :    0
LISTA_ARISTAS_REQ :
(   1,  67)   coste      72       78
(   1,  90)   coste      17       27
(   1, 232)   coste      48       60
(   1, 420)   coste     100      105
(   1, 488)   coste      97       96
(   2,  17)   coste      56       59
(   2,  34)   coste      45       32
(   2,  70)   coste      19       24
(   2,  94)   coste      21       22
(   2, 137)   coste      60       59
(   2, 145)   coste      42       34
(   2, 206)   coste      70       69
(   2, 307)   coste      66       72
(   3,  52)   coste      34       38
(   3, 401)   coste      45       45
(   3, 424)   coste      62       63
(   4,  13)   coste      31       40
(   4, 250)   coste      21       11
(   4, 287)   coste      32       37
(   4, 316)   coste      29       30
(   4, 327)   coste      61       58
(   5, 150)   coste      39       38
(   5, 167)   coste      26       15
(   5, 216)   coste      39       36
(   5, 309)   coste      67       72
(   5, 461)   coste      26       14
(   6, 106)   coste      69       75
(   6, 297)   coste       5       17
(   6, 301)   coste      49       51
(   6, 340)   coste      23       36
(   6, 382)   coste      58       48
(   6, 383)   coste      63       69
(   6, 408)   coste      53       44
(   6, 431)   coste      48       40
(   7,  10)   coste      16       14
(   7,  27)   coste      27       41
(   7, 290)   coste      62       58
(   7, 352)   coste      38       44
(   7, 399)   coste      26       33
(   8,  42)   coste      62       62
(   8,  92)   coste      50       51
(   8, 327)   coste      46       54
(   8, 408)   coste      59       48
(   8, 431)   coste      39       39
(   8, 437)   coste      62       58
(   9, 135)   coste      55       42
(   9, 172)   coste      67       70
(   9, 280)   coste      38       36
(   9, 299)   coste      31       34
(   9, 348)   coste      22       39
(   9, 384)   coste      65       68
(   9, 423)   coste      63       71
(   9, 453)   coste      12       21
(   9, 478)   coste      34       40
(  10,  27)   coste      30       36
(  10, 265)   coste      52       64
(  10, 352)   coste      33       32
(  10, 361)   coste      58       46
(  10, 399)   coste      40       40
(  11,  64)   coste      60       71
(  11, 121)   coste      47       54
(  11, 134)   coste      66       56
(  11, 271)   coste      50       47
(  11, 315)   coste      50       61
(  11, 476)   coste      53       42
(  12, 110)   coste      92      102
(  12, 123)   coste      95       96
(  12, 218)   coste      51       52
(  12, 244)   coste      78       69
(  12, 469)   coste      77       91
(  13,  41)   coste      44       36
(  13, 151)   coste       1        2
(  13, 158)   coste      33       36
(  13, 250)   coste      28       34
(  13, 316)   coste       4        1
(  14,  49)   coste      54       62
(  14,  57)   coste      50       44
(  14,  83)   coste      47       37
(  14, 178)   coste      31       37
(  14, 277)   coste      71       71
(  14, 311)   coste       9        8
(  15,  47)   coste      73       73
(  15,  56)   coste      77       76
(  15,  85)   coste      87       88
(  15, 174)   coste      38       26
(  15, 378)   coste      28       31
(  15, 396)   coste      45       60
(  16,  40)   coste      26       20
(  16,  88)   coste      25       22
(  16,  96)   coste      25       30
(  16, 195)   coste      31       26
(  16, 265)   coste      45       35
(  16, 352)   coste      70       64
(  16, 361)   coste      24       28
(  17, 145)   coste      20       32
(  17, 307)   coste      91       90
(  17, 478)   coste      86       80
(  18, 127)   coste      52       60
(  18, 166)   coste      25       11
(  18, 254)   coste      77       76
(  18, 484)   coste      87       77
(  19,  50)   coste      30       36
(  19, 199)   coste      54       56
(  19, 204)   coste      40       50
(  19, 225)   coste      65       72
(  19, 266)   coste      61       68
(  19, 454)   coste      71       68
(  20, 118)   coste      40       36
(  20, 236)   coste      62       71
(  20, 269)   coste      41       43
(  20, 346)   coste      45       57
(  20, 363)   coste      45       47
(  20, 413)   coste      51       50
(  21,  46)   coste      85       80
(  21, 101)   coste      49       58
(  21, 189)   coste      17       32
(  21, 281)   coste      46       46
(  21, 392)   coste      53       44
(  21, 462)   coste       4       15
(  22, 215)   coste      69       58
(  22, 219)   coste      45       45
(  22, 274)   coste      77       88
(  22, 285)   coste      88       94
(  22, 293)   coste      55       65
(  22, 435)   coste      24       27
(  22, 497)   coste      73       76
(  23,  81)   coste      26       30
(  23, 388)   coste      37       51
(  23, 449)   coste      68       63
(  24, 201)   coste      13        4
(  24, 212)   coste      63       78
(  24, 304)   coste      28       31
(  24, 419)   coste      53       37
(  24, 482)   coste      45       52
(  24, 498)   coste      80       80
(  25, 118)   coste      68       72
(  25, 210)   coste      31       26
(  25, 229)   coste      85       77
(  25, 239)   coste      38       30
(  25, 295)   coste      47       36
(  25, 484)   coste      50       59
(  26,  43)   coste       3        7
(  26,  89)   coste      66       60
(  26, 306)   coste      56       53
(  26, 310)   coste      58       66
(  26, 483)   coste      60       58
(  27,  68)   coste      65       57
(  27, 290)   coste      46       54
(  27, 344)   coste      62       67
(  27, 399)   coste       7       20
(  28,  79)   coste      55       65
(  28, 126)   coste      18        6
(  28, 190)   coste       1        1
(  28, 199)   coste      64       57
(  28, 355)   coste      76       75
(  29,  42)   coste      56       74
(  29,  50)   coste      55       50
(  29, 161)   coste      39       39
(  29, 169)   coste      57       54
(  29, 204)   coste      54       49
(  29, 417)   coste      53       53
(  29, 454)   coste      40       56
(  30, 149)   coste      40       38
(  30, 255)   coste      27       24
(  30, 273)   coste      68       80
(  30, 314)   coste      69       80
(  30, 377)   coste      75       82
(  30, 442)   coste      80       74
(  31,  92)   coste      61       52
(  31, 160)   coste      17       22
(  31, 287)   coste      69       72
(  31, 327)   coste      56       48
(  31, 433)   coste       5       13
(  32,  61)   coste      70       63
(  32,  84)   coste      79       83
(  32, 130)   coste      43       56
(  32, 235)   coste      41       26
(  32, 303)   coste      28       42
(  33,  99)   coste      35       25
(  33, 173)   coste      69       80
(  33, 312)   coste      41       37
(  33, 313)   coste      28       33
(  33, 405)   coste      80       65
(  33, 447)   coste      71       67
(  33, 490)   coste      28       30
(  34,  70)   coste      15       20
(  34,  94)   coste      51       52
(  34, 145)   coste      53       56
(  34, 245)   coste      34       28
(  34, 416)   coste      21       17
(  34, 429)   coste      33       45
(  35,  47)   coste      71       59
(  35,  85)   coste      12       28
(  35,  93)   coste      16       16
(  35, 216)   coste      86       81
(  35, 309)   coste      61       79
(  35, 500)   coste      82       95
(  36, 102)   coste      63       59
(  36, 110)   coste      53       63
(  36, 153)   coste      54       43
(  36, 394)   coste      72       72
(  37, 100)   coste      18       32
(  37, 112)   coste      17       33
(  37, 217)   coste      49       57
(  37, 286)   coste      37       40
(  37, 300)   coste      22       35
(  38,  48)   coste      51       40
(  38, 143)   coste      64       50
(  38, 227)   coste      42       55
(  38, 243)   coste      76       77
(  38, 319)   coste      38       35
(  38, 323)   coste      28       28
(  38, 428)   coste      39       49
(  39, 140)   coste      38       38
(  39, 198)   coste      60       48
(  39, 222)   coste      23       28
(  39, 251)   coste      49       45
(  39, 284)   coste      58       68
(  39, 339)   coste      72       76
(  39, 372)   coste      38       46
(  39, 419)   coste      52       53
(  40,  96)   coste      31       20
(  40, 117)   coste      15        6
(  40, 195)   coste      24       34
(  40, 263)   coste      63       59
(  40, 265)   coste      37       48
(  40, 361)   coste      34       51
(  41, 151)   coste      32       25
(  41, 158)   coste      12        6
(  41, 246)   coste      16       12
(  41, 313)   coste      52       55
(  41, 490)   coste      51       45
(  42,  50)   coste      30       21
(  42, 204)   coste      33       26
(  42, 382)   coste      56       65
(  42, 431)   coste      58       62
(  43, 181)   coste      71       62
(  43, 262)   coste      53       47
(  43, 306)   coste      46       43
(  43, 483)   coste      63       59
(  44,  72)   coste      29       26
(  44, 208)   coste      23       21
(  44, 209)   coste      35       33
(  44, 291)   coste      17       10
(  44, 318)   coste      27       15
(  44, 425)   coste      18       15
(  44, 470)   coste      46       35
(  45,  79)   coste      72       68
(  45, 156)   coste      44       47
(  45, 261)   coste      52       52
(  45, 339)   coste      29       37
(  45, 372)   coste      72       74
(  45, 498)   coste      36       40
(  46,  59)   coste      42       46
(  46, 101)   coste      44       40
(  46, 439)   coste      52       52
(  46, 462)   coste      82       81
(  47,  85)   coste      79       68
(  47, 150)   coste      40       41
(  47, 216)   coste      37       39
(  47, 309)   coste      78       84
(  48, 171)   coste      41       33
(  48, 285)   coste      84       82
(  48, 319)   coste      30       27
(  48, 333)   coste      40       37
(  48, 428)   coste      29       19
(  48, 487)   coste      43       52
(  49,  76)   coste      48       63
(  49, 178)   coste      53       42
(  49, 183)   coste      36       43
(  49, 277)   coste      23       31
(  49, 311)   coste      55       55
(  50, 204)   coste       7       17
(  50, 382)   coste      78       75
(  50, 454)   coste      82       78
(  51, 196)   coste      11       29
(  51, 395)   coste      55       70
(  51, 470)   coste      52       47
(  52, 401)   coste      35       26
(  52, 406)   coste      29       40
(  52, 421)   coste      62       48
(  52, 424)   coste      35       37
(  52, 444)   coste      49       50
(  53, 324)   coste      40       41
(  53, 331)   coste      12       13
(  53, 455)   coste      23       21
(  53, 485)   coste      11        5
(  54, 220)   coste      23       22
(  54, 272)   coste      31       20
(  54, 278)   coste      75       78
(  54, 305)   coste      76       82
(  54, 491)   coste      56       43
(  55, 283)   coste      21       30
(  55, 421)   coste      66       51
(  55, 434)   coste      10       23
(  55, 473)   coste       7       12
(  56, 238)   coste      26       26
(  56, 321)   coste      54       40
(  56, 347)   coste      73       67
(  56, 378)   coste      51       48
(  57,  83)   coste      32       35
(  57, 163)   coste      39       33
(  57, 180)   coste      46       54
(  57, 185)   coste      47       49
(  57, 296)   coste      58       61
(  57, 311)   coste      46       48
(  57, 450)   coste      60       55
(  58, 181)   coste      28       23
(  58, 298)   coste      76       73
(  58, 415)   coste      37       41
(  58, 446)   coste      42       38
(  58, 483)   coste      72       72
(  59, 101)   coste      79       69
(  59, 157)   coste      72       80
(  59, 391)   coste      41       46
(  59, 426)   coste      65       53
(  59, 439)   coste      74       80
(  59, 477)   coste      58       60
(  59, 493)   coste      47       60
(  60, 162)   coste      48       58
(  60, 252)   coste      66       63
(  60, 336)   coste      67       69
(  60, 375)   coste      59       66
(  60, 402)   coste      51       51
(  60, 411)   coste      55       58
(  61,  84)   coste      71       71
(  61, 152)   coste      36       39
(  61, 165)   coste      47       47
(  61, 303)   coste      65       51
(  61, 380)   coste      43       34
(  61, 425)   coste      66       61
(  62, 202)   coste      69       67
(  62, 231)   coste      74       81
(  62, 296)   coste      47       53
(  62, 311)   coste      91       95
(  62, 322)   coste      40       57
(  62, 450)   coste      43       52
(  63,  74)   coste      29       33
(  63, 131)   coste      13       21
(  63, 142)   coste      54       57
(  63, 168)   coste       8       10
(  63, 240)   coste      23       17
(  63, 264)   coste      27       38
(  63, 338)   coste      32       41
(  64, 121)   coste      53       49
(  64, 130)   coste      48       59
(  64, 148)   coste      46       61
(  64, 235)   coste      63       50
(  64, 412)   coste      22       28
(  65, 308)   coste      58       54
(  65, 341)   coste      36       43
(  65, 389)   coste      24       15
(  65, 436)   coste      19       15
(  65, 472)   coste      24       18
(  66, 100)   coste      58       56
(  66, 200)   coste      53       54
(  66, 226)   coste      10        1
(  66, 270)   coste      44       59
(  66, 286)   coste      26       40
(  66, 300)   coste      42       51
(  66, 452)   coste      72       87
(  67,  78)   coste      61       56
(  67, 211)   coste      63       67
(  67, 232)   coste      47       56
(  67, 400)   coste      91       74
(  67, 420)   coste      45       57
(  68,  84)   coste      44       54
(  68, 290)   coste      56       42
(  68, 344)   coste      65       63
(  68, 399)   coste      60       63
(  68, 467)   coste      43       46
(  69,  89)   coste      30       33
(  69, 120)   coste      56       49
(  69, 124)   coste      67       69
(  69, 233)   coste      66       73
(  69, 481)   coste      68       61
(  70,  94)   coste      27       31
(  70, 145)   coste      50       43
(  70, 237)   coste      44       28
(  70, 416)   coste      19       33
(  71, 103)   coste      72       65
(  71, 147)   coste      73       73
(  71, 175)   coste      34       25
(  71, 219)   coste      59       64
(  71, 342)   coste      77       83
(  71, 497)   coste      44       57
(  72, 130)   coste      54       40
(  72, 208)   coste      40       39
(  72, 209)   coste      39       44
(  72, 235)   coste      64       71
(  72, 291)   coste      34       35
(  72, 303)   coste      22       23
(  72, 318)   coste      45       34
(  72, 425)   coste      28       12
(  73, 113)   coste      14       11
(  73, 146)   coste      47       50
(  73, 364)   coste      62       59
(  73, 438)   coste      52       54
(  73, 475)   coste      73       74
(  74, 131)   coste      16       12
(  74, 157)   coste      70       57
(  74, 168)   coste      41       43
(  74, 240)   coste      38       44
(  74, 341)   coste      37       41
(  74, 389)   coste      48       51
(  75, 123)   coste      42       42
(  75, 213)   coste      41       42
(  75, 218)   coste      39       48
(  75, 244)   coste      75       61
(  75, 281)   coste      57       57
(  75, 383)   coste      77       76
(  75, 439)   coste      68       63
(  75, 469)   coste      40       29
(  76,  86)   coste      26       15
(  76, 125)   coste      16       21
(  76, 183)   coste      32       33
(  76, 267)   coste      11        7
(  76, 354)   coste      40       44
(  76, 373)   coste      41       40
(  76, 443)   coste      51       50
(  77, 134)   coste      17        5
(  77, 249)   coste      60       74
(  77, 476)   coste      55       46
(  77, 480)   coste      46       43
(  77, 495)   coste      27       28
(  78, 109)   coste      46       47
(  78, 211)   coste      14       29
(  78, 232)   coste      93       80
(  78, 400)   coste      46       44
(  78, 420)   coste      27       37
(  79, 190)   coste      61       60
(  79, 339)   coste      69       53
(  79, 355)   coste      21       20
(  79, 368)   coste      72       69
(  80, 128)   coste      27       30
(  80, 317)   coste      27       27
(  80, 398)   coste      37       25
(  80, 496)   coste       9       10
(  81, 108)   coste      82       94
(  81, 329)   coste      85       88
(  81, 345)   coste     109      105
(  81, 388)   coste      40       31
(  82, 189)   coste      13       13
(  82, 244)   coste      66       67
(  82, 281)   coste      24       26
(  82, 462)   coste      30       34
(  83, 163)   coste      59       52
(  83, 178)   coste      27       31
(  83, 180)   coste      25       26
(  83, 296)   coste      88       74
(  83, 311)   coste      47       55
(  83, 448)   coste      39       39
(  84, 152)   coste      89       86
(  84, 290)   coste      76       75
(  84, 467)   coste      39       41
(  85,  93)   coste      13        9
(  86, 191)   coste      52       53
(  86, 267)   coste      13       10
(  86, 373)   coste      27       22
(  87, 128)   coste      42       52
(  87, 215)   coste      64       61
(  87, 274)   coste      57       46
(  87, 317)   coste      60       66
(  87, 350)   coste      78       88
(  87, 376)   coste      59       66
(  87, 398)   coste      67       58
(  88,  96)   coste      35       42
(  88, 195)   coste      37       49
(  88, 279)   coste      57       49
(  88, 344)   coste      58       44
(  88, 361)   coste      26       38
(  88, 466)   coste      44       54
(  88, 468)   coste      31       29
(  89, 120)   coste      73       61
(  89, 233)   coste      52       56
(  89, 273)   coste      73       86
(  89, 481)   coste      32       47
(  90, 223)   coste     111      109
(  90, 232)   coste      76       65
(  90, 241)   coste      59       64
(  90, 488)   coste      63       69
(  91, 223)   coste      55       42
(  91, 379)   coste      29       24
(  91, 409)   coste      48       54
(  91, 422)   coste      49       42
(  91, 441)   coste      62       62
(  91, 445)   coste      15       31
(  91, 465)   coste      32       41
(  92, 160)   coste      44       49
(  92, 203)   coste      69       53
(  92, 327)   coste       8       11
(  92, 437)   coste      49       53
(  93, 309)   coste      81       92
(  93, 500)   coste      71       77
(  94, 137)   coste      46       50
(  94, 192)   coste      51       50
(  94, 197)   coste      59       55
(  94, 237)   coste      48       49
(  94, 268)   coste      83       73
(  94, 416)   coste      46       37
(  95, 115)   coste      33       21
(  95, 144)   coste      33       15
(  95, 337)   coste      42       45
(  95, 349)   coste      46       42
(  95, 407)   coste      44       39
(  95, 487)   coste      52       50
(  96, 117)   coste      43       43
(  96, 195)   coste       5        2
(  96, 263)   coste      67       75
(  96, 361)   coste      37       47
(  97, 126)   coste      32       17
(  97, 199)   coste      66       58
(  97, 225)   coste      65       61
(  97, 234)   coste      58       63
(  97, 336)   coste      51       54
(  97, 414)   coste      56       55
(  98, 186)   coste      61       53
(  98, 260)   coste      39       40
(  98, 289)   coste      17       12
(  99, 159)   coste      65       57
(  99, 246)   coste      45       31
(  99, 313)   coste       7       10
(  99, 405)   coste      65       61
(  99, 490)   coste       4        3
( 100, 112)   coste      41       45
( 100, 270)   coste      17        6
( 100, 286)   coste      31       31
( 100, 300)   coste      33       22
( 101, 254)   coste      76       59
( 101, 392)   coste      11       12
( 101, 439)   coste      69       80
( 101, 462)   coste      60       58
( 102, 110)   coste      54       52
( 102, 153)   coste      24       23
( 102, 160)   coste      38       33
( 102, 188)   coste      14       30
( 102, 203)   coste      57       53
( 102, 394)   coste      39       37
( 102, 433)   coste      20       37
( 103, 122)   coste      63       74
( 103, 135)   coste      59       44
( 103, 147)   coste       2        7
( 103, 172)   coste      28       27
( 103, 350)   coste      67       68
( 103, 369)   coste      66       59
( 104, 151)   coste      47       43
( 104, 159)   coste      39       30
( 104, 161)   coste      29       30
( 104, 169)   coste      19       18
( 104, 437)   coste      32       40
( 105, 129)   coste      59       70
( 105, 138)   coste      52       65
( 105, 374)   coste      55       70
( 105, 385)   coste      23       14
( 105, 390)   coste      43       40
( 105, 442)   coste      37       36
( 106, 142)   coste      59       57
( 106, 157)   coste      46       54
( 106, 168)   coste      90       82
( 106, 297)   coste      58       60
( 106, 301)   coste      26       36
( 107, 171)   coste      49       37
( 107, 288)   coste      43       38
( 107, 393)   coste      33       32
( 107, 407)   coste      24       24
( 108, 182)   coste      39       37
( 108, 329)   coste       3       11
( 108, 345)   coste      37       37
( 108, 388)   coste      71       65
( 108, 438)   coste      60       74
( 108, 449)   coste      56       62
( 109, 193)   coste      44       42
( 109, 211)   coste      58       48
( 109, 228)   coste      44       52
( 109, 275)   coste      11       13
( 109, 294)   coste      69       61
( 109, 400)   coste       7        2
( 109, 420)   coste      52       53
( 110, 153)   coste      56       58
( 110, 383)   coste      69       58
( 110, 394)   coste      47       44
( 111, 170)   coste      50       49
( 111, 253)   coste      39       51
( 111, 317)   coste       8        1
( 111, 376)   coste      48       45
( 111, 474)   coste      51       50
( 111, 496)   coste      37       33
( 112, 217)   coste      42       37
( 112, 286)   coste      61       53
( 112, 300)   coste      37       48
( 113, 182)   coste      35       37
( 113, 329)   coste      76       75
( 113, 345)   coste      56       57
( 113, 438)   coste      51       51
( 113, 475)   coste      69       75
( 114, 156)   coste      44       39
( 114, 194)   coste      62       69
( 114, 261)   coste      35       25
( 114, 368)   coste      54       39
( 114, 410)   coste      43       41
( 114, 471)   coste      57       74
( 115, 242)   coste      42       39
( 115, 257)   coste      47       47
( 115, 436)   coste      51       42
( 115, 486)   coste      42       43
( 116, 247)   coste      53       52
( 116, 302)   coste      20       26
( 116, 326)   coste      29       33
( 116, 351)   coste      36       32
( 116, 427)   coste      54       56
( 116, 438)   coste      59       60
( 117, 195)   coste      48       46
( 117, 263)   coste      47       47
( 117, 265)   coste      39       46
( 118, 210)   coste      75       78
( 118, 217)   coste      70       69
( 118, 243)   coste      71       57
( 118, 346)   coste      35       45
( 118, 363)   coste      69       82
( 119, 196)   coste      37       31
( 119, 262)   coste      26       16
( 119, 306)   coste      45       39
( 119, 440)   coste       5        7
( 120, 124)   coste      66       64
( 120, 233)   coste      48       55
( 120, 273)   coste       3        7
( 120, 314)   coste      62       65
( 120, 442)   coste      63       65
( 121, 148)   coste      44       46
( 121, 315)   coste      35       34
( 121, 412)   coste      71       76
( 121, 479)   coste      58       64
( 122, 135)   coste      65       77
( 122, 193)   coste      56       60
( 122, 228)   coste      63       56
( 122, 350)   coste      54       43
( 122, 369)   coste      30       24
( 123, 213)   coste      74       88
( 123, 218)   coste      48       45
( 123, 244)   coste      27       31
( 123, 281)   coste      36       31
( 123, 469)   coste      64       70
( 124, 141)   coste      36       41
( 124, 258)   coste      36       44
( 124, 314)   coste      31       29
( 124, 358)   coste      50       35
( 125, 183)   coste      47       54
( 125, 191)   coste      59       57
( 125, 267)   coste       9        3
( 125, 354)   coste      43       30
( 125, 443)   coste      44       31
( 126, 190)   coste      17       12
( 126, 199)   coste      50       57
( 126, 336)   coste      59       70
( 126, 375)   coste      65       65
( 127, 166)   coste      61       66
( 127, 229)   coste      31       32
( 127, 254)   coste      46       49
( 127, 295)   coste      81       76
( 127, 432)   coste      60       49
( 127, 484)   coste      72       67
( 127, 499)   coste      43       31
( 128, 317)   coste      23       28
( 128, 398)   coste      28       32
( 128, 496)   coste      47       32
( 129, 231)   coste      27       31
( 129, 442)   coste      57       63
( 129, 457)   coste      21       19
( 130, 235)   coste      32       27
( 130, 303)   coste      48       40
( 130, 412)   coste      42       36
( 131, 157)   coste      72       77
( 131, 240)   coste      25       28
( 131, 264)   coste      30       31
( 131, 341)   coste      41       28
( 132, 198)   coste      29       33
( 132, 222)   coste      51       45
( 132, 256)   coste      46       57
( 132, 330)   coste      50       55
( 132, 359)   coste      74       65
( 132, 386)   coste      56       54
( 133, 139)   coste      45       40
( 133, 351)   coste      69       52
( 133, 353)   coste      43       51
( 133, 489)   coste      30       36
( 133, 494)   coste      34       49
( 134, 476)   coste      51       38
( 134, 480)   coste      39       48
( 134, 495)   coste      43       42
( 135, 147)   coste      63       60
( 135, 172)   coste      49       49
( 135, 280)   coste      43       38
( 135, 299)   coste      45       34
( 135, 384)   coste      65       74
( 135, 453)   coste      59       52
( 136, 197)   coste       9        1
( 136, 237)   coste      64       68
( 136, 387)   coste      17        7
( 136, 411)   coste      80       70
( 137, 192)   coste      53       57
( 137, 206)   coste      46       57
( 137, 268)   coste      49       42
( 137, 298)   coste      56       53
( 137, 307)   coste      83       77
( 138, 374)   coste       3       13
( 138, 385)   coste      60       60
( 138, 390)   coste      20       13
( 139, 154)   coste      49       47
( 139, 179)   coste      70       60
( 139, 328)   coste      51       39
( 139, 335)   coste      41       27
( 139, 441)   coste      70       64
( 140, 284)   coste      18       28
( 140, 372)   coste      56       52
( 140, 386)   coste      29       43
( 140, 459)   coste      49       49
( 141, 255)   coste      66       70
( 141, 258)   coste      53       54
( 141, 314)   coste      22       27
( 141, 320)   coste       8       18
( 141, 479)   coste      76       80
( 142, 168)   coste      48       46
( 142, 240)   coste      55       46
( 142, 301)   coste      56       54
( 142, 365)   coste      45       38
( 142, 367)   coste      41       30
( 143, 177)   coste      86       70
( 143, 248)   coste      56       41
( 143, 269)   coste      70       68
( 143, 293)   coste      77       73
( 143, 346)   coste      84       89
( 143, 428)   coste      55       65
( 144, 164)   coste      56       41
( 144, 337)   coste      14       17
( 144, 349)   coste      46       38
( 144, 393)   coste      38       41
( 145, 429)   coste      63       76
( 146, 185)   coste      43       58
( 146, 364)   coste      24       20
( 146, 475)   coste      33       42
( 147, 172)   coste      28       17
( 147, 175)   coste      80       83
( 147, 350)   coste      64       68
( 148, 258)   coste      38       32
( 148, 315)   coste      69       65
( 148, 358)   coste      30       28
( 148, 412)   coste      69       55
( 148, 479)   coste      40       49
( 149, 255)   coste      28       17
( 149, 273)   coste      74       78
( 149, 314)   coste      52       54
( 149, 320)   coste      38       52
( 150, 167)   coste      56       53
( 150, 216)   coste      28       22
( 150, 347)   coste      72       73
( 150, 461)   coste      60       50
( 151, 158)   coste      39       38
( 151, 246)   coste      38       36
( 151, 250)   coste      38       33
( 151, 316)   coste       6       14
( 152, 165)   coste      28       27
( 152, 343)   coste      27       21
( 152, 380)   coste      51       56
( 153, 160)   coste      40       50
( 153, 188)   coste      25       24
( 153, 394)   coste      43       59
( 153, 433)   coste      28       43
( 154, 179)   coste      13       21
( 154, 205)   coste      59       60
( 154, 335)   coste      18       29
( 154, 356)   coste      52       54
( 154, 360)   coste      61       79
( 154, 464)   coste      38       33
( 155, 249)   coste      39       37
( 155, 271)   coste      77       74
( 155, 406)   coste      57       49
( 155, 421)   coste      69       58
( 155, 444)   coste      63       70
( 155, 480)   coste      65       64
( 156, 176)   coste      69       69
( 156, 261)   coste      43       41
( 156, 410)   coste      45       51
( 156, 498)   coste      38       43
( 157, 391)   coste      56       66
( 158, 246)   coste      11       24
( 158, 250)   coste      54       48
( 158, 313)   coste      59       47
( 158, 490)   coste      60       59
( 159, 161)   coste      41       29
( 159, 169)   coste      44       36
( 159, 246)   coste      47       46
( 159, 405)   coste      16       11
( 160, 188)   coste      29       31
( 160, 203)   coste      27       34
( 160, 394)   coste      41       45
( 160, 433)   coste      28       23
( 161, 169)   coste       4       20
( 161, 204)   coste      76       80
( 161, 405)   coste      47       43
( 161, 417)   coste      74       76
( 161, 437)   coste      45       51
( 162, 230)   coste      33       39
( 162, 234)   coste      39       49
( 162, 336)   coste      30       31
( 162, 375)   coste      42       30
( 162, 402)   coste      40       38
( 163, 180)   coste      45       37
( 163, 185)   coste      38       44
( 163, 205)   coste      56       71
( 163, 247)   coste      33       28
( 164, 252)   coste      59       58
( 164, 337)   coste      53       60
( 164, 349)   coste      51       50
( 164, 370)   coste      53       43
( 164, 393)   coste      34       39
( 165, 201)   coste      71       75
( 165, 212)   coste      59       59
( 165, 343)   coste      44       45
( 165, 380)   coste      48       51
( 165, 395)   coste      44       35
( 166, 254)   coste      67       62
( 166, 392)   coste      89       81
( 167, 170)   coste      75       79
( 167, 186)   coste      75       78
( 167, 253)   coste      81       74
( 167, 461)   coste       1        7
( 168, 240)   coste      10        9
( 168, 264)   coste      33       36
( 168, 338)   coste      43       38
( 168, 365)   coste      45       36
( 168, 367)   coste      37       30
( 169, 405)   coste      41       38
( 169, 437)   coste      25       32
( 170, 186)   coste      72       67
( 170, 253)   coste      14       20
( 170, 376)   coste      49       60
( 170, 474)   coste      13       16
( 171, 227)   coste      53       44
( 171, 257)   coste      46       41
( 171, 288)   coste      48       43
( 171, 333)   coste      32       42
( 171, 487)   coste      16       27
( 172, 299)   coste      37       27
( 172, 478)   coste      78       71
( 173, 194)   coste      46       50
( 173, 312)   coste      62       53
( 173, 357)   coste      47       41
( 173, 447)   coste      35       23
( 173, 492)   coste      47       43
( 174, 207)   coste      81       86
( 174, 378)   coste      19       14
( 174, 396)   coste      24       23
( 175, 215)   coste      48       34
( 175, 219)   coste      49       38
( 175, 342)   coste      91       98
( 175, 497)   coste      43       37
( 176, 184)   coste      53       48
( 176, 195)   coste      61       67
( 176, 410)   coste      40       44
( 176, 466)   coste      30       37
( 176, 482)   coste      56       53
( 177, 207)   coste      53       47
( 177, 236)   coste      33       32
( 177, 248)   coste      24       39
( 177, 269)   coste      37       40
( 177, 293)   coste      45       54
( 177, 321)   coste      78       81
( 178, 180)   coste      42       54
( 178, 183)   coste      53       49
( 178, 277)   coste      72       68
( 178, 448)   coste      38       26
( 179, 205)   coste      42       45
( 179, 335)   coste      46       54
( 179, 356)   coste      26       30
( 179, 360)   coste      67       66
( 179, 464)   coste      35       35
( 180, 205)   coste      54       49
( 180, 247)   coste      37       35
( 180, 356)   coste      45       44
( 180, 448)   coste      54       40
( 181, 306)   coste      39       35
( 181, 415)   coste      60       66
( 181, 446)   coste      61       59
( 182, 329)   coste      35       40
( 182, 345)   coste      58       42
( 182, 438)   coste      40       37
( 183, 354)   coste      43       43
( 183, 443)   coste      38       37
( 183, 448)   coste      35       43
( 184, 212)   coste      27       26
( 184, 279)   coste      41       34
( 184, 466)   coste      48       48
( 184, 482)   coste      23       29
( 185, 247)   coste      54       46
( 185, 364)   coste      48       51
( 185, 450)   coste      76       62
( 186, 260)   coste      52       46
( 186, 289)   coste      65       61
( 186, 461)   coste      77       85
( 187, 230)   coste      52       39
( 187, 234)   coste      43       54
( 187, 252)   coste      50       54
( 187, 264)   coste      46       38
( 187, 338)   coste      40       37
( 187, 362)   coste      42       47
( 187, 370)   coste      52       50
( 187, 414)   coste      50       40
( 188, 203)   coste      53       62
( 188, 394)   coste      46       48
( 188, 433)   coste       9       12
( 189, 281)   coste      28       42
( 189, 462)   coste      34       18
( 190, 459)   coste      58       62
( 191, 267)   coste      59       48
( 191, 373)   coste      44       27
( 191, 415)   coste      76       80
( 191, 446)   coste      72       69
( 191, 456)   coste      34       30
( 192, 197)   coste      20       14
( 192, 298)   coste      50       61
( 192, 387)   coste      29       28
( 193, 228)   coste      40       37
( 193, 275)   coste      20       24
( 193, 369)   coste      78       65
( 193, 420)   coste      70       74
( 194, 357)   coste      83       91
( 194, 368)   coste      76       73
( 194, 410)   coste      60       69
( 194, 447)   coste      57       58
( 194, 492)   coste      29       32
( 195, 263)   coste      81       77
( 195, 466)   coste      49       56
( 196, 262)   coste      31       36
( 196, 310)   coste      26       37
( 196, 440)   coste      35       27
( 197, 237)   coste      64       71
( 197, 298)   coste      68       80
( 197, 387)   coste      17        8
( 198, 222)   coste      32       48
( 198, 251)   coste       1       12
( 199, 225)   coste      43       40
( 199, 266)   coste      54       49
( 199, 355)   coste      64       53
( 200, 217)   coste      43       43
( 200, 286)   coste      45       45
( 200, 300)   coste      41       27
( 200, 363)   coste       1        1
( 201, 395)   coste      68       59
( 201, 419)   coste      50       56
( 201, 482)   coste      55       59
( 202, 231)   coste      44       54
( 202, 322)   coste      40       37
( 202, 377)   coste      68       58
( 202, 457)   coste      72       59
( 202, 458)   coste      35       32
( 203, 394)   coste      24       18
( 203, 408)   coste      26       22
( 203, 433)   coste      48       55
( 204, 454)   coste      66       69
( 205, 247)   coste      36       43
( 205, 326)   coste      33       50
( 205, 356)   coste      28       21
( 206, 268)   coste      29       22
( 206, 307)   coste      20       19
( 206, 456)   coste      51       68
( 206, 491)   coste      74       66
( 207, 226)   coste      58       60
( 207, 236)   coste      30       39
( 207, 413)   coste      36       32
( 208, 291)   coste       7       23
( 208, 318)   coste      55       46
( 208, 380)   coste      22       32
( 208, 395)   coste      46       45
( 208, 425)   coste      28       28
( 208, 470)   coste      11       20
( 209, 318)   coste       8        4
( 209, 425)   coste      56       53
( 210, 217)   coste      58       60
( 210, 239)   coste      18       22
( 210, 295)   coste      45       49
( 211, 289)   coste     102       89
( 211, 294)   coste      75       76
( 211, 400)   coste      64       65
( 212, 279)   coste      50       55
( 212, 304)   coste      52       52
( 212, 343)   coste      25       24
( 212, 482)   coste      39       33
( 213, 383)   coste      74       67
( 213, 439)   coste      21       33
( 213, 469)   coste      55       42
( 214, 238)   coste       1        1
( 214, 274)   coste      92       91
( 214, 347)   coste      43       48
( 214, 397)   coste      56       68
( 215, 219)   coste      28       44
( 215, 274)   coste      49       45
( 215, 435)   coste      71       65
( 215, 497)   coste      74       64
( 216, 309)   coste      69       56
( 216, 500)   coste     162      155
( 217, 239)   coste      86       80
( 217, 300)   coste      39       39
( 217, 363)   coste      56       54
( 218, 244)   coste      51       59
( 218, 383)   coste      88       83
( 218, 469)   coste      35       31
( 219, 285)   coste      67       79
( 219, 435)   coste      65       66
( 219, 497)   coste      40       37
( 220, 272)   coste      19       23
( 220, 307)   coste      79       71
( 220, 348)   coste      78       91
( 220, 478)   coste      92       79
( 220, 491)   coste      28       28
( 221, 241)   coste      86       92
( 221, 276)   coste      16       25
( 221, 403)   coste      54       54
( 221, 488)   coste      82       81
( 221, 494)   coste      86       89
( 222, 251)   coste      41       36
( 222, 386)   coste      64       61
( 222, 419)   coste      64       64
( 223, 232)   coste      90       95
( 223, 384)   coste      68       75
( 223, 409)   coste      63       52
( 223, 445)   coste      65       68
( 223, 465)   coste      51       60
( 224, 288)   coste      44       34
( 224, 324)   coste      57       53
( 224, 331)   coste      12       12
( 224, 334)   coste      16       11
( 224, 485)   coste      13       13
( 225, 325)   coste      46       46
( 225, 362)   coste      50       42
( 225, 365)   coste      63       52
( 225, 414)   coste      47       37
( 226, 396)   coste      75       68
( 226, 452)   coste      78       74
( 227, 242)   coste      56       49
( 227, 257)   coste      10       18
( 227, 319)   coste      30       17
( 227, 323)   coste      35       33
( 227, 333)   coste       9       16
( 227, 487)   coste      31       22
( 228, 275)   coste      50       47
( 228, 294)   coste      70       65
( 228, 369)   coste      78       65
( 229, 254)   coste      61       53
( 229, 282)   coste      50       53
( 229, 292)   coste      23       30
( 229, 295)   coste      80       77
( 229, 499)   coste      23       29
( 230, 234)   coste       1        5
( 230, 252)   coste      36       27
( 230, 336)   coste      16       14
( 230, 370)   coste      76       71
( 230, 414)   coste      40       46
( 231, 322)   coste      67       67
( 231, 377)   coste      33       32
( 231, 457)   coste      25       19
( 231, 458)   coste      39       46
( 232, 420)   coste      56       52
( 233, 273)   coste      63       54
( 233, 385)   coste      32       25
( 233, 390)   coste      64       70
( 233, 442)   coste      68       67
( 233, 481)   coste      35       25
( 234, 336)   coste      24       15
( 234, 414)   coste      31       39
( 235, 303)   coste      47       53
( 235, 412)   coste      41       46
( 236, 248)   coste      44       46
( 236, 269)   coste      23       37
( 236, 413)   coste      21       14
( 237, 245)   coste      20       31
( 237, 387)   coste      63       51
( 237, 416)   coste       5        4
( 237, 429)   coste      45       45
( 237, 460)   coste      59       42
( 238, 321)   coste      46       56
( 238, 378)   coste      86       92
( 239, 295)   coste      31       35
( 239, 484)   coste      38       39
( 240, 264)   coste      31       29
( 240, 338)   coste      20       30
( 240, 365)   coste      43       40
( 240, 367)   coste      30       25
( 241, 276)   coste      88       86
( 241, 430)   coste      80       83
( 241, 488)   coste      16        8
( 242, 323)   coste      61       53
( 242, 332)   coste      47       39
( 242, 486)   coste      10       13
( 243, 282)   coste      84       84
( 243, 346)   coste      24       30
( 243, 381)   coste      75       72
( 244, 281)   coste      57       53
( 245, 324)   coste      65       54
( 245, 331)   coste      38       44
( 245, 416)   coste      33       35
( 245, 429)   coste      23       22
( 245, 455)   coste      42       42
( 246, 313)   coste      32       32
( 246, 490)   coste      42       46
( 247, 326)   coste      50       48
( 247, 356)   coste      58       49
( 248, 269)   coste      44       43
( 248, 293)   coste      55       45
( 248, 413)   coste      41       51
( 249, 406)   coste      42       31
( 249, 444)   coste      28       25
( 249, 480)   coste      59       45
( 249, 495)   coste      37       40
( 250, 287)   coste      37       50
( 250, 316)   coste      22       26
( 251, 256)   coste      27       36
( 251, 330)   coste      41       32
( 251, 386)   coste      34       35
( 252, 336)   coste      57       49
( 252, 370)   coste      36       35
( 253, 474)   coste      11        7
( 254, 392)   coste      74       75
( 254, 432)   coste      34       35
( 254, 451)   coste      34       30
( 254, 499)   coste      41       45
( 255, 273)   coste      76       73
( 255, 314)   coste      47       59
( 255, 320)   coste      62       62
( 256, 284)   coste      59       59
( 256, 330)   coste       8       21
( 256, 359)   coste      34       19
( 256, 386)   coste       1        8
( 257, 319)   coste      30       38
( 257, 333)   coste      28       24
( 257, 487)   coste      16       11
( 258, 315)   coste      91       98
( 258, 320)   coste      61       53
( 258, 358)   coste       4        5
( 258, 479)   coste      54       65
( 259, 332)   coste      51       52
( 259, 366)   coste      53       49
( 259, 371)   coste      49       52
( 259, 426)   coste      15       10
( 259, 477)   coste       4       18
( 259, 493)   coste      43       46
( 260, 289)   coste      38       36
( 260, 294)   coste      48       57
( 260, 496)   coste      51       46
( 261, 368)   coste      29       29
( 261, 410)   coste      72       68
( 261, 498)   coste      60       58
( 262, 306)   coste      33       26
( 262, 310)   coste      20       17
( 263, 357)   coste      50       57
( 263, 492)   coste      66       76
( 264, 338)   coste       9       14
( 265, 352)   coste      36       28
( 265, 361)   coste      36       37
( 266, 355)   coste      52       37
( 266, 368)   coste      74       65
( 266, 417)   coste      56       68
( 266, 454)   coste      29       36
( 266, 471)   coste      56       47
( 267, 354)   coste      45       45
( 267, 443)   coste      56       54
( 268, 298)   coste      81       76
( 268, 456)   coste      50       39
( 268, 491)   coste      94       93
( 269, 346)   coste      64       72
( 269, 413)   coste      30       17
( 270, 286)   coste      30       20
( 270, 300)   coste      33       32
( 270, 452)   coste      54       61
( 271, 476)   coste      15       23
( 271, 480)   coste      12       25
( 272, 278)   coste      77       82
( 272, 491)   coste      16       24
( 273, 314)   coste      64       49
( 273, 385)   coste      74       64
( 273, 442)   coste      63       64
( 274, 376)   coste      71       71
( 274, 397)   coste      55       63
( 274, 435)   coste      68       64
( 275, 400)   coste       6        7
( 275, 420)   coste      48       46
( 276, 403)   coste      46       46
( 276, 430)   coste      44       43
( 276, 488)   coste      87       84
( 276, 489)   coste      51       54
( 276, 494)   coste      61       65
( 277, 311)   coste      62       66
( 277, 390)   coste      51       52
( 278, 305)   coste      22       25
( 278, 360)   coste       2        5
( 279, 343)   coste      58       73
( 279, 344)   coste      42       42
( 279, 466)   coste      32       42
( 279, 468)   coste      21       34
( 280, 299)   coste      66       56
( 280, 384)   coste      34       40
( 280, 453)   coste      47       61
( 281, 462)   coste      50       49
( 282, 292)   coste      21       28
( 282, 346)   coste      78       83
( 282, 366)   coste      55       41
( 282, 381)   coste      25       41
( 282, 432)   coste      44       52
( 283, 290)   coste      36       48
( 283, 399)   coste      63       65
( 283, 434)   coste      22       18
( 283, 467)   coste      54       66
( 283, 473)   coste      34       35
( 284, 372)   coste      57       43
( 284, 386)   coste      48       50
( 284, 402)   coste      77       87
( 284, 459)   coste      25       36
( 285, 342)   coste      73       79
( 285, 428)   coste      93       85
( 285, 497)   coste      46       50
( 286, 300)   coste      18       16
( 288, 334)   coste      39       33
( 288, 393)   coste      63       54
( 289, 294)   coste      32       44
( 289, 496)   coste      83       94
( 290, 399)   coste      39       38
( 290, 434)   coste      47       56
( 290, 467)   coste      44       35
( 291, 318)   coste      39       38
( 291, 380)   coste      34       35
( 291, 425)   coste      18       24
( 291, 470)   coste      34       27
( 292, 366)   coste      58       43
( 292, 381)   coste      51       53
( 292, 432)   coste      39       28
( 292, 499)   coste      31       29
( 293, 321)   coste      66       62
( 293, 435)   coste      47       47
( 295, 484)   coste       1        6
( 296, 311)   coste      39       36
( 296, 450)   coste      12       19
( 297, 301)   coste      41       50
( 297, 340)   coste      35       35
( 297, 382)   coste      57       58
( 297, 383)   coste      64       60
( 297, 408)   coste      57       64
( 299, 348)   coste      53       45
( 299, 453)   coste      17       26
( 299, 478)   coste      46       42
( 301, 382)   coste      60       59
( 301, 431)   coste      65       64
( 302, 326)   coste      45       48
( 302, 351)   coste       4       16
( 302, 353)   coste      51       57
( 302, 427)   coste      52       44
( 302, 438)   coste      50       53
( 303, 425)   coste      45       44
( 304, 419)   coste      57       55
( 304, 482)   coste      25       29
( 304, 498)   coste      61       54
( 305, 360)   coste      30       38
( 305, 418)   coste      46       31
( 305, 422)   coste      72       58
( 305, 463)   coste      46       42
( 305, 464)   coste      62       68
( 306, 310)   coste      32       35
( 307, 491)   coste      43       55
( 308, 341)   coste      40       31
( 308, 349)   coste      52       48
( 308, 370)   coste      44       40
( 308, 389)   coste      31       32
( 308, 472)   coste      56       50
( 309, 461)   coste      80       89
( 309, 500)   coste     125      120
( 310, 440)   coste       7        1
( 311, 450)   coste      52       55
( 312, 357)   coste      72       76
( 312, 447)   coste      66       74
( 313, 405)   coste      50       65
( 313, 490)   coste       5        1
( 314, 320)   coste      30       30
( 315, 479)   coste      41       44
( 316, 327)   coste      62       64
( 316, 437)   coste      45       56
( 317, 376)   coste      53       59
( 317, 398)   coste      49       50
( 317, 496)   coste      33       33
( 319, 323)   coste      25       37
( 319, 333)   coste      15        6
( 319, 428)   coste      37       32
( 321, 435)   coste      75       75
( 322, 377)   coste      96       95
( 323, 333)   coste      28       31
( 324, 331)   coste      35       51
( 324, 455)   coste      33       32
( 325, 338)   coste      41       35
( 325, 362)   coste      13       28
( 325, 365)   coste      17       23
( 325, 367)   coste      39       25
( 325, 414)   coste      39       43
( 326, 351)   coste      52       47
( 327, 437)   coste      51       45
( 328, 335)   coste      39       37
( 328, 379)   coste      30       30
( 328, 422)   coste      43       35
( 328, 441)   coste      44       39
( 328, 445)   coste      36       44
( 329, 345)   coste      26       27
( 329, 388)   coste      67       78
( 329, 449)   coste      73       71
( 330, 359)   coste      14       12
( 331, 334)   coste      34       24
( 331, 429)   coste      40       46
( 331, 455)   coste      14        9
( 331, 485)   coste       3        1
( 332, 366)   coste      45       46
( 332, 371)   coste      28       29
( 332, 381)   coste      69       52
( 332, 436)   coste      54       46
( 332, 486)   coste      34       32
( 333, 428)   coste      44       46
( 333, 487)   coste      32       28
( 334, 342)   coste      97       97
( 334, 455)   coste      40       37
( 334, 485)   coste      16       19
( 335, 422)   coste      72       69
( 335, 464)   coste      64       63
( 336, 375)   coste      62       63
( 336, 414)   coste      41       56
( 337, 349)   coste      49       59
( 337, 393)   coste      34       33
( 337, 407)   coste       4       10
( 338, 362)   coste      44       33
( 338, 365)   coste      40       46
( 338, 367)   coste      37       34
( 339, 372)   coste      44       35
( 339, 459)   coste      65       61
( 339, 498)   coste      54       59
( 340, 382)   coste      50       55
( 340, 408)   coste      21       27
( 340, 431)   coste      15       22
( 341, 389)   coste      25       31
( 341, 472)   coste      34       35
( 342, 429)   coste      98       85
( 342, 497)   coste      77       74
( 343, 482)   coste      64       59
( 344, 399)   coste      61       68
( 344, 468)   coste      24       19
( 345, 388)   coste      91       96
( 345, 438)   coste      95       86
( 345, 475)   coste     102      101
( 347, 376)   coste      58       49
( 347, 397)   coste      24       32
( 347, 474)   coste      62       67
( 348, 423)   coste      83       68
( 348, 453)   coste      36       25
( 348, 478)   coste      16       23
( 349, 370)   coste      42       31
( 350, 369)   coste      18       22
( 350, 398)   coste      64       48
( 351, 353)   coste      33       48
( 351, 427)   coste      40       49
( 351, 438)   coste      56       57
( 351, 494)   coste      62       61
( 352, 361)   coste      44       51
( 353, 403)   coste      67       72
( 353, 427)   coste      59       47
( 353, 489)   coste      46       51
( 353, 494)   coste      34       26
( 354, 443)   coste      20        9
( 355, 368)   coste      56       57
( 355, 471)   coste      64       57
( 356, 464)   coste      41       55
( 357, 492)   coste      56       72
( 358, 412)   coste      67       56
( 358, 479)   coste      71       59
( 359, 386)   coste      28       45
( 360, 464)   coste      39       48
( 361, 468)   coste      60       69
( 362, 365)   coste      33       37
( 362, 414)   coste      32       20
( 364, 450)   coste      72       73
( 364, 475)   coste      37       30
( 365, 367)   coste       7       16
( 366, 371)   coste      21       20
( 366, 381)   coste      28       17
( 366, 426)   coste      52       48
( 366, 432)   coste      54       52
( 366, 477)   coste      45       49
( 368, 471)   coste      19       29
( 369, 398)   coste      63       59
( 371, 381)   coste      25       27
( 371, 426)   coste      64       52
( 371, 477)   coste      54       62
( 372, 459)   coste      44       42
( 373, 456)   coste      61       63
( 374, 385)   coste      60       69
( 374, 390)   coste      34       32
( 374, 481)   coste      69       67
( 374, 483)   coste      55       69
( 375, 402)   coste      38       26
( 375, 411)   coste      61       58
( 375, 459)   coste      61       68
( 376, 397)   coste      20       25
( 376, 474)   coste      40       40
( 377, 442)   coste      67       78
( 377, 457)   coste      26       34
( 377, 458)   coste      34       33
( 379, 404)   coste      37       41
( 379, 422)   coste      23        8
( 379, 441)   coste      48       49
( 379, 445)   coste      19        6
( 379, 465)   coste      35       42
( 380, 395)   coste      56       49
( 380, 425)   coste      32       29
( 380, 470)   coste      51       42
( 381, 432)   coste      70       56
( 382, 431)   coste      19       30
( 383, 469)   coste      43       48
( 384, 409)   coste      80       69
( 384, 423)   coste      80       79
( 385, 390)   coste      51       55
( 385, 442)   coste      40       46
( 385, 481)   coste      60       52
( 387, 416)   coste      68       60
( 387, 460)   coste      18       33
( 388, 449)   coste      36       45
( 389, 436)   coste      36       27
( 389, 472)   coste      18       18
( 391, 426)   coste      59       50
( 391, 472)   coste      50       49
( 391, 477)   coste      38       45
( 391, 493)   coste       6       15
( 392, 462)   coste      54       41
( 393, 407)   coste      30       20
( 394, 408)   coste      37       48
( 395, 470)   coste      34       33
( 396, 452)   coste      53       41
( 397, 474)   coste      56       47
( 398, 496)   coste      50       43
( 399, 473)   coste      78       82
( 400, 420)   coste      43       34
( 401, 406)   coste      22       13
( 401, 444)   coste      28       33
( 402, 411)   coste      34       21
( 403, 430)   coste      66       66
( 403, 489)   coste      58       70
( 403, 494)   coste      51       45
( 404, 409)   coste      18        4
( 404, 418)   coste      42       40
( 404, 422)   coste      40       43
( 404, 423)   coste      39       33
( 404, 463)   coste      15       28
( 404, 465)   coste      13       19
( 406, 424)   coste      51       54
( 406, 444)   coste      19       17
( 407, 487)   coste      42       48
( 408, 431)   coste      45       38
( 409, 422)   coste      37       50
( 409, 423)   coste      38       38
( 409, 465)   coste      15       15
( 410, 492)   coste      66       65
( 411, 460)   coste      71       65
( 415, 446)   coste       6        7
( 415, 456)   coste      70       78
( 415, 483)   coste      66       73
( 416, 429)   coste      28       36
( 416, 460)   coste      67       59
( 417, 454)   coste      29       35
( 417, 471)   coste      54       56
( 418, 423)   coste      36       48
( 418, 463)   coste      16       30
( 418, 465)   coste      44       44
( 419, 498)   coste      63       68
( 421, 424)   coste      40       46
( 421, 434)   coste      57       64
( 421, 473)   coste      66       61
( 422, 441)   coste      74       75
( 422, 463)   coste      33       41
( 422, 465)   coste      27       38
( 423, 463)   coste      48       43
( 425, 470)   coste      39       50
( 426, 451)   coste      34       41
( 426, 477)   coste       7        5
( 427, 438)   coste      34       19
( 427, 449)   coste      90       87
( 429, 455)   coste      38       38
( 430, 441)   coste      70       59
( 430, 488)   coste      92       82
( 430, 489)   coste      44       43
( 430, 494)   coste      66       70
( 432, 451)   coste      33       31
( 432, 499)   coste      23       12
( 434, 467)   coste      60       65
( 434, 473)   coste      33       33
( 436, 472)   coste      33       35
( 436, 486)   coste      36       29
( 439, 462)   coste      84       82
( 441, 445)   coste      49       48
( 442, 457)   coste      58       58
( 443, 448)   coste      42       52
( 444, 495)   coste      50       58
( 445, 465)   coste      44       32
( 446, 456)   coste      75       62
( 447, 492)   coste      56       46
( 451, 499)   coste      40       48
( 453, 478)   coste      21       28
( 454, 471)   coste      47       57
( 457, 458)   coste      61       54
( 463, 465)   coste      31       36
( 466, 468)   coste      47       44
( 472, 493)   coste      41       53
( 476, 480)   coste      16       15
( 476, 495)   coste      64       53
( 477, 493)   coste      28       34
( 480, 495)   coste      58       44
( 481, 483)   coste      67       52
( 489, 494)   coste      23       32
LISTA_ARISTAS_NOREQ :
          
 ===========================================          
 COORDENADAS DE LOS VERTICES:                         
 ===========================================          
          1         393         991                   
          2         467         580                   
          3          10          16                   
          4         726          34                   
          5         789         952                   
          6         785         198                   
          7         260          22                   
          8         730         135                   
          9         465         762                   
         10         275          31                   
         11          35         213                   
         12         962         161                   
         13         691          39                   
         14         159         648                   
         15         895         843                   
         16         350          51                   
         17         475         639                   
         18         989         447                   
         19         643         218                   
         20         886         636                   
         21         962         327                   
         22         712         708                   
         23          33         985                   
         24         356         236                   
         25         952         559                   
         26         250         405                   
         27         258          54                   
         28         550         298                   
         29         628         139                   
         30          38         463                   
         31         790          68                   
         32         159         208                   
         33         580           8                   
         34         502         567                   
         35         906         938                   
         36         886          90                   
         37         979         685                   
         38         763         580                   
         39         420         314                   
         40         369          40                   
         41         662          16                   
         42         687         166                   
         43         261         401                   
         44         208         280                   
         45         458         225                   
         46         887         349                   
         47         852         908                   
         48         717         586                   
         49         198         611                   
         50         664         186                   
         51         268         318                   
         52          46          34                   
         53         585         544                   
         54         369         694                   
         55         161          27                   
         56         824         804                   
         57         145         694                   
         58         325         464                   
         59         855         372                   
         60         568         426                   
         61         227         202                   
         62          58         644                   
         63         726         339                   
         64          86         257                   
         65         758         426                   
         66         916         719                   
         67         472         993                   
         68         235         116                   
         69         159         398                   
         70         486         564                   
         71         605         726                   
         72         192         261                   
         73          71         800                   
         74         749         358                   
         75         922         248                   
         76         252         613                   
         77           0         152                   
         78         519         967                   
         79         522         241                   
         80         644         890                   
         81          10         958                   
         82         988         305                   
         83         177         681                   
         84         196         141                   
         85         924         930                   
         86         265         598                   
         87         672         819                   
         88         331          76                   
         89         182         419                   
         90         369         986                   
         91         347         864                   
         92         746          96                   
         93         927         935                   
         94         462         550                   
         95         697         481                   
         96         365          65                   
         97         580         317                   
         98         641         994                   
         99         612          15                   
        100         970         707                   
        101         927         363                   
        102         826          91                   
        103         552         771                   
        104         663          85                   
        105         145         514                   
        106         785         271                   
        107         657         523                   
        108          48         875                   
        109         534         928                   
        110         863         139                   
        111         678         890                   
        112         990         663                   
        113          69         808                   
        114         474         157                   
        115         725         481                   
        116         151         805                   
        117         379          30                   
        118         900         597                   
        119         312         357                   
        120         115         433                   
        121          39         259                   
        122         555         841                   
        123         962         249                   
        124          95         367                   
        125         272         621                   
        126         560         304                   
        127         945         474                   
        128         662         865                   
        129          90         553                   
        130         143         257                   
        131         731         352                   
        132         372         370                   
        133         222         861                   
        134           3         163                   
        135         504         793                   
        136         477         484                   
        137         419         534                   
        138         205         523                   
        139         249         825                   
        140         453         345                   
        141          59         375                   
        142         731         288                   
        143         781         636                   
        144         675         491                   
        145         486         613                   
        146          71         757                   
        147         552         762                   
        148          60         303                   
        149          32         418                   
        150         808         918                   
        151         685          39                   
        152         270         198                   
        153         839          80                   
        154         256         778                   
        155          87          97                   
        156         438         176                   
        157         803         323                   
        158         669          11                   
        159         634          71                   
        160         794          94                   
        161         646         105                   
        162         571         373                   
        163         154         726                   
        164         637         460                   
        165         280         220                   
        166         990         431                   
        167         772         958                   
        168         722         329                   
        169         657         100                   
        170         716         914                   
        171         688         555                   
        172         529         756                   
        173         514          50                   
        174         892         813                   
        175         633         734                   
        176         389         131                   
        177         822         702                   
        178         188         658                   
        179         251         758                   
        180         187         709                   
        181         314         434                   
        182          69         840                   
        183         224         633                   
        184         348         160                   
        185         118         736                   
        186         693         983                   
        187         658         364                   
        188         809          77                   
        189         981         314                   
        190         546         298                   
        191         306         572                   
        192         453         496                   
        193         533         890                   
        194         497          99                   
        195         372          73                   
        196         280         334                   
        197         474         487                   
        198         401         362                   
        199         593         256                   
        200         923         673                   
        201         346         245                   
        202          18         592                   
        203         796         129                   
        204         664         176                   
        205         208         759                   
        206         391         581                   
        207         859         729                   
        208         234         265                   
        209         192         302                   
        210         973         577                   
        211         533         985                   
        212         319         176                   
        213         884         270                   
        214         793         818                   
        215         672         753                   
        216         821         936                   
        217         959         640                   
        218         935         203                   
        219         672         716                   
        220         389         680                   
        221         228         973                   
        222         394         324                   
        223         392         873                   
        224         600         553                   
        225         633         283                   
        226         915         720                   
        227         734         541                   
        228         571         903                   
        229         918         488                   
        230         613         371                   
        231          66         570                   
        232         434         956                   
        233         155         467                   
        234         610         363                   
        235         131         227                   
        236         847         694                   
        237         514         540                   
        238         794         817                   
        239         987         568                   
        240         711         335                   
        241         311         987                   
        242         761         491                   
        243         840         574                   
        244         988         230                   
        245         534         551                   
        246         651          20                   
        247         170         747                   
        248         816         672                   
        249          41         102                   
        250         713          28                   
        251         404         363                   
        252         626         404                   
        253         725         900                   
        254         921         430                   
        255          38         436                   
        256         425         381                   
        257         724         535                   
        258          76         333                   
        259         826         435                   
        260         648         953                   
        261         482         186                   
        262         293         371                   
        263         430          28                   
        264         694         353                   
        265         334          16                   
        266         576         205                   
        267         268         610                   
        268         384         559                   
        269         850         666                   
        270         968         721                   
        271          64         167                   
        272         366         665                   
        273         107         442                   
        274         712         788                   
        275         529         917                   
        276         233         957                   
        277         183         589                   
        278         308         729                   
        279         322         127                   
        280         468         798                   
        281         969         279                   
        282         881         511                   
        283         180          45                   
        284         475         342                   
        285         655         645                   
        286         945         703                   
        287         755          10                   
        288         639         559                   
        289         626         984                   
        290         213          70                   
        291         219         270                   
        292         893         491                   
        293         776         708                   
        294         596         960                   
        295         987         533                   
        296         101         657                   
        297         796         207                   
        298         397         488                   
        299         499         750                   
        300         953         685                   
        301         775         246                   
        302         157         832                   
        303         179         237                   
        304         367         211                   
        305         326         753                   
        306         299         400                   
        307         398         606                   
        308         711         405                   
        309         856         987                   
        310         297         360                   
        311         144         646                   
        312         549           1                   
        313         615          13                   
        314          73         395                   
        315          11         266                   
        316         697          45                   
        317         674         888                   
        318         201         299                   
        319         735         566                   
        320          51         379                   
        321         790         770                   
        322          15         623                   
        323         762         546                   
        324         575         506                   
        325         669         305                   
        326         184         792                   
        327         737          86                   
        328         294         832                   
        329          39         871                   
        330         419         394                   
        331         580         549                   
        332         796         477                   
        333         727         557                   
        334         603         563                   
        335         269         799                   
        336         593         363                   
        337         667         502                   
        338         687         338                   
        339         464         257                   
        340         773         171                   
        341         737         388                   
        342         583         651                   
        343         296         188                   
        344         290         103                   
        345          20         848                   
        346         858         595                   
        347         767         853                   
        348         453         733                   
        349         679         448                   
        350         593         816                   
        351         166         839                   
        352         302           3                   
        353         177         876                   
        354         267         655                   
        355         542         231                   
        356         223         745                   
        357         479          15                   
        358          84         327                   
        359         424         409                   
        360         307         730                   
        361         327          44                   
        362         656         322                   
        363         921         669                   
        364          64         743                   
        365         687         300                   
        366         846         478                   
        367         703         303                   
        368         518         175                   
        369         579         832                   
        370         664         418                   
        371         826         484                   
        372         456         294                   
        373         270         568                   
        374         207         516                   
        375         537         368                   
        376         715         857                   
        377          43         538                   
        378         879         816                   
        379         330         837                   
        380         237         235                   
        381         850         503                   
        382         736         198                   
        383         856         206                   
        384         446         831                   
        385         147         494                   
        386         429         372                   
        387         487         489                   
        388          41         940                   
        389         743         415                   
        390         184         531                   
        391         811         385                   
        392         932         365                   
        393         637         503                   
        394         819         126                   
        395         280         257                   
        396         917         794                   
        397         738         844                   
        398         626         862                   
        399         244          53                   
        400         525         929                   
        401          25          51                   
        402         534         398                   
        403         188         947                   
        404         366         810                   
        405         621          70                   
        406          41          65                   
        407         666         505                   
        408         782         149                   
        409         374         820                   
        410         437         123                   
        411         516         420                   
        412         111         270                   
        413         863         688                   
        414         628         327                   
        415         310         497                   
        416         508         549                   
        417         578         141                   
        418         358         773                   
        419         390         266                   
        420         494         949                   
        421         103          35                   
        422         332         820                   
        423         396         780                   
        424          72          14                   
        425         210         256                   
        426         845         432                   
        427         128         864                   
        428         731         607                   
        429         538         571                   
        430         253         926                   
        431         750         178                   
        432         893         459                   
        433         802          74                   
        434         167          45                   
        435         728         726                   
        436         761         445                   
        437         691          99                   
        438         107         848                   
        439         882         299                   
        440         298         359                   
        441         296         878                   
        442         103         499                   
        443         254         656                   
        444          30          74                   
        445         332         847                   
        446         315         497                   
        447         537          68                   
        448         215         674                   
        449          76         927                   
        450          98         669                   
        451         888         433                   
        452         965         782                   
        453         478         747                   
        454         591         170                   
        455         568         545                   
        456         336         561                   
        457          71         550                   
        458          20         562                   
        459         493         320                   
        460         511         490                   
        461         775         961                   
        462         957         322                   
        463         353         793                   
        464         268         738                   
        465         361         825                   
        466         357         118                   
        467         191         104                   
        468         310         103                   
        469         902         223                   
        470         249         276                   
        471         538         169                   
        472         762         412                   
        473         166          18                   
        474         725         898                   
        475          29         751                   
        476          45         170                   
        477         833         426                   
        478         467         720                   
        479          20         311                   
        480          50         154                   
        481         186         457                   
        482         357         182                   
        483         245         467                   
        484         990         526                   
        485         587         545                   
        486         761         478                   
        487         705         537                   
        488         304         995                   
        489         228         897                   
        490         615          12                   
        491         376         648                   
        492         483          80                   
        493         810         398                   
        494         199         896                   
        495           9         128                   
        496         642         901                   
        497         640         693                   
        498         428         216                   
        499         906         472                   
        500         974         994                   
 ===========================================          
componentes conexas (antes de aadir):   1            
