NOMBRE : WB0542 
COMENTARIO :  Chino Windy aleatorio grafico
VERTICES :  500
ARISTAS_REQ : 1124
ARISTAS_NOREQ :    0
LISTA_ARISTAS_REQ :
(   1, 112)   coste      57       62
(   1, 115)   coste      31       40
(   1, 147)   coste      31       41
(   1, 442)   coste      38       42
(   1, 461)   coste      58       57
(   2,  40)   coste       8       10
(   2, 160)   coste      32       20
(   2, 296)   coste      29       34
(   2, 348)   coste      12       13
(   2, 473)   coste      35       35
(   2, 491)   coste      25       17
(   3,  62)   coste      18       18
(   3,  63)   coste      57       62
(   3,  97)   coste      24       27
(   3, 228)   coste      35       35
(   3, 414)   coste      54       55
(   4,  52)   coste      21       30
(   4,  76)   coste      43       34
(   4, 375)   coste       9       14
(   4, 410)   coste      35       37
(   5,  89)   coste      60       58
(   5,  94)   coste      47       46
(   5, 255)   coste      54       45
(   5, 290)   coste      59       56
(   5, 309)   coste      36       40
(   6,  27)   coste      29       18
(   6, 133)   coste      21       26
(   6, 387)   coste      21       32
(   6, 476)   coste      19       21
(   7, 276)   coste      24       35
(   7, 335)   coste      32       24
(   7, 345)   coste      35       41
(   8, 156)   coste      46       37
(   8, 231)   coste      50       43
(   8, 351)   coste      36       34
(   8, 440)   coste      88      101
(   9, 113)   coste      33       30
(   9, 140)   coste      58       63
(   9, 398)   coste      30       36
(   9, 419)   coste      41       41
(  10, 187)   coste      69       70
(  10, 269)   coste      64       70
(  10, 278)   coste      35       25
(  11,  69)   coste      25       24
(  11, 157)   coste      54       50
(  11, 226)   coste      39       26
(  11, 316)   coste      56       58
(  11, 469)   coste      50       48
(  12,  32)   coste      43       47
(  12,  98)   coste      34       49
(  12, 167)   coste      49       51
(  12, 372)   coste       7       14
(  13,  57)   coste      11       19
(  13, 252)   coste      45       50
(  13, 441)   coste      68       74
(  13, 495)   coste      60       70
(  14, 199)   coste      45       44
(  14, 213)   coste      41       30
(  14, 472)   coste      11       11
(  14, 497)   coste      26       36
(  15, 103)   coste      42       48
(  15, 148)   coste      47       38
(  15, 248)   coste      13       11
(  15, 308)   coste      54       64
(  15, 354)   coste      44       34
(  15, 418)   coste      28       37
(  15, 434)   coste      29       29
(  16,  82)   coste      41       41
(  16, 153)   coste      46       39
(  16, 259)   coste      44       57
(  16, 263)   coste      45       38
(  16, 292)   coste       2        5
(  16, 412)   coste      30       32
(  17,  33)   coste      53       58
(  17,  54)   coste      19       16
(  17, 265)   coste      48       56
(  17, 280)   coste      50       44
(  18,  51)   coste      22       13
(  18, 124)   coste      39       44
(  18, 387)   coste      43       44
(  18, 476)   coste      32       31
(  19, 236)   coste      79       79
(  19, 272)   coste      20       19
(  19, 312)   coste       2        3
(  19, 462)   coste      16        6
(  19, 496)   coste      36       39
(  20,  95)   coste       6       19
(  20, 369)   coste      29       23
(  20, 405)   coste      10        8
(  21,  78)   coste      37       41
(  21, 156)   coste      47       43
(  21, 206)   coste      23       15
(  21, 284)   coste      39       33
(  22, 182)   coste      30       33
(  22, 281)   coste      54       65
(  22, 338)   coste      44       42
(  22, 344)   coste      49       44
(  23, 243)   coste      44       52
(  23, 274)   coste      64       51
(  23, 310)   coste      46       45
(  23, 368)   coste      41       31
(  24, 242)   coste      40       45
(  24, 389)   coste      41       42
(  24, 428)   coste      31       41
(  24, 448)   coste      45       52
(  25,  80)   coste      34       40
(  25, 279)   coste      43       40
(  25, 424)   coste      42       39
(  25, 466)   coste      10       18
(  25, 494)   coste      40       41
(  26, 106)   coste      18       28
(  26, 349)   coste      71       73
(  27, 121)   coste      71       70
(  27, 133)   coste      48       44
(  27, 476)   coste      19       27
(  28, 231)   coste      51       64
(  28, 256)   coste      28       29
(  28, 331)   coste       9        1
(  28, 447)   coste      10       20
(  29, 154)   coste      41       31
(  29, 209)   coste      42       42
(  29, 246)   coste      38       48
(  29, 394)   coste      28       33
(  29, 409)   coste      26       34
(  30,  38)   coste      19       22
(  30, 110)   coste      21       24
(  30, 188)   coste      14       18
(  30, 212)   coste      24       37
(  31,  48)   coste      68       63
(  31, 182)   coste      25       17
(  31, 281)   coste      48       61
(  31, 300)   coste      19       21
(  31, 319)   coste      31       17
(  31, 338)   coste      16       22
(  32,  98)   coste      68       67
(  32, 167)   coste      59       63
(  33,  54)   coste      66       61
(  33, 128)   coste      54       48
(  33, 265)   coste      78       71
(  34,  37)   coste      47       38
(  34, 291)   coste      49       57
(  34, 387)   coste      33       36
(  34, 492)   coste      35       30
(  35,  46)   coste      53       51
(  35,  85)   coste      62       68
(  35, 252)   coste      53       52
(  35, 305)   coste      45       38
(  35, 382)   coste      48       55
(  35, 401)   coste      27       31
(  36,  73)   coste      32       43
(  36, 397)   coste      40       49
(  36, 451)   coste      46       35
(  36, 474)   coste      26       25
(  37,  51)   coste      23       18
(  37, 195)   coste      43       43
(  37, 291)   coste      18       34
(  38,  57)   coste      57       52
(  38, 110)   coste      18       18
(  38, 212)   coste      51       49
(  38, 441)   coste      50       45
(  39, 281)   coste      86       86
(  39, 344)   coste      54       69
(  39, 425)   coste      84       82
(  39, 477)   coste      19       16
(  40, 160)   coste      26       38
(  40, 491)   coste      11       21
(  41, 215)   coste      44       50
(  41, 218)   coste      42       36
(  41, 345)   coste      37       29
(  41, 422)   coste      17       21
(  41, 438)   coste      65       67
(  42, 165)   coste      42       35
(  42, 282)   coste      38       45
(  42, 294)   coste      48       42
(  42, 307)   coste      19       23
(  42, 350)   coste      32       44
(  43,  85)   coste      76       63
(  43, 343)   coste      52       65
(  43, 349)   coste      15        6
(  43, 388)   coste      47       57
(  44, 161)   coste      62       58
(  44, 282)   coste      28       32
(  44, 328)   coste      11        1
(  44, 350)   coste      24       20
(  45, 226)   coste      38       40
(  45, 316)   coste      10       14
(  45, 376)   coste      59       59
(  46, 170)   coste      41       44
(  46, 183)   coste      58       53
(  46, 305)   coste      14       10
(  46, 318)   coste      33       43
(  46, 333)   coste      65       55
(  46, 382)   coste       7       21
(  46, 401)   coste      52       51
(  47, 163)   coste      28       24
(  47, 240)   coste      24       40
(  47, 471)   coste      42       54
(  48, 319)   coste      62       58
(  48, 380)   coste      71       80
(  48, 395)   coste      67       56
(  49, 119)   coste      61       61
(  49, 274)   coste      13       26
(  49, 470)   coste      17       32
(  50, 135)   coste      44       51
(  50, 275)   coste      55       57
(  50, 316)   coste      22       34
(  51, 124)   coste      48       38
(  51, 195)   coste      43       31
(  51, 387)   coste      35       47
(  52,  88)   coste      27       28
(  52, 210)   coste      44       42
(  52, 357)   coste      27       26
(  53, 256)   coste       5       13
(  53, 331)   coste      34       34
(  53, 447)   coste      32       21
(  54, 265)   coste      21       26
(  54, 280)   coste      25       22
(  55, 268)   coste      29       38
(  55, 317)   coste      32       35
(  55, 474)   coste      37       44
(  55, 493)   coste      16       17
(  56, 267)   coste      28       17
(  56, 272)   coste      26       18
(  56, 465)   coste      18       27
(  56, 496)   coste      37       33
(  57, 252)   coste      54       65
(  57, 441)   coste      47       62
(  58,  81)   coste      16       10
(  58, 122)   coste       9        4
(  58, 205)   coste      41       37
(  58, 465)   coste      40       43
(  59,  90)   coste      37       31
(  59, 197)   coste      19       11
(  60, 197)   coste      50       44
(  60, 337)   coste      61       69
(  60, 417)   coste      48       51
(  60, 453)   coste      35       27
(  61, 142)   coste      38       33
(  61, 258)   coste      22       19
(  61, 260)   coste      21       18
(  61, 392)   coste      17       13
(  62,  97)   coste      43       41
(  62, 228)   coste      23       21
(  62, 414)   coste      45       39
(  63, 228)   coste      54       43
(  63, 358)   coste      46       43
(  64,  89)   coste      29       20
(  64, 194)   coste      59       55
(  64, 290)   coste      53       55
(  64, 297)   coste      39       39
(  64, 306)   coste      21       28
(  65, 211)   coste      39       41
(  65, 325)   coste      18       22
(  65, 364)   coste      61       64
(  65, 403)   coste      53       49
(  66, 204)   coste      36       37
(  66, 377)   coste      17       16
(  66, 408)   coste      29       19
(  67,  83)   coste      52       53
(  67, 135)   coste      23       26
(  67, 250)   coste      33       39
(  67, 251)   coste      55       48
(  67, 307)   coste      45       44
(  67, 478)   coste      50       47
(  68,  70)   coste      38       35
(  68, 116)   coste      56       47
(  68, 120)   coste      34       42
(  68, 150)   coste      34       48
(  68, 217)   coste      54       44
(  68, 397)   coste      31       37
(  69, 139)   coste      47       53
(  69, 157)   coste      36       36
(  69, 226)   coste      35       44
(  69, 469)   coste      38       35
(  70, 217)   coste      64       61
(  70, 247)   coste      52       68
(  70, 397)   coste      22       36
(  71, 198)   coste      55       51
(  71, 229)   coste      38       30
(  71, 273)   coste      23       33
(  71, 293)   coste      50       37
(  71, 413)   coste      34       35
(  72,  81)   coste      21       22
(  72, 122)   coste      28       29
(  72, 205)   coste      40       41
(  72, 265)   coste      24       22
(  72, 280)   coste      49       44
(  73, 120)   coste      28       27
(  73, 150)   coste      34       25
(  73, 264)   coste      19       22
(  73, 397)   coste      45       50
(  73, 451)   coste      67       56
(  74, 143)   coste      13       20
(  74, 429)   coste      35       22
(  74, 430)   coste      10       22
(  74, 431)   coste      29       34
(  74, 439)   coste      37       36
(  75, 212)   coste      54       41
(  75, 336)   coste      39       33
(  75, 388)   coste      48       44
(  75, 426)   coste      36       39
(  75, 454)   coste      17       11
(  76, 357)   coste      21       28
(  76, 361)   coste      13       14
(  76, 362)   coste      49       52
(  76, 410)   coste      27       29
(  76, 415)   coste      61       57
(  77, 180)   coste      42       38
(  77, 334)   coste      39       36
(  77, 406)   coste      28       31
(  77, 407)   coste      41       37
(  77, 458)   coste      33       33
(  78, 156)   coste      20       11
(  78, 206)   coste      23       30
(  78, 284)   coste       3        8
(  79,  99)   coste      28       17
(  79, 102)   coste      10       15
(  79, 288)   coste      45       47
(  79, 289)   coste      39       50
(  79, 359)   coste      34       44
(  79, 404)   coste      33       31
(  80, 411)   coste      42       44
(  80, 466)   coste      28       34
(  80, 484)   coste      22       23
(  80, 494)   coste      33       37
(  81, 122)   coste      15       15
(  81, 205)   coste      24       26
(  82, 153)   coste      12       12
(  82, 405)   coste      52       38
(  82, 416)   coste      45       37
(  83, 135)   coste      66       62
(  83, 251)   coste      14       12
(  83, 275)   coste      64       70
(  84, 118)   coste      37       42
(  84, 159)   coste     102      105
(  84, 421)   coste      22       37
(  85, 252)   coste      34       42
(  85, 495)   coste      55       59
(  86, 378)   coste      13       20
(  86, 420)   coste      50       52
(  86, 449)   coste      46       47
(  86, 460)   coste      10        5
(  87, 286)   coste      68       77
(  87, 299)   coste      63       72
(  87, 437)   coste      38       35
(  87, 461)   coste      55       65
(  88,  94)   coste       9       22
(  88, 210)   coste      41       30
(  88, 357)   coste      45       50
(  89, 297)   coste      37       33
(  89, 364)   coste      38       44
(  90, 197)   coste      40       31
(  90, 370)   coste      60       56
(  90, 432)   coste      93       88
(  90, 453)   coste      67       65
(  91, 136)   coste      48       50
(  91, 158)   coste      64       49
(  91, 173)   coste      44       57
(  91, 262)   coste      18       30
(  91, 371)   coste      17       25
(  92, 123)   coste      41       54
(  92, 451)   coste      29       25
(  92, 480)   coste      43       46
(  92, 499)   coste      39       47
(  93, 145)   coste      27       12
(  93, 230)   coste      40       51
(  93, 326)   coste      24       33
(  93, 341)   coste      75       62
(  93, 427)   coste      40       38
(  93, 457)   coste      54       56
(  94, 210)   coste      38       41
(  94, 403)   coste      52       54
(  95, 303)   coste      13        7
(  95, 369)   coste      15       16
(  95, 405)   coste      26       32
(  96, 105)   coste      69       62
(  96, 196)   coste      48       52
(  96, 249)   coste      30       24
(  96, 275)   coste      79       65
(  96, 467)   coste      25       38
(  97, 396)   coste      66       61
(  97, 414)   coste      70       70
(  98, 167)   coste      28       20
(  98, 372)   coste      34       39
(  98, 490)   coste      55       60
(  99, 102)   coste      33       45
(  99, 288)   coste      68       55
(  99, 359)   coste      15       15
(  99, 373)   coste      47       52
(  99, 404)   coste      37       43
( 100, 169)   coste      27       27
( 100, 184)   coste      67       67
( 100, 498)   coste      71       61
( 101, 132)   coste      47       33
( 101, 166)   coste      40       37
( 101, 270)   coste      33       35
( 101, 291)   coste      23       20
( 101, 481)   coste      31       32
( 102, 288)   coste      42       42
( 102, 289)   coste      38       34
( 102, 404)   coste      40       29
( 103, 148)   coste      39       41
( 103, 308)   coste      32       38
( 103, 354)   coste      50       54
( 104, 126)   coste      97      100
( 104, 142)   coste      68       68
( 104, 176)   coste     100      101
( 104, 200)   coste      42       50
( 104, 293)   coste      56       43
( 104, 435)   coste      68       69
( 105, 164)   coste      57       57
( 105, 249)   coste      52       48
( 105, 459)   coste      55       45
( 105, 467)   coste      55       45
( 105, 473)   coste      44       48
( 106, 349)   coste      71       73
( 106, 366)   coste      43       39
( 107, 132)   coste      42       46
( 107, 270)   coste      47       46
( 107, 308)   coste      50       50
( 107, 353)   coste      65       53
( 107, 481)   coste      28       41
( 108, 190)   coste      26       18
( 108, 223)   coste      31       28
( 108, 257)   coste      38       39
( 108, 393)   coste      25       26
( 109, 221)   coste      70       83
( 109, 298)   coste      88       76
( 109, 432)   coste      10        8
( 109, 443)   coste       8       17
( 110, 188)   coste      36       35
( 110, 441)   coste      43       29
( 111, 179)   coste      37       36
( 111, 187)   coste      30       28
( 111, 278)   coste      31       33
( 111, 296)   coste      30       30
( 111, 348)   coste      32       21
( 112, 214)   coste      61       61
( 112, 442)   coste      18       29
( 113, 303)   coste      48       50
( 113, 356)   coste      52       49
( 113, 383)   coste      27       18
( 113, 419)   coste      57       57
( 114, 119)   coste      46       46
( 114, 418)   coste      37       39
( 114, 434)   coste      52       55
( 114, 468)   coste      73       67
( 114, 489)   coste      69       72
( 115, 147)   coste      29       30
( 115, 223)   coste      57       44
( 115, 346)   coste      33       40
( 115, 442)   coste      52       52
( 116, 199)   coste      61       59
( 116, 217)   coste      43       42
( 116, 381)   coste      57       60
( 116, 436)   coste      52       48
( 116, 446)   coste      40       42
( 117, 202)   coste      44       41
( 117, 227)   coste      58       53
( 117, 243)   coste      43       52
( 117, 295)   coste      39       36
( 117, 310)   coste      50       40
( 118, 421)   coste      17       23
( 118, 445)   coste      92      101
( 118, 483)   coste      36       42
( 119, 274)   coste      75       66
( 119, 470)   coste      67       73
( 120, 150)   coste       1       12
( 120, 264)   coste      25       18
( 120, 397)   coste      54       42
( 121, 139)   coste      74       85
( 121, 201)   coste      73       82
( 121, 463)   coste      46       44
( 122, 205)   coste      41       31
( 123, 335)   coste      21       25
( 123, 480)   coste      43       54
( 123, 499)   coste      56       69
( 124, 195)   coste      33       31
( 124, 224)   coste      78       69
( 124, 384)   coste      30       34
( 124, 475)   coste      45       50
( 125, 175)   coste      55       43
( 125, 193)   coste      75       71
( 125, 323)   coste      46       51
( 126, 176)   coste      15        9
( 126, 200)   coste      73       73
( 127, 134)   coste      32       46
( 127, 201)   coste      57       65
( 127, 239)   coste      73       78
( 127, 463)   coste      46       31
( 128, 234)   coste      68       71
( 128, 276)   coste      71       75
( 128, 499)   coste      70       80
( 129, 168)   coste      44       50
( 129, 222)   coste      47       50
( 129, 237)   coste      42       41
( 129, 379)   coste      42       39
( 129, 464)   coste       4        5
( 130, 233)   coste      19       10
( 130, 355)   coste      38       30
( 130, 366)   coste      37       26
( 130, 390)   coste      24        8
( 130, 500)   coste      24       27
( 131, 192)   coste      38       34
( 131, 196)   coste      64       60
( 131, 358)   coste      41       39
( 131, 467)   coste      83       83
( 132, 166)   coste      31       28
( 132, 313)   coste       7       14
( 132, 481)   coste      13       21
( 133, 134)   coste      77       64
( 133, 172)   coste      65       59
( 133, 387)   coste      47       44
( 133, 476)   coste      43       48
( 134, 239)   coste      76       78
( 134, 463)   coste      43       41
( 135, 251)   coste      70       63
( 135, 275)   coste      51       52
( 136, 173)   coste      44       40
( 136, 181)   coste      69       61
( 136, 262)   coste      52       39
( 136, 371)   coste      23       25
( 137, 191)   coste      57       54
( 137, 287)   coste      40       39
( 137, 304)   coste      37       41
( 137, 339)   coste      10        1
( 138, 175)   coste      34       33
( 138, 180)   coste      53       43
( 138, 219)   coste     133      118
( 138, 323)   coste      35       36
( 138, 334)   coste      53       63
( 139, 157)   coste      53       51
( 139, 165)   coste      56       54
( 139, 201)   coste      51       50
( 140, 219)   coste     117      113
( 140, 365)   coste      53       68
( 140, 419)   coste      55       51
( 140, 427)   coste      60       58
( 140, 457)   coste      70       85
( 141, 215)   coste      37       46
( 141, 245)   coste      44       31
( 141, 261)   coste      41       45
( 141, 304)   coste      40       40
( 141, 422)   coste      46       47
( 142, 229)   coste      35       29
( 142, 260)   coste      10        6
( 142, 293)   coste      52       44
( 142, 392)   coste      31       33
( 142, 435)   coste      39       37
( 143, 216)   coste      41       48
( 143, 271)   coste      53       63
( 143, 430)   coste      26       38
( 143, 431)   coste      23       36
( 143, 439)   coste      53       45
( 144, 304)   coste      52       50
( 144, 352)   coste      45       44
( 144, 438)   coste      64       62
( 144, 456)   coste      47       54
( 145, 230)   coste      46       39
( 145, 326)   coste      18       21
( 145, 341)   coste      63       72
( 145, 427)   coste      42       31
( 145, 457)   coste      76       72
( 146, 154)   coste      28       28
( 146, 243)   coste      46       47
( 146, 320)   coste      37       35
( 147, 299)   coste      35       42
( 147, 461)   coste      24       24
( 148, 354)   coste      19       13
( 148, 363)   coste      33       45
( 149, 163)   coste      25       29
( 149, 246)   coste      51       50
( 149, 333)   coste      53       44
( 149, 484)   coste      51       58
( 150, 264)   coste      23       25
( 150, 314)   coste      20       13
( 150, 446)   coste      23       18
( 151, 186)   coste      87       88
( 151, 247)   coste      41       43
( 151, 425)   coste      69       59
( 151, 470)   coste      82       79
( 152, 327)   coste      48       47
( 152, 352)   coste       1        9
( 152, 456)   coste      21       15
( 152, 469)   coste      41       38
( 154, 246)   coste      45       44
( 154, 320)   coste      31       28
( 155, 232)   coste      48       44
( 155, 238)   coste      40       33
( 155, 241)   coste      28       37
( 155, 329)   coste      53       55
( 155, 332)   coste      34       33
( 156, 284)   coste      10       11
( 156, 351)   coste      45       44
( 157, 165)   coste      27       33
( 157, 201)   coste      55       50
( 157, 294)   coste      38       44
( 158, 329)   coste      38       28
( 158, 353)   coste      26       13
( 158, 492)   coste      52       50
( 159, 203)   coste      23       38
( 159, 242)   coste      37       35
( 159, 283)   coste      25       25
( 159, 389)   coste      39       31
( 160, 187)   coste      56       56
( 160, 348)   coste      19       18
( 160, 473)   coste      10       16
( 160, 491)   coste      12       16
( 161, 168)   coste      35       32
( 161, 328)   coste      42       44
( 161, 379)   coste      33       34
( 161, 482)   coste      36       33
( 162, 193)   coste      34       33
( 162, 337)   coste      42       49
( 162, 402)   coste      28       31
( 162, 417)   coste      78       77
( 163, 170)   coste      64       51
( 163, 240)   coste      37       46
( 164, 198)   coste      60       72
( 164, 459)   coste      11        6
( 165, 201)   coste      47       38
( 165, 294)   coste      13        8
( 165, 307)   coste      42       44
( 166, 195)   coste      44       43
( 166, 313)   coste      33       39
( 166, 489)   coste      42       45
( 167, 490)   coste      51       54
( 168, 225)   coste      53       55
( 168, 379)   coste       1        1
( 168, 482)   coste      20       19
( 169, 184)   coste      51       56
( 169, 498)   coste      56       61
( 170, 240)   coste      37       48
( 170, 305)   coste      28       32
( 170, 333)   coste      54       48
( 170, 401)   coste      69       59
( 171, 233)   coste      38       33
( 171, 355)   coste       5       18
( 171, 488)   coste      38       35
( 171, 500)   coste       4        7
( 172, 232)   coste      30       26
( 172, 332)   coste      47       51
( 172, 479)   coste      60       64
( 173, 244)   coste      59       66
( 173, 371)   coste      33       32
( 173, 391)   coste      55       42
( 173, 448)   coste      38       44
( 174, 230)   coste      17       15
( 174, 365)   coste       7        2
( 174, 412)   coste      56       44
( 174, 427)   coste      32       20
( 175, 180)   coste      74       69
( 175, 323)   coste       4       10
( 176, 200)   coste      52       62
( 176, 285)   coste      27       28
( 177, 179)   coste      20       24
( 177, 185)   coste      58       59
( 177, 254)   coste      44       47
( 177, 269)   coste      19       14
( 177, 296)   coste      50       41
( 178, 237)   coste      48       44
( 178, 239)   coste      41       30
( 178, 379)   coste      60       64
( 179, 269)   coste       4        8
( 179, 278)   coste      49       35
( 179, 296)   coste      25       29
( 180, 323)   coste      69       74
( 180, 334)   coste      19       17
( 180, 406)   coste      20       16
( 181, 203)   coste      59       51
( 181, 340)   coste      61       56
( 181, 428)   coste      38       43
( 182, 281)   coste      44       47
( 182, 300)   coste      25       25
( 182, 338)   coste      24       13
( 182, 344)   coste      50       53
( 183, 318)   coste      45       39
( 183, 333)   coste      22       32
( 183, 382)   coste      52       56
( 184, 234)   coste      72       64
( 184, 374)   coste       7        5
( 184, 498)   coste      25       20
( 185, 189)   coste      59       44
( 185, 254)   coste      50       57
( 185, 322)   coste      52       57
( 186, 321)   coste      48       61
( 186, 470)   coste      23       12
( 187, 278)   coste      30       38
( 187, 348)   coste      52       51
( 188, 212)   coste      42       40
( 188, 262)   coste      61       60
( 189, 245)   coste      41       37
( 189, 261)   coste      60       50
( 190, 223)   coste      25       33
( 190, 257)   coste      51       45
( 190, 286)   coste      63       53
( 190, 299)   coste      39       43
( 190, 346)   coste      37       27
( 190, 393)   coste      44       35
( 191, 254)   coste      53       57
( 191, 287)   coste      34       43
( 191, 322)   coste      17       11
( 191, 339)   coste      48       46
( 191, 376)   coste      53       48
( 192, 196)   coste      44       53
( 192, 358)   coste      52       52
( 192, 467)   coste      47       41
( 193, 402)   coste      43       42
( 194, 283)   coste      55       47
( 194, 297)   coste      37       27
( 194, 306)   coste      65       52
( 195, 224)   coste      82       76
( 195, 384)   coste      24       34
( 196, 249)   coste      54       51
( 196, 358)   coste      36       49
( 196, 467)   coste      50       50
( 197, 453)   coste      46       50
( 198, 273)   coste      47       48
( 198, 459)   coste      70       75
( 199, 472)   coste      56       65
( 199, 497)   coste      52       55
( 200, 285)   coste      71       69
( 201, 294)   coste      40       31
( 201, 463)   coste      67       66
( 202, 227)   coste      39       33
( 202, 295)   coste      15        5
( 202, 347)   coste      44       29
( 203, 242)   coste      24       11
( 203, 428)   coste      20       17
( 204, 239)   coste      59       55
( 204, 408)   coste      53       57
( 205, 280)   coste      42       51
( 206, 284)   coste      30       16
( 207, 220)   coste      18       21
( 207, 363)   coste      41       35
( 207, 468)   coste      18       21
( 207, 471)   coste      28       39
( 207, 487)   coste      25       38
( 208, 233)   coste      45       42
( 208, 355)   coste      39       47
( 208, 390)   coste      48       38
( 208, 444)   coste      63       65
( 208, 500)   coste      47       50
( 209, 320)   coste      41       36
( 209, 394)   coste      35       31
( 210, 303)   coste      35       34
( 210, 369)   coste      32       20
( 211, 325)   coste      24       32
( 211, 364)   coste      61       51
( 211, 403)   coste      17       21
( 212, 336)   coste      32       33
( 212, 340)   coste      39       52
( 212, 454)   coste      52       50
( 213, 342)   coste      52       47
( 213, 399)   coste      13       15
( 213, 472)   coste      34       26
( 214, 324)   coste      28       27
( 214, 429)   coste      46       44
( 214, 430)   coste      60       56
( 214, 442)   coste      60       67
( 215, 218)   coste      26       25
( 215, 304)   coste      41       36
( 215, 438)   coste      51       56
( 216, 271)   coste      25       35
( 216, 431)   coste      45       43
( 217, 247)   coste      39       53
( 217, 381)   coste      47       61
( 217, 436)   coste       1        8
( 218, 422)   coste      54       55
( 218, 438)   coste      27       37
( 219, 457)   coste      72       73
( 220, 468)   coste      29       45
( 220, 471)   coste      11        6
( 220, 487)   coste      13       11
( 221, 298)   coste      11        9
( 221, 311)   coste      28       21
( 221, 360)   coste      27       16
( 221, 396)   coste      52       58
( 221, 443)   coste      67       67
( 222, 373)   coste      15       15
( 222, 464)   coste      39       37
( 223, 346)   coste      13       18
( 223, 393)   coste      43       48
( 223, 433)   coste      50       59
( 224, 384)   coste      48       60
( 224, 475)   coste      35       30
( 225, 359)   coste      63       52
( 225, 482)   coste      50       48
( 226, 316)   coste      54       44
( 226, 327)   coste      42       35
( 226, 469)   coste      17       16
( 227, 235)   coste      53       48
( 229, 260)   coste      40       41
( 229, 273)   coste      47       53
( 229, 293)   coste      35       38
( 230, 326)   coste      23       19
( 230, 365)   coste       4       19
( 230, 427)   coste      17       20
( 231, 331)   coste      58       54
( 231, 343)   coste      87       89
( 231, 440)   coste      60       65
( 232, 241)   coste      29       35
( 232, 332)   coste      21       30
( 232, 479)   coste      47       48
( 233, 390)   coste      14        4
( 233, 500)   coste      24       22
( 234, 276)   coste      34       27
( 234, 374)   coste      59       64
( 234, 498)   coste      48       61
( 235, 310)   coste      74       70
( 235, 368)   coste      79       78
( 235, 425)   coste      17       24
( 236, 462)   coste      84       83
( 237, 239)   coste      64       55
( 237, 385)   coste      30       34
( 237, 423)   coste      54       57
( 237, 464)   coste      49       49
( 238, 241)   coste      22       23
( 238, 244)   coste      65       69
( 238, 391)   coste      50       43
( 238, 486)   coste      63       59
( 239, 385)   coste      72       65
( 240, 471)   coste      32       35
( 240, 487)   coste      30       34
( 241, 332)   coste      21       15
( 241, 479)   coste      40       47
( 242, 283)   coste      21       21
( 242, 306)   coste      42       45
( 242, 389)   coste      21       17
( 242, 428)   coste      32       24
( 243, 310)   coste      70       63
( 244, 391)   coste      43       41
( 244, 448)   coste      25       31
( 245, 261)   coste      32       28
( 245, 422)   coste      50       55
( 246, 484)   coste      40       50
( 247, 436)   coste      37       39
( 248, 308)   coste      63       55
( 248, 313)   coste      53       48
( 248, 418)   coste      32       28
( 248, 434)   coste      18       27
( 249, 467)   coste       1        6
( 250, 251)   coste      66       57
( 250, 307)   coste      51       45
( 250, 449)   coste      13       17
( 250, 478)   coste      16        7
( 252, 495)   coste      41       36
( 253, 334)   coste      55       43
( 253, 367)   coste      14       11
( 253, 383)   coste      41       46
( 253, 407)   coste      25       21
( 253, 458)   coste      26       26
( 254, 322)   coste      49       36
( 255, 266)   coste      68       58
( 255, 290)   coste       5       12
( 255, 309)   coste      45       39
( 256, 447)   coste      23       18
( 257, 286)   coste      49       55
( 257, 341)   coste      62       65
( 257, 393)   coste      37       43
( 258, 260)   coste      36       33
( 258, 392)   coste      29       24
( 258, 435)   coste      45       44
( 259, 292)   coste      46       59
( 259, 412)   coste      20       22
( 259, 433)   coste      23       31
( 260, 392)   coste      34       36
( 261, 345)   coste      22       33
( 261, 422)   coste      37       33
( 262, 371)   coste      39       35
( 263, 292)   coste      42       32
( 263, 405)   coste      32       34
( 263, 416)   coste      19       26
( 263, 455)   coste      13       17
( 264, 314)   coste      41       41
( 264, 480)   coste      66       66
( 265, 280)   coste      30       25
( 266, 309)   coste      41       39
( 266, 415)   coste      30       29
( 266, 486)   coste      41       28
( 267, 272)   coste      34       30
( 267, 380)   coste      31       37
( 267, 465)   coste      42       41
( 267, 496)   coste      13       17
( 268, 300)   coste      42       28
( 268, 317)   coste       8        5
( 268, 395)   coste      30       31
( 268, 493)   coste      44       43
( 269, 278)   coste      40       47
( 269, 296)   coste      32       31
( 270, 291)   coste      24       18
( 270, 481)   coste      41       41
( 270, 492)   coste      38       44
( 271, 431)   coste      52       45
( 271, 445)   coste      10       14
( 272, 312)   coste      34       21
( 272, 462)   coste      29       23
( 272, 496)   coste      27       23
( 273, 413)   coste       5       13
( 274, 310)   coste      59       48
( 274, 368)   coste      32       41
( 276, 335)   coste      49       52
( 276, 345)   coste      68       61
( 277, 324)   coste      37       35
( 277, 429)   coste      47       51
( 277, 433)   coste      62       60
( 279, 315)   coste      36       27
( 279, 424)   coste      30       38
( 279, 450)   coste      11       13
( 279, 466)   coste      38       40
( 281, 344)   coste      30       42
( 281, 477)   coste      82       68
( 282, 328)   coste      31       35
( 282, 350)   coste      42       32
( 283, 306)   coste      43       28
( 283, 389)   coste      17       20
( 284, 351)   coste      55       52
( 285, 360)   coste      95       91
( 286, 299)   coste      51       46
( 286, 437)   coste      39       48
( 287, 327)   coste      27       26
( 287, 339)   coste      41       39
( 287, 376)   coste      49       52
( 288, 373)   coste      68       57
( 289, 372)   coste      44       48
( 289, 404)   coste      24       31
( 292, 412)   coste      26       23
( 292, 416)   coste      42       49
( 293, 413)   coste      53       53
( 295, 347)   coste      34       37
( 295, 386)   coste      38       35
( 296, 348)   coste      25       31
( 297, 364)   coste      25       29
( 298, 311)   coste      15       25
( 298, 360)   coste      33       27
( 298, 396)   coste      41       47
( 299, 346)   coste      34       44
( 299, 437)   coste      65       56
( 299, 461)   coste      41       55
( 300, 317)   coste      37       48
( 300, 319)   coste      16       13
( 300, 338)   coste      17       12
( 300, 395)   coste      31       20
( 301, 375)   coste      35       35
( 301, 400)   coste      34       33
( 301, 410)   coste      35       23
( 301, 452)   coste      25       23
( 302, 385)   coste      67       59
( 302, 423)   coste      48       53
( 302, 452)   coste      56       60
( 302, 464)   coste      58       67
( 303, 369)   coste      25       23
( 304, 339)   coste      56       47
( 305, 401)   coste      53       41
( 306, 389)   coste      36       34
( 309, 415)   coste      26       20
( 310, 368)   coste      22       18
( 310, 425)   coste      74       80
( 311, 360)   coste      39       41
( 311, 396)   coste      36       43
( 312, 380)   coste      46       61
( 312, 462)   coste      10        3
( 312, 496)   coste      42       36
( 313, 481)   coste      25       25
( 313, 489)   coste      54       69
( 314, 446)   coste      18       12
( 315, 424)   coste      13       14
( 315, 450)   coste      40       47
( 315, 466)   coste      34       30
( 317, 395)   coste      29       43
( 317, 493)   coste      53       45
( 318, 382)   coste      15       24
( 319, 338)   coste      35       34
( 319, 395)   coste      11       11
( 320, 347)   coste      39       46
( 320, 386)   coste      37       33
( 320, 394)   coste      58       56
( 321, 381)   coste      33       35
( 321, 436)   coste      58       62
( 322, 339)   coste      46       50
( 322, 376)   coste      62       51
( 324, 429)   coste      46       48
( 324, 430)   coste      58       59
( 325, 364)   coste      49       53
( 325, 403)   coste      36       37
( 326, 365)   coste      27       27
( 326, 427)   coste      16       11
( 327, 469)   coste      37       30
( 328, 350)   coste      22       34
( 329, 353)   coste      42       31
( 329, 492)   coste      47       43
( 330, 370)   coste      60       60
( 330, 414)   coste      55       59
( 330, 417)   coste      49       59
( 330, 453)   coste      41       55
( 330, 490)   coste      34       30
( 331, 440)   coste     105      100
( 332, 479)   coste      49       39
( 334, 367)   coste      47       36
( 334, 406)   coste      20       13
( 335, 345)   coste      62       57
( 336, 340)   coste      25       25
( 336, 454)   coste      56       54
( 337, 402)   coste      25       32
( 337, 417)   coste      53       48
( 340, 444)   coste      52       49
( 341, 457)   coste      75       86
( 342, 352)   coste      47       48
( 342, 399)   coste      44       41
( 342, 456)   coste      19       24
( 343, 349)   coste      60       52
( 343, 440)   coste      45       57
( 344, 477)   coste      50       39
( 345, 422)   coste      18       18
( 347, 386)   coste      11       17
( 348, 473)   coste      41       49
( 349, 388)   coste      65       66
( 352, 456)   coste      17       15
( 352, 469)   coste      51       53
( 353, 492)   coste      43       39
( 354, 363)   coste      30       27
( 354, 434)   coste      50       49
( 354, 468)   coste      42       47
( 355, 444)   coste      65       72
( 355, 488)   coste      40       31
( 355, 500)   coste      19       21
( 356, 383)   coste      29       38
( 356, 400)   coste      31       22
( 356, 452)   coste      47       44
( 356, 458)   coste      23       22
( 357, 361)   coste      34       30
( 357, 415)   coste      36       36
( 359, 373)   coste      38       37
( 360, 435)   coste      56       50
( 360, 443)   coste      79       70
( 361, 362)   coste      38       30
( 361, 410)   coste      34       28
( 362, 410)   coste      40       37
( 362, 485)   coste      47       41
( 363, 468)   coste      19       26
( 365, 427)   coste      22       11
( 366, 390)   coste      33       32
( 367, 407)   coste      18       25
( 367, 458)   coste      44       36
( 370, 414)   coste      59       56
( 370, 453)   coste      59       55
( 372, 404)   coste      32       21
( 373, 464)   coste      51       43
( 374, 498)   coste      32       34
( 375, 410)   coste      34       41
( 377, 408)   coste      16       13
( 378, 420)   coste      57       63
( 378, 449)   coste      29       34
( 378, 460)   coste      12        4
( 378, 478)   coste      37       35
( 379, 482)   coste      24       20
( 380, 496)   coste      17       22
( 381, 436)   coste      45       45
( 383, 419)   coste      54       53
( 383, 458)   coste      48       42
( 384, 475)   coste      29       36
( 385, 408)   coste      57       53
( 385, 423)   coste      29       21
( 385, 485)   coste      55       48
( 387, 476)   coste      13       18
( 388, 426)   coste      49       49
( 388, 454)   coste      54       45
( 390, 500)   coste      39       32
( 391, 448)   coste      48       55
( 392, 435)   coste      15       21
( 394, 409)   coste      13       17
( 397, 474)   coste      59       61
( 398, 405)   coste      25       38
( 398, 416)   coste      34       28
( 398, 455)   coste       6       16
( 399, 472)   coste      44       34
( 400, 410)   coste      46       44
( 400, 452)   coste      23       23
( 402, 417)   coste      82       67
( 405, 416)   coste      16       25
( 405, 455)   coste      28       33
( 406, 407)   coste      48       51
( 407, 458)   coste      13       14
( 408, 485)   coste      41       39
( 409, 411)   coste      36       45
( 410, 452)   coste      48       45
( 411, 484)   coste      33       29
( 411, 494)   coste      20       18
( 412, 433)   coste      46       49
( 415, 486)   coste      64       56
( 416, 455)   coste      27       20
( 417, 490)   coste      33       26
( 418, 434)   coste      12       15
( 418, 489)   coste      78       78
( 420, 449)   coste      60       66
( 420, 460)   coste      50       47
( 421, 483)   coste      27       23
( 423, 485)   coste      44       34
( 424, 466)   coste      20       25
( 425, 477)   coste      94       95
( 426, 454)   coste      33       31
( 426, 495)   coste      31       31
( 429, 430)   coste      13       14
( 430, 431)   coste      42       46
( 430, 439)   coste      39       37
( 431, 439)   coste      31       23
( 431, 445)   coste      69       68
( 432, 443)   coste      13        4
( 437, 461)   coste      69       78
( 444, 488)   coste      63       53
( 445, 483)   coste      63       60
( 449, 460)   coste      50       38
( 449, 478)   coste       3        5
( 451, 480)   coste      32       44
( 451, 499)   coste      63       67
( 456, 469)   coste      48       56
( 459, 473)   coste      72       63
( 462, 496)   coste      45       47
( 471, 487)   coste      26       19
( 472, 497)   coste      36       36
( 473, 491)   coste      35       32
( 474, 493)   coste      37       38
( 479, 486)   coste      40       40
( 484, 494)   coste      32       28
LISTA_ARISTAS_NOREQ :
          
 ===========================================          
 COORDENADAS DE LOS VERTICES:                         
 ===========================================          
          1         985         886                   
          2          92         573                   
          3         222         821                   
          4         703         723                   
          5         783         648                   
          6         527         483                   
          7         145         298                   
          8         960          70                   
          9         718         821                   
         10           7         500                   
         11         288         538                   
         12         388         821                   
         13         769         294                   
         14         370         366                   
         15         655         293                   
         16         822         815                   
         17          27         168                   
         18         529         427                   
         19          93          47                   
         20         754         778                   
         21         908           2                   
         22         308          86                   
         23         565         136                   
         24         794         530                   
         25         769           4                   
         26         994         257                   
         27         509         473                   
         28         883          97                   
         29         658          31                   
         30         808         383                   
         31         266          52                   
         32         343         803                   
         33          43         215                   
         34         584         446                   
         35         773         219                   
         36         251         195                   
         37         558         409                   
         38         804         364                   
         39         396          29                   
         40         100         581                   
         41         204         327                   
         42         340         610                   
         43         907         252                   
         44         396         633                   
         45         233         538                   
         46         772         172                   
         47         678         131                   
         48         213           5                   
         49         502         175                   
         50         239         575                   
         51         541         419                   
         52         721         705                   
         53         858          70                   
         54          44         152                   
         55         241         130                   
         56         133          75                   
         57         777         310                   
         58         115         121                   
         59         245         986                   
         60         301         963                   
         61         115         834                   
         62         245         815                   
         63         219         757                   
         64         831         601                   
         65         863         707                   
         66         579         616                   
         67         280         631                   
         68         321         220                   
         69         306         511                   
         70         326         190                   
         71          52         769                   
         72          86         137                   
         73         268         229                   
         74         937         710                   
         75         866         350                   
         76         684         691                   
         77         587         827                   
         78         936          19                   
         79         452         824                   
         80         746          37                   
         81          99         127                   
         82         809         777                   
         83         240         670                   
         84         970         527                   
         85         839         237                   
         86         343         710                   
         87         962         998                   
         88         748         697                   
         89         831         626                   
         90         227         958                   
         91         734         436                   
         92         190         214                   
         93         786         932                   
         94         761         690                   
         95         741         773                   
         96         135         645                   
         97         205         844                   
         98         371         859                   
         99         445         800                   
        100          37         418                   
        101         583         379                   
        102         460         834                   
        103         693         308                   
        104          31         862                   
        105          69         650                   
        106         988         278                   
        107         650         368                   
        108         872         912                   
        109         149         985                   
        110         789         372                   
        111          52         546                   
        112         994         824                   
        113         688         797                   
        114         593         246                   
        115         947         885                   
        116         350         263                   
        117         564          77                   
        118         997         549                   
        119         544         224                   
        120         291         246                   
        121         432         481                   
        122         111         127                   
        123         166         255                   
        124         505         396                   
        125         505         965                   
        126           5         964                   
        127         447         561                   
        128          86         239                   
        129         490         723                   
        130         967         351                   
        131         141         744                   
        132         607         348                   
        133         538         504                   
        134         483         547                   
        135         257         615                   
        136         770         459                   
        137         204         438                   
        138         562         918                   
        139         356         507                   
        140         735         884                   
        141         195         388                   
        142          86         826                   
        143         938         693                   
        144         281         392                   
        145         806         934                   
        146         631          80                   
        147         962         914                   
        148         689         270                   
        149         717          94                   
        150         294         250                   
        151         416         148                   
        152         280         449                   
        153         828         772                   
        154         645          61                   
        155         636         511                   
        156         945          31                   
        157         333         546                   
        158         678         438                   
        159         873         525                   
        160          71         587                   
        161         417         683                   
        162         415         965                   
        163         702         116                   
        164          12         661                   
        165         349         569                   
        166         571         347                   
        167         348         859                   
        168         446         704                   
        169          28         399                   
        170         736         163                   
        171         971         379                   
        172         584         545                   
        173         735         487                   
        174         801         874                   
        175         538         932                   
        176          17         964                   
        177          79         494                   
        178         472         643                   
        179          73         514                   
        180         577         872                   
        181         834         462                   
        182         289          63                   
        183         793         116                   
        184          36         347                   
        185         112         448                   
        186         474         205                   
        187          30         558                   
        188         805         405                   
        189         122         398                   
        190         891         917                   
        191         174         477                   
        192         124         718                   
        193         434         997                   
        194         884         594                   
        195         538         380                   
        196         160         687                   
        197         259         973                   
        198          36         722                   
        199         339         327                   
        200          42         910                   
        201         385         542                   
        202         546          38                   
        203         846         513                   
        204         549         598                   
        205          84         101                   
        206         925           0                   
        207         661         206                   
        208         920         372                   
        209         628           7                   
        210         750         730                   
        211         832         687                   
        212         839         390                   
        213         352         398                   
        214         951         779                   
        215         230         363                   
        216         946         654                   
        217         370         228                   
        218         237         342                   
        219         672         977                   
        220         672         192                   
        221         133         909                   
        222         498         769                   
        223         897         889                   
        224         475         327                   
        225         409         748                   
        226         268         511                   
        227         508          52                   
        228         241         799                   
        229          71         793                   
        230         802         892                   
        231         938         107                   
        232         610         548                   
        233         951         350                   
        234          90         312                   
        235         471          85                   
        236          19          10                   
        237         500         679                   
        238         662         540                   
        239         499         618                   
        240         695         158                   
        241         647         542                   
        242         841         531                   
        243         599         108                   
        244         725         548                   
        245         156         388                   
        246         687          59                   
        247         386         186                   
        248         643         305                   
        249         115         666                   
        250         305         654                   
        251         248         677                   
        252         809         261                   
        253         635         841                   
        254         127         499                   
        255         766         604                   
        256         859          77                   
        257         854         944                   
        258         130         837                   
        259         865         845                   
        260          95         817                   
        261         161         355                   
        262         749         417                   
        263         783         817                   
        264         271         244                   
        265          69         144                   
        266         704         612                   
        267         143          55                   
        268         239          97                   
        269          73         503                   
        270         606         397                   
        271         977         648                   
        272         112          61                   
        273          28         761                   
        274         514         160                   
        275         203         618                   
        276         117         308                   
        277         895         772                   
        278          30         520                   
        279         811          11                   
        280          47         124                   
        281         313          25                   
        282         365         647                   
        283         855         550                   
        284         943          15                   
        285          45         976                   
        286         890         976                   
        287         216         476                   
        288         494         839                   
        289         431         862                   
        290         770         594                   
        291         581         397                   
        292         818         823                   
        293          42         813                   
        294         362         570                   
        295         553          38                   
        296          83         539                   
        297         861         618                   
        298         140         903                   
        299         928         937                   
        300         258          68                   
        301         656         740                   
        302         563         738                   
        303         731         764                   
        304         231         405                   
        305         760         175                   
        306         830         576                   
        307         323         612                   
        308         686         345                   
        309         740         640                   
        310         534         110                   
        311         148         886                   
        312          94          40                   
        313         605         334                   
        314         298         271                   
        315         805          44                   
        316         236         549                   
        317         232          99                   
        318         805         159                   
        319         242          56                   
        320         619          43                   
        321         433         241                   
        322         163         473                   
        323         532         923                   
        324         930         778                   
        325         856         695                   
        326         800         910                   
        327         249         480                   
        328         394         639                   
        329         657         464                   
        330         304         893                   
        331         884         101                   
        332         631         540                   
        333         764         116                   
        334         593         866                   
        335         156         277                   
        336         866         391                   
        337         365         969                   
        338         273          75                   
        339         197         440                   
        340         870         421                   
        341         809         998                   
        342         321         433                   
        343         923         196                   
        344         339          53                   
        345         175         328                   
        346         915         897                   
        347         578          22                   
        348          76         561                   
        349         920         252                   
        350         380         612                   
        351         990          49                   
        352         283         444                   
        353         661         426                   
        354         677         265                   
        355         964         389                   
        356         637         783                   
        357         701         680                   
        358         181         723                   
        359         454         785                   
        360         111         911                   
        361         672         682                   
        362         636         687                   
        363         662         245                   
        364         869         649                   
        365         795         882                   
        366         965         319                   
        367         631         851                   
        368         533         130                   
        369         745         755                   
        370         250         903                   
        371         751         453                   
        372         400         829                   
        373         486         774                   
        374          39         340                   
        375         696         736                   
        376         185         522                   
        377         588         622                   
        378         342         696                   
        379         448         701                   
        380         143          21                   
        381         406         269                   
        382         786         171                   
        383         666         803                   
        384         513         368                   
        385         538         677                   
        386         583          30                   
        387         545         460                   
        388         892         305                   
        389         840         546                   
        390         953         343                   
        391         694         510                   
        392         108         845                   
        393         853         903                   
        394         656           6                   
        395         235          62                   
        396         183         905                   
        397         299         201                   
        398         756         818                   
        399         360         414                   
        400         636         756                   
        401         749         223                   
        402         393         984                   
        403         813         699                   
        404         425         837                   
        405         765         789                   
        406         577         852                   
        407         621         827                   
        408         585         640                   
        409         673           0                   
        410         667         715                   
        411         709          16                   
        412         837         843                   
        413          20         771                   
        414         266         852                   
        415         715         645                   
        416         779         799                   
        417         342         930                   
        418         621         280                   
        419         702         850                   
        420         301         732                   
        421         973         556                   
        422         189         347                   
        423         552         692                   
        424         795          38                   
        425         456          94                   
        426         850         314                   
        427         790         899                   
        428         823         505                   
        429         928         738                   
        430         942         727                   
        431         967         698                   
        432         148         988                   
        433         886         834                   
        434         636         282                   
        435          99         860                   
        436         378         226                   
        437         929         998                   
        438         268         331                   
        439         978         723                   
        440         959         163                   
        441         756         360                   
        442         974         841                   
        443         140         979                   
        444         923         440                   
        445         992         642                   
        446         312         268                   
        447         877          85                   
        448         748         525                   
        449         316         670                   
        450         822           1                   
        451         212         209                   
        452         627         740                   
        453         288         939                   
        454         857         343                   
        455         765         816                   
        456         297         445                   
        457         737         962                   
        458         623         810                   
        459          21         652                   
        460         341         707                   
        461         975         936                   
        462          92          38                   
        463         455         524                   
        464         498         728                   
        465         144          99                   
        466         775          20                   
        467         115         670                   
        468         656         225                   
        469         280         491                   
        470         484         192                   
        471         676         179                   
        472         369         375                   
        473          62         601                   
        474         259         165                   
        475         478         356                   
        476         527         464                   
        477         385          44                   
        478         312         666                   
        479         632         583                   
        480         213         249                   
        481         617         363                   
        482         433         711                   
        483         980         578                   
        484         732          44                   
        485         589         676                   
        486         672         604                   
        487         691         196                   
        488         979         420                   
        489         554         300                   
        490         339         905                   
        491          88         594                   
        492         620         433                   
        493         261         135                   
        494         725          14                   
        495         837         293                   
        496         131          39                   
        497         388         340                   
        498          59         356                   
        499         149         196                   
        500         970         371                   
 ===========================================          
