NOMBRE : WA0531 
COMENTARIO :  Chino Windy aleatorio puro
VERTICES :  500
ARISTAS_REQ :  837
ARISTAS_NOREQ :    0
LISTA_ARISTAS_REQ :
(   1, 308)   coste     396      452
(   1, 412)   coste     753      806
(   1, 430)   coste     900      852
(   2,  71)   coste     687      672
(   3,  90)   coste     384      450
(   3, 166)   coste     105       62
(   3, 214)   coste     367      357
(   3, 475)   coste     564      633
(   3, 491)   coste     611      578
(   4,   7)   coste     234      291
(   4, 160)   coste     588      509
(   4, 373)   coste     783      764
(   5, 170)   coste     802      755
(   5, 177)   coste     234      194
(   5, 380)   coste     660      647
(   6, 292)   coste     336      327
(   6, 306)   coste     878      922
(   7,  27)   coste     524      552
(   7,  95)   coste     367      418
(   7, 102)   coste     732      796
(   7, 216)   coste     362      308
(   7, 362)   coste     466      452
(   7, 380)   coste     130      218
(   8, 149)   coste     410      405
(   9,  85)   coste     621      669
(   9, 223)   coste     989      968
(   9, 241)   coste     525      485
(  10,  41)   coste     371      414
(  10, 439)   coste     656      658
(  11,  99)   coste     664      616
(  11, 174)   coste     866      875
(  11, 271)   coste     897      963
(  11, 351)   coste     384      419
(  11, 472)   coste     623      627
(  12,  55)   coste     557      603
(  12,  79)   coste     756      678
(  12, 112)   coste     546      506
(  12, 173)   coste     265      335
(  12, 345)   coste     260      272
(  13,  46)   coste     507      552
(  13, 254)   coste     680      653
(  14,  81)   coste     520      522
(  14, 110)   coste     385      472
(  14, 405)   coste       8       31
(  15, 317)   coste     163      226
(  15, 428)   coste      85       96
(  16, 187)   coste     936      898
(  16, 239)   coste     495      501
(  16, 249)   coste     846      755
(  17, 180)   coste     338      331
(  17, 187)   coste     248      176
(  17, 245)   coste     405      461
(  17, 323)   coste     659      688
(  18,  26)   coste     899      942
(  18,  31)   coste    1161     1069
(  18, 461)   coste     196      164
(  18, 465)   coste     614      602
(  19, 159)   coste     152      106
(  19, 211)   coste     612      584
(  20, 363)   coste     720      670
(  20, 409)   coste     217      164
(  21,  25)   coste     268      311
(  21,  51)   coste     685      689
(  21,  72)   coste     326      345
(  21, 435)   coste     258      255
(  22, 154)   coste     819      896
(  22, 189)   coste     747      817
(  22, 452)   coste     965      976
(  23,  55)   coste     780      718
(  23,  94)   coste     673      650
(  23, 209)   coste     432      520
(  24, 333)   coste     912      991
(  24, 462)   coste     395      466
(  25, 107)   coste     621      615
(  25, 167)   coste     796      773
(  25, 310)   coste     342      274
(  25, 444)   coste     937      848
(  26,  45)   coste     570      580
(  26,  96)   coste    1045     1068
(  27,  83)   coste     272      280
(  27, 215)   coste     147      186
(  28,  49)   coste     172      225
(  28, 149)   coste     347      387
(  28, 227)   coste     586      524
(  29, 269)   coste     391      390
(  29, 467)   coste     454      523
(  30,  89)   coste     954      932
(  30, 160)   coste     541      537
(  31,  47)   coste     303      311
(  31, 239)   coste     662      629
(  31, 254)   coste     367      399
(  31, 386)   coste     751      730
(  31, 466)   coste     780      720
(  32, 147)   coste     747      721
(  32, 399)   coste     603      640
(  33, 308)   coste    1351     1250
(  33, 467)   coste     780      793
(  34, 145)   coste     935      977
(  34, 164)   coste     989      944
(  34, 166)   coste     879      842
(  34, 311)   coste     549      469
(  34, 337)   coste     523      474
(  34, 456)   coste     398      356
(  34, 499)   coste     592      693
(  35,  57)   coste     306      207
(  35, 144)   coste     495      456
(  35, 213)   coste     314      254
(  35, 406)   coste     656      639
(  36,  38)   coste     642      639
(  36, 134)   coste     737      764
(  37,  71)   coste     922      875
(  37, 370)   coste      83       91
(  37, 393)   coste     907      917
(  37, 444)   coste     569      608
(  38,  78)   coste     829      871
(  39, 159)   coste     451      464
(  40, 418)   coste     720      695
(  41, 268)   coste     262      286
(  41, 384)   coste     360      367
(  41, 394)   coste     432      422
(  41, 483)   coste     325      312
(  42, 129)   coste     248      177
(  42, 194)   coste     524      578
(  42, 223)   coste     862      897
(  42, 297)   coste     273      249
(  43, 163)   coste     557      578
(  43, 302)   coste     714      803
(  43, 383)   coste     726      729
(  44,  72)   coste     690      739
(  44,  95)   coste     528      548
(  44, 144)   coste     562      544
(  44, 411)   coste     256      266
(  45,  65)   coste     629      564
(  45, 480)   coste     346      354
(  45, 493)   coste     442      433
(  45, 495)   coste     380      370
(  46, 140)   coste     498      520
(  46, 163)   coste     191      257
(  46, 256)   coste     477      508
(  46, 267)   coste     591      619
(  46, 424)   coste     252      304
(  46, 431)   coste     290      280
(  47,  76)   coste     346      302
(  47,  89)   coste     815      778
(  47, 200)   coste     151      118
(  47, 255)   coste     381      457
(  47, 348)   coste     347      298
(  47, 352)   coste     163      180
(  48,  93)   coste     389      450
(  48, 217)   coste     346      336
(  48, 219)   coste     603      590
(  50, 108)   coste     168      173
(  50, 122)   coste     478      525
(  50, 287)   coste     774      759
(  50, 385)   coste     687      613
(  50, 412)   coste     749      682
(  51, 335)   coste     454      430
(  51, 373)   coste    1015     1104
(  51, 416)   coste     821      797
(  52, 134)   coste     955      950
(  52, 252)   coste     687      641
(  52, 429)   coste     497      500
(  53, 399)   coste     531      504
(  53, 450)   coste     580      527
(  53, 481)   coste     411      431
(  54, 109)   coste     357      366
(  54, 252)   coste     717      777
(  54, 255)   coste     115       56
(  54, 305)   coste     446      441
(  54, 319)   coste    1001      988
(  54, 485)   coste     858      816
(  54, 494)   coste     789      796
(  55, 237)   coste     787      736
(  55, 367)   coste     381      290
(  55, 431)   coste     626      590
(  56, 147)   coste     985      966
(  56, 369)   coste     266      306
(  57, 112)   coste     331      384
(  57, 203)   coste     457      470
(  57, 327)   coste     434      445
(  57, 455)   coste     227      241
(  58,  68)   coste     424      408
(  58,  87)   coste     435      353
(  58, 235)   coste     375      334
(  59, 173)   coste     151      197
(  59, 182)   coste     529      511
(  59, 379)   coste     538      535
(  59, 473)   coste     387      288
(  59, 479)   coste     605      633
(  60, 240)   coste     313      362
(  60, 361)   coste     426      478
(  60, 497)   coste     725      671
(  61, 112)   coste     584      569
(  61, 122)   coste     342      275
(  61, 209)   coste     205      194
(  61, 314)   coste     441      389
(  61, 332)   coste     374      405
(  61, 339)   coste     261      232
(  62, 219)   coste     883      908
(  62, 294)   coste     375      389
(  62, 365)   coste     146      201
(  62, 486)   coste     516      492
(  63, 176)   coste     835      778
(  63, 259)   coste     545      575
(  64, 114)   coste     335      353
(  64, 184)   coste    1292     1329
(  64, 373)   coste     917      832
(  64, 392)   coste      98       84
(  64, 454)   coste     795      823
(  65, 470)   coste     991     1014
(  66,  89)   coste     344      388
(  66, 313)   coste     612      619
(  67, 121)   coste     494      442
(  67, 167)   coste     544      545
(  68, 114)   coste     243      268
(  68, 178)   coste     395      315
(  68, 323)   coste     788      734
(  69,  89)   coste     516      445
(  69, 323)   coste     410      388
(  70,  95)   coste     313      303
(  70, 161)   coste     412      428
(  70, 245)   coste      59      125
(  70, 302)   coste     842      833
(  70, 480)   coste     170      174
(  71, 237)   coste     662      612
(  72, 113)   coste     872      800
(  72, 276)   coste     485      477
(  72, 470)   coste     433      466
(  73, 259)   coste     653      636
(  74, 206)   coste     308      343
(  74, 378)   coste     534      586
(  74, 450)   coste     455      533
(  75, 232)   coste     499      585
(  75, 434)   coste     644      635
(  76, 116)   coste     486      469
(  76, 130)   coste     456      521
(  76, 245)   coste     466      468
(  76, 345)   coste     216      179
(  76, 420)   coste     404      403
(  76, 463)   coste     618      546
(  77,  90)   coste      36        3
(  77, 493)   coste     834      803
(  78, 155)   coste     896      911
(  78, 319)   coste    1225     1198
(  79, 405)   coste     460      496
(  79, 409)   coste     861      822
(  80, 205)   coste     426      473
(  81, 285)   coste     887      917
(  81, 292)   coste     314      278
(  82, 169)   coste     589      671
(  82, 215)   coste     930      952
(  83, 261)   coste     668      672
(  84, 229)   coste     919      926
(  84, 371)   coste     222      207
(  84, 484)   coste     958     1035
(  86, 226)   coste     427      481
(  87, 115)   coste     257      284
(  87, 176)   coste     785      810
(  88, 112)   coste     530      425
(  88, 347)   coste     513      509
(  88, 449)   coste     437      474
(  89, 344)   coste     792      801
(  90, 243)   coste     522      537
(  90, 301)   coste     700      774
(  90, 386)   coste     144      158
(  90, 427)   coste     943      965
(  90, 483)   coste     669      667
(  91, 152)   coste     131      136
(  91, 248)   coste     477      429
(  91, 307)   coste     684      715
(  91, 493)   coste     981      943
(  92, 144)   coste     522      545
(  92, 192)   coste     562      545
(  92, 294)   coste     264      267
(  93, 284)   coste     672      647
(  93, 312)   coste     434      450
(  94, 452)   coste     572      553
(  95, 172)   coste     789      791
(  95, 328)   coste     266      258
(  95, 436)   coste     901      938
(  97, 210)   coste     142      196
(  97, 358)   coste     803      757
(  98, 120)   coste     813      874
(  98, 166)   coste     636      696
(  98, 240)   coste     278      345
(  98, 257)   coste     306      205
(  99, 419)   coste     290      277
( 100, 288)   coste     864      875
( 101, 198)   coste     219      254
( 101, 378)   coste     510      559
( 101, 393)   coste     667      703
( 103, 155)   coste     169      237
( 103, 167)   coste     370      342
( 103, 215)   coste     741      739
( 103, 355)   coste     673      665
( 104, 110)   coste     367      299
( 104, 390)   coste     452      469
( 105, 274)   coste     274      272
( 105, 297)   coste     438      400
( 105, 376)   coste     661      701
( 105, 491)   coste     169      251
( 106, 148)   coste     965     1059
( 106, 172)   coste     587      601
( 106, 410)   coste     763      847
( 106, 440)   coste     134      175
( 106, 497)   coste     586      566
( 107, 265)   coste     626      594
( 107, 335)   coste     528      458
( 108, 223)   coste     471      480
( 108, 343)   coste     366      376
( 108, 413)   coste     516      580
( 109, 165)   coste     517      532
( 109, 171)   coste     798      782
( 110, 160)   coste     182      201
( 110, 197)   coste     607      677
( 110, 233)   coste     302      294
( 110, 276)   coste     483      516
( 110, 293)   coste     802      792
( 111, 127)   coste     670      643
( 111, 413)   coste     575      615
( 111, 469)   coste     616      575
( 112, 174)   coste     848      819
( 112, 245)   coste     393      467
( 112, 309)   coste     815      765
( 112, 374)   coste     634      614
( 112, 403)   coste     803      827
( 112, 477)   coste     895      977
( 113, 404)   coste     770      807
( 113, 408)   coste     875      862
( 113, 435)   coste     735      684
( 114, 271)   coste     157      156
( 114, 404)   coste     612      661
( 115, 311)   coste     752      771
( 115, 425)   coste     607      687
( 115, 434)   coste     264      276
( 116, 140)   coste     228      282
( 116, 230)   coste     842      811
( 116, 249)   coste     863      827
( 117, 177)   coste     299      238
( 118, 129)   coste     230      257
( 118, 275)   coste     301      348
( 118, 484)   coste     175       96
( 119, 324)   coste     677      642
( 119, 366)   coste      85        1
( 120, 236)   coste     966     1002
( 120, 254)   coste     605      666
( 120, 284)   coste     646      639
( 121, 283)   coste     498      494
( 121, 301)   coste     596      649
( 122, 354)   coste     588      550
( 122, 370)   coste     772      705
( 122, 426)   coste     454      471
( 123, 171)   coste     794      843
( 123, 346)   coste     235      142
( 123, 465)   coste     683      691
( 124, 170)   coste     477      499
( 124, 277)   coste     268      225
( 124, 468)   coste    1059     1035
( 125, 165)   coste     642      622
( 125, 213)   coste     456      498
( 125, 229)   coste     429      449
( 125, 417)   coste     493      490
( 126, 128)   coste     330      360
( 126, 334)   coste     404      426
( 126, 474)   coste     203      101
( 127, 207)   coste     234      229
( 127, 462)   coste     242      251
( 128, 197)   coste     607      609
( 128, 253)   coste     527      504
( 129, 385)   coste     187      107
( 129, 402)   coste     403      417
( 129, 451)   coste     188      174
( 129, 474)   coste      92      172
( 129, 492)   coste     221      295
( 130, 285)   coste     842      877
( 130, 468)   coste      89      102
( 131, 142)   coste     574      618
( 131, 246)   coste     156      187
( 131, 376)   coste     740      735
( 131, 447)   coste     397      393
( 131, 484)   coste     875      914
( 132, 168)   coste     276      237
( 132, 244)   coste     644      614
( 132, 426)   coste     166      164
( 133, 143)   coste     649      576
( 133, 326)   coste     723      765
( 134, 158)   coste     449      451
( 134, 238)   coste     881      875
( 134, 305)   coste     660      660
( 134, 469)   coste     329      406
( 135, 317)   coste     455      535
( 135, 424)   coste     144      180
( 135, 485)   coste     335      267
( 135, 493)   coste     513      544
( 136, 202)   coste     873      932
( 136, 270)   coste     795      792
( 136, 483)   coste     432      452
( 137, 199)   coste     424      392
( 137, 374)   coste     241      253
( 137, 481)   coste     343      428
( 138, 170)   coste     923      921
( 138, 299)   coste     748      720
( 138, 423)   coste     414      412
( 139, 286)   coste     627      660
( 139, 301)   coste     380      388
( 139, 308)   coste     244      247
( 139, 318)   coste     898      926
( 139, 451)   coste     737      756
( 140, 475)   coste     203      173
( 141, 148)   coste     572      558
( 141, 364)   coste     487      407
( 142, 260)   coste     267      321
( 143, 345)   coste     517      522
( 143, 388)   coste     437      428
( 143, 389)   coste     271      242
( 144, 165)   coste    1031      972
( 144, 218)   coste     721      690
( 144, 221)   coste     403      410
( 145, 419)   coste     739      748
( 145, 455)   coste     422      441
( 146, 222)   coste     422      512
( 146, 328)   coste     147       80
( 147, 438)   coste     146      218
( 149, 475)   coste     680      705
( 150, 379)   coste     746      796
( 150, 413)   coste     852      849
( 151, 158)   coste     731      739
( 151, 241)   coste     453      392
( 152, 287)   coste       5       48
( 152, 385)   coste     310      295
( 152, 458)   coste     729      746
( 153, 302)   coste     677      644
( 153, 396)   coste     653      618
( 153, 482)   coste     345      435
( 154, 220)   coste     390      337
( 155, 458)   coste     575      614
( 156, 232)   coste     330      326
( 156, 457)   coste     628      637
( 156, 490)   coste     704      724
( 157, 196)   coste     514      459
( 157, 275)   coste     452      440
( 157, 328)   coste     585      497
( 157, 377)   coste     831      805
( 157, 437)   coste     251      265
( 158, 443)   coste     307      255
( 158, 450)   coste     132      103
( 159, 412)   coste     348      380
( 160, 213)   coste     863      873
( 160, 273)   coste     966      950
( 160, 432)   coste     672      678
( 162, 294)   coste     491      489
( 162, 363)   coste    1162     1087
( 163, 231)   coste     597      651
( 163, 384)   coste     842      831
( 164, 416)   coste    1163     1187
( 164, 464)   coste     512      503
( 165, 431)   coste     553      546
( 165, 497)   coste     864      795
( 166, 244)   coste      95       44
( 166, 308)   coste     738      734
( 167, 221)   coste     977      988
( 167, 289)   coste     506      486
( 167, 319)   coste     695      657
( 167, 441)   coste     741      806
( 168, 204)   coste     854      820
( 168, 215)   coste     668      687
( 168, 242)   coste     194      150
( 168, 478)   coste     163      175
( 169, 229)   coste     763      720
( 169, 278)   coste     227      230
( 169, 366)   coste     480      517
( 169, 480)   coste     266      263
( 170, 263)   coste     501      506
( 170, 315)   coste     862      913
( 170, 324)   coste     484      508
( 171, 339)   coste     909      939
( 171, 489)   coste     829      775
( 172, 176)   coste    1018     1044
( 172, 317)   coste     206      130
( 172, 442)   coste     449      406
( 173, 204)   coste     719      786
( 174, 321)   coste     659      628
( 174, 403)   coste     430      410
( 174, 442)   coste     242      238
( 175, 353)   coste     161      181
( 175, 421)   coste     677      708
( 175, 478)   coste     637      635
( 176, 256)   coste     178      189
( 176, 312)   coste     531      499
( 177, 219)   coste     278      325
( 177, 264)   coste     781      850
( 178, 286)   coste     895      934
( 178, 374)   coste     753      780
( 179, 191)   coste     809      813
( 179, 336)   coste     885      895
( 179, 380)   coste     742      770
( 180, 305)   coste     189      179
( 180, 324)   coste     141      161
( 180, 481)   coste     376      340
( 181, 321)   coste     691      667
( 181, 430)   coste     954      950
( 182, 384)   coste     546      491
( 182, 422)   coste     651      716
( 183, 287)   coste     868      846
( 183, 321)   coste     438      342
( 183, 362)   coste     618      612
( 184, 309)   coste    1006     1065
( 184, 338)   coste    1136     1114
( 185, 231)   coste     404      412
( 185, 404)   coste     772      703
( 185, 471)   coste     452      501
( 185, 488)   coste     608      658
( 186, 195)   coste     659      731
( 186, 301)   coste     668      688
( 186, 303)   coste     289      265
( 187, 500)   coste     603      610
( 188, 296)   coste     721      721
( 188, 328)   coste     628      663
( 188, 395)   coste     172      151
( 189, 197)   coste     569      550
( 189, 221)   coste     468      451
( 189, 260)   coste     513      518
( 189, 283)   coste     775      779
( 190, 200)   coste     428      461
( 190, 245)   coste     243      154
( 190, 427)   coste     657      614
( 190, 436)   coste     665      587
( 191, 197)   coste     770      761
( 192, 235)   coste     467      502
( 192, 457)   coste     162      168
( 193, 223)   coste     791      796
( 193, 294)   coste     407      502
( 193, 428)   coste     821      797
( 194, 203)   coste     488      472
( 194, 212)   coste     113      107
( 194, 253)   coste     112      114
( 194, 321)   coste     217      123
( 195, 269)   coste     468      419
( 195, 486)   coste     665      731
( 196, 221)   coste     626      579
( 196, 438)   coste     519      559
( 197, 235)   coste     523      531
( 197, 281)   coste     537      581
( 197, 453)   coste     587      601
( 198, 281)   coste     193      166
( 198, 392)   coste     570      532
( 199, 350)   coste     718      746
( 199, 359)   coste     694      615
( 199, 394)   coste     789      695
( 200, 268)   coste     422      448
( 200, 280)   coste     755      718
( 200, 370)   coste     119       44
( 200, 387)   coste     546      640
( 200, 392)   coste     700      715
( 201, 328)   coste     313      263
( 201, 392)   coste     579      512
( 202, 362)   coste     299      283
( 203, 293)   coste     544      535
( 204, 349)   coste    1012     1003
( 204, 464)   coste    1038     1058
( 205, 235)   coste     475      508
( 206, 227)   coste     797      779
( 206, 335)   coste     879      861
( 206, 364)   coste     391      449
( 206, 448)   coste     570      567
( 207, 242)   coste     259      317
( 207, 278)   coste     315      249
( 207, 315)   coste     573      619
( 207, 397)   coste     500      532
( 208, 404)   coste     622      644
( 209, 291)   coste     520      562
( 209, 442)   coste     506      502
( 209, 471)   coste      62       93
( 210, 431)   coste     634      631
( 210, 445)   coste     387      335
( 211, 293)   coste     878      923
( 211, 397)   coste    1029     1019
( 212, 349)   coste     297      335
( 212, 418)   coste     563      613
( 212, 446)   coste     504      553
( 213, 445)   coste      36       44
( 213, 493)   coste     284      207
( 214, 316)   coste     323      333
( 214, 345)   coste     176      148
( 214, 366)   coste     501      471
( 214, 497)   coste     755      751
( 217, 492)   coste     288      276
( 218, 224)   coste     626      566
( 219, 236)   coste     109      113
( 219, 257)   coste     496      553
( 219, 389)   coste     871      956
( 220, 343)   coste     508      437
( 220, 464)   coste     700      694
( 221, 278)   coste     484      449
( 221, 390)   coste     703      694
( 221, 409)   coste     885      861
( 222, 392)   coste     531      504
( 223, 266)   coste     646      587
( 223, 377)   coste     352      431
( 223, 493)   coste     217      195
( 224, 287)   coste    1064     1100
( 224, 313)   coste     343      388
( 224, 408)   coste     739      782
( 225, 437)   coste     880      956
( 226, 428)   coste     791      851
( 227, 234)   coste     535      513
( 228, 346)   coste     683      616
( 228, 429)   coste     305      336
( 229, 394)   coste     194      215
( 229, 409)   coste     414      376
( 229, 459)   coste     624      519
( 230, 433)   coste     476      498
( 231, 454)   coste     677      726
( 232, 341)   coste     633      549
( 233, 496)   coste     603      594
( 235, 342)   coste     955      927
( 236, 288)   coste     897      908
( 236, 317)   coste     780      840
( 237, 382)   coste     266      286
( 237, 400)   coste    1170     1199
( 237, 474)   coste     610      631
( 238, 273)   coste     518      494
( 238, 312)   coste     232      232
( 238, 379)   coste     809      863
( 238, 499)   coste     565      520
( 239, 342)   coste     465      417
( 239, 362)   coste     419      423
( 240, 288)   coste     434      438
( 241, 304)   coste     303      391
( 242, 417)   coste     290      349
( 243, 500)   coste     536      549
( 244, 331)   coste     775      784
( 244, 482)   coste     581      600
( 244, 488)   coste     482      485
( 245, 413)   coste     322      250
( 245, 421)   coste     224      209
( 245, 461)   coste     303      254
( 246, 310)   coste     609      575
( 247, 487)   coste     345      381
( 247, 494)   coste     705      689
( 248, 371)   coste     797      709
( 250, 335)   coste     558      579
( 251, 380)   coste     581      580
( 252, 433)   coste     319      326
( 252, 436)   coste      47       73
( 252, 445)   coste     875      926
( 253, 478)   coste     108      106
( 254, 399)   coste     296      293
( 255, 487)   coste     473      460
( 257, 310)   coste     675      696
( 257, 347)   coste     326      239
( 258, 417)   coste     130      114
( 260, 415)   coste     348      431
( 261, 399)   coste     567      581
( 262, 279)   coste     711      668
( 262, 355)   coste     819      790
( 262, 359)   coste     440      527
( 263, 356)   coste     167      196
( 263, 387)   coste     492      517
( 264, 382)   coste     721      683
( 265, 433)   coste     484      459
( 267, 309)   coste     205      213
( 267, 401)   coste     956      873
( 268, 421)   coste     582      518
( 269, 271)   coste     751      765
( 269, 466)   coste     160      114
( 270, 361)   coste     272      222
( 270, 498)   coste     635      623
( 272, 345)   coste     620      578
( 272, 481)   coste     927      911
( 273, 389)   coste     467      531
( 273, 475)   coste     456      460
( 274, 373)   coste     461      453
( 274, 439)   coste     482      466
( 275, 370)   coste     448      355
( 277, 314)   coste     488      568
( 279, 326)   coste     607      573
( 279, 365)   coste     840      751
( 279, 383)   coste      46       58
( 280, 315)   coste     790      817
( 280, 391)   coste     261      339
( 281, 377)   coste     559      505
( 282, 287)   coste     931      873
( 282, 298)   coste     157      200
( 282, 316)   coste     863      953
( 282, 373)   coste     431      516
( 283, 414)   coste     567      586
( 284, 468)   coste     765      752
( 286, 290)   coste     491      488
( 286, 491)   coste     655      593
( 292, 418)   coste     278      282
( 292, 452)   coste     603      612
( 292, 493)   coste     669      639
( 293, 400)   coste    1092     1041
( 294, 386)   coste     296      319
( 294, 423)   coste     139      126
( 294, 493)   coste     506      439
( 295, 452)   coste     393      379
( 295, 469)   coste      31       39
( 296, 317)   coste     496      521
( 297, 356)   coste     181      146
( 297, 384)   coste     885      822
( 299, 398)   coste     676      713
( 300, 358)   coste     693      729
( 300, 374)   coste     537      580
( 300, 375)   coste     607      608
( 300, 437)   coste     982      919
( 303, 314)   coste     141      144
( 303, 360)   coste     363      319
( 305, 382)   coste     393      393
( 306, 314)   coste     949      978
( 306, 415)   coste     495      523
( 307, 363)   coste     979      980
( 308, 365)   coste     995     1009
( 308, 387)   coste     877      906
( 309, 320)   coste     703      748
( 309, 338)   coste     282      276
( 311, 377)   coste     581      684
( 311, 407)   coste     314      317
( 311, 430)   coste     550      508
( 311, 466)   coste     678      680
( 313, 479)   coste     175      181
( 314, 353)   coste     807      812
( 314, 377)   coste     568      566
( 316, 383)   coste     386      320
( 318, 446)   coste     861      774
( 320, 377)   coste     630      604
( 321, 332)   coste     161      198
( 321, 400)   coste     788      808
( 322, 390)   coste     911      852
( 323, 356)   coste     431      398
( 323, 370)   coste     802      744
( 324, 370)   coste     696      705
( 324, 436)   coste     841      864
( 324, 472)   coste     281      249
( 325, 485)   coste     353      322
( 326, 403)   coste     360      362
( 328, 374)   coste     295      331
( 329, 344)   coste     316      372
( 330, 420)   coste     401      457
( 330, 453)   coste     492      460
( 332, 398)   coste     918      894
( 332, 477)   coste     694      599
( 335, 365)   coste     733      719
( 335, 459)   coste     386      394
( 336, 480)   coste     205      287
( 337, 354)   coste     672      614
( 338, 384)   coste     436      472
( 340, 369)   coste     448      460
( 340, 469)   coste     328      299
( 342, 465)   coste     560      523
( 342, 497)   coste     623      581
( 343, 420)   coste     166      151
( 343, 446)   coste     522      565
( 343, 490)   coste     287      304
( 344, 396)   coste     772      777
( 344, 483)   coste     251      276
( 345, 397)   coste     718      773
( 345, 488)   coste     441      350
( 347, 371)   coste     656      683
( 347, 489)   coste      79       73
( 349, 378)   coste     280      202
( 349, 425)   coste     793      820
( 351, 353)   coste     823      858
( 351, 423)   coste     578      546
( 352, 459)   coste     524      467
( 352, 480)   coste     337      367
( 353, 371)   coste     675      686
( 355, 423)   coste     560      604
( 356, 443)   coste     188      226
( 356, 475)   coste     175      245
( 357, 479)   coste     652      658
( 357, 495)   coste     457      437
( 359, 396)   coste     901      921
( 361, 366)   coste     126      127
( 362, 368)   coste     215      188
( 364, 426)   coste     490      434
( 364, 435)   coste     424      406
( 365, 393)   coste     285      273
( 367, 429)   coste     909      959
( 371, 391)   coste     881      854
( 371, 424)   coste     519      499
( 371, 425)   coste     782      844
( 372, 479)   coste     233      241
( 373, 474)   coste     497      442
( 375, 423)   coste     369      333
( 377, 429)   coste     476      421
( 377, 466)   coste     560      614
( 378, 389)   coste      78      100
( 381, 443)   coste     911      907
( 384, 406)   coste    1159     1105
( 384, 493)   coste     645      697
( 396, 453)   coste     483      498
( 397, 425)   coste    1088     1147
( 397, 460)   coste     473      566
( 400, 403)   coste     657      691
( 401, 442)   coste     913      932
( 401, 464)   coste     536      504
( 403, 415)   coste     533      537
( 403, 490)   coste     647      653
( 405, 428)   coste     591      526
( 407, 481)   coste     669      676
( 410, 444)   coste     868      783
( 410, 496)   coste     847      812
( 411, 471)   coste     179      203
( 412, 487)   coste     663      664
( 414, 415)   coste     458      556
( 414, 434)   coste     282      251
( 414, 472)   coste     242      238
( 415, 458)   coste     520      537
( 415, 468)   coste     465      449
( 415, 495)   coste     642      655
( 416, 431)   coste     822      787
( 417, 420)   coste     268      344
( 417, 427)   coste     510      536
( 419, 484)   coste     517      482
( 424, 495)   coste     388      374
( 425, 428)   coste     789      821
( 426, 435)   coste     705      683
( 427, 455)   coste     778      712
( 428, 431)   coste     757      717
( 428, 497)   coste     257      234
( 430, 483)   coste     717      749
( 431, 451)   coste     430      496
( 431, 487)   coste     679      620
( 439, 484)   coste     637      647
( 441, 445)   coste     128      189
( 450, 459)   coste     147      150
( 450, 462)   coste     247      250
( 451, 486)   coste     558      645
( 452, 459)   coste     125      133
( 454, 463)   coste     434      379
( 457, 481)   coste     578      614
( 466, 481)   coste     408      368
( 476, 486)   coste     882      894
( 482, 491)   coste     163      106
( 484, 485)   coste     307      239
LISTA_ARISTAS_NOREQ :
          
 ===========================================          
 COORDENADAS DE LOS VERTICES:                         
 ===========================================          
          1         423         919                   
          2         511         164                   
          3         162         109                   
          4         550          96                   
          5         279         868                   
          6         215          59                   
          7         681         351                   
          8         587         586                   
          9           0         467                   
         10         171         197                   
         11         197          43                   
         12         350         585                   
         13         949          74                   
         14         563         471                   
         15         900         934                   
         16         145          37                   
         17         435         682                   
         18         965          45                   
         19         598         289                   
         20         240         247                   
         21         351         449                   
         22          23         777                   
         23         818          39                   
         24         238         115                   
         25         323         149                   
         26         905         993                   
         27         924         797                   
         28         517         735                   
         29         238         398                   
         30         107         776                   
         31         135         783                   
         32         684         370                   
         33         990          32                   
         34         381         948                   
         35         590         585                   
         36         679         721                   
         37          83         784                   
         38         632          79                   
         39         911         341                   
         40         143         818                   
         41         260         605                   
         42         220         357                   
         43         883         633                   
         44         796         400                   
         45         958         398                   
         46         525         381                   
         47         453         802                   
         48         505         493                   
         49         620         542                   
         50         496         790                   
         51         997         153                   
         52         738         960                   
         53         930         923                   
         54         803         821                   
         55          61          75                   
         56         800         690                   
         57         544         331                   
         58         445         376                   
         59         515         326                   
         60         276         286                   
         61         566         599                   
         62         827         579                   
         63         795         245                   
         64         961         950                   
         65         895         976                   
         66         915         325                   
         67         508         726                   
         68         391         794                   
         69         435         439                   
         70         638         231                   
         71         941         645                   
         72          59         404                   
         73         376         799                   
         74         555         709                   
         75         678         994                   
         76         285         519                   
         77         632          40                   
         78         994         877                   
         79         928         139                   
         80         930          50                   
         81          46         587                   
         82         392         140                   
         83         713         950                   
         84         911         694                   
         85         504         896                   
         86         326         117                   
         87         824         312                   
         88         501         489                   
         89         685          14                   
         90         592          67                   
         91         199          34                   
         92         461         767                   
         93         529          86                   
         94         358         483                   
         95         443          26                   
         96         115         324                   
         97         721         907                   
         98         253         743                   
         99          37         648                   
        100         129         448                   
        101         275         526                   
        102          33         769                   
        103         280         585                   
        104         272         637                   
        105         795         504                   
        106         473         956                   
        107         788         491                   
        108         561         674                   
        109         407         755                   
        110         154         321                   
        111         361         662                   
        112         339          39                   
        113         888         327                   
        114         656         821                   
        115         753         569                   
        116         618         138                   
        117         136         413                   
        118         207         178                   
        119         422         854                   
        120         750          51                   
        121          31         617                   
        122         856         445                   
        123         209         917                   
        124         889         971                   
        125         766          90                   
        126         478         299                   
        127         887         339                   
        128         121         317                   
        129         425         269                   
        130         515          82                   
        131         826         631                   
        132         503         596                   
        133         166         802                   
        134         972          43                   
        135         336         605                   
        136         954         666                   
        137         842         139                   
        138          51         319                   
        139         273         886                   
        140         867          36                   
        141         359         266                   
        142         468         179                   
        143         700         470                   
        144         946         893                   
        145         692          61                   
        146         594         226                   
        147          11         183                   
        148         914          52                   
        149         171         554                   
        150         733         893                   
        151         263         114                   
        152         156         118                   
        153         833         750                   
        154         846         989                   
        155         210         386                   
        156         512         774                   
        157         131         130                   
        158         899         459                   
        159         496         295                   
        160          17         240                   
        161         832         627                   
        162         113         848                   
        163         513         165                   
        164          32          58                   
        165         176         244                   
        166          71         126                   
        167           5         856                   
        168         576         337                   
        169         803         605                   
        170         957         458                   
        171           0         131                   
        172         943         646                   
        173         641         478                   
        174         429         874                   
        175         487         830                   
        176          17         147                   
        177         224         650                   
        178         140         529                   
        179         217         963                   
        180         629         379                   
        181         641         953                   
        182         720         848                   
        183         915         456                   
        184           8          55                   
        185         737         826                   
        186         807         140                   
        187         591         821                   
        188         478         745                   
        189         791         924                   
        190         548         463                   
        191         768         378                   
        192         530         262                   
        193         184         863                   
        194         745         258                   
        195         174         421                   
        196         332         572                   
        197         251         954                   
        198         525         486                   
        199         853         549                   
        200         287         821                   
        201         855         323                   
        202          43         681                   
        203         707         721                   
        204          98         984                   
        205         584         374                   
        206         343         987                   
        207         643         454                   
        208         567         862                   
        209         665         481                   
        210         624         767                   
        211         230         803                   
        212         685         333                   
        213         868         570                   
        214         181         479                   
        215         900         958                   
        216         372         360                   
        217         306         234                   
        218         239         836                   
        219          10         873                   
        220         960         661                   
        221         938         487                   
        222         459         666                   
        223         993         704                   
        224         809         932                   
        225         567         918                   
        226         196         565                   
        227         337         213                   
        228         698         766                   
        229         288          65                   
        230         407         913                   
        231         346         739                   
        232         251         663                   
        233         461         330                   
        234         288         772                   
        235          92         435                   
        236          13         729                   
        237         846          30                   
        238         396         759                   
        239         564         302                   
        240         482         542                   
        241         496         491                   
        242         567         195                   
        243         763         575                   
        244          86          75                   
        245         684         314                   
        246         681         736                   
        247         788         711                   
        248         354         488                   
        249         159         839                   
        250         545         634                   
        251         572         823                   
        252          71         924                   
        253         602         223                   
        254         528         637                   
        255         878         750                   
        256         182          12                   
        257         507         770                   
        258         452         608                   
        259         272         137                   
        260         719         367                   
        261         420         381                   
        262         689         887                   
        263         616          93                   
        264         989         959                   
        265         369         970                   
        266         746         116                   
        267         732         918                   
        268          98         394                   
        269         537         186                   
        270         221         793                   
        271         543         911                   
        272         118         915                   
        273         861         660                   
        274         597         655                   
        275         399         470                   
        276         203         828                   
        277         698         844                   
        278         571         715                   
        279         187         431                   
        280         883         356                   
        281         362         383                   
        282         555         938                   
        283         319         244                   
        284         644         698                   
        285         949         835                   
        286         947         923                   
        287         170         102                   
        288         922         731                   
        289          40         391                   
        290         901         447                   
        291         129         454                   
        292         279         422                   
        293         912         196                   
        294         478         509                   
        295         620         180                   
        296         980         269                   
        297         471         190                   
        298         715         920                   
        299         727         630                   
        300         770         859                   
        301         622         793                   
        302         215         984                   
        303         730         388                   
        304         715         750                   
        305         515         525                   
        306         128         934                   
        307         210         735                   
        308          16         896                   
        309         776         719                   
        310         643         133                   
        311          25         587                   
        312         386         550                   
        313         472         746                   
        314         921         372                   
        315          93         627                   
        316         166         125                   
        317         810         752                   
        318         533          31                   
        319           0         178                   
        320          74         586                   
        321         573         275                   
        322         935         830                   
        323         212          64                   
        324         528         224                   
        325         423         432                   
        326         774         411                   
        327         103         385                   
        328         676         135                   
        329         593         490                   
        330          68         287                   
        331         786         438                   
        332         767         271                   
        333         963         714                   
        334         863          74                   
        335         525          92                   
        336         729         198                   
        337         764         611                   
        338         682         949                   
        339         586         877                   
        340         304         179                   
        341         484         123                   
        342         911          36                   
        343         628         332                   
        344         287         687                   
        345         215         312                   
        346          35         838                   
        347         319         976                   
        348         773         724                   
        349         486          67                   
        350         165         429                   
        351         623          52                   
        352         624         746                   
        353         318         843                   
        354         408          61                   
        355         669          91                   
        356         598         274                   
        357         761         383                   
        358         295         284                   
        359         234         736                   
        360         674         711                   
        361         433         714                   
        362         254         508                   
        363         928          92                   
        364         111         628                   
        365         948         673                   
        366         427         886                   
        367          41         409                   
        368         487         486                   
        369         668         407                   
        370         199         822                   
        371         960         919                   
        372         316         724                   
        373         118         756                   
        374         896         340                   
        375         208         895                   
        376         105         497                   
        377         609         830                   
        378         690         192                   
        379         987         186                   
        380         523         280                   
        381         284         916                   
        382         856         300                   
        383         173         498                   
        384         195         986                   
        385         501         135                   
        386         569         185                   
        387         815         557                   
        388         639         916                   
        389         639         224                   
        390         319         215                   
        391         775          79                   
        392         954         864                   
        393         926         396                   
        394         180         224                   
        395         338         620                   
        396         863         100                   
        397         924           9                   
        398         112         885                   
        399         452         957                   
        400         168         996                   
        401          81         266                   
        402          50         453                   
        403         775         723                   
        404         122         433                   
        405         574         426                   
        406         802           4                   
        407         306         536                   
        408          76         631                   
        409         105         376                   
        410         462         159                   
        411         533         384                   
        412         154         177                   
        413         495         113                   
        414         853         505                   
        415         347         477                   
        416         740         957                   
        417         381         468                   
        418         132         128                   
        419         277         629                   
        420         502         188                   
        421         592         121                   
        422          42         692                   
        423         352         573                   
        424         492         662                   
        425         160         824                   
        426         564         746                   
        427          94         915                   
        428         967         840                   
        429         968         554                   
        430         196          92                   
        431         696         167                   
        432         631         416                   
        433         107         565                   
        434         613         378                   
        435         163         225                   
        436         104         915                   
        437         352          29                   
        438         165          81                   
        439         152         816                   
        440         560         864                   
        441         708         569                   
        442         674         977                   
        443         769         188                   
        444         676         960                   
        445         844         493                   
        446         657         846                   
        447         474         761                   
        448         288         415                   
        449         950         352                   
        450         893         368                   
        451         214         184                   
        452         920         355                   
        453         505         425                   
        454         819         190                   
        455         317         213                   
        456         622         619                   
        457         480         148                   
        458         824         367                   
        459         809         298                   
        460         411          59                   
        461         960         220                   
        462         673         208                   
        463         872         598                   
        464         586          37                   
        465         756         569                   
        466         666         250                   
        467         600         700                   
        468         416           2                   
        469         640         170                   
        470         369         118                   
        471         695         375                   
        472         775         310                   
        473         278         571                   
        474         334         354                   
        475         775         162                   
        476          75         539                   
        477         692         917                   
        478         717         240                   
        479         322         912                   
        480         658         427                   
        481         961         513                   
        482         591         437                   
        483         506         769                   
        484          58         174                   
        485          54         454                   
        486         799          93                   
        487         428         781                   
        488         589         206                   
        489         340         871                   
        490         783          69                   
        491         681         337                   
        492         497           7                   
        493         831         799                   
        494         598          56                   
        495         877         779                   
        496         728         913                   
        497         900         615                   
        498          37         164                   
        499         949         648                   
        500         393         227                   
 ===========================================          
