NOMBRE : WB0532 
COMENTARIO :  Chino Windy aleatorio grafico
VERTICES :  500
ARISTAS_REQ :  874
ARISTAS_NOREQ :    0
LISTA_ARISTAS_REQ :
(   1, 182)   coste      45       47
(   1, 198)   coste      42       44
(   1, 246)   coste      23       24
(   1, 444)   coste      24       22
(   1, 492)   coste      33       32
(   2, 283)   coste      65       66
(   2, 369)   coste      57       51
(   2, 475)   coste      46       56
(   3, 190)   coste      26       15
(   3, 352)   coste      21       23
(   3, 474)   coste      32       29
(   4,  46)   coste      31       24
(   4, 463)   coste      53       57
(   4, 487)   coste      37       34
(   5, 148)   coste      42       37
(   5, 304)   coste      29       22
(   5, 362)   coste      12       20
(   5, 382)   coste      35       35
(   6, 150)   coste      51       56
(   6, 357)   coste      45       45
(   6, 439)   coste      42       34
(   7, 141)   coste      33       30
(   7, 370)   coste       1        1
(   7, 409)   coste      29       38
(   8,  52)   coste      19       12
(   8, 195)   coste      18       29
(   9, 173)   coste       5        1
(   9, 198)   coste      29       33
(   9, 322)   coste      25       30
(  10, 190)   coste      27       26
(  10, 448)   coste      32       28
(  10, 485)   coste      27       28
(  11,  48)   coste      50       44
(  11,  76)   coste      28       40
(  11,  91)   coste      20       31
(  11, 407)   coste       7        9
(  11, 457)   coste      49       42
(  12,  27)   coste      43       54
(  12, 216)   coste      43       51
(  12, 223)   coste      52       50
(  12, 388)   coste      63       63
(  12, 454)   coste      60       57
(  13, 162)   coste      35       24
(  13, 341)   coste      30       18
(  13, 446)   coste      55       51
(  14, 360)   coste      66       62
(  14, 374)   coste      55       50
(  14, 378)   coste      56       49
(  15, 118)   coste      17       13
(  15, 340)   coste      38       45
(  15, 367)   coste      19       22
(  15, 377)   coste      11       22
(  16, 234)   coste      44       36
(  16, 252)   coste      42       50
(  16, 312)   coste      41       36
(  16, 464)   coste      13        9
(  17,  18)   coste      22       14
(  17,  19)   coste      33       26
(  17, 371)   coste      40       38
(  18,  19)   coste      44       54
(  18, 160)   coste      71       71
(  18, 333)   coste      58       52
(  19, 344)   coste      52       46
(  19, 371)   coste      30       29
(  20, 264)   coste      11        1
(  20, 418)   coste      47       43
(  21, 135)   coste      11        8
(  21, 318)   coste      52       51
(  22, 100)   coste      28       37
(  22, 107)   coste      47       39
(  22, 242)   coste      22       31
(  22, 396)   coste      55       54
(  22, 465)   coste      21       23
(  23, 102)   coste      48       49
(  23, 361)   coste      54       61
(  23, 410)   coste      47       56
(  24, 459)   coste      18       29
(  24, 499)   coste       6       15
(  25,  60)   coste      10       14
(  25,  81)   coste      36       42
(  25,  89)   coste      20       20
(  25, 104)   coste      47       48
(  25, 255)   coste      40       31
(  26,  77)   coste      28       28
(  26, 127)   coste      24       27
(  26, 316)   coste      18       25
(  27, 223)   coste      16       15
(  27, 388)   coste      52       48
(  27, 473)   coste      85       78
(  28, 231)   coste      47       50
(  28, 240)   coste      42       41
(  28, 416)   coste      65       62
(  29,  90)   coste      37       31
(  29, 169)   coste      50       48
(  29, 495)   coste      22       29
(  29, 496)   coste      20       21
(  30,  42)   coste      23       31
(  30, 181)   coste      37       43
(  30, 187)   coste       2        5
(  30, 428)   coste      35       37
(  31, 185)   coste      44       49
(  31, 214)   coste      18       26
(  31, 251)   coste      49       50
(  32,  79)   coste      23       18
(  32, 271)   coste      45       43
(  32, 368)   coste      50       55
(  32, 466)   coste      50       50
(  33, 415)   coste      23       21
(  33, 476)   coste       3        9
(  34, 202)   coste      50       59
(  34, 338)   coste      58       60
(  34, 409)   coste      38       45
(  35, 111)   coste      37       37
(  35, 268)   coste      25       29
(  35, 426)   coste      38       45
(  35, 494)   coste      50       40
(  36, 130)   coste      20       23
(  36, 159)   coste      55       52
(  36, 184)   coste      37       38
(  37, 273)   coste      47       46
(  37, 329)   coste      12       10
(  38, 254)   coste      49       44
(  38, 298)   coste      16       19
(  38, 352)   coste      26       20
(  38, 355)   coste       9       15
(  38, 448)   coste      36       33
(  38, 474)   coste      23       23
(  39,  62)   coste      49       50
(  39, 225)   coste      84       79
(  39, 384)   coste      72       76
(  40, 112)   coste      68       59
(  40, 113)   coste      72       74
(  40, 140)   coste      59       63
(  41, 339)   coste      29       31
(  41, 413)   coste      40       32
(  42, 181)   coste      11       18
(  42, 366)   coste      68       69
(  42, 428)   coste      13        8
(  43, 277)   coste       1       10
(  43, 469)   coste      36       36
(  44,  53)   coste      28       26
(  44, 174)   coste      54       46
(  44, 192)   coste      45       41
(  44, 378)   coste      37       40
(  44, 403)   coste      59       56
(  45,  81)   coste      26       22
(  45, 222)   coste      25       35
(  45, 493)   coste      43       45
(  46, 463)   coste      38       39
(  46, 497)   coste      57       59
(  47, 300)   coste      43       48
(  47, 303)   coste      68       80
(  47, 404)   coste      55       68
(  48,  91)   coste      36       34
(  48, 193)   coste      43       45
(  48, 252)   coste      57       47
(  49,  67)   coste      26       29
(  49, 186)   coste      15       11
(  49, 293)   coste      42       44
(  50, 429)   coste      37       38
(  50, 437)   coste      22       16
(  50, 478)   coste      26       35
(  51, 365)   coste      30       26
(  51, 436)   coste      20       18
(  51, 489)   coste      23       18
(  52, 195)   coste      15       27
(  52, 263)   coste      25       32
(  52, 295)   coste      48       44
(  52, 334)   coste      35       44
(  53, 132)   coste      51       44
(  53, 403)   coste      44       42
(  54,  65)   coste      54       47
(  54,  75)   coste      53       50
(  54, 101)   coste      30       26
(  54, 266)   coste      29       27
(  54, 346)   coste      39       48
(  55,  56)   coste      30       35
(  55, 470)   coste       6        7
(  55, 498)   coste       8        9
(  56, 474)   coste      27       39
(  56, 498)   coste      23       36
(  57, 152)   coste      39       44
(  57, 226)   coste      15        9
(  57, 311)   coste      35       35
(  58,  63)   coste      54       51
(  58,  96)   coste      17       25
(  58, 112)   coste      54       48
(  58, 140)   coste      43       49
(  58, 210)   coste      14       25
(  59,  92)   coste      28       38
(  59, 136)   coste      37       38
(  59, 204)   coste      37       36
(  59, 270)   coste      49       50
(  60,  81)   coste      25       29
(  60,  89)   coste       9       10
(  60, 104)   coste      47       58
(  60, 114)   coste      57       64
(  60, 255)   coste      38       44
(  61, 279)   coste       2        1
(  61, 408)   coste      55       61
(  62, 225)   coste      69       69
(  62, 384)   coste      55       45
(  63,  88)   coste      47       41
(  63, 140)   coste      55       58
(  63, 267)   coste      47       42
(  63, 302)   coste      21       14
(  64, 146)   coste      45       36
(  64, 183)   coste      45       52
(  64, 197)   coste      54       42
(  65, 101)   coste      41       34
(  65, 204)   coste      13       20
(  65, 236)   coste      71       67
(  65, 441)   coste      64       68
(  66,  69)   coste      34       30
(  66, 275)   coste      51       45
(  66, 395)   coste      40       47
(  67, 186)   coste      30       41
(  67, 348)   coste      64       56
(  68, 288)   coste      17       21
(  68, 307)   coste      66       55
(  69, 239)   coste      60       57
(  69, 433)   coste      46       45
(  70, 260)   coste      23       22
(  70, 291)   coste      53       66
(  70, 422)   coste      15       12
(  70, 497)   coste      54       56
(  71, 246)   coste      28       30
(  71, 309)   coste      33       45
(  71, 483)   coste      22       21
(  72, 154)   coste      36       27
(  72, 167)   coste      10        1
(  72, 358)   coste       8        1
(  72, 385)   coste      60       65
(  73, 156)   coste      53       47
(  73, 290)   coste      53       55
(  73, 341)   coste      47       51
(  74,  96)   coste      53       43
(  74, 112)   coste      44       44
(  74, 210)   coste      56       56
(  75, 173)   coste      48       43
(  75, 346)   coste      33       25
(  76,  91)   coste      31       23
(  76,  94)   coste      24       29
(  76, 193)   coste      27       23
(  76, 407)   coste      32       28
(  77, 127)   coste      32       30
(  77, 177)   coste      45       42
(  77, 364)   coste      47       39
(  77, 455)   coste      37       35
(  77, 471)   coste      31       30
(  78, 153)   coste      34       43
(  78, 244)   coste      26       23
(  78, 349)   coste      35       32
(  78, 356)   coste      37       44
(  79, 248)   coste      43       44
(  79, 280)   coste      14       12
(  80, 103)   coste      52       47
(  80, 259)   coste      33       33
(  80, 323)   coste      39       37
(  80, 353)   coste      49       48
(  81,  89)   coste      19       15
(  81, 222)   coste      40       48
(  82, 274)   coste       9        1
(  82, 382)   coste      38       41
(  82, 436)   coste      45       37
(  83, 102)   coste      39       41
(  83, 350)   coste      58       53
(  83, 410)   coste      46       48
(  84, 288)   coste      30       34
(  84, 307)   coste      19       27
(  84, 308)   coste      20       21
(  84, 316)   coste      34       27
(  85, 111)   coste      57       65
(  85, 162)   coste      13        1
(  85, 209)   coste      25       37
(  85, 491)   coste      22       29
(  86,  92)   coste      30       31
(  86, 136)   coste      37       38
(  86, 468)   coste      26       27
(  86, 485)   coste      12       24
(  87, 115)   coste      52       53
(  87, 171)   coste      24       32
(  87, 487)   coste      55       52
(  88, 267)   coste      44       48
(  88, 302)   coste      20       29
(  88, 412)   coste      65       59
(  88, 453)   coste      18       15
(  89, 114)   coste      60       55
(  90, 169)   coste      32       29
(  90, 202)   coste      11       10
(  91,  94)   coste      40       39
(  91, 193)   coste      28       27
(  91, 407)   coste      23       21
(  92, 136)   coste      19       14
(  92, 270)   coste      74       78
(  92, 347)   coste      49       44
(  92, 468)   coste      26       26
(  92, 485)   coste      30       34
(  93, 180)   coste      27       23
(  93, 328)   coste      18       19
(  93, 489)   coste      42       37
(  94, 193)   coste      13       12
(  95, 108)   coste      21       24
(  95, 256)   coste      19       22
(  95, 319)   coste      19       12
(  95, 328)   coste      48       35
(  95, 460)   coste      26       13
(  96, 112)   coste      38       37
(  96, 140)   coste      44       44
(  96, 210)   coste      14       16
(  97, 115)   coste      45       40
(  97, 185)   coste      31       23
(  97, 380)   coste      34       32
(  98, 151)   coste      39       37
(  98, 337)   coste      18       32
(  98, 398)   coste      26       33
(  99, 145)   coste      39       40
(  99, 190)   coste      24       35
(  99, 218)   coste      14        7
( 100, 312)   coste      34       39
( 100, 320)   coste      16       15
( 100, 465)   coste      13       19
( 101, 236)   coste      59       58
( 101, 266)   coste      36       27
( 102, 200)   coste      36       32
( 102, 350)   coste      45       45
( 103, 230)   coste      22       27
( 103, 259)   coste      31       31
( 103, 265)   coste      42       38
( 103, 323)   coste      32       23
( 104, 247)   coste      50       39
( 105, 301)   coste      48       49
( 105, 388)   coste      59       57
( 105, 406)   coste      29       28
( 106, 183)   coste      76       78
( 106, 282)   coste      57       64
( 106, 390)   coste      48       35
( 106, 406)   coste      52       49
( 107, 125)   coste      68       68
( 107, 242)   coste      41       38
( 107, 418)   coste      57       67
( 108, 256)   coste      34       34
( 108, 319)   coste      26       20
( 109, 232)   coste      80       74
( 109, 276)   coste      52       51
( 109, 368)   coste      34       28
( 110, 163)   coste      10       19
( 110, 245)   coste      22       22
( 111, 268)   coste      32       41
( 112, 140)   coste      22       21
( 113, 405)   coste      40       30
( 113, 429)   coste      28       37
( 113, 437)   coste      21       19
( 114, 430)   coste      21       11
( 115, 171)   coste      53       47
( 115, 380)   coste      34       26
( 116, 156)   coste      68       82
( 116, 278)   coste       1       12
( 117, 122)   coste      47       39
( 117, 253)   coste      47       51
( 117, 423)   coste      33       33
( 118, 154)   coste      29       33
( 118, 340)   coste      30       36
( 118, 367)   coste      26       22
( 119, 238)   coste      52       51
( 119, 332)   coste      23       20
( 119, 359)   coste      50       54
( 120, 308)   coste      57       53
( 120, 473)   coste      70       74
( 120, 480)   coste      38       42
( 121, 251)   coste      72       74
( 121, 294)   coste      59       64
( 121, 487)   coste      87       83
( 122, 253)   coste       6        4
( 123, 250)   coste      48       45
( 123, 278)   coste      30       33
( 123, 414)   coste      34       28
( 124, 203)   coste      17       18
( 124, 348)   coste      68       67
( 124, 472)   coste       8       15
( 125, 309)   coste      48       50
( 125, 443)   coste      72       66
( 126, 145)   coste      14       23
( 126, 280)   coste      34       37
( 126, 400)   coste      47       51
( 127, 177)   coste      28       36
( 127, 374)   coste      57       50
( 128, 299)   coste      51       56
( 128, 321)   coste      64       64
( 128, 351)   coste      51       60
( 128, 463)   coste      52       44
( 129, 164)   coste      49       44
( 129, 361)   coste      47       50
( 129, 457)   coste      33       37
( 130, 184)   coste      54       52
( 130, 318)   coste      59       61
( 130, 326)   coste      48       57
( 131, 161)   coste      90       90
( 131, 220)   coste      59       68
( 131, 438)   coste      84       85
( 132, 192)   coste      53       55
( 132, 324)   coste      57       52
( 133, 216)   coste      46       51
( 133, 296)   coste      38       25
( 133, 383)   coste      28       31
( 134, 186)   coste      67       58
( 134, 447)   coste      44       49
( 134, 456)   coste      49       45
( 135, 375)   coste      58       62
( 136, 204)   coste      46       52
( 136, 468)   coste      13       11
( 137, 243)   coste      49       54
( 137, 324)   coste      55       60
( 137, 438)   coste      36       41
( 138, 216)   coste      50       55
( 138, 223)   coste      71       61
( 138, 383)   coste       1       10
( 139, 147)   coste      19       26
( 139, 269)   coste      26       29
( 139, 275)   coste      31       36
( 139, 339)   coste      27       25
( 139, 395)   coste      34       27
( 141, 219)   coste      56       53
( 141, 240)   coste      45       46
( 141, 338)   coste      54       49
( 141, 370)   coste      37       37
( 141, 416)   coste      64       68
( 142, 253)   coste      48       38
( 142, 387)   coste      49       48
( 143, 179)   coste      60       58
( 143, 194)   coste      52       48
( 143, 434)   coste      10        8
( 144, 192)   coste      20       19
( 144, 257)   coste      52       57
( 144, 378)   coste      41       34
( 144, 435)   coste      38       32
( 145, 218)   coste      37       31
( 146, 268)   coste      31       31
( 146, 426)   coste      38       42
( 146, 494)   coste      28       17
( 147, 269)   coste      25       17
( 147, 433)   coste      34       33
( 148, 189)   coste      40       34
( 148, 362)   coste      42       42
( 148, 382)   coste      18       20
( 149, 196)   coste      10       15
( 149, 210)   coste      42       45
( 149, 477)   coste       7       16
( 150, 184)   coste      35       46
( 150, 357)   coste      23       27
( 150, 439)   coste      19        7
( 151, 211)   coste      52       47
( 151, 337)   coste      37       33
( 151, 394)   coste      52       52
( 152, 226)   coste      33       30
( 152, 279)   coste      20       21
( 152, 311)   coste       2        8
( 153, 154)   coste      56       61
( 153, 292)   coste      43       45
( 153, 385)   coste      53       47
( 154, 167)   coste      28       35
( 154, 367)   coste      35       32
( 155, 209)   coste       2        1
( 155, 287)   coste      33       36
( 155, 290)   coste      21       28
( 155, 491)   coste      12        8
( 156, 446)   coste      76       78
( 157, 170)   coste      41       29
( 157, 227)   coste      29       27
( 157, 229)   coste      39       46
( 157, 247)   coste      42       40
( 158, 313)   coste      25       18
( 158, 342)   coste      35       33
( 158, 387)   coste      10       15
( 159, 381)   coste      12       15
( 159, 484)   coste      43       44
( 160, 386)   coste      42       50
( 160, 389)   coste      51       45
( 161, 333)   coste      41       46
( 161, 420)   coste      32       33
( 161, 451)   coste      48       43
( 162, 491)   coste      28       28
( 163, 245)   coste      26       37
( 163, 446)   coste      42       30
( 164, 185)   coste      58       63
( 164, 457)   coste      30       37
( 165, 176)   coste      51       42
( 165, 417)   coste      58       49
( 165, 423)   coste      44       43
( 166, 220)   coste      43       43
( 166, 315)   coste      57       62
( 166, 333)   coste      33       39
( 166, 389)   coste      64       66
( 168, 189)   coste      26       18
( 168, 392)   coste      26       31
( 168, 417)   coste      56       53
( 169, 202)   coste      34       42
( 170, 227)   coste      36       39
( 170, 393)   coste      39       48
( 170, 469)   coste      14       13
( 171, 380)   coste      43       52
( 172, 196)   coste      48       51
( 172, 224)   coste      28       27
( 172, 412)   coste      38       44
( 173, 198)   coste      20       26
( 173, 322)   coste      36       24
( 174, 374)   coste      60       62
( 174, 378)   coste      45       55
( 175, 239)   coste      25       31
( 175, 411)   coste      36       29
( 175, 433)   coste      38       30
( 176, 233)   coste      25       33
( 176, 450)   coste      46       43
( 177, 335)   coste      49       42
( 177, 360)   coste      32       35
( 177, 374)   coste      51       54
( 178, 205)   coste      48       53
( 178, 297)   coste      57       53
( 178, 364)   coste      45       45
( 179, 194)   coste      46       45
( 180, 319)   coste      16       20
( 180, 328)   coste      27       25
( 181, 366)   coste      50       50
( 181, 428)   coste      13       19
( 181, 447)   coste      34       37
( 182, 256)   coste      20       28
( 183, 494)   coste      74       71
( 184, 439)   coste      56       46
( 185, 214)   coste      60       58
( 186, 456)   coste      51       43
( 188, 235)   coste      23       31
( 188, 266)   coste      25       22
( 188, 346)   coste      10       22
( 188, 411)   coste      55       47
( 189, 392)   coste      31       24
( 190, 218)   coste      32       44
( 190, 352)   coste      31       26
( 191, 212)   coste      33       26
( 191, 224)   coste      27       33
( 191, 412)   coste      23       23
( 191, 440)   coste      27       36
( 192, 378)   coste      42       47
( 192, 435)   coste      33       33
( 193, 405)   coste      54       55
( 194, 306)   coste      54       54
( 194, 343)   coste      35       33
( 194, 434)   coste      60       58
( 195, 306)   coste      46       46
( 195, 334)   coste      33       28
( 196, 477)   coste      18       17
( 197, 415)   coste      12       20
( 198, 322)   coste      33       39
( 199, 225)   coste      33       40
( 199, 285)   coste      22       31
( 199, 398)   coste      40       38
( 199, 442)   coste      11       11
( 200, 211)   coste      12        1
( 200, 350)   coste      60       52
( 201, 231)   coste       9       12
( 201, 331)   coste      25       21
( 201, 495)   coste      45       39
( 202, 409)   coste      28       31
( 203, 207)   coste      62       58
( 203, 348)   coste      72       59
( 203, 472)   coste      22       25
( 204, 441)   coste      64       69
( 205, 207)   coste      51       39
( 205, 283)   coste      43       42
( 205, 462)   coste      47       46
( 206, 249)   coste      48       41
( 206, 400)   coste      51       44
( 206, 427)   coste      23       32
( 206, 431)   coste      60       58
( 207, 258)   coste      51       42
( 207, 472)   coste      38       42
( 208, 305)   coste      32       38
( 208, 347)   coste      48       46
( 208, 424)   coste      55       57
( 209, 287)   coste      28       25
( 209, 432)   coste      21       24
( 209, 491)   coste       1        6
( 210, 477)   coste      42       52
( 211, 337)   coste      35       35
( 212, 317)   coste      37       29
( 212, 440)   coste       2        3
( 213, 262)   coste      19       28
( 213, 284)   coste      49       49
( 213, 289)   coste      47       35
( 214, 251)   coste      48       41
( 214, 391)   coste      56       49
( 215, 357)   coste       8       19
( 215, 439)   coste      47       49
( 216, 383)   coste      56       49
( 216, 454)   coste      56       54
( 217, 220)   coste      60       69
( 217, 315)   coste      31       25
( 217, 430)   coste      72       70
( 219, 282)   coste      32       37
( 219, 338)   coste      40       36
( 220, 315)   coste      61       69
( 221, 367)   coste      20       29
( 221, 373)   coste      18       18
( 221, 377)   coste      23       22
( 222, 493)   coste      22       25
( 223, 473)   coste      66       66
( 224, 412)   coste      17       24
( 225, 442)   coste      29       29
( 226, 311)   coste      21       21
( 227, 229)   coste      18       22
( 227, 393)   coste      41       43
( 228, 397)   coste      18       23
( 228, 445)   coste      21       14
( 228, 452)   coste      41       34
( 228, 467)   coste      21       24
( 229, 326)   coste      54       56
( 229, 386)   coste      60       69
( 230, 259)   coste      24       12
( 230, 486)   coste      53       48
( 231, 331)   coste      25       28
( 231, 370)   coste      33       44
( 232, 248)   coste      50       42
( 232, 276)   coste      51       44
( 232, 368)   coste      61       70
( 233, 274)   coste      31       35
( 233, 450)   coste      10       24
( 234, 252)   coste      56       55
( 234, 312)   coste       9        6
( 234, 464)   coste      46       37
( 235, 266)   coste      37       42
( 235, 269)   coste      36       25
( 236, 441)   coste      44       43
( 237, 310)   coste      42       48
( 237, 393)   coste      10       17
( 237, 449)   coste      35       45
( 238, 297)   coste      63       64
( 238, 462)   coste      39       45
( 239, 433)   coste      38       32
( 240, 370)   coste      43       32
( 240, 416)   coste      39       34
( 241, 292)   coste      49       42
( 241, 385)   coste      61       50
( 241, 425)   coste      31       29
( 242, 465)   coste      30       36
( 242, 488)   coste      55       67
( 243, 324)   coste      26       27
( 243, 438)   coste      47       48
( 244, 349)   coste      28       25
( 244, 356)   coste      25       25
( 244, 372)   coste      40       37
( 244, 479)   coste      51       47
( 245, 496)   coste      58       56
( 246, 444)   coste      15       19
( 246, 492)   coste      28       30
( 247, 386)   coste      49       59
( 248, 280)   coste      44       49
( 248, 431)   coste      51       52
( 249, 399)   coste      38       38
( 249, 427)   coste      29       25
( 249, 470)   coste      16       15
( 249, 498)   coste      16       20
( 250, 330)   coste      27       28
( 250, 414)   coste      27       25
( 251, 391)   coste      69       70
( 254, 322)   coste      28       31
( 254, 483)   coste      48       39
( 255, 277)   coste      37       37
( 256, 460)   coste       9        9
( 257, 408)   coste      29       28
( 257, 435)   coste      40       41
( 258, 384)   coste      40       34
( 258, 472)   coste      54       52
( 259, 323)   coste      50       41
( 259, 486)   coste      55       54
( 260, 294)   coste      76       74
( 260, 422)   coste       1        1
( 260, 497)   coste      59       65
( 261, 262)   coste      47       40
( 261, 391)   coste      59       66
( 262, 284)   coste      72       71
( 262, 289)   coste      54       57
( 263, 295)   coste      42       38
( 263, 334)   coste      14       27
( 264, 421)   coste      26       24
( 265, 323)   coste      53       54
( 265, 479)   coste      42       52
( 266, 346)   coste      31       34
( 267, 302)   coste      30       27
( 267, 453)   coste      43       38
( 269, 339)   coste      39       37
( 270, 347)   coste      54       54
( 271, 466)   coste      14        9
( 272, 293)   coste      45       37
( 272, 296)   coste      31       31
( 272, 359)   coste      15        8
( 273, 285)   coste      40       31
( 273, 329)   coste      29       40
( 274, 450)   coste      22       27
( 275, 395)   coste       2        5
( 275, 413)   coste      24       22
( 276, 368)   coste      48       58
( 277, 469)   coste      33       43
( 278, 414)   coste      47       56
( 279, 311)   coste       5       16
( 279, 408)   coste      58       58
( 281, 379)   coste       6        5
( 281, 427)   coste      31       23
( 281, 463)   coste      30       29
( 282, 338)   coste      39       35
( 282, 390)   coste      22       21
( 283, 369)   coste      29       32
( 283, 475)   coste      17       21
( 284, 289)   coste       7       18
( 285, 329)   coste      10       19
( 285, 442)   coste      28       33
( 286, 295)   coste      62       71
( 286, 376)   coste      37       48
( 286, 454)   coste      43       41
( 287, 401)   coste      12        8
( 288, 307)   coste      43       38
( 290, 341)   coste      22       13
( 290, 419)   coste      29       40
( 290, 432)   coste      11        1
( 290, 491)   coste      20       16
( 291, 497)   coste       6       10
( 292, 385)   coste      34       33
( 292, 425)   coste      40       44
( 293, 306)   coste      36       36
( 293, 343)   coste      29       30
( 294, 487)   coste      57       50
( 295, 376)   coste      32       27
( 296, 332)   coste      32       33
( 296, 359)   coste      27       26
( 297, 462)   coste      30       27
( 298, 355)   coste       4       11
( 298, 474)   coste      20       13
( 299, 351)   coste       1       10
( 299, 461)   coste      19       20
( 299, 463)   coste      32       44
( 300, 336)   coste      49       56
( 300, 363)   coste      37       33
( 300, 394)   coste      38       36
( 301, 390)   coste      70       66
( 301, 406)   coste      54       47
( 302, 453)   coste      31       31
( 303, 404)   coste      54       65
( 303, 459)   coste      29       36
( 303, 499)   coste      38       42
( 304, 382)   coste      17       14
( 305, 424)   coste      41       42
( 305, 466)   coste      46       39
( 306, 343)   coste      20       19
( 307, 308)   coste       9       13
( 307, 316)   coste      26       36
( 307, 480)   coste      28       28
( 308, 480)   coste      18       20
( 309, 483)   coste      40       41
( 310, 326)   coste      45       44
( 310, 439)   coste      37       41
( 310, 449)   coste       1        1
( 312, 464)   coste      39       38
( 313, 342)   coste      54       54
( 313, 387)   coste      33       30
( 314, 345)   coste      41       54
( 314, 418)   coste      47       53
( 314, 488)   coste      38       51
( 315, 389)   coste      63       72
( 315, 430)   coste      65       76
( 317, 360)   coste      59       62
( 317, 440)   coste      38       35
( 320, 465)   coste      29       17
( 320, 478)   coste       7        3
( 321, 396)   coste      60       66
( 321, 443)   coste      63       64
( 324, 438)   coste      66       72
( 325, 381)   coste       8       12
( 325, 484)   coste      40       43
( 326, 449)   coste      39       43
( 327, 476)   coste       4        9
( 330, 403)   coste      62       56
( 330, 414)   coste      44       50
( 331, 370)   coste      30       34
( 331, 409)   coste      29       32
( 332, 359)   coste      22       27
( 333, 420)   coste      27       35
( 335, 360)   coste      43       36
( 335, 471)   coste      38       49
( 336, 363)   coste      20       20
( 336, 425)   coste      47       59
( 337, 398)   coste      33       29
( 339, 413)   coste      32       32
( 340, 377)   coste      54       47
( 342, 345)   coste      21       23
( 342, 402)   coste      34       40
( 344, 458)   coste      66       65
( 344, 481)   coste      43       38
( 345, 365)   coste      49       46
( 345, 402)   coste      35       42
( 346, 411)   coste      50       39
( 347, 485)   coste      59       49
( 349, 372)   coste      30       37
( 350, 486)   coste      66       61
( 351, 443)   coste      69       56
( 351, 463)   coste      40       42
( 352, 448)   coste      19       11
( 353, 361)   coste      28       30
( 353, 410)   coste      45       40
( 354, 445)   coste      60       60
( 354, 458)   coste      31       28
( 354, 481)   coste      23       29
( 354, 490)   coste      54       56
( 355, 474)   coste      12       17
( 355, 483)   coste      29       29
( 356, 479)   coste      51       48
( 357, 439)   coste      35       28
( 358, 385)   coste      55       55
( 361, 410)   coste      40       39
( 362, 382)   coste      40       33
( 363, 394)   coste      58       45
( 364, 455)   coste       2       13
( 365, 489)   coste      12       11
( 366, 482)   coste      52       51
( 367, 373)   coste      32       40
( 369, 475)   coste      33       47
( 371, 420)   coste      34       40
( 371, 451)   coste      21       23
( 372, 479)   coste      23       32
( 373, 377)   coste      33       25
( 375, 484)   coste      37       34
( 376, 454)   coste      52       56
( 379, 427)   coste      35       30
( 379, 461)   coste      35       23
( 379, 463)   coste      29       37
( 381, 484)   coste      49       49
( 384, 472)   coste      63       64
( 388, 406)   coste      50       57
( 392, 417)   coste      45       43
( 395, 413)   coste      38       40
( 396, 443)   coste      20       32
( 397, 445)   coste      23       34
( 397, 452)   coste       7       15
( 399, 461)   coste      36       39
( 399, 498)   coste      36       40
( 400, 431)   coste      18       32
( 401, 419)   coste      20       32
( 401, 432)   coste      30       24
( 402, 477)   coste      31       30
( 404, 482)   coste      51       57
( 404, 500)   coste      54       60
( 405, 437)   coste      49       43
( 418, 488)   coste      31       32
( 419, 432)   coste      35       34
( 420, 451)   coste      24       14
( 421, 492)   coste      51       52
( 422, 497)   coste      57       57
( 423, 493)   coste      43       32
( 424, 466)   coste      48       44
( 426, 494)   coste      30       21
( 429, 437)   coste      34       27
( 429, 478)   coste      25       34
( 432, 491)   coste      22       17
( 434, 482)   coste      44       44
( 434, 500)   coste      80       78
( 436, 489)   coste      35       27
( 444, 492)   coste      16       14
( 445, 467)   coste      35       22
( 447, 456)   coste      23       23
( 455, 471)   coste      34       35
( 458, 481)   coste      30       29
( 458, 490)   coste      25       32
( 459, 499)   coste      20       10
( 461, 463)   coste      29       35
( 470, 498)   coste      10       11
( 482, 500)   coste      57       63
( 495, 496)   coste      41       32
LISTA_ARISTAS_NOREQ :
          
 ===========================================          
 COORDENADAS DE LOS VERTICES:                         
 ===========================================          
          1         780         334                   
          2         404         570                   
          3         828         223                   
          4         691          68                   
          5         780         495                   
          6         898         625                   
          7          88         936                   
          8          75         538                   
          9         844         351                   
         10         873         235                   
         11         414         200                   
         12         101         651                   
         13         308         922                   
         14         475         725                   
         15          35          18                   
         16         558         197                   
         17         803         932                   
         18         799         917                   
         19         818         961                   
         20         689         348                   
         21         881         839                   
         22         605         276                   
         23         331         212                   
         24          12         177                   
         25         677         727                   
         26         366         683                   
         27         135         683                   
         28          50         997                   
         29         174         977                   
         30         194         343                   
         31         504          44                   
         32         935         100                   
         33         274         818                   
         34         124         885                   
         35         206         860                   
         36         933         747                   
         37         347         271                   
         38         824         256                   
         39         384         387                   
         40         465         351                   
         41         976         482                   
         42         166         332                   
         43         730         677                   
         44         491         810                   
         45         620         695                   
         46         715          83                   
         47          92         243                   
         48         461         214                   
         49         155         456                   
         50         527         270                   
         51         678         470                   
         52          58         541                   
         53         495         834                   
         54         881         381                   
         55         782         181                   
         56         787         210                   
         57         593         619                   
         58         511         450                   
         59         940         293                   
         60         668         731                   
         61         560         650                   
         62         339         401                   
         63         465         467                   
         64         203         773                   
         65         915         348                   
         66         911         565                   
         67         185         450                   
         68         364         772                   
         69         879         567                   
         70         747           3                   
         71         776         291                   
         72          32          75                   
         73         367         944                   
         74         531         387                   
         75         838         401                   
         76         399         231                   
         77         381         665                   
         78         144          44                   
         79         916         115                   
         80         297         111                   
         81         644         711                   
         82         720         514                   
         83         271         165                   
         84         356         720                   
         85         296         890                   
         86         882         267                   
         87         607          88                   
         88         457         508                   
         89         656         730                   
         90         155         944                   
         91         427         222                   
         92         912         273                   
         93         716         430                   
         94         411         260                   
         95         763         419                   
         96         520         434                   
         97         517         107                   
         98         236         291                   
         99         862         192                   
        100         570         273                   
        101         910         387                   
        102         277         205                   
        103         264          77                   
        104         715         751                   
        105          31         719                   
        106          90         781                   
        107         646         290                   
        108         784         431                   
        109         957          13                   
        110         252         989                   
        111         238         874                   
        112         495         405                   
        113         497         291                   
        114         652         791                   
        115         558          86                   
        116         449         992                   
        117         657         601                   
        118          45          24                   
        119         183         537                   
        120         280         690                   
        121         591           5                   
        122         646         561                   
        123         472         963                   
        124         277         470                   
        125         710         264                   
        126         871         136                   
        127         391         689                   
        128         657         121                   
        129         403         151                   
        130         906         750                   
        131         639         987                   
        132         545         846                   
        133         121         572                   
        134         114         391                   
        135         884         842                   
        136         904         291                   
        137         568         915                   
        138         133         610                   
        139         931         499                   
        140         478         414                   
        141          66         910                   
        142         599         552                   
        143          41         396                   
        144         531         771                   
        145         872         155                   
        146         203         813                   
        147         907         492                   
        148         758         524                   
        149         546         489                   
        150         925         666                   
        151         220         263                   
        152         578         654                   
        153         107          59                   
        154          49          51                   
        155         326         878                   
        156         374         998                   
        157         781         731                   
        158         615         496                   
        159         975         783                   
        160         790         846                   
        161         728         977                   
        162         299         895                   
        163         267         987                   
        164         441         128                   
        165         706         623                   
        166         717         911                   
        167          27          73                   
        168         783         578                   
        169         181         934                   
        170         776         695                   
        171         598         111                   
        172         532         540                   
        173         838         353                   
        174         445         786                   
        175         861         491                   
        176         710         579                   
        177         423         676                   
        178         297         614                   
        179          16         443                   
        180         740         429                   
        181         158         339                   
        182         777         377                   
        183         156         754                   
        184         941         704                   
        185         494          91                   
        186         152         439                   
        187         198         345                   
        188         879         426                   
        189         778         558                   
        190         846         218                   
        191         487         567                   
        192         533         791                   
        193         424         247                   
        194          60         446                   
        195          59         520                   
        196         554         495                   
        197         248         793                   
        198         817         340                   
        199         307         309                   
        200         267         238                   
        201         116         976                   
        202         146         935                   
        203         260         473                   
        204         925         332                   
        205         295         564                   
        206         784         121                   
        207         295         519                   
        208         950         194                   
        209         325         878                   
        210         530         444                   
        211         262         242                   
        212         493         592                   
        213         369           9                   
        214         485          34                   
        215         948         635                   
        216          82         605                   
        217         644         874                   
        218         875         193                   
        219          40         864                   
        220         671         930                   
        221           6          24                   
        222         632         667                   
        223         148         672                   
        224         516         554                   
        225         313         345                   
        226         585         625                   
        227         804         718                   
        228         994         929                   
        229         820         737                   
        230         243          93                   
        231         100         976                   
        232         882          36                   
        233         710         547                   
        234         557         234                   
        235         902         446                   
        236         963         401                   
        237         827         672                   
        238         236         540                   
        239         852         519                   
        240          50         953                   
        241         115         146                   
        242         606         302                   
        243         518         916                   
        244         168          35                   
        245         241         967                   
        246         764         312                   
        247         754         769                   
        248         879          84                   
        249         764         164                   
        250         437         929                   
        251         516           2                   
        252         512         210                   
        253         639         560                   
        254         828         298                   
        255         688         692                   
        256         769         398                   
        257         568         726                   
        258         333         488                   
        259         259         101                   
        260         729           8                   
        261         417          56                   
        262         382          32                   
        263          28         540                   
        264         692         351                   
        265         256          39                   
        266         890         410                   
        267         426         480                   
        268         224         841                   
        269         918         474                   
        270         985         262                   
        271         981         111                   
        272         136         507                   
        273         359         309                   
        274         718         520                   
        275         949         533                   
        276         911           3                   
        277         726         680                   
        278         453         985                   
        279         562         651                   
        280         910         123                   
        281         735         138                   
        282          63         832                   
        283         342         570                   
        284         325           0                   
        285         330         293                   
        286           8         641                   
        287         352         862                   
        288         363         753                   
        289         327          13                   
        290         342         899                   
        291         765          60                   
        292         117          99                   
        293         117         474                   
        294         655           0                   
        295          32         576                   
        296         131         542                   
        297         241         599                   
        298         813         251                   
        299         693         162                   
        300         138         227                   
        301           7         768                   
        302         457         485                   
        303          18         230                   
        304         757         489                   
        305         957         157                   
        306          82         488                   
        307         336         718                   
        308         329         715                   
        309         755         257                   
        310         873         671                   
        311         573         649                   
        312         570         237                   
        313         633         500                   
        314         640         399                   
        315         672         868                   
        316         349         691                   
        317         500         626                   
        318         870         795                   
        319         762         434                   
        320         560         281                   
        321         625         172                   
        322         849         325                   
        323         291          73                   
        324         514         893                   
        325         997         790                   
        326         866         712                   
        327         282         824                   
        328         722         416                   
        329         338         280                   
        330         437         904                   
        331         116         955                   
        332         156         536                   
        333         748         935                   
        334          26         520                   
        335         432         634                   
        336         164         186                   
        337         251         271                   
        338          76         862                   
        339         952         491                   
        340          74           3                   
        341         328         911                   
        342         613         456                   
        343          93         468                   
        344         860         985                   
        345         618         440                   
        346         863         421                   
        347         938         235                   
        348         231         415                   
        349         153          11                   
        350         230         195                   
        351         689         165                   
        352         841         246                   
        353         341         137                   
        354         927         960                   
        355         812         256                   
        356         185          58                   
        357         940         647                   
        358          33          77                   
        359         140         514                   
        360         455         662                   
        361         355         158                   
        362         790         508                   
        363         165         206                   
        364         343         639                   
        365         661         451                   
        366         104         328                   
        367          24          37                   
        368         948          44                   
        369         359         545                   
        370          85         939                   
        371         795         971                   
        372         187           2                   
        373           0          14                   
        374         423         727                   
        375         940         846                   
        376           9         599                   
        377          24           5                   
        378         492         775                   
        379         732         143                   
        380         550         113                   
        381         990         786                   
        382         754         505                   
        383         131         606                   
        384         341         449                   
        385          85         100                   
        386         801         798                   
        387         603         505                   
        388          95         712                   
        389         739         849                   
        390          57         807                   
        391         450           0                   
        392         756         575                   
        393         814         672                   
        394         166         257                   
        395         943         530                   
        396         635         230                   
        397         989         904                   
        398         264         305                   
        399         728         190                   
        400         832         108                   
        401         360         869                   
        402         577         451                   
        403         453         850                   
        404          44         283                   
        405         464         279                   
        406          54         743                   
        407         411         208                   
        408         545         707                   
        409         119         926                   
        410         313         162                   
        411         845         463                   
        412         497         554                   
        413         975         521                   
        414         468         935                   
        415         259         805                   
        416          13         951                   
        417         758         620                   
        418         642         350                   
        419         375         889                   
        420         756         965                   
        421         713         360                   
        422         732           3                   
        423         661         628                   
        424         995         167                   
        425         148         134                   
        426         170         843                   
        427         762         132                   
        428         170         325                   
        429         526         303                   
        430         643         805                   
        431         825          84                   
        432         346         894                   
        433         883         521                   
        434          52         386                   
        435         565         767                   
        436         702         476                   
        437         513         275                   
        438         557         947                   
        439         914         660                   
        440         498         595                   
        441         984         361                   
        442         313         323                   
        443         658         220                   
        444         757         333                   
        445         973         926                   
        446         302         979                   
        447         157         379                   
        448         854         253                   
        449         867         667                   
        450         695         538                   
        451         770         978                   
        452         997         893                   
        453         449         517                   
        454          46         641                   
        455         352         640                   
        456         161         395                   
        457         437         162                   
        458         899         940                   
        459          22         197                   
        460         765         400                   
        461         707         159                   
        462         251         576                   
        463         704         126                   
        464         570         196                   
        465         582         279                   
        466         982         118                   
        467         993         946                   
        468         889         286                   
        469         766         684                   
        470         774         176                   
        471         389         630                   
        472         285         478                   
        473         212         695                   
        474         806         238                   
        475         355         585                   
        476         277         821                   
        477         555         481                   
        478         551         286                   
        479         214          14                   
        480         310         717                   
        481         900         968                   
        482          57         338                   
        483         792         276                   
        484         976         832                   
        485         889         252                   
        486         214         134                   
        487         657          56                   
        488         616         362                   
        489         679         452                   
        490         895         910                   
        491         325         885                   
        492         742         325                   
        493         650         663                   
        494         182         822                   
        495         155         991                   
        496         192         994                   
        497         761          59                   
        498         768         187                   
        499          10         186                   
        500           3         321                   
 ===========================================          
