(671264, 645914, 157054, 1474232)
(646427, 662474, 157054, 1465955)
(636870, 667186, 157054, 1461110)
(597018, 700082, 157054, 1454154)
(592570, 690468, 157054, 1440092)
(588604, 690468, 157054, 1436126)
(557900, 717892, 157054, 1432846)
(551538, 721452, 157054, 1430044)
(551538, 721452, 157054, 1430044)
(550389, 721452, 157054, 1428895)
(1329049, 91536, 52265, 1472850)
(1329049, 91536, 52265, 1472850)
(1288330, 121784, 52265, 1462379)
(1271080, 136244, 52265, 1459589)
(1256105, 141112, 52265, 1449482)
(1256717, 134976, 52265, 1443958)
(1256717, 134976, 52265, 1443958)
(1220881, 152412, 52265, 1425558)
(1218819, 152412, 52265, 1423496)
(1218819, 152412, 52265, 1423496)
(1196994, 168404, 96363, 1461761)
(1165457, 186868, 96363, 1448688)
(1130576, 210714, 96363, 1437653)
(1130044, 210714, 96363, 1437121)
(1099570, 235944, 96363, 1431877)
(1096708, 235944, 96363, 1429015)
(1102384, 229067, 96363, 1427814)
(1094316, 235944, 96363, 1426623)
(1078774, 246665, 96363, 1421802)
(1054254, 264129, 96363, 1414746)
(1045328, 269680, 114658, 1429666)
(1044645, 269680, 114658, 1428983)
(1044645, 269680, 114658, 1428983)
(1012694, 293956, 114658, 1421308)
(1002984, 299402, 114658, 1417044)
(1002984, 299402, 114658, 1417044)
(988309, 311834, 114658, 1414801)
(980267, 316968, 114658, 1411893)
(980267, 316968, 114658, 1411893)
(976667, 318294, 114658, 1409619)
(977800, 304460, 127127, 1409387)
(977800, 304460, 127127, 1409387)
(937282, 333756, 127127, 1398165)
(936489, 333756, 127127, 1397372)
(936182, 333756, 127127, 1397065)
(932458, 336839, 127127, 1396424)
(923759, 344718, 127127, 1395604)
(922753, 344718, 127127, 1394598)
(905646, 359649, 127127, 1392422)
(907539, 357602, 127127, 1392268)
(910828, 356204, 129370, 1396402)
(906180, 357805, 129370, 1393355)
(905488, 357805, 129370, 1392663)
(877029, 380213, 129370, 1386612)
(877029, 380213, 129370, 1386612)
(866765, 389021, 129370, 1385156)
(866285, 389021, 129370, 1384676)
(866285, 389021, 129370, 1384676)
(863617, 389021, 129370, 1382008)
(863318, 389021, 129370, 1381709)
(862811, 389322, 129623, 1381756)
(862404, 389322, 129623, 1381349)
(861117, 389322, 129623, 1380062)
(860600, 389322, 129623, 1379545)
(859861, 389322, 129623, 1378806)
(859001, 389322, 129623, 1377946)
(858419, 389322, 129623, 1377364)
(858419, 389322, 129623, 1377364)
(858156, 389322, 129623, 1377101)
(841046, 404650, 129623, 1375319)
(858208, 387148, 131936, 1377292)
(848118, 396808, 131936, 1376862)
(848118, 396808, 131936, 1376862)
(855519, 387148, 131936, 1374603)
(855320, 387148, 131936, 1374404)
(854441, 387148, 131936, 1373525)
(854441, 387148, 131936, 1373525)
(854441, 387148, 131936, 1373525)
(853117, 388117, 131936, 1373170)
(852194, 387148, 131936, 1371278)
(853052, 383124, 137620, 1373796)
(852822, 383124, 137620, 1373566)
(849971, 383124, 137620, 1370715)
(849971, 383124, 137620, 1370715)
(849971, 383124, 137620, 1370715)
(844909, 386538, 137620, 1369067)
(845286, 383124, 137620, 1366030)
(845286, 383124, 137620, 1366030)
(845137, 383124, 137620, 1365881)
(842248, 383124, 137620, 1362992)
(841161, 380512, 141160, 1362833)
(841593, 380512, 139967, 1362072)
(841353, 380512, 139967, 1361832)
(838039, 380512, 139967, 1358518)
(836641, 380512, 139967, 1357120)
(836641, 380512, 139967, 1357120)
(835435, 380512, 139967, 1355914)
(834592, 380512, 139967, 1355071)
(833827, 380512, 139967, 1354306)
(833283, 380512, 139967, 1353762)
(836583, 377196, 145526, 1359305)
(835474, 377196, 146483, 1359153)
(835256, 377196, 145526, 1357978)
(833721, 377196, 145526, 1356443)
(833721, 377196, 145526, 1356443)
(833721, 377196, 145526, 1356443)
(830004, 377196, 146483, 1353683)
(830168, 377196, 145526, 1352890)
(830168, 377196, 145526, 1352890)
(824897, 380216, 145526, 1350639)
(828505, 373546, 153442, 1355493)
(828505, 373546, 153442, 1355493)
(827319, 373546, 153442, 1354307)
(823411, 380216, 149688, 1353315)
(817946, 376953, 153442, 1348341)
(817946, 376953, 153442, 1348341)
(817946, 376953, 153442, 1348341)
(817946, 376953, 153442, 1348341)
(817126, 376953, 153442, 1347521)
(813850, 376953, 153442, 1344245)
(817595, 375326, 150820, 1343741)
(815660, 375326, 150820, 1341806)
(815660, 375326, 150820, 1341806)
(815660, 375326, 150820, 1341806)
(814168, 375326, 150820, 1340314)
(814168, 375326, 150820, 1340314)
(811827, 375326, 150820, 1337973)
(811827, 375326, 150820, 1337973)
(810102, 375326, 150820, 1336248)
(810102, 375326, 150820, 1336248)
(813256, 375326, 153392, 1341974)
(812232, 375326, 153392, 1340950)
(812232, 375326, 153392, 1340950)
(811155, 375326, 153392, 1339873)
(809172, 376890, 153392, 1339454)
(805255, 379490, 153392, 1338137)
(804674, 379490, 153392, 1337556)
(807217, 375326, 153392, 1335935)
(807217, 375326, 153392, 1335935)
(807217, 375326, 153392, 1335935)
(802915, 382972, 154261, 1340148)
(805418, 379196, 155146, 1339760)
(808508, 373468, 159027, 1341003)
