(785786, 763008, 178954, 1727748)
(785603, 763008, 178954, 1727565)
(785473, 763008, 178954, 1727435)
(785245, 763008, 178954, 1727207)
(784320, 763008, 178954, 1726282)
(783796, 763008, 178954, 1725758)
(783167, 763008, 178954, 1725129)
(782867, 763008, 178954, 1724829)
(782775, 763008, 178954, 1724737)
(781742, 763008, 178954, 1723704)
(781500, 763008, 178954, 1723462)
(781205, 763008, 178954, 1723167)
(780736, 763008, 178954, 1722698)
(779821, 763008, 178954, 1721783)
(779409, 763008, 178954, 1721371)
(779160, 763008, 178954, 1721122)
(778546, 763008, 178954, 1720508)
(778186, 763008, 178954, 1720148)
(777961, 763008, 178954, 1719923)
(777881, 763008, 178954, 1719843)
(777122, 763008, 178954, 1719084)
(776359, 763008, 178954, 1718321)
(775599, 763008, 178954, 1717561)
(775278, 763008, 178954, 1717240)
(774924, 763008, 178954, 1716886)
(774512, 763008, 178954, 1716474)
(773870, 763008, 178954, 1715832)
(773280, 763008, 178954, 1715242)
(772564, 763008, 178954, 1714526)
(771902, 763008, 178954, 1713864)
(771754, 763008, 178954, 1713716)
(771401, 763008, 178954, 1713363)
(771011, 763008, 178954, 1712973)
(770560, 763008, 178954, 1712522)
(769512, 763008, 178954, 1711474)
(768870, 763008, 178954, 1710832)
(767892, 763008, 178954, 1709854)
(767400, 763008, 178954, 1709362)
(767003, 763008, 178954, 1708965)
(766578, 763008, 178954, 1708540)
(766378, 763008, 178954, 1708340)
(765636, 763008, 178954, 1707598)
(765063, 763008, 178954, 1707025)
(764665, 763008, 178954, 1706627)
(763868, 763008, 178954, 1705830)
(763700, 763008, 178954, 1705662)
(763378, 763008, 178954, 1705340)
(762362, 763008, 178954, 1704324)
(761769, 763008, 178954, 1703731)
(760975, 763008, 178954, 1702937)
(760325, 763008, 178954, 1702287)
(759677, 763008, 178954, 1701639)
(759226, 763008, 178954, 1701188)
(758674, 763008, 178954, 1700636)
(758079, 763008, 178954, 1700041)
(756984, 763008, 178954, 1698946)
(756251, 763008, 178954, 1698213)
(755639, 763008, 178954, 1697601)
(755399, 763008, 178954, 1697361)
(754921, 763008, 178954, 1696883)
(754325, 763008, 178954, 1696287)
(753906, 763008, 178954, 1695868)
(753286, 763008, 178954, 1695248)
(752805, 763008, 178954, 1694767)
(752535, 763008, 178954, 1694497)
(752235, 763008, 178954, 1694197)
(751747, 763008, 178954, 1693709)
(751622, 763008, 178954, 1693584)
(750834, 763008, 178954, 1692796)
(750476, 763008, 178954, 1692438)
(750100, 763008, 178954, 1692062)
(749774, 763008, 178954, 1691736)
(749759, 763008, 178954, 1691721)
(749333, 763008, 178954, 1691295)
(749085, 763008, 178954, 1691047)
(748848, 763008, 178954, 1690810)
(748556, 763008, 178954, 1690518)
(748277, 763008, 178954, 1690239)
(748148, 763008, 178954, 1690110)
(747546, 763008, 178954, 1689508)
(746689, 763008, 178954, 1688651)
(746185, 763008, 178954, 1688147)
(745698, 763008, 178954, 1687660)
(745488, 763008, 178954, 1687450)
(744609, 763008, 178954, 1686571)
(744095, 763008, 178954, 1686057)
(742886, 763008, 178954, 1684848)
(742344, 763008, 178954, 1684306)
(741691, 763008, 178954, 1683653)
(740724, 763008, 178954, 1682686)
(740510, 763008, 178954, 1682472)
(739856, 763008, 178954, 1681818)
(739239, 763008, 178954, 1681201)
(738503, 763008, 178954, 1680465)
(738083, 763008, 178954, 1680045)
(737984, 763008, 178954, 1679946)
(737510, 763008, 178954, 1679472)
(737096, 763008, 178954, 1679058)
(736196, 763008, 178954, 1678158)
(735545, 763008, 178954, 1677507)
(735036, 763008, 178954, 1676998)
(734641, 763008, 178954, 1676603)
(734387, 763008, 178954, 1676349)
(733636, 763008, 178954, 1675598)
(733490, 763008, 178954, 1675452)
(732437, 763008, 178954, 1674399)
(732345, 763008, 178954, 1674307)
(731699, 763008, 178954, 1673661)
(731007, 763008, 178954, 1672969)
(730216, 763008, 178954, 1672178)
(729968, 763008, 178954, 1671930)
(729670, 763008, 178954, 1671632)
(729133, 763008, 178954, 1671095)
(728525, 763008, 178954, 1670487)
(728224, 763008, 178954, 1670186)
(728201, 763008, 178954, 1670163)
(727419, 763008, 178954, 1669381)
(726691, 763008, 178954, 1668653)
(726368, 763008, 178954, 1668330)
(725349, 763008, 178954, 1667311)
(724943, 763008, 178954, 1666905)
(724353, 763008, 178954, 1666315)
(723938, 763008, 178954, 1665900)
(723377, 763008, 178954, 1665339)
(722915, 763008, 178954, 1664877)
(722734, 763008, 178954, 1664696)
(721891, 763008, 178954, 1663853)
(721714, 763008, 178954, 1663676)
(721408, 763008, 178954, 1663370)
(720831, 763008, 178954, 1662793)
(720240, 763008, 178954, 1662202)
(719709, 763008, 178954, 1661671)
(719424, 763008, 178954, 1661386)
(718392, 763008, 178954, 1660354)
(718255, 763008, 178954, 1660217)
(717523, 763008, 178954, 1659485)
(717388, 763008, 178954, 1659350)
(716889, 763008, 178954, 1658851)
(716585, 763008, 178954, 1658547)
(716349, 763008, 178954, 1658311)
(715757, 763008, 178954, 1657719)
(715367, 763008, 178954, 1657329)
(714924, 763008, 178954, 1656886)
(714117, 763008, 178954, 1656079)
(713585, 763008, 178954, 1655547)
(712762, 763008, 178954, 1654724)
(712507, 763008, 178954, 1654469)
(712064, 763008, 178954, 1654026)
(711670, 763008, 178954, 1653632)
(711090, 763008, 178954, 1653052)
(710916, 763008, 178954, 1652878)
(709971, 763008, 178954, 1651933)
(709591, 763008, 178954, 1651553)
(709236, 763008, 178954, 1651198)
(708852, 763008, 178954, 1650814)
(708455, 763008, 178954, 1650417)
(708027, 763008, 178954, 1649989)
(707343, 763008, 178954, 1649305)
(707206, 763008, 178954, 1649168)
(706386, 763008, 178954, 1648348)
(706215, 763008, 178954, 1648177)
(705547, 763008, 178954, 1647509)
(704986, 763008, 178954, 1646948)
(704792, 763008, 178954, 1646754)
(704321, 763008, 178954, 1646283)
(704193, 763008, 178954, 1646155)
(703679, 763008, 178954, 1645641)
(703177, 763008, 178954, 1645139)
(702363, 763008, 178954, 1644325)
(701770, 763008, 178954, 1643732)
(701677, 763008, 178954, 1643639)
(701528, 763008, 178954, 1643490)
(701132, 763008, 178954, 1643094)
(700248, 763008, 178954, 1642210)
(699874, 763008, 178954, 1641836)
(699075, 763008, 178954, 1641037)
(698444, 763008, 178954, 1640406)
(697467, 763008, 178954, 1639429)
(696954, 763008, 178954, 1638916)
(696181, 763008, 178954, 1638143)
(695564, 763008, 178954, 1637526)
(695206, 763008, 178954, 1637168)
(694708, 763008, 178954, 1636670)
(694045, 763008, 178954, 1636007)
(693558, 763008, 178954, 1635520)
(692938, 763008, 178954, 1634900)
(692260, 763008, 178954, 1634222)
(691744, 763008, 178954, 1633706)
(691061, 763008, 178954, 1633023)
(690305, 763008, 178954, 1632267)
(689625, 763008, 178954, 1631587)
(689547, 763008, 178954, 1631509)
(689400, 763008, 178954, 1631362)
(688977, 763008, 178954, 1630939)
(688393, 763008, 178954, 1630355)
(687537, 763008, 178954, 1629499)
(686766, 763008, 178954, 1628728)
(686534, 763008, 178954, 1628496)
(686130, 763008, 178954, 1628092)
(686036, 763008, 178954, 1627998)
(685493, 763008, 178954, 1627455)
(684696, 763008, 178954, 1626658)
(683817, 763008, 178954, 1625779)
(683271, 763008, 178954, 1625233)
(683046, 763008, 178954, 1625008)
(682661, 763008, 178954, 1624623)
(681813, 763008, 178954, 1623775)
(681020, 763008, 178954, 1622982)
(680427, 763008, 178954, 1622389)
(679943, 763008, 178954, 1621905)
(679535, 763008, 178954, 1621497)
(679299, 763008, 178954, 1621261)
(678631, 763008, 178954, 1620593)
(678353, 763008, 178954, 1620315)
(678112, 763008, 178954, 1620074)
(677050, 763008, 178954, 1619012)
(676266, 763008, 178954, 1618228)
(675833, 763008, 178954, 1617795)
(675289, 763008, 178954, 1617251)
(675209, 763008, 178954, 1617171)
(674776, 763008, 178954, 1616738)
(674224, 763008, 178954, 1616186)
(674006, 763008, 178954, 1615968)
(673747, 763008, 178954, 1615709)
(672826, 763008, 178954, 1614788)
(672368, 763008, 178954, 1614330)
(671918, 763008, 178954, 1613880)
(671500, 763008, 178954, 1613462)
(671037, 763008, 178954, 1612999)
(670489, 763008, 178954, 1612451)
(669541, 763008, 178954, 1611503)
(669194, 763008, 178954, 1611156)
(668502, 763008, 178954, 1610464)
(667681, 763008, 178954, 1609643)
(667185, 763008, 178954, 1609147)
(666521, 763008, 178954, 1608483)
(665911, 763008, 178954, 1607873)
(664979, 763008, 178954, 1606941)
(664625, 763008, 178954, 1606587)
(664136, 763008, 178954, 1606098)
(663735, 763008, 178954, 1605697)
(663443, 763008, 178954, 1605405)
(662859, 763008, 178954, 1604821)
(662346, 763008, 178954, 1604308)
(661794, 763008, 178954, 1603756)
(660928, 763008, 178954, 1602890)
(660327, 763008, 178954, 1602289)
(660299, 763008, 178954, 1602261)
(659690, 763008, 178954, 1601652)
(659541, 763008, 178954, 1601503)
(659435, 763008, 178954, 1601397)
(659097, 763008, 178954, 1601059)
(658593, 763008, 178954, 1600555)
(658259, 763008, 178954, 1600221)
(657679, 763008, 178954, 1599641)
(657270, 763008, 178954, 1599232)
(656334, 763008, 178954, 1598296)
(655366, 763008, 178954, 1597328)
(654917, 763008, 178954, 1596879)
(654790, 763008, 178954, 1596752)
(654346, 763008, 178954, 1596308)
(653557, 763008, 178954, 1595519)
(652912, 763008, 178954, 1594874)
(652495, 763008, 178954, 1594457)
(652002, 763008, 178954, 1593964)
(651109, 763008, 178954, 1593071)
(650931, 763008, 178954, 1592893)
(650200, 763008, 178954, 1592162)
(649863, 763008, 178954, 1591825)
(649565, 763008, 178954, 1591527)
(648835, 763008, 178954, 1590797)
(648414, 763008, 178954, 1590376)
(647744, 763008, 178954, 1589706)
(646896, 763008, 178954, 1588858)
(646390, 763008, 178954, 1588352)
(645554, 763008, 178954, 1587516)
(644790, 763008, 178954, 1586752)
(644018, 763008, 178954, 1585980)
(643216, 763008, 178954, 1585178)
(642703, 763008, 178954, 1584665)
(641911, 763008, 178954, 1583873)
(641361, 763008, 178954, 1583323)
(640267, 763008, 178954, 1582229)
(639696, 763008, 178954, 1581658)
(639595, 763008, 178954, 1581557)
(639324, 763008, 178954, 1581286)
(638570, 763008, 178954, 1580532)
(637672, 763008, 178954, 1579634)
(637579, 763008, 178954, 1579541)
(637116, 763008, 178954, 1579078)
(636578, 763008, 178954, 1578540)
(636180, 763008, 178954, 1578142)
(635775, 763008, 178954, 1577737)
(635742, 763008, 178954, 1577704)
(635339, 763008, 178954, 1577301)
(634953, 763008, 178954, 1576915)
(634692, 763008, 178954, 1576654)
(634140, 763008, 178954, 1576102)
(633756, 763008, 178954, 1575718)
(633597, 763008, 178954, 1575559)
(632801, 763008, 178954, 1574763)
(632461, 763008, 178954, 1574423)
(631918, 763008, 178954, 1573880)
(631375, 763008, 178954, 1573337)
(630937, 763008, 178954, 1572899)
(630579, 763008, 178954, 1572541)
(630261, 763008, 178954, 1572223)
(629308, 763008, 178954, 1571270)
(629208, 763008, 178954, 1571170)
(628901, 763008, 178954, 1570863)
(628827, 763008, 178954, 1570789)
(628711, 763008, 178954, 1570673)
(628374, 763008, 178954, 1570336)
(627656, 763008, 178954, 1569618)
(627481, 763008, 178954, 1569443)
(627031, 763008, 178954, 1568993)
(626643, 763008, 178954, 1568605)
(626276, 763008, 178954, 1568238)
(625732, 763008, 178954, 1567694)
(624938, 763008, 178954, 1566900)
(624716, 763008, 178954, 1566678)
(624444, 763008, 178954, 1566406)
(624052, 763008, 178954, 1566014)
(623917, 763008, 178954, 1565879)
(623402, 763008, 178954, 1565364)
(623080, 763008, 178954, 1565042)
(622773, 763008, 178954, 1564735)
(622589, 763008, 178954, 1564551)
(621894, 763008, 178954, 1563856)
(621728, 763008, 178954, 1563690)
(621561, 763008, 178954, 1563523)
(620808, 763008, 178954, 1562770)
(620436, 763008, 178954, 1562398)
(619555, 763008, 178954, 1561517)
(618653, 763008, 178954, 1560615)
(618030, 763008, 178954, 1559992)
(617300, 763008, 178954, 1559262)
(616815, 763008, 178954, 1558777)
(616274, 763008, 178954, 1558236)
(615753, 763008, 178954, 1557715)
(615411, 763008, 178954, 1557373)
(615036, 763008, 178954, 1556998)
(614641, 763008, 178954, 1556603)
(614340, 763008, 178954, 1556302)
(613932, 763008, 178954, 1555894)
(613466, 763008, 178954, 1555428)
(612849, 763008, 178954, 1554811)
(612639, 763008, 178954, 1554601)
(612277, 763008, 178954, 1554239)
(612017, 763008, 178954, 1553979)
(611576, 763008, 178954, 1553538)
(611486, 763008, 178954, 1553448)
(611181, 763008, 178954, 1553143)
(611092, 763008, 178954, 1553054)
(610287, 763008, 178954, 1552249)
(609461, 763008, 178954, 1551423)
(608949, 763008, 178954, 1550911)
(608612, 763008, 178954, 1550574)
(607810, 763008, 178954, 1549772)
(607343, 763008, 178954, 1549305)
(607232, 763008, 178954, 1549194)
(606970, 763008, 178954, 1548932)
(606618, 763008, 178954, 1548580)
(606034, 763008, 178954, 1547996)
(605319, 763008, 178954, 1547281)
(604724, 763008, 178954, 1546686)
(604536, 763008, 178954, 1546498)
(603930, 763008, 178954, 1545892)
(603618, 763008, 178954, 1545580)
(602980, 763008, 178954, 1544942)
(602421, 763008, 178954, 1544383)
(601526, 763008, 178954, 1543488)
(601249, 763008, 178954, 1543211)
(600885, 763008, 178954, 1542847)
(600309, 763008, 178954, 1542271)
(599781, 763008, 178954, 1541743)
(598872, 763008, 178954, 1540834)
(598072, 763008, 178954, 1540034)
(597486, 763008, 178954, 1539448)
(597078, 763008, 178954, 1539040)
(596593, 763008, 178954, 1538555)
(596378, 763008, 178954, 1538340)
(595691, 763008, 178954, 1537653)
(595318, 763008, 178954, 1537280)
(594485, 763008, 178954, 1536447)
(593770, 763008, 178954, 1535732)
(593272, 763008, 178954, 1535234)
(592585, 763008, 178954, 1534547)
(591731, 763008, 178954, 1533693)
(591260, 763008, 178954, 1533222)
(591147, 763008, 178954, 1533109)
(590531, 763008, 178954, 1532493)
(589711, 763008, 178954, 1531673)
(589047, 763008, 178954, 1531009)
(588454, 763008, 178954, 1530416)
(588009, 763008, 178954, 1529971)
(587957, 763008, 220344, 1571309)
(587911, 763008, 219464, 1570383)
(587863, 763008, 219016, 1569887)
(587843, 763008, 218826, 1569677)
(587805, 763008, 218773, 1569586)
(587792, 763008, 218048, 1568848)
(587708, 763008, 218129, 1568845)
(587670, 763008, 217479, 1568157)
(587669, 763008, 216164, 1566841)
(587606, 763008, 215509, 1566123)
