(600420, 638012, 169070, 1407502)
(599636, 630302, 165462, 1395400)
(574971, 638012, 169070, 1382053)
(558869, 638012, 169070, 1365951)
(550722, 641586, 169070, 1361378)
(528333, 646508, 169070, 1343911)
(526975, 646508, 169070, 1342553)
(491081, 674164, 169070, 1334315)
(456656, 694260, 169070, 1319986)
(454945, 694260, 169070, 1318275)
(1226495, 79012, 107734, 1413241)
(1174244, 119510, 107734, 1401488)
(1159373, 129405, 107734, 1396512)
(1137154, 148223, 107734, 1393111)
(1135497, 148223, 107734, 1391454)
(1116339, 162213, 107734, 1386286)
(1115779, 162213, 107734, 1385726)
(1114798, 162213, 107734, 1384745)
(1102644, 173339, 107734, 1383717)
(1097009, 173339, 107734, 1378082)
(1076988, 192575, 141163, 1410726)
(1073567, 195678, 141163, 1410408)
(1063737, 198487, 141163, 1403387)
(1063698, 198487, 141163, 1403348)
(1061170, 198487, 141163, 1400820)
(1022682, 235114, 141163, 1398959)
(1022682, 235114, 141163, 1398959)
(1020353, 235114, 141163, 1396630)
(1016740, 235114, 141163, 1393017)
(1028614, 221787, 141163, 1391564)
(1022599, 221282, 155279, 1399160)
(1021733, 222024, 155279, 1399036)
(1020834, 221282, 155279, 1397395)
(987454, 252269, 154775, 1394498)
(1014164, 221282, 155279, 1390725)
(987971, 238370, 155279, 1381620)
(960879, 260596, 155279, 1376754)
(949510, 265934, 155279, 1370723)
(948423, 265934, 155279, 1369636)
(932952, 276540, 155279, 1364771)
(912978, 292038, 165812, 1370828)
(912978, 292038, 165812, 1370828)
(907704, 295650, 165812, 1369166)
(909233, 295132, 162718, 1367083)
(909233, 295132, 162718, 1367083)
(906109, 295132, 162718, 1363959)
(879300, 315622, 162718, 1357640)
(879283, 315622, 162718, 1357623)
(878684, 315622, 162718, 1357024)
(875504, 315622, 162718, 1353844)
(875025, 306090, 176722, 1357837)
(875025, 306090, 176722, 1357837)
(874965, 306090, 176722, 1357777)
(874965, 306090, 176722, 1357777)
(871034, 309122, 176722, 1356878)
(871034, 309122, 176722, 1356878)
(871034, 309122, 176722, 1356878)
(870027, 309122, 176722, 1355871)
(859022, 314038, 176722, 1349782)
(859014, 314038, 176722, 1349774)
(857611, 316484, 177468, 1351563)
(851538, 319950, 177468, 1348956)
(850206, 319950, 177468, 1347624)
(845083, 321857, 177468, 1344408)
(844527, 321857, 177468, 1343852)
(843477, 322731, 177468, 1343676)
(843314, 322731, 177468, 1343513)
(841661, 322731, 177468, 1341860)
(841559, 322731, 177468, 1341758)
(832009, 330325, 177468, 1339802)
(833565, 326116, 179100, 1338781)
(833565, 326116, 179100, 1338781)
(829430, 327804, 179100, 1336334)
(829942, 326116, 179100, 1335158)
(828787, 326116, 179100, 1334003)
(826412, 326116, 179100, 1331628)
(824189, 326116, 179100, 1329405)
(824189, 326116, 179100, 1329405)
(824189, 326116, 179100, 1329405)
(823579, 326116, 179100, 1328795)
(827385, 323404, 179535, 1330324)
(821842, 327838, 179555, 1329235)
(821149, 327838, 179555, 1328542)
(820048, 327838, 179555, 1327441)
(820048, 327838, 179555, 1327441)
(820048, 327838, 179555, 1327441)
(820048, 327838, 179555, 1327441)
(819796, 327838, 179555, 1327189)
(818388, 327838, 179555, 1325781)
(817464, 327838, 179555, 1324857)
(818810, 320188, 184648, 1323646)
(818580, 320188, 184648, 1323416)
(817673, 320188, 185145, 1323006)
(817463, 320188, 184648, 1322299)
(816732, 320188, 185145, 1322065)
(815495, 320188, 185145, 1320828)
(815495, 320188, 185145, 1320828)
(815495, 320188, 185145, 1320828)
(813434, 321174, 184648, 1319256)
(813434, 321174, 184648, 1319256)
(810217, 321872, 187056, 1319145)
(810143, 321872, 187056, 1319071)
(810143, 321872, 187056, 1319071)
(808382, 323021, 187056, 1318459)
(807840, 323021, 187056, 1317917)
(805666, 323021, 187056, 1315743)
(805613, 323021, 187056, 1315690)
(805613, 323021, 187056, 1315690)
(798383, 327731, 187056, 1313170)
(798383, 327731, 187056, 1313170)
(798699, 328880, 188517, 1316096)
(798699, 328880, 188517, 1316096)
(797041, 329963, 188517, 1315521)
(797598, 328880, 188517, 1314995)
(796999, 328880, 188517, 1314396)
(796999, 328880, 188517, 1314396)
(796999, 328880, 188517, 1314396)
(795842, 328880, 188517, 1313239)
(794680, 329963, 188517, 1313160)
(795180, 328880, 188517, 1312577)
(797328, 328880, 186242, 1312450)
(796669, 328880, 186242, 1311791)
(796669, 328880, 186242, 1311791)
(796271, 328880, 186242, 1311393)
(795330, 328880, 186242, 1310452)
(795330, 328880, 186242, 1310452)
(794323, 328880, 186242, 1309445)
(794323, 328880, 186242, 1309445)
(793784, 328880, 186242, 1308906)
(793784, 328880, 186242, 1308906)
(791425, 328880, 183775, 1304080)
(791425, 328880, 183775, 1304080)
(790228, 328880, 183775, 1302883)
(790228, 328880, 183775, 1302883)
(790074, 328880, 183775, 1302729)
(790074, 328880, 183775, 1302729)
(790074, 328880, 183775, 1302729)
(789575, 328880, 183775, 1302230)
(786831, 328880, 183775, 1299486)
(786831, 328880, 183775, 1299486)
(784833, 328880, 186946, 1300659)
(784457, 328880, 186946, 1300283)
(784336, 328880, 186946, 1300162)
(783129, 328880, 186946, 1298955)
(783129, 328880, 186946, 1298955)
(783107, 328880, 186946, 1298933)
(780745, 328880, 186946, 1296571)
(780745, 328880, 186946, 1296571)
(778676, 330558, 186946, 1296180)
(778289, 328880, 186946, 1294115)
(780025, 328682, 188267, 1296974)
