(598443, 474664, 177545, 1250652)
(598301, 474664, 177545, 1250510)
(597211, 474664, 177545, 1249420)
(596659, 474664, 177545, 1248868)
(596340, 474664, 177545, 1248549)
(595787, 474664, 177545, 1247996)
(595055, 474664, 177545, 1247264)
(594164, 474664, 177545, 1246373)
(593550, 474664, 177545, 1245759)
(592665, 474664, 177545, 1244874)
(592544, 474664, 177545, 1244753)
(592332, 474664, 177545, 1244541)
(591721, 474664, 177545, 1243930)
(591447, 474664, 177545, 1243656)
(591425, 474664, 177545, 1243634)
(590745, 474664, 177545, 1242954)
(590452, 474664, 177545, 1242661)
(590068, 474664, 177545, 1242277)
(589444, 474664, 177545, 1241653)
(589192, 474664, 177545, 1241401)
(588386, 474664, 177545, 1240595)
(587413, 474664, 177545, 1239622)
(586888, 474664, 177545, 1239097)
(585994, 474664, 177545, 1238203)
(585189, 474664, 177545, 1237398)
(584842, 474664, 177545, 1237051)
(584389, 474664, 177545, 1236598)
(583978, 474664, 177545, 1236187)
(583229, 474664, 177545, 1235438)
(582378, 474664, 177545, 1234587)
(581255, 474664, 177545, 1233464)
(580809, 474664, 177545, 1233018)
(580229, 474664, 177545, 1232438)
(579728, 474664, 177545, 1231937)
(579293, 474664, 177545, 1231502)
(578944, 474664, 177545, 1231153)
(578557, 474664, 177545, 1230766)
(578466, 474664, 177545, 1230675)
(577865, 474664, 177545, 1230074)
(577459, 474664, 177545, 1229668)
(577148, 474664, 177545, 1229357)
(576321, 474664, 177545, 1228530)
(576091, 474664, 177545, 1228300)
(575772, 474664, 177545, 1227981)
(574715, 474664, 177545, 1226924)
(574370, 474664, 177545, 1226579)
(574069, 474664, 177545, 1226278)
(573617, 474664, 177545, 1225826)
(573123, 474664, 177545, 1225332)
(572618, 474664, 177545, 1224827)
(572365, 474664, 177545, 1224574)
(571237, 474664, 177545, 1223446)
(570788, 474664, 177545, 1222997)
(570029, 474664, 177545, 1222238)
(569694, 474664, 177545, 1221903)
(569111, 474664, 177545, 1221320)
(568214, 474664, 177545, 1220423)
(568060, 474664, 177545, 1220269)
(567532, 474664, 177545, 1219741)
(567293, 474664, 177545, 1219502)
(566249, 474664, 177545, 1218458)
(565584, 474664, 177545, 1217793)
(565503, 474664, 177545, 1217712)
(565108, 474664, 177545, 1217317)
(564827, 474664, 177545, 1217036)
(564282, 474664, 177545, 1216491)
(564197, 474664, 177545, 1216406)
(563633, 474664, 177545, 1215842)
(563550, 474664, 177545, 1215759)
(562765, 474664, 177545, 1214974)
(561864, 474664, 177545, 1214073)
(561648, 474664, 177545, 1213857)
(561340, 474664, 177545, 1213549)
(560361, 474664, 177545, 1212570)
(559956, 474664, 177545, 1212165)
(559868, 474664, 177545, 1212077)
(559365, 474664, 177545, 1211574)
(558843, 474664, 177545, 1211052)
(557902, 474664, 177545, 1210111)
(557668, 474664, 177545, 1209877)
(557272, 474664, 177545, 1209481)
(556169, 474664, 177545, 1208378)
(555629, 474664, 177545, 1207838)
(555356, 474664, 177545, 1207565)
(554808, 474664, 177545, 1207017)
(554284, 474664, 177545, 1206493)
(553323, 474664, 177545, 1205532)
(552962, 474664, 177545, 1205171)
(552706, 474664, 177545, 1204915)
(551812, 474664, 177545, 1204021)
(550848, 474664, 177545, 1203057)
(550382, 474664, 177545, 1202591)
(549757, 474664, 177545, 1201966)
(549451, 474664, 177545, 1201660)
(548968, 474664, 177545, 1201177)
(548396, 474664, 177545, 1200605)
(547454, 474664, 177545, 1199663)
(547118, 474664, 177545, 1199327)
(546304, 474664, 177545, 1198513)
(545712, 474664, 177545, 1197921)
(545553, 474664, 177545, 1197762)
(545522, 474664, 177545, 1197731)
(544684, 474664, 177545, 1196893)
(544404, 474664, 177545, 1196613)
(543867, 474664, 177545, 1196076)
(543331, 474664, 177545, 1195540)
(542707, 474664, 177545, 1194916)
(542706, 474664, 177545, 1194915)
(542060, 474664, 177545, 1194269)
(541861, 474664, 177545, 1194070)
(541346, 474664, 177545, 1193555)
(540634, 474664, 177545, 1192843)
(539689, 474664, 177545, 1191898)
(539500, 474664, 177545, 1191709)
(539306, 474664, 177545, 1191515)
(538421, 474664, 177545, 1190630)
(538203, 474664, 177545, 1190412)
(537749, 474664, 177545, 1189958)
(536916, 474664, 177545, 1189125)
(536612, 474664, 177545, 1188821)
(535906, 474664, 177545, 1188115)
(535217, 474664, 177545, 1187426)
(534871, 474664, 177545, 1187080)
(534131, 474664, 177545, 1186340)
(533798, 474664, 177545, 1186007)
(533696, 474664, 177545, 1185905)
(532790, 474664, 177545, 1184999)
(532230, 474664, 177545, 1184439)
(531563, 474664, 177545, 1183772)
(531102, 474664, 177545, 1183311)
(530591, 474664, 177545, 1182800)
(529961, 474664, 177545, 1182170)
(528964, 474664, 177545, 1181173)
(528811, 474664, 177545, 1181020)
(527697, 474664, 177545, 1179906)
(526892, 474664, 177545, 1179101)
(526300, 474664, 177545, 1178509)
(525396, 474664, 177545, 1177605)
(525037, 474664, 177545, 1177246)
(524493, 474664, 177545, 1176702)
(523617, 474664, 177545, 1175826)
(522437, 474664, 177545, 1174646)
(522274, 474664, 177545, 1174483)
(521712, 474664, 177545, 1173921)
(520780, 474664, 177545, 1172989)
(520156, 474664, 177545, 1172365)
(519107, 474664, 177545, 1171316)
(518415, 474664, 177545, 1170624)
(517097, 474664, 177545, 1169306)
(516017, 474664, 177545, 1168226)
(515323, 474664, 177545, 1167532)
(514624, 474664, 177545, 1166833)
(514014, 474664, 177545, 1166223)
(513403, 474664, 177545, 1165612)
(513054, 474664, 177545, 1165263)
(512415, 474664, 177545, 1164624)
(511284, 474664, 177545, 1163493)
(510999, 474664, 177545, 1163208)
(510439, 474664, 177545, 1162648)
(509713, 474664, 177545, 1161922)
(508964, 474664, 177545, 1161173)
(507656, 474664, 177545, 1159865)
(507593, 474664, 177545, 1159802)
(506800, 474664, 177545, 1159009)
(506644, 474664, 177545, 1158853)
(505802, 474664, 177545, 1158011)
(505027, 474664, 177545, 1157236)
(504570, 474664, 177545, 1156779)
(503866, 474664, 177545, 1156075)
(502918, 474664, 177545, 1155127)
(502359, 474664, 177545, 1154568)
(501574, 474664, 177545, 1153783)
(500898, 474664, 177545, 1153107)
(500595, 474664, 177545, 1152804)
(500190, 474664, 177545, 1152399)
(499727, 474664, 177545, 1151936)
(498883, 474664, 177545, 1151092)
(497777, 474664, 177545, 1149986)
(497088, 474664, 177545, 1149297)
(496751, 474664, 177545, 1148960)
(496645, 474664, 177545, 1148854)
(495966, 474664, 177545, 1148175)
(495201, 474664, 177545, 1147410)
(494731, 474664, 177545, 1146940)
(494096, 474664, 177545, 1146305)
(493697, 474664, 177545, 1145906)
(493559, 474664, 177545, 1145768)
(493360, 474664, 177545, 1145569)
(492624, 474664, 177545, 1144833)
(492353, 474664, 177545, 1144562)
(491715, 474664, 177545, 1143924)
(491382, 474664, 177545, 1143591)
(490960, 474664, 177545, 1143169)
(490385, 474664, 177545, 1142594)
(489459, 474664, 177545, 1141668)
(488867, 474664, 177545, 1141076)
(488042, 474664, 177545, 1140251)
(487701, 474664, 177545, 1139910)
(486750, 474664, 177545, 1138959)
(486131, 474664, 177545, 1138340)
(485089, 474664, 177545, 1137298)
(484283, 474664, 177545, 1136492)
(484100, 474664, 177545, 1136309)
(483579, 474664, 177545, 1135788)
(483117, 474664, 177545, 1135326)
(482859, 474664, 177545, 1135068)
(482549, 474664, 177545, 1134758)
(481979, 474664, 177545, 1134188)
(481142, 474664, 177545, 1133351)
(481091, 474664, 177545, 1133300)
(479934, 474664, 177545, 1132143)
(479230, 474664, 177545, 1131439)
(478717, 474664, 177545, 1130926)
(478318, 474664, 177545, 1130527)
(477460, 474664, 177545, 1129669)
(476720, 474664, 177545, 1128929)
(476080, 474664, 177545, 1128289)
(475436, 474664, 177545, 1127645)
(474577, 474664, 177545, 1126786)
(474214, 474664, 177545, 1126423)
(473789, 474664, 177545, 1125998)
(472481, 474664, 177545, 1124690)
(471635, 474664, 177545, 1123844)
(470660, 474664, 177545, 1122869)
(470048, 474664, 177545, 1122257)
(469464, 474664, 177545, 1121673)
(468735, 474664, 177545, 1120944)
(468027, 474664, 177545, 1120236)
(466981, 474664, 177545, 1119190)
(465889, 474664, 177545, 1118098)
(464999, 474664, 177545, 1117208)
(464377, 474664, 177545, 1116586)
(463903, 474664, 177545, 1116112)
(462999, 474664, 177545, 1115208)
(462156, 474664, 177545, 1114365)
(461846, 474664, 177545, 1114055)
(461006, 474664, 177545, 1113215)
(460024, 474664, 177545, 1112233)
(459510, 474664, 177545, 1111719)
(459495, 474664, 177545, 1111704)
(458623, 474664, 177545, 1110832)
(457736, 474664, 177545, 1109945)
(456466, 474664, 177545, 1108675)
(456465, 474664, 177545, 1108674)
(456038, 474664, 177545, 1108247)
(455477, 474664, 177545, 1107686)
(455270, 474664, 177545, 1107479)
(454843, 474664, 177545, 1107052)
(454697, 474664, 177545, 1106906)
(453968, 474664, 177545, 1106177)
(453462, 474664, 177545, 1105671)
(453092, 474664, 177545, 1105301)
(452615, 474664, 177545, 1104824)
(451878, 474664, 177545, 1104087)
(451744, 474664, 177545, 1103953)
(451021, 474664, 177545, 1103230)
(450694, 474664, 177545, 1102903)
(450305, 474664, 177545, 1102514)
(449827, 474664, 177545, 1102036)
(448758, 474664, 177545, 1100967)
(448093, 474664, 177545, 1100302)
(447549, 474664, 177545, 1099758)
(447269, 474664, 227504, 1149437)
(446998, 474664, 227474, 1149136)
(446659, 474664, 226958, 1148281)
(446258, 474664, 226848, 1147770)
(446037, 474664, 225193, 1145894)
(445894, 474664, 225200, 1145758)
(445450, 474664, 225048, 1145162)
(445251, 474664, 223936, 1143851)
(445071, 474664, 223410, 1143145)
(444675, 474664, 223287, 1142626)
(444321, 474664, 222430, 1141415)
(444091, 474664, 222217, 1140972)
(443650, 474664, 221181, 1139495)
(443325, 474664, 221178, 1139167)
(443209, 474664, 221040, 1138913)
(442752, 474664, 221456, 1138872)
(442396, 474664, 221689, 1138749)
(442363, 474664, 221294, 1138321)
(442043, 474664, 221466, 1138173)
(441644, 474664, 221240, 1137548)
(441287, 474664, 220736, 1136687)
