(543229, 503446, 152269, 1198944)
(542637, 503446, 152269, 1198352)
(541869, 503446, 152269, 1197584)
(541587, 503446, 152269, 1197302)
(541356, 503446, 152269, 1197071)
(540917, 503446, 152269, 1196632)
(540601, 503446, 152269, 1196316)
(540143, 503446, 152269, 1195858)
(540027, 503446, 152269, 1195742)
(539433, 503446, 152269, 1195148)
(538697, 503446, 152269, 1194412)
(538226, 503446, 152269, 1193941)
(537517, 503446, 152269, 1193232)
(536710, 503446, 152269, 1192425)
(535897, 503446, 152269, 1191612)
(535354, 503446, 152269, 1191069)
(534411, 503446, 152269, 1190126)
(533574, 503446, 152269, 1189289)
(532822, 503446, 152269, 1188537)
(532201, 503446, 152269, 1187916)
(531837, 503446, 152269, 1187552)
(531076, 503446, 152269, 1186791)
(530127, 503446, 152269, 1185842)
(529824, 503446, 152269, 1185539)
(529533, 503446, 152269, 1185248)
(529263, 503446, 152269, 1184978)
(528856, 503446, 152269, 1184571)
(527912, 503446, 152269, 1183627)
(527449, 503446, 152269, 1183164)
(526686, 503446, 152269, 1182401)
(526473, 503446, 152269, 1182188)
(526217, 503446, 152269, 1181932)
(525881, 503446, 152269, 1181596)
(525277, 503446, 152269, 1180992)
(524443, 503446, 152269, 1180158)
(523455, 503446, 152269, 1179170)
(522564, 503446, 152269, 1178279)
(522121, 503446, 152269, 1177836)
(521707, 503446, 152269, 1177422)
(521116, 503446, 152269, 1176831)
(520890, 503446, 152269, 1176605)
(520665, 503446, 152269, 1176380)
(520035, 503446, 152269, 1175750)
(518963, 503446, 152269, 1174678)
(518235, 503446, 152269, 1173950)
(517558, 503446, 152269, 1173273)
(517207, 503446, 152269, 1172922)
(516767, 503446, 152269, 1172482)
(516285, 503446, 152269, 1172000)
(515333, 503446, 152269, 1171048)
(515049, 503446, 152269, 1170764)
(514693, 503446, 152269, 1170408)
(514582, 503446, 152269, 1170297)
(514042, 503446, 152269, 1169757)
(513735, 503446, 152269, 1169450)
(513601, 503446, 152269, 1169316)
(512834, 503446, 152269, 1168549)
(512267, 503446, 152269, 1167982)
(511657, 503446, 152269, 1167372)
(510947, 503446, 152269, 1166662)
(510691, 503446, 152269, 1166406)
(509647, 503446, 152269, 1165362)
(508778, 503446, 152269, 1164493)
(507973, 503446, 152269, 1163688)
(506850, 503446, 152269, 1162565)
(506298, 503446, 152269, 1162013)
(505772, 503446, 152269, 1161487)
(504959, 503446, 152269, 1160674)
(504335, 503446, 152269, 1160050)
(504007, 503446, 152269, 1159722)
(503131, 503446, 152269, 1158846)
(502546, 503446, 152269, 1158261)
(502414, 503446, 152269, 1158129)
(502104, 503446, 152269, 1157819)
(501341, 503446, 152269, 1157056)
(500667, 503446, 152269, 1156382)
(499794, 503446, 152269, 1155509)
(499314, 503446, 152269, 1155029)
(499220, 503446, 152269, 1154935)
(498575, 503446, 152269, 1154290)
(498371, 503446, 152269, 1154086)
(498054, 503446, 152269, 1153769)
(497922, 503446, 152269, 1153637)
(497605, 503446, 152269, 1153320)
(497494, 503446, 152269, 1153209)
(496878, 503446, 152269, 1152593)
(496274, 503446, 152269, 1151989)
(495765, 503446, 152269, 1151480)
(495101, 503446, 152269, 1150816)
(494842, 503446, 152269, 1150557)
(494348, 503446, 152269, 1150063)
(493997, 503446, 152269, 1149712)
(493981, 503446, 152269, 1149696)
(493514, 503446, 152269, 1149229)
(492979, 503446, 152269, 1148694)
(492204, 503446, 152269, 1147919)
(491693, 503446, 152269, 1147408)
(491268, 503446, 152269, 1146983)
(490814, 503446, 152269, 1146529)
(490690, 503446, 152269, 1146405)
(490388, 503446, 152269, 1146103)
(489927, 503446, 152269, 1145642)
(489612, 503446, 152269, 1145327)
(489484, 503446, 152269, 1145199)
(488724, 503446, 152269, 1144439)
(487789, 503446, 152269, 1143504)
(486905, 503446, 152269, 1142620)
(486061, 503446, 152269, 1141776)
(485386, 503446, 152269, 1141101)
(485171, 503446, 152269, 1140886)
(484493, 503446, 152269, 1140208)
(483708, 503446, 152269, 1139423)
(483013, 503446, 152269, 1138728)
(482589, 503446, 152269, 1138304)
(481742, 503446, 152269, 1137457)
(481007, 503446, 152269, 1136722)
(480666, 503446, 152269, 1136381)
(479725, 503446, 152269, 1135440)
(478683, 503446, 152269, 1134398)
(477652, 503446, 152269, 1133367)
(477168, 503446, 152269, 1132883)
(476720, 503446, 152269, 1132435)
(476051, 503446, 152269, 1131766)
(475288, 503446, 152269, 1131003)
(474496, 503446, 152269, 1130211)
(474335, 503446, 152269, 1130050)
(473689, 503446, 152269, 1129404)
(472791, 503446, 152269, 1128506)
(472354, 503446, 152269, 1128069)
(471617, 503446, 152269, 1127332)
(471321, 503446, 152269, 1127036)
(470708, 503446, 152269, 1126423)
(469767, 503446, 152269, 1125482)
(469179, 503446, 152269, 1124894)
(469138, 503446, 152269, 1124853)
(468389, 503446, 152269, 1124104)
(468121, 503446, 152269, 1123836)
(467399, 503446, 152269, 1123114)
(466792, 503446, 152269, 1122507)
(466225, 503446, 152269, 1121940)
(465571, 503446, 152269, 1121286)
(465182, 503446, 152269, 1120897)
(464833, 503446, 152269, 1120548)
(464832, 503446, 152269, 1120547)
(464679, 503446, 152269, 1120394)
(464346, 503446, 152269, 1120061)
(463631, 503446, 152269, 1119346)
(462955, 503446, 152269, 1118670)
(462471, 503446, 152269, 1118186)
(461730, 503446, 152269, 1117445)
(461592, 503446, 152269, 1117307)
(461279, 503446, 152269, 1116994)
(460748, 503446, 152269, 1116463)
(460212, 503446, 152269, 1115927)
(459807, 503446, 152269, 1115522)
(459134, 503446, 152269, 1114849)
(458415, 503446, 152269, 1114130)
(457606, 503446, 152269, 1113321)
(456928, 503446, 152269, 1112643)
(456083, 503446, 152269, 1111798)
(455028, 503446, 152269, 1110743)
(454859, 503446, 152269, 1110574)
(454461, 503446, 152269, 1110176)
(453818, 503446, 152269, 1109533)
(453084, 503446, 152269, 1108799)
(452427, 503446, 152269, 1108142)
(451966, 503446, 152269, 1107681)
(451414, 503446, 152269, 1107129)
(451110, 503446, 152269, 1106825)
(450708, 503446, 152269, 1106423)
(450164, 503446, 152269, 1105879)
(449512, 503446, 152269, 1105227)
(448945, 503446, 152269, 1104660)
(448364, 503446, 152269, 1104079)
(447710, 503446, 152269, 1103425)
(447013, 503446, 152269, 1102728)
(446648, 503446, 152269, 1102363)
(445661, 503446, 152269, 1101376)
(444881, 503446, 152269, 1100596)
(444602, 503446, 152269, 1100317)
(443867, 503446, 152269, 1099582)
(443131, 503446, 152269, 1098846)
(442681, 503446, 152269, 1098396)
(441799, 503446, 152269, 1097514)
(441493, 503446, 152269, 1097208)
(440762, 503446, 152269, 1096477)
(440056, 503446, 152269, 1095771)
(439238, 503446, 152269, 1094953)
(439022, 503446, 152269, 1094737)
(438731, 503446, 152269, 1094446)
(438540, 503446, 152269, 1094255)
(438072, 503446, 152269, 1093787)
(437541, 503446, 152269, 1093256)
(436817, 503446, 152269, 1092532)
(436689, 503446, 152269, 1092404)
(436156, 503446, 152269, 1091871)
(435921, 503446, 152269, 1091636)
(434995, 503446, 152269, 1090710)
(434355, 503446, 152269, 1090070)
(433681, 503446, 152269, 1089396)
(433144, 503446, 152269, 1088859)
(432386, 503446, 152269, 1088101)
(431910, 503446, 152269, 1087625)
(431626, 503446, 152269, 1087341)
(431017, 503446, 152269, 1086732)
(430941, 503446, 152269, 1086656)
(430357, 503446, 152269, 1086072)
(429968, 503446, 152269, 1085683)
(429646, 503446, 152269, 1085361)
(429039, 503446, 152269, 1084754)
(428535, 503446, 152269, 1084250)
(427694, 503446, 152269, 1083409)
(427168, 503446, 152269, 1082883)
(426992, 503446, 152269, 1082707)
(426141, 503446, 152269, 1081856)
(425631, 503446, 152269, 1081346)
(425269, 503446, 152269, 1080984)
(424895, 503446, 152269, 1080610)
(424282, 503446, 152269, 1079997)
(423932, 503446, 152269, 1079647)
(423493, 503446, 152269, 1079208)
(423268, 503446, 152269, 1078983)
(423075, 503446, 152269, 1078790)
(422666, 503446, 152269, 1078381)
(422031, 503446, 152269, 1077746)
(421879, 503446, 152269, 1077594)
(421499, 503446, 152269, 1077214)
(420791, 503446, 152269, 1076506)
(420064, 503446, 152269, 1075779)
(419386, 503446, 152269, 1075101)
(419245, 503446, 152269, 1074960)
(418316, 503446, 152269, 1074031)
(418231, 503446, 152269, 1073946)
(417638, 503446, 152269, 1073353)
(416987, 503446, 152269, 1072702)
(416896, 503446, 152269, 1072611)
(416480, 503446, 152269, 1072195)
(415695, 503446, 152269, 1071410)
(415464, 503446, 152269, 1071179)
(415052, 503446, 152269, 1070767)
(414882, 503446, 152269, 1070597)
(414789, 503446, 152269, 1070504)
(414387, 503446, 152269, 1070102)
(413748, 503446, 152269, 1069463)
(413054, 503446, 152269, 1068769)
(412404, 503446, 152269, 1068119)
(411972, 503446, 152269, 1067687)
(411545, 503446, 152269, 1067260)
(411271, 503446, 152269, 1066986)
(410755, 503446, 152269, 1066470)
(410313, 503446, 152269, 1066028)
(410194, 503446, 152269, 1065909)
(409453, 503446, 152269, 1065168)
(409249, 503446, 152269, 1064964)
(408276, 503446, 152269, 1063991)
(407369, 503446, 152269, 1063084)
(406651, 503446, 152269, 1062366)
(406381, 503446, 152269, 1062096)
(406205, 503446, 152269, 1061920)
(406153, 503446, 198512, 1108111)
(406144, 503446, 197723, 1107313)
(406102, 503446, 196839, 1106387)
(406061, 503446, 196597, 1106104)
(406051, 503446, 196360, 1105857)
(406010, 503446, 195594, 1105050)
(405976, 503446, 195362, 1104784)
(405972, 503446, 195132, 1104550)
(405889, 503446, 193683, 1103018)
(405879, 503446, 193203, 1102528)
(405816, 503446, 192723, 1101985)
(405815, 503446, 192659, 1101920)
(405770, 503446, 192693, 1101909)
(405729, 503446, 191989, 1101164)
(405670, 503446, 191302, 1100418)
(405632, 503446, 190677, 1099755)
(405593, 503446, 189815, 1098854)
(405567, 503446, 189149, 1098162)
