(563838, 532824, 179653, 1276315)
(550846, 536854, 179653, 1267353)
(522095, 555072, 179653, 1256820)
(492678, 575518, 179653, 1247849)
(454160, 604616, 179653, 1238429)
(472072, 579362, 179653, 1231087)
(416134, 628080, 179653, 1223867)
(444052, 595162, 179653, 1218867)
(408566, 616998, 179653, 1205217)
(373349, 634276, 179653, 1187278)
(1107946, 87584, 71243, 1266773)
(1091453, 97386, 71243, 1260082)
(1077077, 110408, 71243, 1258728)
(1048052, 131362, 71243, 1250657)
(1027376, 148684, 71243, 1247303)
(1029683, 143310, 71243, 1244236)
(983151, 173912, 71243, 1228306)
(1015773, 139856, 71243, 1226872)
(988678, 156704, 71243, 1216625)
(988240, 156704, 71243, 1216187)
(987167, 152950, 121115, 1261232)
(978677, 152950, 121204, 1252831)
(976217, 152950, 121204, 1250371)
(969083, 158012, 121204, 1248299)
(971784, 152950, 121204, 1245938)
(962225, 158012, 121204, 1241441)
(895813, 211138, 121115, 1228066)
(889851, 214982, 121115, 1225948)
(925245, 178490, 121204, 1224939)
(868810, 232658, 121115, 1222583)
(887478, 210886, 149806, 1248170)
(900665, 188502, 144163, 1233330)
(874748, 214308, 144163, 1233219)
(897864, 188502, 144163, 1230529)
(897864, 188502, 144163, 1230529)
(858719, 218640, 144163, 1221522)
(858719, 218640, 144163, 1221522)
(875493, 195600, 144163, 1215256)
(860489, 205924, 144163, 1210576)
(853250, 212422, 144163, 1209835)
(844609, 215170, 157418, 1217197)
(829689, 226426, 157418, 1213533)
(828658, 226426, 157418, 1212502)
(828658, 226426, 157418, 1212502)
(824122, 230654, 157418, 1212194)
(810699, 234768, 157418, 1202885)
(810699, 234768, 157418, 1202885)
(810351, 234768, 157418, 1202537)
(801718, 240586, 157418, 1199722)
(800850, 240586, 157418, 1198854)
(802021, 239748, 163430, 1205199)
(802021, 239748, 163430, 1205199)
(802808, 238310, 163298, 1204416)
(802286, 234004, 163430, 1199720)
(801822, 234004, 163430, 1199256)
(798878, 235584, 163430, 1197892)
(796938, 235584, 163430, 1195952)
(796938, 235584, 163430, 1195952)
(796534, 235584, 163430, 1195548)
(789288, 242550, 163430, 1195268)
(800555, 232336, 158675, 1191566)
(798855, 232336, 158675, 1189866)
(798651, 232336, 158675, 1189662)
(796894, 232336, 158675, 1187905)
(796111, 232336, 158675, 1187122)
(796111, 232336, 158675, 1187122)
(795507, 232336, 158675, 1186518)
(794020, 232336, 158675, 1185031)
(791813, 232336, 158675, 1182824)
(791813, 232336, 158675, 1182824)
(792231, 232336, 160406, 1184973)
(791784, 232336, 160406, 1184526)
(789766, 232336, 160667, 1182769)
(789766, 232336, 160667, 1182769)
(788236, 232336, 160667, 1181239)
(787003, 232336, 160667, 1180006)
(785871, 232336, 160667, 1178874)
(783528, 232336, 160667, 1176531)
(770417, 238092, 160667, 1169176)
(742527, 262560, 160667, 1165754)
(744239, 258332, 172628, 1175199)
(744239, 258332, 172628, 1175199)
(743650, 258332, 172628, 1174610)
(742582, 258332, 172628, 1173542)
(740722, 258332, 172628, 1171682)
(740722, 258332, 172628, 1171682)
(740722, 258332, 172628, 1171682)
(738251, 259835, 172628, 1170714)
(735628, 261150, 172628, 1169406)
(733966, 262369, 172628, 1168963)
(737509, 258332, 171475, 1167316)
(737509, 258332, 171475, 1167316)
(737509, 258332, 171475, 1167316)
(723692, 269518, 172038, 1165248)
(723233, 269518, 172038, 1164789)
(721724, 269518, 172038, 1163280)
(720791, 269518, 172038, 1162347)
(720662, 269518, 172038, 1162218)
(718101, 269518, 172038, 1159657)
(717236, 269518, 172038, 1158792)
(719895, 267878, 175123, 1162896)
(718900, 267878, 175123, 1161901)
(718900, 267878, 175123, 1161901)
(705711, 276863, 174350, 1156924)
(705711, 276863, 174350, 1156924)
(704983, 276863, 174350, 1156196)
(703254, 276863, 174350, 1154467)
(703254, 276863, 174350, 1154467)
(701383, 278596, 174350, 1154329)
(701265, 276863, 174350, 1152478)
(699942, 276968, 178547, 1155457)
(699942, 276968, 178547, 1155457)
(693777, 279210, 178547, 1151534)
(693777, 279210, 178547, 1151534)
(691823, 279210, 178547, 1149580)
(691823, 279210, 178547, 1149580)
(690167, 279210, 178547, 1147924)
(690167, 279210, 178547, 1147924)
(687534, 279210, 178547, 1145291)
(686610, 279210, 178547, 1144367)
(688496, 277628, 185801, 1151925)
(690556, 277628, 182743, 1150927)
(686814, 277628, 185801, 1150243)
(686814, 277628, 185801, 1150243)
(685062, 281864, 182743, 1149669)
(685062, 281864, 182743, 1149669)
(682119, 280076, 185801, 1147996)
(682119, 280076, 185801, 1147996)
(679529, 280076, 185801, 1145406)
(678221, 280076, 185801, 1144098)
(680599, 273200, 185258, 1139057)
(679595, 273200, 185258, 1138053)
(679595, 273200, 185258, 1138053)
(678807, 273200, 185258, 1137265)
(677953, 273200, 185258, 1136411)
(677953, 273200, 185258, 1136411)
(676187, 273200, 185258, 1134645)
(676187, 273200, 185258, 1134645)
(675992, 273200, 185258, 1134450)
(675992, 273200, 185258, 1134450)
(677486, 272986, 183813, 1134285)
(675124, 273200, 185595, 1133919)
(676376, 272986, 183813, 1133175)
(675705, 272986, 183813, 1132504)
(675352, 272986, 183813, 1132151)
(673732, 272986, 183813, 1130531)
(672947, 272986, 183813, 1129746)
(672947, 272986, 183813, 1129746)
(671877, 272986, 183813, 1128676)
(671877, 272986, 183813, 1128676)
(674546, 270652, 186177, 1131375)
(674143, 270652, 186177, 1130972)
(674143, 270652, 186177, 1130972)
(672751, 270652, 186177, 1129580)
(672751, 270652, 186177, 1129580)
(672020, 270652, 186177, 1128849)
(671669, 270652, 186177, 1128498)
(670500, 270652, 186177, 1127329)
(668770, 270652, 186177, 1125599)
(668770, 270652, 186177, 1125599)
(668801, 264194, 188671, 1121666)
(668801, 264194, 188671, 1121666)
(665040, 264194, 188671, 1117905)
(665040, 264194, 188671, 1117905)
(665040, 264194, 188671, 1117905)
(665040, 264194, 188671, 1117905)
(665040, 264194, 188671, 1117905)
(665040, 264194, 188671, 1117905)
(664605, 264194, 188671, 1117470)
(663400, 264982, 188671, 1117053)
(664536, 262810, 190976, 1118322)
(664521, 262810, 190976, 1118307)
(662415, 262810, 190976, 1116201)
(661405, 264194, 189898, 1115497)
(660485, 262810, 190976, 1114271)
(659852, 264194, 189898, 1113944)
(659351, 264194, 189898, 1113443)
(659035, 262810, 190976, 1112821)
(657640, 262810, 190976, 1111426)
(654072, 262810, 190976, 1107858)
(655343, 261552, 189822, 1106717)
(654630, 261552, 189822, 1106004)
(654224, 261552, 189822, 1105598)
(652847, 261552, 189822, 1104221)
(651076, 261552, 189822, 1102450)
(646883, 263132, 189822, 1099837)
(646883, 263132, 189822, 1099837)
(645438, 264183, 189822, 1099443)
(655897, 261552, 189822, 1107271)
