(799925, 738156, 169003, 1707084)
(799100, 738156, 169003, 1706259)
(798393, 738156, 169003, 1705552)
(797815, 738156, 169003, 1704974)
(797703, 738156, 169003, 1704862)
(797217, 738156, 169003, 1704376)
(796287, 738156, 169003, 1703446)
(796115, 738156, 169003, 1703274)
(795887, 738156, 169003, 1703046)
(795431, 738156, 169003, 1702590)
(794699, 738156, 169003, 1701858)
(794104, 738156, 169003, 1701263)
(793372, 738156, 169003, 1700531)
(792785, 738156, 169003, 1699944)
(792363, 738156, 169003, 1699522)
(791534, 738156, 169003, 1698693)
(790660, 738156, 169003, 1697819)
(789936, 738156, 169003, 1697095)
(789283, 738156, 169003, 1696442)
(788804, 738156, 169003, 1695963)
(787942, 738156, 169003, 1695101)
(787582, 738156, 169003, 1694741)
(787222, 738156, 169003, 1694381)
(786437, 738156, 169003, 1693596)
(785859, 738156, 169003, 1693018)
(785411, 738156, 169003, 1692570)
(784960, 738156, 169003, 1692119)
(784200, 738156, 169003, 1691359)
(783879, 738156, 169003, 1691038)
(783525, 738156, 169003, 1690684)
(782956, 738156, 169003, 1690115)
(782529, 738156, 169003, 1689688)
(781939, 738156, 169003, 1689098)
(781223, 738156, 169003, 1688382)
(780562, 738156, 169003, 1687721)
(779900, 738156, 169003, 1687059)
(779449, 738156, 169003, 1686608)
(778471, 738156, 169003, 1685630)
(777555, 738156, 169003, 1684714)
(777063, 738156, 169003, 1684222)
(776770, 738156, 169003, 1683929)
(776373, 738156, 169003, 1683532)
(776110, 738156, 169003, 1683269)
(775543, 738156, 169003, 1682702)
(774764, 738156, 169003, 1681923)
(774596, 738156, 169003, 1681755)
(773813, 738156, 169003, 1680972)
(772797, 738156, 169003, 1679956)
(772204, 738156, 169003, 1679363)
(771297, 738156, 169003, 1678456)
(771010, 738156, 169003, 1678169)
(770362, 738156, 169003, 1677521)
(769720, 738156, 169003, 1676879)
(769093, 738156, 169003, 1676252)
(768707, 738156, 169003, 1675866)
(768546, 738156, 169003, 1675705)
(768056, 738156, 169003, 1675215)
(767514, 738156, 169003, 1674673)
(767036, 738156, 169003, 1674195)
(766165, 738156, 169003, 1673324)
(765421, 738156, 169003, 1672580)
(764435, 738156, 169003, 1671594)
(763924, 738156, 169003, 1671083)
(763360, 738156, 169003, 1670519)
(763011, 738156, 169003, 1670170)
(762530, 738156, 169003, 1669689)
(762032, 738156, 169003, 1669191)
(761762, 738156, 169003, 1668921)
(761299, 738156, 169003, 1668458)
(760992, 738156, 169003, 1668151)
(760692, 738156, 169003, 1667851)
(760164, 738156, 169003, 1667323)
(759415, 738156, 169003, 1666574)
(758852, 738156, 169003, 1666011)
(758064, 738156, 169003, 1665223)
(757706, 738156, 169003, 1664865)
(757538, 738156, 169003, 1664697)
(757098, 738156, 169003, 1664257)
(756522, 738156, 169003, 1663681)
(756234, 738156, 169003, 1663393)
(756030, 738156, 169003, 1663189)
(756015, 738156, 169003, 1663174)
(755383, 738156, 169003, 1662542)
(754404, 738156, 169003, 1661563)
(754167, 738156, 169003, 1661326)
(753791, 738156, 169003, 1660950)
(753477, 738156, 169003, 1660636)
(752270, 738156, 169003, 1659429)
(751720, 738156, 169003, 1658879)
(751368, 738156, 169003, 1658527)
(750825, 738156, 169003, 1657984)
(750615, 738156, 169003, 1657774)
(749837, 738156, 169003, 1656996)
(749543, 738156, 169003, 1656702)
(748753, 738156, 169003, 1655912)
(748440, 738156, 169003, 1655599)
(747532, 738156, 169003, 1654691)
(746941, 738156, 169003, 1654100)
(746329, 738156, 169003, 1653488)
(745777, 738156, 169003, 1652936)
(745632, 738156, 169003, 1652791)
(744887, 738156, 169003, 1652046)
(744673, 738156, 169003, 1651832)
(743917, 738156, 169003, 1651076)
(743181, 738156, 169003, 1650340)
(743106, 738156, 169003, 1650265)
(742498, 738156, 169003, 1649657)
(742399, 738156, 169003, 1649558)
(741850, 738156, 169003, 1649009)
(741210, 738156, 169003, 1648369)
(740726, 738156, 169003, 1647885)
(739682, 738156, 169003, 1646841)
(738774, 738156, 169003, 1645933)
(737958, 738156, 169003, 1645117)
(737307, 738156, 169003, 1644466)
(737250, 738156, 169003, 1644409)
(736825, 738156, 169003, 1643984)
(736585, 738156, 169003, 1643744)
(736166, 738156, 169003, 1643325)
(735420, 738156, 169003, 1642579)
(734494, 738156, 169003, 1641653)
(733837, 738156, 169003, 1640996)
(733619, 738156, 169003, 1640778)
(732998, 738156, 169003, 1640157)
(732698, 738156, 169003, 1639857)
(732220, 738156, 169003, 1639379)
(731574, 738156, 169003, 1638733)
(730783, 738156, 169003, 1637942)
(729876, 738156, 169003, 1637035)
(729547, 738156, 169003, 1636706)
(729276, 738156, 169003, 1636435)
(729253, 738156, 169003, 1636412)
(728471, 738156, 169003, 1635630)
(728203, 738156, 169003, 1635362)
(727394, 738156, 169003, 1634553)
(727090, 738156, 169003, 1634249)
(726508, 738156, 169003, 1633667)
(725771, 738156, 169003, 1632930)
(725284, 738156, 169003, 1632443)
(724694, 738156, 169003, 1631853)
(724360, 738156, 169003, 1631519)
(724084, 738156, 169003, 1631243)
(723442, 738156, 169003, 1630601)
(723230, 738156, 169003, 1630389)
(722722, 738156, 169003, 1629881)
(721926, 738156, 169003, 1629085)
(721620, 738156, 169003, 1628779)
(721029, 738156, 169003, 1628188)
(720498, 738156, 169003, 1627657)
(719848, 738156, 169003, 1627007)
(719115, 738156, 169003, 1626274)
(718436, 738156, 169003, 1625595)
(717810, 738156, 169003, 1624969)
(716820, 738156, 169003, 1623979)
(716169, 738156, 169003, 1623328)
(715914, 738156, 169003, 1623073)
(715584, 738156, 169003, 1622743)
(715129, 738156, 169003, 1622288)
(714955, 738156, 169003, 1622114)
(714387, 738156, 169003, 1621546)
(714070, 738156, 169003, 1621229)
(713574, 738156, 169003, 1620733)
(712871, 738156, 169003, 1620030)
(712491, 738156, 169003, 1619650)
(712136, 738156, 169003, 1619295)
(711532, 738156, 169003, 1618691)
(711135, 738156, 169003, 1618294)
(710798, 738156, 169003, 1617957)
(710453, 738156, 169003, 1617612)
(710025, 738156, 169003, 1617184)
(709341, 738156, 169003, 1616500)
(708608, 738156, 169003, 1615767)
(708279, 738156, 169003, 1615438)
(707512, 738156, 169003, 1614671)
(706859, 738156, 169003, 1614018)
(706298, 738156, 169003, 1613457)
(705827, 738156, 169003, 1612986)
(705616, 738156, 169003, 1612775)
(705102, 738156, 169003, 1612261)
(704357, 738156, 169003, 1611516)
(703682, 738156, 169003, 1610841)
(703089, 738156, 169003, 1610248)
(702261, 738156, 169003, 1609420)
(701993, 738156, 169003, 1609152)
(701653, 738156, 169003, 1608812)
(701504, 738156, 169003, 1608663)
(701001, 738156, 169003, 1608160)
(700117, 738156, 169003, 1607276)
(699363, 738156, 169003, 1606522)
(698343, 738156, 169003, 1605502)
(698297, 738156, 169003, 1605456)
(697498, 738156, 169003, 1604657)
(696768, 738156, 169003, 1603927)
(696410, 738156, 169003, 1603569)
(695714, 738156, 169003, 1602873)
(695312, 738156, 169003, 1602471)
(695067, 738156, 169003, 1602226)
(694569, 738156, 169003, 1601728)
(694277, 738156, 169003, 1601436)
(693657, 738156, 169003, 1600816)
(693533, 738156, 169003, 1600692)
(692777, 738156, 169003, 1599936)
(691907, 738156, 169003, 1599066)
(691708, 738156, 169003, 1598867)
(691028, 738156, 169003, 1598187)
(690544, 738156, 169003, 1597703)
(690397, 738156, 169003, 1597556)
(690024, 738156, 169003, 1597183)
(689252, 738156, 169003, 1596411)
(689195, 738156, 169003, 1596354)
(688615, 738156, 169003, 1595774)
(688211, 738156, 169003, 1595370)
(687600, 738156, 169003, 1594759)
(687506, 738156, 169003, 1594665)
(686988, 738156, 169003, 1594147)
(686323, 738156, 169003, 1593482)
(685257, 738156, 169003, 1592416)
(684378, 738156, 169003, 1591537)
(683569, 738156, 169003, 1590728)
(683136, 738156, 169003, 1590295)
(682590, 738156, 169003, 1589749)
(682365, 738156, 169003, 1589524)
(682198, 738156, 169003, 1589357)
(681790, 738156, 169003, 1588949)
(681122, 738156, 169003, 1588281)
(680785, 738156, 169003, 1587944)
(680114, 738156, 169003, 1587273)
(679681, 738156, 169003, 1586840)
(679352, 738156, 169003, 1586511)
(678895, 738156, 169003, 1586054)
(678272, 738156, 169003, 1585431)
(677526, 738156, 169003, 1584685)
(676989, 738156, 169003, 1584148)
(676526, 738156, 169003, 1583685)
(676190, 738156, 169003, 1583349)
(675645, 738156, 169003, 1582804)
(675501, 738156, 169003, 1582660)
(675031, 738156, 169003, 1582190)
(674210, 738156, 169003, 1581369)
(673714, 738156, 169003, 1580873)
(673031, 738156, 169003, 1580190)
(672773, 738156, 169003, 1579932)
(671933, 738156, 169003, 1579092)
(671890, 738156, 169003, 1579049)
(671401, 738156, 169003, 1578560)
(670487, 738156, 169003, 1577646)
(670086, 738156, 169003, 1577245)
(669057, 738156, 169003, 1576216)
(668195, 738156, 169003, 1575354)
(667531, 738156, 169003, 1574690)
(666979, 738156, 169003, 1574138)
(666462, 738156, 169003, 1573621)
(665861, 738156, 169003, 1573020)
(665252, 738156, 169003, 1572411)
(664770, 738156, 169003, 1571929)
(664445, 738156, 169003, 1571604)
(664244, 738156, 169003, 1571403)
(664138, 738156, 169003, 1571297)
(663078, 738156, 169003, 1570237)
(662525, 738156, 169003, 1569684)
(661833, 738156, 169003, 1568992)
(661253, 738156, 169003, 1568412)
(660844, 738156, 169003, 1568003)
(660700, 738156, 169003, 1567859)
(660256, 738156, 169003, 1567415)
(659467, 738156, 169003, 1566626)
(659245, 738156, 169003, 1566404)
(658830, 738156, 169003, 1565989)
(658251, 738156, 169003, 1565410)
(657555, 738156, 169003, 1564714)
(656814, 738156, 169003, 1563973)
(656477, 738156, 169003, 1563636)
(656133, 738156, 169003, 1563292)
(655663, 738156, 169003, 1562822)
(655242, 738156, 169003, 1562401)
(654821, 738156, 169003, 1561980)
(654664, 738156, 169003, 1561823)
(654051, 738156, 169003, 1561210)
(653412, 738156, 169003, 1560571)
(653285, 738156, 169003, 1560444)
(653000, 738156, 169003, 1560159)
(652549, 738156, 169003, 1559708)
(651785, 738156, 169003, 1558944)
(651531, 738156, 169003, 1558690)
(651072, 738156, 169003, 1558231)
(650754, 738156, 169003, 1557913)
(650345, 738156, 169003, 1557504)
(649678, 738156, 169003, 1556837)
(649324, 738156, 169003, 1556483)
(648767, 738156, 169003, 1555926)
(648528, 738156, 169003, 1555687)
(648183, 738156, 169003, 1555342)
(647188, 738156, 169003, 1554347)
(646638, 738156, 169003, 1553797)
(646342, 738156, 169003, 1553501)
(645693, 738156, 169003, 1552852)
(645083, 738156, 169003, 1552242)
(644982, 738156, 169003, 1552141)
(644228, 738156, 169003, 1551387)
(643911, 738156, 169003, 1551070)
(643458, 738156, 169003, 1550617)
(642911, 738156, 169003, 1550070)
(642781, 738156, 169003, 1549940)
(641809, 738156, 169003, 1548968)
(641648, 738156, 169003, 1548807)
(641250, 738156, 169003, 1548409)
(640845, 738156, 169003, 1548004)
(640260, 738156, 169003, 1547419)
(639542, 738156, 169003, 1546701)
(638940, 738156, 169003, 1546099)
(638787, 738156, 169003, 1545946)
(637976, 738156, 169003, 1545135)
(637600, 738156, 169003, 1544759)
(637303, 738156, 169003, 1544462)
(637292, 738156, 169003, 1544451)
(636749, 738156, 169003, 1543908)
(636299, 738156, 169003, 1543458)
(635756, 738156, 169003, 1542915)
(635438, 738156, 169003, 1542597)
(634930, 738156, 169003, 1542089)
(634317, 738156, 169003, 1541476)
(634159, 738156, 169003, 1541318)
(633883, 738156, 169003, 1541042)
(633176, 738156, 169003, 1540335)
(632612, 738156, 169003, 1539771)
(632538, 738156, 169003, 1539697)
(632479, 738156, 169003, 1539638)
(631664, 738156, 169003, 1538823)
(630855, 738156, 169003, 1538014)
(630404, 738156, 169003, 1537563)
(630031, 738156, 169003, 1537190)
(629444, 738156, 169003, 1536603)
(629107, 738156, 169003, 1536266)
(628386, 738156, 169003, 1535545)
(628174, 738156, 169003, 1535333)
(627581, 738156, 169003, 1534740)
(627193, 738156, 169003, 1534352)
(626203, 738156, 169003, 1533362)
(625929, 738156, 169003, 1533088)
(625240, 738156, 169003, 1532399)
(624446, 738156, 169003, 1531605)
(623617, 738156, 169003, 1530776)
(623031, 738156, 169003, 1530190)
(622347, 738156, 169003, 1529506)
(621336, 738156, 169003, 1528495)
(620606, 738156, 169003, 1527765)
(620476, 738156, 169003, 1527635)
(619935, 738156, 169003, 1527094)
(619608, 738156, 169003, 1526767)
(619462, 738156, 169003, 1526621)
(619100, 738156, 169003, 1526259)
(618736, 738156, 169003, 1525895)
(617874, 738156, 169003, 1525033)
(617224, 738156, 169003, 1524383)
(616667, 738156, 169003, 1523826)
(616362, 738156, 169003, 1523521)
(615536, 738156, 169003, 1522695)
(615248, 738156, 169003, 1522407)
(614389, 738156, 169003, 1521548)
(613877, 738156, 169003, 1521036)
(613743, 738156, 169003, 1520902)
(613074, 738156, 169003, 1520233)
(612331, 738156, 169003, 1519490)
(611377, 738156, 169003, 1518536)
(611040, 738156, 169003, 1518199)
(610525, 738156, 169003, 1517684)
(610122, 738156, 169003, 1517281)
(609655, 738156, 169003, 1516814)
(609544, 738156, 169003, 1516703)
(609282, 738156, 169003, 1516441)
(608661, 738156, 169003, 1515820)
(607812, 738156, 169003, 1514971)
(607206, 738156, 169003, 1514365)
(606382, 738156, 169003, 1513541)
(605589, 738156, 169003, 1512748)
(604556, 738156, 169003, 1511715)
(604007, 738156, 169003, 1511166)
(603607, 738156, 169003, 1510766)
(603190, 738156, 169003, 1510349)
(602856, 738156, 169003, 1510015)
(602654, 738156, 169003, 1509813)
(602439, 738156, 169003, 1509598)
(601455, 738156, 169003, 1508614)
(601185, 738156, 169003, 1508344)
(600365, 738156, 169003, 1507524)
(599806, 738156, 169003, 1506965)
(599203, 738156, 169003, 1506362)
(598482, 738156, 169003, 1505641)
(598185, 738156, 169003, 1505344)
(597408, 738156, 169003, 1504567)
(596554, 738156, 169003, 1503713)
(596083, 738156, 169003, 1503242)
(595970, 738156, 169003, 1503129)
(595506, 738156, 169003, 1502665)
(595120, 738156, 169003, 1502279)
(594690, 738156, 169003, 1501849)
(594360, 738156, 169003, 1501519)
