(782907, 732394, 166031, 1681332)
(754092, 758528, 166031, 1678651)
(735988, 770998, 166031, 1673017)
(738064, 763870, 166031, 1667965)
(691145, 802474, 166031, 1659650)
(669462, 821294, 166031, 1656787)
(628737, 845442, 166031, 1640210)
(610153, 858210, 166031, 1634394)
(597499, 863552, 166031, 1627082)
(563907, 885212, 166031, 1615150)
(1456707, 149892, 108671, 1715270)
(1423115, 171552, 108671, 1703338)
(1423115, 171552, 108671, 1703338)
(1407941, 184450, 108671, 1701062)
(1365227, 214120, 108671, 1688018)
(1361484, 212064, 108671, 1682219)
(1359751, 212064, 108671, 1680486)
(1324800, 241426, 108671, 1674897)
(1324735, 241426, 108671, 1674832)
(1324735, 241426, 108671, 1674832)
(1276582, 283602, 132267, 1692451)
(1320156, 238616, 132267, 1691039)
(1274254, 283602, 132267, 1690123)
(1246492, 303500, 132267, 1682259)
(1246492, 303500, 132267, 1682259)
(1221678, 325288, 132267, 1679233)
(1241795, 304688, 132267, 1678750)
(1239940, 304688, 132267, 1676895)
(1184703, 353414, 132267, 1670384)
(1182297, 353414, 132267, 1667978)
(1215363, 327302, 140969, 1683634)
(1175591, 350840, 154747, 1681178)
(1153702, 383660, 140969, 1678331)
(1172690, 350840, 154747, 1678277)
(1171876, 350840, 154747, 1677463)
(1170886, 350840, 154747, 1676473)
(1150729, 383660, 140969, 1675358)
(1149662, 383660, 140969, 1674291)
(1132097, 399554, 140969, 1672620)
(1132097, 399554, 140969, 1672620)
(1115334, 404310, 155497, 1675141)
(1115334, 404310, 155497, 1675141)
(1112789, 405174, 155558, 1673521)
(1078989, 436942, 155558, 1671489)
(1105960, 408602, 155558, 1670120)
(1098723, 413012, 155497, 1667232)
(1098723, 413012, 155497, 1667232)
(1094213, 416696, 155497, 1666406)
(1097110, 413012, 155497, 1665619)
(1091239, 416696, 155497, 1663432)
(1096070, 413012, 162906, 1671988)
(1090551, 416696, 163930, 1671177)
(1095076, 413012, 162906, 1670994)
(1087680, 416696, 163930, 1668306)
(1087680, 416696, 163930, 1668306)
(1084438, 416696, 163930, 1665064)
(1084122, 416696, 163930, 1664748)
(1083326, 416696, 163930, 1663952)
(1081856, 416696, 163930, 1662482)
(1080352, 416696, 163930, 1660978)
(1081974, 413628, 164045, 1659647)
(1080303, 413628, 164045, 1657976)
(1080303, 413628, 164045, 1657976)
(1079014, 413628, 164045, 1656687)
(1077866, 413628, 164045, 1655539)
(1076569, 413628, 164045, 1654242)
(1059177, 427608, 164045, 1650830)
(1059177, 427608, 164045, 1650830)
(1059177, 427608, 164045, 1650830)
(1058479, 427608, 164045, 1650132)
(1059817, 416636, 166687, 1643140)
(1055157, 420044, 166687, 1641888)
(1054097, 420044, 166687, 1640828)
(1045403, 426484, 166687, 1638574)
(1051530, 420044, 166687, 1638261)
(1051530, 420044, 166687, 1638261)
(1041809, 429186, 166687, 1637682)
(1041211, 429186, 166687, 1637084)
(1040814, 429186, 166687, 1636687)
(1040814, 429186, 166687, 1636687)
(1043255, 425972, 171614, 1640841)
(1041176, 425972, 171614, 1638762)
(1041176, 425972, 171614, 1638762)
(1037266, 428668, 171614, 1637548)
(1035786, 428668, 171614, 1636068)
(1037902, 425972, 171614, 1635488)
(1037678, 425972, 171614, 1635264)
(1037678, 425972, 171614, 1635264)
(1035749, 425972, 171614, 1633335)
(1035749, 425972, 171614, 1633335)
(1038943, 423210, 173772, 1635925)
(1035799, 423210, 173772, 1632781)
(1035799, 423210, 173772, 1632781)
(1035799, 423210, 173772, 1632781)
(1033436, 423210, 173772, 1630418)
(1033436, 423210, 173772, 1630418)
(1032602, 423210, 173772, 1629584)
(1031021, 424040, 173772, 1628833)
(1030208, 423210, 173772, 1627190)
(1029181, 423210, 173772, 1626163)
(1031385, 422126, 173121, 1626632)
(1029463, 422126, 173726, 1625315)
(1027849, 423894, 173121, 1624864)
(1027849, 423894, 173121, 1624864)
(1028044, 422126, 173726, 1623896)
(1024592, 425082, 173726, 1623400)
(1023620, 425082, 173726, 1622428)
(1023358, 425082, 173726, 1622166)
(1022446, 425082, 173726, 1621254)
(1020774, 426654, 173726, 1621154)
(1023682, 425082, 175628, 1624392)
(1022555, 425082, 175628, 1623265)
(1022555, 425082, 175628, 1623265)
(1019172, 426299, 176730, 1622201)
(1019068, 426299, 176730, 1622097)
(1016729, 426299, 176730, 1619758)
(1016729, 426299, 176730, 1619758)
(1016729, 426299, 176730, 1619758)
(1015584, 426299, 176730, 1618613)
(992992, 441239, 176730, 1610961)
(995630, 438380, 177605, 1611615)
(995630, 438380, 177605, 1611615)
