(676998, 706012, 157729, 1540739)
(676194, 706012, 157729, 1539935)
(676193, 706012, 157729, 1539934)
(676186, 706012, 157729, 1539927)
(676070, 706012, 157729, 1539811)
(675935, 706012, 157729, 1539676)
(675511, 706012, 157729, 1539252)
(674891, 706012, 157729, 1538632)
(674835, 706012, 157729, 1538576)
(674575, 706012, 157729, 1538316)
(674137, 706012, 157729, 1537878)
(673607, 706012, 157729, 1537348)
(673311, 706012, 157729, 1537052)
(673202, 706012, 157729, 1536943)
(673006, 706012, 157729, 1536747)
(672299, 706012, 157729, 1536040)
(671524, 706012, 157729, 1535265)
(670940, 706012, 157729, 1534681)
(669882, 706012, 157729, 1533623)
(669809, 706012, 157729, 1533550)
(669604, 706012, 157729, 1533345)
(669191, 706012, 157729, 1532932)
(668618, 706012, 157729, 1532359)
(668178, 706012, 157729, 1531919)
(667802, 706012, 157729, 1531543)
(667247, 706012, 157729, 1530988)
(666728, 706012, 157729, 1530469)
(666183, 706012, 157729, 1529924)
(665015, 706012, 157729, 1528756)
(664581, 706012, 157729, 1528322)
(664580, 706012, 157729, 1528321)
(663615, 706012, 157729, 1527356)
(663279, 706012, 157729, 1527020)
(662724, 706012, 157729, 1526465)
(662275, 706012, 157729, 1526016)
(661721, 706012, 157729, 1525462)
(661229, 706012, 157729, 1524970)
(660370, 706012, 157729, 1524111)
(659196, 706012, 157729, 1522937)
(658590, 706012, 157729, 1522331)
(658062, 706012, 157729, 1521803)
(657664, 706012, 157729, 1521405)
(656792, 706012, 157729, 1520533)
(656453, 706012, 157729, 1520194)
(655911, 706012, 157729, 1519652)
(655444, 706012, 157729, 1519185)
(655253, 706012, 157729, 1518994)
(654680, 706012, 157729, 1518421)
(654136, 706012, 157729, 1517877)
(653932, 706012, 157729, 1517673)
(653106, 706012, 157729, 1516847)
(652850, 706012, 157729, 1516591)
(652053, 706012, 157729, 1515794)
(651120, 706012, 157729, 1514861)
(650312, 706012, 157729, 1514053)
(649365, 706012, 157729, 1513106)
(648718, 706012, 157729, 1512459)
(648673, 706012, 157729, 1512414)
(647908, 706012, 157729, 1511649)
(647075, 706012, 157729, 1510816)
(646596, 706012, 157729, 1510337)
(645960, 706012, 157729, 1509701)
(645539, 706012, 157729, 1509280)
(644930, 706012, 157729, 1508671)
(644141, 706012, 157729, 1507882)
(643579, 706012, 157729, 1507320)
(642943, 706012, 157729, 1506684)
(642535, 706012, 157729, 1506276)
(642271, 706012, 157729, 1506012)
(641423, 706012, 157729, 1505164)
(641060, 706012, 157729, 1504801)
(641052, 706012, 157729, 1504793)
(640515, 706012, 157729, 1504256)
(639717, 706012, 157729, 1503458)
(639395, 706012, 157729, 1503136)
(638979, 706012, 157729, 1502720)
(638808, 706012, 157729, 1502549)
(638080, 706012, 157729, 1501821)
(637945, 706012, 157729, 1501686)
(637235, 706012, 157729, 1500976)
(636380, 706012, 157729, 1500121)
(635989, 706012, 157729, 1499730)
(635179, 706012, 157729, 1498920)
(634230, 706012, 157729, 1497971)
(632818, 706012, 157729, 1496559)
(632446, 706012, 157729, 1496187)
(631708, 706012, 157729, 1495449)
(630995, 706012, 157729, 1494736)
(630821, 706012, 157729, 1494562)
(630112, 706012, 157729, 1493853)
(629906, 706012, 157729, 1493647)
(629905, 706012, 157729, 1493646)
(629085, 706012, 157729, 1492826)
(628518, 706012, 157729, 1492259)
(628224, 706012, 157729, 1491965)
(627792, 706012, 157729, 1491533)
(627123, 706012, 157729, 1490864)
(627077, 706012, 157729, 1490818)
(626909, 706012, 157729, 1490650)
(626255, 706012, 157729, 1489996)
(625958, 706012, 157729, 1489699)
(625654, 706012, 157729, 1489395)
(625653, 706012, 157729, 1489394)
(625231, 706012, 157729, 1488972)
(624225, 706012, 157729, 1487966)
(623830, 706012, 157729, 1487571)
(623471, 706012, 157729, 1487212)
(622395, 706012, 157729, 1486136)
(621615, 706012, 157729, 1485356)
(620475, 706012, 157729, 1484216)
(620176, 706012, 157729, 1483917)
(619453, 706012, 157729, 1483194)
(619080, 706012, 157729, 1482821)
(618726, 706012, 157729, 1482467)
(618648, 706012, 157729, 1482389)
(618081, 706012, 157729, 1481822)
(617456, 706012, 157729, 1481197)
(616998, 706012, 157729, 1480739)
(615963, 706012, 157729, 1479704)
(615152, 706012, 157729, 1478893)
(614405, 706012, 157729, 1478146)
(613979, 706012, 157729, 1477720)
(613186, 706012, 157729, 1476927)
(612840, 706012, 157729, 1476581)
(611945, 706012, 157729, 1475686)
(611573, 706012, 157729, 1475314)
(611111, 706012, 157729, 1474852)
(610642, 706012, 157729, 1474383)
(610207, 706012, 157729, 1473948)
(609823, 706012, 157729, 1473564)
(609086, 706012, 157729, 1472827)
(608857, 706012, 157729, 1472598)
(608619, 706012, 157729, 1472360)
(608183, 706012, 157729, 1471924)
(607344, 706012, 157729, 1471085)
(606701, 706012, 157729, 1470442)
(605973, 706012, 157729, 1469714)
(605781, 706012, 157729, 1469522)
(605780, 706012, 157729, 1469521)
(605033, 706012, 157729, 1468774)
(604447, 706012, 157729, 1468188)
(603561, 706012, 157729, 1467302)
(602656, 706012, 157729, 1466397)
(602216, 706012, 157729, 1465957)
(601715, 706012, 157729, 1465456)
(600813, 706012, 157729, 1464554)
(600571, 706012, 157729, 1464312)
(600255, 706012, 157729, 1463996)
(599851, 706012, 157729, 1463592)
(599234, 706012, 157729, 1462975)
(598401, 706012, 157729, 1462142)
(598123, 706012, 157729, 1461864)
(597278, 706012, 157729, 1461019)
(596510, 706012, 157729, 1460251)
(595802, 706012, 157729, 1459543)
(595136, 706012, 157729, 1458877)
(594604, 706012, 157729, 1458345)
(593788, 706012, 157729, 1457529)
(593223, 706012, 157729, 1456964)
(592344, 706012, 157729, 1456085)
(592343, 706012, 157729, 1456084)
(592175, 706012, 157729, 1455916)
(591701, 706012, 157729, 1455442)
(590801, 706012, 157729, 1454542)
(590482, 706012, 157729, 1454223)
(590112, 706012, 157729, 1453853)
(589528, 706012, 157729, 1453269)
(589223, 706012, 157729, 1452964)
(588927, 706012, 157729, 1452668)
(588092, 706012, 157729, 1451833)
(588091, 706012, 157729, 1451832)
(587643, 706012, 157729, 1451384)
(587642, 706012, 157729, 1451383)
(586894, 706012, 157729, 1450635)
(585912, 706012, 157729, 1449653)
(585547, 706012, 157729, 1449288)
(584774, 706012, 157729, 1448515)
(583889, 706012, 157729, 1447630)
(583046, 706012, 157729, 1446787)
(582936, 706012, 157729, 1446677)
(582150, 706012, 157729, 1445891)
(581705, 706012, 157729, 1445446)
(580825, 706012, 157729, 1444566)
(580176, 706012, 157729, 1443917)
(579669, 706012, 157729, 1443410)
(578801, 706012, 157729, 1442542)
(578345, 706012, 157729, 1442086)
(577789, 706012, 157729, 1441530)
(577530, 706012, 157729, 1441271)
(577368, 706012, 157729, 1441109)
(576517, 706012, 157729, 1440258)
(576281, 706012, 157729, 1440022)
(576175, 706012, 157729, 1439916)
(575618, 706012, 157729, 1439359)
(574932, 706012, 157729, 1438673)
(574454, 706012, 157729, 1438195)
(573802, 706012, 157729, 1437543)
(573444, 706012, 157729, 1437185)
(573428, 706012, 157729, 1437169)
(572583, 706012, 157729, 1436324)
(572317, 706012, 157729, 1436058)
(571859, 706012, 157729, 1435600)
(571052, 706012, 157729, 1434793)
(570735, 706012, 157729, 1434476)
(570271, 706012, 157729, 1434012)
(569705, 706012, 157729, 1433446)
(568791, 706012, 157729, 1432532)
(568611, 706012, 157729, 1432352)
(567786, 706012, 157729, 1431527)
(567423, 706012, 157729, 1431164)
(567086, 706012, 157729, 1430827)
(566802, 706012, 157729, 1430543)
(566091, 706012, 157729, 1429832)
(565211, 706012, 157729, 1428952)
(564345, 706012, 157729, 1428086)
(563980, 706012, 157729, 1427721)
(563487, 706012, 157729, 1427228)
(562666, 706012, 157729, 1426407)
(561719, 706012, 157729, 1425460)
(561476, 706012, 157729, 1425217)
(561242, 706012, 157729, 1424983)
(560899, 706012, 157729, 1424640)
(560276, 706012, 157729, 1424017)
(560275, 706012, 157729, 1424016)
(559742, 706012, 157729, 1423483)
(559465, 706012, 157729, 1423206)
(558429, 706012, 157729, 1422170)
(558070, 706012, 157729, 1421811)
(557159, 706012, 157729, 1420900)
(556665, 706012, 157729, 1420406)
(555582, 706012, 157729, 1419323)
(554790, 706012, 157729, 1418531)
(554155, 706012, 157729, 1417896)
(553739, 706012, 157729, 1417480)
(553445, 706012, 157729, 1417186)
(552906, 706012, 157729, 1416647)
(552681, 706012, 157729, 1416422)
(552273, 706012, 157729, 1416014)
(551284, 706012, 157729, 1415025)
(550637, 706012, 157729, 1414378)
(549891, 706012, 157729, 1413632)
(549102, 706012, 157729, 1412843)
(548335, 706012, 157729, 1412076)
(548142, 706012, 157729, 1411883)
(547880, 706012, 157729, 1411621)
(546919, 706012, 157729, 1410660)
(546094, 706012, 157729, 1409835)
(546040, 706012, 157729, 1409781)
(545389, 706012, 157729, 1409130)
(544320, 706012, 157729, 1408061)
(543283, 706012, 157729, 1407024)
(542733, 706012, 157729, 1406474)
(542223, 706012, 157729, 1405964)
(541731, 706012, 157729, 1405472)
(541120, 706012, 157729, 1404861)
(540759, 706012, 157729, 1404500)
(540060, 706012, 157729, 1403801)
(539768, 706012, 157729, 1403509)
(539442, 706012, 157729, 1403183)
(539167, 706012, 157729, 1402908)
(538551, 706012, 157729, 1402292)
(537987, 706012, 157729, 1401728)
(537429, 706012, 157729, 1401170)
(536986, 706012, 157729, 1400727)
(536803, 706012, 157729, 1400544)
(536365, 706012, 157729, 1400106)
(535655, 706012, 157729, 1399396)
(535255, 706012, 157729, 1398996)
(534612, 706012, 157729, 1398353)
(534239, 706012, 157729, 1397980)
(534056, 706012, 157729, 1397797)
(533674, 706012, 157729, 1397415)
(533613, 706012, 157729, 1397354)
(533096, 706012, 157729, 1396837)
(532299, 706012, 157729, 1396040)
(531954, 706012, 157729, 1395695)
(531953, 706012, 157729, 1395694)
(531796, 706012, 157729, 1395537)
(531117, 706012, 157729, 1394858)
(530867, 706012, 157729, 1394608)
(530124, 706012, 157729, 1393865)
(529303, 706012, 157729, 1393044)
(528295, 706012, 157729, 1392036)
(527666, 706012, 157729, 1391407)
(527116, 706012, 157729, 1390857)
(526635, 706012, 157729, 1390376)
(525770, 706012, 157729, 1389511)
(524880, 706012, 157729, 1388621)
(523993, 706012, 157729, 1387734)
(523366, 706012, 157729, 1387107)
(522904, 706012, 157729, 1386645)
(522598, 706012, 157729, 1386339)
(521565, 706012, 157729, 1385306)
(520661, 706012, 157729, 1384402)
(520170, 706012, 157729, 1383911)
(519756, 706012, 157729, 1383497)
(519755, 706012, 157729, 1383496)
(519754, 706012, 157729, 1383495)
(519293, 706012, 157729, 1383034)
(518574, 706012, 157729, 1382315)
(518355, 706012, 157729, 1382096)
(517873, 706012, 157729, 1381614)
(517263, 706012, 157729, 1381004)
(516738, 706012, 157729, 1380479)
(516023, 706012, 157729, 1379764)
(515607, 706012, 157729, 1379348)
(515170, 706012, 157729, 1378911)
(514185, 706012, 157729, 1377926)
(514184, 706012, 157729, 1377925)
(513668, 706012, 157729, 1377409)
(512944, 706012, 157729, 1376685)
(512474, 706012, 157729, 1376215)
(511816, 706012, 157729, 1375557)
(511212, 706012, 157729, 1374953)
(510514, 706012, 157729, 1374255)
(510007, 706012, 157729, 1373748)
(509574, 706012, 157729, 1373315)
(508963, 706012, 157729, 1372704)
(508090, 706012, 157729, 1371831)
(507297, 706012, 157729, 1371038)
(507249, 706012, 157729, 1370990)
(506319, 706012, 157729, 1370060)
(506065, 706012, 157729, 1369806)
(505484, 706012, 157729, 1369225)
(505260, 706012, 157729, 1369001)
(505174, 706012, 157729, 1368915)
(504348, 706012, 157729, 1368089)
(503518, 706012, 157729, 1367259)
(502719, 706012, 157729, 1366460)
(502454, 706012, 197594, 1406060)
(502238, 706012, 197755, 1406005)
(502026, 706012, 197747, 1405785)
(501887, 706012, 197477, 1405376)
(501638, 706012, 195268, 1402918)
(501321, 706012, 195571, 1402904)
(501086, 706012, 195622, 1402720)
(500982, 706012, 195436, 1402430)
(500769, 706012, 195342, 1402123)
(500442, 706012, 194399, 1400853)
(500057, 706012, 194731, 1400800)
(500010, 706012, 194619, 1400641)
(499816, 706012, 194594, 1400422)
(499471, 706012, 194808, 1400291)
(499410, 706012, 193689, 1399111)
(499363, 706012, 193687, 1399062)
(499051, 706012, 193998, 1399061)
