(802659, 823922, 166537, 1793118)
(802283, 823922, 166537, 1792742)
(801327, 823922, 166537, 1791786)
(801056, 823922, 166537, 1791515)
(800304, 823922, 166537, 1790763)
(799568, 823922, 166537, 1790027)
(799192, 823922, 166537, 1789651)
(798594, 823922, 166537, 1789053)
(798053, 823922, 166537, 1788512)
(797637, 823922, 166537, 1788096)
(797465, 823922, 166537, 1787924)
(796576, 823922, 166537, 1787035)
(795886, 823922, 166537, 1786345)
(795798, 823922, 166537, 1786257)
(795502, 823922, 166537, 1785961)
(794907, 823922, 166537, 1785366)
(794707, 823922, 166537, 1785166)
(794239, 823922, 166537, 1784698)
(793221, 823922, 166537, 1783680)
(792774, 823922, 166537, 1783233)
(792071, 823922, 166537, 1782530)
(791373, 823922, 166537, 1781832)
(790482, 823922, 166537, 1780941)
(789709, 823922, 166537, 1780168)
(789171, 823922, 166537, 1779630)
(788470, 823922, 166537, 1778929)
(787937, 823922, 166537, 1778396)
(787129, 823922, 166537, 1777588)
(786609, 823922, 166537, 1777068)
(786095, 823922, 166537, 1776554)
(785746, 823922, 166537, 1776205)
(784988, 823922, 166537, 1775447)
(784424, 823922, 166537, 1774883)
(783240, 823922, 166537, 1773699)
(782638, 823922, 166537, 1773097)
(782534, 823922, 166537, 1772993)
(782127, 823922, 166537, 1772586)
(781919, 823922, 166537, 1772378)
(781361, 823922, 166537, 1771820)
(781054, 823922, 166537, 1771513)
(780820, 823922, 166537, 1771279)
(780025, 823922, 166537, 1770484)
(779741, 823922, 166537, 1770200)
(779595, 823922, 166537, 1770054)
(779172, 823922, 166537, 1769631)
(778549, 823922, 166537, 1769008)
(778155, 823922, 166537, 1768614)
(777097, 823922, 166537, 1767556)
(776498, 823922, 166537, 1766957)
(775575, 823922, 166537, 1766034)
(774387, 823922, 166537, 1764846)
(773749, 823922, 166537, 1764208)
(773153, 823922, 166537, 1763612)
(772625, 823922, 166537, 1763084)
(771990, 823922, 166537, 1762449)
(771493, 823922, 166537, 1761952)
(770738, 823922, 166537, 1761197)
(770289, 823922, 166537, 1760748)
(770171, 823922, 166537, 1760630)
(769169, 823922, 166537, 1759628)
(768958, 823922, 166537, 1759417)
(768753, 823922, 166537, 1759212)
(767713, 823922, 166537, 1758172)
(766777, 823922, 166537, 1757236)
(766017, 823922, 166537, 1756476)
(765050, 823922, 166537, 1755509)
(764738, 823922, 166537, 1755197)
(764259, 823922, 166537, 1754718)
(763709, 823922, 166537, 1754168)
(763380, 823922, 166537, 1753839)
(763186, 823922, 166537, 1753645)
(763027, 823922, 166537, 1753486)
(762705, 823922, 166537, 1753164)
(761690, 823922, 166537, 1752149)
(761071, 823922, 166537, 1751530)
(760540, 823922, 166537, 1750999)
(760054, 823922, 166537, 1750513)
(759289, 823922, 166537, 1749748)
(758951, 823922, 166537, 1749410)
(758389, 823922, 166537, 1748848)
(757706, 823922, 166537, 1748165)
(756994, 823922, 166537, 1747453)
(756772, 823922, 166537, 1747231)
(755725, 823922, 166537, 1746184)
(755333, 823922, 166537, 1745792)
(755082, 823922, 166537, 1745541)
(754690, 823922, 166537, 1745149)
(753664, 823922, 166537, 1744123)
(753092, 823922, 166537, 1743551)
(752580, 823922, 166537, 1743039)
(751675, 823922, 166537, 1742134)
(751170, 823922, 166537, 1741629)
(750969, 823922, 166537, 1741428)
(750968, 823922, 166537, 1741427)
(750587, 823922, 166537, 1741046)
(749522, 823922, 166537, 1739981)
(749120, 823922, 166537, 1739579)
(748400, 823922, 166537, 1738859)
(748011, 823922, 166537, 1738470)
(747066, 823922, 166537, 1737525)
(746619, 823922, 166537, 1737078)
(746282, 823922, 166537, 1736741)
(745557, 823922, 166537, 1736016)
(744542, 823922, 166537, 1735001)
(744152, 823922, 166537, 1734611)
(743632, 823922, 166537, 1734091)
(742919, 823922, 166537, 1733378)
(742194, 823922, 166537, 1732653)
(741908, 823922, 166537, 1732367)
(741361, 823922, 166537, 1731820)
(740916, 823922, 166537, 1731375)
(740708, 823922, 166537, 1731167)
(740251, 823922, 166537, 1730710)
(740250, 823922, 166537, 1730709)
(739614, 823922, 166537, 1730073)
(739130, 823922, 166537, 1729589)
(738769, 823922, 166537, 1729228)
(738767, 823922, 166537, 1729226)
(737938, 823922, 166537, 1728397)
(737259, 823922, 166537, 1727718)
(737258, 823922, 166537, 1727717)
(736113, 823922, 166537, 1726572)
(736095, 823922, 166537, 1726554)
(735452, 823922, 166537, 1725911)
(734665, 823922, 166537, 1725124)
(733879, 823922, 166537, 1724338)
(732796, 823922, 166537, 1723255)
(732217, 823922, 166537, 1722676)
(731799, 823922, 166537, 1722258)
(731011, 823922, 166537, 1721470)
(730581, 823922, 166537, 1721040)
(729762, 823922, 166537, 1720221)
(728899, 823922, 166537, 1719358)
(728086, 823922, 166537, 1718545)
(728085, 823922, 166537, 1718544)
(727973, 823922, 166537, 1718432)
(727388, 823922, 166537, 1717847)
(727069, 823922, 166537, 1717528)
(726338, 823922, 166537, 1716797)
(726337, 823922, 166537, 1716796)
(725606, 823922, 166537, 1716065)
(725489, 823922, 166537, 1715948)
(725299, 823922, 166537, 1715758)
(724418, 823922, 166537, 1714877)
(724207, 823922, 166537, 1714666)
(723756, 823922, 166537, 1714215)
(722970, 823922, 166537, 1713429)
(722122, 823922, 166537, 1712581)
(721984, 823922, 166537, 1712443)
(721269, 823922, 166537, 1711728)
(720757, 823922, 166537, 1711216)
(720351, 823922, 166537, 1710810)
(719904, 823922, 166537, 1710363)
(719089, 823922, 166537, 1709548)
(718514, 823922, 166537, 1708973)
(717670, 823922, 166537, 1708129)
(716992, 823922, 166537, 1707451)
(716424, 823922, 166537, 1706883)
(715821, 823922, 166537, 1706280)
(715820, 823922, 166537, 1706279)
(715806, 823922, 166537, 1706265)
(715180, 823922, 166537, 1705639)
(714822, 823922, 166537, 1705281)
(714348, 823922, 166537, 1704807)
(713699, 823922, 166537, 1704158)
(712591, 823922, 166537, 1703050)
(711451, 823922, 166537, 1701910)
(710875, 823922, 166537, 1701334)
(709526, 823922, 166537, 1699985)
(708537, 823922, 166537, 1698996)
(708058, 823922, 166537, 1698517)
(707020, 823922, 166537, 1697479)
(706936, 823922, 166537, 1697395)
(706935, 823922, 166537, 1697394)
(705923, 823922, 166537, 1696382)
(704915, 823922, 166537, 1695374)
(704454, 823922, 166537, 1694913)
(703535, 823922, 166537, 1693994)
(703278, 823922, 166537, 1693737)
(702842, 823922, 166537, 1693301)
(702174, 823922, 166537, 1692633)
(701652, 823922, 166537, 1692111)
(701030, 823922, 166537, 1691489)
(700232, 823922, 166537, 1690691)
(700136, 823922, 166537, 1690595)
(699766, 823922, 166537, 1690225)
(699436, 823922, 166537, 1689895)
(698814, 823922, 166537, 1689273)
(698143, 823922, 166537, 1688602)
(697926, 823922, 166537, 1688385)
(697568, 823922, 166537, 1688027)
(697567, 823922, 166537, 1688026)
(696863, 823922, 166537, 1687322)
(696314, 823922, 166537, 1686773)
(696167, 823922, 166537, 1686626)
(695531, 823922, 166537, 1685990)
(695062, 823922, 166537, 1685521)
(694877, 823922, 166537, 1685336)
(694845, 823922, 166537, 1685304)
(694289, 823922, 166537, 1684748)
(693586, 823922, 166537, 1684045)
(693199, 823922, 166537, 1683658)
(692938, 823922, 166537, 1683397)
(692202, 823922, 166537, 1682661)
(691583, 823922, 166537, 1682042)
(691124, 823922, 166537, 1681583)
(690520, 823922, 166537, 1680979)
(690482, 823922, 166537, 1680941)
(690089, 823922, 166537, 1680548)
(689525, 823922, 166537, 1679984)
(689316, 823922, 166537, 1679775)
(688652, 823922, 166537, 1679111)
(688228, 823922, 166537, 1678687)
(687255, 823922, 166537, 1677714)
(687059, 823922, 166537, 1677518)
(686498, 823922, 166537, 1676957)
(685573, 823922, 166537, 1676032)
(684993, 823922, 166537, 1675452)
(684723, 823922, 166537, 1675182)
(684135, 823922, 166537, 1674594)
(683751, 823922, 166537, 1674210)
(683148, 823922, 166537, 1673607)
(682464, 823922, 166537, 1672923)
(681531, 823922, 166537, 1671990)
(681229, 823922, 166537, 1671688)
(680271, 823922, 166537, 1670730)
(680208, 823922, 166537, 1670667)
(679652, 823922, 166537, 1670111)
(679390, 823922, 166537, 1669849)
(679214, 823922, 166537, 1669673)
(678650, 823922, 166537, 1669109)
(677906, 823922, 166537, 1668365)
(677695, 823922, 166537, 1668154)
(677690, 823922, 166537, 1668149)
(677404, 823922, 166537, 1667863)
(676925, 823922, 166537, 1667384)
(675823, 823922, 166537, 1666282)
(674860, 823922, 166537, 1665319)
(674515, 823922, 166537, 1664974)
(673707, 823922, 166537, 1664166)
(673501, 823922, 166537, 1663960)
(672824, 823922, 166537, 1663283)
(671920, 823922, 166537, 1662379)
(671424, 823922, 166537, 1661883)
(671360, 823922, 166537, 1661819)
(670653, 823922, 166537, 1661112)
(670108, 823922, 166537, 1660567)
(669612, 823922, 166537, 1660071)
(669611, 823922, 166537, 1660070)
(668910, 823922, 166537, 1659369)
(668107, 823922, 166537, 1658566)
(667846, 823922, 166537, 1658305)
(667098, 823922, 166537, 1657557)
(666791, 823922, 166537, 1657250)
(666132, 823922, 166537, 1656591)
(664971, 823922, 166537, 1655430)
(664375, 823922, 166537, 1654834)
(663560, 823922, 166537, 1654019)
(663317, 823922, 166537, 1653776)
(662433, 823922, 166537, 1652892)
(661888, 823922, 166537, 1652347)
(661785, 823922, 166537, 1652244)
(661352, 823922, 166537, 1651811)
(660521, 823922, 166537, 1650980)
(660277, 823922, 166537, 1650736)
(659788, 823922, 166537, 1650247)
(659275, 823922, 166537, 1649734)
(658693, 823922, 166537, 1649152)
(658224, 823922, 166537, 1648683)
(656939, 823922, 166537, 1647398)
(656255, 823922, 166537, 1646714)
(655487, 823922, 166537, 1645946)
(655116, 823922, 166537, 1645575)
(655115, 823922, 166537, 1645574)
(654484, 823922, 166537, 1644943)
(654311, 823922, 166537, 1644770)
(654167, 823922, 166537, 1644626)
(653492, 823922, 166537, 1643951)
(653330, 823922, 166537, 1643789)
(653138, 823922, 166537, 1643597)
(652531, 823922, 166537, 1642990)
(651954, 823922, 166537, 1642413)
(651336, 823922, 166537, 1641795)
(651100, 823922, 166537, 1641559)
(650602, 823922, 166537, 1641061)
(649968, 823922, 166537, 1640427)
(649556, 823922, 166537, 1640015)
(649204, 823922, 166537, 1639663)
(649203, 823922, 166537, 1639662)
(649164, 823922, 166537, 1639623)
(648471, 823922, 166537, 1638930)
(647966, 823922, 166537, 1638425)
(647055, 823922, 166537, 1637514)
(646664, 823922, 166537, 1637123)
(646277, 823922, 166537, 1636736)
(645087, 823922, 166537, 1635546)
(644332, 823922, 166537, 1634791)
(643253, 823922, 166537, 1633712)
(642807, 823922, 166537, 1633266)
(642322, 823922, 166537, 1632781)
(642121, 823922, 166537, 1632580)
(641631, 823922, 166537, 1632090)
(640522, 823922, 166537, 1630981)
(639420, 823922, 166537, 1629879)
(638993, 823922, 166537, 1629452)
(638894, 823922, 166537, 1629353)
(638561, 823922, 166537, 1629020)
(637239, 823922, 166537, 1627698)
(636955, 823922, 166537, 1627414)
(636255, 823922, 166537, 1626714)
(636082, 823922, 166537, 1626541)
(635740, 823922, 166537, 1626199)
(635662, 823922, 166537, 1626121)
(634748, 823922, 166537, 1625207)
(634228, 823922, 166537, 1624687)
(633619, 823922, 166537, 1624078)
(633618, 823922, 166537, 1624077)
(633380, 823922, 166537, 1623839)
(632745, 823922, 166537, 1623204)
(632150, 823922, 166537, 1622609)
(631771, 823922, 166537, 1622230)
(630943, 823922, 166537, 1621402)
(630522, 823922, 166537, 1620981)
(630213, 823922, 166537, 1620672)
(630036, 823922, 166537, 1620495)
(629714, 823922, 166537, 1620173)
(629584, 823922, 166537, 1620043)
(629245, 823922, 166537, 1619704)
(628852, 823922, 166537, 1619311)
(628252, 823922, 166537, 1618711)
(628177, 823922, 166537, 1618636)
(628086, 823922, 166537, 1618545)
(627303, 823922, 166537, 1617762)
(626727, 823922, 166537, 1617186)
(626033, 823922, 166537, 1616492)
(625579, 823922, 166537, 1616038)
(624926, 823922, 166537, 1615385)
(624480, 823922, 166537, 1614939)
(623734, 823922, 166537, 1614193)
(622588, 823922, 166537, 1613047)
(621983, 823922, 166537, 1612442)
(621897, 823922, 166537, 1612356)
(621618, 823922, 166537, 1612077)
(621116, 823922, 166537, 1611575)
(620002, 823922, 166537, 1610461)
(618973, 823922, 166537, 1609432)
(618437, 823922, 166537, 1608896)
(618105, 823922, 166537, 1608564)
(617176, 823922, 166537, 1607635)
(616792, 823922, 166537, 1607251)
(616452, 823922, 166537, 1606911)
(615745, 823922, 166537, 1606204)
(615153, 823922, 166537, 1605612)
(614319, 823922, 166537, 1604778)
(614318, 823922, 166537, 1604777)
(613588, 823922, 166537, 1604047)
(613587, 823922, 166537, 1604046)
(612898, 823922, 166537, 1603357)
(612500, 823922, 166537, 1602959)
(611288, 823922, 166537, 1601747)
(610944, 823922, 166537, 1601403)
(610737, 823922, 166537, 1601196)
(610378, 823922, 166537, 1600837)
(609422, 823922, 166537, 1599881)
(608303, 823922, 166537, 1598762)
(607609, 823922, 166537, 1598068)
(607337, 823922, 166537, 1597796)
(607015, 823922, 166537, 1597474)
(606745, 823922, 211709, 1642376)
(606698, 823922, 211634, 1642254)
(606362, 823922, 211092, 1641376)
(606312, 823922, 211080, 1641314)
(606058, 823922, 210882, 1640862)
(605736, 823922, 211120, 1640778)
(605496, 823922, 210571, 1639989)
(605402, 823922, 210245, 1639569)
(605381, 823922, 209368, 1638671)
(605030, 823922, 208536, 1637488)
(604577, 823922, 208865, 1637364)
(604398, 823922, 208429, 1636749)
