(1551109, 1627730, 348569, 3527408)
(1550779, 1627730, 348569, 3527078)
(1549774, 1627730, 348569, 3526073)
(1549148, 1627730, 348569, 3525447)
(1548486, 1627730, 348569, 3524785)
(1547763, 1627730, 348569, 3524062)
(1546959, 1627730, 348569, 3523258)
(1546804, 1627730, 348569, 3523103)
(1546279, 1627730, 348569, 3522578)
(1545514, 1627730, 348569, 3521813)
(1544868, 1627730, 348569, 3521167)
(1544375, 1627730, 348569, 3520674)
(1543992, 1627730, 348569, 3520291)
(1543664, 1627730, 348569, 3519963)
(1543295, 1627730, 348569, 3519594)
(1542734, 1627730, 348569, 3519033)
(1542466, 1627730, 348569, 3518765)
(1541943, 1627730, 348569, 3518242)
(1540906, 1627730, 348569, 3517205)
(1540280, 1627730, 348569, 3516579)
(1539672, 1627730, 348569, 3515971)
(1539321, 1627730, 348569, 3515620)
(1538800, 1627730, 348569, 3515099)
(1538087, 1627730, 348569, 3514386)
(1537327, 1627730, 348569, 3513626)
(1536690, 1627730, 348569, 3512989)
(1536538, 1627730, 348569, 3512837)
(1535793, 1627730, 348569, 3512092)
(1535443, 1627730, 348569, 3511742)
(1534827, 1627730, 348569, 3511126)
(1534803, 1627730, 348569, 3511102)
(1534145, 1627730, 348569, 3510444)
(1533334, 1627730, 348569, 3509633)
(1532752, 1627730, 348569, 3509051)
(1531808, 1627730, 348569, 3508107)
(1531057, 1627730, 348569, 3507356)
(1530499, 1627730, 348569, 3506798)
(1530214, 1627730, 348569, 3506513)
(1530126, 1627730, 348569, 3506425)
(1529332, 1627730, 348569, 3505631)
(1529148, 1627730, 348569, 3505447)
(1528780, 1627730, 348569, 3505079)
(1527851, 1627730, 348569, 3504150)
(1527171, 1627730, 348569, 3503470)
(1526368, 1627730, 348569, 3502667)
(1525825, 1627730, 348569, 3502124)
(1525038, 1627730, 348569, 3501337)
(1524805, 1627730, 348569, 3501104)
(1524227, 1627730, 348569, 3500526)
(1523667, 1627730, 348569, 3499966)
(1523126, 1627730, 348569, 3499425)
(1522749, 1627730, 348569, 3499048)
(1522514, 1627730, 348569, 3498813)
(1521907, 1627730, 348569, 3498206)
(1521678, 1627730, 348569, 3497977)
(1521523, 1627730, 348569, 3497822)
(1520760, 1627730, 348569, 3497059)
(1519958, 1627730, 348569, 3496257)
(1519435, 1627730, 348569, 3495734)
(1518828, 1627730, 348569, 3495127)
(1517988, 1627730, 348569, 3494287)
(1517257, 1627730, 348569, 3493556)
(1516657, 1627730, 348569, 3492956)
(1515850, 1627730, 348569, 3492149)
(1515311, 1627730, 348569, 3491610)
(1515082, 1627730, 348569, 3491381)
(1514527, 1627730, 348569, 3490826)
(1514119, 1627730, 348569, 3490418)
(1513591, 1627730, 348569, 3489890)
(1512705, 1627730, 348569, 3489004)
(1512094, 1627730, 348569, 3488393)
(1511637, 1627730, 348569, 3487936)
(1511353, 1627730, 348569, 3487652)
(1510514, 1627730, 348569, 3486813)
(1509642, 1627730, 348569, 3485941)
(1509103, 1627730, 348569, 3485402)
(1508221, 1627730, 348569, 3484520)
(1507969, 1627730, 348569, 3484268)
(1507465, 1627730, 348569, 3483764)
(1506945, 1627730, 348569, 3483244)
(1506535, 1627730, 348569, 3482834)
(1506355, 1627730, 348569, 3482654)
(1505929, 1627730, 348569, 3482228)
(1505369, 1627730, 348569, 3481668)
(1505114, 1627730, 348569, 3481413)
(1504645, 1627730, 348569, 3480944)
(1504363, 1627730, 348569, 3480662)
(1504205, 1627730, 348569, 3480504)
(1503153, 1627730, 348569, 3479452)
(1502678, 1627730, 348569, 3478977)
(1502637, 1627730, 348569, 3478936)
(1501746, 1627730, 348569, 3478045)
(1501186, 1627730, 348569, 3477485)
(1500824, 1627730, 348569, 3477123)
(1500562, 1627730, 348569, 3476861)
(1499721, 1627730, 348569, 3476020)
(1499575, 1627730, 348569, 3475874)
(1498755, 1627730, 348569, 3475054)
(1498378, 1627730, 348569, 3474677)
(1497677, 1627730, 348569, 3473976)
(1497314, 1627730, 348569, 3473613)
(1497084, 1627730, 348569, 3473383)
(1496325, 1627730, 348569, 3472624)
(1496021, 1627730, 348569, 3472320)
(1495755, 1627730, 348569, 3472054)
(1494625, 1627730, 348569, 3470924)
(1494035, 1627730, 348569, 3470334)
(1493107, 1627730, 348569, 3469406)
(1492583, 1627730, 348569, 3468882)
(1492227, 1627730, 348569, 3468526)
(1491419, 1627730, 348569, 3467718)
(1491220, 1627730, 348569, 3467519)
(1491017, 1627730, 348569, 3467316)
(1490925, 1627730, 348569, 3467224)
(1490751, 1627730, 348569, 3467050)
(1490107, 1627730, 348569, 3466406)
(1489984, 1627730, 348569, 3466283)
(1489450, 1627730, 348569, 3465749)
(1488965, 1627730, 348569, 3465264)
(1487919, 1627730, 348569, 3464218)
(1487674, 1627730, 348569, 3463973)
(1487031, 1627730, 348569, 3463330)
(1486356, 1627730, 348569, 3462655)
(1485624, 1627730, 348569, 3461923)
(1485513, 1627730, 348569, 3461812)
(1484812, 1627730, 348569, 3461111)
(1483941, 1627730, 348569, 3460240)
(1483199, 1627730, 348569, 3459498)
(1482616, 1627730, 348569, 3458915)
(1482118, 1627730, 348569, 3458417)
(1481829, 1627730, 348569, 3458128)
(1481669, 1627730, 348569, 3457968)
(1481122, 1627730, 348569, 3457421)
(1480753, 1627730, 348569, 3457052)
(1480064, 1627730, 348569, 3456363)
(1479324, 1627730, 348569, 3455623)
(1478985, 1627730, 348569, 3455284)
(1478251, 1627730, 348569, 3454550)
(1477750, 1627730, 348569, 3454049)
(1477331, 1627730, 348569, 3453630)
(1477082, 1627730, 348569, 3453381)
(1476701, 1627730, 348569, 3453000)
(1476495, 1627730, 348569, 3452794)
(1476076, 1627730, 348569, 3452375)
(1476075, 1627730, 348569, 3452374)
(1475475, 1627730, 348569, 3451774)
(1475042, 1627730, 348569, 3451341)
(1474149, 1627730, 348569, 3450448)
(1473775, 1627730, 348569, 3450074)
(1473253, 1627730, 348569, 3449552)
(1472474, 1627730, 348569, 3448773)
(1471817, 1627730, 348569, 3448116)
(1471083, 1627730, 348569, 3447382)
(1470387, 1627730, 348569, 3446686)
(1469717, 1627730, 348569, 3446016)
(1469045, 1627730, 348569, 3445344)
(1468513, 1627730, 348569, 3444812)
(1468348, 1627730, 348569, 3444647)
(1467791, 1627730, 348569, 3444090)
(1467612, 1627730, 348569, 3443911)
(1466813, 1627730, 348569, 3443112)
(1466445, 1627730, 348569, 3442744)
(1465833, 1627730, 348569, 3442132)
(1465250, 1627730, 348569, 3441549)
(1465043, 1627730, 348569, 3441342)
(1464459, 1627730, 348569, 3440758)
(1463629, 1627730, 348569, 3439928)
(1463160, 1627730, 348569, 3439459)
(1462631, 1627730, 348569, 3438930)
(1462180, 1627730, 348569, 3438479)
(1461738, 1627730, 348569, 3438037)
(1461603, 1627730, 348569, 3437902)
(1461372, 1627730, 348569, 3437671)
(1460989, 1627730, 348569, 3437288)
(1460574, 1627730, 348569, 3436873)
(1460073, 1627730, 348569, 3436372)
(1459653, 1627730, 348569, 3435952)
(1459201, 1627730, 348569, 3435500)
(1459105, 1627730, 348569, 3435404)
(1458910, 1627730, 348569, 3435209)
(1458185, 1627730, 348569, 3434484)
(1457028, 1627730, 348569, 3433327)
(1456715, 1627730, 348569, 3433014)
(1456256, 1627730, 348569, 3432555)
(1456089, 1627730, 348569, 3432388)
(1455987, 1627730, 348569, 3432286)
(1455785, 1627730, 348569, 3432084)
(1455120, 1627730, 348569, 3431419)
(1454858, 1627730, 348569, 3431157)
(1454698, 1627730, 348569, 3430997)
(1454657, 1627730, 348569, 3430956)
(1454174, 1627730, 348569, 3430473)
(1453871, 1627730, 348569, 3430170)
(1452851, 1627730, 348569, 3429150)
(1452650, 1627730, 348569, 3428949)
(1452360, 1627730, 348569, 3428659)
(1451790, 1627730, 348569, 3428089)
(1451229, 1627730, 348569, 3427528)
(1451154, 1627730, 348569, 3427453)
(1450671, 1627730, 348569, 3426970)
(1450277, 1627730, 348569, 3426576)
(1450199, 1627730, 348569, 3426498)
(1449830, 1627730, 348569, 3426129)
(1449712, 1627730, 348569, 3426011)
(1449321, 1627730, 348569, 3425620)
(1448831, 1627730, 348569, 3425130)
(1448377, 1627730, 348569, 3424676)
(1447932, 1627730, 348569, 3424231)
(1447106, 1627730, 348569, 3423405)
(1446171, 1627730, 348569, 3422470)
(1445594, 1627730, 348569, 3421893)
(1445350, 1627730, 348569, 3421649)
(1444558, 1627730, 348569, 3420857)
(1444280, 1627730, 348569, 3420579)
(1443406, 1627730, 348569, 3419705)
(1442670, 1627730, 348569, 3418969)
(1442121, 1627730, 348569, 3418420)
(1441658, 1627730, 348569, 3417957)
(1440706, 1627730, 348569, 3417005)
(1440262, 1627730, 348569, 3416561)
(1440044, 1627730, 348569, 3416343)
(1439494, 1627730, 348569, 3415793)
(1439072, 1627730, 348569, 3415371)
(1438586, 1627730, 348569, 3414885)
(1438150, 1627730, 348569, 3414449)
(1437798, 1627730, 348569, 3414097)
(1437188, 1627730, 348569, 3413487)
(1437160, 1627730, 348569, 3413459)
(1436755, 1627730, 348569, 3413054)
(1436412, 1627730, 348569, 3412711)
(1436048, 1627730, 348569, 3412347)
(1435342, 1627730, 348569, 3411641)
(1434440, 1627730, 348569, 3410739)
(1433765, 1627730, 348569, 3410064)
(1432968, 1627730, 348569, 3409267)
(1432211, 1627730, 348569, 3408510)
(1431150, 1627730, 348569, 3407449)
(1430982, 1627730, 348569, 3407281)
(1430261, 1627730, 348569, 3406560)
(1429777, 1627730, 348569, 3406076)
(1428840, 1627730, 348569, 3405139)
(1428424, 1627730, 348569, 3404723)
(1428165, 1627730, 348569, 3404464)
(1427847, 1627730, 348569, 3404146)
(1427292, 1627730, 348569, 3403591)
(1426888, 1627730, 348569, 3403187)
(1426272, 1627730, 348569, 3402571)
(1425665, 1627730, 348569, 3401964)
(1425058, 1627730, 348569, 3401357)
(1424594, 1627730, 348569, 3400893)
(1423859, 1627730, 348569, 3400158)
(1423704, 1627730, 348569, 3400003)
(1423326, 1627730, 348569, 3399625)
(1423094, 1627730, 348569, 3399393)
(1422682, 1627730, 348569, 3398981)
(1421946, 1627730, 348569, 3398245)
(1421607, 1627730, 348569, 3397906)
(1421157, 1627730, 348569, 3397456)
(1420618, 1627730, 348569, 3396917)
(1420371, 1627730, 348569, 3396670)
(1419888, 1627730, 348569, 3396187)
(1419532, 1627730, 348569, 3395831)
(1419096, 1627730, 348569, 3395395)
(1418609, 1627730, 348569, 3394908)
(1418188, 1627730, 348569, 3394487)
(1417957, 1627730, 348569, 3394256)
(1417444, 1627730, 348569, 3393743)
(1417163, 1627730, 348569, 3393462)
(1416842, 1627730, 348569, 3393141)
(1416212, 1627730, 348569, 3392511)
(1415480, 1627730, 348569, 3391779)
(1414649, 1627730, 348569, 3390948)
(1414255, 1627730, 348569, 3390554)
(1413819, 1627730, 348569, 3390118)
(1413181, 1627730, 348569, 3389480)
(1412831, 1627730, 348569, 3389130)
(1412194, 1627730, 348569, 3388493)
(1411756, 1627730, 348569, 3388055)
(1410947, 1627730, 348569, 3387246)
(1410925, 1627730, 348569, 3387224)
(1410596, 1627730, 348569, 3386895)
(1410021, 1627730, 348569, 3386320)
(1409654, 1627730, 348569, 3385953)
(1409085, 1627730, 348569, 3385384)
(1408687, 1627730, 348569, 3384986)
(1408588, 1627730, 348569, 3384887)
(1408231, 1627730, 348569, 3384530)
(1407803, 1627730, 348569, 3384102)
(1407148, 1627730, 348569, 3383447)
(1406367, 1627730, 348569, 3382666)
(1405908, 1627730, 348569, 3382207)
(1404904, 1627730, 348569, 3381203)
(1404628, 1627730, 348569, 3380927)
(1404282, 1627730, 348569, 3380581)
(1403990, 1627730, 348569, 3380289)
(1403479, 1627730, 348569, 3379778)
(1403161, 1627730, 348569, 3379460)
(1402579, 1627730, 348569, 3378878)
(1401989, 1627730, 348569, 3378288)
(1401039, 1627730, 348569, 3377338)
(1400289, 1627730, 348569, 3376588)
(1399742, 1627730, 348569, 3376041)
(1399591, 1627730, 348569, 3375890)
(1399123, 1627730, 348569, 3375422)
(1399054, 1627730, 348569, 3375353)
(1398768, 1627730, 348569, 3375067)
(1398548, 1627730, 348569, 3374847)
(1397974, 1627730, 348569, 3374273)
(1397374, 1627730, 348569, 3373673)
(1396753, 1627730, 348569, 3373052)
(1396326, 1627730, 348569, 3372625)
(1396161, 1627730, 348569, 3372460)
(1395489, 1627730, 348569, 3371788)
(1395336, 1627730, 348569, 3371635)
(1395047, 1627730, 348569, 3371346)
(1394576, 1627730, 348569, 3370875)
(1394231, 1627730, 348569, 3370530)
(1393765, 1627730, 348569, 3370064)
(1393305, 1627730, 348569, 3369604)
(1392542, 1627730, 348569, 3368841)
(1392280, 1627730, 348569, 3368579)
(1392181, 1627730, 348569, 3368480)
(1391904, 1627730, 348569, 3368203)
(1391723, 1627730, 348569, 3368022)
(1391520, 1627730, 348569, 3367819)
(1391401, 1627730, 348569, 3367700)
(1390556, 1627730, 348569, 3366855)
(1389955, 1627730, 348569, 3366254)
(1389463, 1627730, 348569, 3365762)
(1388612, 1627730, 348569, 3364911)
(1388554, 1627730, 348569, 3364853)
(1388119, 1627730, 348569, 3364418)
(1387375, 1627730, 348569, 3363674)
(1386698, 1627730, 348569, 3362997)
(1385951, 1627730, 348569, 3362250)
(1385197, 1627730, 348569, 3361496)
(1384763, 1627730, 348569, 3361062)
(1384408, 1627730, 348569, 3360707)
(1383732, 1627730, 348569, 3360031)
(1383341, 1627730, 348569, 3359640)
(1382283, 1627730, 348569, 3358582)
(1381801, 1627730, 348569, 3358100)
(1381156, 1627730, 348569, 3357455)
(1380343, 1627730, 348569, 3356642)
(1379408, 1627730, 348569, 3355707)
(1378503, 1627730, 348569, 3354802)
(1377801, 1627730, 348569, 3354100)
(1377295, 1627730, 348569, 3353594)
(1376916, 1627730, 348569, 3353215)
(1376875, 1627730, 348569, 3353174)
(1376459, 1627730, 348569, 3352758)
(1375944, 1627730, 348569, 3352243)
(1374978, 1627730, 348569, 3351277)
(1374622, 1627730, 348569, 3350921)
(1373754, 1627730, 348569, 3350053)
(1373283, 1627730, 348569, 3349582)
(1372974, 1627730, 348569, 3349273)
(1372225, 1627730, 348569, 3348524)
(1371952, 1627730, 348569, 3348251)
(1371566, 1627730, 348569, 3347865)
(1371217, 1627730, 348569, 3347516)
(1370984, 1627730, 348569, 3347283)
(1370578, 1627730, 348569, 3346877)
(1370105, 1627730, 348569, 3346404)
(1369920, 1627730, 348569, 3346219)
(1369043, 1627730, 348569, 3345342)
(1368364, 1627730, 348569, 3344663)
(1367537, 1627730, 348569, 3343836)
(1366725, 1627730, 348569, 3343024)
(1366117, 1627730, 348569, 3342416)
(1365322, 1627730, 348569, 3341621)
(1364504, 1627730, 348569, 3340803)
(1364382, 1627730, 348569, 3340681)
(1363578, 1627730, 348569, 3339877)
(1362827, 1627730, 348569, 3339126)
(1362249, 1627730, 348569, 3338548)
(1361651, 1627730, 348569, 3337950)
(1361117, 1627730, 348569, 3337416)
(1360879, 1627730, 348569, 3337178)
(1360424, 1627730, 348569, 3336723)
(1359692, 1627730, 348569, 3335991)
(1359243, 1627730, 348569, 3335542)
(1359147, 1627730, 348569, 3335446)
(1358542, 1627730, 348569, 3334841)
(1358435, 1627730, 348569, 3334734)
(1357841, 1627730, 348569, 3334140)
(1357487, 1627730, 348569, 3333786)
(1357012, 1627730, 348569, 3333311)
(1356649, 1627730, 348569, 3332948)
(1356184, 1627730, 348569, 3332483)
(1355793, 1627730, 348569, 3332092)
(1355416, 1627730, 348569, 3331715)
(1354634, 1627730, 348569, 3330933)
(1353785, 1627730, 348569, 3330084)
(1353396, 1627730, 348569, 3329695)
(1353390, 1627730, 348569, 3329689)
(1352742, 1627730, 348569, 3329041)
(1352113, 1627730, 348569, 3328412)
(1351708, 1627730, 348569, 3328007)
(1350864, 1627730, 348569, 3327163)
(1350531, 1627730, 348569, 3326830)
(1350213, 1627730, 348569, 3326512)
(1349789, 1627730, 348569, 3326088)
(1349349, 1627730, 348569, 3325648)
(1349037, 1627730, 348569, 3325336)
(1348321, 1627730, 348569, 3324620)
(1348031, 1627730, 348569, 3324330)
(1347229, 1627730, 348569, 3323528)
(1346813, 1627730, 348569, 3323112)
(1346014, 1627730, 348569, 3322313)
(1345833, 1627730, 348569, 3322132)
(1345557, 1627730, 348569, 3321856)
(1345072, 1627730, 348569, 3321371)
(1344420, 1627730, 348569, 3320719)
(1343970, 1627730, 348569, 3320269)
(1343486, 1627730, 348569, 3319785)
(1342858, 1627730, 348569, 3319157)
(1342739, 1627730, 348569, 3319038)
(1342391, 1627730, 348569, 3318690)
(1341758, 1627730, 348569, 3318057)
(1340739, 1627730, 348569, 3317038)
(1340435, 1627730, 348569, 3316734)
(1340333, 1627730, 348569, 3316632)
(1340278, 1627730, 348569, 3316577)
(1339920, 1627730, 348569, 3316219)
(1339424, 1627730, 348569, 3315723)
(1338254, 1627730, 348569, 3314553)
(1337839, 1627730, 348569, 3314138)
(1337270, 1627730, 348569, 3313569)
(1336966, 1627730, 348569, 3313265)
(1336682, 1627730, 348569, 3312981)
(1336017, 1627730, 348569, 3312316)
(1335367, 1627730, 348569, 3311666)
(1334845, 1627730, 348569, 3311144)
(1333802, 1627730, 348569, 3310101)
(1333375, 1627730, 348569, 3309674)
(1333187, 1627730, 348569, 3309486)
(1332833, 1627730, 348569, 3309132)
(1332166, 1627730, 348569, 3308465)
(1331368, 1627730, 348569, 3307667)
(1330912, 1627730, 348569, 3307211)
(1330676, 1627730, 348569, 3306975)
(1330485, 1627730, 348569, 3306784)
(1330386, 1627730, 348569, 3306685)
(1329658, 1627730, 348569, 3305957)
(1329314, 1627730, 348569, 3305613)
(1328569, 1627730, 348569, 3304868)
(1328248, 1627730, 348569, 3304547)
(1327462, 1627730, 348569, 3303761)
(1326963, 1627730, 348569, 3303262)
(1326797, 1627730, 348569, 3303096)
(1325973, 1627730, 348569, 3302272)
(1325836, 1627730, 348569, 3302135)
(1325167, 1627730, 348569, 3301466)
(1324625, 1627730, 348569, 3300924)
(1323685, 1627730, 348569, 3299984)
(1323139, 1627730, 348569, 3299438)
(1322955, 1627730, 348569, 3299254)
(1322522, 1627730, 348569, 3298821)
(1321955, 1627730, 348569, 3298254)
(1321755, 1627730, 348569, 3298054)
(1321299, 1627730, 348569, 3297598)
(1320510, 1627730, 348569, 3296809)
(1320412, 1627730, 348569, 3296711)
(1320055, 1627730, 348569, 3296354)
(1319593, 1627730, 348569, 3295892)
(1319123, 1627730, 348569, 3295422)
(1318725, 1627730, 348569, 3295024)
(1318501, 1627730, 348569, 3294800)
(1318271, 1627730, 348569, 3294570)
(1317532, 1627730, 348569, 3293831)
(1316765, 1627730, 348569, 3293064)
(1316224, 1627730, 348569, 3292523)
(1315919, 1627730, 348569, 3292218)
(1315469, 1627730, 348569, 3291768)
(1314736, 1627730, 348569, 3291035)
(1314569, 1627730, 348569, 3290868)
(1314259, 1627730, 348569, 3290558)
(1314038, 1627730, 348569, 3290337)
(1313725, 1627730, 348569, 3290024)
(1313211, 1627730, 348569, 3289510)
(1312876, 1627730, 348569, 3289175)
(1312314, 1627730, 348569, 3288613)
(1312016, 1627730, 348569, 3288315)
(1311183, 1627730, 348569, 3287482)
(1310911, 1627730, 348569, 3287210)
(1310073, 1627730, 348569, 3286372)
(1309606, 1627730, 348569, 3285905)
(1309012, 1627730, 348569, 3285311)
(1308794, 1627730, 348569, 3285093)
(1308289, 1627730, 348569, 3284588)
(1308077, 1627730, 348569, 3284376)
(1307796, 1627730, 348569, 3284095)
(1307312, 1627730, 348569, 3283611)
(1307156, 1627730, 348569, 3283455)
(1306693, 1627730, 348569, 3282992)
(1306477, 1627730, 348569, 3282776)
(1305623, 1627730, 348569, 3281922)
(1304985, 1627730, 348569, 3281284)
(1304438, 1627730, 348569, 3280737)
(1303746, 1627730, 348569, 3280045)
(1302906, 1627730, 348569, 3279205)
(1302361, 1627730, 348569, 3278660)
(1301884, 1627730, 348569, 3278183)
(1301293, 1627730, 348569, 3277592)
(1300707, 1627730, 348569, 3277006)
(1300632, 1627730, 348569, 3276931)
(1299693, 1627730, 348569, 3275992)
(1298780, 1627730, 348569, 3275079)
(1297966, 1627730, 348569, 3274265)
(1296931, 1627730, 348569, 3273230)
(1296590, 1627730, 348569, 3272889)
(1296058, 1627730, 348569, 3272357)
(1295692, 1627730, 348569, 3271991)
(1295036, 1627730, 348569, 3271335)
(1294507, 1627730, 348569, 3270806)
