(1307152, 1329086, 350697, 2986935)
(1306334, 1329086, 350697, 2986117)
(1305341, 1329086, 350697, 2985124)
(1304790, 1329086, 350697, 2984573)
(1304338, 1329086, 350697, 2984121)
(1303727, 1329086, 350697, 2983510)
(1302947, 1329086, 350697, 2982730)
(1302508, 1329086, 350697, 2982291)
(1302021, 1329086, 350697, 2981804)
(1301856, 1329086, 350697, 2981639)
(1301708, 1329086, 350697, 2981491)
(1301171, 1329086, 350697, 2980954)
(1300635, 1329086, 350697, 2980418)
(1300445, 1329086, 350697, 2980228)
(1299710, 1329086, 350697, 2979493)
(1298920, 1329086, 350697, 2978703)
(1298263, 1329086, 350697, 2978046)
(1297761, 1329086, 350697, 2977544)
(1297388, 1329086, 350697, 2977171)
(1296957, 1329086, 350697, 2976740)
(1296774, 1329086, 350697, 2976557)
(1296719, 1329086, 350697, 2976502)
(1296079, 1329086, 350697, 2975862)
(1295824, 1329086, 350697, 2975607)
(1295126, 1329086, 350697, 2974909)
(1294628, 1329086, 350697, 2974411)
(1294452, 1329086, 350697, 2974235)
(1294002, 1329086, 350697, 2973785)
(1293310, 1329086, 350697, 2973093)
(1292692, 1329086, 350697, 2972475)
(1292594, 1329086, 350697, 2972377)
(1292337, 1329086, 350697, 2972120)
(1291822, 1329086, 350697, 2971605)
(1291422, 1329086, 350697, 2971205)
(1291174, 1329086, 350697, 2970957)
(1290793, 1329086, 350697, 2970576)
(1290083, 1329086, 350697, 2969866)
(1289223, 1329086, 350697, 2969006)
(1288807, 1329086, 350697, 2968590)
(1288232, 1329086, 350697, 2968015)
(1288087, 1329086, 350697, 2967870)
(1287637, 1329086, 350697, 2967420)
(1286852, 1329086, 350697, 2966635)
(1286520, 1329086, 350697, 2966303)
(1285818, 1329086, 350697, 2965601)
(1285095, 1329086, 350697, 2964878)
(1284890, 1329086, 350697, 2964673)
(1284745, 1329086, 350697, 2964528)
(1284230, 1329086, 350697, 2964013)
(1284097, 1329086, 350697, 2963880)
(1284057, 1329086, 350697, 2963840)
(1282925, 1329086, 350697, 2962708)
(1281678, 1329086, 350697, 2961461)
(1281389, 1329086, 350697, 2961172)
(1280920, 1329086, 350697, 2960703)
(1280527, 1329086, 350697, 2960310)
(1280290, 1329086, 350697, 2960073)
(1280095, 1329086, 350697, 2959878)
(1279704, 1329086, 350697, 2959487)
(1279152, 1329086, 350697, 2958935)
(1278787, 1329086, 350697, 2958570)
(1278038, 1329086, 350697, 2957821)
(1277135, 1329086, 350697, 2956918)
(1276577, 1329086, 350697, 2956360)
(1275867, 1329086, 350697, 2955650)
(1275268, 1329086, 350697, 2955051)
(1275059, 1329086, 350697, 2954842)
(1274783, 1329086, 350697, 2954566)
(1273593, 1329086, 350697, 2953376)
(1272708, 1329086, 350697, 2952491)
(1272498, 1329086, 350697, 2952281)
(1271948, 1329086, 350697, 2951731)
(1271276, 1329086, 350697, 2951059)
(1270853, 1329086, 350697, 2950636)
(1270573, 1329086, 350697, 2950356)
(1270111, 1329086, 350697, 2949894)
(1269699, 1329086, 350697, 2949482)
(1268965, 1329086, 350697, 2948748)
(1268728, 1329086, 350697, 2948511)
(1268251, 1329086, 350697, 2948034)
(1268017, 1329086, 350697, 2947800)
(1267599, 1329086, 350697, 2947382)
(1267256, 1329086, 350697, 2947039)
(1266920, 1329086, 350697, 2946703)
(1266362, 1329086, 350697, 2946145)
(1265852, 1329086, 350697, 2945635)
(1265412, 1329086, 350697, 2945195)
(1264829, 1329086, 350697, 2944612)
(1264792, 1329086, 350697, 2944575)
(1264200, 1329086, 350697, 2943983)
(1263444, 1329086, 350697, 2943227)
(1263276, 1329086, 350697, 2943059)
(1262740, 1329086, 350697, 2942523)
(1262274, 1329086, 350697, 2942057)
(1262052, 1329086, 350697, 2941835)
(1261817, 1329086, 350697, 2941600)
(1261198, 1329086, 350697, 2940981)
(1260786, 1329086, 350697, 2940569)
(1260150, 1329086, 350697, 2939933)
(1259782, 1329086, 350697, 2939565)
(1259153, 1329086, 350697, 2938936)
(1258456, 1329086, 350697, 2938239)
(1257878, 1329086, 350697, 2937661)
(1257556, 1329086, 350697, 2937339)
(1257244, 1329086, 350697, 2937027)
(1256665, 1329086, 350697, 2936448)
(1255855, 1329086, 350697, 2935638)
(1255407, 1329086, 350697, 2935190)
(1255141, 1329086, 350697, 2934924)
(1254711, 1329086, 350697, 2934494)
(1254485, 1329086, 350697, 2934268)
(1254096, 1329086, 350697, 2933879)
(1253910, 1329086, 350697, 2933693)
(1253660, 1329086, 350697, 2933443)
(1252957, 1329086, 350697, 2932740)
(1252210, 1329086, 350697, 2931993)
(1252145, 1329086, 350697, 2931928)
(1251976, 1329086, 350697, 2931759)
(1251376, 1329086, 350697, 2931159)
(1251094, 1329086, 350697, 2930877)
(1251001, 1329086, 350697, 2930784)
(1250140, 1329086, 350697, 2929923)
(1249529, 1329086, 350697, 2929312)
(1248874, 1329086, 350697, 2928657)
(1248410, 1329086, 350697, 2928193)
(1247591, 1329086, 350697, 2927374)
(1247407, 1329086, 350697, 2927190)
(1246726, 1329086, 350697, 2926509)
(1246337, 1329086, 350697, 2926120)
(1246286, 1329086, 350697, 2926069)
(1245659, 1329086, 350697, 2925442)
(1245014, 1329086, 350697, 2924797)
(1244698, 1329086, 350697, 2924481)
(1243792, 1329086, 350697, 2923575)
(1243195, 1329086, 350697, 2922978)
(1242711, 1329086, 350697, 2922494)
(1242018, 1329086, 350697, 2921801)
(1241067, 1329086, 350697, 2920850)
(1240423, 1329086, 350697, 2920206)
(1240026, 1329086, 350697, 2919809)
(1239359, 1329086, 350697, 2919142)
(1238926, 1329086, 350697, 2918709)
(1238123, 1329086, 350697, 2917906)
(1237596, 1329086, 350697, 2917379)
(1236760, 1329086, 350697, 2916543)
(1236245, 1329086, 350697, 2916028)
(1235134, 1329086, 350697, 2914917)
(1234714, 1329086, 350697, 2914497)
(1234322, 1329086, 350697, 2914105)
(1233684, 1329086, 350697, 2913467)
(1233044, 1329086, 350697, 2912827)
(1232908, 1329086, 350697, 2912691)
(1232387, 1329086, 350697, 2912170)
(1231809, 1329086, 350697, 2911592)
(1231525, 1329086, 350697, 2911308)
(1230939, 1329086, 350697, 2910722)
(1230442, 1329086, 350697, 2910225)
(1229814, 1329086, 350697, 2909597)
(1228834, 1329086, 350697, 2908617)
(1228437, 1329086, 350697, 2908220)
(1227737, 1329086, 350697, 2907520)
(1227193, 1329086, 350697, 2906976)
(1226373, 1329086, 350697, 2906156)
(1226278, 1329086, 350697, 2906061)
(1225625, 1329086, 350697, 2905408)
(1225418, 1329086, 350697, 2905201)
(1225184, 1329086, 350697, 2904967)
(1224415, 1329086, 350697, 2904198)
(1224207, 1329086, 350697, 2903990)
(1223636, 1329086, 350697, 2903419)
(1223014, 1329086, 350697, 2902797)
(1222496, 1329086, 350697, 2902279)
(1222426, 1329086, 350697, 2902209)
(1221870, 1329086, 350697, 2901653)
(1221468, 1329086, 350697, 2901251)
(1221411, 1329086, 350697, 2901194)
(1221347, 1329086, 350697, 2901130)
(1221286, 1329086, 350697, 2901069)
(1220979, 1329086, 350697, 2900762)
(1220238, 1329086, 350697, 2900021)
(1219762, 1329086, 350697, 2899545)
(1218871, 1329086, 350697, 2898654)
(1218049, 1329086, 350697, 2897832)
(1217783, 1329086, 350697, 2897566)
(1217306, 1329086, 350697, 2897089)
(1216788, 1329086, 350697, 2896571)
(1215780, 1329086, 350697, 2895563)
(1215532, 1329086, 350697, 2895315)
(1214856, 1329086, 350697, 2894639)
(1214682, 1329086, 350697, 2894465)
(1214007, 1329086, 350697, 2893790)
(1213487, 1329086, 350697, 2893270)
(1212734, 1329086, 350697, 2892517)
(1211916, 1329086, 350697, 2891699)
(1211111, 1329086, 350697, 2890894)
(1210777, 1329086, 350697, 2890560)
(1210502, 1329086, 350697, 2890285)
(1210043, 1329086, 350697, 2889826)
(1209487, 1329086, 350697, 2889270)
(1208595, 1329086, 350697, 2888378)
(1208394, 1329086, 350697, 2888177)
(1208064, 1329086, 350697, 2887847)
(1207737, 1329086, 350697, 2887520)
(1206745, 1329086, 350697, 2886528)
(1206219, 1329086, 350697, 2886002)
(1205167, 1329086, 350697, 2884950)
(1204866, 1329086, 350697, 2884649)
(1204500, 1329086, 350697, 2884283)
(1204169, 1329086, 350697, 2883952)
(1203805, 1329086, 350697, 2883588)
(1202928, 1329086, 350697, 2882711)
(1202345, 1329086, 350697, 2882128)
(1201773, 1329086, 350697, 2881556)
(1201459, 1329086, 350697, 2881242)
(1200948, 1329086, 350697, 2880731)
(1200824, 1329086, 350697, 2880607)
(1200677, 1329086, 350697, 2880460)
(1199487, 1329086, 350697, 2879270)
(1198466, 1329086, 350697, 2878249)
(1197943, 1329086, 350697, 2877726)
(1197620, 1329086, 350697, 2877403)
(1197315, 1329086, 350697, 2877098)
(1197049, 1329086, 350697, 2876832)
(1196386, 1329086, 350697, 2876169)
(1196171, 1329086, 350697, 2875954)
(1195923, 1329086, 350697, 2875706)
(1195165, 1329086, 350697, 2874948)
(1194846, 1329086, 350697, 2874629)
(1194025, 1329086, 350697, 2873808)
(1193315, 1329086, 350697, 2873098)
(1192996, 1329086, 350697, 2872779)
(1192796, 1329086, 350697, 2872579)
(1191830, 1329086, 350697, 2871613)
(1191130, 1329086, 350697, 2870913)
(1190663, 1329086, 350697, 2870446)
(1190441, 1329086, 350697, 2870224)
(1190129, 1329086, 350697, 2869912)
(1189830, 1329086, 350697, 2869613)
(1189568, 1329086, 350697, 2869351)
(1189024, 1329086, 350697, 2868807)
(1188653, 1329086, 350697, 2868436)
(1188003, 1329086, 350697, 2867786)
(1187557, 1329086, 350697, 2867340)
(1186872, 1329086, 350697, 2866655)
(1186856, 1329086, 350697, 2866639)
(1186304, 1329086, 350697, 2866087)
(1185732, 1329086, 350697, 2865515)
(1185601, 1329086, 350697, 2865384)
(1184914, 1329086, 350697, 2864697)
(1184465, 1329086, 350697, 2864248)
(1184256, 1329086, 350697, 2864039)
(1183655, 1329086, 350697, 2863438)
(1182854, 1329086, 350697, 2862637)
(1182264, 1329086, 350697, 2862047)
(1181592, 1329086, 350697, 2861375)
(1181135, 1329086, 350697, 2860918)
(1180980, 1329086, 350697, 2860763)
(1180485, 1329086, 350697, 2860268)
(1180109, 1329086, 350697, 2859892)
(1179647, 1329086, 350697, 2859430)
(1179246, 1329086, 350697, 2859029)
(1178622, 1329086, 350697, 2858405)
(1178069, 1329086, 350697, 2857852)
(1177584, 1329086, 350697, 2857367)
(1177561, 1329086, 350697, 2857344)
(1177293, 1329086, 350697, 2857076)
(1176556, 1329086, 350697, 2856339)
(1176175, 1329086, 350697, 2855958)
(1175638, 1329086, 350697, 2855421)
(1175637, 1329086, 350697, 2855420)
(1174966, 1329086, 350697, 2854749)
(1173845, 1329086, 350697, 2853628)
(1172810, 1329086, 350697, 2852593)
(1172294, 1329086, 350697, 2852077)
(1171767, 1329086, 350697, 2851550)
(1171565, 1329086, 350697, 2851348)
(1171340, 1329086, 350697, 2851123)
(1170787, 1329086, 350697, 2850570)
(1170094, 1329086, 350697, 2849877)
(1169823, 1329086, 350697, 2849606)
(1168949, 1329086, 350697, 2848732)
(1168746, 1329086, 350697, 2848529)
(1167916, 1329086, 350697, 2847699)
(1167531, 1329086, 350697, 2847314)
(1167329, 1329086, 350697, 2847112)
(1166915, 1329086, 350697, 2846698)
(1166502, 1329086, 350697, 2846285)
(1166372, 1329086, 350697, 2846155)
(1165693, 1329086, 350697, 2845476)
(1165359, 1329086, 350697, 2845142)
(1165032, 1329086, 350697, 2844815)
(1164802, 1329086, 350697, 2844585)
(1164705, 1329086, 350697, 2844488)
(1163887, 1329086, 350697, 2843670)
(1163400, 1329086, 350697, 2843183)
(1162521, 1329086, 350697, 2842304)
(1161831, 1329086, 350697, 2841614)
(1161342, 1329086, 350697, 2841125)
(1161098, 1329086, 350697, 2840881)
(1160743, 1329086, 350697, 2840526)
(1160076, 1329086, 350697, 2839859)
(1159233, 1329086, 350697, 2839016)
(1158469, 1329086, 350697, 2838252)
(1157727, 1329086, 350697, 2837510)
(1157628, 1329086, 350697, 2837411)
(1157194, 1329086, 350697, 2836977)
(1156853, 1329086, 350697, 2836636)
(1156055, 1329086, 350697, 2835838)
(1155116, 1329086, 350697, 2834899)
(1154318, 1329086, 350697, 2834101)
(1153875, 1329086, 350697, 2833658)
(1153635, 1329086, 350697, 2833418)
(1152828, 1329086, 350697, 2832611)
(1152252, 1329086, 350697, 2832035)
(1151444, 1329086, 350697, 2831227)
(1150791, 1329086, 350697, 2830574)
(1150504, 1329086, 350697, 2830287)
(1150361, 1329086, 350697, 2830144)
(1149865, 1329086, 350697, 2829648)
(1149580, 1329086, 350697, 2829363)
(1149013, 1329086, 350697, 2828796)
(1148257, 1329086, 350697, 2828040)
(1147461, 1329086, 350697, 2827244)
(1147090, 1329086, 350697, 2826873)
(1146999, 1329086, 350697, 2826782)
(1146369, 1329086, 350697, 2826152)
(1145498, 1329086, 350697, 2825281)
(1145340, 1329086, 350697, 2825123)
(1145159, 1329086, 350697, 2824942)
(1144947, 1329086, 350697, 2824730)
(1144145, 1329086, 350697, 2823928)
(1144033, 1329086, 350697, 2823816)
(1143546, 1329086, 350697, 2823329)
(1142609, 1329086, 350697, 2822392)
(1142073, 1329086, 350697, 2821856)
(1141683, 1329086, 350697, 2821466)
(1141327, 1329086, 350697, 2821110)
(1140780, 1329086, 350697, 2820563)
(1140247, 1329086, 350697, 2820030)
(1139746, 1329086, 350697, 2819529)
(1139066, 1329086, 350697, 2818849)
(1138461, 1329086, 350697, 2818244)
(1138104, 1329086, 350697, 2817887)
(1137874, 1329086, 350697, 2817657)
(1137036, 1329086, 350697, 2816819)
(1136231, 1329086, 350697, 2816014)
(1135451, 1329086, 350697, 2815234)
(1134829, 1329086, 350697, 2814612)
(1133810, 1329086, 350697, 2813593)
(1133644, 1329086, 350697, 2813427)
(1132858, 1329086, 350697, 2812641)
(1132516, 1329086, 350697, 2812299)
(1132292, 1329086, 350697, 2812075)
(1131511, 1329086, 350697, 2811294)
(1131016, 1329086, 350697, 2810799)
(1130810, 1329086, 350697, 2810593)
(1129672, 1329086, 350697, 2809455)
(1129424, 1329086, 350697, 2809207)
(1128831, 1329086, 350697, 2808614)
(1128050, 1329086, 350697, 2807833)
(1127714, 1329086, 350697, 2807497)
(1127158, 1329086, 350697, 2806941)
(1126706, 1329086, 350697, 2806489)
(1125765, 1329086, 350697, 2805548)
(1125090, 1329086, 350697, 2804873)
(1124460, 1329086, 350697, 2804243)
(1124018, 1329086, 350697, 2803801)
(1123795, 1329086, 350697, 2803578)
(1123539, 1329086, 350697, 2803322)
(1122823, 1329086, 350697, 2802606)
(1122342, 1329086, 350697, 2802125)
(1121744, 1329086, 350697, 2801527)
(1121659, 1329086, 350697, 2801442)
(1121076, 1329086, 350697, 2800859)
(1120539, 1329086, 350697, 2800322)
(1119620, 1329086, 350697, 2799403)
(1118789, 1329086, 350697, 2798572)
(1118329, 1329086, 350697, 2798112)
(1117753, 1329086, 350697, 2797536)
(1117593, 1329086, 350697, 2797376)
(1116956, 1329086, 350697, 2796739)
(1116119, 1329086, 350697, 2795902)
(1115566, 1329086, 350697, 2795349)
(1115287, 1329086, 350697, 2795070)
(1114553, 1329086, 350697, 2794336)
(1113765, 1329086, 350697, 2793548)
(1113500, 1329086, 350697, 2793283)
(1113315, 1329086, 350697, 2793098)
(1112613, 1329086, 350697, 2792396)
(1112032, 1329086, 350697, 2791815)
(1111593, 1329086, 350697, 2791376)
(1110967, 1329086, 350697, 2790750)
(1110139, 1329086, 350697, 2789922)
(1109312, 1329086, 350697, 2789095)
(1108931, 1329086, 350697, 2788714)
(1108301, 1329086, 350697, 2788084)
(1108099, 1329086, 350697, 2787882)
(1107663, 1329086, 350697, 2787446)
(1107081, 1329086, 350697, 2786864)
(1107033, 1329086, 350697, 2786816)
(1106642, 1329086, 350697, 2786425)
(1106234, 1329086, 350697, 2786017)
(1105124, 1329086, 350697, 2784907)
(1104845, 1329086, 350697, 2784628)
(1103976, 1329086, 350697, 2783759)
(1103393, 1329086, 350697, 2783176)
(1102595, 1329086, 350697, 2782378)
(1101722, 1329086, 350697, 2781505)
(1101201, 1329086, 350697, 2780984)
(1100396, 1329086, 350697, 2780179)
(1099226, 1329086, 350697, 2779009)
(1098355, 1329086, 350697, 2778138)
(1097967, 1329086, 350697, 2777750)
(1097579, 1329086, 350697, 2777362)
(1097530, 1329086, 350697, 2777313)
(1096815, 1329086, 350697, 2776598)
(1096779, 1329086, 350697, 2776562)
(1096466, 1329086, 350697, 2776249)
(1095700, 1329086, 350697, 2775483)
(1095025, 1329086, 350697, 2774808)
(1094049, 1329086, 350697, 2773832)
(1093607, 1329086, 350697, 2773390)
(1092555, 1329086, 350697, 2772338)
(1091824, 1329086, 350697, 2771607)
(1091160, 1329086, 350697, 2770943)
(1091091, 1329086, 350697, 2770874)
(1090820, 1329086, 350697, 2770603)
(1090478, 1329086, 350697, 2770261)
(1090028, 1329086, 350697, 2769811)
(1089446, 1329086, 350697, 2769229)
(1088812, 1329086, 350697, 2768595)
(1087966, 1329086, 350697, 2767749)
(1087477, 1329086, 350697, 2767260)
(1087209, 1329086, 350697, 2766992)
(1086682, 1329086, 350697, 2766465)
(1086122, 1329086, 350697, 2765905)
(1085610, 1329086, 350697, 2765393)
(1085579, 1329086, 350697, 2765362)
(1085359, 1329086, 350697, 2765142)
(1085039, 1329086, 350697, 2764822)
(1084501, 1329086, 350697, 2764284)
(1084065, 1329086, 350697, 2763848)
(1083759, 1329086, 350697, 2763542)
(1082905, 1329086, 350697, 2762688)
(1082558, 1329086, 350697, 2762341)
(1082162, 1329086, 350697, 2761945)
(1081890, 1329086, 350697, 2761673)
(1081552, 1329086, 350697, 2761335)
(1081536, 1329086, 350697, 2761319)
(1081258, 1329086, 350697, 2761041)
(1080991, 1329086, 350697, 2760774)
(1080314, 1329086, 350697, 2760097)
(1079674, 1329086, 350697, 2759457)
(1078995, 1329086, 350697, 2758778)
(1078424, 1329086, 350697, 2758207)
(1077921, 1329086, 350697, 2757704)
(1077696, 1329086, 350697, 2757479)
(1077612, 1329086, 350697, 2757395)
(1077058, 1329086, 350697, 2756841)
(1076720, 1329086, 350697, 2756503)
(1075907, 1329086, 350697, 2755690)
(1075149, 1329086, 350697, 2754932)
(1074330, 1329086, 350697, 2754113)
(1074104, 1329086, 350697, 2753887)
(1073334, 1329086, 350697, 2753117)
(1072687, 1329086, 350697, 2752470)
(1072319, 1329086, 350697, 2752102)
(1071771, 1329086, 350697, 2751554)
(1071402, 1329086, 350697, 2751185)
(1071225, 1329086, 350697, 2751008)
(1070653, 1329086, 350697, 2750436)
(1070051, 1329086, 350697, 2749834)
(1069295, 1329086, 350697, 2749078)
(1068981, 1329086, 350697, 2748764)
(1067853, 1329086, 350697, 2747636)
(1067388, 1329086, 350697, 2747171)
(1066816, 1329086, 350697, 2746599)
(1066530, 1329086, 350697, 2746313)
(1066448, 1329086, 350697, 2746231)
(1066197, 1329086, 350697, 2745980)
(1065624, 1329086, 350697, 2745407)
(1064847, 1329086, 350697, 2744630)
(1064754, 1329086, 350697, 2744537)
(1064412, 1329086, 350697, 2744195)
(1063460, 1329086, 350697, 2743243)
(1062680, 1329086, 350697, 2742463)
(1062140, 1329086, 350697, 2741923)
(1061341, 1329086, 350697, 2741124)
(1060872, 1329086, 350697, 2740655)
(1060220, 1329086, 350697, 2740003)
(1059989, 1329086, 350697, 2739772)
(1059215, 1329086, 350697, 2738998)
(1058392, 1329086, 350697, 2738175)
(1057406, 1329086, 350697, 2737189)
(1056653, 1329086, 350697, 2736436)
(1056104, 1329086, 350697, 2735887)
(1055740, 1329086, 350697, 2735523)
(1055369, 1329086, 350697, 2735152)
(1055040, 1329086, 350697, 2734823)
(1054580, 1329086, 350697, 2734363)
(1054505, 1329086, 350697, 2734288)
(1053773, 1329086, 350697, 2733556)
(1052778, 1329086, 350697, 2732561)
(1052210, 1329086, 350697, 2731993)
(1051354, 1329086, 350697, 2731137)
(1050341, 1329086, 350697, 2730124)
(1049905, 1329086, 350697, 2729688)
(1049539, 1329086, 350697, 2729322)
(1048799, 1329086, 350697, 2728582)
(1047941, 1329086, 350697, 2727724)
(1047294, 1329086, 350697, 2727077)
(1046520, 1329086, 350697, 2726303)
(1046123, 1329086, 350697, 2725906)
(1045825, 1329086, 350697, 2725608)
(1045190, 1329086, 350697, 2724973)
(1044580, 1329086, 350697, 2724363)
(1044440, 1329086, 350697, 2724223)
(1043792, 1329086, 350697, 2723575)
(1043561, 1329086, 350697, 2723344)
(1043103, 1329086, 350697, 2722886)
(1042882, 1329086, 350697, 2722665)
(1042643, 1329086, 350697, 2722426)
(1041607, 1329086, 350697, 2721390)
(1041015, 1329086, 350697, 2720798)
(1040120, 1329086, 350697, 2719903)
(1039484, 1329086, 350697, 2719267)
(1038928, 1329086, 350697, 2718711)
(1038268, 1329086, 350697, 2718051)
(1037820, 1329086, 350697, 2717603)
(1037101, 1329086, 350697, 2716884)
(1036427, 1329086, 350697, 2716210)
(1036080, 1329086, 350697, 2715863)
(1035311, 1329086, 350697, 2715094)
(1034788, 1329086, 350697, 2714571)
(1034332, 1329086, 350697, 2714115)
(1034104, 1329086, 350697, 2713887)
(1033924, 1329086, 350697, 2713707)
(1033285, 1329086, 350697, 2713068)
(1033163, 1329086, 350697, 2712946)
(1033072, 1329086, 350697, 2712855)
(1032125, 1329086, 350697, 2711908)
(1031654, 1329086, 350697, 2711437)
(1030756, 1329086, 350697, 2710539)
(1030082, 1329086, 350697, 2709865)
(1030029, 1329086, 350697, 2709812)
(1029452, 1329086, 350697, 2709235)
(1028377, 1329086, 350697, 2708160)
(1027598, 1329086, 350697, 2707381)
(1027280, 1329086, 350697, 2707063)
