(1345990, 1325076, 469494, 3140560)
(1345448, 1325076, 469494, 3140018)
(1344587, 1325076, 469494, 3139157)
(1344239, 1325076, 469494, 3138809)
(1343418, 1325076, 469494, 3137988)
(1342584, 1325076, 469494, 3137154)
(1342055, 1325076, 469494, 3136625)
(1341482, 1325076, 469494, 3136052)
(1341481, 1325076, 469494, 3136051)
(1341041, 1325076, 469494, 3135611)
(1340755, 1325076, 469494, 3135325)
(1340617, 1325076, 469494, 3135187)
(1340463, 1325076, 469494, 3135033)
(1340270, 1325076, 469494, 3134840)
(1339930, 1325076, 469494, 3134500)
(1338997, 1325076, 469494, 3133567)
(1338623, 1325076, 469494, 3133193)
(1338003, 1325076, 469494, 3132573)
(1337718, 1325076, 469494, 3132288)
(1337353, 1325076, 469494, 3131923)
(1336757, 1325076, 469494, 3131327)
(1335856, 1325076, 469494, 3130426)
(1335226, 1325076, 469494, 3129796)
(1334279, 1325076, 469494, 3128849)
(1334095, 1325076, 469494, 3128665)
(1333562, 1325076, 469494, 3128132)
(1333295, 1325076, 469494, 3127865)
(1332360, 1325076, 469494, 3126930)
(1331379, 1325076, 469494, 3125949)
(1330659, 1325076, 469494, 3125229)
(1330163, 1325076, 469494, 3124733)
(1329366, 1325076, 469494, 3123936)
(1329020, 1325076, 469494, 3123590)
(1328108, 1325076, 469494, 3122678)
(1327351, 1325076, 469494, 3121921)
(1326311, 1325076, 469494, 3120881)
(1325852, 1325076, 469494, 3120422)
(1325097, 1325076, 469494, 3119667)
(1324733, 1325076, 469494, 3119303)
(1324377, 1325076, 469494, 3118947)
(1323775, 1325076, 469494, 3118345)
(1323540, 1325076, 469494, 3118110)
(1323170, 1325076, 469494, 3117740)
(1322534, 1325076, 469494, 3117104)
(1321529, 1325076, 469494, 3116099)
(1321273, 1325076, 469494, 3115843)
(1320328, 1325076, 469494, 3114898)
(1319680, 1325076, 469494, 3114250)
(1319313, 1325076, 469494, 3113883)
(1318374, 1325076, 469494, 3112944)
(1317399, 1325076, 469494, 3111969)
(1317016, 1325076, 469494, 3111586)
(1316623, 1325076, 469494, 3111193)
(1315964, 1325076, 469494, 3110534)
(1315670, 1325076, 469494, 3110240)
(1314784, 1325076, 469494, 3109354)
(1314376, 1325076, 469494, 3108946)
(1314102, 1325076, 469494, 3108672)
(1313475, 1325076, 469494, 3108045)
(1313094, 1325076, 469494, 3107664)
(1312791, 1325076, 469494, 3107361)
(1312111, 1325076, 469494, 3106681)
(1311687, 1325076, 469494, 3106257)
(1311158, 1325076, 469494, 3105728)
(1310863, 1325076, 469494, 3105433)
(1310348, 1325076, 469494, 3104918)
(1309137, 1325076, 469494, 3103707)
(1308506, 1325076, 469494, 3103076)
(1308134, 1325076, 469494, 3102704)
(1307164, 1325076, 469494, 3101734)
(1307014, 1325076, 469494, 3101584)
(1306585, 1325076, 469494, 3101155)
(1306069, 1325076, 469494, 3100639)
(1305362, 1325076, 469494, 3099932)
(1304693, 1325076, 469494, 3099263)
(1304490, 1325076, 469494, 3099060)
(1304059, 1325076, 469494, 3098629)
(1303838, 1325076, 469494, 3098408)
(1302954, 1325076, 469494, 3097524)
(1302439, 1325076, 469494, 3097009)
(1302438, 1325076, 469494, 3097008)
(1301808, 1325076, 469494, 3096378)
(1301346, 1325076, 469494, 3095916)
(1300552, 1325076, 469494, 3095122)
(1300344, 1325076, 469494, 3094914)
(1300172, 1325076, 469494, 3094742)
(1299792, 1325076, 469494, 3094362)
(1299458, 1325076, 469494, 3094028)
(1298969, 1325076, 469494, 3093539)
(1297888, 1325076, 469494, 3092458)
(1297150, 1325076, 469494, 3091720)
(1296440, 1325076, 469494, 3091010)
(1295410, 1325076, 469494, 3089980)
(1294794, 1325076, 469494, 3089364)
(1294032, 1325076, 469494, 3088602)
(1293921, 1325076, 469494, 3088491)
(1292979, 1325076, 469494, 3087549)
(1292829, 1325076, 469494, 3087399)
(1292273, 1325076, 469494, 3086843)
(1291891, 1325076, 469494, 3086461)
(1291666, 1325076, 469494, 3086236)
(1290909, 1325076, 469494, 3085479)
(1290077, 1325076, 469494, 3084647)
(1289939, 1325076, 469494, 3084509)
(1289938, 1325076, 469494, 3084508)
(1289148, 1325076, 469494, 3083718)
(1288700, 1325076, 469494, 3083270)
(1288233, 1325076, 469494, 3082803)
(1287707, 1325076, 469494, 3082277)
(1287501, 1325076, 469494, 3082071)
(1286987, 1325076, 469494, 3081557)
(1286452, 1325076, 469494, 3081022)
(1285697, 1325076, 469494, 3080267)
(1285366, 1325076, 469494, 3079936)
(1285131, 1325076, 469494, 3079701)
(1284514, 1325076, 469494, 3079084)
(1284223, 1325076, 469494, 3078793)
(1283650, 1325076, 469494, 3078220)
(1282902, 1325076, 469494, 3077472)
(1282168, 1325076, 469494, 3076738)
(1282093, 1325076, 469494, 3076663)
(1281217, 1325076, 469494, 3075787)
(1281157, 1325076, 469494, 3075727)
(1280890, 1325076, 469494, 3075460)
(1279978, 1325076, 469494, 3074548)
(1279847, 1325076, 469494, 3074417)
(1279448, 1325076, 469494, 3074018)
(1278885, 1325076, 469494, 3073455)
(1278174, 1325076, 469494, 3072744)
(1277674, 1325076, 469494, 3072244)
(1276763, 1325076, 469494, 3071333)
(1276068, 1325076, 469494, 3070638)
(1275560, 1325076, 469494, 3070130)
(1275080, 1325076, 469494, 3069650)
(1274766, 1325076, 469494, 3069336)
(1274377, 1325076, 469494, 3068947)
(1274309, 1325076, 469494, 3068879)
(1273530, 1325076, 469494, 3068100)
(1272897, 1325076, 469494, 3067467)
(1272207, 1325076, 469494, 3066777)
(1271598, 1325076, 469494, 3066168)
(1271597, 1325076, 469494, 3066167)
(1271185, 1325076, 469494, 3065755)
(1270745, 1325076, 469494, 3065315)
(1270033, 1325076, 469494, 3064603)
(1269427, 1325076, 469494, 3063997)
(1269035, 1325076, 469494, 3063605)
(1268327, 1325076, 469494, 3062897)
(1267820, 1325076, 469494, 3062390)
(1267807, 1325076, 469494, 3062377)
(1267228, 1325076, 469494, 3061798)
(1266823, 1325076, 469494, 3061393)
(1266739, 1325076, 469494, 3061309)
(1266074, 1325076, 469494, 3060644)
(1265740, 1325076, 469494, 3060310)
(1265364, 1325076, 469494, 3059934)
(1265015, 1325076, 469494, 3059585)
(1264673, 1325076, 469494, 3059243)
(1263525, 1325076, 469494, 3058095)
(1263086, 1325076, 469494, 3057656)
(1262814, 1325076, 469494, 3057384)
(1262542, 1325076, 469494, 3057112)
(1262019, 1325076, 469494, 3056589)
(1261477, 1325076, 469494, 3056047)
(1261010, 1325076, 469494, 3055580)
(1260522, 1325076, 469494, 3055092)
(1260069, 1325076, 469494, 3054639)
(1259571, 1325076, 469494, 3054141)
(1258454, 1325076, 469494, 3053024)
(1258164, 1325076, 469494, 3052734)
(1257710, 1325076, 469494, 3052280)
(1256880, 1325076, 469494, 3051450)
(1256130, 1325076, 469494, 3050700)
(1256003, 1325076, 469494, 3050573)
(1255191, 1325076, 469494, 3049761)
(1254090, 1325076, 469494, 3048660)
(1253732, 1325076, 469494, 3048302)
(1252926, 1325076, 469494, 3047496)
(1252001, 1325076, 469494, 3046571)
(1251247, 1325076, 469494, 3045817)
(1250884, 1325076, 469494, 3045454)
(1250704, 1325076, 469494, 3045274)
(1249754, 1325076, 469494, 3044324)
(1249246, 1325076, 469494, 3043816)
(1249213, 1325076, 469494, 3043783)
(1248660, 1325076, 469494, 3043230)
(1247876, 1325076, 469494, 3042446)
(1247753, 1325076, 469494, 3042323)
(1247017, 1325076, 469494, 3041587)
(1246003, 1325076, 469494, 3040573)
(1245466, 1325076, 469494, 3040036)
(1245392, 1325076, 469494, 3039962)
(1244672, 1325076, 469494, 3039242)
(1243777, 1325076, 469494, 3038347)
(1242872, 1325076, 469494, 3037442)
(1242595, 1325076, 469494, 3037165)
(1241749, 1325076, 469494, 3036319)
(1241190, 1325076, 469494, 3035760)
(1240958, 1325076, 469494, 3035528)
(1240864, 1325076, 469494, 3035434)
(1240651, 1325076, 469494, 3035221)
(1240301, 1325076, 469494, 3034871)
(1239785, 1325076, 469494, 3034355)
(1238911, 1325076, 469494, 3033481)
(1238336, 1325076, 469494, 3032906)
(1238142, 1325076, 469494, 3032712)
(1237222, 1325076, 469494, 3031792)
(1236327, 1325076, 469494, 3030897)
(1235613, 1325076, 469494, 3030183)
(1235001, 1325076, 469494, 3029571)
(1234421, 1325076, 469494, 3028991)
(1234297, 1325076, 469494, 3028867)
(1233193, 1325076, 469494, 3027763)
(1233095, 1325076, 469494, 3027665)
(1232467, 1325076, 469494, 3027037)
(1231893, 1325076, 469494, 3026463)
(1230800, 1325076, 469494, 3025370)
(1230445, 1325076, 469494, 3025015)
(1229804, 1325076, 469494, 3024374)
(1228861, 1325076, 469494, 3023431)
(1228005, 1325076, 469494, 3022575)
(1227994, 1325076, 469494, 3022564)
(1227084, 1325076, 469494, 3021654)
(1226068, 1325076, 469494, 3020638)
(1225222, 1325076, 469494, 3019792)
(1224563, 1325076, 469494, 3019133)
(1224079, 1325076, 469494, 3018649)
(1223698, 1325076, 469494, 3018268)
(1223277, 1325076, 469494, 3017847)
(1222605, 1325076, 469494, 3017175)
(1222604, 1325076, 469494, 3017174)
(1222321, 1325076, 469494, 3016891)
(1221609, 1325076, 469494, 3016179)
(1221086, 1325076, 469494, 3015656)
(1221085, 1325076, 469494, 3015655)
(1220060, 1325076, 469494, 3014630)
(1219518, 1325076, 469494, 3014088)
(1218770, 1325076, 469494, 3013340)
(1218294, 1325076, 469494, 3012864)
(1217245, 1325076, 469494, 3011815)
(1216847, 1325076, 469494, 3011417)
(1215893, 1325076, 469494, 3010463)
(1215440, 1325076, 469494, 3010010)
(1215254, 1325076, 469494, 3009824)
(1214711, 1325076, 469494, 3009281)
(1214585, 1325076, 469494, 3009155)
(1213753, 1325076, 469494, 3008323)
(1213752, 1325076, 469494, 3008322)
(1213367, 1325076, 469494, 3007937)
(1212279, 1325076, 469494, 3006849)
(1211711, 1325076, 469494, 3006281)
(1211412, 1325076, 469494, 3005982)
(1210589, 1325076, 469494, 3005159)
(1210551, 1325076, 469494, 3005121)
(1209945, 1325076, 469494, 3004515)
(1209584, 1325076, 469494, 3004154)
(1208429, 1325076, 469494, 3002999)
(1207738, 1325076, 469494, 3002308)
(1206944, 1325076, 469494, 3001514)
(1206360, 1325076, 469494, 3000930)
(1206223, 1325076, 469494, 3000793)
(1205545, 1325076, 469494, 3000115)
(1204865, 1325076, 469494, 2999435)
(1203925, 1325076, 469494, 2998495)
(1202880, 1325076, 469494, 2997450)
(1202548, 1325076, 469494, 2997118)
(1202030, 1325076, 469494, 2996600)
(1201496, 1325076, 469494, 2996066)
(1201022, 1325076, 469494, 2995592)
(1200818, 1325076, 469494, 2995388)
(1199929, 1325076, 469494, 2994499)
(1199296, 1325076, 469494, 2993866)
(1198793, 1325076, 469494, 2993363)
(1198489, 1325076, 469494, 2993059)
(1198267, 1325076, 469494, 2992837)
(1197845, 1325076, 469494, 2992415)
(1197810, 1325076, 469494, 2992380)
(1197167, 1325076, 469494, 2991737)
(1196608, 1325076, 469494, 2991178)
(1196084, 1325076, 469494, 2990654)
(1195032, 1325076, 469494, 2989602)
(1194577, 1325076, 469494, 2989147)
(1194356, 1325076, 469494, 2988926)
(1193445, 1325076, 469494, 2988015)
(1192656, 1325076, 469494, 2987226)
(1192052, 1325076, 469494, 2986622)
(1191755, 1325076, 469494, 2986325)
(1191530, 1325076, 469494, 2986100)
(1191244, 1325076, 469494, 2985814)
(1190603, 1325076, 469494, 2985173)
(1190495, 1325076, 469494, 2985065)
(1189604, 1325076, 469494, 2984174)
(1188638, 1325076, 469494, 2983208)
(1188637, 1325076, 469494, 2983207)
(1188375, 1325076, 469494, 2982945)
(1187422, 1325076, 469494, 2981992)
(1186286, 1325076, 469494, 2980856)
(1185587, 1325076, 469494, 2980157)
(1185344, 1325076, 469494, 2979914)
(1185100, 1325076, 469494, 2979670)
(1185012, 1325076, 469494, 2979582)
(1184739, 1325076, 469494, 2979309)
(1183840, 1325076, 469494, 2978410)
(1183265, 1325076, 469494, 2977835)
(1183160, 1325076, 469494, 2977730)
(1182430, 1325076, 469494, 2977000)
(1182170, 1325076, 469494, 2976740)
(1181164, 1325076, 469494, 2975734)
(1180651, 1325076, 469494, 2975221)
(1180112, 1325076, 469494, 2974682)
(1179736, 1325076, 469494, 2974306)
(1178733, 1325076, 469494, 2973303)
(1178635, 1325076, 469494, 2973205)
(1178385, 1325076, 469494, 2972955)
(1177525, 1325076, 469494, 2972095)
(1177097, 1325076, 469494, 2971667)
(1176752, 1325076, 469494, 2971322)
(1176170, 1325076, 469494, 2970740)
(1175096, 1325076, 469494, 2969666)
(1174553, 1325076, 469494, 2969123)
(1174156, 1325076, 469494, 2968726)
(1173716, 1325076, 469494, 2968286)
(1173607, 1325076, 469494, 2968177)
(1173240, 1325076, 469494, 2967810)
(1172969, 1325076, 469494, 2967539)
(1172769, 1325076, 469494, 2967339)
(1171949, 1325076, 469494, 2966519)
(1171524, 1325076, 469494, 2966094)
(1170805, 1325076, 469494, 2965375)
(1170598, 1325076, 469494, 2965168)
(1170597, 1325076, 469494, 2965167)
(1170390, 1325076, 469494, 2964960)
(1170158, 1325076, 469494, 2964728)
(1169364, 1325076, 469494, 2963934)
(1168460, 1325076, 469494, 2963030)
(1167495, 1325076, 469494, 2962065)
(1167376, 1325076, 469494, 2961946)
(1166797, 1325076, 469494, 2961367)
(1166642, 1325076, 469494, 2961212)
(1166386, 1325076, 469494, 2960956)
(1165777, 1325076, 469494, 2960347)
(1165614, 1325076, 469494, 2960184)
(1165613, 1325076, 469494, 2960183)
(1164991, 1325076, 469494, 2959561)
(1164590, 1325076, 469494, 2959160)
(1163484, 1325076, 469494, 2958054)
(1162386, 1325076, 469494, 2956956)
(1161665, 1325076, 469494, 2956235)
(1161226, 1325076, 469494, 2955796)
(1160440, 1325076, 469494, 2955010)
(1159672, 1325076, 469494, 2954242)
(1159671, 1325076, 469494, 2954241)
(1158842, 1325076, 469494, 2953412)
(1157991, 1325076, 469494, 2952561)
(1157635, 1325076, 469494, 2952205)
(1157082, 1325076, 469494, 2951652)
(1156478, 1325076, 469494, 2951048)
(1155596, 1325076, 469494, 2950166)
(1154568, 1325076, 469494, 2949138)
(1153884, 1325076, 469494, 2948454)
(1153802, 1325076, 469494, 2948372)
(1153216, 1325076, 469494, 2947786)
(1152718, 1325076, 469494, 2947288)
(1152006, 1325076, 469494, 2946576)
(1151546, 1325076, 469494, 2946116)
(1150713, 1325076, 469494, 2945283)
(1150184, 1325076, 469494, 2944754)
(1150183, 1325076, 469494, 2944753)
(1149562, 1325076, 469494, 2944132)
(1149419, 1325076, 469494, 2943989)
(1149067, 1325076, 469494, 2943637)
(1148212, 1325076, 469494, 2942782)
(1147708, 1325076, 469494, 2942278)
(1146836, 1325076, 469494, 2941406)
(1145837, 1325076, 469494, 2940407)
(1145134, 1325076, 469494, 2939704)
(1144880, 1325076, 469494, 2939450)
(1143903, 1325076, 469494, 2938473)
(1143429, 1325076, 469494, 2937999)
(1142594, 1325076, 469494, 2937164)
(1142113, 1325076, 469494, 2936683)
(1142112, 1325076, 469494, 2936682)
(1141979, 1325076, 469494, 2936549)
(1141978, 1325076, 469494, 2936548)
(1141382, 1325076, 469494, 2935952)
(1140828, 1325076, 469494, 2935398)
(1140032, 1325076, 469494, 2934602)
(1138890, 1325076, 469494, 2933460)
(1138566, 1325076, 469494, 2933136)
(1138407, 1325076, 469494, 2932977)
(1138209, 1325076, 469494, 2932779)
(1137530, 1325076, 469494, 2932100)
(1137418, 1325076, 469494, 2931988)
(1136937, 1325076, 469494, 2931507)
(1136786, 1325076, 469494, 2931356)
(1136174, 1325076, 469494, 2930744)
(1135519, 1325076, 469494, 2930089)
(1135255, 1325076, 469494, 2929825)
(1134942, 1325076, 469494, 2929512)
(1133979, 1325076, 469494, 2928549)
(1133449, 1325076, 469494, 2928019)
(1133074, 1325076, 469494, 2927644)
(1132717, 1325076, 469494, 2927287)
(1132380, 1325076, 469494, 2926950)
(1131983, 1325076, 469494, 2926553)
(1131461, 1325076, 469494, 2926031)
(1130601, 1325076, 469494, 2925171)
(1129584, 1325076, 469494, 2924154)
(1129334, 1325076, 469494, 2923904)
(1128949, 1325076, 469494, 2923519)
(1128299, 1325076, 469494, 2922869)
(1127719, 1325076, 469494, 2922289)
(1127526, 1325076, 469494, 2922096)
(1127314, 1325076, 469494, 2921884)
(1127074, 1325076, 469494, 2921644)
(1126608, 1325076, 469494, 2921178)
(1126032, 1325076, 469494, 2920602)
(1125887, 1325076, 469494, 2920457)
(1125637, 1325076, 469494, 2920207)
(1125138, 1325076, 469494, 2919708)
(1124736, 1325076, 469494, 2919306)
(1123767, 1325076, 469494, 2918337)
(1123564, 1325076, 469494, 2918134)
(1123086, 1325076, 469494, 2917656)
(1122643, 1325076, 469494, 2917213)
(1122546, 1325076, 469494, 2917116)
(1122324, 1325076, 469494, 2916894)
(1121931, 1325076, 469494, 2916501)
(1121907, 1325076, 469494, 2916477)
(1121119, 1325076, 469494, 2915689)
(1120277, 1325076, 469494, 2914847)
(1119351, 1325076, 469494, 2913921)
(1119350, 1325076, 469494, 2913920)
(1118657, 1325076, 469494, 2913227)
(1118180, 1325076, 469494, 2912750)
(1117522, 1325076, 469494, 2912092)
(1117268, 1325076, 469494, 2911838)
(1116958, 1325076, 469494, 2911528)
(1116155, 1325076, 469494, 2910725)
(1115156, 1325076, 469494, 2909726)
(1114261, 1325076, 469494, 2908831)
(1113004, 1325076, 469494, 2907574)
(1112152, 1325076, 469494, 2906722)
(1111011, 1325076, 469494, 2905581)
(1110576, 1325076, 469494, 2905146)
(1109486, 1325076, 469494, 2904056)
(1109179, 1325076, 469494, 2903749)
(1109006, 1325076, 469494, 2903576)
(1108146, 1325076, 469494, 2902716)
(1107501, 1325076, 469494, 2902071)
(1106815, 1325076, 469494, 2901385)
(1106428, 1325076, 469494, 2900998)
(1106427, 1325076, 469494, 2900997)
(1105998, 1325076, 469494, 2900568)
(1105584, 1325076, 469494, 2900154)
(1105046, 1325076, 469494, 2899616)
(1104808, 1325076, 469494, 2899378)
(1104257, 1325076, 469494, 2898827)
(1103528, 1325076, 469494, 2898098)
(1102603, 1325076, 469494, 2897173)
(1101776, 1325076, 469494, 2896346)
(1101166, 1325076, 469494, 2895736)
(1100778, 1325076, 469494, 2895348)
(1099898, 1325076, 469494, 2894468)
(1099053, 1325076, 469494, 2893623)
(1098229, 1325076, 469494, 2892799)
(1097666, 1325076, 469494, 2892236)
(1096684, 1325076, 469494, 2891254)
(1095601, 1325076, 469494, 2890171)
(1095520, 1325076, 469494, 2890090)
(1095273, 1325076, 469494, 2889843)
(1094773, 1325076, 469494, 2889343)
(1094152, 1325076, 469494, 2888722)
(1093712, 1325076, 469494, 2888282)
(1093603, 1325076, 469494, 2888173)
(1092728, 1325076, 469494, 2887298)
(1092448, 1325076, 469494, 2887018)
(1092226, 1325076, 469494, 2886796)
(1091916, 1325076, 469494, 2886486)
(1091769, 1325076, 469494, 2886339)
(1091376, 1325076, 469494, 2885946)
(1090530, 1325076, 469494, 2885100)
(1090185, 1325076, 469494, 2884755)
(1089766, 1325076, 469494, 2884336)
(1089017, 1325076, 469494, 2883587)
(1088239, 1325076, 469494, 2882809)
(1087700, 1325076, 469494, 2882270)
(1086951, 1325076, 469494, 2881521)
(1086049, 1325076, 469494, 2880619)
(1085121, 1325076, 469494, 2879691)
(1084128, 1325076, 469494, 2878698)
(1083521, 1325076, 469494, 2878091)
(1083093, 1325076, 469494, 2877663)
(1082456, 1325076, 469494, 2877026)
(1081957, 1325076, 469494, 2876527)
(1081225, 1325076, 469494, 2875795)
(1081224, 1325076, 469494, 2875794)
(1081139, 1325076, 469494, 2875709)
(1080760, 1325076, 469494, 2875330)
(1080291, 1325076, 469494, 2874861)
(1079858, 1325076, 469494, 2874428)
(1078984, 1325076, 469494, 2873554)
(1078475, 1325076, 469494, 2873045)
(1077703, 1325076, 469494, 2872273)
(1077255, 1325076, 469494, 2871825)
(1076422, 1325076, 469494, 2870992)
(1075962, 1325076, 469494, 2870532)
(1075933, 1325076, 469494, 2870503)
(1075256, 1325076, 469494, 2869826)
(1074300, 1325076, 469494, 2868870)
(1073819, 1325076, 469494, 2868389)
(1073497, 1325076, 469494, 2868067)
(1072610, 1325076, 469494, 2867180)
(1072249, 1325076, 469494, 2866819)
(1071463, 1325076, 469494, 2866033)
(1071280, 1325076, 469494, 2865850)
(1070853, 1325076, 469494, 2865423)
(1069982, 1325076, 469494, 2864552)
(1069314, 1325076, 469494, 2863884)
(1068432, 1325076, 469494, 2863002)
(1068087, 1325076, 469494, 2862657)
(1068086, 1325076, 469494, 2862656)
(1067804, 1325076, 469494, 2862374)
(1067107, 1325076, 469494, 2861677)
(1066486, 1325076, 469494, 2861056)
(1066070, 1325076, 469494, 2860640)
(1065310, 1325076, 469494, 2859880)
(1064399, 1325076, 469494, 2858969)
(1063495, 1325076, 469494, 2858065)
(1062957, 1325076, 469494, 2857527)
(1062490, 1325076, 469494, 2857060)
(1061592, 1325076, 469494, 2856162)
(1061199, 1325076, 469494, 2855769)
(1060382, 1325076, 469494, 2854952)
(1059625, 1325076, 469494, 2854195)
(1058887, 1325076, 469494, 2853457)
(1058309, 1325076, 469494, 2852879)
(1057958, 1325076, 469494, 2852528)
(1057821, 1325076, 469494, 2852391)
(1057028, 1325076, 469494, 2851598)
(1056158, 1325076, 469494, 2850728)
(1055829, 1325076, 469494, 2850399)
(1055408, 1325076, 469494, 2849978)
(1055199, 1325076, 469494, 2849769)
(1054599, 1325076, 469494, 2849169)
(1054145, 1325076, 469494, 2848715)
(1053289, 1325076, 469494, 2847859)
(1052626, 1325076, 469494, 2847196)
(1052077, 1325076, 469494, 2846647)
(1051562, 1325076, 469494, 2846132)
(1050766, 1325076, 469494, 2845336)
(1049930, 1325076, 469494, 2844500)
(1049583, 1325076, 469494, 2844153)
(1049152, 1325076, 469494, 2843722)
(1048974, 1325076, 469494, 2843544)
(1048002, 1325076, 469494, 2842572)
(1046813, 1325076, 469494, 2841383)
(1046461, 1325076, 469494, 2841031)
(1045977, 1325076, 469494, 2840547)
(1045583, 1325076, 469494, 2840153)
(1045433, 1325076, 469494, 2840003)
(1044953, 1325076, 469494, 2839523)
(1044920, 1325076, 469494, 2839490)
(1044331, 1325076, 469494, 2838901)
(1043749, 1325076, 469494, 2838319)
(1042996, 1325076, 469494, 2837566)
(1042613, 1325076, 469494, 2837183)
(1041923, 1325076, 469494, 2836493)
(1041570, 1325076, 469494, 2836140)
(1041516, 1325076, 469494, 2836086)
(1040806, 1325076, 469494, 2835376)
(1039980, 1325076, 469494, 2834550)
(1039976, 1325076, 469494, 2834546)
(1039301, 1325076, 469494, 2833871)
(1038189, 1325076, 469494, 2832759)
(1037672, 1325076, 469494, 2832242)
(1037272, 1325076, 469494, 2831842)
(1036987, 1325076, 469494, 2831557)
(1036431, 1325076, 469494, 2831001)
(1036265, 1325076, 469494, 2830835)
(1035515, 1325076, 469494, 2830085)
(1034907, 1325076, 469494, 2829477)
(1033799, 1325076, 469494, 2828369)
(1033335, 1325076, 469494, 2827905)
(1033198, 1325076, 469494, 2827768)
(1032587, 1325076, 469494, 2827157)
(1032201, 1325076, 469494, 2826771)
(1031374, 1325076, 469494, 2825944)
(1031017, 1325076, 469494, 2825587)
(1030627, 1325076, 469494, 2825197)
(1030030, 1325076, 469494, 2824600)
(1029291, 1325076, 469494, 2823861)
(1028662, 1325076, 469494, 2823232)
(1028335, 1325076, 469494, 2822905)
(1027525, 1325076, 469494, 2822095)
(1027014, 1325076, 469494, 2821584)
(1026462, 1325076, 469494, 2821032)
(1026017, 1325076, 469494, 2820587)
(1025303, 1325076, 469494, 2819873)
(1024671, 1325076, 469494, 2819241)
(1023810, 1325076, 469494, 2818380)
(1023809, 1325076, 469494, 2818379)
(1023686, 1325076, 469494, 2818256)
(1022957, 1325076, 469494, 2817527)
(1022853, 1325076, 469494, 2817423)
(1022403, 1325076, 469494, 2816973)
(1021654, 1325076, 469494, 2816224)
(1021542, 1325076, 469494, 2816112)
(1021117, 1325076, 469494, 2815687)
(1020812, 1325076, 469494, 2815382)
(1019814, 1325076, 469494, 2814384)
(1019527, 1325076, 469494, 2814097)
(1019386, 1325076, 469494, 2813956)
(1019159, 1325076, 469494, 2813729)
(1018802, 1325076, 469494, 2813372)
(1018582, 1325076, 469494, 2813152)
(1018005, 1325076, 469494, 2812575)
(1017284, 1325076, 469494, 2811854)
(1016476, 1325076, 469494, 2811046)
(1016274, 1325076, 469494, 2810844)
(1015308, 1325076, 469494, 2809878)
(1014250, 1325076, 469494, 2808820)
(1013999, 1325076, 469494, 2808569)
(1012822, 1325076, 469494, 2807392)
(1012301, 1325076, 469494, 2806871)
(1012079, 1325076, 469494, 2806649)
(1011430, 1325076, 469494, 2806000)
(1011035, 1325076, 469494, 2805605)
(1010108, 1325076, 469494, 2804678)
(1009721, 1325076, 469494, 2804291)
(1009429, 1325076, 469494, 2803999)
(1008598, 1325076, 469494, 2803168)
(1008065, 1325076, 469494, 2802635)
(1007533, 1325076, 469494, 2802103)
(1007234, 1325076, 469494, 2801804)
(1006507, 1325076, 469494, 2801077)
(1006283, 1325076, 469494, 2800853)
(1006122, 1325076, 469494, 2800692)
(1005002, 1325076, 469494, 2799572)
(1005001, 1325076, 469494, 2799571)
(1004629, 1325076, 469494, 2799199)
(1004628, 1325076, 469494, 2799198)
(1004246, 1325076, 469494, 2798816)
(1004179, 1325076, 469494, 2798749)
(1003288, 1325076, 469494, 2797858)
(1003247, 1325076, 469494, 2797817)
(1002948, 1325076, 469494, 2797518)
(1002457, 1325076, 469494, 2797027)
(1002134, 1325076, 469494, 2796704)
(1001735, 1325076, 469494, 2796305)
(1001109, 1325076, 469494, 2795679)
(1000140, 1325076, 469494, 2794710)
(999915, 1325076, 469494, 2794485)
(999572, 1325076, 469494, 2794142)
(999373, 1325076, 469494, 2793943)
(999303, 1325076, 469494, 2793873)
(998370, 1325076, 469494, 2792940)
(997979, 1325076, 469494, 2792549)
(997142, 1325076, 469494, 2791712)
(996949, 1325076, 469494, 2791519)
(996487, 1325076, 469494, 2791057)
(996007, 1325076, 469494, 2790577)
(995460, 1325076, 469494, 2790030)
(994564, 1325076, 469494, 2789134)
(994377, 1325076, 469494, 2788947)
(993944, 1325076, 469494, 2788514)
(993148, 1325076, 469494, 2787718)
(992983, 1325076, 469494, 2787553)
(992307, 1325076, 469494, 2786877)
