(1601724, 1483822, 471333, 3556879)
(1601426, 1483822, 471333, 3556581)
(1600702, 1483822, 471333, 3555857)
(1600674, 1483822, 471333, 3555829)
(1600009, 1483822, 471333, 3555164)
(1599332, 1483822, 471333, 3554487)
(1598882, 1483822, 471333, 3554037)
(1598224, 1483822, 471333, 3553379)
(1597734, 1483822, 471333, 3552889)
(1596664, 1483822, 471333, 3551819)
(1596539, 1483822, 471333, 3551694)
(1595621, 1483822, 471333, 3550776)
(1594835, 1483822, 471333, 3549990)
(1594261, 1483822, 471333, 3549416)
(1593808, 1483822, 471333, 3548963)
(1593482, 1483822, 471333, 3548637)
(1592729, 1483822, 471333, 3547884)
(1592728, 1483822, 471333, 3547883)
(1592627, 1483822, 471333, 3547782)
(1591983, 1483822, 471333, 3547138)
(1591230, 1483822, 471333, 3546385)
(1590567, 1483822, 471333, 3545722)
(1590399, 1483822, 471333, 3545554)
(1590344, 1483822, 471333, 3545499)
(1590282, 1483822, 471333, 3545437)
(1589420, 1483822, 471333, 3544575)
(1589160, 1483822, 471333, 3544315)
(1588175, 1483822, 471333, 3543330)
(1587803, 1483822, 471333, 3542958)
(1587689, 1483822, 471333, 3542844)
(1587268, 1483822, 471333, 3542423)
(1586871, 1483822, 471333, 3542026)
(1586556, 1483822, 471333, 3541711)
(1586185, 1483822, 471333, 3541340)
(1585801, 1483822, 471333, 3540956)
(1585611, 1483822, 471333, 3540766)
(1584838, 1483822, 471333, 3539993)
(1584606, 1483822, 471333, 3539761)
(1583504, 1483822, 471333, 3538659)
(1582886, 1483822, 471333, 3538041)
(1582412, 1483822, 471333, 3537567)
(1581229, 1483822, 471333, 3536384)
(1580363, 1483822, 471333, 3535518)
(1579063, 1483822, 471333, 3534218)
(1578282, 1483822, 471333, 3533437)
(1577727, 1483822, 471333, 3532882)
(1576904, 1483822, 471333, 3532059)
(1575612, 1483822, 471333, 3530767)
(1574939, 1483822, 471333, 3530094)
(1574569, 1483822, 471333, 3529724)
(1574234, 1483822, 471333, 3529389)
(1573304, 1483822, 471333, 3528459)
(1572820, 1483822, 471333, 3527975)
(1572186, 1483822, 471333, 3527341)
(1571750, 1483822, 471333, 3526905)
(1570831, 1483822, 471333, 3525986)
(1570292, 1483822, 471333, 3525447)
(1569863, 1483822, 471333, 3525018)
(1569604, 1483822, 471333, 3524759)
(1569067, 1483822, 471333, 3524222)
(1568528, 1483822, 471333, 3523683)
(1568246, 1483822, 471333, 3523401)
(1567729, 1483822, 471333, 3522884)
(1567168, 1483822, 471333, 3522323)
(1566873, 1483822, 471333, 3522028)
(1566796, 1483822, 471333, 3521951)
(1566105, 1483822, 471333, 3521260)
(1565728, 1483822, 471333, 3520883)
(1565248, 1483822, 471333, 3520403)
(1564534, 1483822, 471333, 3519689)
(1564129, 1483822, 471333, 3519284)
(1564128, 1483822, 471333, 3519283)
(1563284, 1483822, 471333, 3518439)
(1563190, 1483822, 471333, 3518345)
(1563065, 1483822, 471333, 3518220)
(1562315, 1483822, 471333, 3517470)
(1561584, 1483822, 471333, 3516739)
(1561084, 1483822, 471333, 3516239)
(1560561, 1483822, 471333, 3515716)
(1560304, 1483822, 471333, 3515459)
(1559701, 1483822, 471333, 3514856)
(1559073, 1483822, 471333, 3514228)
(1558434, 1483822, 471333, 3513589)
(1558180, 1483822, 471333, 3513335)
(1557426, 1483822, 471333, 3512581)
(1557425, 1483822, 471333, 3512580)
(1556524, 1483822, 471333, 3511679)
(1555764, 1483822, 471333, 3510919)
(1555666, 1483822, 471333, 3510821)
(1555214, 1483822, 471333, 3510369)
(1554814, 1483822, 471333, 3509969)
(1554556, 1483822, 471333, 3509711)
(1553978, 1483822, 471333, 3509133)
(1553429, 1483822, 471333, 3508584)
(1552518, 1483822, 471333, 3507673)
(1552186, 1483822, 471333, 3507341)
(1551478, 1483822, 471333, 3506633)
(1550717, 1483822, 471333, 3505872)
(1550309, 1483822, 471333, 3505464)
(1549486, 1483822, 471333, 3504641)
(1549237, 1483822, 471333, 3504392)
(1548669, 1483822, 471333, 3503824)
(1548144, 1483822, 471333, 3503299)
(1547326, 1483822, 471333, 3502481)
(1546671, 1483822, 471333, 3501826)
(1546286, 1483822, 471333, 3501441)
(1546078, 1483822, 471333, 3501233)
(1545403, 1483822, 471333, 3500558)
(1545254, 1483822, 471333, 3500409)
(1544634, 1483822, 471333, 3499789)
(1544048, 1483822, 471333, 3499203)
(1543977, 1483822, 471333, 3499132)
(1543296, 1483822, 471333, 3498451)
(1542634, 1483822, 471333, 3497789)
(1542226, 1483822, 471333, 3497381)
(1541229, 1483822, 471333, 3496384)
(1540412, 1483822, 471333, 3495567)
(1539777, 1483822, 471333, 3494932)
(1539348, 1483822, 471333, 3494503)
(1538555, 1483822, 471333, 3493710)
(1537722, 1483822, 471333, 3492877)
(1537076, 1483822, 471333, 3492231)
(1536687, 1483822, 471333, 3491842)
(1535765, 1483822, 471333, 3490920)
(1535540, 1483822, 471333, 3490695)
(1534692, 1483822, 471333, 3489847)
(1533724, 1483822, 471333, 3488879)
(1532948, 1483822, 471333, 3488103)
(1532749, 1483822, 471333, 3487904)
(1532279, 1483822, 471333, 3487434)
(1531903, 1483822, 471333, 3487058)
(1531020, 1483822, 471333, 3486175)
(1530073, 1483822, 471333, 3485228)
(1528725, 1483822, 471333, 3483880)
(1528299, 1483822, 471333, 3483454)
(1527578, 1483822, 471333, 3482733)
(1527196, 1483822, 471333, 3482351)
(1526887, 1483822, 471333, 3482042)
(1525977, 1483822, 471333, 3481132)
(1524968, 1483822, 471333, 3480123)
(1524204, 1483822, 471333, 3479359)
(1523653, 1483822, 471333, 3478808)
(1523062, 1483822, 471333, 3478217)
(1522102, 1483822, 471333, 3477257)
(1521675, 1483822, 471333, 3476830)
(1521651, 1483822, 471333, 3476806)
(1521411, 1483822, 471333, 3476566)
(1521042, 1483822, 471333, 3476197)
(1520987, 1483822, 471333, 3476142)
(1520075, 1483822, 471333, 3475230)
(1520074, 1483822, 471333, 3475229)
(1519882, 1483822, 471333, 3475037)
(1519347, 1483822, 471333, 3474502)
(1519272, 1483822, 471333, 3474427)
(1518912, 1483822, 471333, 3474067)
(1518525, 1483822, 471333, 3473680)
(1517489, 1483822, 471333, 3472644)
(1516742, 1483822, 471333, 3471897)
(1516091, 1483822, 471333, 3471246)
(1515926, 1483822, 471333, 3471081)
(1515571, 1483822, 471333, 3470726)
(1515004, 1483822, 471333, 3470159)
(1514894, 1483822, 471333, 3470049)
(1514383, 1483822, 471333, 3469538)
(1513921, 1483822, 471333, 3469076)
(1513647, 1483822, 471333, 3468802)
(1513261, 1483822, 471333, 3468416)
(1513049, 1483822, 471333, 3468204)
(1512377, 1483822, 471333, 3467532)
(1511470, 1483822, 471333, 3466625)
(1511004, 1483822, 471333, 3466159)
(1511003, 1483822, 471333, 3466158)
(1509956, 1483822, 471333, 3465111)
(1509602, 1483822, 471333, 3464757)
(1508466, 1483822, 471333, 3463621)
(1508210, 1483822, 471333, 3463365)
(1507903, 1483822, 471333, 3463058)
(1506848, 1483822, 471333, 3462003)
(1506334, 1483822, 471333, 3461489)
(1505624, 1483822, 471333, 3460779)
(1505478, 1483822, 471333, 3460633)
(1504724, 1483822, 471333, 3459879)
(1504145, 1483822, 471333, 3459300)
(1503325, 1483822, 471333, 3458480)
(1502950, 1483822, 471333, 3458105)
(1502807, 1483822, 471333, 3457962)
(1502238, 1483822, 471333, 3457393)
(1501917, 1483822, 471333, 3457072)
(1501153, 1483822, 471333, 3456308)
(1500580, 1483822, 471333, 3455735)
(1499916, 1483822, 471333, 3455071)
(1499156, 1483822, 471333, 3454311)
(1498758, 1483822, 471333, 3453913)
(1498713, 1483822, 471333, 3453868)
(1498406, 1483822, 471333, 3453561)
(1497664, 1483822, 471333, 3452819)
(1497099, 1483822, 471333, 3452254)
(1496426, 1483822, 471333, 3451581)
(1495620, 1483822, 471333, 3450775)
(1495481, 1483822, 471333, 3450636)
(1494756, 1483822, 471333, 3449911)
(1494001, 1483822, 471333, 3449156)
(1493252, 1483822, 471333, 3448407)
(1492204, 1483822, 471333, 3447359)
(1491702, 1483822, 471333, 3446857)
(1491090, 1483822, 471333, 3446245)
(1490710, 1483822, 471333, 3445865)
(1490040, 1483822, 471333, 3445195)
(1489795, 1483822, 471333, 3444950)
(1489478, 1483822, 471333, 3444633)
(1488717, 1483822, 471333, 3443872)
(1487893, 1483822, 471333, 3443048)
(1487392, 1483822, 471333, 3442547)
(1487106, 1483822, 471333, 3442261)
(1486782, 1483822, 471333, 3441937)
(1486548, 1483822, 471333, 3441703)
(1485755, 1483822, 471333, 3440910)
(1485736, 1483822, 471333, 3440891)
(1485127, 1483822, 471333, 3440282)
(1484758, 1483822, 471333, 3439913)
(1484197, 1483822, 471333, 3439352)
(1483796, 1483822, 471333, 3438951)
(1483743, 1483822, 471333, 3438898)
(1483611, 1483822, 471333, 3438766)
(1483315, 1483822, 471333, 3438470)
(1482644, 1483822, 471333, 3437799)
(1481864, 1483822, 471333, 3437019)
(1481674, 1483822, 471333, 3436829)
(1481241, 1483822, 471333, 3436396)
(1480763, 1483822, 471333, 3435918)
(1480449, 1483822, 471333, 3435604)
(1479767, 1483822, 471333, 3434922)
(1479049, 1483822, 471333, 3434204)
(1478165, 1483822, 471333, 3433320)
(1477763, 1483822, 471333, 3432918)
(1477706, 1483822, 471333, 3432861)
(1477539, 1483822, 471333, 3432694)
(1477032, 1483822, 471333, 3432187)
(1476857, 1483822, 471333, 3432012)
(1476830, 1483822, 471333, 3431985)
(1476336, 1483822, 471333, 3431491)
(1475738, 1483822, 471333, 3430893)
(1474956, 1483822, 471333, 3430111)
(1474322, 1483822, 471333, 3429477)
(1473617, 1483822, 471333, 3428772)
(1473616, 1483822, 471333, 3428771)
(1473466, 1483822, 471333, 3428621)
(1472659, 1483822, 471333, 3427814)
(1472077, 1483822, 471333, 3427232)
(1471411, 1483822, 471333, 3426566)
(1470732, 1483822, 471333, 3425887)
(1470346, 1483822, 471333, 3425501)
(1469701, 1483822, 471333, 3424856)
(1469525, 1483822, 471333, 3424680)
(1468905, 1483822, 471333, 3424060)
(1468379, 1483822, 471333, 3423534)
(1467289, 1483822, 471333, 3422444)
(1466982, 1483822, 471333, 3422137)
(1466411, 1483822, 471333, 3421566)
(1465728, 1483822, 471333, 3420883)
(1465314, 1483822, 471333, 3420469)
(1464777, 1483822, 471333, 3419932)
(1464258, 1483822, 471333, 3419413)
(1463594, 1483822, 471333, 3418749)
(1462445, 1483822, 471333, 3417600)
(1462156, 1483822, 471333, 3417311)
(1461763, 1483822, 471333, 3416918)
(1461430, 1483822, 471333, 3416585)
(1460914, 1483822, 471333, 3416069)
(1460627, 1483822, 471333, 3415782)
(1460070, 1483822, 471333, 3415225)
(1459473, 1483822, 471333, 3414628)
(1458850, 1483822, 471333, 3414005)
(1458394, 1483822, 471333, 3413549)
(1458046, 1483822, 471333, 3413201)
(1457449, 1483822, 471333, 3412604)
(1457301, 1483822, 471333, 3412456)
(1456296, 1483822, 471333, 3411451)
(1455712, 1483822, 471333, 3410867)
(1454713, 1483822, 471333, 3409868)
(1454415, 1483822, 471333, 3409570)
(1453979, 1483822, 471333, 3409134)
(1453569, 1483822, 471333, 3408724)
(1452997, 1483822, 471333, 3408152)
(1452919, 1483822, 471333, 3408074)
(1452550, 1483822, 471333, 3407705)
(1451669, 1483822, 471333, 3406824)
(1450851, 1483822, 471333, 3406006)
(1450051, 1483822, 471333, 3405206)
(1450050, 1483822, 471333, 3405205)
(1449555, 1483822, 471333, 3404710)
(1448576, 1483822, 471333, 3403731)
(1448259, 1483822, 471333, 3403414)
(1447920, 1483822, 471333, 3403075)
(1447501, 1483822, 471333, 3402656)
(1446697, 1483822, 471333, 3401852)
(1446074, 1483822, 471333, 3401229)
(1445755, 1483822, 471333, 3400910)
(1445237, 1483822, 471333, 3400392)
(1444371, 1483822, 471333, 3399526)
(1444257, 1483822, 471333, 3399412)
(1443963, 1483822, 471333, 3399118)
(1443705, 1483822, 471333, 3398860)
(1442934, 1483822, 471333, 3398089)
(1442626, 1483822, 471333, 3397781)
(1442373, 1483822, 471333, 3397528)
(1441353, 1483822, 471333, 3396508)
(1440840, 1483822, 471333, 3395995)
(1440721, 1483822, 471333, 3395876)
(1440533, 1483822, 471333, 3395688)
(1440210, 1483822, 471333, 3395365)
(1439913, 1483822, 471333, 3395068)
(1439623, 1483822, 471333, 3394778)
(1438856, 1483822, 471333, 3394011)
(1438746, 1483822, 471333, 3393901)
(1438496, 1483822, 471333, 3393651)
(1437873, 1483822, 471333, 3393028)
(1437215, 1483822, 471333, 3392370)
(1437091, 1483822, 471333, 3392246)
(1436808, 1483822, 471333, 3391963)
(1436769, 1483822, 471333, 3391924)
(1436422, 1483822, 471333, 3391577)
(1436265, 1483822, 471333, 3391420)
(1435860, 1483822, 471333, 3391015)
(1435733, 1483822, 471333, 3390888)
(1435216, 1483822, 471333, 3390371)
(1434955, 1483822, 471333, 3390110)
(1434634, 1483822, 471333, 3389789)
(1434165, 1483822, 471333, 3389320)
(1433211, 1483822, 471333, 3388366)
(1432535, 1483822, 471333, 3387690)
(1431553, 1483822, 471333, 3386708)
(1430211, 1483822, 471333, 3385366)
(1429336, 1483822, 471333, 3384491)
(1428294, 1483822, 471333, 3383449)
(1427918, 1483822, 471333, 3383073)
(1427655, 1483822, 471333, 3382810)
(1426830, 1483822, 471333, 3381985)
(1425884, 1483822, 471333, 3381039)
(1425731, 1483822, 471333, 3380886)
(1425474, 1483822, 471333, 3380629)
(1424762, 1483822, 471333, 3379917)
(1424256, 1483822, 471333, 3379411)
(1423678, 1483822, 471333, 3378833)
(1423255, 1483822, 471333, 3378410)
(1422758, 1483822, 471333, 3377913)
(1422636, 1483822, 471333, 3377791)
(1421629, 1483822, 471333, 3376784)
(1421028, 1483822, 471333, 3376183)
(1420386, 1483822, 471333, 3375541)
(1419473, 1483822, 471333, 3374628)
(1419394, 1483822, 471333, 3374549)
(1418531, 1483822, 471333, 3373686)
(1418150, 1483822, 471333, 3373305)
(1417394, 1483822, 471333, 3372549)
(1416597, 1483822, 471333, 3371752)
(1415916, 1483822, 471333, 3371071)
(1415751, 1483822, 471333, 3370906)
(1415750, 1483822, 471333, 3370905)
(1415354, 1483822, 471333, 3370509)
(1414848, 1483822, 471333, 3370003)
(1413833, 1483822, 471333, 3368988)
(1413181, 1483822, 471333, 3368336)
(1412932, 1483822, 471333, 3368087)
(1412423, 1483822, 471333, 3367578)
(1412358, 1483822, 471333, 3367513)
(1412108, 1483822, 471333, 3367263)
(1411690, 1483822, 471333, 3366845)
(1411644, 1483822, 471333, 3366799)
(1410951, 1483822, 471333, 3366106)
(1410620, 1483822, 471333, 3365775)
(1410619, 1483822, 471333, 3365774)
(1410319, 1483822, 471333, 3365474)
(1409821, 1483822, 471333, 3364976)
(1408870, 1483822, 471333, 3364025)
(1408091, 1483822, 471333, 3363246)
(1407329, 1483822, 471333, 3362484)
(1407029, 1483822, 471333, 3362184)
(1406802, 1483822, 471333, 3361957)
(1406049, 1483822, 471333, 3361204)
(1405565, 1483822, 471333, 3360720)
(1405000, 1483822, 471333, 3360155)
(1404431, 1483822, 471333, 3359586)
(1403583, 1483822, 471333, 3358738)
(1403006, 1483822, 471333, 3358161)
(1401735, 1483822, 471333, 3356890)
(1401659, 1483822, 471333, 3356814)
(1401302, 1483822, 471333, 3356457)
(1401013, 1483822, 471333, 3356168)
(1400861, 1483822, 471333, 3356016)
(1400284, 1483822, 471333, 3355439)
(1399959, 1483822, 471333, 3355114)
(1399641, 1483822, 471333, 3354796)
(1399589, 1483822, 471333, 3354744)
(1398765, 1483822, 471333, 3353920)
(1398514, 1483822, 471333, 3353669)
(1397646, 1483822, 471333, 3352801)
(1396651, 1483822, 471333, 3351806)
(1396055, 1483822, 471333, 3351210)
(1395094, 1483822, 471333, 3350249)
(1394532, 1483822, 471333, 3349687)
(1393985, 1483822, 471333, 3349140)
(1393713, 1483822, 471333, 3348868)
(1392836, 1483822, 471333, 3347991)
(1392253, 1483822, 471333, 3347408)
(1392170, 1483822, 471333, 3347325)
(1391732, 1483822, 471333, 3346887)
(1390748, 1483822, 471333, 3345903)
(1390269, 1483822, 471333, 3345424)
(1389890, 1483822, 471333, 3345045)
(1389751, 1483822, 471333, 3344906)
(1388850, 1483822, 471333, 3344005)
(1388687, 1483822, 471333, 3343842)
(1388326, 1483822, 471333, 3343481)
(1387628, 1483822, 471333, 3342783)
(1387627, 1483822, 471333, 3342782)
(1386604, 1483822, 471333, 3341759)
(1386603, 1483822, 471333, 3341758)
(1385942, 1483822, 471333, 3341097)
(1385360, 1483822, 471333, 3340515)
(1384997, 1483822, 471333, 3340152)
(1384087, 1483822, 471333, 3339242)
(1383650, 1483822, 471333, 3338805)
(1382962, 1483822, 471333, 3338117)
(1382588, 1483822, 471333, 3337743)
(1382402, 1483822, 471333, 3337557)
(1382289, 1483822, 471333, 3337444)
(1381952, 1483822, 471333, 3337107)
(1381458, 1483822, 471333, 3336613)
(1380776, 1483822, 471333, 3335931)
(1380452, 1483822, 471333, 3335607)
(1379862, 1483822, 471333, 3335017)
(1379434, 1483822, 471333, 3334589)
(1378677, 1483822, 471333, 3333832)
(1378091, 1483822, 471333, 3333246)
(1377740, 1483822, 471333, 3332895)
(1377488, 1483822, 471333, 3332643)
(1376865, 1483822, 471333, 3332020)
(1376655, 1483822, 471333, 3331810)
(1376265, 1483822, 471333, 3331420)
(1375471, 1483822, 471333, 3330626)
(1374822, 1483822, 471333, 3329977)
(1374782, 1483822, 471333, 3329937)
(1374429, 1483822, 471333, 3329584)
(1373882, 1483822, 471333, 3329037)
(1373136, 1483822, 471333, 3328291)
(1372285, 1483822, 471333, 3327440)
(1371696, 1483822, 471333, 3326851)
(1371008, 1483822, 471333, 3326163)
(1370699, 1483822, 471333, 3325854)
(1370648, 1483822, 471333, 3325803)
(1369937, 1483822, 471333, 3325092)
(1369908, 1483822, 471333, 3325063)
(1369497, 1483822, 471333, 3324652)
(1368870, 1483822, 471333, 3324025)
(1368415, 1483822, 471333, 3323570)
(1367702, 1483822, 471333, 3322857)
(1366838, 1483822, 471333, 3321993)
(1366404, 1483822, 471333, 3321559)
(1366040, 1483822, 471333, 3321195)
(1365390, 1483822, 471333, 3320545)
(1364967, 1483822, 471333, 3320122)
(1364703, 1483822, 471333, 3319858)
(1364198, 1483822, 471333, 3319353)
(1363578, 1483822, 471333, 3318733)
(1363220, 1483822, 471333, 3318375)
(1362082, 1483822, 471333, 3317237)
(1361539, 1483822, 471333, 3316694)
(1361143, 1483822, 471333, 3316298)
(1360182, 1483822, 471333, 3315337)
(1359474, 1483822, 471333, 3314629)
(1358822, 1483822, 471333, 3313977)
(1358062, 1483822, 471333, 3313217)
(1357139, 1483822, 471333, 3312294)
(1356083, 1483822, 471333, 3311238)
(1355976, 1483822, 471333, 3311131)
(1355975, 1483822, 471333, 3311130)
(1355087, 1483822, 471333, 3310242)
(1355006, 1483822, 471333, 3310161)
(1354024, 1483822, 471333, 3309179)
(1353460, 1483822, 471333, 3308615)
(1352617, 1483822, 471333, 3307772)
(1352236, 1483822, 471333, 3307391)
(1351647, 1483822, 471333, 3306802)
(1350954, 1483822, 471333, 3306109)
(1350407, 1483822, 471333, 3305562)
(1349737, 1483822, 471333, 3304892)
(1349630, 1483822, 471333, 3304785)
(1348906, 1483822, 471333, 3304061)
(1348338, 1483822, 471333, 3303493)
(1347812, 1483822, 471333, 3302967)
(1347039, 1483822, 471333, 3302194)
(1346572, 1483822, 471333, 3301727)
(1345905, 1483822, 471333, 3301060)
(1345461, 1483822, 471333, 3300616)
(1344317, 1483822, 471333, 3299472)
(1343732, 1483822, 471333, 3298887)
(1343139, 1483822, 471333, 3298294)
(1342745, 1483822, 471333, 3297900)
(1341742, 1483822, 471333, 3296897)
(1340809, 1483822, 471333, 3295964)
(1340512, 1483822, 471333, 3295667)
(1339858, 1483822, 471333, 3295013)
(1339514, 1483822, 471333, 3294669)
(1339193, 1483822, 471333, 3294348)
(1338599, 1483822, 471333, 3293754)
(1337869, 1483822, 471333, 3293024)
(1336997, 1483822, 471333, 3292152)
(1336317, 1483822, 471333, 3291472)
(1335792, 1483822, 471333, 3290947)
(1335410, 1483822, 471333, 3290565)
(1335095, 1483822, 471333, 3290250)
(1334802, 1483822, 471333, 3289957)
(1334200, 1483822, 471333, 3289355)
(1333874, 1483822, 471333, 3289029)
(1333283, 1483822, 471333, 3288438)
(1332827, 1483822, 471333, 3287982)
(1332595, 1483822, 471333, 3287750)
(1331977, 1483822, 471333, 3287132)
(1331498, 1483822, 471333, 3286653)
(1330750, 1483822, 471333, 3285905)
(1329951, 1483822, 471333, 3285106)
(1329562, 1483822, 471333, 3284717)
(1328783, 1483822, 471333, 3283938)
(1328395, 1483822, 471333, 3283550)
(1327600, 1483822, 471333, 3282755)
(1326893, 1483822, 471333, 3282048)
(1326415, 1483822, 471333, 3281570)
(1326101, 1483822, 471333, 3281256)
(1325544, 1483822, 471333, 3280699)
(1324738, 1483822, 471333, 3279893)
(1324105, 1483822, 471333, 3279260)
(1323567, 1483822, 471333, 3278722)
(1322923, 1483822, 471333, 3278078)
(1322326, 1483822, 471333, 3277481)
(1322161, 1483822, 471333, 3277316)
(1321924, 1483822, 471333, 3277079)
(1321219, 1483822, 471333, 3276374)
(1320479, 1483822, 471333, 3275634)
(1320095, 1483822, 471333, 3275250)
(1319617, 1483822, 471333, 3274772)
(1319616, 1483822, 471333, 3274771)
(1318867, 1483822, 471333, 3274022)
(1318368, 1483822, 471333, 3273523)
(1318180, 1483822, 471333, 3273335)
(1318026, 1483822, 471333, 3273181)
(1317920, 1483822, 471333, 3273075)
(1317379, 1483822, 471333, 3272534)
(1317233, 1483822, 471333, 3272388)
(1317031, 1483822, 471333, 3272186)
(1316748, 1483822, 471333, 3271903)
(1315704, 1483822, 471333, 3270859)
(1315301, 1483822, 471333, 3270456)
(1314843, 1483822, 471333, 3269998)
(1314725, 1483822, 471333, 3269880)
(1314301, 1483822, 471333, 3269456)
(1314186, 1483822, 471333, 3269341)
(1313801, 1483822, 471333, 3268956)
(1313282, 1483822, 471333, 3268437)
(1312863, 1483822, 471333, 3268018)
(1312555, 1483822, 471333, 3267710)
(1312197, 1483822, 471333, 3267352)
(1311651, 1483822, 471333, 3266806)
(1311200, 1483822, 471333, 3266355)
(1310702, 1483822, 471333, 3265857)
(1309903, 1483822, 471333, 3265058)
(1309194, 1483822, 471333, 3264349)
(1308609, 1483822, 471333, 3263764)
(1307734, 1483822, 471333, 3262889)
(1307183, 1483822, 471333, 3262338)
(1306700, 1483822, 471333, 3261855)
(1305918, 1483822, 471333, 3261073)
(1305914, 1483822, 471333, 3261069)
(1305063, 1483822, 471333, 3260218)
(1304093, 1483822, 471333, 3259248)
(1303364, 1483822, 471333, 3258519)
(1303028, 1483822, 471333, 3258183)
(1302398, 1483822, 471333, 3257553)
(1301759, 1483822, 471333, 3256914)
(1301139, 1483822, 471333, 3256294)
(1300184, 1483822, 471333, 3255339)
(1299675, 1483822, 471333, 3254830)
(1299446, 1483822, 471333, 3254601)
