(2360788, 2273678, 486990, 5121456)
(2349308, 2273678, 486990, 5109976)
(2252323, 2362442, 486990, 5101755)
(2305431, 2300500, 486990, 5092921)
(2250658, 2337640, 486990, 5075288)
(2010939, 2568030, 486990, 5065959)
(1900346, 2671144, 486990, 5058480)
(1777678, 2761346, 486990, 5026014)
(1679707, 2836686, 486990, 5003383)
(1577635, 2937426, 486990, 5002051)
(4363690, 625964, 286784, 5276438)
(4247095, 719956, 285968, 5253019)
(4247091, 719956, 285968, 5253015)
(4158822, 796144, 285968, 5240934)
(2166568, 2556772, 445557, 5168897)
(2093757, 2609342, 445557, 5148656)
(2044755, 2638302, 445557, 5128614)
(1911623, 2762040, 445557, 5119220)
(1915408, 2747596, 445557, 5108561)
(1861581, 2774860, 445557, 5081998)
(4700270, 373432, 256723, 5330425)
(4634054, 418148, 256723, 5308925)
(4583981, 462336, 256723, 5303040)
(4549090, 479132, 256723, 5284945)
(4438060, 547438, 256723, 5242221)
(4438202, 543300, 256723, 5238225)
(4347286, 629352, 256723, 5233361)
(4217343, 746372, 256723, 5220438)
(4313665, 634270, 256723, 5204658)
(2174649, 2576428, 445557, 5196634)
(4961898, 188842, 77200, 5227940)
(2343560, 2466570, 445557, 5255687)
