(1511200, 1709072, 501031, 3721303)
(1562162, 1634982, 501031, 3698175)
(1469493, 1711692, 501031, 3682216)
(1360215, 1799012, 501031, 3660258)
(1335802, 1801016, 501031, 3637849)
(1236054, 1862378, 501031, 3599463)
(1151023, 1937622, 501031, 3589676)
(1100336, 1977632, 501031, 3578999)
(1122045, 1951610, 501031, 3574686)
(1001489, 2055286, 501031, 3557806)
(3075874, 458716, 366544, 3901134)
(3020620, 499870, 366544, 3887034)
(2975509, 531456, 366544, 3873509)
(2935861, 563964, 366544, 3866369)
(1488725, 1755564, 494918, 3739207)
(1380198, 1825806, 494918, 3700922)
(1284837, 1888774, 494918, 3668529)
(1201564, 1948844, 494918, 3645326)
(1181599, 1963386, 494918, 3639903)
(1178016, 1963386, 494918, 3636320)
(3245367, 385088, 268038, 3898493)
(3152479, 458648, 268038, 3879165)
(3157355, 450080, 268038, 3875473)
(3084659, 494788, 268038, 3847485)
(3045699, 524334, 268038, 3838071)
(3045699, 524334, 268038, 3838071)
(2953762, 576116, 268038, 3797916)
(2953548, 576116, 268038, 3797702)
(2857797, 646326, 268038, 3772161)
(1438682, 1789582, 494918, 3723182)
(3666248, 75734, 42044, 3784026)
(3606246, 102910, 42044, 3751200)
(3526884, 156762, 42044, 3725690)
(3411116, 226950, 42044, 3680110)
(3313726, 294072, 42044, 3649842)
(3265032, 317332, 42044, 3624408)
(3224371, 341802, 42044, 3608217)
(3222617, 341802, 42044, 3606463)
(3188349, 365326, 42044, 3595719)
(3156352, 381872, 42044, 3580268)
(3156040, 381872, 257545, 3795457)
(3091351, 439240, 257545, 3788136)
(3091351, 439240, 257545, 3788136)
(3054842, 456786, 257545, 3769173)
(3575273, 121596, 42044, 3738913)
(3532147, 149758, 42044, 3723949)
(3436230, 206872, 42044, 3685146)
(3344269, 274798, 42044, 3661111)
(3703166, 47890, 42044, 3793100)
