(2042442, 1945986, 529177, 4517605)
(2041698, 1945986, 529177, 4516861)
(2041197, 1945986, 529177, 4516360)
(2040883, 1945986, 529177, 4516046)
(2040207, 1945986, 529177, 4515370)
(2039899, 1945986, 529177, 4515062)
(2039098, 1945986, 529177, 4514261)
(2038361, 1945986, 529177, 4513524)
(2038171, 1945986, 529177, 4513334)
(2037543, 1945986, 529177, 4512706)
(2037058, 1945986, 529177, 4512221)
(2036698, 1945986, 529177, 4511861)
(2036024, 1945986, 529177, 4511187)
(2035950, 1945986, 529177, 4511113)
(2035488, 1945986, 529177, 4510651)
(2035006, 1945986, 529177, 4510169)
(2034895, 1945986, 529177, 4510058)
(2034341, 1945986, 529177, 4509504)
(2034211, 1945986, 529177, 4509374)
(2033756, 1945986, 529177, 4508919)
(2033186, 1945986, 529177, 4508349)
(2032909, 1945986, 529177, 4508072)
(2032661, 1945986, 529177, 4507824)
(2031883, 1945986, 529177, 4507046)
(2031077, 1945986, 529177, 4506240)
(2030548, 1945986, 529177, 4505711)
(2030318, 1945986, 529177, 4505481)
(2029909, 1945986, 529177, 4505072)
(2029278, 1945986, 529177, 4504441)
(2028984, 1945986, 529177, 4504147)
(2028202, 1945986, 529177, 4503365)
(2028201, 1945986, 529177, 4503364)
(2027867, 1945986, 529177, 4503030)
(2027590, 1945986, 529177, 4502753)
(2027369, 1945986, 529177, 4502532)
(2026549, 1945986, 529177, 4501712)
(2025748, 1945986, 529177, 4500911)
(2025364, 1945986, 529177, 4500527)
(2024605, 1945986, 529177, 4499768)
(2024526, 1945986, 529177, 4499689)
(2023855, 1945986, 529177, 4499018)
(2023051, 1945986, 529177, 4498214)
(2022482, 1945986, 529177, 4497645)
(2022315, 1945986, 529177, 4497478)
(2021875, 1945986, 529177, 4497038)
(2021144, 1945986, 529177, 4496307)
(2020404, 1945986, 529177, 4495567)
(2020381, 1945986, 529177, 4495544)
(2020118, 1945986, 529177, 4495281)
(2019114, 1945986, 529177, 4494277)
(2018349, 1945986, 529177, 4493512)
(2017822, 1945986, 529177, 4492985)
(2017311, 1945986, 529177, 4492474)
(2016624, 1945986, 529177, 4491787)
(2015809, 1945986, 529177, 4490972)
(2015673, 1945986, 529177, 4490836)
(2014988, 1945986, 529177, 4490151)
(2014703, 1945986, 529177, 4489866)
(2014153, 1945986, 529177, 4489316)
(2014083, 1945986, 529177, 4489246)
(2013560, 1945986, 529177, 4488723)
(2012907, 1945986, 529177, 4488070)
(2012761, 1945986, 529177, 4487924)
(2012274, 1945986, 529177, 4487437)
(2011491, 1945986, 529177, 4486654)
(2010984, 1945986, 529177, 4486147)
(2010292, 1945986, 529177, 4485455)
(2010135, 1945986, 529177, 4485298)
(2009466, 1945986, 529177, 4484629)
(2008483, 1945986, 529177, 4483646)
(2007691, 1945986, 529177, 4482854)
(2007027, 1945986, 529177, 4482190)
(2006174, 1945986, 529177, 4481337)
(2006045, 1945986, 529177, 4481208)
(2005203, 1945986, 529177, 4480366)
(2005018, 1945986, 529177, 4480181)
(2004360, 1945986, 529177, 4479523)
(2004142, 1945986, 529177, 4479305)
(2003699, 1945986, 529177, 4478862)
(2003015, 1945986, 529177, 4478178)
(2002604, 1945986, 529177, 4477767)
(2001701, 1945986, 529177, 4476864)
(2001172, 1945986, 529177, 4476335)
(2000305, 1945986, 529177, 4475468)
(1999977, 1945986, 529177, 4475140)
(1999153, 1945986, 529177, 4474316)
(1998656, 1945986, 529177, 4473819)
(1998512, 1945986, 529177, 4473675)
(1997391, 1945986, 529177, 4472554)
(1996522, 1945986, 529177, 4471685)
(1995773, 1945986, 529177, 4470936)
(1995458, 1945986, 529177, 4470621)
(1994941, 1945986, 529177, 4470104)
(1994773, 1945986, 529177, 4469936)
(1994451, 1945986, 529177, 4469614)
(1993838, 1945986, 529177, 4469001)
(1993293, 1945986, 529177, 4468456)
(1992557, 1945986, 529177, 4467720)
(1992333, 1945986, 529177, 4467496)
(1992301, 1945986, 529177, 4467464)
(1991651, 1945986, 529177, 4466814)
(1991223, 1945986, 529177, 4466386)
(1991222, 1945986, 529177, 4466385)
(1990677, 1945986, 529177, 4465840)
(1990000, 1945986, 529177, 4465163)
(1989472, 1945986, 529177, 4464635)
(1988739, 1945986, 529177, 4463902)
(1988327, 1945986, 529177, 4463490)
(1987911, 1945986, 529177, 4463074)
(1987418, 1945986, 529177, 4462581)
(1986434, 1945986, 529177, 4461597)
(1986016, 1945986, 529177, 4461179)
(1985345, 1945986, 529177, 4460508)
(1984963, 1945986, 529177, 4460126)
(1984236, 1945986, 529177, 4459399)
(1983967, 1945986, 529177, 4459130)
(1983376, 1945986, 529177, 4458539)
(1982516, 1945986, 529177, 4457679)
(1982070, 1945986, 529177, 4457233)
(1981627, 1945986, 529177, 4456790)
(1981098, 1945986, 529177, 4456261)
(1980383, 1945986, 529177, 4455546)
(1979698, 1945986, 529177, 4454861)
(1979268, 1945986, 529177, 4454431)
(1978968, 1945986, 529177, 4454131)
(1978901, 1945986, 529177, 4454064)
(1978528, 1945986, 529177, 4453691)
(1977711, 1945986, 529177, 4452874)
(1976732, 1945986, 529177, 4451895)
(1976058, 1945986, 529177, 4451221)
(1975540, 1945986, 529177, 4450703)
(1975095, 1945986, 529177, 4450258)
(1974472, 1945986, 529177, 4449635)
(1973956, 1945986, 529177, 4449119)
(1973434, 1945986, 529177, 4448597)
(1973293, 1945986, 529177, 4448456)
(1972757, 1945986, 529177, 4447920)
(1972596, 1945986, 529177, 4447759)
(1972064, 1945986, 529177, 4447227)
(1971672, 1945986, 529177, 4446835)
(1971377, 1945986, 529177, 4446540)
(1971050, 1945986, 529177, 4446213)
(1970474, 1945986, 529177, 4445637)
(1970132, 1945986, 529177, 4445295)
(1969426, 1945986, 529177, 4444589)
(1969028, 1945986, 529177, 4444191)
(1968818, 1945986, 529177, 4443981)
(1968250, 1945986, 529177, 4443413)
(1967925, 1945986, 529177, 4443088)
(1967030, 1945986, 529177, 4442193)
(1966758, 1945986, 529177, 4441921)
(1965821, 1945986, 529177, 4440984)
(1965188, 1945986, 529177, 4440351)
(1964919, 1945986, 529177, 4440082)
(1964426, 1945986, 529177, 4439589)
(1963589, 1945986, 529177, 4438752)
(1962831, 1945986, 529177, 4437994)
(1962521, 1945986, 529177, 4437684)
(1961721, 1945986, 529177, 4436884)
(1961453, 1945986, 529177, 4436616)
(1960850, 1945986, 529177, 4436013)
(1960030, 1945986, 529177, 4435193)
(1959302, 1945986, 529177, 4434465)
(1959050, 1945986, 529177, 4434213)
(1958523, 1945986, 529177, 4433686)
(1958256, 1945986, 529177, 4433419)
(1957655, 1945986, 529177, 4432818)
(1957515, 1945986, 529177, 4432678)
(1956856, 1945986, 529177, 4432019)
(1956569, 1945986, 529177, 4431732)
(1956199, 1945986, 529177, 4431362)
(1955909, 1945986, 529177, 4431072)
(1955641, 1945986, 529177, 4430804)
(1954809, 1945986, 529177, 4429972)
(1954396, 1945986, 529177, 4429559)
(1954226, 1945986, 529177, 4429389)
(1953611, 1945986, 529177, 4428774)
(1953075, 1945986, 529177, 4428238)
(1952479, 1945986, 529177, 4427642)
(1952154, 1945986, 529177, 4427317)
(1951449, 1945986, 529177, 4426612)
(1950687, 1945986, 529177, 4425850)
(1950426, 1945986, 529177, 4425589)
(1950183, 1945986, 529177, 4425346)
(1949635, 1945986, 529177, 4424798)
(1948804, 1945986, 529177, 4423967)
(1947879, 1945986, 529177, 4423042)
(1947492, 1945986, 529177, 4422655)
(1946475, 1945986, 529177, 4421638)
(1946325, 1945986, 529177, 4421488)
(1945627, 1945986, 529177, 4420790)
(1944948, 1945986, 529177, 4420111)
(1944364, 1945986, 529177, 4419527)
(1943606, 1945986, 529177, 4418769)
(1943430, 1945986, 529177, 4418593)
(1942662, 1945986, 529177, 4417825)
(1942132, 1945986, 529177, 4417295)
(1941639, 1945986, 529177, 4416802)
(1940857, 1945986, 529177, 4416020)
(1940671, 1945986, 529177, 4415834)
(1940556, 1945986, 529177, 4415719)
(1940031, 1945986, 529177, 4415194)
(1939515, 1945986, 529177, 4414678)
(1939171, 1945986, 529177, 4414334)
(1938811, 1945986, 529177, 4413974)
(1938644, 1945986, 529177, 4413807)
(1937911, 1945986, 529177, 4413074)
(1937206, 1945986, 529177, 4412369)
(1937033, 1945986, 529177, 4412196)
(1936108, 1945986, 529177, 4411271)
(1934968, 1945986, 529177, 4410131)
(1934167, 1945986, 529177, 4409330)
(1934013, 1945986, 529177, 4409176)
(1933247, 1945986, 529177, 4408410)
(1932570, 1945986, 529177, 4407733)
(1932406, 1945986, 529177, 4407569)
(1931971, 1945986, 529177, 4407134)
(1931521, 1945986, 529177, 4406684)
(1930780, 1945986, 529177, 4405943)
(1929950, 1945986, 529177, 4405113)
(1928902, 1945986, 529177, 4404065)
(1928622, 1945986, 529177, 4403785)
(1927898, 1945986, 529177, 4403061)
(1927709, 1945986, 529177, 4402872)
(1927455, 1945986, 529177, 4402618)
(1926576, 1945986, 529177, 4401739)
(1926329, 1945986, 529177, 4401492)
(1926249, 1945986, 529177, 4401412)
(1925736, 1945986, 529177, 4400899)
(1925081, 1945986, 529177, 4400244)
(1924799, 1945986, 529177, 4399962)
(1923987, 1945986, 529177, 4399150)
(1923010, 1945986, 529177, 4398173)
(1922229, 1945986, 529177, 4397392)
(1921677, 1945986, 529177, 4396840)
(1921279, 1945986, 529177, 4396442)
(1920850, 1945986, 529177, 4396013)
(1920176, 1945986, 529177, 4395339)
(1919749, 1945986, 529177, 4394912)
(1919200, 1945986, 529177, 4394363)
(1918497, 1945986, 529177, 4393660)
(1917997, 1945986, 529177, 4393160)
(1917725, 1945986, 529177, 4392888)
(1916767, 1945986, 529177, 4391930)
(1916043, 1945986, 529177, 4391206)
(1915814, 1945986, 529177, 4390977)
(1915411, 1945986, 529177, 4390574)
(1914832, 1945986, 529177, 4389995)
(1914309, 1945986, 529177, 4389472)
(1913788, 1945986, 529177, 4388951)
(1913429, 1945986, 529177, 4388592)
(1912482, 1945986, 529177, 4387645)
(1911889, 1945986, 529177, 4387052)
(1911088, 1945986, 529177, 4386251)
(1910190, 1945986, 529177, 4385353)
(1910039, 1945986, 529177, 4385202)
(1909648, 1945986, 529177, 4384811)
(1909210, 1945986, 529177, 4384373)
(1908962, 1945986, 529177, 4384125)
(1908756, 1945986, 529177, 4383919)
(1908395, 1945986, 529177, 4383558)
(1907812, 1945986, 529177, 4382975)
(1907199, 1945986, 529177, 4382362)
(1906999, 1945986, 529177, 4382162)
(1906014, 1945986, 529177, 4381177)
(1905449, 1945986, 529177, 4380612)
(1905102, 1945986, 529177, 4380265)
(1904896, 1945986, 529177, 4380059)
(1904315, 1945986, 529177, 4379478)
(1903670, 1945986, 529177, 4378833)
(1903029, 1945986, 529177, 4378192)
(1902419, 1945986, 529177, 4377582)
(1901979, 1945986, 529177, 4377142)
(1901536, 1945986, 529177, 4376699)
(1900809, 1945986, 529177, 4375972)
(1900104, 1945986, 529177, 4375267)
(1899784, 1945986, 529177, 4374947)
(1899226, 1945986, 529177, 4374389)
(1898772, 1945986, 529177, 4373935)
(1898666, 1945986, 529177, 4373829)
(1897785, 1945986, 529177, 4372948)
(1897034, 1945986, 529177, 4372197)
(1896454, 1945986, 529177, 4371617)
(1895755, 1945986, 529177, 4370918)
(1895578, 1945986, 529177, 4370741)
(1895512, 1945986, 529177, 4370675)
(1895246, 1945986, 529177, 4370409)
(1894469, 1945986, 529177, 4369632)
(1893494, 1945986, 529177, 4368657)
(1892820, 1945986, 529177, 4367983)
(1892111, 1945986, 529177, 4367274)
(1891449, 1945986, 529177, 4366612)
(1890838, 1945986, 529177, 4366001)
(1890285, 1945986, 529177, 4365448)
(1889705, 1945986, 529177, 4364868)
(1889072, 1945986, 529177, 4364235)
(1888868, 1945986, 529177, 4364031)
(1887952, 1945986, 529177, 4363115)
(1887452, 1945986, 529177, 4362615)
(1886779, 1945986, 529177, 4361942)
(1886543, 1945986, 529177, 4361706)
(1886174, 1945986, 529177, 4361337)
(1885657, 1945986, 529177, 4360820)
(1885031, 1945986, 529177, 4360194)
(1884690, 1945986, 529177, 4359853)
(1884153, 1945986, 529177, 4359316)
(1883602, 1945986, 529177, 4358765)
(1883313, 1945986, 529177, 4358476)
(1882624, 1945986, 529177, 4357787)
(1882039, 1945986, 529177, 4357202)
(1881652, 1945986, 529177, 4356815)
(1881401, 1945986, 529177, 4356564)
(1881032, 1945986, 529177, 4356195)
(1880409, 1945986, 529177, 4355572)
(1880211, 1945986, 529177, 4355374)
(1879765, 1945986, 529177, 4354928)
(1879423, 1945986, 529177, 4354586)
(1878865, 1945986, 529177, 4354028)
(1878353, 1945986, 529177, 4353516)
(1877798, 1945986, 529177, 4352961)
(1876944, 1945986, 529177, 4352107)
(1876179, 1945986, 529177, 4351342)
(1875630, 1945986, 529177, 4350793)
(1874569, 1945986, 529177, 4349732)
(1873355, 1945986, 529177, 4348518)
(1872691, 1945986, 529177, 4347854)
(1872192, 1945986, 529177, 4347355)
(1871754, 1945986, 529177, 4346917)
(1871315, 1945986, 529177, 4346478)
(1870771, 1945986, 529177, 4345934)
(1870202, 1945986, 529177, 4345365)
(1869194, 1945986, 529177, 4344357)
(1868468, 1945986, 529177, 4343631)
(1868221, 1945986, 529177, 4343384)
(1867579, 1945986, 529177, 4342742)
(1866768, 1945986, 529177, 4341931)
(1866651, 1945986, 529177, 4341814)
(1866227, 1945986, 529177, 4341390)
(1865839, 1945986, 529177, 4341002)
(1865020, 1945986, 529177, 4340183)
(1864875, 1945986, 529177, 4340038)
(1864350, 1945986, 529177, 4339513)
(1863580, 1945986, 529177, 4338743)
(1863574, 1945986, 529177, 4338737)
(1863163, 1945986, 529177, 4338326)
(1862572, 1945986, 529177, 4337735)
(1861948, 1945986, 529177, 4337111)
(1861126, 1945986, 529177, 4336289)
(1860967, 1945986, 529177, 4336130)
(1860548, 1945986, 529177, 4335711)
(1860270, 1945986, 529177, 4335433)
(1859477, 1945986, 529177, 4334640)
(1858590, 1945986, 529177, 4333753)
(1858446, 1945986, 529177, 4333609)
(1858243, 1945986, 529177, 4333406)
(1857343, 1945986, 529177, 4332506)
(1856428, 1945986, 529177, 4331591)
(1856083, 1945986, 529177, 4331246)
(1856082, 1945986, 529177, 4331245)
(1855749, 1945986, 529177, 4330912)
(1855148, 1945986, 529177, 4330311)
(1854536, 1945986, 529177, 4329699)
(1854256, 1945986, 529177, 4329419)
(1853933, 1945986, 529177, 4329096)
(1853636, 1945986, 529177, 4328799)
(1853108, 1945986, 529177, 4328271)
(1852614, 1945986, 529177, 4327777)
(1851871, 1945986, 529177, 4327034)
(1851414, 1945986, 529177, 4326577)
(1850915, 1945986, 529177, 4326078)
(1850321, 1945986, 529177, 4325484)
(1849931, 1945986, 529177, 4325094)
(1849626, 1945986, 529177, 4324789)
(1849395, 1945986, 529177, 4324558)
(1848317, 1945986, 529177, 4323480)
(1847628, 1945986, 529177, 4322791)
(1847315, 1945986, 529177, 4322478)
(1846593, 1945986, 529177, 4321756)
(1846005, 1945986, 529177, 4321168)
(1845555, 1945986, 529177, 4320718)
(1845122, 1945986, 529177, 4320285)
(1845072, 1945986, 529177, 4320235)
(1844304, 1945986, 529177, 4319467)
(1844154, 1945986, 529177, 4319317)
(1844072, 1945986, 529177, 4319235)
(1843534, 1945986, 529177, 4318697)
(1843097, 1945986, 529177, 4318260)
(1842901, 1945986, 529177, 4318064)
(1842134, 1945986, 529177, 4317297)
(1841279, 1945986, 529177, 4316442)
(1841123, 1945986, 529177, 4316286)
(1840058, 1945986, 529177, 4315221)
(1839535, 1945986, 529177, 4314698)
(1839031, 1945986, 529177, 4314194)
(1838919, 1945986, 529177, 4314082)
(1838381, 1945986, 529177, 4313544)
(1837824, 1945986, 529177, 4312987)
(1837370, 1945986, 529177, 4312533)
(1836599, 1945986, 529177, 4311762)
(1835548, 1945986, 529177, 4310711)
(1834740, 1945986, 529177, 4309903)
(1834237, 1945986, 529177, 4309400)
(1833690, 1945986, 529177, 4308853)
(1832941, 1945986, 529177, 4308104)
(1832360, 1945986, 529177, 4307523)
(1832163, 1945986, 529177, 4307326)
(1831321, 1945986, 529177, 4306484)
(1830773, 1945986, 529177, 4305936)
(1829849, 1945986, 529177, 4305012)
(1829100, 1945986, 529177, 4304263)
(1829087, 1945986, 529177, 4304250)
(1828380, 1945986, 529177, 4303543)
(1828087, 1945986, 529177, 4303250)
(1827798, 1945986, 529177, 4302961)
(1827491, 1945986, 529177, 4302654)
(1827289, 1945986, 529177, 4302452)
(1826886, 1945986, 529177, 4302049)
(1826394, 1945986, 529177, 4301557)
(1826000, 1945986, 529177, 4301163)
(1825053, 1945986, 529177, 4300216)
(1824950, 1945986, 529177, 4300113)
(1824219, 1945986, 529177, 4299382)
(1823458, 1945986, 529177, 4298621)
(1822972, 1945986, 529177, 4298135)
(1822276, 1945986, 529177, 4297439)
(1821459, 1945986, 529177, 4296622)
(1820426, 1945986, 529177, 4295589)
(1819896, 1945986, 529177, 4295059)
(1819504, 1945986, 529177, 4294667)
(1818981, 1945986, 529177, 4294144)
(1818258, 1945986, 529177, 4293421)
(1817385, 1945986, 529177, 4292548)
(1816543, 1945986, 529177, 4291706)
(1815502, 1945986, 529177, 4290665)
(1814723, 1945986, 529177, 4289886)
(1814527, 1945986, 529177, 4289690)
(1813657, 1945986, 529177, 4288820)
(1812930, 1945986, 529177, 4288093)
(1812275, 1945986, 529177, 4287438)
(1811330, 1945986, 529177, 4286493)
(1810410, 1945986, 529177, 4285573)
(1809913, 1945986, 529177, 4285076)
(1808915, 1945986, 529177, 4284078)
(1808481, 1945986, 529177, 4283644)
(1807608, 1945986, 529177, 4282771)
(1807190, 1945986, 529177, 4282353)
(1806663, 1945986, 529177, 4281826)
(1806309, 1945986, 529177, 4281472)
(1805358, 1945986, 529177, 4280521)
(1804792, 1945986, 529177, 4279955)
(1803980, 1945986, 529177, 4279143)
(1803369, 1945986, 529177, 4278532)
(1802865, 1945986, 529177, 4278028)
(1802239, 1945986, 529177, 4277402)
(1801806, 1945986, 529177, 4276969)
(1801244, 1945986, 529177, 4276407)
(1800875, 1945986, 529177, 4276038)
(1800645, 1945986, 529177, 4275808)
(1800014, 1945986, 529177, 4275177)
(1799602, 1945986, 529177, 4274765)
(1799361, 1945986, 529177, 4274524)
(1798973, 1945986, 529177, 4274136)
(1798005, 1945986, 529177, 4273168)
(1797600, 1945986, 529177, 4272763)
(1797099, 1945986, 529177, 4272262)
(1796870, 1945986, 529177, 4272033)
(1796661, 1945986, 529177, 4271824)
(1796394, 1945986, 529177, 4271557)
(1796030, 1945986, 529177, 4271193)
(1795303, 1945986, 529177, 4270466)
(1794404, 1945986, 529177, 4269567)
(1793505, 1945986, 529177, 4268668)
(1793238, 1945986, 529177, 4268401)
(1792435, 1945986, 529177, 4267598)
(1791740, 1945986, 529177, 4266903)
(1791187, 1945986, 529177, 4266350)
(1790919, 1945986, 529177, 4266082)
(1790292, 1945986, 529177, 4265455)
(1790034, 1945986, 529177, 4265197)
(1789399, 1945986, 529177, 4264562)
(1789240, 1945986, 529177, 4264403)
(1788836, 1945986, 529177, 4263999)
(1788413, 1945986, 529177, 4263576)
(1787926, 1945986, 529177, 4263089)
(1787357, 1945986, 529177, 4262520)
(1786594, 1945986, 529177, 4261757)
(1786147, 1945986, 529177, 4261310)
(1785302, 1945986, 529177, 4260465)
(1785229, 1945986, 529177, 4260392)
(1784798, 1945986, 529177, 4259961)
(1784112, 1945986, 529177, 4259275)
(1783852, 1945986, 529177, 4259015)
(1783333, 1945986, 529177, 4258496)
(1782444, 1945986, 529177, 4257607)
(1781664, 1945986, 529177, 4256827)
(1780805, 1945986, 529177, 4255968)
(1779805, 1945986, 529177, 4254968)
(1778842, 1945986, 529177, 4254005)
(1778223, 1945986, 529177, 4253386)
(1777917, 1945986, 529177, 4253080)
(1777181, 1945986, 529177, 4252344)
(1776445, 1945986, 529177, 4251608)
(1775841, 1945986, 529177, 4251004)
(1775230, 1945986, 529177, 4250393)
(1774334, 1945986, 529177, 4249497)
(1773835, 1945986, 529177, 4248998)
(1773275, 1945986, 529177, 4248438)
(1773047, 1945986, 529177, 4248210)
(1772703, 1945986, 529177, 4247866)
(1772063, 1945986, 529177, 4247226)
(1771486, 1945986, 529177, 4246649)
(1770781, 1945986, 529177, 4245944)
(1770547, 1945986, 529177, 4245710)
(1770298, 1945986, 529177, 4245461)
(1769417, 1945986, 529177, 4244580)
(1768505, 1945986, 529177, 4243668)
(1767672, 1945986, 529177, 4242835)
(1767230, 1945986, 529177, 4242393)
(1766603, 1945986, 529177, 4241766)
(1766241, 1945986, 529177, 4241404)
(1765825, 1945986, 529177, 4240988)
(1765457, 1945986, 529177, 4240620)
(1764995, 1945986, 529177, 4240158)
(1764170, 1945986, 529177, 4239333)
(1763697, 1945986, 529177, 4238860)
(1763594, 1945986, 529177, 4238757)
(1762746, 1945986, 529177, 4237909)
(1762261, 1945986, 529177, 4237424)
(1761375, 1945986, 529177, 4236538)
(1760618, 1945986, 529177, 4235781)
(1759667, 1945986, 529177, 4234830)
(1759394, 1945986, 529177, 4234557)
(1758937, 1945986, 529177, 4234100)
(1758493, 1945986, 529177, 4233656)
(1757964, 1945986, 529177, 4233127)
(1757813, 1945986, 529177, 4232976)
(1757039, 1945986, 529177, 4232202)
(1757038, 1945986, 529177, 4232201)
(1756332, 1945986, 529177, 4231495)
(1756065, 1945986, 529177, 4231228)
(1755739, 1945986, 529177, 4230902)
(1755349, 1945986, 529177, 4230512)
(1755292, 1945986, 529177, 4230455)
(1754908, 1945986, 529177, 4230071)
(1754543, 1945986, 529177, 4229706)
(1754290, 1945986, 529177, 4229453)
(1753745, 1945986, 529177, 4228908)
(1753379, 1945986, 529177, 4228542)
(1752539, 1945986, 529177, 4227702)
(1752188, 1945986, 529177, 4227351)
(1751255, 1945986, 529177, 4226418)
(1750572, 1945986, 529177, 4225735)
(1749778, 1945986, 529177, 4224941)
(1748936, 1945986, 529177, 4224099)
(1748029, 1945986, 529177, 4223192)
(1747494, 1945986, 529177, 4222657)
(1746551, 1945986, 529177, 4221714)
(1745714, 1945986, 529177, 4220877)
(1744875, 1945986, 529177, 4220038)
(1744287, 1945986, 529177, 4219450)
(1743314, 1945986, 529177, 4218477)
(1742828, 1945986, 529177, 4217991)
(1742556, 1945986, 529177, 4217719)
(1741942, 1945986, 529177, 4217105)
(1741816, 1945986, 529177, 4216979)
(1741287, 1945986, 529177, 4216450)
(1740806, 1945986, 529177, 4215969)
(1740251, 1945986, 529177, 4215414)
(1739814, 1945986, 529177, 4214977)
(1739582, 1945986, 529177, 4214745)
(1738676, 1945986, 529177, 4213839)
(1738167, 1945986, 529177, 4213330)
(1737348, 1945986, 529177, 4212511)
(1737337, 1945986, 529177, 4212500)
(1736156, 1945986, 529177, 4211319)
(1735633, 1945986, 529177, 4210796)
(1734951, 1945986, 529177, 4210114)
(1734515, 1945986, 529177, 4209678)
(1734357, 1945986, 529177, 4209520)
(1733394, 1945986, 529177, 4208557)
(1733310, 1945986, 529177, 4208473)
