(1980629, 1950064, 487886, 4418579)
(1871539, 2041680, 487886, 4401105)
(1757361, 2125150, 487886, 4370397)
(1773814, 2099344, 487886, 4361044)
(1696963, 2139246, 487886, 4324095)
(1593782, 2218276, 487886, 4299944)
(1583666, 2218276, 487886, 4289828)
(1470312, 2317382, 487886, 4275580)
(1515221, 2259996, 487886, 4263103)
(1381645, 2383684, 487886, 4253215)
(3729765, 496024, 342456, 4568245)
(3648227, 555952, 342456, 4546635)
(3648227, 555952, 342456, 4546635)
(3585967, 614140, 342456, 4542563)
(1746636, 2269265, 474255, 4490156)
(1775812, 2212482, 474255, 4462549)
(1658884, 2294530, 474255, 4427669)
(1565685, 2362312, 474255, 4402252)
(1481605, 2412350, 474255, 4368210)
(1481605, 2412350, 474255, 4368210)
(3996309, 348862, 281654, 4626825)
(3898708, 425804, 281654, 4606166)
(3815645, 487822, 281654, 4585121)
(3730641, 565830, 281654, 4578125)
(3729194, 565830, 281654, 4576678)
(3646003, 630010, 281654, 4557667)
(3531162, 714862, 281654, 4527678)
(3529019, 714862, 281654, 4525535)
(3414270, 785242, 281654, 4481166)
(3413159, 785242, 281654, 4480055)
(4038852, 364642, 104271, 4507765)
(4000231, 392390, 104271, 4496892)
(3899923, 463718, 104271, 4467912)
(3807737, 539298, 104271, 4451306)
(3740778, 591884, 104271, 4436933)
(3810694, 514090, 104271, 4429055)
(3673134, 633516, 104271, 4410921)
(3693768, 606338, 104271, 4404377)
(3444224, 842784, 104271, 4391279)
(3582496, 668818, 104271, 4355585)
(1929500, 2141182, 474255, 4544937)
