(1746510, 1609822, 672583, 4028915)
(1746329, 1609822, 672583, 4028734)
(1745555, 1609822, 672583, 4027960)
(1744981, 1609822, 672583, 4027386)
(1744446, 1609822, 672583, 4026851)
(1743810, 1609822, 672583, 4026215)
(1743499, 1609822, 672583, 4025904)
(1743026, 1609822, 672583, 4025431)
(1742400, 1609822, 672583, 4024805)
(1741748, 1609822, 672583, 4024153)
(1741283, 1609822, 672583, 4023688)
(1740864, 1609822, 672583, 4023269)
(1740292, 1609822, 672583, 4022697)
(1739668, 1609822, 672583, 4022073)
(1739270, 1609822, 672583, 4021675)
(1739136, 1609822, 672583, 4021541)
(1738714, 1609822, 672583, 4021119)
(1738070, 1609822, 672583, 4020475)
(1737647, 1609822, 672583, 4020052)
(1737349, 1609822, 672583, 4019754)
(1736791, 1609822, 672583, 4019196)
(1735968, 1609822, 672583, 4018373)
(1735385, 1609822, 672583, 4017790)
(1735089, 1609822, 672583, 4017494)
(1734595, 1609822, 672583, 4017000)
(1733970, 1609822, 672583, 4016375)
(1733558, 1609822, 672583, 4015963)
(1732777, 1609822, 672583, 4015182)
(1732696, 1609822, 672583, 4015101)
(1731876, 1609822, 672583, 4014281)
(1731391, 1609822, 672583, 4013796)
(1730851, 1609822, 672583, 4013256)
(1730465, 1609822, 672583, 4012870)
(1729728, 1609822, 672583, 4012133)
(1729027, 1609822, 672583, 4011432)
(1728562, 1609822, 672583, 4010967)
(1727584, 1609822, 672583, 4009989)
(1727499, 1609822, 672583, 4009904)
(1726839, 1609822, 672583, 4009244)
(1726069, 1609822, 672583, 4008474)
(1725880, 1609822, 672583, 4008285)
(1725045, 1609822, 672583, 4007450)
(1724457, 1609822, 672583, 4006862)
(1723871, 1609822, 672583, 4006276)
(1723668, 1609822, 672583, 4006073)
(1723138, 1609822, 672583, 4005543)
(1722359, 1609822, 672583, 4004764)
(1721931, 1609822, 672583, 4004336)
(1721334, 1609822, 672583, 4003739)
(1720707, 1609822, 672583, 4003112)
(1720149, 1609822, 672583, 4002554)
(1719421, 1609822, 672583, 4001826)
(1718999, 1609822, 672583, 4001404)
(1718210, 1609822, 672583, 4000615)
(1717760, 1609822, 672583, 4000165)
(1717295, 1609822, 672583, 3999700)
(1716563, 1609822, 672583, 3998968)
(1716108, 1609822, 672583, 3998513)
(1715884, 1609822, 672583, 3998289)
(1715790, 1609822, 672583, 3998195)
(1715602, 1609822, 672583, 3998007)
(1714901, 1609822, 672583, 3997306)
(1714362, 1609822, 672583, 3996767)
(1713668, 1609822, 672583, 3996073)
(1713079, 1609822, 672583, 3995484)
(1712740, 1609822, 672583, 3995145)
(1711651, 1609822, 672583, 3994056)
(1710572, 1609822, 672583, 3992977)
(1710355, 1609822, 672583, 3992760)
(1709809, 1609822, 672583, 3992214)
(1708917, 1609822, 672583, 3991322)
(1708401, 1609822, 672583, 3990806)
(1708033, 1609822, 672583, 3990438)
(1707359, 1609822, 672583, 3989764)
(1706911, 1609822, 672583, 3989316)
(1706078, 1609822, 672583, 3988483)
(1705672, 1609822, 672583, 3988077)
(1705227, 1609822, 672583, 3987632)
(1704951, 1609822, 672583, 3987356)
(1704207, 1609822, 672583, 3986612)
(1703805, 1609822, 672583, 3986210)
(1703192, 1609822, 672583, 3985597)
(1702914, 1609822, 672583, 3985319)
(1702494, 1609822, 672583, 3984899)
(1701818, 1609822, 672583, 3984223)
(1701409, 1609822, 672583, 3983814)
(1701210, 1609822, 672583, 3983615)
(1700946, 1609822, 672583, 3983351)
(1699907, 1609822, 672583, 3982312)
(1698818, 1609822, 672583, 3981223)
(1697967, 1609822, 672583, 3980372)
(1697105, 1609822, 672583, 3979510)
(1696731, 1609822, 672583, 3979136)
(1696074, 1609822, 672583, 3978479)
(1695547, 1609822, 672583, 3977952)
(1695345, 1609822, 672583, 3977750)
(1694676, 1609822, 672583, 3977081)
(1694532, 1609822, 672583, 3976937)
(1693839, 1609822, 672583, 3976244)
(1693188, 1609822, 672583, 3975593)
(1693058, 1609822, 672583, 3975463)
(1691933, 1609822, 672583, 3974338)
(1691386, 1609822, 672583, 3973791)
(1690854, 1609822, 672583, 3973259)
(1690266, 1609822, 672583, 3972671)
(1689473, 1609822, 672583, 3971878)
(1689185, 1609822, 672583, 3971590)
(1688167, 1609822, 672583, 3970572)
(1687531, 1609822, 672583, 3969936)
(1687402, 1609822, 672583, 3969807)
(1687077, 1609822, 672583, 3969482)
(1686303, 1609822, 672583, 3968708)
(1685217, 1609822, 672583, 3967622)
(1685216, 1609822, 672583, 3967621)
(1684862, 1609822, 672583, 3967267)
(1683908, 1609822, 672583, 3966313)
(1682803, 1609822, 672583, 3965208)
(1682104, 1609822, 672583, 3964509)
(1681325, 1609822, 672583, 3963730)
(1680789, 1609822, 672583, 3963194)
(1680422, 1609822, 672583, 3962827)
(1680275, 1609822, 672583, 3962680)
(1679675, 1609822, 672583, 3962080)
(1678864, 1609822, 672583, 3961269)
(1678572, 1609822, 672583, 3960977)
(1678161, 1609822, 672583, 3960566)
(1677513, 1609822, 672583, 3959918)
(1676860, 1609822, 672583, 3959265)
(1676170, 1609822, 672583, 3958575)
(1676133, 1609822, 672583, 3958538)
(1675980, 1609822, 672583, 3958385)
(1675268, 1609822, 672583, 3957673)
(1674426, 1609822, 672583, 3956831)
(1673737, 1609822, 672583, 3956142)
(1673270, 1609822, 672583, 3955675)
(1673073, 1609822, 672583, 3955478)
(1672652, 1609822, 672583, 3955057)
(1672064, 1609822, 672583, 3954469)
(1671937, 1609822, 672583, 3954342)
(1671718, 1609822, 672583, 3954123)
(1671078, 1609822, 672583, 3953483)
(1670275, 1609822, 672583, 3952680)
(1669844, 1609822, 672583, 3952249)
(1669395, 1609822, 672583, 3951800)
(1668966, 1609822, 672583, 3951371)
(1668683, 1609822, 672583, 3951088)
(1667727, 1609822, 672583, 3950132)
(1666802, 1609822, 672583, 3949207)
(1666371, 1609822, 672583, 3948776)
(1666190, 1609822, 672583, 3948595)
(1665856, 1609822, 672583, 3948261)
(1665063, 1609822, 672583, 3947468)
(1664427, 1609822, 672583, 3946832)
(1664128, 1609822, 672583, 3946533)
(1663400, 1609822, 672583, 3945805)
(1662830, 1609822, 672583, 3945235)
(1662383, 1609822, 672583, 3944788)
(1661860, 1609822, 672583, 3944265)
(1661513, 1609822, 672583, 3943918)
(1661132, 1609822, 672583, 3943537)
(1661037, 1609822, 672583, 3943442)
(1660459, 1609822, 672583, 3942864)
(1659581, 1609822, 672583, 3941986)
(1659557, 1609822, 672583, 3941962)
(1659141, 1609822, 672583, 3941546)
(1658778, 1609822, 672583, 3941183)
(1658184, 1609822, 672583, 3940589)
(1657243, 1609822, 672583, 3939648)
(1656561, 1609822, 672583, 3938966)
(1656275, 1609822, 672583, 3938680)
(1656039, 1609822, 672583, 3938444)
(1655391, 1609822, 672583, 3937796)
(1654835, 1609822, 672583, 3937240)
(1654316, 1609822, 672583, 3936721)
(1653578, 1609822, 672583, 3935983)
(1652894, 1609822, 672583, 3935299)
(1652129, 1609822, 672583, 3934534)
(1651551, 1609822, 672583, 3933956)
(1650689, 1609822, 672583, 3933094)
(1650325, 1609822, 672583, 3932730)
(1650110, 1609822, 672583, 3932515)
(1649556, 1609822, 672583, 3931961)
(1649180, 1609822, 672583, 3931585)
(1649032, 1609822, 672583, 3931437)
(1648274, 1609822, 672583, 3930679)
(1647843, 1609822, 672583, 3930248)
(1647753, 1609822, 672583, 3930158)
(1647311, 1609822, 672583, 3929716)
(1646982, 1609822, 672583, 3929387)
(1646981, 1609822, 672583, 3929386)
(1646346, 1609822, 672583, 3928751)
(1645631, 1609822, 672583, 3928036)
(1645138, 1609822, 672583, 3927543)
(1644166, 1609822, 672583, 3926571)
(1643315, 1609822, 672583, 3925720)
(1642515, 1609822, 672583, 3924920)
(1641835, 1609822, 672583, 3924240)
(1640983, 1609822, 672583, 3923388)
(1640440, 1609822, 672583, 3922845)
(1640040, 1609822, 672583, 3922445)
(1639774, 1609822, 672583, 3922179)
(1639424, 1609822, 672583, 3921829)
(1638885, 1609822, 672583, 3921290)
(1638501, 1609822, 672583, 3920906)
(1637908, 1609822, 672583, 3920313)
(1636723, 1609822, 672583, 3919128)
(1636076, 1609822, 672583, 3918481)
(1635281, 1609822, 672583, 3917686)
(1634631, 1609822, 672583, 3917036)
(1634212, 1609822, 672583, 3916617)
(1633180, 1609822, 672583, 3915585)
(1632633, 1609822, 672583, 3915038)
(1632406, 1609822, 672583, 3914811)
(1631427, 1609822, 672583, 3913832)
(1630708, 1609822, 672583, 3913113)
(1630031, 1609822, 672583, 3912436)
(1629667, 1609822, 672583, 3912072)
(1629100, 1609822, 672583, 3911505)
(1628701, 1609822, 672583, 3911106)
(1628544, 1609822, 672583, 3910949)
(1628339, 1609822, 672583, 3910744)
(1628185, 1609822, 672583, 3910590)
(1628074, 1609822, 672583, 3910479)
(1627185, 1609822, 672583, 3909590)
(1627059, 1609822, 672583, 3909464)
(1626396, 1609822, 672583, 3908801)
(1625520, 1609822, 672583, 3907925)
(1625167, 1609822, 672583, 3907572)
(1624809, 1609822, 672583, 3907214)
(1624421, 1609822, 672583, 3906826)
(1624035, 1609822, 672583, 3906440)
(1623694, 1609822, 672583, 3906099)
(1622774, 1609822, 672583, 3905179)
(1621892, 1609822, 672583, 3904297)
(1621637, 1609822, 672583, 3904042)
(1621250, 1609822, 672583, 3903655)
(1620960, 1609822, 672583, 3903365)
(1620166, 1609822, 672583, 3902571)
(1619738, 1609822, 672583, 3902143)
(1619360, 1609822, 672583, 3901765)
(1618478, 1609822, 672583, 3900883)
(1617875, 1609822, 672583, 3900280)
(1616946, 1609822, 672583, 3899351)
(1616341, 1609822, 672583, 3898746)
(1616176, 1609822, 672583, 3898581)
(1615297, 1609822, 672583, 3897702)
(1614750, 1609822, 672583, 3897155)
(1614153, 1609822, 672583, 3896558)
(1613983, 1609822, 672583, 3896388)
(1613386, 1609822, 672583, 3895791)
(1613086, 1609822, 672583, 3895491)
(1612506, 1609822, 672583, 3894911)
(1611657, 1609822, 672583, 3894062)
(1611469, 1609822, 672583, 3893874)
(1610932, 1609822, 672583, 3893337)
(1610551, 1609822, 672583, 3892956)
(1610127, 1609822, 672583, 3892532)
(1609725, 1609822, 672583, 3892130)
(1609378, 1609822, 672583, 3891783)
(1608944, 1609822, 672583, 3891349)
(1608068, 1609822, 672583, 3890473)
(1607742, 1609822, 672583, 3890147)
(1607054, 1609822, 672583, 3889459)
(1606544, 1609822, 672583, 3888949)
(1605618, 1609822, 672583, 3888023)
(1605064, 1609822, 672583, 3887469)
(1604366, 1609822, 672583, 3886771)
(1603550, 1609822, 672583, 3885955)
(1602675, 1609822, 672583, 3885080)
(1602007, 1609822, 672583, 3884412)
(1601752, 1609822, 672583, 3884157)
(1601090, 1609822, 672583, 3883495)
(1600777, 1609822, 672583, 3883182)
(1600050, 1609822, 672583, 3882455)
(1599400, 1609822, 672583, 3881805)
(1598936, 1609822, 672583, 3881341)
(1598195, 1609822, 672583, 3880600)
(1597967, 1609822, 672583, 3880372)
(1597887, 1609822, 672583, 3880292)
(1597660, 1609822, 672583, 3880065)
(1597354, 1609822, 672583, 3879759)
(1596538, 1609822, 672583, 3878943)
(1596398, 1609822, 672583, 3878803)
(1595705, 1609822, 672583, 3878110)
(1595446, 1609822, 672583, 3877851)
(1595055, 1609822, 672583, 3877460)
(1594207, 1609822, 672583, 3876612)
(1593613, 1609822, 672583, 3876018)
(1592621, 1609822, 672583, 3875026)
(1591894, 1609822, 672583, 3874299)
(1591500, 1609822, 672583, 3873905)
(1591191, 1609822, 672583, 3873596)
(1590682, 1609822, 672583, 3873087)
(1590296, 1609822, 672583, 3872701)
(1589676, 1609822, 672583, 3872081)
(1589600, 1609822, 672583, 3872005)
(1589078, 1609822, 672583, 3871483)
(1588842, 1609822, 672583, 3871247)
(1588689, 1609822, 672583, 3871094)
(1587933, 1609822, 672583, 3870338)
(1587704, 1609822, 672583, 3870109)
(1587106, 1609822, 672583, 3869511)
(1586767, 1609822, 672583, 3869172)
(1586452, 1609822, 672583, 3868857)
(1585609, 1609822, 672583, 3868014)
(1585172, 1609822, 672583, 3867577)
(1584028, 1609822, 672583, 3866433)
(1583218, 1609822, 672583, 3865623)
(1582173, 1609822, 672583, 3864578)
(1581953, 1609822, 672583, 3864358)
(1581354, 1609822, 672583, 3863759)
(1580345, 1609822, 672583, 3862750)
(1580045, 1609822, 672583, 3862450)
(1579748, 1609822, 672583, 3862153)
(1578877, 1609822, 672583, 3861282)
(1578082, 1609822, 672583, 3860487)
(1577527, 1609822, 672583, 3859932)
(1576810, 1609822, 672583, 3859215)
(1576299, 1609822, 672583, 3858704)
(1575514, 1609822, 672583, 3857919)
(1574759, 1609822, 672583, 3857164)
(1574630, 1609822, 672583, 3857035)
(1573988, 1609822, 672583, 3856393)
(1573487, 1609822, 672583, 3855892)
(1573018, 1609822, 672583, 3855423)
(1572287, 1609822, 672583, 3854692)
(1572217, 1609822, 672583, 3854622)
(1571455, 1609822, 672583, 3853860)
(1570598, 1609822, 672583, 3853003)
(1570443, 1609822, 672583, 3852848)
(1570057, 1609822, 672583, 3852462)
(1569430, 1609822, 672583, 3851835)
(1568977, 1609822, 672583, 3851382)
(1568894, 1609822, 672583, 3851299)
(1568399, 1609822, 672583, 3850804)
(1567572, 1609822, 672583, 3849977)
(1567148, 1609822, 672583, 3849553)
(1566591, 1609822, 672583, 3848996)
(1566029, 1609822, 672583, 3848434)
(1565784, 1609822, 672583, 3848189)
(1565205, 1609822, 672583, 3847610)
(1564775, 1609822, 672583, 3847180)
(1564603, 1609822, 672583, 3847008)
(1563919, 1609822, 672583, 3846324)
(1563630, 1609822, 672583, 3846035)
(1563153, 1609822, 672583, 3845558)
(1562466, 1609822, 672583, 3844871)
(1561724, 1609822, 672583, 3844129)
(1561069, 1609822, 672583, 3843474)
(1560451, 1609822, 672583, 3842856)
(1559911, 1609822, 672583, 3842316)
(1559152, 1609822, 672583, 3841557)
(1558335, 1609822, 672583, 3840740)
(1557649, 1609822, 672583, 3840054)
(1556741, 1609822, 672583, 3839146)
(1556204, 1609822, 672583, 3838609)
(1555701, 1609822, 672583, 3838106)
(1555292, 1609822, 672583, 3837697)
(1555136, 1609822, 672583, 3837541)
(1554261, 1609822, 672583, 3836666)
(1554113, 1609822, 672583, 3836518)
(1553636, 1609822, 672583, 3836041)
(1553300, 1609822, 672583, 3835705)
(1553169, 1609822, 672583, 3835574)
(1553028, 1609822, 672583, 3835433)
(1553008, 1609822, 672583, 3835413)
(1552412, 1609822, 672583, 3834817)
(1551968, 1609822, 672583, 3834373)
(1551143, 1609822, 672583, 3833548)
(1550884, 1609822, 672583, 3833289)
(1550815, 1609822, 672583, 3833220)
(1550270, 1609822, 672583, 3832675)
(1549604, 1609822, 672583, 3832009)
(1549132, 1609822, 672583, 3831537)
(1548632, 1609822, 672583, 3831037)
(1548398, 1609822, 672583, 3830803)
(1547777, 1609822, 672583, 3830182)
(1547108, 1609822, 672583, 3829513)
(1546810, 1609822, 672583, 3829215)
(1546382, 1609822, 672583, 3828787)
(1545597, 1609822, 672583, 3828002)
(1544668, 1609822, 672583, 3827073)
(1544075, 1609822, 672583, 3826480)
(1543166, 1609822, 672583, 3825571)
(1542792, 1609822, 672583, 3825197)
(1542509, 1609822, 672583, 3824914)
(1541797, 1609822, 672583, 3824202)
(1541499, 1609822, 672583, 3823904)
(1541059, 1609822, 672583, 3823464)
(1540211, 1609822, 672583, 3822616)
(1539547, 1609822, 672583, 3821952)
(1538857, 1609822, 672583, 3821262)
(1538671, 1609822, 672583, 3821076)
(1538223, 1609822, 672583, 3820628)
(1537559, 1609822, 672583, 3819964)
(1537251, 1609822, 672583, 3819656)
(1536678, 1609822, 672583, 3819083)
(1536297, 1609822, 672583, 3818702)
(1535696, 1609822, 672583, 3818101)
(1535194, 1609822, 672583, 3817599)
(1535040, 1609822, 672583, 3817445)
(1534737, 1609822, 672583, 3817142)
(1534181, 1609822, 672583, 3816586)
(1533525, 1609822, 672583, 3815930)
(1532920, 1609822, 672583, 3815325)
(1532359, 1609822, 672583, 3814764)
(1532313, 1609822, 672583, 3814718)
(1531929, 1609822, 672583, 3814334)
(1531265, 1609822, 672583, 3813670)
(1530414, 1609822, 672583, 3812819)
(1529437, 1609822, 672583, 3811842)
(1528471, 1609822, 672583, 3810876)
(1527798, 1609822, 672583, 3810203)
(1527075, 1609822, 672583, 3809480)
(1526204, 1609822, 672583, 3808609)
(1525284, 1609822, 672583, 3807689)
(1524984, 1609822, 672583, 3807389)
(1524643, 1609822, 672583, 3807048)
(1524274, 1609822, 672583, 3806679)
(1523866, 1609822, 672583, 3806271)
(1523432, 1609822, 672583, 3805837)
(1523410, 1609822, 672583, 3805815)
(1522521, 1609822, 672583, 3804926)
(1521499, 1609822, 672583, 3803904)
(1521002, 1609822, 672583, 3803407)
(1520681, 1609822, 672583, 3803086)
(1520265, 1609822, 672583, 3802670)
(1519580, 1609822, 672583, 3801985)
(1519213, 1609822, 672583, 3801618)
(1518885, 1609822, 672583, 3801290)
(1518474, 1609822, 672583, 3800879)
(1518009, 1609822, 672583, 3800414)
(1517229, 1609822, 672583, 3799634)
(1516967, 1609822, 672583, 3799372)
(1516371, 1609822, 672583, 3798776)
(1515875, 1609822, 672583, 3798280)
(1514984, 1609822, 672583, 3797389)
(1514045, 1609822, 672583, 3796450)
(1513179, 1609822, 672583, 3795584)
(1512666, 1609822, 672583, 3795071)
(1512216, 1609822, 672583, 3794621)
(1511886, 1609822, 672583, 3794291)
(1511406, 1609822, 672583, 3793811)
(1510499, 1609822, 672583, 3792904)
(1510083, 1609822, 672583, 3792488)
(1509338, 1609822, 672583, 3791743)
(1508954, 1609822, 672583, 3791359)
(1508579, 1609822, 672583, 3790984)
(1508136, 1609822, 672583, 3790541)
(1506972, 1609822, 672583, 3789377)
(1506291, 1609822, 672583, 3788696)
(1505934, 1609822, 672583, 3788339)
(1505182, 1609822, 672583, 3787587)
(1504643, 1609822, 672583, 3787048)
(1504119, 1609822, 672583, 3786524)
(1503395, 1609822, 672583, 3785800)
(1502878, 1609822, 672583, 3785283)
(1502682, 1609822, 672583, 3785087)
(1502204, 1609822, 672583, 3784609)
(1501714, 1609822, 672583, 3784119)
(1501307, 1609822, 672583, 3783712)
(1501077, 1609822, 672583, 3783482)
(1500857, 1609822, 672583, 3783262)
(1500676, 1609822, 672583, 3783081)
(1500120, 1609822, 672583, 3782525)
(1499046, 1609822, 672583, 3781451)
(1498125, 1609822, 672583, 3780530)
(1497391, 1609822, 672583, 3779796)
(1496959, 1609822, 672583, 3779364)
(1496774, 1609822, 672583, 3779179)
(1496317, 1609822, 672583, 3778722)
(1495709, 1609822, 672583, 3778114)
(1495351, 1609822, 672583, 3777756)
(1494569, 1609822, 672583, 3776974)
(1494157, 1609822, 672583, 3776562)
(1493657, 1609822, 672583, 3776062)
(1493213, 1609822, 672583, 3775618)
(1492687, 1609822, 672583, 3775092)
(1492430, 1609822, 672583, 3774835)
(1492171, 1609822, 672583, 3774576)
(1492070, 1609822, 672583, 3774475)
(1491580, 1609822, 672583, 3773985)
(1491245, 1609822, 672583, 3773650)
(1491067, 1609822, 672583, 3773472)
(1490492, 1609822, 672583, 3772897)
(1490279, 1609822, 672583, 3772684)
(1489887, 1609822, 672583, 3772292)
(1489554, 1609822, 672583, 3771959)
(1488541, 1609822, 672583, 3770946)
(1487718, 1609822, 672583, 3770123)
(1487361, 1609822, 672583, 3769766)
(1486981, 1609822, 672583, 3769386)
(1486242, 1609822, 672583, 3768647)
(1485344, 1609822, 672583, 3767749)
(1484859, 1609822, 672583, 3767264)
(1484365, 1609822, 672583, 3766770)
(1484173, 1609822, 672583, 3766578)
(1484134, 1609822, 672583, 3766539)
(1483832, 1609822, 672583, 3766237)
(1483166, 1609822, 672583, 3765571)
(1482701, 1609822, 672583, 3765106)
(1482404, 1609822, 672583, 3764809)
(1482216, 1609822, 672583, 3764621)
(1481591, 1609822, 672583, 3763996)
(1480974, 1609822, 672583, 3763379)
(1480319, 1609822, 672583, 3762724)
(1479959, 1609822, 672583, 3762364)
(1479446, 1609822, 672583, 3761851)
(1479092, 1609822, 672583, 3761497)
(1478538, 1609822, 672583, 3760943)
(1478329, 1609822, 672583, 3760734)
(1477958, 1609822, 672583, 3760363)
(1477288, 1609822, 672583, 3759693)
(1476590, 1609822, 672583, 3758995)
(1475738, 1609822, 672583, 3758143)
(1475081, 1609822, 672583, 3757486)
(1474751, 1609822, 672583, 3757156)
(1474302, 1609822, 672583, 3756707)
(1473664, 1609822, 672583, 3756069)
(1473498, 1609822, 672583, 3755903)
(1472746, 1609822, 672583, 3755151)
(1472147, 1609822, 672583, 3754552)
(1471767, 1609822, 672583, 3754172)
(1471541, 1609822, 672583, 3753946)
(1471213, 1609822, 672583, 3753618)
(1470627, 1609822, 672583, 3753032)
(1470397, 1609822, 672583, 3752802)
(1469907, 1609822, 672583, 3752312)
(1469432, 1609822, 672583, 3751837)
(1468872, 1609822, 672583, 3751277)
(1468283, 1609822, 672583, 3750688)
(1468005, 1609822, 672583, 3750410)
(1467198, 1609822, 672583, 3749603)
(1466379, 1609822, 672583, 3748784)
(1465942, 1609822, 672583, 3748347)
(1465616, 1609822, 672583, 3748021)
(1465053, 1609822, 672583, 3747458)
(1464933, 1609822, 672583, 3747338)
(1464254, 1609822, 672583, 3746659)
(1463950, 1609822, 672583, 3746355)
(1463407, 1609822, 672583, 3745812)
(1462949, 1609822, 672583, 3745354)
(1462395, 1609822, 672583, 3744800)
(1461927, 1609822, 672583, 3744332)
(1461127, 1609822, 672583, 3743532)
(1460327, 1609822, 672583, 3742732)
(1459497, 1609822, 672583, 3741902)
(1458639, 1609822, 672583, 3741044)
(1458431, 1609822, 672583, 3740836)
(1457856, 1609822, 672583, 3740261)
(1457620, 1609822, 672583, 3740025)
(1457574, 1609822, 672583, 3739979)
(1456673, 1609822, 672583, 3739078)
(1455664, 1609822, 672583, 3738069)
(1455484, 1609822, 672583, 3737889)
(1455063, 1609822, 672583, 3737468)
(1454089, 1609822, 672583, 3736494)
(1453602, 1609822, 672583, 3736007)
(1452579, 1609822, 672583, 3734984)
(1452005, 1609822, 672583, 3734410)
(1451669, 1609822, 672583, 3734074)
(1451379, 1609822, 672583, 3733784)
(1450702, 1609822, 672583, 3733107)
(1450222, 1609822, 672583, 3732627)
(1449880, 1609822, 672583, 3732285)
(1449092, 1609822, 672583, 3731497)
(1448327, 1609822, 672583, 3730732)
(1448192, 1609822, 672583, 3730597)
(1447274, 1609822, 672583, 3729679)
(1446574, 1609822, 672583, 3728979)
(1446405, 1609822, 672583, 3728810)
(1446120, 1609822, 672583, 3728525)
(1445470, 1609822, 672583, 3727875)
(1445136, 1609822, 672583, 3727541)
(1444494, 1609822, 672583, 3726899)
(1443654, 1609822, 672583, 3726059)
(1443076, 1609822, 672583, 3725481)
(1442415, 1609822, 672583, 3724820)
(1442147, 1609822, 672583, 3724552)
(1441832, 1609822, 672583, 3724237)
(1441283, 1609822, 672583, 3723688)
(1441109, 1609822, 672583, 3723514)
(1440082, 1609822, 672583, 3722487)
(1439913, 1609822, 672583, 3722318)
(1439364, 1609822, 672583, 3721769)
(1439251, 1609822, 672583, 3721656)
(1438315, 1609822, 672583, 3720720)
(1437876, 1609822, 672583, 3720281)
(1437475, 1609822, 672583, 3719880)
(1436319, 1609822, 672583, 3718724)
(1435948, 1609822, 672583, 3718353)
(1435053, 1609822, 672583, 3717458)
(1434110, 1609822, 672583, 3716515)
(1433914, 1609822, 672583, 3716319)
(1433461, 1609822, 672583, 3715866)
(1432708, 1609822, 672583, 3715113)
(1431991, 1609822, 672583, 3714396)
(1431814, 1609822, 672583, 3714219)
(1431686, 1609822, 672583, 3714091)
(1431514, 1609822, 672583, 3713919)
(1431415, 1609822, 672583, 3713820)
(1430607, 1609822, 672583, 3713012)
(1430192, 1609822, 672583, 3712597)
(1429870, 1609822, 672583, 3712275)
(1429072, 1609822, 672583, 3711477)
(1428724, 1609822, 672583, 3711129)
(1428429, 1609822, 672583, 3710834)
(1427729, 1609822, 672583, 3710134)
(1427363, 1609822, 672583, 3709768)
(1427094, 1609822, 672583, 3709499)
(1426466, 1609822, 672583, 3708871)
(1425599, 1609822, 672583, 3708004)
(1424914, 1609822, 672583, 3707319)
(1424736, 1609822, 672583, 3707141)
(1424435, 1609822, 672583, 3706840)
(1423995, 1609822, 672583, 3706400)
(1423628, 1609822, 672583, 3706033)
(1423265, 1609822, 672583, 3705670)
(1422836, 1609822, 672583, 3705241)
(1422753, 1609822, 672583, 3705158)
(1422558, 1609822, 672583, 3704963)
(1422131, 1609822, 672583, 3704536)
(1421066, 1609822, 672583, 3703471)
(1420933, 1609822, 672583, 3703338)
(1420751, 1609822, 672583, 3703156)
(1419961, 1609822, 672583, 3702366)
(1419048, 1609822, 672583, 3701453)
(1418715, 1609822, 672583, 3701120)
(1418493, 1609822, 672583, 3700898)
(1417820, 1609822, 672583, 3700225)
(1417256, 1609822, 672583, 3699661)
(1416382, 1609822, 672583, 3698787)
(1415630, 1609822, 672583, 3698035)
(1415233, 1609822, 672583, 3697638)
(1415011, 1609822, 672583, 3697416)
(1414693, 1609822, 672583, 3697098)
(1414278, 1609822, 672583, 3696683)
(1413449, 1609822, 672583, 3695854)
(1413119, 1609822, 672583, 3695524)
(1412562, 1609822, 672583, 3694967)
(1412309, 1609822, 672583, 3694714)
(1411648, 1609822, 672583, 3694053)
(1411535, 1609822, 672583, 3693940)
(1411079, 1609822, 672583, 3693484)
(1410508, 1609822, 672583, 3692913)
(1410336, 1609822, 672583, 3692741)
(1409550, 1609822, 672583, 3691955)
(1409030, 1609822, 672583, 3691435)
(1408365, 1609822, 672583, 3690770)
(1407537, 1609822, 672583, 3689942)
(1407077, 1609822, 672583, 3689482)
(1405897, 1609822, 672583, 3688302)
(1405210, 1609822, 672583, 3687615)
(1404601, 1609822, 672583, 3687006)
(1404284, 1609822, 672583, 3686689)
(1403792, 1609822, 672583, 3686197)
(1403539, 1609822, 672583, 3685944)
