(2696334, 2577900, 629403, 5903637)
(2696117, 2577900, 629403, 5903420)
(2695771, 2577900, 629403, 5903074)
(2695715, 2577900, 629403, 5903018)
(2695150, 2577900, 629403, 5902453)
(2694276, 2577900, 629403, 5901579)
(2694187, 2577900, 629403, 5901490)
(2693101, 2577900, 629403, 5900404)
(2692282, 2577900, 629403, 5899585)
(2692008, 2577900, 629403, 5899311)
(2691559, 2577900, 629403, 5898862)
(2690474, 2577900, 629403, 5897777)
(2689959, 2577900, 629403, 5897262)
(2689160, 2577900, 629403, 5896463)
(2688563, 2577900, 629403, 5895866)
(2687713, 2577900, 629403, 5895016)
(2687377, 2577900, 629403, 5894680)
(2686895, 2577900, 629403, 5894198)
(2686325, 2577900, 629403, 5893628)
(2685428, 2577900, 629403, 5892731)
(2684911, 2577900, 629403, 5892214)
(2684235, 2577900, 629403, 5891538)
(2683141, 2577900, 629403, 5890444)
(2682479, 2577900, 629403, 5889782)
(2681701, 2577900, 629403, 5889004)
(2681010, 2577900, 629403, 5888313)
(2680033, 2577900, 629403, 5887336)
(2679489, 2577900, 629403, 5886792)
(2679223, 2577900, 629403, 5886526)
(2678949, 2577900, 629403, 5886252)
(2678408, 2577900, 629403, 5885711)
(2677503, 2577900, 629403, 5884806)
(2676821, 2577900, 629403, 5884124)
(2676128, 2577900, 629403, 5883431)
(2675564, 2577900, 629403, 5882867)
(2674892, 2577900, 629403, 5882195)
(2674370, 2577900, 629403, 5881673)
(2674167, 2577900, 629403, 5881470)
(2673447, 2577900, 629403, 5880750)
(2673116, 2577900, 629403, 5880419)
(2672379, 2577900, 629403, 5879682)
(2671706, 2577900, 629403, 5879009)
(2671335, 2577900, 629403, 5878638)
(2671330, 2577900, 629403, 5878633)
(2670692, 2577900, 629403, 5877995)
(2670359, 2577900, 629403, 5877662)
(2669721, 2577900, 629403, 5877024)
(2669350, 2577900, 629403, 5876653)
(2668318, 2577900, 629403, 5875621)
(2667560, 2577900, 629403, 5874863)
(2666830, 2577900, 629403, 5874133)
(2665940, 2577900, 629403, 5873243)
(2665939, 2577900, 629403, 5873242)
(2665938, 2577900, 629403, 5873241)
(2665316, 2577900, 629403, 5872619)
(2664812, 2577900, 629403, 5872115)
(2663900, 2577900, 629403, 5871203)
(2663451, 2577900, 629403, 5870754)
(2663412, 2577900, 629403, 5870715)
(2662887, 2577900, 629403, 5870190)
(2662787, 2577900, 629403, 5870090)
(2662404, 2577900, 629403, 5869707)
(2661857, 2577900, 629403, 5869160)
(2661856, 2577900, 629403, 5869159)
(2661418, 2577900, 629403, 5868721)
(2660623, 2577900, 629403, 5867926)
(2660000, 2577900, 629403, 5867303)
(2659281, 2577900, 629403, 5866584)
(2658123, 2577900, 629403, 5865426)
(2657868, 2577900, 629403, 5865171)
(2657325, 2577900, 629403, 5864628)
(2657089, 2577900, 629403, 5864392)
(2656518, 2577900, 629403, 5863821)
(2655701, 2577900, 629403, 5863004)
(2655700, 2577900, 629403, 5863003)
(2654978, 2577900, 629403, 5862281)
(2654684, 2577900, 629403, 5861987)
(2654175, 2577900, 629403, 5861478)
(2654174, 2577900, 629403, 5861477)
(2653931, 2577900, 629403, 5861234)
(2653694, 2577900, 629403, 5860997)
(2652777, 2577900, 629403, 5860080)
(2651782, 2577900, 629403, 5859085)
(2650872, 2577900, 629403, 5858175)
(2650126, 2577900, 629403, 5857429)
(2650014, 2577900, 629403, 5857317)
(2649359, 2577900, 629403, 5856662)
(2648941, 2577900, 629403, 5856244)
(2648046, 2577900, 629403, 5855349)
(2646993, 2577900, 629403, 5854296)
(2646342, 2577900, 629403, 5853645)
(2645778, 2577900, 629403, 5853081)
(2644904, 2577900, 629403, 5852207)
(2644855, 2577900, 629403, 5852158)
(2644530, 2577900, 629403, 5851833)
(2644462, 2577900, 629403, 5851765)
(2644079, 2577900, 629403, 5851382)
(2643099, 2577900, 629403, 5850402)
(2642918, 2577900, 629403, 5850221)
(2642514, 2577900, 629403, 5849817)
(2642224, 2577900, 629403, 5849527)
(2641561, 2577900, 629403, 5848864)
(2640888, 2577900, 629403, 5848191)
(2640073, 2577900, 629403, 5847376)
(2639710, 2577900, 629403, 5847013)
(2639464, 2577900, 629403, 5846767)
(2638737, 2577900, 629403, 5846040)
(2638176, 2577900, 629403, 5845479)
(2637844, 2577900, 629403, 5845147)
(2637081, 2577900, 629403, 5844384)
(2636868, 2577900, 629403, 5844171)
(2635903, 2577900, 629403, 5843206)
(2635756, 2577900, 629403, 5843059)
(2635246, 2577900, 629403, 5842549)
(2634528, 2577900, 629403, 5841831)
(2634476, 2577900, 629403, 5841779)
(2634168, 2577900, 629403, 5841471)
(2633736, 2577900, 629403, 5841039)
(2633653, 2577900, 629403, 5840956)
(2633531, 2577900, 629403, 5840834)
(2632910, 2577900, 629403, 5840213)
(2632534, 2577900, 629403, 5839837)
(2631765, 2577900, 629403, 5839068)
(2631256, 2577900, 629403, 5838559)
(2630272, 2577900, 629403, 5837575)
(2629951, 2577900, 629403, 5837254)
(2629752, 2577900, 629403, 5837055)
(2629268, 2577900, 629403, 5836571)
(2628856, 2577900, 629403, 5836159)
(2628112, 2577900, 629403, 5835415)
(2627508, 2577900, 629403, 5834811)
(2626941, 2577900, 629403, 5834244)
(2626676, 2577900, 629403, 5833979)
(2626548, 2577900, 629403, 5833851)
(2626259, 2577900, 629403, 5833562)
(2625681, 2577900, 629403, 5832984)
(2625125, 2577900, 629403, 5832428)
(2624529, 2577900, 629403, 5831832)
(2624416, 2577900, 629403, 5831719)
(2623774, 2577900, 629403, 5831077)
(2623032, 2577900, 629403, 5830335)
(2622171, 2577900, 629403, 5829474)
(2621605, 2577900, 629403, 5828908)
(2620843, 2577900, 629403, 5828146)
(2620393, 2577900, 629403, 5827696)
(2620153, 2577900, 629403, 5827456)
(2619156, 2577900, 629403, 5826459)
(2619114, 2577900, 629403, 5826417)
(2618679, 2577900, 629403, 5825982)
(2618549, 2577900, 629403, 5825852)
(2618043, 2577900, 629403, 5825346)
(2616987, 2577900, 629403, 5824290)
(2616446, 2577900, 629403, 5823749)
(2615844, 2577900, 629403, 5823147)
(2615550, 2577900, 629403, 5822853)
(2615259, 2577900, 629403, 5822562)
(2615147, 2577900, 629403, 5822450)
(2614670, 2577900, 629403, 5821973)
(2614050, 2577900, 629403, 5821353)
(2613481, 2577900, 629403, 5820784)
(2612284, 2577900, 629403, 5819587)
(2611827, 2577900, 629403, 5819130)
(2611272, 2577900, 629403, 5818575)
(2610653, 2577900, 629403, 5817956)
(2609873, 2577900, 629403, 5817176)
(2609012, 2577900, 629403, 5816315)
(2608282, 2577900, 629403, 5815585)
(2607526, 2577900, 629403, 5814829)
(2606731, 2577900, 629403, 5814034)
(2606101, 2577900, 629403, 5813404)
(2605934, 2577900, 629403, 5813237)
(2605701, 2577900, 629403, 5813004)
(2605650, 2577900, 629403, 5812953)
(2605346, 2577900, 629403, 5812649)
(2604730, 2577900, 629403, 5812033)
(2604235, 2577900, 629403, 5811538)
(2603443, 2577900, 629403, 5810746)
(2602680, 2577900, 629403, 5809983)
(2602249, 2577900, 629403, 5809552)
(2601891, 2577900, 629403, 5809194)
(2601766, 2577900, 629403, 5809069)
(2601075, 2577900, 629403, 5808378)
(2600103, 2577900, 629403, 5807406)
(2599912, 2577900, 629403, 5807215)
(2599548, 2577900, 629403, 5806851)
(2598687, 2577900, 629403, 5805990)
(2597890, 2577900, 629403, 5805193)
(2596829, 2577900, 629403, 5804132)
(2596670, 2577900, 629403, 5803973)
(2595975, 2577900, 629403, 5803278)
(2595770, 2577900, 629403, 5803073)
(2595294, 2577900, 629403, 5802597)
(2594737, 2577900, 629403, 5802040)
(2594407, 2577900, 629403, 5801710)
(2593605, 2577900, 629403, 5800908)
(2593283, 2577900, 629403, 5800586)
(2592532, 2577900, 629403, 5799835)
(2591363, 2577900, 629403, 5798666)
(2591155, 2577900, 629403, 5798458)
(2590743, 2577900, 629403, 5798046)
(2590396, 2577900, 629403, 5797699)
(2589235, 2577900, 629403, 5796538)
(2588594, 2577900, 629403, 5795897)
(2587588, 2577900, 629403, 5794891)
(2587185, 2577900, 629403, 5794488)
(2586101, 2577900, 629403, 5793404)
(2585742, 2577900, 629403, 5793045)
(2584652, 2577900, 629403, 5791955)
(2584017, 2577900, 629403, 5791320)
(2583753, 2577900, 629403, 5791056)
(2583353, 2577900, 629403, 5790656)
(2583333, 2577900, 629403, 5790636)
(2582856, 2577900, 629403, 5790159)
(2582066, 2577900, 629403, 5789369)
(2581663, 2577900, 629403, 5788966)
(2581499, 2577900, 629403, 5788802)
(2580987, 2577900, 629403, 5788290)
(2580228, 2577900, 629403, 5787531)
(2579758, 2577900, 629403, 5787061)
(2579754, 2577900, 629403, 5787057)
(2578772, 2577900, 629403, 5786075)
(2578340, 2577900, 629403, 5785643)
(2577503, 2577900, 629403, 5784806)
(2576967, 2577900, 629403, 5784270)
(2576530, 2577900, 629403, 5783833)
(2576221, 2577900, 629403, 5783524)
(2575588, 2577900, 629403, 5782891)
(2574785, 2577900, 629403, 5782088)
(2573927, 2577900, 629403, 5781230)
(2573718, 2577900, 629403, 5781021)
(2573633, 2577900, 629403, 5780936)
(2572485, 2577900, 629403, 5779788)
(2571562, 2577900, 629403, 5778865)
(2570428, 2577900, 629403, 5777731)
(2570112, 2577900, 629403, 5777415)
(2569580, 2577900, 629403, 5776883)
(2568627, 2577900, 629403, 5775930)
(2568386, 2577900, 629403, 5775689)
(2567013, 2577900, 629403, 5774316)
(2565745, 2577900, 629403, 5773048)
(2564606, 2577900, 629403, 5771909)
(2564345, 2577900, 629403, 5771648)
(2563454, 2577900, 629403, 5770757)
(2563131, 2577900, 629403, 5770434)
(2562413, 2577900, 629403, 5769716)
(2561318, 2577900, 629403, 5768621)
(2560687, 2577900, 629403, 5767990)
(2559687, 2577900, 629403, 5766990)
(2559273, 2577900, 629403, 5766576)
(2559002, 2577900, 629403, 5766305)
(2558328, 2577900, 629403, 5765631)
(2557686, 2577900, 629403, 5764989)
(2557146, 2577900, 629403, 5764449)
(2556731, 2577900, 629403, 5764034)
(2555780, 2577900, 629403, 5763083)
(2555208, 2577900, 629403, 5762511)
(2554704, 2577900, 629403, 5762007)
(2553947, 2577900, 629403, 5761250)
(2553450, 2577900, 629403, 5760753)
(2552743, 2577900, 629403, 5760046)
(2552299, 2577900, 629403, 5759602)
(2551185, 2577900, 629403, 5758488)
(2550636, 2577900, 629403, 5757939)
(2549642, 2577900, 629403, 5756945)
(2549291, 2577900, 629403, 5756594)
(2548736, 2577900, 629403, 5756039)
(2547707, 2577900, 629403, 5755010)
(2546759, 2577900, 629403, 5754062)
(2545754, 2577900, 629403, 5753057)
(2545101, 2577900, 629403, 5752404)
(2544955, 2577900, 629403, 5752258)
(2544683, 2577900, 629403, 5751986)
(2543965, 2577900, 629403, 5751268)
(2543843, 2577900, 629403, 5751146)
(2543328, 2577900, 629403, 5750631)
(2542986, 2577900, 629403, 5750289)
(2542525, 2577900, 629403, 5749828)
(2541861, 2577900, 629403, 5749164)
(2541170, 2577900, 629403, 5748473)
(2540521, 2577900, 629403, 5747824)
(2540012, 2577900, 629403, 5747315)
(2539561, 2577900, 629403, 5746864)
(2539344, 2577900, 629403, 5746647)
(2539070, 2577900, 629403, 5746373)
(2538589, 2577900, 629403, 5745892)
(2538101, 2577900, 629403, 5745404)
(2537754, 2577900, 629403, 5745057)
(2537197, 2577900, 629403, 5744500)
(2536231, 2577900, 629403, 5743534)
(2535794, 2577900, 629403, 5743097)
(2535648, 2577900, 629403, 5742951)
(2535151, 2577900, 629403, 5742454)
(2534641, 2577900, 629403, 5741944)
(2534541, 2577900, 629403, 5741844)
(2534077, 2577900, 629403, 5741380)
(2533734, 2577900, 629403, 5741037)
(2532981, 2577900, 629403, 5740284)
(2532680, 2577900, 629403, 5739983)
(2532475, 2577900, 629403, 5739778)
(2532051, 2577900, 629403, 5739354)
(2531568, 2577900, 629403, 5738871)
(2531053, 2577900, 629403, 5738356)
(2530878, 2577900, 629403, 5738181)
(2530330, 2577900, 629403, 5737633)
(2529568, 2577900, 629403, 5736871)
(2528706, 2577900, 629403, 5736009)
(2528159, 2577900, 629403, 5735462)
(2527832, 2577900, 629403, 5735135)
(2527592, 2577900, 629403, 5734895)
(2527057, 2577900, 629403, 5734360)
(2527056, 2577900, 629403, 5734359)
(2526559, 2577900, 629403, 5733862)
(2526228, 2577900, 629403, 5733531)
(2526169, 2577900, 629403, 5733472)
(2525817, 2577900, 629403, 5733120)
(2525222, 2577900, 629403, 5732525)
(2524692, 2577900, 629403, 5731995)
(2524204, 2577900, 629403, 5731507)
(2524203, 2577900, 629403, 5731506)
(2523568, 2577900, 629403, 5730871)
(2522900, 2577900, 629403, 5730203)
(2522265, 2577900, 629403, 5729568)
(2521717, 2577900, 629403, 5729020)
(2520895, 2577900, 629403, 5728198)
(2519886, 2577900, 629403, 5727189)
(2519417, 2577900, 629403, 5726720)
(2519028, 2577900, 629403, 5726331)
(2518651, 2577900, 629403, 5725954)
(2518650, 2577900, 629403, 5725953)
(2518532, 2577900, 629403, 5725835)
(2517719, 2577900, 629403, 5725022)
(2517438, 2577900, 629403, 5724741)
(2516609, 2577900, 629403, 5723912)
(2515956, 2577900, 629403, 5723259)
(2514895, 2577900, 629403, 5722198)
(2514613, 2577900, 629403, 5721916)
(2513899, 2577900, 629403, 5721202)
(2513729, 2577900, 629403, 5721032)
(2513486, 2577900, 629403, 5720789)
(2513100, 2577900, 629403, 5720403)
(2512415, 2577900, 629403, 5719718)
(2511664, 2577900, 629403, 5718967)
(2510422, 2577900, 629403, 5717725)
(2509564, 2577900, 629403, 5716867)
(2508868, 2577900, 629403, 5716171)
(2508458, 2577900, 629403, 5715761)
(2508259, 2577900, 629403, 5715562)
(2507768, 2577900, 629403, 5715071)
(2507654, 2577900, 629403, 5714957)
(2507010, 2577900, 629403, 5714313)
(2506346, 2577900, 629403, 5713649)
(2505735, 2577900, 629403, 5713038)
(2505158, 2577900, 629403, 5712461)
(2505100, 2577900, 629403, 5712403)
(2504437, 2577900, 629403, 5711740)
(2503715, 2577900, 629403, 5711018)
(2503149, 2577900, 629403, 5710452)
(2502448, 2577900, 629403, 5709751)
(2502017, 2577900, 629403, 5709320)
(2501582, 2577900, 629403, 5708885)
(2501032, 2577900, 629403, 5708335)
(2500453, 2577900, 629403, 5707756)
(2499875, 2577900, 629403, 5707178)
(2499752, 2577900, 629403, 5707055)
(2498766, 2577900, 629403, 5706069)
(2498746, 2577900, 629403, 5706049)
(2498303, 2577900, 629403, 5705606)
(2497464, 2577900, 629403, 5704767)
(2496637, 2577900, 629403, 5703940)
(2496403, 2577900, 629403, 5703706)
(2495905, 2577900, 629403, 5703208)
(2494861, 2577900, 629403, 5702164)
(2493864, 2577900, 629403, 5701167)
(2493630, 2577900, 629403, 5700933)
(2493611, 2577900, 629403, 5700914)
(2493608, 2577900, 629403, 5700911)
(2493607, 2577900, 629403, 5700910)
(2493082, 2577900, 629403, 5700385)
(2492481, 2577900, 629403, 5699784)
(2491963, 2577900, 629403, 5699266)
(2491875, 2577900, 629403, 5699178)
(2490967, 2577900, 629403, 5698270)
(2490445, 2577900, 629403, 5697748)
(2490240, 2577900, 629403, 5697543)
(2489840, 2577900, 629403, 5697143)
(2489139, 2577900, 629403, 5696442)
(2488469, 2577900, 629403, 5695772)
(2487533, 2577900, 629403, 5694836)
(2487005, 2577900, 629403, 5694308)
(2486591, 2577900, 629403, 5693894)
(2486043, 2577900, 629403, 5693346)
(2485289, 2577900, 629403, 5692592)
(2484565, 2577900, 629403, 5691868)
(2483843, 2577900, 629403, 5691146)
(2483044, 2577900, 629403, 5690347)
(2482275, 2577900, 629403, 5689578)
(2481456, 2577900, 629403, 5688759)
(2481357, 2577900, 629403, 5688660)
(2480819, 2577900, 629403, 5688122)
(2480060, 2577900, 629403, 5687363)
(2479792, 2577900, 629403, 5687095)
(2479510, 2577900, 629403, 5686813)
(2479195, 2577900, 629403, 5686498)
(2478953, 2577900, 629403, 5686256)
(2478204, 2577900, 629403, 5685507)
(2477475, 2577900, 629403, 5684778)
(2476503, 2577900, 629403, 5683806)
(2475651, 2577900, 629403, 5682954)
(2475159, 2577900, 629403, 5682462)
(2474547, 2577900, 629403, 5681850)
(2473722, 2577900, 629403, 5681025)
(2473295, 2577900, 629403, 5680598)
(2472648, 2577900, 629403, 5679951)
(2472413, 2577900, 629403, 5679716)
(2471736, 2577900, 629403, 5679039)
(2471715, 2577900, 629403, 5679018)
(2471090, 2577900, 629403, 5678393)
(2470580, 2577900, 629403, 5677883)
(2470107, 2577900, 629403, 5677410)
(2469456, 2577900, 629403, 5676759)
(2468987, 2577900, 629403, 5676290)
(2468679, 2577900, 629403, 5675982)
(2467841, 2577900, 629403, 5675144)
(2466968, 2577900, 629403, 5674271)
(2466442, 2577900, 629403, 5673745)
(2465805, 2577900, 629403, 5673108)
(2464886, 2577900, 629403, 5672189)
(2464233, 2577900, 629403, 5671536)
(2464010, 2577900, 629403, 5671313)
(2463761, 2577900, 629403, 5671064)
(2463340, 2577900, 629403, 5670643)
(2462519, 2577900, 629403, 5669822)
(2461939, 2577900, 629403, 5669242)
(2461500, 2577900, 629403, 5668803)
(2461030, 2577900, 629403, 5668333)
(2460787, 2577900, 629403, 5668090)
(2459901, 2577900, 629403, 5667204)
(2459557, 2577900, 629403, 5666860)
(2459158, 2577900, 629403, 5666461)
(2458804, 2577900, 629403, 5666107)
(2458291, 2577900, 629403, 5665594)
(2458002, 2577900, 629403, 5665305)
(2457208, 2577900, 629403, 5664511)
(2456850, 2577900, 629403, 5664153)
(2456049, 2577900, 629403, 5663352)
(2455445, 2577900, 629403, 5662748)
(2454678, 2577900, 629403, 5661981)
(2454116, 2577900, 629403, 5661419)
(2453425, 2577900, 629403, 5660728)
(2452843, 2577900, 629403, 5660146)
(2452160, 2577900, 629403, 5659463)
(2451308, 2577900, 629403, 5658611)
(2450822, 2577900, 629403, 5658125)
(2450586, 2577900, 629403, 5657889)
(2450213, 2577900, 629403, 5657516)
(2449598, 2577900, 629403, 5656901)
(2449448, 2577900, 629403, 5656751)
(2448903, 2577900, 629403, 5656206)
(2448536, 2577900, 629403, 5655839)
(2447533, 2577900, 629403, 5654836)
(2447134, 2577900, 629403, 5654437)
(2447100, 2577900, 629403, 5654403)
(2446529, 2577900, 629403, 5653832)
(2445889, 2577900, 629403, 5653192)
(2445018, 2577900, 629403, 5652321)
(2444913, 2577900, 629403, 5652216)
(2444019, 2577900, 629403, 5651322)
(2443439, 2577900, 629403, 5650742)
(2442931, 2577900, 629403, 5650234)
(2441980, 2577900, 629403, 5649283)
(2441269, 2577900, 629403, 5648572)
(2440866, 2577900, 629403, 5648169)
(2440111, 2577900, 629403, 5647414)
(2439469, 2577900, 629403, 5646772)
(2438907, 2577900, 629403, 5646210)
(2438415, 2577900, 629403, 5645718)
(2437978, 2577900, 629403, 5645281)
(2437899, 2577900, 629403, 5645202)
(2437240, 2577900, 629403, 5644543)
(2436646, 2577900, 629403, 5643949)
(2436123, 2577900, 629403, 5643426)
(2435435, 2577900, 629403, 5642738)
(2435228, 2577900, 629403, 5642531)
(2434445, 2577900, 629403, 5641748)
(2433824, 2577900, 629403, 5641127)
(2433308, 2577900, 629403, 5640611)
(2433132, 2577900, 629403, 5640435)
(2432234, 2577900, 629403, 5639537)
(2431990, 2577900, 629403, 5639293)
(2431535, 2577900, 629403, 5638838)
(2430970, 2577900, 629403, 5638273)
(2430092, 2577900, 629403, 5637395)
(2429831, 2577900, 629403, 5637134)
(2429667, 2577900, 629403, 5636970)
(2429115, 2577900, 629403, 5636418)
(2428774, 2577900, 629403, 5636077)
(2428487, 2577900, 629403, 5635790)
(2427920, 2577900, 629403, 5635223)
(2427702, 2577900, 629403, 5635005)
(2427666, 2577900, 629403, 5634969)
(2426938, 2577900, 629403, 5634241)
(2426365, 2577900, 629403, 5633668)
(2425691, 2577900, 629403, 5632994)
(2424867, 2577900, 629403, 5632170)
(2424301, 2577900, 629403, 5631604)
(2423932, 2577900, 629403, 5631235)
(2423931, 2577900, 629403, 5631234)
(2423497, 2577900, 629403, 5630800)
(2422829, 2577900, 629403, 5630132)
(2421741, 2577900, 629403, 5629044)
(2421021, 2577900, 629403, 5628324)
(2420880, 2577900, 629403, 5628183)
(2420254, 2577900, 629403, 5627557)
(2419972, 2577900, 629403, 5627275)
(2419458, 2577900, 629403, 5626761)
(2418988, 2577900, 629403, 5626291)
(2418546, 2577900, 629403, 5625849)
(2417801, 2577900, 629403, 5625104)
(2417018, 2577900, 629403, 5624321)
(2416704, 2577900, 629403, 5624007)
(2416479, 2577900, 629403, 5623782)
(2415755, 2577900, 629403, 5623058)
(2415388, 2577900, 629403, 5622691)
(2415138, 2577900, 629403, 5622441)
(2414917, 2577900, 629403, 5622220)
(2414916, 2577900, 629403, 5622219)
(2414366, 2577900, 629403, 5621669)
(2413858, 2577900, 629403, 5621161)
(2413043, 2577900, 629403, 5620346)
(2412393, 2577900, 629403, 5619696)
(2412299, 2577900, 629403, 5619602)
(2411299, 2577900, 629403, 5618602)
(2410369, 2577900, 629403, 5617672)
(2409627, 2577900, 629403, 5616930)
(2409491, 2577900, 629403, 5616794)
(2409169, 2577900, 629403, 5616472)
(2408865, 2577900, 629403, 5616168)
(2408200, 2577900, 629403, 5615503)
(2407737, 2577900, 629403, 5615040)
(2406920, 2577900, 629403, 5614223)
(2406219, 2577900, 629403, 5613522)
(2405730, 2577900, 629403, 5613033)
(2405019, 2577900, 629403, 5612322)
(2405018, 2577900, 629403, 5612321)
