(2084376, 2149108, 704296, 4937780)
(2079798, 2132802, 688732, 4901332)
(2014284, 2177352, 688732, 4880368)
(1920655, 2234684, 688732, 4844071)
(1832819, 2300820, 688732, 4822371)
(1744681, 2358690, 688732, 4792103)
(1531272, 2535857, 688732, 4755861)
(1531272, 2535857, 688732, 4755861)
(1461007, 2585303, 688732, 4735042)
(1410675, 2622701, 688732, 4722108)
(4148684, 573364, 434375, 5156423)
(4151115, 563986, 435167, 5150268)
(4070617, 612054, 435167, 5117838)
(4068754, 612054, 435167, 5115975)
(2054058, 2222376, 677765, 4954199)
(2021713, 2228679, 677765, 4928157)
(1902092, 2302767, 677765, 4882624)
(1820758, 2350193, 677765, 4848716)
(1772384, 2392795, 677765, 4842944)
(1675257, 2434831, 677765, 4787853)
(4484874, 334104, 309284, 5128262)
(4330713, 434940, 309284, 5074937)
(4247421, 496922, 309284, 5053627)
(4165919, 528512, 309284, 5003715)
(4051184, 601354, 309284, 4961822)
(4002781, 630388, 309284, 4942453)
(3940145, 687383, 309284, 4936812)
(3864552, 743725, 309284, 4917561)
(3860050, 736276, 309284, 4905610)
(3860050, 736276, 309284, 4905610)
(3738065, 815000, 511088, 5064153)
(3783428, 773242, 495695, 5052365)
(3782200, 773242, 495695, 5051137)
(3725568, 799644, 495695, 5020907)
(2135392, 2174950, 677765, 4988107)
