(2637094, 2500664, 652773, 5790531)
(2636767, 2500664, 652773, 5790204)
(2636316, 2500664, 652773, 5789753)
(2636012, 2500664, 652773, 5789449)
(2635727, 2500664, 652773, 5789164)
(2635511, 2500664, 652773, 5788948)
(2635249, 2500664, 652773, 5788686)
(2634628, 2500664, 652773, 5788065)
(2634154, 2500664, 652773, 5787591)
(2633952, 2500664, 652773, 5787389)
(2633357, 2500664, 652773, 5786794)
(2632624, 2500664, 652773, 5786061)
(2632092, 2500664, 652773, 5785529)
(2631458, 2500664, 652773, 5784895)
(2631245, 2500664, 652773, 5784682)
(2630751, 2500664, 652773, 5784188)
(2630135, 2500664, 652773, 5783572)
(2629658, 2500664, 652773, 5783095)
(2629034, 2500664, 652773, 5782471)
(2628710, 2500664, 652773, 5782147)
(2628209, 2500664, 652773, 5781646)
(2627652, 2500664, 652773, 5781089)
(2627144, 2500664, 652773, 5780581)
(2626430, 2500664, 652773, 5779867)
(2625781, 2500664, 652773, 5779218)
(2624990, 2500664, 652773, 5778427)
(2624687, 2500664, 652773, 5778124)
(2624289, 2500664, 652773, 5777726)
(2623686, 2500664, 652773, 5777123)
(2623062, 2500664, 652773, 5776499)
(2622700, 2500664, 652773, 5776137)
(2622599, 2500664, 652773, 5776036)
(2622299, 2500664, 652773, 5775736)
(2621960, 2500664, 652773, 5775397)
(2621281, 2500664, 652773, 5774718)
(2620397, 2500664, 652773, 5773834)
(2619930, 2500664, 652773, 5773367)
(2619435, 2500664, 652773, 5772872)
(2619085, 2500664, 652773, 5772522)
(2618812, 2500664, 652773, 5772249)
(2618277, 2500664, 652773, 5771714)
(2617815, 2500664, 652773, 5771252)
(2617381, 2500664, 652773, 5770818)
(2617204, 2500664, 652773, 5770641)
(2616757, 2500664, 652773, 5770194)
(2616622, 2500664, 652773, 5770059)
(2615609, 2500664, 652773, 5769046)
(2615325, 2500664, 652773, 5768762)
(2614896, 2500664, 652773, 5768333)
(2613973, 2500664, 652773, 5767410)
(2613289, 2500664, 652773, 5766726)
(2612611, 2500664, 652773, 5766048)
(2611846, 2500664, 652773, 5765283)
(2611724, 2500664, 652773, 5765161)
(2611343, 2500664, 652773, 5764780)
(2610996, 2500664, 652773, 5764433)
(2610784, 2500664, 652773, 5764221)
(2609919, 2500664, 652773, 5763356)
(2609869, 2500664, 652773, 5763306)
(2609090, 2500664, 652773, 5762527)
(2608717, 2500664, 652773, 5762154)
(2608237, 2500664, 652773, 5761674)
(2607735, 2500664, 652773, 5761172)
(2607359, 2500664, 652773, 5760796)
(2606743, 2500664, 652773, 5760180)
(2606112, 2500664, 652773, 5759549)
(2605167, 2500664, 652773, 5758604)
(2604748, 2500664, 652773, 5758185)
(2604105, 2500664, 652773, 5757542)
(2603877, 2500664, 652773, 5757314)
(2603232, 2500664, 652773, 5756669)
(2602309, 2500664, 652773, 5755746)
(2602127, 2500664, 652773, 5755564)
(2601869, 2500664, 652773, 5755306)
(2601483, 2500664, 652773, 5754920)
(2600772, 2500664, 652773, 5754209)
(2600214, 2500664, 652773, 5753651)
(2599851, 2500664, 652773, 5753288)
(2599577, 2500664, 652773, 5753014)
(2598842, 2500664, 652773, 5752279)
(2597951, 2500664, 652773, 5751388)
(2597756, 2500664, 652773, 5751193)
(2597075, 2500664, 652773, 5750512)
(2596758, 2500664, 652773, 5750195)
(2596122, 2500664, 652773, 5749559)
(2595612, 2500664, 652773, 5749049)
(2594957, 2500664, 652773, 5748394)
(2594422, 2500664, 652773, 5747859)
(2594140, 2500664, 652773, 5747577)
(2593149, 2500664, 652773, 5746586)
(2592878, 2500664, 652773, 5746315)
(2592653, 2500664, 652773, 5746090)
(2591820, 2500664, 652773, 5745257)
(2591657, 2500664, 652773, 5745094)
(2591345, 2500664, 652773, 5744782)
(2591303, 2500664, 652773, 5744740)
(2590830, 2500664, 652773, 5744267)
(2590292, 2500664, 652773, 5743729)
(2589429, 2500664, 652773, 5742866)
(2588960, 2500664, 652773, 5742397)
(2588406, 2500664, 652773, 5741843)
(2588034, 2500664, 652773, 5741471)
(2587606, 2500664, 652773, 5741043)
(2587322, 2500664, 652773, 5740759)
(2586904, 2500664, 652773, 5740341)
(2586621, 2500664, 652773, 5740058)
(2585615, 2500664, 652773, 5739052)
(2584861, 2500664, 652773, 5738298)
(2584527, 2500664, 652773, 5737964)
(2583610, 2500664, 652773, 5737047)
(2582990, 2500664, 652773, 5736427)
(2582449, 2500664, 652773, 5735886)
(2581962, 2500664, 652773, 5735399)
(2581177, 2500664, 652773, 5734614)
(2580573, 2500664, 652773, 5734010)
(2580334, 2500664, 652773, 5733771)
(2579554, 2500664, 652773, 5732991)
(2578760, 2500664, 652773, 5732197)
(2578201, 2500664, 652773, 5731638)
(2577847, 2500664, 652773, 5731284)
(2577414, 2500664, 652773, 5730851)
(2576862, 2500664, 652773, 5730299)
(2576268, 2500664, 652773, 5729705)
(2575772, 2500664, 652773, 5729209)
(2575465, 2500664, 652773, 5728902)
(2574872, 2500664, 652773, 5728309)
(2574708, 2500664, 652773, 5728145)
(2574681, 2500664, 652773, 5728118)
(2574406, 2500664, 652773, 5727843)
(2574093, 2500664, 652773, 5727530)
(2573474, 2500664, 652773, 5726911)
(2572807, 2500664, 652773, 5726244)
(2572130, 2500664, 652773, 5725567)
(2572045, 2500664, 652773, 5725482)
(2571585, 2500664, 652773, 5725022)
(2571143, 2500664, 652773, 5724580)
(2570650, 2500664, 652773, 5724087)
(2569855, 2500664, 652773, 5723292)
(2569178, 2500664, 652773, 5722615)
(2568768, 2500664, 652773, 5722205)
(2568462, 2500664, 652773, 5721899)
(2568152, 2500664, 652773, 5721589)
(2567447, 2500664, 652773, 5720884)
(2567277, 2500664, 652773, 5720714)
(2566450, 2500664, 652773, 5719887)
(2565729, 2500664, 652773, 5719166)
(2565552, 2500664, 652773, 5718989)
(2564855, 2500664, 652773, 5718292)
(2564068, 2500664, 652773, 5717505)
(2563232, 2500664, 652773, 5716669)
(2562662, 2500664, 652773, 5716099)
(2562081, 2500664, 652773, 5715518)
(2561613, 2500664, 652773, 5715050)
(2560927, 2500664, 652773, 5714364)
(2560108, 2500664, 652773, 5713545)
(2559312, 2500664, 652773, 5712749)
(2558960, 2500664, 652773, 5712397)
(2558614, 2500664, 652773, 5712051)
(2558074, 2500664, 652773, 5711511)
(2557759, 2500664, 652773, 5711196)
(2557298, 2500664, 652773, 5710735)
(2556425, 2500664, 652773, 5709862)
(2556078, 2500664, 652773, 5709515)
(2555650, 2500664, 652773, 5709087)
(2554791, 2500664, 652773, 5708228)
(2554607, 2500664, 652773, 5708044)
(2554262, 2500664, 652773, 5707699)
(2553915, 2500664, 652773, 5707352)
(2553453, 2500664, 652773, 5706890)
(2552814, 2500664, 652773, 5706251)
(2552225, 2500664, 652773, 5705662)
(2551777, 2500664, 652773, 5705214)
(2551576, 2500664, 652773, 5705013)
(2550609, 2500664, 652773, 5704046)
(2550003, 2500664, 652773, 5703440)
(2549418, 2500664, 652773, 5702855)
(2549255, 2500664, 652773, 5702692)
(2548599, 2500664, 652773, 5702036)
(2548062, 2500664, 652773, 5701499)
(2547545, 2500664, 652773, 5700982)
(2546778, 2500664, 652773, 5700215)
(2545987, 2500664, 652773, 5699424)
(2545693, 2500664, 652773, 5699130)
(2545103, 2500664, 652773, 5698540)
(2544588, 2500664, 652773, 5698025)
(2544020, 2500664, 652773, 5697457)
(2543747, 2500664, 652773, 5697184)
(2543666, 2500664, 652773, 5697103)
(2543040, 2500664, 652773, 5696477)
(2542218, 2500664, 652773, 5695655)
(2541940, 2500664, 652773, 5695377)
(2541344, 2500664, 652773, 5694781)
(2540674, 2500664, 652773, 5694111)
(2540088, 2500664, 652773, 5693525)
(2539432, 2500664, 652773, 5692869)
(2538848, 2500664, 652773, 5692285)
(2538191, 2500664, 652773, 5691628)
(2537456, 2500664, 652773, 5690893)
(2536728, 2500664, 652773, 5690165)
(2535773, 2500664, 652773, 5689210)
(2535516, 2500664, 652773, 5688953)
(2535235, 2500664, 652773, 5688672)
(2534482, 2500664, 652773, 5687919)
(2533869, 2500664, 652773, 5687306)
(2533186, 2500664, 652773, 5686623)
(2533179, 2500664, 652773, 5686616)
(2532737, 2500664, 652773, 5686174)
(2531828, 2500664, 652773, 5685265)
(2531454, 2500664, 652773, 5684891)
(2531090, 2500664, 652773, 5684527)
(2530769, 2500664, 652773, 5684206)
(2530106, 2500664, 652773, 5683543)
(2529856, 2500664, 652773, 5683293)
(2529601, 2500664, 652773, 5683038)
(2529063, 2500664, 652773, 5682500)
(2528734, 2500664, 652773, 5682171)
(2528396, 2500664, 652773, 5681833)
(2527737, 2500664, 652773, 5681174)
(2527541, 2500664, 652773, 5680978)
(2527237, 2500664, 652773, 5680674)
(2526420, 2500664, 652773, 5679857)
(2525356, 2500664, 652773, 5678793)
(2524621, 2500664, 652773, 5678058)
(2524353, 2500664, 652773, 5677790)
(2523961, 2500664, 652773, 5677398)
(2523416, 2500664, 652773, 5676853)
(2522680, 2500664, 652773, 5676117)
(2521915, 2500664, 652773, 5675352)
(2521577, 2500664, 652773, 5675014)
(2520941, 2500664, 652773, 5674378)
(2520012, 2500664, 652773, 5673449)
(2519877, 2500664, 652773, 5673314)
(2519702, 2500664, 652773, 5673139)
(2519298, 2500664, 652773, 5672735)
(2518803, 2500664, 652773, 5672240)
(2518002, 2500664, 652773, 5671439)
(2517643, 2500664, 652773, 5671080)
(2516873, 2500664, 652773, 5670310)
(2516303, 2500664, 652773, 5669740)
(2515583, 2500664, 652773, 5669020)
(2515344, 2500664, 652773, 5668781)
(2514879, 2500664, 652773, 5668316)
(2514456, 2500664, 652773, 5667893)
(2513934, 2500664, 652773, 5667371)
(2513426, 2500664, 652773, 5666863)
(2512895, 2500664, 652773, 5666332)
(2512599, 2500664, 652773, 5666036)
(2512337, 2500664, 652773, 5665774)
(2511745, 2500664, 652773, 5665182)
(2511260, 2500664, 652773, 5664697)
(2510457, 2500664, 652773, 5663894)
(2510288, 2500664, 652773, 5663725)
(2510246, 2500664, 652773, 5663683)
(2510022, 2500664, 652773, 5663459)
(2509425, 2500664, 652773, 5662862)
(2509043, 2500664, 652773, 5662480)
(2508514, 2500664, 652773, 5661951)
(2507841, 2500664, 652773, 5661278)
(2507723, 2500664, 652773, 5661160)
(2507116, 2500664, 652773, 5660553)
(2506250, 2500664, 652773, 5659687)
(2505606, 2500664, 652773, 5659043)
(2505089, 2500664, 652773, 5658526)
(2504689, 2500664, 652773, 5658126)
(2504054, 2500664, 652773, 5657491)
(2503573, 2500664, 652773, 5657010)
(2502818, 2500664, 652773, 5656255)
(2502597, 2500664, 652773, 5656034)
(2501945, 2500664, 652773, 5655382)
(2501901, 2500664, 652773, 5655338)
(2501811, 2500664, 652773, 5655248)
(2501048, 2500664, 652773, 5654485)
(2500648, 2500664, 652773, 5654085)
(2500189, 2500664, 652773, 5653626)
(2499564, 2500664, 652773, 5653001)
(2499316, 2500664, 652773, 5652753)
(2499136, 2500664, 652773, 5652573)
(2498876, 2500664, 652773, 5652313)
(2498592, 2500664, 652773, 5652029)
(2498056, 2500664, 652773, 5651493)
(2497580, 2500664, 652773, 5651017)
(2497115, 2500664, 652773, 5650552)
(2496428, 2500664, 652773, 5649865)
(2496023, 2500664, 652773, 5649460)
(2495699, 2500664, 652773, 5649136)
(2495271, 2500664, 652773, 5648708)
(2494963, 2500664, 652773, 5648400)
(2494575, 2500664, 652773, 5648012)
(2493828, 2500664, 652773, 5647265)
(2493444, 2500664, 652773, 5646881)
(2492960, 2500664, 652773, 5646397)
(2492446, 2500664, 652773, 5645883)
(2491705, 2500664, 652773, 5645142)
(2491513, 2500664, 652773, 5644950)
(2491465, 2500664, 652773, 5644902)
(2491177, 2500664, 652773, 5644614)
(2490561, 2500664, 652773, 5643998)
(2490160, 2500664, 652773, 5643597)
(2490029, 2500664, 652773, 5643466)
(2489404, 2500664, 652773, 5642841)
(2489125, 2500664, 652773, 5642562)
(2489009, 2500664, 652773, 5642446)
(2488465, 2500664, 652773, 5641902)
(2488251, 2500664, 652773, 5641688)
(2488006, 2500664, 652773, 5641443)
(2487561, 2500664, 652773, 5640998)
(2487025, 2500664, 652773, 5640462)
(2486776, 2500664, 652773, 5640213)
(2486456, 2500664, 652773, 5639893)
(2485693, 2500664, 652773, 5639130)
(2485289, 2500664, 652773, 5638726)
(2484955, 2500664, 652773, 5638392)
(2484190, 2500664, 652773, 5637627)
(2483325, 2500664, 652773, 5636762)
(2482806, 2500664, 652773, 5636243)
(2482391, 2500664, 652773, 5635828)
(2481609, 2500664, 652773, 5635046)
(2480829, 2500664, 652773, 5634266)
(2480134, 2500664, 652773, 5633571)
(2479841, 2500664, 652773, 5633278)
(2479382, 2500664, 652773, 5632819)
(2478987, 2500664, 652773, 5632424)
(2478730, 2500664, 652773, 5632167)
(2478168, 2500664, 652773, 5631605)
(2477493, 2500664, 652773, 5630930)
(2476266, 2500664, 652773, 5629703)
(2475694, 2500664, 652773, 5629131)
(2475143, 2500664, 652773, 5628580)
(2474606, 2500664, 652773, 5628043)
(2474220, 2500664, 652773, 5627657)
(2473147, 2500664, 652773, 5626584)
(2472154, 2500664, 652773, 5625591)
(2471890, 2500664, 652773, 5625327)
(2471546, 2500664, 652773, 5624983)
(2471177, 2500664, 652773, 5624614)
(2470250, 2500664, 652773, 5623687)
(2469816, 2500664, 652773, 5623253)
(2469005, 2500664, 652773, 5622442)
(2468313, 2500664, 652773, 5621750)
(2467942, 2500664, 652773, 5621379)
(2467204, 2500664, 652773, 5620641)
(2466933, 2500664, 652773, 5620370)
(2466549, 2500664, 652773, 5619986)
(2466110, 2500664, 652773, 5619547)
(2465545, 2500664, 652773, 5618982)
(2464903, 2500664, 652773, 5618340)
(2464460, 2500664, 652773, 5617897)
(2463494, 2500664, 652773, 5616931)
(2463327, 2500664, 652773, 5616764)
(2463147, 2500664, 652773, 5616584)
(2462826, 2500664, 652773, 5616263)
(2462365, 2500664, 652773, 5615802)
(2461998, 2500664, 652773, 5615435)
(2461620, 2500664, 652773, 5615057)
(2461333, 2500664, 652773, 5614770)
(2460497, 2500664, 652773, 5613934)
(2460168, 2500664, 652773, 5613605)
(2459495, 2500664, 652773, 5612932)
(2458880, 2500664, 652773, 5612317)
(2458449, 2500664, 652773, 5611886)
(2458015, 2500664, 652773, 5611452)
(2457120, 2500664, 652773, 5610557)
(2456636, 2500664, 652773, 5610073)
(2456426, 2500664, 652773, 5609863)
(2455683, 2500664, 652773, 5609120)
(2455357, 2500664, 652773, 5608794)
(2454715, 2500664, 652773, 5608152)
(2454280, 2500664, 652773, 5607717)
(2453842, 2500664, 652773, 5607279)
(2453219, 2500664, 652773, 5606656)
(2452721, 2500664, 652773, 5606158)
(2451842, 2500664, 652773, 5605279)
(2451403, 2500664, 652773, 5604840)
(2450878, 2500664, 652773, 5604315)
(2450231, 2500664, 652773, 5603668)
(2449460, 2500664, 652773, 5602897)
(2448492, 2500664, 652773, 5601929)
(2447913, 2500664, 652773, 5601350)
(2447462, 2500664, 652773, 5600899)
(2446432, 2500664, 652773, 5599869)
(2446077, 2500664, 652773, 5599514)
(2445788, 2500664, 652773, 5599225)
(2445150, 2500664, 652773, 5598587)
(2444231, 2500664, 652773, 5597668)
(2443573, 2500664, 652773, 5597010)
(2443172, 2500664, 652773, 5596609)
(2443080, 2500664, 652773, 5596517)
(2442088, 2500664, 652773, 5595525)
(2441862, 2500664, 652773, 5595299)
(2441703, 2500664, 652773, 5595140)
(2441586, 2500664, 652773, 5595023)
(2441194, 2500664, 652773, 5594631)
(2440360, 2500664, 652773, 5593797)
(2439774, 2500664, 652773, 5593211)
(2439260, 2500664, 652773, 5592697)
(2439106, 2500664, 652773, 5592543)
(2438477, 2500664, 652773, 5591914)
(2438379, 2500664, 652773, 5591816)
(2437961, 2500664, 652773, 5591398)
(2437226, 2500664, 652773, 5590663)
(2436632, 2500664, 652773, 5590069)
(2435763, 2500664, 652773, 5589200)
(2435196, 2500664, 652773, 5588633)
(2434714, 2500664, 652773, 5588151)
(2434374, 2500664, 652773, 5587811)
(2433787, 2500664, 652773, 5587224)
(2433558, 2500664, 652773, 5586995)
(2432944, 2500664, 652773, 5586381)
(2432496, 2500664, 652773, 5585933)
(2431998, 2500664, 652773, 5585435)
(2431299, 2500664, 652773, 5584736)
(2430763, 2500664, 652773, 5584200)
(2430077, 2500664, 652773, 5583514)
(2429750, 2500664, 652773, 5583187)
(2428911, 2500664, 652773, 5582348)
(2427972, 2500664, 652773, 5581409)
(2427414, 2500664, 652773, 5580851)
(2427095, 2500664, 652773, 5580532)
(2426918, 2500664, 652773, 5580355)
(2425947, 2500664, 652773, 5579384)
(2425115, 2500664, 652773, 5578552)
(2424644, 2500664, 652773, 5578081)
(2424030, 2500664, 652773, 5577467)
(2423546, 2500664, 652773, 5576983)
(2423023, 2500664, 652773, 5576460)
(2422630, 2500664, 652773, 5576067)
(2422417, 2500664, 652773, 5575854)
(2422123, 2500664, 652773, 5575560)
(2421367, 2500664, 652773, 5574804)
(2420649, 2500664, 652773, 5574086)
(2419875, 2500664, 652773, 5573312)
(2419124, 2500664, 652773, 5572561)
(2418630, 2500664, 652773, 5572067)
(2417957, 2500664, 652773, 5571394)
(2417320, 2500664, 652773, 5570757)
(2416933, 2500664, 652773, 5570370)
(2416398, 2500664, 652773, 5569835)
(2415489, 2500664, 652773, 5568926)
(2414813, 2500664, 652773, 5568250)
(2414179, 2500664, 652773, 5567616)
(2413620, 2500664, 652773, 5567057)
(2412579, 2500664, 652773, 5566016)
(2412221, 2500664, 652773, 5565658)
(2411650, 2500664, 652773, 5565087)
(2411530, 2500664, 652773, 5564967)
(2411361, 2500664, 652773, 5564798)
(2410649, 2500664, 652773, 5564086)
(2410422, 2500664, 652773, 5563859)
(2409710, 2500664, 652773, 5563147)
(2409069, 2500664, 652773, 5562506)
(2408366, 2500664, 652773, 5561803)
(2407741, 2500664, 652773, 5561178)
(2407379, 2500664, 652773, 5560816)
(2406619, 2500664, 652773, 5560056)
(2405587, 2500664, 652773, 5559024)
(2405073, 2500664, 652773, 5558510)
(2404660, 2500664, 652773, 5558097)
(2403975, 2500664, 652773, 5557412)
(2403661, 2500664, 652773, 5557098)
(2403317, 2500664, 652773, 5556754)
(2402503, 2500664, 652773, 5555940)
(2401926, 2500664, 652773, 5555363)
(2401220, 2500664, 652773, 5554657)
(2400413, 2500664, 652773, 5553850)
(2400077, 2500664, 652773, 5553514)
(2399708, 2500664, 652773, 5553145)
(2399337, 2500664, 652773, 5552774)
(2398860, 2500664, 652773, 5552297)
(2398409, 2500664, 652773, 5551846)
(2397579, 2500664, 652773, 5551016)
(2397018, 2500664, 652773, 5550455)
(2396387, 2500664, 652773, 5549824)
(2395471, 2500664, 652773, 5548908)
(2394683, 2500664, 652773, 5548120)
(2393869, 2500664, 652773, 5547306)
(2393779, 2500664, 652773, 5547216)
(2393041, 2500664, 652773, 5546478)
(2392589, 2500664, 652773, 5546026)
(2391982, 2500664, 652773, 5545419)
(2391409, 2500664, 652773, 5544846)
(2390878, 2500664, 652773, 5544315)
(2390066, 2500664, 652773, 5543503)
(2389612, 2500664, 652773, 5543049)
(2389385, 2500664, 652773, 5542822)
(2388871, 2500664, 652773, 5542308)
(2387923, 2500664, 652773, 5541360)
(2387671, 2500664, 652773, 5541108)
(2387156, 2500664, 652773, 5540593)
(2386701, 2500664, 652773, 5540138)
(2386090, 2500664, 652773, 5539527)
(2385550, 2500664, 652773, 5538987)
(2385215, 2500664, 652773, 5538652)
(2384680, 2500664, 652773, 5538117)
(2384203, 2500664, 652773, 5537640)
(2383065, 2500664, 652773, 5536502)
(2382197, 2500664, 652773, 5535634)
(2381948, 2500664, 652773, 5535385)
(2381553, 2500664, 652773, 5534990)
(2381059, 2500664, 652773, 5534496)
(2380545, 2500664, 652773, 5533982)
(2379916, 2500664, 652773, 5533353)
(2379369, 2500664, 652773, 5532806)
(2378788, 2500664, 652773, 5532225)
(2378548, 2500664, 652773, 5531985)
(2377667, 2500664, 652773, 5531104)
(2377104, 2500664, 652773, 5530541)
(2376302, 2500664, 652773, 5529739)
(2375662, 2500664, 652773, 5529099)
(2375142, 2500664, 652773, 5528579)
(2374679, 2500664, 652773, 5528116)
(2374421, 2500664, 652773, 5527858)
(2374268, 2500664, 652773, 5527705)
(2374223, 2500664, 652773, 5527660)
(2373687, 2500664, 652773, 5527124)
(2373512, 2500664, 652773, 5526949)
(2373148, 2500664, 652773, 5526585)
(2372542, 2500664, 652773, 5525979)
(2372107, 2500664, 652773, 5525544)
(2372007, 2500664, 652773, 5525444)
(2371790, 2500664, 652773, 5525227)
(2371299, 2500664, 652773, 5524736)
(2370914, 2500664, 652773, 5524351)
(2370379, 2500664, 652773, 5523816)
(2369838, 2500664, 652773, 5523275)
(2369146, 2500664, 652773, 5522583)
(2368498, 2500664, 652773, 5521935)
(2367712, 2500664, 652773, 5521149)
(2367193, 2500664, 652773, 5520630)
(2366426, 2500664, 652773, 5519863)
(2366317, 2500664, 652773, 5519754)
(2365908, 2500664, 652773, 5519345)
(2365203, 2500664, 652773, 5518640)
(2364400, 2500664, 652773, 5517837)
(2363493, 2500664, 652773, 5516930)
(2362886, 2500664, 652773, 5516323)
(2362639, 2500664, 652773, 5516076)
(2362221, 2500664, 652773, 5515658)
(2361771, 2500664, 652773, 5515208)
(2361456, 2500664, 652773, 5514893)
(2360563, 2500664, 652773, 5514000)
(2360035, 2500664, 652773, 5513472)
(2359766, 2500664, 652773, 5513203)
(2359160, 2500664, 652773, 5512597)
(2358982, 2500664, 652773, 5512419)
(2357785, 2500664, 652773, 5511222)
(2357326, 2500664, 652773, 5510763)
(2357181, 2500664, 652773, 5510618)
(2356887, 2500664, 652773, 5510324)
(2356339, 2500664, 652773, 5509776)
(2355767, 2500664, 652773, 5509204)
(2355231, 2500664, 652773, 5508668)
(2354587, 2500664, 652773, 5508024)
