(3243494, 3310508, 948786, 7502788)
(3242778, 3310508, 948786, 7502072)
(3242402, 3310508, 948786, 7501696)
(3241710, 3310508, 948786, 7501004)
(3240982, 3310508, 948786, 7500276)
(3240350, 3310508, 948786, 7499644)
(3240051, 3310508, 948786, 7499345)
(3239994, 3310508, 948786, 7499288)
(3239478, 3310508, 948786, 7498772)
(3239166, 3310508, 948786, 7498460)
(3239047, 3310508, 948786, 7498341)
(3238020, 3310508, 948786, 7497314)
(3237698, 3310508, 948786, 7496992)
(3237617, 3310508, 948786, 7496911)
(3236652, 3310508, 948786, 7495946)
(3236651, 3310508, 948786, 7495945)
(3235736, 3310508, 948786, 7495030)
(3235063, 3310508, 948786, 7494357)
(3234579, 3310508, 948786, 7493873)
(3234083, 3310508, 948786, 7493377)
(3234082, 3310508, 948786, 7493376)
(3233449, 3310508, 948786, 7492743)
(3232833, 3310508, 948786, 7492127)
(3232196, 3310508, 948786, 7491490)
(3231246, 3310508, 948786, 7490540)
(3231075, 3310508, 948786, 7490369)
(3230521, 3310508, 948786, 7489815)
(3229789, 3310508, 948786, 7489083)
(3228819, 3310508, 948786, 7488113)
(3228375, 3310508, 948786, 7487669)
(3227920, 3310508, 948786, 7487214)
(3227235, 3310508, 948786, 7486529)
(3226657, 3310508, 948786, 7485951)
(3226375, 3310508, 948786, 7485669)
(3225827, 3310508, 948786, 7485121)
(3224832, 3310508, 948786, 7484126)
(3224494, 3310508, 948786, 7483788)
(3223796, 3310508, 948786, 7483090)
(3223554, 3310508, 948786, 7482848)
(3223093, 3310508, 948786, 7482387)
(3222762, 3310508, 948786, 7482056)
(3222286, 3310508, 948786, 7481580)
(3221680, 3310508, 948786, 7480974)
(3221501, 3310508, 948786, 7480795)
(3221427, 3310508, 948786, 7480721)
(3220876, 3310508, 948786, 7480170)
(3220142, 3310508, 948786, 7479436)
(3219967, 3310508, 948786, 7479261)
(3219844, 3310508, 948786, 7479138)
(3219764, 3310508, 948786, 7479058)
(3219084, 3310508, 948786, 7478378)
(3218500, 3310508, 948786, 7477794)
(3217764, 3310508, 948786, 7477058)
(3217295, 3310508, 948786, 7476589)
(3216797, 3310508, 948786, 7476091)
(3216114, 3310508, 948786, 7475408)
(3215873, 3310508, 948786, 7475167)
(3215501, 3310508, 948786, 7474795)
(3215285, 3310508, 948786, 7474579)
(3215234, 3310508, 948786, 7474528)
(3215083, 3310508, 948786, 7474377)
(3214687, 3310508, 948786, 7473981)
(3214308, 3310508, 948786, 7473602)
(3213706, 3310508, 948786, 7473000)
(3213663, 3310508, 948786, 7472957)
(3213078, 3310508, 948786, 7472372)
(3212521, 3310508, 948786, 7471815)
(3212153, 3310508, 948786, 7471447)
(3211403, 3310508, 948786, 7470697)
(3211199, 3310508, 948786, 7470493)
(3210878, 3310508, 948786, 7470172)
(3210254, 3310508, 948786, 7469548)
(3209963, 3310508, 948786, 7469257)
(3209826, 3310508, 948786, 7469120)
(3209258, 3310508, 948786, 7468552)
(3209257, 3310508, 948786, 7468551)
(3208867, 3310508, 948786, 7468161)
(3208231, 3310508, 948786, 7467525)
(3207275, 3310508, 948786, 7466569)
(3206811, 3310508, 948786, 7466105)
(3206125, 3310508, 948786, 7465419)
(3205446, 3310508, 948786, 7464740)
(3204642, 3310508, 948786, 7463936)
(3204132, 3310508, 948786, 7463426)
(3203967, 3310508, 948786, 7463261)
(3203648, 3310508, 948786, 7462942)
(3203001, 3310508, 948786, 7462295)
(3203000, 3310508, 948786, 7462294)
(3202517, 3310508, 948786, 7461811)
(3202294, 3310508, 948786, 7461588)
(3201884, 3310508, 948786, 7461178)
(3201723, 3310508, 948786, 7461017)
(3200990, 3310508, 948786, 7460284)
(3200646, 3310508, 948786, 7459940)
(3200342, 3310508, 948786, 7459636)
(3199794, 3310508, 948786, 7459088)
(3199374, 3310508, 948786, 7458668)
(3198607, 3310508, 948786, 7457901)
(3197943, 3310508, 948786, 7457237)
(3197103, 3310508, 948786, 7456397)
(3196140, 3310508, 948786, 7455434)
(3195765, 3310508, 948786, 7455059)
(3195209, 3310508, 948786, 7454503)
(3194860, 3310508, 948786, 7454154)
(3194552, 3310508, 948786, 7453846)
(3194118, 3310508, 948786, 7453412)
(3193427, 3310508, 948786, 7452721)
(3192937, 3310508, 948786, 7452231)
(3192816, 3310508, 948786, 7452110)
(3191989, 3310508, 948786, 7451283)
(3191456, 3310508, 948786, 7450750)
(3191455, 3310508, 948786, 7450749)
(3190635, 3310508, 948786, 7449929)
(3189765, 3310508, 948786, 7449059)
(3189201, 3310508, 948786, 7448495)
(3188671, 3310508, 948786, 7447965)
(3188025, 3310508, 948786, 7447319)
(3188024, 3310508, 948786, 7447318)
(3187224, 3310508, 948786, 7446518)
(3186556, 3310508, 948786, 7445850)
(3185594, 3310508, 948786, 7444888)
(3185116, 3310508, 948786, 7444410)
(3184538, 3310508, 948786, 7443832)
(3183652, 3310508, 948786, 7442946)
(3183230, 3310508, 948786, 7442524)
(3183049, 3310508, 948786, 7442343)
(3182009, 3310508, 948786, 7441303)
(3181147, 3310508, 948786, 7440441)
(3180545, 3310508, 948786, 7439839)
(3179577, 3310508, 948786, 7438871)
(3179108, 3310508, 948786, 7438402)
(3178507, 3310508, 948786, 7437801)
(3178218, 3310508, 948786, 7437512)
(3178010, 3310508, 948786, 7437304)
(3177568, 3310508, 948786, 7436862)
(3177443, 3310508, 948786, 7436737)
(3177083, 3310508, 948786, 7436377)
(3176062, 3310508, 948786, 7435356)
(3175011, 3310508, 948786, 7434305)
(3174783, 3310508, 948786, 7434077)
(3174289, 3310508, 948786, 7433583)
(3173750, 3310508, 948786, 7433044)
(3172918, 3310508, 948786, 7432212)
(3172717, 3310508, 948786, 7432011)
(3171965, 3310508, 948786, 7431259)
(3171066, 3310508, 948786, 7430360)
(3170730, 3310508, 948786, 7430024)
(3170621, 3310508, 948786, 7429915)
(3169931, 3310508, 948786, 7429225)
(3169431, 3310508, 948786, 7428725)
(3168901, 3310508, 948786, 7428195)
(3168007, 3310508, 948786, 7427301)
(3167342, 3310508, 948786, 7426636)
(3166480, 3310508, 948786, 7425774)
(3166145, 3310508, 948786, 7425439)
(3165238, 3310508, 948786, 7424532)
(3164834, 3310508, 948786, 7424128)
(3164371, 3310508, 948786, 7423665)
(3163469, 3310508, 948786, 7422763)
(3163219, 3310508, 948786, 7422513)
(3162521, 3310508, 948786, 7421815)
(3161945, 3310508, 948786, 7421239)
(3161269, 3310508, 948786, 7420563)
(3160774, 3310508, 948786, 7420068)
(3160773, 3310508, 948786, 7420067)
(3159965, 3310508, 948786, 7419259)
(3159436, 3310508, 948786, 7418730)
(3158656, 3310508, 948786, 7417950)
(3158421, 3310508, 948786, 7417715)
(3157661, 3310508, 948786, 7416955)
(3157376, 3310508, 948786, 7416670)
(3156993, 3310508, 948786, 7416287)
(3156329, 3310508, 948786, 7415623)
(3155552, 3310508, 948786, 7414846)
(3155446, 3310508, 948786, 7414740)
(3154754, 3310508, 948786, 7414048)
(3154008, 3310508, 948786, 7413302)
(3153700, 3310508, 948786, 7412994)
(3153408, 3310508, 948786, 7412702)
(3152695, 3310508, 948786, 7411989)
(3151658, 3310508, 948786, 7410952)
(3151193, 3310508, 948786, 7410487)
(3150580, 3310508, 948786, 7409874)
(3150403, 3310508, 948786, 7409697)
(3149842, 3310508, 948786, 7409136)
(3148863, 3310508, 948786, 7408157)
(3148531, 3310508, 948786, 7407825)
(3147840, 3310508, 948786, 7407134)
(3147827, 3310508, 948786, 7407121)
(3147238, 3310508, 948786, 7406532)
(3146991, 3310508, 948786, 7406285)
(3146110, 3310508, 948786, 7405404)
(3145182, 3310508, 948786, 7404476)
(3144065, 3310508, 948786, 7403359)
(3143509, 3310508, 948786, 7402803)
(3142630, 3310508, 948786, 7401924)
(3141777, 3310508, 948786, 7401071)
(3141341, 3310508, 948786, 7400635)
(3141053, 3310508, 948786, 7400347)
(3140638, 3310508, 948786, 7399932)
(3140244, 3310508, 948786, 7399538)
(3139258, 3310508, 948786, 7398552)
(3138562, 3310508, 948786, 7397856)
(3137798, 3310508, 948786, 7397092)
(3137617, 3310508, 948786, 7396911)
(3137266, 3310508, 948786, 7396560)
(3136980, 3310508, 948786, 7396274)
(3136306, 3310508, 948786, 7395600)
(3135601, 3310508, 948786, 7394895)
(3135173, 3310508, 948786, 7394467)
(3134487, 3310508, 948786, 7393781)
(3133678, 3310508, 948786, 7392972)
(3132958, 3310508, 948786, 7392252)
(3132373, 3310508, 948786, 7391667)
(3132014, 3310508, 948786, 7391308)
(3131393, 3310508, 948786, 7390687)
(3130485, 3310508, 948786, 7389779)
(3130235, 3310508, 948786, 7389529)
(3129360, 3310508, 948786, 7388654)
(3128856, 3310508, 948786, 7388150)
(3128374, 3310508, 948786, 7387668)
(3127788, 3310508, 948786, 7387082)
(3127237, 3310508, 948786, 7386531)
(3126555, 3310508, 948786, 7385849)
(3126212, 3310508, 948786, 7385506)
(3126211, 3310508, 948786, 7385505)
(3125874, 3310508, 948786, 7385168)
(3125873, 3310508, 948786, 7385167)
(3124962, 3310508, 948786, 7384256)
(3124231, 3310508, 948786, 7383525)
(3123462, 3310508, 948786, 7382756)
(3123461, 3310508, 948786, 7382755)
(3122502, 3310508, 948786, 7381796)
(3121486, 3310508, 948786, 7380780)
(3121228, 3310508, 948786, 7380522)
(3121227, 3310508, 948786, 7380521)
(3120355, 3310508, 948786, 7379649)
(3120045, 3310508, 948786, 7379339)
(3119436, 3310508, 948786, 7378730)
(3118898, 3310508, 948786, 7378192)
(3118047, 3310508, 948786, 7377341)
(3117070, 3310508, 948786, 7376364)
(3116971, 3310508, 948786, 7376265)
(3116181, 3310508, 948786, 7375475)
(3115596, 3310508, 948786, 7374890)
(3115160, 3310508, 948786, 7374454)
(3115112, 3310508, 948786, 7374406)
(3114569, 3310508, 948786, 7373863)
(3113700, 3310508, 948786, 7372994)
(3113130, 3310508, 948786, 7372424)
(3112841, 3310508, 948786, 7372135)
(3112343, 3310508, 948786, 7371637)
(3112256, 3310508, 948786, 7371550)
(3111501, 3310508, 948786, 7370795)
(3110896, 3310508, 948786, 7370190)
(3110704, 3310508, 948786, 7369998)
(3110216, 3310508, 948786, 7369510)
(3109368, 3310508, 948786, 7368662)
(3108404, 3310508, 948786, 7367698)
(3107546, 3310508, 948786, 7366840)
(3107181, 3310508, 948786, 7366475)
(3106534, 3310508, 948786, 7365828)
(3106493, 3310508, 948786, 7365787)
(3106171, 3310508, 948786, 7365465)
(3105805, 3310508, 948786, 7365099)
(3105187, 3310508, 948786, 7364481)
(3104629, 3310508, 948786, 7363923)
(3103855, 3310508, 948786, 7363149)
(3103569, 3310508, 948786, 7362863)
(3103253, 3310508, 948786, 7362547)
(3103049, 3310508, 948786, 7362343)
(3102581, 3310508, 948786, 7361875)
(3102160, 3310508, 948786, 7361454)
(3101749, 3310508, 948786, 7361043)
(3101326, 3310508, 948786, 7360620)
(3101017, 3310508, 948786, 7360311)
(3100538, 3310508, 948786, 7359832)
(3099526, 3310508, 948786, 7358820)
(3098641, 3310508, 948786, 7357935)
(3098174, 3310508, 948786, 7357468)
(3097728, 3310508, 948786, 7357022)
(3097391, 3310508, 948786, 7356685)
(3096753, 3310508, 948786, 7356047)
(3096712, 3310508, 948786, 7356006)
(3096711, 3310508, 948786, 7356005)
(3096382, 3310508, 948786, 7355676)
(3095860, 3310508, 948786, 7355154)
(3095718, 3310508, 948786, 7355012)
(3095493, 3310508, 948786, 7354787)
(3094786, 3310508, 948786, 7354080)
(3094323, 3310508, 948786, 7353617)
(3093959, 3310508, 948786, 7353253)
(3093364, 3310508, 948786, 7352658)
(3092691, 3310508, 948786, 7351985)
(3092029, 3310508, 948786, 7351323)
(3091583, 3310508, 948786, 7350877)
(3091582, 3310508, 948786, 7350876)
(3091331, 3310508, 948786, 7350625)
(3090873, 3310508, 948786, 7350167)
(3089866, 3310508, 948786, 7349160)
(3089185, 3310508, 948786, 7348479)
(3088752, 3310508, 948786, 7348046)
(3087828, 3310508, 948786, 7347122)
(3086776, 3310508, 948786, 7346070)
(3086497, 3310508, 948786, 7345791)
(3086303, 3310508, 948786, 7345597)
(3085678, 3310508, 948786, 7344972)
(3084766, 3310508, 948786, 7344060)
(3084397, 3310508, 948786, 7343691)
(3083803, 3310508, 948786, 7343097)
(3083784, 3310508, 948786, 7343078)
(3083508, 3310508, 948786, 7342802)
(3083474, 3310508, 948786, 7342768)
(3083393, 3310508, 948786, 7342687)
(3083089, 3310508, 948786, 7342383)
(3082754, 3310508, 948786, 7342048)
(3082527, 3310508, 948786, 7341821)
(3081356, 3310508, 948786, 7340650)
(3081066, 3310508, 948786, 7340360)
(3080585, 3310508, 948786, 7339879)
(3079930, 3310508, 948786, 7339224)
(3079246, 3310508, 948786, 7338540)
(3078305, 3310508, 948786, 7337599)
(3077855, 3310508, 948786, 7337149)
(3077854, 3310508, 948786, 7337148)
(3077357, 3310508, 948786, 7336651)
(3077300, 3310508, 948786, 7336594)
(3076593, 3310508, 948786, 7335887)
(3076264, 3310508, 948786, 7335558)
(3075475, 3310508, 948786, 7334769)
(3074872, 3310508, 948786, 7334166)
(3074633, 3310508, 948786, 7333927)
(3074164, 3310508, 948786, 7333458)
(3073753, 3310508, 948786, 7333047)
(3073137, 3310508, 948786, 7332431)
(3072607, 3310508, 948786, 7331901)
(3071976, 3310508, 948786, 7331270)
(3071252, 3310508, 948786, 7330546)
(3070835, 3310508, 948786, 7330129)
(3070108, 3310508, 948786, 7329402)
(3069389, 3310508, 948786, 7328683)
(3068288, 3310508, 948786, 7327582)
(3068235, 3310508, 948786, 7327529)
(3067402, 3310508, 948786, 7326696)
(3066486, 3310508, 948786, 7325780)
(3065829, 3310508, 948786, 7325123)
(3065239, 3310508, 948786, 7324533)
(3064272, 3310508, 948786, 7323566)
(3063498, 3310508, 948786, 7322792)
(3063038, 3310508, 948786, 7322332)
(3062551, 3310508, 948786, 7321845)
(3062290, 3310508, 948786, 7321584)
(3061992, 3310508, 948786, 7321286)
(3061635, 3310508, 948786, 7320929)
(3061137, 3310508, 948786, 7320431)
(3060071, 3310508, 948786, 7319365)
(3059925, 3310508, 948786, 7319219)
(3059380, 3310508, 948786, 7318674)
(3058815, 3310508, 948786, 7318109)
(3058482, 3310508, 948786, 7317776)
(3057959, 3310508, 948786, 7317253)
(3056947, 3310508, 948786, 7316241)
(3056034, 3310508, 948786, 7315328)
(3055102, 3310508, 948786, 7314396)
(3054370, 3310508, 948786, 7313664)
(3054299, 3310508, 948786, 7313593)
(3054173, 3310508, 948786, 7313467)
(3053471, 3310508, 948786, 7312765)
(3052908, 3310508, 948786, 7312202)
(3051983, 3310508, 948786, 7311277)
(3051137, 3310508, 948786, 7310431)
(3050858, 3310508, 948786, 7310152)
(3050530, 3310508, 948786, 7309824)
(3049439, 3310508, 948786, 7308733)
(3048608, 3310508, 948786, 7307902)
(3047873, 3310508, 948786, 7307167)
(3047799, 3310508, 948786, 7307093)
(3047413, 3310508, 948786, 7306707)
(3047163, 3310508, 948786, 7306457)
(3046476, 3310508, 948786, 7305770)
(3045969, 3310508, 948786, 7305263)
(3045662, 3310508, 948786, 7304956)
(3045077, 3310508, 948786, 7304371)
(3044683, 3310508, 948786, 7303977)
(3044682, 3310508, 948786, 7303976)
(3044386, 3310508, 948786, 7303680)
(3044106, 3310508, 948786, 7303400)
(3043554, 3310508, 948786, 7302848)
(3042898, 3310508, 948786, 7302192)
(3042339, 3310508, 948786, 7301633)
(3041688, 3310508, 948786, 7300982)
(3041319, 3310508, 948786, 7300613)
(3040472, 3310508, 948786, 7299766)
(3039973, 3310508, 948786, 7299267)
(3039460, 3310508, 948786, 7298754)
(3038727, 3310508, 948786, 7298021)
(3038474, 3310508, 948786, 7297768)
(3038116, 3310508, 948786, 7297410)
(3038003, 3310508, 948786, 7297297)
(3037343, 3310508, 948786, 7296637)
(3036922, 3310508, 948786, 7296216)
(3035978, 3310508, 948786, 7295272)
(3035188, 3310508, 948786, 7294482)
(3034102, 3310508, 948786, 7293396)
(3034012, 3310508, 948786, 7293306)
(3033386, 3310508, 948786, 7292680)
(3032945, 3310508, 948786, 7292239)
(3032252, 3310508, 948786, 7291546)
(3031856, 3310508, 948786, 7291150)
(3031461, 3310508, 948786, 7290755)
(3030982, 3310508, 948786, 7290276)
(3030209, 3310508, 948786, 7289503)
(3029438, 3310508, 948786, 7288732)
(3029380, 3310508, 948786, 7288674)
(3029341, 3310508, 948786, 7288635)
(3028942, 3310508, 948786, 7288236)
(3028466, 3310508, 948786, 7287760)
(3027718, 3310508, 948786, 7287012)
(3027241, 3310508, 948786, 7286535)
(3026661, 3310508, 948786, 7285955)
(3026412, 3310508, 948786, 7285706)
(3025860, 3310508, 948786, 7285154)
(3025859, 3310508, 948786, 7285153)
(3025315, 3310508, 948786, 7284609)
(3024717, 3310508, 948786, 7284011)
(3024611, 3310508, 948786, 7283905)
(3023683, 3310508, 948786, 7282977)
(3022970, 3310508, 948786, 7282264)
(3022559, 3310508, 948786, 7281853)
(3022038, 3310508, 948786, 7281332)
(3020921, 3310508, 948786, 7280215)
(3020107, 3310508, 948786, 7279401)
(3020069, 3310508, 948786, 7279363)
(3019426, 3310508, 948786, 7278720)
(3019165, 3310508, 948786, 7278459)
(3019164, 3310508, 948786, 7278458)
(3018436, 3310508, 948786, 7277730)
(3017825, 3310508, 948786, 7277119)
(3017731, 3310508, 948786, 7277025)
(3017115, 3310508, 948786, 7276409)
(3016682, 3310508, 948786, 7275976)
(3016164, 3310508, 948786, 7275458)
(3015650, 3310508, 948786, 7274944)
(3015139, 3310508, 948786, 7274433)
(3014658, 3310508, 948786, 7273952)
(3013839, 3310508, 948786, 7273133)
(3013654, 3310508, 948786, 7272948)
(3013192, 3310508, 948786, 7272486)
(3012262, 3310508, 948786, 7271556)
(3011902, 3310508, 948786, 7271196)
(3011317, 3310508, 948786, 7270611)
(3010722, 3310508, 948786, 7270016)
(3010504, 3310508, 948786, 7269798)
(3010310, 3310508, 948786, 7269604)
(3009396, 3310508, 948786, 7268690)
(3008717, 3310508, 948786, 7268011)
(3008502, 3310508, 948786, 7267796)
(3008018, 3310508, 948786, 7267312)
(3007353, 3310508, 948786, 7266647)
(3006582, 3310508, 948786, 7265876)
(3006355, 3310508, 948786, 7265649)
(3006122, 3310508, 948786, 7265416)
(3005926, 3310508, 948786, 7265220)
(3005156, 3310508, 948786, 7264450)
(3005081, 3310508, 948786, 7264375)
(3004473, 3310508, 948786, 7263767)
(3004384, 3310508, 948786, 7263678)
(3003478, 3310508, 948786, 7262772)
(3003095, 3310508, 948786, 7262389)
(3002519, 3310508, 948786, 7261813)
(3002086, 3310508, 948786, 7261380)
(3001786, 3310508, 948786, 7261080)
(3001386, 3310508, 948786, 7260680)
(3000685, 3310508, 948786, 7259979)
(2999969, 3310508, 948786, 7259263)
(2999114, 3310508, 948786, 7258408)
(2998681, 3310508, 948786, 7257975)
(2998132, 3310508, 948786, 7257426)
(2997864, 3310508, 948786, 7257158)
(2997494, 3310508, 948786, 7256788)
(2996821, 3310508, 948786, 7256115)
(2996342, 3310508, 948786, 7255636)
(2995724, 3310508, 948786, 7255018)
(2994924, 3310508, 948786, 7254218)
(2994252, 3310508, 948786, 7253546)
(2993458, 3310508, 948786, 7252752)
(2992609, 3310508, 948786, 7251903)
(2992420, 3310508, 948786, 7251714)
(2991475, 3310508, 948786, 7250769)
(2991206, 3310508, 948786, 7250500)
(2990590, 3310508, 948786, 7249884)
(2990263, 3310508, 948786, 7249557)
(2989945, 3310508, 948786, 7249239)
(2989249, 3310508, 948786, 7248543)
(2988804, 3310508, 948786, 7248098)
(2987877, 3310508, 948786, 7247171)
(2987063, 3310508, 948786, 7246357)
(2986702, 3310508, 948786, 7245996)
(2986198, 3310508, 948786, 7245492)
(2985518, 3310508, 948786, 7244812)
(2985054, 3310508, 948786, 7244348)
(2984039, 3310508, 948786, 7243333)
(2983469, 3310508, 948786, 7242763)
(2982502, 3310508, 948786, 7241796)
(2981831, 3310508, 948786, 7241125)
(2981619, 3310508, 948786, 7240913)
(2981318, 3310508, 948786, 7240612)
(2980970, 3310508, 948786, 7240264)
(2980423, 3310508, 948786, 7239717)
(2979875, 3310508, 948786, 7239169)
(2978672, 3310508, 948786, 7237966)
(2977574, 3310508, 948786, 7236868)
(2977495, 3310508, 948786, 7236789)
(2977203, 3310508, 948786, 7236497)
(2976556, 3310508, 948786, 7235850)
(2976052, 3310508, 948786, 7235346)
(2975750, 3310508, 948786, 7235044)
(2975405, 3310508, 948786, 7234699)
(2974634, 3310508, 948786, 7233928)
(2974037, 3310508, 948786, 7233331)
(2972792, 3310508, 948786, 7232086)
(2972395, 3310508, 948786, 7231689)
(2972032, 3310508, 948786, 7231326)
(2971426, 3310508, 948786, 7230720)
(2970308, 3310508, 948786, 7229602)
(2970146, 3310508, 948786, 7229440)
(2969412, 3310508, 948786, 7228706)
(2968549, 3310508, 948786, 7227843)
(2967449, 3310508, 948786, 7226743)
(2966582, 3310508, 948786, 7225876)
(2965900, 3310508, 948786, 7225194)
(2965511, 3310508, 948786, 7224805)
(2964898, 3310508, 948786, 7224192)
(2964404, 3310508, 948786, 7223698)
(2963890, 3310508, 948786, 7223184)
(2963161, 3310508, 948786, 7222455)
(2962379, 3310508, 948786, 7221673)
(2961826, 3310508, 948786, 7221120)
(2961197, 3310508, 948786, 7220491)
(2960855, 3310508, 948786, 7220149)
(2960217, 3310508, 948786, 7219511)
(2959576, 3310508, 948786, 7218870)
(2959212, 3310508, 948786, 7218506)
(2958733, 3310508, 948786, 7218027)
(2958423, 3310508, 948786, 7217717)
(2958398, 3310508, 948786, 7217692)
(2957988, 3310508, 948786, 7217282)
(2957628, 3310508, 948786, 7216922)
(2957540, 3310508, 948786, 7216834)
(2956978, 3310508, 948786, 7216272)
(2956460, 3310508, 948786, 7215754)
(2956145, 3310508, 948786, 7215439)
(2955379, 3310508, 948786, 7214673)
(2954521, 3310508, 948786, 7213815)
(2953880, 3310508, 948786, 7213174)
(2953528, 3310508, 948786, 7212822)
(2953219, 3310508, 948786, 7212513)
(2953129, 3310508, 948786, 7212423)
(2952272, 3310508, 948786, 7211566)
(2951864, 3310508, 948786, 7211158)
(2951192, 3310508, 948786, 7210486)
