(3981286, 3844752, 918347, 8744385)
(3980780, 3844752, 918347, 8743879)
(3980338, 3844752, 918347, 8743437)
(3980075, 3844752, 918347, 8743174)
(3979237, 3844752, 918347, 8742336)
(3978909, 3844752, 918347, 8742008)
(3978695, 3844752, 918347, 8741794)
(3978560, 3844752, 918347, 8741659)
(3978344, 3844752, 918347, 8741443)
(3978026, 3844752, 918347, 8741125)
(3977389, 3844752, 918347, 8740488)
(3976556, 3844752, 918347, 8739655)
(3976041, 3844752, 918347, 8739140)
(3975093, 3844752, 918347, 8738192)
(3974663, 3844752, 918347, 8737762)
(3974030, 3844752, 918347, 8737129)
(3973340, 3844752, 918347, 8736439)
(3973238, 3844752, 918347, 8736337)
(3972555, 3844752, 918347, 8735654)
(3971876, 3844752, 918347, 8734975)
(3971251, 3844752, 918347, 8734350)
(3970761, 3844752, 918347, 8733860)
(3970535, 3844752, 918347, 8733634)
(3969318, 3844752, 918347, 8732417)
(3968812, 3844752, 918347, 8731911)
(3968105, 3844752, 918347, 8731204)
(3967883, 3844752, 918347, 8730982)
(3967090, 3844752, 918347, 8730189)
(3967044, 3844752, 918347, 8730143)
(3966775, 3844752, 918347, 8729874)
(3966250, 3844752, 918347, 8729349)
(3965226, 3844752, 918347, 8728325)
(3964707, 3844752, 918347, 8727806)
(3964559, 3844752, 918347, 8727658)
(3963990, 3844752, 918347, 8727089)
(3963583, 3844752, 918347, 8726682)
(3962844, 3844752, 918347, 8725943)
(3962257, 3844752, 918347, 8725356)
(3961486, 3844752, 918347, 8724585)
(3961238, 3844752, 918347, 8724337)
(3960526, 3844752, 918347, 8723625)
(3960320, 3844752, 918347, 8723419)
(3960137, 3844752, 918347, 8723236)
(3959914, 3844752, 918347, 8723013)
(3959566, 3844752, 918347, 8722665)
(3959116, 3844752, 918347, 8722215)
(3958141, 3844752, 918347, 8721240)
(3957326, 3844752, 918347, 8720425)
(3956587, 3844752, 918347, 8719686)
(3956223, 3844752, 918347, 8719322)
(3955906, 3844752, 918347, 8719005)
(3955514, 3844752, 918347, 8718613)
(3954556, 3844752, 918347, 8717655)
(3954150, 3844752, 918347, 8717249)
(3953433, 3844752, 918347, 8716532)
(3953042, 3844752, 918347, 8716141)
(3953041, 3844752, 918347, 8716140)
(3952881, 3844752, 918347, 8715980)
(3952144, 3844752, 918347, 8715243)
(3951316, 3844752, 918347, 8714415)
(3950450, 3844752, 918347, 8713549)
(3949923, 3844752, 918347, 8713022)
(3949375, 3844752, 918347, 8712474)
(3948775, 3844752, 918347, 8711874)
(3948732, 3844752, 918347, 8711831)
(3948618, 3844752, 918347, 8711717)
(3947873, 3844752, 918347, 8710972)
(3946938, 3844752, 918347, 8710037)
(3946063, 3844752, 918347, 8709162)
(3946039, 3844752, 918347, 8709138)
(3945398, 3844752, 918347, 8708497)
(3944551, 3844752, 918347, 8707650)
(3943947, 3844752, 918347, 8707046)
(3943073, 3844752, 918347, 8706172)
(3942868, 3844752, 918347, 8705967)
(3942867, 3844752, 918347, 8705966)
(3942079, 3844752, 918347, 8705178)
(3941612, 3844752, 918347, 8704711)
(3941347, 3844752, 918347, 8704446)
(3940552, 3844752, 918347, 8703651)
(3940415, 3844752, 918347, 8703514)
(3939572, 3844752, 918347, 8702671)
(3938888, 3844752, 918347, 8701987)
(3938808, 3844752, 918347, 8701907)
(3938396, 3844752, 918347, 8701495)
(3938198, 3844752, 918347, 8701297)
(3937453, 3844752, 918347, 8700552)
(3937214, 3844752, 918347, 8700313)
(3936416, 3844752, 918347, 8699515)
(3935850, 3844752, 918347, 8698949)
(3935028, 3844752, 918347, 8698127)
(3934534, 3844752, 918347, 8697633)
(3933982, 3844752, 918347, 8697081)
(3933294, 3844752, 918347, 8696393)
(3933293, 3844752, 918347, 8696392)
(3932310, 3844752, 918347, 8695409)
(3931626, 3844752, 918347, 8694725)
(3930960, 3844752, 918347, 8694059)
(3930226, 3844752, 918347, 8693325)
(3929591, 3844752, 918347, 8692690)
(3928793, 3844752, 918347, 8691892)
(3927618, 3844752, 918347, 8690717)
(3926711, 3844752, 918347, 8689810)
(3926454, 3844752, 918347, 8689553)
(3925862, 3844752, 918347, 8688961)
(3925288, 3844752, 918347, 8688387)
(3924622, 3844752, 918347, 8687721)
(3923705, 3844752, 918347, 8686804)
(3923212, 3844752, 918347, 8686311)
(3922781, 3844752, 918347, 8685880)
(3922780, 3844752, 918347, 8685879)
(3922475, 3844752, 918347, 8685574)
(3921751, 3844752, 918347, 8684850)
(3921701, 3844752, 918347, 8684800)
(3920915, 3844752, 918347, 8684014)
(3920693, 3844752, 918347, 8683792)
(3920178, 3844752, 918347, 8683277)
(3919663, 3844752, 918347, 8682762)
(3919519, 3844752, 918347, 8682618)
(3919008, 3844752, 918347, 8682107)
(3918398, 3844752, 918347, 8681497)
(3917566, 3844752, 918347, 8680665)
(3917199, 3844752, 918347, 8680298)
(3917130, 3844752, 918347, 8680229)
(3916621, 3844752, 918347, 8679720)
(3915872, 3844752, 918347, 8678971)
(3915311, 3844752, 918347, 8678410)
(3915250, 3844752, 918347, 8678349)
(3914661, 3844752, 918347, 8677760)
(3914221, 3844752, 918347, 8677320)
(3913313, 3844752, 918347, 8676412)
(3912927, 3844752, 918347, 8676026)
(3911948, 3844752, 918347, 8675047)
(3911152, 3844752, 918347, 8674251)
(3910678, 3844752, 918347, 8673777)
(3909827, 3844752, 918347, 8672926)
(3909269, 3844752, 918347, 8672368)
(3908711, 3844752, 918347, 8671810)
(3908250, 3844752, 918347, 8671349)
(3907958, 3844752, 918347, 8671057)
(3906805, 3844752, 918347, 8669904)
(3906169, 3844752, 918347, 8669268)
(3905555, 3844752, 918347, 8668654)
(3904710, 3844752, 918347, 8667809)
(3903775, 3844752, 918347, 8666874)
(3902943, 3844752, 918347, 8666042)
(3902347, 3844752, 918347, 8665446)
(3901568, 3844752, 918347, 8664667)
(3901086, 3844752, 918347, 8664185)
(3900463, 3844752, 918347, 8663562)
(3900460, 3844752, 918347, 8663559)
(3900415, 3844752, 918347, 8663514)
(3899806, 3844752, 918347, 8662905)
(3899201, 3844752, 918347, 8662300)
(3898879, 3844752, 918347, 8661978)
(3898303, 3844752, 918347, 8661402)
(3897912, 3844752, 918347, 8661011)
(3897544, 3844752, 918347, 8660643)
(3897112, 3844752, 918347, 8660211)
(3896795, 3844752, 918347, 8659894)
(3896352, 3844752, 918347, 8659451)
(3895706, 3844752, 918347, 8658805)
(3895122, 3844752, 918347, 8658221)
(3894709, 3844752, 918347, 8657808)
(3894143, 3844752, 918347, 8657242)
(3893550, 3844752, 918347, 8656649)
(3892997, 3844752, 918347, 8656096)
(3892049, 3844752, 918347, 8655148)
(3891399, 3844752, 918347, 8654498)
(3890594, 3844752, 918347, 8653693)
(3889659, 3844752, 918347, 8652758)
(3889309, 3844752, 918347, 8652408)
(3888992, 3844752, 918347, 8652091)
(3888958, 3844752, 918347, 8652057)
(3888338, 3844752, 918347, 8651437)
(3887739, 3844752, 918347, 8650838)
(3887686, 3844752, 918347, 8650785)
(3887436, 3844752, 918347, 8650535)
(3886960, 3844752, 918347, 8650059)
(3885800, 3844752, 918347, 8648899)
(3884617, 3844752, 918347, 8647716)
(3884343, 3844752, 918347, 8647442)
(3883612, 3844752, 918347, 8646711)
(3882675, 3844752, 918347, 8645774)
(3882473, 3844752, 918347, 8645572)
(3882268, 3844752, 918347, 8645367)
(3882254, 3844752, 918347, 8645353)
(3881287, 3844752, 918347, 8644386)
(3880298, 3844752, 918347, 8643397)
(3879966, 3844752, 918347, 8643065)
(3878917, 3844752, 918347, 8642016)
(3878467, 3844752, 918347, 8641566)
(3878466, 3844752, 918347, 8641565)
(3878307, 3844752, 918347, 8641406)
(3878043, 3844752, 918347, 8641142)
(3877942, 3844752, 918347, 8641041)
(3877608, 3844752, 918347, 8640707)
(3877202, 3844752, 918347, 8640301)
(3876574, 3844752, 918347, 8639673)
(3876111, 3844752, 918347, 8639210)
(3875551, 3844752, 918347, 8638650)
(3875218, 3844752, 918347, 8638317)
(3874653, 3844752, 918347, 8637752)
(3873801, 3844752, 918347, 8636900)
(3873531, 3844752, 918347, 8636630)
(3872705, 3844752, 918347, 8635804)
(3872594, 3844752, 918347, 8635693)
(3872292, 3844752, 918347, 8635391)
(3871698, 3844752, 918347, 8634797)
(3871420, 3844752, 918347, 8634519)
(3870204, 3844752, 918347, 8633303)
(3868906, 3844752, 918347, 8632005)
(3868665, 3844752, 918347, 8631764)
(3868324, 3844752, 918347, 8631423)
(3867827, 3844752, 918347, 8630926)
(3867492, 3844752, 918347, 8630591)
(3866855, 3844752, 918347, 8629954)
(3866514, 3844752, 918347, 8629613)
(3865685, 3844752, 918347, 8628784)
(3865684, 3844752, 918347, 8628783)
(3865250, 3844752, 918347, 8628349)
(3864865, 3844752, 918347, 8627964)
(3864259, 3844752, 918347, 8627358)
(3864258, 3844752, 918347, 8627357)
(3864019, 3844752, 918347, 8627118)
(3863673, 3844752, 918347, 8626772)
(3863328, 3844752, 918347, 8626427)
(3863173, 3844752, 918347, 8626272)
(3862750, 3844752, 918347, 8625849)
(3862054, 3844752, 918347, 8625153)
(3861894, 3844752, 918347, 8624993)
(3861431, 3844752, 918347, 8624530)
(3860603, 3844752, 918347, 8623702)
(3860562, 3844752, 918347, 8623661)
(3860125, 3844752, 918347, 8623224)
(3859394, 3844752, 918347, 8622493)
(3858973, 3844752, 918347, 8622072)
(3858870, 3844752, 918347, 8621969)
(3858673, 3844752, 918347, 8621772)
(3858012, 3844752, 918347, 8621111)
(3857772, 3844752, 918347, 8620871)
(3857695, 3844752, 918347, 8620794)
(3856781, 3844752, 918347, 8619880)
(3856081, 3844752, 918347, 8619180)
(3855839, 3844752, 918347, 8618938)
(3855498, 3844752, 918347, 8618597)
(3855105, 3844752, 918347, 8618204)
(3855104, 3844752, 918347, 8618203)
(3854513, 3844752, 918347, 8617612)
(3854367, 3844752, 918347, 8617466)
(3853868, 3844752, 918347, 8616967)
(3853481, 3844752, 918347, 8616580)
(3853180, 3844752, 918347, 8616279)
(3853146, 3844752, 918347, 8616245)
(3852895, 3844752, 918347, 8615994)
(3852171, 3844752, 918347, 8615270)
(3851443, 3844752, 918347, 8614542)
(3850983, 3844752, 918347, 8614082)
(3850606, 3844752, 918347, 8613705)
(3850086, 3844752, 918347, 8613185)
(3849257, 3844752, 918347, 8612356)
(3848451, 3844752, 918347, 8611550)
(3847567, 3844752, 918347, 8610666)
(3847195, 3844752, 918347, 8610294)
(3847084, 3844752, 918347, 8610183)
(3845903, 3844752, 918347, 8609002)
(3845255, 3844752, 918347, 8608354)
(3844719, 3844752, 918347, 8607818)
(3843614, 3844752, 918347, 8606713)
(3843182, 3844752, 918347, 8606281)
(3842203, 3844752, 918347, 8605302)
(3841785, 3844752, 918347, 8604884)
(3840958, 3844752, 918347, 8604057)
(3840318, 3844752, 918347, 8603417)
(3839411, 3844752, 918347, 8602510)
(3838546, 3844752, 918347, 8601645)
(3837434, 3844752, 918347, 8600533)
(3836619, 3844752, 918347, 8599718)
(3836239, 3844752, 918347, 8599338)
(3836047, 3844752, 918347, 8599146)
(3835484, 3844752, 918347, 8598583)
(3835483, 3844752, 918347, 8598582)
(3834768, 3844752, 918347, 8597867)
(3834767, 3844752, 918347, 8597866)
(3834580, 3844752, 918347, 8597679)
(3834052, 3844752, 918347, 8597151)
(3834051, 3844752, 918347, 8597150)
(3833598, 3844752, 918347, 8596697)
(3833279, 3844752, 918347, 8596378)
(3832787, 3844752, 918347, 8595886)
(3832783, 3844752, 918347, 8595882)
(3832325, 3844752, 918347, 8595424)
(3832324, 3844752, 918347, 8595423)
(3831767, 3844752, 918347, 8594866)
(3831333, 3844752, 918347, 8594432)
(3830569, 3844752, 918347, 8593668)
(3829972, 3844752, 918347, 8593071)
(3829401, 3844752, 918347, 8592500)
(3829116, 3844752, 918347, 8592215)
(3828780, 3844752, 918347, 8591879)
(3828048, 3844752, 918347, 8591147)
(3827511, 3844752, 918347, 8590610)
(3827077, 3844752, 918347, 8590176)
(3826910, 3844752, 918347, 8590009)
(3826161, 3844752, 918347, 8589260)
(3825794, 3844752, 918347, 8588893)
(3825356, 3844752, 918347, 8588455)
(3825019, 3844752, 918347, 8588118)
(3823794, 3844752, 918347, 8586893)
(3822991, 3844752, 918347, 8586090)
(3822649, 3844752, 918347, 8585748)
(3822215, 3844752, 918347, 8585314)
(3821833, 3844752, 918347, 8584932)
(3820834, 3844752, 918347, 8583933)
(3820641, 3844752, 918347, 8583740)
(3820425, 3844752, 918347, 8583524)
(3820058, 3844752, 918347, 8583157)
(3819532, 3844752, 918347, 8582631)
(3818629, 3844752, 918347, 8581728)
(3817964, 3844752, 918347, 8581063)
(3816834, 3844752, 918347, 8579933)
(3816797, 3844752, 918347, 8579896)
(3816058, 3844752, 918347, 8579157)
(3815389, 3844752, 918347, 8578488)
(3815137, 3844752, 918347, 8578236)
(3814163, 3844752, 918347, 8577262)
(3813120, 3844752, 918347, 8576219)
(3812750, 3844752, 918347, 8575849)
(3811836, 3844752, 918347, 8574935)
(3811537, 3844752, 918347, 8574636)
(3811222, 3844752, 918347, 8574321)
(3810738, 3844752, 918347, 8573837)
(3809700, 3844752, 918347, 8572799)
(3809231, 3844752, 918347, 8572330)
(3808535, 3844752, 918347, 8571634)
(3807990, 3844752, 918347, 8571089)
(3807357, 3844752, 918347, 8570456)
(3806649, 3844752, 918347, 8569748)
(3805797, 3844752, 918347, 8568896)
(3805092, 3844752, 918347, 8568191)
(3804280, 3844752, 918347, 8567379)
(3804276, 3844752, 918347, 8567375)
(3803982, 3844752, 918347, 8567081)
(3803699, 3844752, 918347, 8566798)
(3803276, 3844752, 918347, 8566375)
(3802571, 3844752, 918347, 8565670)
(3802212, 3844752, 918347, 8565311)
(3802072, 3844752, 918347, 8565171)
(3801677, 3844752, 918347, 8564776)
(3801184, 3844752, 918347, 8564283)
(3800897, 3844752, 918347, 8563996)
(3800734, 3844752, 918347, 8563833)
(3799948, 3844752, 918347, 8563047)
(3799458, 3844752, 918347, 8562557)
(3799074, 3844752, 918347, 8562173)
(3798189, 3844752, 918347, 8561288)
(3797611, 3844752, 918347, 8560710)
(3797326, 3844752, 918347, 8560425)
(3797025, 3844752, 918347, 8560124)
(3796737, 3844752, 918347, 8559836)
(3796337, 3844752, 918347, 8559436)
(3795779, 3844752, 918347, 8558878)
(3795353, 3844752, 918347, 8558452)
(3794799, 3844752, 918347, 8557898)
(3794782, 3844752, 918347, 8557881)
(3794416, 3844752, 918347, 8557515)
(3794016, 3844752, 918347, 8557115)
(3793532, 3844752, 918347, 8556631)
(3793374, 3844752, 918347, 8556473)
(3792509, 3844752, 918347, 8555608)
(3791715, 3844752, 918347, 8554814)
(3791082, 3844752, 918347, 8554181)
(3790618, 3844752, 918347, 8553717)
(3790397, 3844752, 918347, 8553496)
(3789953, 3844752, 918347, 8553052)
(3789695, 3844752, 918347, 8552794)
(3789009, 3844752, 918347, 8552108)
(3788232, 3844752, 918347, 8551331)
(3788231, 3844752, 918347, 8551330)
(3787550, 3844752, 918347, 8550649)
(3787220, 3844752, 918347, 8550319)
(3786457, 3844752, 918347, 8549556)
(3785759, 3844752, 918347, 8548858)
(3785598, 3844752, 918347, 8548697)
(3784854, 3844752, 918347, 8547953)
(3784723, 3844752, 918347, 8547822)
(3784722, 3844752, 918347, 8547821)
(3784212, 3844752, 918347, 8547311)
(3783326, 3844752, 918347, 8546425)
(3782507, 3844752, 918347, 8545606)
(3781547, 3844752, 918347, 8544646)
(3780950, 3844752, 918347, 8544049)
(3780365, 3844752, 918347, 8543464)
(3779472, 3844752, 918347, 8542571)
(3778955, 3844752, 918347, 8542054)
(3778412, 3844752, 918347, 8541511)
(3778018, 3844752, 918347, 8541117)
(3777856, 3844752, 918347, 8540955)
(3777786, 3844752, 918347, 8540885)
(3777078, 3844752, 918347, 8540177)
(3776620, 3844752, 918347, 8539719)
(3776145, 3844752, 918347, 8539244)
(3775809, 3844752, 918347, 8538908)
(3775560, 3844752, 918347, 8538659)
(3774390, 3844752, 918347, 8537489)
(3773474, 3844752, 918347, 8536573)
(3772718, 3844752, 918347, 8535817)
(3772387, 3844752, 918347, 8535486)
(3771973, 3844752, 918347, 8535072)
(3771972, 3844752, 918347, 8535071)
(3771185, 3844752, 918347, 8534284)
(3770571, 3844752, 918347, 8533670)
(3769566, 3844752, 918347, 8532665)
(3769076, 3844752, 918347, 8532175)
(3768277, 3844752, 918347, 8531376)
(3768276, 3844752, 918347, 8531375)
(3767489, 3844752, 918347, 8530588)
(3767043, 3844752, 918347, 8530142)
(3766558, 3844752, 918347, 8529657)
(3765682, 3844752, 918347, 8528781)
(3765373, 3844752, 918347, 8528472)
(3764665, 3844752, 918347, 8527764)
(3764127, 3844752, 918347, 8527226)
(3763824, 3844752, 918347, 8526923)
(3763554, 3844752, 918347, 8526653)
(3763169, 3844752, 918347, 8526268)
(3762932, 3844752, 918347, 8526031)
(3762593, 3844752, 918347, 8525692)
(3761903, 3844752, 918347, 8525002)
(3760860, 3844752, 918347, 8523959)
(3760446, 3844752, 918347, 8523545)
(3759773, 3844752, 918347, 8522872)
(3759345, 3844752, 918347, 8522444)
(3758895, 3844752, 918347, 8521994)
(3758420, 3844752, 918347, 8521519)
(3757967, 3844752, 918347, 8521066)
(3757587, 3844752, 918347, 8520686)
(3756990, 3844752, 918347, 8520089)
(3756309, 3844752, 918347, 8519408)
(3755812, 3844752, 918347, 8518911)
(3754938, 3844752, 918347, 8518037)
(3754339, 3844752, 918347, 8517438)
(3753741, 3844752, 918347, 8516840)
(3753502, 3844752, 918347, 8516601)
(3753260, 3844752, 918347, 8516359)
(3752449, 3844752, 918347, 8515548)
(3752235, 3844752, 918347, 8515334)
(3752234, 3844752, 918347, 8515333)
(3751572, 3844752, 918347, 8514671)
(3751095, 3844752, 918347, 8514194)
(3750002, 3844752, 918347, 8513101)
(3749441, 3844752, 918347, 8512540)
(3748611, 3844752, 918347, 8511710)
(3747785, 3844752, 918347, 8510884)
(3747329, 3844752, 918347, 8510428)
(3747134, 3844752, 918347, 8510233)
(3746716, 3844752, 918347, 8509815)
(3745829, 3844752, 918347, 8508928)
(3745685, 3844752, 918347, 8508784)
(3745349, 3844752, 918347, 8508448)
(3744893, 3844752, 918347, 8507992)
(3744440, 3844752, 918347, 8507539)
(3744026, 3844752, 918347, 8507125)
(3743441, 3844752, 918347, 8506540)
(3742763, 3844752, 918347, 8505862)
(3742501, 3844752, 918347, 8505600)
(3741953, 3844752, 918347, 8505052)
(3741597, 3844752, 918347, 8504696)
(3741188, 3844752, 918347, 8504287)
(3740332, 3844752, 918347, 8503431)
(3739665, 3844752, 918347, 8502764)
(3738781, 3844752, 918347, 8501880)
(3738221, 3844752, 918347, 8501320)
(3737820, 3844752, 918347, 8500919)
(3737152, 3844752, 918347, 8500251)
(3736419, 3844752, 918347, 8499518)
(3736217, 3844752, 918347, 8499316)
(3735672, 3844752, 918347, 8498771)
(3734807, 3844752, 918347, 8497906)
(3734336, 3844752, 918347, 8497435)
(3734066, 3844752, 918347, 8497165)
(3733642, 3844752, 918347, 8496741)
(3733371, 3844752, 918347, 8496470)
(3733098, 3844752, 918347, 8496197)
(3732921, 3844752, 918347, 8496020)
(3732336, 3844752, 918347, 8495435)
(3731016, 3844752, 918347, 8494115)
(3730568, 3844752, 918347, 8493667)
(3730380, 3844752, 918347, 8493479)
(3729291, 3844752, 918347, 8492390)
(3729190, 3844752, 918347, 8492289)
(3728919, 3844752, 918347, 8492018)
(3728326, 3844752, 918347, 8491425)
(3728000, 3844752, 918347, 8491099)
(3727226, 3844752, 918347, 8490325)
(3726349, 3844752, 918347, 8489448)
(3726257, 3844752, 918347, 8489356)
(3725601, 3844752, 918347, 8488700)
(3725444, 3844752, 918347, 8488543)
(3724829, 3844752, 918347, 8487928)
(3723955, 3844752, 918347, 8487054)
(3723859, 3844752, 918347, 8486958)
(3723478, 3844752, 918347, 8486577)
(3722782, 3844752, 918347, 8485881)
(3722560, 3844752, 918347, 8485659)
(3722559, 3844752, 918347, 8485658)
(3722360, 3844752, 918347, 8485459)
(3721921, 3844752, 918347, 8485020)
(3721284, 3844752, 918347, 8484383)
(3720655, 3844752, 918347, 8483754)
(3719843, 3844752, 918347, 8482942)
(3719512, 3844752, 918347, 8482611)
(3718950, 3844752, 918347, 8482049)
(3718162, 3844752, 918347, 8481261)
(3717346, 3844752, 918347, 8480445)
(3716897, 3844752, 918347, 8479996)
(3716504, 3844752, 918347, 8479603)
(3715848, 3844752, 918347, 8478947)
(3715020, 3844752, 918347, 8478119)
(3714520, 3844752, 918347, 8477619)
(3714117, 3844752, 918347, 8477216)
(3713853, 3844752, 918347, 8476952)
(3713475, 3844752, 918347, 8476574)
(3713263, 3844752, 918347, 8476362)
(3713236, 3844752, 918347, 8476335)
(3712805, 3844752, 918347, 8475904)
(3712060, 3844752, 918347, 8475159)
(3710992, 3844752, 918347, 8474091)
(3710820, 3844752, 918347, 8473919)
(3710324, 3844752, 918347, 8473423)
(3709701, 3844752, 918347, 8472800)
(3709124, 3844752, 918347, 8472223)
(3708750, 3844752, 918347, 8471849)
(3708500, 3844752, 918347, 8471599)
(3707525, 3844752, 918347, 8470624)
(3706973, 3844752, 918347, 8470072)
(3706114, 3844752, 918347, 8469213)
(3705459, 3844752, 918347, 8468558)
(3705260, 3844752, 918347, 8468359)
(3705019, 3844752, 918347, 8468118)
(3704206, 3844752, 918347, 8467305)
(3703698, 3844752, 918347, 8466797)
(3702702, 3844752, 918347, 8465801)
(3702311, 3844752, 918347, 8465410)
(3701614, 3844752, 918347, 8464713)
(3701055, 3844752, 918347, 8464154)
(3700599, 3844752, 918347, 8463698)
(3700193, 3844752, 918347, 8463292)
(3699823, 3844752, 918347, 8462922)
(3699723, 3844752, 918347, 8462822)
(3699397, 3844752, 918347, 8462496)
(3699396, 3844752, 918347, 8462495)
(3698428, 3844752, 918347, 8461527)
(3697735, 3844752, 918347, 8460834)
(3697309, 3844752, 918347, 8460408)
(3696990, 3844752, 918347, 8460089)
(3696730, 3844752, 918347, 8459829)
(3695659, 3844752, 918347, 8458758)
(3695003, 3844752, 918347, 8458102)
(3694297, 3844752, 918347, 8457396)
(3694004, 3844752, 918347, 8457103)
(3693550, 3844752, 918347, 8456649)
