(4674397, 4919726, 953315, 10547438)
(4673762, 4919726, 953315, 10546803)
(4673657, 4919726, 953315, 10546698)
(4672660, 4919726, 953315, 10545701)
(4672235, 4919726, 953315, 10545276)
(4672234, 4919726, 953315, 10545275)
(4671839, 4919726, 953315, 10544880)
(4671727, 4919726, 953315, 10544768)
(4671488, 4919726, 953315, 10544529)
(4670659, 4919726, 953315, 10543700)
(4670154, 4919726, 953315, 10543195)
(4669502, 4919726, 953315, 10542543)
(4669316, 4919726, 953315, 10542357)
(4667919, 4919726, 953315, 10540960)
(4667147, 4919726, 953315, 10540188)
(4666159, 4919726, 953315, 10539200)
(4665545, 4919726, 953315, 10538586)
(4665126, 4919726, 953315, 10538167)
(4664927, 4919726, 953315, 10537968)
(4664756, 4919726, 953315, 10537797)
(4663816, 4919726, 953315, 10536857)
(4662864, 4919726, 953315, 10535905)
(4662422, 4919726, 953315, 10535463)
(4662258, 4919726, 953315, 10535299)
(4661621, 4919726, 953315, 10534662)
(4660469, 4919726, 953315, 10533510)
(4659874, 4919726, 953315, 10532915)
(4658937, 4919726, 953315, 10531978)
(4658031, 4919726, 953315, 10531072)
(4657301, 4919726, 953315, 10530342)
(4657066, 4919726, 953315, 10530107)
(4656427, 4919726, 953315, 10529468)
(4656181, 4919726, 953315, 10529222)
(4655394, 4919726, 953315, 10528435)
(4655141, 4919726, 953315, 10528182)
(4654575, 4919726, 953315, 10527616)
(4654041, 4919726, 953315, 10527082)
(4653206, 4919726, 953315, 10526247)
(4652344, 4919726, 953315, 10525385)
(4651959, 4919726, 953315, 10525000)
(4651464, 4919726, 953315, 10524505)
(4651195, 4919726, 953315, 10524236)
(4650853, 4919726, 953315, 10523894)
(4650153, 4919726, 953315, 10523194)
(4649675, 4919726, 953315, 10522716)
(4649117, 4919726, 953315, 10522158)
(4648716, 4919726, 953315, 10521757)
(4648541, 4919726, 953315, 10521582)
(4647878, 4919726, 953315, 10520919)
(4647210, 4919726, 953315, 10520251)
(4646185, 4919726, 953315, 10519226)
(4645348, 4919726, 953315, 10518389)
(4644709, 4919726, 953315, 10517750)
(4643968, 4919726, 953315, 10517009)
(4643364, 4919726, 953315, 10516405)
(4642243, 4919726, 953315, 10515284)
(4641355, 4919726, 953315, 10514396)
(4641315, 4919726, 953315, 10514356)
(4641314, 4919726, 953315, 10514355)
(4640562, 4919726, 953315, 10513603)
(4639953, 4919726, 953315, 10512994)
(4639494, 4919726, 953315, 10512535)
(4638687, 4919726, 953315, 10511728)
(4637910, 4919726, 953315, 10510951)
(4637396, 4919726, 953315, 10510437)
(4637152, 4919726, 953315, 10510193)
(4636991, 4919726, 953315, 10510032)
(4636911, 4919726, 953315, 10509952)
(4636685, 4919726, 953315, 10509726)
(4635851, 4919726, 953315, 10508892)
(4635045, 4919726, 953315, 10508086)
(4633771, 4919726, 953315, 10506812)
(4633770, 4919726, 953315, 10506811)
(4633401, 4919726, 953315, 10506442)
(4633194, 4919726, 953315, 10506235)
(4632401, 4919726, 953315, 10505442)
(4631887, 4919726, 953315, 10504928)
(4631772, 4919726, 953315, 10504813)
(4631112, 4919726, 953315, 10504153)
(4630481, 4919726, 953315, 10503522)
(4629909, 4919726, 953315, 10502950)
(4629250, 4919726, 953315, 10502291)
(4629055, 4919726, 953315, 10502096)
(4628842, 4919726, 953315, 10501883)
(4628422, 4919726, 953315, 10501463)
(4627875, 4919726, 953315, 10500916)
(4627688, 4919726, 953315, 10500729)
(4626726, 4919726, 953315, 10499767)
(4625825, 4919726, 953315, 10498866)
(4625236, 4919726, 953315, 10498277)
(4624486, 4919726, 953315, 10497527)
(4623617, 4919726, 953315, 10496658)
(4623168, 4919726, 953315, 10496209)
(4622251, 4919726, 953315, 10495292)
(4621702, 4919726, 953315, 10494743)
(4621139, 4919726, 953315, 10494180)
(4620754, 4919726, 953315, 10493795)
(4620005, 4919726, 953315, 10493046)
(4619528, 4919726, 953315, 10492569)
(4619493, 4919726, 953315, 10492534)
(4619078, 4919726, 953315, 10492119)
(4618664, 4919726, 953315, 10491705)
(4617698, 4919726, 953315, 10490739)
(4617204, 4919726, 953315, 10490245)
(4616356, 4919726, 953315, 10489397)
(4615712, 4919726, 953315, 10488753)
(4614791, 4919726, 953315, 10487832)
(4613947, 4919726, 953315, 10486988)
(4613725, 4919726, 953315, 10486766)
(4612632, 4919726, 953315, 10485673)
(4612433, 4919726, 953315, 10485474)
(4611672, 4919726, 953315, 10484713)
(4610794, 4919726, 953315, 10483835)
(4609912, 4919726, 953315, 10482953)
(4608932, 4919726, 953315, 10481973)
(4608680, 4919726, 953315, 10481721)
(4608180, 4919726, 953315, 10481221)
(4607467, 4919726, 953315, 10480508)
(4606486, 4919726, 953315, 10479527)
(4605830, 4919726, 953315, 10478871)
(4605024, 4919726, 953315, 10478065)
(4604446, 4919726, 953315, 10477487)
(4603701, 4919726, 953315, 10476742)
(4602917, 4919726, 953315, 10475958)
(4602598, 4919726, 953315, 10475639)
(4602185, 4919726, 953315, 10475226)
(4601418, 4919726, 953315, 10474459)
(4600643, 4919726, 953315, 10473684)
(4599817, 4919726, 953315, 10472858)
(4599224, 4919726, 953315, 10472265)
(4598644, 4919726, 953315, 10471685)
(4598013, 4919726, 953315, 10471054)
(4597227, 4919726, 953315, 10470268)
(4596639, 4919726, 953315, 10469680)
(4596023, 4919726, 953315, 10469064)
(4595323, 4919726, 953315, 10468364)
(4595147, 4919726, 953315, 10468188)
(4594651, 4919726, 953315, 10467692)
(4593672, 4919726, 953315, 10466713)
(4593328, 4919726, 953315, 10466369)
(4592131, 4919726, 953315, 10465172)
(4591902, 4919726, 953315, 10464943)
(4591187, 4919726, 953315, 10464228)
(4590762, 4919726, 953315, 10463803)
(4590530, 4919726, 953315, 10463571)
(4589292, 4919726, 953315, 10462333)
(4588294, 4919726, 953315, 10461335)
(4587623, 4919726, 953315, 10460664)
(4587112, 4919726, 953315, 10460153)
(4586379, 4919726, 953315, 10459420)
(4585978, 4919726, 953315, 10459019)
(4585663, 4919726, 953315, 10458704)
(4584908, 4919726, 953315, 10457949)
(4584832, 4919726, 953315, 10457873)
(4584560, 4919726, 953315, 10457601)
(4583687, 4919726, 953315, 10456728)
(4583548, 4919726, 953315, 10456589)
(4583279, 4919726, 953315, 10456320)
(4582654, 4919726, 953315, 10455695)
(4582433, 4919726, 953315, 10455474)
(4582379, 4919726, 953315, 10455420)
(4581746, 4919726, 953315, 10454787)
(4580969, 4919726, 953315, 10454010)
(4580477, 4919726, 953315, 10453518)
(4580213, 4919726, 953315, 10453254)
(4579088, 4919726, 953315, 10452129)
(4578905, 4919726, 953315, 10451946)
(4578608, 4919726, 953315, 10451649)
(4578511, 4919726, 953315, 10451552)
(4577926, 4919726, 953315, 10450967)
(4577536, 4919726, 953315, 10450577)
(4577055, 4919726, 953315, 10450096)
(4576512, 4919726, 953315, 10449553)
(4575882, 4919726, 953315, 10448923)
(4575434, 4919726, 953315, 10448475)
(4574177, 4919726, 953315, 10447218)
(4573415, 4919726, 953315, 10446456)
(4572512, 4919726, 953315, 10445553)
(4572191, 4919726, 953315, 10445232)
(4571936, 4919726, 953315, 10444977)
(4571749, 4919726, 953315, 10444790)
(4571748, 4919726, 953315, 10444789)
(4571359, 4919726, 953315, 10444400)
(4570795, 4919726, 953315, 10443836)
(4570506, 4919726, 953315, 10443547)
(4569778, 4919726, 953315, 10442819)
(4569739, 4919726, 953315, 10442780)
(4568958, 4919726, 953315, 10441999)
(4568189, 4919726, 953315, 10441230)
(4568188, 4919726, 953315, 10441229)
(4567623, 4919726, 953315, 10440664)
(4567140, 4919726, 953315, 10440181)
(4566657, 4919726, 953315, 10439698)
(4565722, 4919726, 953315, 10438763)
(4565541, 4919726, 953315, 10438582)
(4564841, 4919726, 953315, 10437882)
(4563656, 4919726, 953315, 10436697)
(4563576, 4919726, 953315, 10436617)
(4562955, 4919726, 953315, 10435996)
(4562553, 4919726, 953315, 10435594)
(4561983, 4919726, 953315, 10435024)
(4561461, 4919726, 953315, 10434502)
(4561259, 4919726, 953315, 10434300)
(4560843, 4919726, 953315, 10433884)
(4560326, 4919726, 953315, 10433367)
(4559896, 4919726, 953315, 10432937)
(4559506, 4919726, 953315, 10432547)
(4559350, 4919726, 953315, 10432391)
(4559172, 4919726, 953315, 10432213)
(4558865, 4919726, 953315, 10431906)
(4558363, 4919726, 953315, 10431404)
(4557871, 4919726, 953315, 10430912)
(4557611, 4919726, 953315, 10430652)
(4557084, 4919726, 953315, 10430125)
(4556811, 4919726, 953315, 10429852)
(4556485, 4919726, 953315, 10429526)
(4555943, 4919726, 953315, 10428984)
(4555496, 4919726, 953315, 10428537)
(4554986, 4919726, 953315, 10428027)
(4554446, 4919726, 953315, 10427487)
(4553723, 4919726, 953315, 10426764)
(4553274, 4919726, 953315, 10426315)
(4552419, 4919726, 953315, 10425460)
(4551512, 4919726, 953315, 10424553)
(4551236, 4919726, 953315, 10424277)
(4551011, 4919726, 953315, 10424052)
(4550012, 4919726, 953315, 10423053)
(4548960, 4919726, 953315, 10422001)
(4548835, 4919726, 953315, 10421876)
(4548685, 4919726, 953315, 10421726)
(4548497, 4919726, 953315, 10421538)
(4547784, 4919726, 953315, 10420825)
(4547601, 4919726, 953315, 10420642)
(4546958, 4919726, 953315, 10419999)
(4546728, 4919726, 953315, 10419769)
(4546541, 4919726, 953315, 10419582)
(4545952, 4919726, 953315, 10418993)
(4545268, 4919726, 953315, 10418309)
(4544723, 4919726, 953315, 10417764)
(4544037, 4919726, 953315, 10417078)
(4543198, 4919726, 953315, 10416239)
(4542330, 4919726, 953315, 10415371)
(4542206, 4919726, 953315, 10415247)
(4541302, 4919726, 953315, 10414343)
(4540802, 4919726, 953315, 10413843)
(4540280, 4919726, 953315, 10413321)
(4539549, 4919726, 953315, 10412590)
(4539117, 4919726, 953315, 10412158)
(4538766, 4919726, 953315, 10411807)
(4538248, 4919726, 953315, 10411289)
(4537575, 4919726, 953315, 10410616)
(4536584, 4919726, 953315, 10409625)
(4536201, 4919726, 953315, 10409242)
(4536108, 4919726, 953315, 10409149)
(4535142, 4919726, 953315, 10408183)
(4534543, 4919726, 953315, 10407584)
(4534091, 4919726, 953315, 10407132)
(4533602, 4919726, 953315, 10406643)
(4533295, 4919726, 953315, 10406336)
(4533239, 4919726, 953315, 10406280)
(4532896, 4919726, 953315, 10405937)
(4532144, 4919726, 953315, 10405185)
(4532143, 4919726, 953315, 10405184)
(4531690, 4919726, 953315, 10404731)
(4531410, 4919726, 953315, 10404451)
(4530791, 4919726, 953315, 10403832)
(4530338, 4919726, 953315, 10403379)
(4530230, 4919726, 953315, 10403271)
(4529845, 4919726, 953315, 10402886)
(4529578, 4919726, 953315, 10402619)
(4529363, 4919726, 953315, 10402404)
(4529006, 4919726, 953315, 10402047)
(4528629, 4919726, 953315, 10401670)
(4528385, 4919726, 953315, 10401426)
(4527832, 4919726, 953315, 10400873)
(4527247, 4919726, 953315, 10400288)
(4526911, 4919726, 953315, 10399952)
(4525930, 4919726, 953315, 10398971)
(4525634, 4919726, 953315, 10398675)
(4525137, 4919726, 953315, 10398178)
(4525018, 4919726, 953315, 10398059)
(4524627, 4919726, 953315, 10397668)
(4524559, 4919726, 953315, 10397600)
(4523956, 4919726, 953315, 10396997)
(4523152, 4919726, 953315, 10396193)
(4522984, 4919726, 953315, 10396025)
(4522345, 4919726, 953315, 10395386)
(4522001, 4919726, 953315, 10395042)
(4521710, 4919726, 953315, 10394751)
(4520991, 4919726, 953315, 10394032)
(4520006, 4919726, 953315, 10393047)
(4519532, 4919726, 953315, 10392573)
(4518212, 4919726, 953315, 10391253)
(4517688, 4919726, 953315, 10390729)
(4517127, 4919726, 953315, 10390168)
(4516208, 4919726, 953315, 10389249)
(4515654, 4919726, 953315, 10388695)
(4514899, 4919726, 953315, 10387940)
(4513979, 4919726, 953315, 10387020)
(4513163, 4919726, 953315, 10386204)
(4512988, 4919726, 953315, 10386029)
(4512734, 4919726, 953315, 10385775)
(4512166, 4919726, 953315, 10385207)
(4511508, 4919726, 953315, 10384549)
(4511413, 4919726, 953315, 10384454)
(4511324, 4919726, 953315, 10384365)
(4510670, 4919726, 953315, 10383711)
(4510550, 4919726, 953315, 10383591)
(4510107, 4919726, 953315, 10383148)
(4509716, 4919726, 953315, 10382757)
(4509114, 4919726, 953315, 10382155)
(4508723, 4919726, 953315, 10381764)
(4508231, 4919726, 953315, 10381272)
(4507900, 4919726, 953315, 10380941)
(4507452, 4919726, 953315, 10380493)
(4507062, 4919726, 953315, 10380103)
(4506490, 4919726, 953315, 10379531)
(4505711, 4919726, 953315, 10378752)
(4504949, 4919726, 953315, 10377990)
(4504734, 4919726, 953315, 10377775)
(4504591, 4919726, 953315, 10377632)
(4504424, 4919726, 953315, 10377465)
(4503645, 4919726, 953315, 10376686)
(4503374, 4919726, 953315, 10376415)
(4502967, 4919726, 953315, 10376008)
(4502949, 4919726, 953315, 10375990)
(4502392, 4919726, 953315, 10375433)
(4502098, 4919726, 953315, 10375139)
(4501496, 4919726, 953315, 10374537)
(4501035, 4919726, 953315, 10374076)
(4500266, 4919726, 953315, 10373307)
(4499271, 4919726, 953315, 10372312)
(4498566, 4919726, 953315, 10371607)
(4497600, 4919726, 953315, 10370641)
(4496990, 4919726, 953315, 10370031)
(4496935, 4919726, 953315, 10369976)
(4495859, 4919726, 953315, 10368900)
(4495540, 4919726, 953315, 10368581)
(4494810, 4919726, 953315, 10367851)
(4494635, 4919726, 953315, 10367676)
(4494153, 4919726, 953315, 10367194)
(4494152, 4919726, 953315, 10367193)
(4493638, 4919726, 953315, 10366679)
(4492947, 4919726, 953315, 10365988)
(4492259, 4919726, 953315, 10365300)
(4491948, 4919726, 953315, 10364989)
(4491441, 4919726, 953315, 10364482)
(4491118, 4919726, 953315, 10364159)
(4490955, 4919726, 953315, 10363996)
(4490409, 4919726, 953315, 10363450)
(4489895, 4919726, 953315, 10362936)
(4489697, 4919726, 953315, 10362738)
(4489515, 4919726, 953315, 10362556)
(4488973, 4919726, 953315, 10362014)
(4488286, 4919726, 953315, 10361327)
(4487795, 4919726, 953315, 10360836)
(4487121, 4919726, 953315, 10360162)
(4486298, 4919726, 953315, 10359339)
(4486297, 4919726, 953315, 10359338)
(4485446, 4919726, 953315, 10358487)
(4484492, 4919726, 953315, 10357533)
(4483972, 4919726, 953315, 10357013)
(4483686, 4919726, 953315, 10356727)
(4483129, 4919726, 953315, 10356170)
(4482922, 4919726, 953315, 10355963)
(4482756, 4919726, 953315, 10355797)
(4482455, 4919726, 953315, 10355496)
(4482133, 4919726, 953315, 10355174)
(4481547, 4919726, 953315, 10354588)
(4480415, 4919726, 953315, 10353456)
(4479578, 4919726, 953315, 10352619)
(4478831, 4919726, 953315, 10351872)
(4478383, 4919726, 953315, 10351424)
(4477284, 4919726, 953315, 10350325)
(4476865, 4919726, 953315, 10349906)
(4476431, 4919726, 953315, 10349472)
(4475976, 4919726, 953315, 10349017)
(4475458, 4919726, 953315, 10348499)
(4475372, 4919726, 953315, 10348413)
(4474847, 4919726, 953315, 10347888)
(4474446, 4919726, 953315, 10347487)
(4473434, 4919726, 953315, 10346475)
(4473429, 4919726, 953315, 10346470)
(4473121, 4919726, 953315, 10346162)
(4472034, 4919726, 953315, 10345075)
(4471682, 4919726, 953315, 10344723)
(4470962, 4919726, 953315, 10344003)
(4470868, 4919726, 953315, 10343909)
(4470515, 4919726, 953315, 10343556)
(4470389, 4919726, 953315, 10343430)
(4470131, 4919726, 953315, 10343172)
(4469271, 4919726, 953315, 10342312)
(4468801, 4919726, 953315, 10341842)
(4467891, 4919726, 953315, 10340932)
(4467070, 4919726, 953315, 10340111)
(4466730, 4919726, 953315, 10339771)
(4466308, 4919726, 953315, 10339349)
(4466114, 4919726, 953315, 10339155)
(4465412, 4919726, 953315, 10338453)
(4464955, 4919726, 953315, 10337996)
(4463848, 4919726, 953315, 10336889)
(4463613, 4919726, 953315, 10336654)
(4462649, 4919726, 953315, 10335690)
(4461688, 4919726, 953315, 10334729)
(4460832, 4919726, 953315, 10333873)
(4459768, 4919726, 953315, 10332809)
(4459153, 4919726, 953315, 10332194)
(4458462, 4919726, 953315, 10331503)
(4458311, 4919726, 953315, 10331352)
(4457240, 4919726, 953315, 10330281)
(4456636, 4919726, 953315, 10329677)
(4455847, 4919726, 953315, 10328888)
(4455004, 4919726, 953315, 10328045)
(4454435, 4919726, 953315, 10327476)
(4454149, 4919726, 953315, 10327190)
(4453778, 4919726, 953315, 10326819)
(4453714, 4919726, 953315, 10326755)
(4453169, 4919726, 953315, 10326210)
(4452499, 4919726, 953315, 10325540)
(4452079, 4919726, 953315, 10325120)
(4450940, 4919726, 953315, 10323981)
(4450576, 4919726, 953315, 10323617)
(4450306, 4919726, 953315, 10323347)
(4449451, 4919726, 953315, 10322492)
(4449060, 4919726, 953315, 10322101)
(4447898, 4919726, 953315, 10320939)
(4447343, 4919726, 953315, 10320384)
(4446634, 4919726, 953315, 10319675)
(4446139, 4919726, 953315, 10319180)
(4445292, 4919726, 953315, 10318333)
(4444649, 4919726, 953315, 10317690)
(4444370, 4919726, 953315, 10317411)
(4443965, 4919726, 953315, 10317006)
(4442884, 4919726, 953315, 10315925)
(4442830, 4919726, 953315, 10315871)
(4442068, 4919726, 953315, 10315109)
(4440979, 4919726, 953315, 10314020)
(4440927, 4919726, 953315, 10313968)
(4440567, 4919726, 953315, 10313608)
(4440289, 4919726, 953315, 10313330)
(4440278, 4919726, 953315, 10313319)
(4439654, 4919726, 953315, 10312695)
(4439455, 4919726, 953315, 10312496)
(4439039, 4919726, 953315, 10312080)
(4438381, 4919726, 953315, 10311422)
(4437683, 4919726, 953315, 10310724)
(4437163, 4919726, 953315, 10310204)
(4437140, 4919726, 953315, 10310181)
(4436691, 4919726, 953315, 10309732)
(4435755, 4919726, 953315, 10308796)
(4435594, 4919726, 953315, 10308635)
(4435037, 4919726, 953315, 10308078)
(4434413, 4919726, 953315, 10307454)
(4433817, 4919726, 953315, 10306858)
(4433163, 4919726, 953315, 10306204)
(4432886, 4919726, 953315, 10305927)
(4432422, 4919726, 953315, 10305463)
(4431923, 4919726, 953315, 10304964)
(4430956, 4919726, 953315, 10303997)
(4430242, 4919726, 953315, 10303283)
(4429558, 4919726, 953315, 10302599)
(4428148, 4919726, 953315, 10301189)
(4428133, 4919726, 953315, 10301174)
(4427614, 4919726, 953315, 10300655)
(4426871, 4919726, 953315, 10299912)
(4426371, 4919726, 953315, 10299412)
(4425660, 4919726, 953315, 10298701)
(4425262, 4919726, 953315, 10298303)
(4424581, 4919726, 953315, 10297622)
(4423512, 4919726, 953315, 10296553)
(4422702, 4919726, 953315, 10295743)
(4422444, 4919726, 953315, 10295485)
(4422021, 4919726, 953315, 10295062)
(4422020, 4919726, 953315, 10295061)
(4421047, 4919726, 953315, 10294088)
(4420563, 4919726, 953315, 10293604)
(4419439, 4919726, 953315, 10292480)
(4418853, 4919726, 953315, 10291894)
(4418410, 4919726, 953315, 10291451)
(4417965, 4919726, 953315, 10291006)
(4417300, 4919726, 953315, 10290341)
(4416080, 4919726, 953315, 10289121)
(4415761, 4919726, 953315, 10288802)
(4414551, 4919726, 953315, 10287592)
(4413681, 4919726, 953315, 10286722)
(4413128, 4919726, 953315, 10286169)
(4412746, 4919726, 953315, 10285787)
(4412045, 4919726, 953315, 10285086)
(4411160, 4919726, 953315, 10284201)
(4410808, 4919726, 953315, 10283849)
(4410642, 4919726, 953315, 10283683)
(4410296, 4919726, 953315, 10283337)
(4409473, 4919726, 953315, 10282514)
(4408991, 4919726, 953315, 10282032)
(4408863, 4919726, 953315, 10281904)
(4407852, 4919726, 953315, 10280893)
(4407252, 4919726, 953315, 10280293)
(4406980, 4919726, 953315, 10280021)
(4406599, 4919726, 953315, 10279640)
(4405994, 4919726, 953315, 10279035)
(4405523, 4919726, 953315, 10278564)
(4405463, 4919726, 953315, 10278504)
(4404860, 4919726, 953315, 10277901)
(4404003, 4919726, 953315, 10277044)
(4403834, 4919726, 953315, 10276875)
(4403481, 4919726, 953315, 10276522)
(4402765, 4919726, 953315, 10275806)
(4402764, 4919726, 953315, 10275805)
(4402369, 4919726, 953315, 10275410)
(4401778, 4919726, 953315, 10274819)
(4400966, 4919726, 953315, 10274007)
(4400526, 4919726, 953315, 10273567)
(4400074, 4919726, 953315, 10273115)
(4399750, 4919726, 953315, 10272791)
(4398592, 4919726, 953315, 10271633)
(4397839, 4919726, 953315, 10270880)
(4396877, 4919726, 953315, 10269918)
(4396711, 4919726, 953315, 10269752)
(4396396, 4919726, 953315, 10269437)
(4395871, 4919726, 953315, 10268912)
(4395113, 4919726, 953315, 10268154)
(4394650, 4919726, 953315, 10267691)
(4393937, 4919726, 953315, 10266978)
(4393534, 4919726, 953315, 10266575)
(4392982, 4919726, 953315, 10266023)
(4392903, 4919726, 953315, 10265944)
(4392866, 4919726, 953315, 10265907)
(4392332, 4919726, 953315, 10265373)
(4392152, 4919726, 953315, 10265193)
(4391886, 4919726, 953315, 10264927)
(4391343, 4919726, 953315, 10264384)
(4390755, 4919726, 953315, 10263796)
(4390307, 4919726, 953315, 10263348)
