(4647614, 4837520, 999900, 10485034)
(4646975, 4837520, 999900, 10484395)
(4646533, 4837520, 999900, 10483953)
(4645925, 4837520, 999900, 10483345)
(4645357, 4837520, 999900, 10482777)
(4645069, 4837520, 999900, 10482489)
(4644719, 4837520, 999900, 10482139)
(4644553, 4837520, 999900, 10481973)
(4644495, 4837520, 999900, 10481915)
(4644050, 4837520, 999900, 10481470)
(4643690, 4837520, 999900, 10481110)
(4643385, 4837520, 999900, 10480805)
(4643210, 4837520, 999900, 10480630)
(4642968, 4837520, 999900, 10480388)
(4642369, 4837520, 999900, 10479789)
(4642192, 4837520, 999900, 10479612)
(4641544, 4837520, 999900, 10478964)
(4641087, 4837520, 999900, 10478507)
(4640536, 4837520, 999900, 10477956)
(4639668, 4837520, 999900, 10477088)
(4639449, 4837520, 999900, 10476869)
(4639315, 4837520, 999900, 10476735)
(4638460, 4837520, 999900, 10475880)
(4637670, 4837520, 999900, 10475090)
(4637285, 4837520, 999900, 10474705)
(4636204, 4837520, 999900, 10473624)
(4635548, 4837520, 999900, 10472968)
(4635416, 4837520, 999900, 10472836)
(4634613, 4837520, 999900, 10472033)
(4634061, 4837520, 999900, 10471481)
(4633887, 4837520, 999900, 10471307)
(4633539, 4837520, 999900, 10470959)
(4633118, 4837520, 999900, 10470538)
(4632799, 4837520, 999900, 10470219)
(4632328, 4837520, 999900, 10469748)
(4632071, 4837520, 999900, 10469491)
(4631785, 4837520, 999900, 10469205)
(4631302, 4837520, 999900, 10468722)
(4631152, 4837520, 999900, 10468572)
(4630635, 4837520, 999900, 10468055)
(4630048, 4837520, 999900, 10467468)
(4629775, 4837520, 999900, 10467195)
(4629363, 4837520, 999900, 10466783)
(4628882, 4837520, 999900, 10466302)
(4628040, 4837520, 999900, 10465460)
(4626969, 4837520, 999900, 10464389)
(4626658, 4837520, 999900, 10464078)
(4626019, 4837520, 999900, 10463439)
(4625126, 4837520, 999900, 10462546)
(4624450, 4837520, 999900, 10461870)
(4623972, 4837520, 999900, 10461392)
(4623898, 4837520, 999900, 10461318)
(4622919, 4837520, 999900, 10460339)
(4622743, 4837520, 999900, 10460163)
(4622494, 4837520, 999900, 10459914)
(4622360, 4837520, 999900, 10459780)
(4621867, 4837520, 999900, 10459287)
(4621471, 4837520, 999900, 10458891)
(4620886, 4837520, 999900, 10458306)
(4620553, 4837520, 999900, 10457973)
(4619861, 4837520, 999900, 10457281)
(4619282, 4837520, 999900, 10456702)
(4618603, 4837520, 999900, 10456023)
(4618202, 4837520, 999900, 10455622)
(4617653, 4837520, 999900, 10455073)
(4617100, 4837520, 999900, 10454520)
(4616333, 4837520, 999900, 10453753)
(4615894, 4837520, 999900, 10453314)
(4615374, 4837520, 999900, 10452794)
(4614989, 4837520, 999900, 10452409)
(4614441, 4837520, 999900, 10451861)
(4613944, 4837520, 999900, 10451364)
(4613444, 4837520, 999900, 10450864)
(4613099, 4837520, 999900, 10450519)
(4612443, 4837520, 999900, 10449863)
(4612411, 4837520, 999900, 10449831)
(4611742, 4837520, 999900, 10449162)
(4611456, 4837520, 999900, 10448876)
(4610695, 4837520, 999900, 10448115)
(4610504, 4837520, 999900, 10447924)
(4609838, 4837520, 999900, 10447258)
(4609404, 4837520, 999900, 10446824)
(4608645, 4837520, 999900, 10446065)
(4608203, 4837520, 999900, 10445623)
(4608034, 4837520, 999900, 10445454)
(4607653, 4837520, 999900, 10445073)
(4606888, 4837520, 999900, 10444308)
(4606624, 4837520, 999900, 10444044)
(4606205, 4837520, 999900, 10443625)
(4605614, 4837520, 999900, 10443034)
(4605480, 4837520, 999900, 10442900)
(4605258, 4837520, 999900, 10442678)
(4604819, 4837520, 999900, 10442239)
(4604227, 4837520, 999900, 10441647)
(4603938, 4837520, 999900, 10441358)
(4603521, 4837520, 999900, 10440941)
(4602677, 4837520, 999900, 10440097)
(4601891, 4837520, 999900, 10439311)
(4601293, 4837520, 999900, 10438713)
(4600844, 4837520, 999900, 10438264)
(4600386, 4837520, 999900, 10437806)
(4600049, 4837520, 999900, 10437469)
(4599112, 4837520, 999900, 10436532)
(4598842, 4837520, 999900, 10436262)
(4598484, 4837520, 999900, 10435904)
(4597744, 4837520, 999900, 10435164)
(4597277, 4837520, 999900, 10434697)
(4596628, 4837520, 999900, 10434048)
(4595776, 4837520, 999900, 10433196)
(4595329, 4837520, 999900, 10432749)
(4594435, 4837520, 999900, 10431855)
(4593937, 4837520, 999900, 10431357)
(4593507, 4837520, 999900, 10430927)
(4593352, 4837520, 999900, 10430772)
(4593118, 4837520, 999900, 10430538)
(4592129, 4837520, 999900, 10429549)
(4591418, 4837520, 999900, 10428838)
(4590945, 4837520, 999900, 10428365)
(4590160, 4837520, 999900, 10427580)
(4590145, 4837520, 999900, 10427565)
(4589968, 4837520, 999900, 10427388)
(4589142, 4837520, 999900, 10426562)
(4588637, 4837520, 999900, 10426057)
(4588038, 4837520, 999900, 10425458)
(4587216, 4837520, 999900, 10424636)
(4586276, 4837520, 999900, 10423696)
(4585857, 4837520, 999900, 10423277)
(4585127, 4837520, 999900, 10422547)
(4585045, 4837520, 999900, 10422465)
(4584504, 4837520, 999900, 10421924)
(4583994, 4837520, 999900, 10421414)
(4583269, 4837520, 999900, 10420689)
(4582821, 4837520, 999900, 10420241)
(4582201, 4837520, 999900, 10419621)
(4581578, 4837520, 999900, 10418998)
(4581093, 4837520, 999900, 10418513)
(4580740, 4837520, 999900, 10418160)
(4580269, 4837520, 999900, 10417689)
(4579929, 4837520, 999900, 10417349)
(4579580, 4837520, 999900, 10417000)
(4578727, 4837520, 999900, 10416147)
(4577840, 4837520, 999900, 10415260)
(4577647, 4837520, 999900, 10415067)
(4577143, 4837520, 999900, 10414563)
(4576626, 4837520, 999900, 10414046)
(4575896, 4837520, 999900, 10413316)
(4575255, 4837520, 999900, 10412675)
(4574368, 4837520, 999900, 10411788)
(4573550, 4837520, 999900, 10410970)
(4573309, 4837520, 999900, 10410729)
(4572732, 4837520, 999900, 10410152)
(4572257, 4837520, 999900, 10409677)
(4571623, 4837520, 999900, 10409043)
(4571099, 4837520, 999900, 10408519)
(4570902, 4837520, 999900, 10408322)
(4570182, 4837520, 999900, 10407602)
(4569786, 4837520, 999900, 10407206)
(4569178, 4837520, 999900, 10406598)
(4568448, 4837520, 999900, 10405868)
(4568442, 4837520, 999900, 10405862)
(4567995, 4837520, 999900, 10405415)
(4567555, 4837520, 999900, 10404975)
(4567208, 4837520, 999900, 10404628)
(4566708, 4837520, 999900, 10404128)
(4566052, 4837520, 999900, 10403472)
(4565399, 4837520, 999900, 10402819)
(4565093, 4837520, 999900, 10402513)
(4564657, 4837520, 999900, 10402077)
(4564462, 4837520, 999900, 10401882)
(4563607, 4837520, 999900, 10401027)
(4563091, 4837520, 999900, 10400511)
(4562372, 4837520, 999900, 10399792)
(4562026, 4837520, 999900, 10399446)
(4561868, 4837520, 999900, 10399288)
(4561102, 4837520, 999900, 10398522)
(4560938, 4837520, 999900, 10398358)
(4560050, 4837520, 999900, 10397470)
(4559445, 4837520, 999900, 10396865)
(4558670, 4837520, 999900, 10396090)
(4557589, 4837520, 999900, 10395009)
(4556685, 4837520, 999900, 10394105)
(4556214, 4837520, 999900, 10393634)
(4556033, 4837520, 999900, 10393453)
(4555905, 4837520, 999900, 10393325)
(4555349, 4837520, 999900, 10392769)
(4554589, 4837520, 999900, 10392009)
(4554153, 4837520, 999900, 10391573)
(4553861, 4837520, 999900, 10391281)
(4553171, 4837520, 999900, 10390591)
(4552347, 4837520, 999900, 10389767)
(4551818, 4837520, 999900, 10389238)
(4550959, 4837520, 999900, 10388379)
(4550417, 4837520, 999900, 10387837)
(4549654, 4837520, 999900, 10387074)
(4548797, 4837520, 999900, 10386217)
(4548189, 4837520, 999900, 10385609)
(4547341, 4837520, 999900, 10384761)
(4546661, 4837520, 999900, 10384081)
(4545944, 4837520, 999900, 10383364)
(4545122, 4837520, 999900, 10382542)
(4544410, 4837520, 999900, 10381830)
(4543988, 4837520, 999900, 10381408)
(4543404, 4837520, 999900, 10380824)
(4543228, 4837520, 999900, 10380648)
(4543034, 4837520, 999900, 10380454)
(4542885, 4837520, 999900, 10380305)
(4542346, 4837520, 999900, 10379766)
(4541423, 4837520, 999900, 10378843)
(4540940, 4837520, 999900, 10378360)
(4540398, 4837520, 999900, 10377818)
(4539872, 4837520, 999900, 10377292)
(4539052, 4837520, 999900, 10376472)
(4538503, 4837520, 999900, 10375923)
(4537741, 4837520, 999900, 10375161)
(4537379, 4837520, 999900, 10374799)
(4536448, 4837520, 999900, 10373868)
(4535565, 4837520, 999900, 10372985)
(4534788, 4837520, 999900, 10372208)
(4533855, 4837520, 999900, 10371275)
(4533125, 4837520, 999900, 10370545)
(4532671, 4837520, 999900, 10370091)
(4531627, 4837520, 999900, 10369047)
(4530626, 4837520, 999900, 10368046)
(4529949, 4837520, 999900, 10367369)
(4529489, 4837520, 999900, 10366909)
(4528904, 4837520, 999900, 10366324)
(4528287, 4837520, 999900, 10365707)
(4527755, 4837520, 999900, 10365175)
(4527388, 4837520, 999900, 10364808)
(4527192, 4837520, 999900, 10364612)
(4526673, 4837520, 999900, 10364093)
(4526130, 4837520, 999900, 10363550)
(4525694, 4837520, 999900, 10363114)
(4525130, 4837520, 999900, 10362550)
(4524262, 4837520, 999900, 10361682)
(4523368, 4837520, 999900, 10360788)
(4523002, 4837520, 999900, 10360422)
(4522398, 4837520, 999900, 10359818)
(4521504, 4837520, 999900, 10358924)
(4520818, 4837520, 999900, 10358238)
(4520443, 4837520, 999900, 10357863)
(4520019, 4837520, 999900, 10357439)
(4519729, 4837520, 999900, 10357149)
(4519663, 4837520, 999900, 10357083)
(4519490, 4837520, 999900, 10356910)
(4519489, 4837520, 999900, 10356909)
(4518510, 4837520, 999900, 10355930)
(4517778, 4837520, 999900, 10355198)
(4517194, 4837520, 999900, 10354614)
(4516021, 4837520, 999900, 10353441)
(4515713, 4837520, 999900, 10353133)
(4515457, 4837520, 999900, 10352877)
(4515275, 4837520, 999900, 10352695)
(4514991, 4837520, 999900, 10352411)
(4514643, 4837520, 999900, 10352063)
(4514173, 4837520, 999900, 10351593)
(4513389, 4837520, 999900, 10350809)
(4513101, 4837520, 999900, 10350521)
(4512543, 4837520, 999900, 10349963)
(4511977, 4837520, 999900, 10349397)
(4511435, 4837520, 999900, 10348855)
(4511117, 4837520, 999900, 10348537)
(4510329, 4837520, 999900, 10347749)
(4509612, 4837520, 999900, 10347032)
(4508808, 4837520, 999900, 10346228)
(4508611, 4837520, 999900, 10346031)
(4508095, 4837520, 999900, 10345515)
(4507547, 4837520, 999900, 10344967)
(4506979, 4837520, 999900, 10344399)
(4506933, 4837520, 999900, 10344353)
(4506484, 4837520, 999900, 10343904)
(4505950, 4837520, 999900, 10343370)
(4505668, 4837520, 999900, 10343088)
(4505012, 4837520, 999900, 10342432)
(4504929, 4837520, 999900, 10342349)
(4504109, 4837520, 999900, 10341529)
(4503722, 4837520, 999900, 10341142)
(4503016, 4837520, 999900, 10340436)
(4502383, 4837520, 999900, 10339803)
(4501424, 4837520, 999900, 10338844)
(4500577, 4837520, 999900, 10337997)
(4499876, 4837520, 999900, 10337296)
(4499220, 4837520, 999900, 10336640)
(4499089, 4837520, 999900, 10336509)
(4498777, 4837520, 999900, 10336197)
(4498423, 4837520, 999900, 10335843)
(4498136, 4837520, 999900, 10335556)
(4497197, 4837520, 999900, 10334617)
(4496606, 4837520, 999900, 10334026)
(4496058, 4837520, 999900, 10333478)
(4495283, 4837520, 999900, 10332703)
(4494518, 4837520, 999900, 10331938)
(4494030, 4837520, 999900, 10331450)
(4493330, 4837520, 999900, 10330750)
(4492532, 4837520, 999900, 10329952)
(4492061, 4837520, 999900, 10329481)
(4491171, 4837520, 999900, 10328591)
(4490442, 4837520, 999900, 10327862)
(4489758, 4837520, 999900, 10327178)
(4489261, 4837520, 999900, 10326681)
(4488276, 4837520, 999900, 10325696)
(4487499, 4837520, 999900, 10324919)
(4487230, 4837520, 999900, 10324650)
(4486470, 4837520, 999900, 10323890)
(4486026, 4837520, 999900, 10323446)
(4485304, 4837520, 999900, 10322724)
(4484723, 4837520, 999900, 10322143)
(4484353, 4837520, 999900, 10321773)
(4483843, 4837520, 999900, 10321263)
(4483620, 4837520, 999900, 10321040)
(4483394, 4837520, 999900, 10320814)
(4483152, 4837520, 999900, 10320572)
(4483151, 4837520, 999900, 10320571)
(4482578, 4837520, 999900, 10319998)
(4481853, 4837520, 999900, 10319273)
(4481279, 4837520, 999900, 10318699)
(4480772, 4837520, 999900, 10318192)
(4480257, 4837520, 999900, 10317677)
(4479621, 4837520, 999900, 10317041)
(4479417, 4837520, 999900, 10316837)
(4478945, 4837520, 999900, 10316365)
(4478108, 4837520, 999900, 10315528)
(4477331, 4837520, 999900, 10314751)
(4476839, 4837520, 999900, 10314259)
(4476072, 4837520, 999900, 10313492)
(4475478, 4837520, 999900, 10312898)
(4474982, 4837520, 999900, 10312402)
(4474381, 4837520, 999900, 10311801)
(4474226, 4837520, 999900, 10311646)
(4473614, 4837520, 999900, 10311034)
(4472945, 4837520, 999900, 10310365)
(4472774, 4837520, 999900, 10310194)
(4472211, 4837520, 999900, 10309631)
(4471649, 4837520, 999900, 10309069)
(4470736, 4837520, 999900, 10308156)
(4470722, 4837520, 999900, 10308142)
(4470346, 4837520, 999900, 10307766)
(4470066, 4837520, 999900, 10307486)
(4469485, 4837520, 999900, 10306905)
(4469036, 4837520, 999900, 10306456)
(4468852, 4837520, 999900, 10306272)
(4468459, 4837520, 999900, 10305879)
(4467823, 4837520, 999900, 10305243)
(4467060, 4837520, 999900, 10304480)
(4466763, 4837520, 999900, 10304183)
(4465705, 4837520, 999900, 10303125)
(4465538, 4837520, 999900, 10302958)
(4464756, 4837520, 999900, 10302176)
(4463630, 4837520, 999900, 10301050)
(4462867, 4837520, 999900, 10300287)
(4462124, 4837520, 999900, 10299544)
(4461354, 4837520, 999900, 10298774)
(4461081, 4837520, 999900, 10298501)
(4460740, 4837520, 999900, 10298160)
(4460334, 4837520, 999900, 10297754)
(4459820, 4837520, 999900, 10297240)
(4459186, 4837520, 999900, 10296606)
(4458568, 4837520, 999900, 10295988)
(4457985, 4837520, 999900, 10295405)
(4457845, 4837520, 999900, 10295265)
(4457726, 4837520, 999900, 10295146)
(4456624, 4837520, 999900, 10294044)
(4455606, 4837520, 999900, 10293026)
(4455469, 4837520, 999900, 10292889)
(4454919, 4837520, 999900, 10292339)
(4454291, 4837520, 999900, 10291711)
(4453583, 4837520, 999900, 10291003)
(4453280, 4837520, 999900, 10290700)
(4452430, 4837520, 999900, 10289850)
(4451770, 4837520, 999900, 10289190)
(4451122, 4837520, 999900, 10288542)
(4450442, 4837520, 999900, 10287862)
(4450020, 4837520, 999900, 10287440)
(4449847, 4837520, 999900, 10287267)
(4449148, 4837520, 999900, 10286568)
(4448540, 4837520, 999900, 10285960)
(4447603, 4837520, 999900, 10285023)
(4446638, 4837520, 999900, 10284058)
(4446167, 4837520, 999900, 10283587)
(4445516, 4837520, 999900, 10282936)
(4445009, 4837520, 999900, 10282429)
(4444851, 4837520, 999900, 10282271)
(4444136, 4837520, 999900, 10281556)
(4443607, 4837520, 999900, 10281027)
(4443207, 4837520, 999900, 10280627)
(4442626, 4837520, 999900, 10280046)
(4441959, 4837520, 999900, 10279379)
(4441548, 4837520, 999900, 10278968)
(4440800, 4837520, 999900, 10278220)
(4440591, 4837520, 999900, 10278011)
(4440336, 4837520, 999900, 10277756)
(4439583, 4837520, 999900, 10277003)
(4439109, 4837520, 999900, 10276529)
(4438618, 4837520, 999900, 10276038)
(4438105, 4837520, 999900, 10275525)
(4437823, 4837520, 999900, 10275243)
(4437472, 4837520, 999900, 10274892)
(4436701, 4837520, 999900, 10274121)
(4435814, 4837520, 999900, 10273234)
(4435450, 4837520, 999900, 10272870)
(4434455, 4837520, 999900, 10271875)
(4434057, 4837520, 999900, 10271477)
(4434056, 4837520, 999900, 10271476)
(4433589, 4837520, 999900, 10271009)
(4432438, 4837520, 999900, 10269858)
(4431543, 4837520, 999900, 10268963)
(4430761, 4837520, 999900, 10268181)
(4430578, 4837520, 999900, 10267998)
(4430157, 4837520, 999900, 10267577)
(4429565, 4837520, 999900, 10266985)
(4429296, 4837520, 999900, 10266716)
(4429148, 4837520, 999900, 10266568)
(4428845, 4837520, 999900, 10266265)
(4428801, 4837520, 999900, 10266221)
(4428491, 4837520, 999900, 10265911)
(4428225, 4837520, 999900, 10265645)
(4427859, 4837520, 999900, 10265279)
(4427648, 4837520, 999900, 10265068)
(4427364, 4837520, 999900, 10264784)
(4427363, 4837520, 999900, 10264783)
(4427098, 4837520, 999900, 10264518)
(4426657, 4837520, 999900, 10264077)
(4426311, 4837520, 999900, 10263731)
(4425806, 4837520, 999900, 10263226)
(4424744, 4837520, 999900, 10262164)
(4424223, 4837520, 999900, 10261643)
(4424058, 4837520, 999900, 10261478)
(4423481, 4837520, 999900, 10260901)
(4423094, 4837520, 999900, 10260514)
(4422597, 4837520, 999900, 10260017)
(4421745, 4837520, 999900, 10259165)
(4420942, 4837520, 999900, 10258362)
(4420642, 4837520, 999900, 10258062)
(4420175, 4837520, 999900, 10257595)
(4420021, 4837520, 999900, 10257441)
(4419862, 4837520, 999900, 10257282)
(4419410, 4837520, 999900, 10256830)
(4418822, 4837520, 999900, 10256242)
(4418059, 4837520, 999900, 10255479)
(4417688, 4837520, 999900, 10255108)
(4417167, 4837520, 999900, 10254587)
(4416287, 4837520, 999900, 10253707)
(4415708, 4837520, 999900, 10253128)
(4414847, 4837520, 999900, 10252267)
(4414366, 4837520, 999900, 10251786)
(4414081, 4837520, 999900, 10251501)
(4413116, 4837520, 999900, 10250536)
(4412583, 4837520, 999900, 10250003)
(4412252, 4837520, 999900, 10249672)
(4411439, 4837520, 999900, 10248859)
(4410270, 4837520, 999900, 10247690)
(4409091, 4837520, 999900, 10246511)
(4408343, 4837520, 999900, 10245763)
(4408048, 4837520, 999900, 10245468)
(4407743, 4837520, 999900, 10245163)
(4407509, 4837520, 999900, 10244929)
(4407083, 4837520, 999900, 10244503)
(4406701, 4837520, 999900, 10244121)
(4405998, 4837520, 999900, 10243418)
(4405375, 4837520, 999900, 10242795)
(4405037, 4837520, 999900, 10242457)
(4404355, 4837520, 999900, 10241775)
(4403894, 4837520, 999900, 10241314)
(4403605, 4837520, 999900, 10241025)
(4402654, 4837520, 999900, 10240074)
(4402605, 4837520, 999900, 10240025)
(4402022, 4837520, 999900, 10239442)
(4401765, 4837520, 999900, 10239185)
(4400976, 4837520, 999900, 10238396)
(4400544, 4837520, 999900, 10237964)
(4399718, 4837520, 999900, 10237138)
(4399136, 4837520, 999900, 10236556)
(4398885, 4837520, 999900, 10236305)
(4398324, 4837520, 999900, 10235744)
(4398160, 4837520, 999900, 10235580)
(4397161, 4837520, 999900, 10234581)
(4396475, 4837520, 999900, 10233895)
(4395559, 4837520, 999900, 10232979)
(4395080, 4837520, 999900, 10232500)
(4394461, 4837520, 999900, 10231881)
(4393689, 4837520, 999900, 10231109)
(4392675, 4837520, 999900, 10230095)
(4392022, 4837520, 999900, 10229442)
(4391769, 4837520, 999900, 10229189)
(4391581, 4837520, 999900, 10229001)
(4391140, 4837520, 999900, 10228560)
(4390871, 4837520, 999900, 10228291)
(4389908, 4837520, 999900, 10227328)
(4389150, 4837520, 999900, 10226570)
(4388661, 4837520, 999900, 10226081)
(4388364, 4837520, 999900, 10225784)
(4387983, 4837520, 999900, 10225403)
(4387636, 4837520, 999900, 10225056)
(4387258, 4837520, 999900, 10224678)
(4386935, 4837520, 999900, 10224355)
(4386100, 4837520, 999900, 10223520)
(4385397, 4837520, 999900, 10222817)
(4384883, 4837520, 999900, 10222303)
(4383928, 4837520, 999900, 10221348)
(4383610, 4837520, 999900, 10221030)
(4383077, 4837520, 999900, 10220497)
(4382719, 4837520, 999900, 10220139)
(4382078, 4837520, 999900, 10219498)
(4381576, 4837520, 999900, 10218996)
(4381167, 4837520, 999900, 10218587)
(4380919, 4837520, 999900, 10218339)
(4380278, 4837520, 999900, 10217698)
(4379970, 4837520, 999900, 10217390)
(4379160, 4837520, 999900, 10216580)
