(3008037, 3214892, 1012385, 7235314)
(2805392, 3376730, 1012385, 7194507)
(2752283, 3425202, 1012385, 7189870)
(2715896, 3427212, 1012385, 7155493)
(2500837, 3617288, 1012385, 7130510)
(2413325, 3667770, 1012385, 7093480)
(2233410, 3801372, 1012385, 7047167)
(2115003, 3884270, 1012385, 7011658)
(2115003, 3884270, 1012385, 7011658)
(1958890, 4017186, 1012385, 6988461)
(6104836, 870000, 509451, 7484287)
(5920788, 1007936, 509451, 7438175)
(5920788, 1007936, 509451, 7438175)
(5728384, 1151472, 509451, 7389307)
(2821066, 3533128, 985646, 7339840)
(2554781, 3711180, 985646, 7251607)
(2375587, 3837436, 985646, 7198669)
(2193942, 3980920, 985646, 7160508)
(2035445, 4057424, 985646, 7078515)
(2032619, 4057424, 985646, 7075689)
(3172324, 3279936, 985646, 7437906)
