(3162500, 3212688, 1011245, 7386433)
(2972812, 3351670, 1011245, 7335727)
(2798236, 3492268, 1011245, 7301749)
(2607863, 3638142, 1011245, 7257250)
(2514135, 3720886, 1011245, 7246266)
(2480944, 3714830, 1011245, 7207019)
(2409112, 3758112, 1011245, 7178469)
(2278406, 3855290, 1011245, 7144941)
(2077602, 4016812, 1011245, 7105659)
(2058593, 4012878, 1011245, 7082716)
(6190420, 875230, 527889, 7593539)
(6153339, 900382, 527889, 7581610)
(6061222, 968969, 527889, 7558080)
(6056922, 972483, 527889, 7557294)
(3047007, 3346560, 1010738, 7404305)
(2899108, 3489946, 1010738, 7399792)
(2705680, 3648040, 1010738, 7364458)
(2536565, 3777958, 1010738, 7325261)
(2473489, 3816526, 1010738, 7300753)
(2314627, 3904062, 1010738, 7229427)
(3239937, 3251070, 1010738, 7501745)
