(31211, 32704, 13933, 77848)
(31171, 32704, 13933, 77808)
(31114, 32704, 13933, 77751)
(31094, 32704, 13933, 77731)
(31068, 32704, 13933, 77705)
(31028, 32704, 13933, 77665)
(31006, 32704, 13933, 77643)
(31003, 32704, 13933, 77640)
(30941, 32704, 13933, 77578)
(30922, 32704, 13933, 77559)
(30885, 32704, 13933, 77522)
(30815, 32704, 13933, 77452)
(30746, 32704, 13933, 77383)
(30722, 32704, 13933, 77359)
(30711, 32704, 13933, 77348)
(30681, 32704, 13933, 77318)
(30610, 32704, 13933, 77247)
(30581, 32704, 13933, 77218)
(30533, 32704, 13933, 77170)
(30494, 32704, 13933, 77131)
(30479, 32704, 13933, 77116)
(30450, 32704, 13933, 77087)
(30401, 32704, 13933, 77038)
(30366, 32704, 13933, 77003)
(30309, 32704, 13933, 76946)
(30256, 32704, 13933, 76893)
(30189, 32704, 13933, 76826)
(30157, 32704, 13933, 76794)
(30110, 32704, 13933, 76747)
(30033, 32704, 13933, 76670)
(30023, 32704, 13933, 76660)
(29992, 32704, 13933, 76629)
(29958, 32704, 13933, 76595)
(29910, 32704, 13933, 76547)
(29862, 32704, 13933, 76499)
(29834, 32704, 13933, 76471)
(29820, 32704, 13933, 76457)
(29794, 32704, 13933, 76431)
(29767, 32704, 13933, 76404)
(29712, 32704, 13933, 76349)
(29647, 32704, 13933, 76284)
(29575, 32704, 13933, 76212)
(29533, 32704, 13933, 76170)
(29499, 32704, 13933, 76136)
(29463, 32704, 13933, 76100)
(29462, 32704, 13933, 76099)
(29443, 32704, 13933, 76080)
(29362, 32704, 13933, 75999)
(29353, 32704, 13933, 75990)
(29311, 32704, 13933, 75948)
(29239, 32704, 13933, 75876)
(29188, 32704, 13933, 75825)
(29156, 32704, 13933, 75793)
(29103, 32704, 13933, 75740)
(29049, 32704, 13933, 75686)
(29044, 32704, 13933, 75681)
(29002, 32704, 13933, 75639)
(28929, 32704, 13933, 75566)
(28893, 32704, 13933, 75530)
(28856, 32704, 13933, 75493)
(28798, 32704, 13933, 75435)
(28787, 32704, 13933, 75424)
(28757, 32704, 13933, 75394)
(28718, 32704, 13933, 75355)
(28654, 32704, 13933, 75291)
(28633, 32704, 13933, 75270)
(28573, 32704, 13933, 75210)
(28544, 32704, 13933, 75181)
(28532, 32704, 13933, 75169)
(28469, 32704, 13933, 75106)
(28454, 32704, 13933, 75091)
(28411, 32704, 13933, 75048)
(28391, 32704, 13933, 75028)
(28344, 32704, 13933, 74981)
(28305, 32704, 13933, 74942)
(28263, 32704, 13933, 74900)
(28217, 32704, 13933, 74854)
(28185, 32704, 13933, 74822)
(28167, 32704, 13933, 74804)
(28127, 32704, 13933, 74764)
(28096, 32704, 13933, 74733)
(28093, 32704, 13933, 74730)
(28078, 32704, 13933, 74715)
(28043, 32704, 13933, 74680)
(27987, 32704, 13933, 74624)
(27929, 32704, 13933, 74566)
(27908, 32704, 13933, 74545)
(27856, 32704, 13933, 74493)
(27822, 32704, 13933, 74459)
(27801, 32704, 13933, 74438)
(27760, 32704, 13933, 74397)
(27682, 32704, 13933, 74319)
(27612, 32704, 13933, 74249)
(27581, 32704, 13933, 74218)
(27576, 32704, 13933, 74213)
(27564, 32704, 13933, 74201)
(27520, 32704, 13933, 74157)
(27472, 32704, 13933, 74109)
(27420, 32704, 13933, 74057)
(27368, 32704, 13933, 74005)
(27363, 32704, 13933, 74000)
(27359, 32704, 13933, 73996)
(27313, 32704, 13933, 73950)
(27238, 32704, 13933, 73875)
(27237, 32704, 13933, 73874)
(27188, 32704, 13933, 73825)
(27152, 32704, 13933, 73789)
(27140, 32704, 13933, 73777)
(27092, 32704, 13933, 73729)
(27065, 32704, 13933, 73702)
(27003, 32704, 13933, 73640)
(26982, 32704, 13933, 73619)
(26938, 32704, 13933, 73575)
(26910, 32704, 13933, 73547)
(26860, 32704, 13933, 73497)
(26806, 32704, 13933, 73443)
(26783, 32704, 13933, 73420)
(26758, 32704, 13933, 73395)
(26702, 32704, 13933, 73339)
(26675, 32704, 13933, 73312)
(26674, 32704, 13933, 73311)
(26650, 32704, 13933, 73287)
(26616, 32704, 13933, 73253)
(26559, 32704, 13933, 73196)
(26513, 32704, 13933, 73150)
(26464, 32704, 13933, 73101)
(26405, 32704, 13933, 73042)
(26391, 32704, 13933, 73028)
(26355, 32704, 13933, 72992)
(26344, 32704, 13933, 72981)
(26289, 32704, 13933, 72926)
(26263, 32704, 13933, 72900)
(26235, 32704, 13933, 72872)
(26182, 32704, 13933, 72819)
(26167, 32704, 13933, 72804)
(26120, 32704, 13933, 72757)
(26044, 32704, 13933, 72681)
(26015, 32704, 13933, 72652)
(25993, 32704, 13933, 72630)
(25951, 32704, 13933, 72588)
(25931, 32704, 13933, 72568)
(25914, 32704, 13933, 72551)
(25883, 32704, 13933, 72520)
(25844, 32704, 13933, 72481)
(25809, 32704, 13933, 72446)
(25759, 32704, 13933, 72396)
(25708, 32704, 13933, 72345)
(25660, 32704, 13933, 72297)
(25599, 32704, 13933, 72236)
(25580, 32704, 13933, 72217)
(25568, 32704, 13933, 72205)
(25544, 32704, 13933, 72181)
(25484, 32704, 13933, 72121)
(25457, 32704, 13933, 72094)
(25423, 32704, 13933, 72060)
(25384, 32704, 13933, 72021)
(25353, 32704, 13933, 71990)
(25283, 32704, 13933, 71920)
(25270, 32704, 13933, 71907)
(25214, 32704, 13933, 71851)
(25213, 32704, 13933, 71850)
(25187, 32704, 13933, 71824)
(25136, 32704, 13933, 71773)
(25098, 32704, 13933, 71735)
(25049, 32704, 13933, 71686)
(25024, 32704, 13933, 71661)
(25004, 32704, 13933, 71641)
(24972, 32704, 13933, 71609)
(24961, 32704, 13933, 71598)
(24918, 32704, 13933, 71555)
(24905, 32704, 13933, 71542)
(24874, 32704, 13933, 71511)
(24837, 32704, 13933, 71474)
(24804, 32704, 13933, 71441)
(24764, 32704, 13933, 71401)
(24727, 32704, 13933, 71364)
(24685, 32704, 13933, 71322)
(24640, 32704, 13933, 71277)
(24585, 32704, 13933, 71222)
(24524, 32704, 13933, 71161)
(24497, 32704, 13933, 71134)
(24452, 32704, 13933, 71089)
(24415, 32704, 13933, 71052)
(24402, 32704, 13933, 71039)
(24382, 32704, 13933, 71019)
(24353, 32704, 13933, 70990)
(24348, 32704, 13933, 70985)
(24293, 32704, 13933, 70930)
(24285, 32704, 13933, 70922)
(24248, 32704, 13933, 70885)
(24196, 32704, 13933, 70833)
(24167, 32704, 13933, 70804)
(24123, 32704, 13933, 70760)
(24092, 32704, 13933, 70729)
(24047, 32704, 13933, 70684)
(23999, 32704, 13933, 70636)
(23962, 32704, 13933, 70599)
(23913, 32704, 13933, 70550)
(23885, 32704, 13933, 70522)
(23835, 32704, 13933, 70472)
(23817, 32704, 13933, 70454)
(23782, 32704, 13933, 70419)
(23763, 32704, 13933, 70400)
(23758, 32704, 13933, 70395)
(23750, 32704, 13933, 70387)
(23689, 32704, 13933, 70326)
