(70073, 71704, 18298, 160075)
(70001, 71704, 18298, 160003)
(69953, 71704, 18298, 159955)
(69883, 71704, 18298, 159885)
(69849, 71704, 18298, 159851)
(69804, 71704, 18298, 159806)
(69773, 71704, 18298, 159775)
(69752, 71704, 18298, 159754)
(69713, 71704, 18298, 159715)
(69708, 71704, 18298, 159710)
(69659, 71704, 18298, 159661)
(69636, 71704, 18298, 159638)
(69583, 71704, 18298, 159585)
(69533, 71704, 18298, 159535)
(69487, 71704, 18298, 159489)
(69428, 71704, 18298, 159430)
(69406, 71704, 18298, 159408)
(69343, 71704, 18298, 159345)
(69285, 71704, 18298, 159287)
(69232, 71704, 18298, 159234)
(69140, 71704, 18298, 159142)
(69096, 71704, 18298, 159098)
(69068, 71704, 18298, 159070)
(69018, 71704, 18298, 159020)
(68941, 71704, 18298, 158943)
(68903, 71704, 18298, 158905)
(68875, 71704, 18298, 158877)
(68850, 71704, 18298, 158852)
(68759, 71704, 18298, 158761)
(68707, 71704, 18298, 158709)
(68630, 71704, 18298, 158632)
(68543, 71704, 18298, 158545)
(68513, 71704, 18298, 158515)
(68459, 71704, 18298, 158461)
(68397, 71704, 18298, 158399)
(68344, 71704, 18298, 158346)
(68275, 71704, 18298, 158277)
(68187, 71704, 18298, 158189)
(68161, 71704, 18298, 158163)
(68124, 71704, 18298, 158126)
(68061, 71704, 18298, 158063)
(68016, 71704, 18298, 158018)
(67948, 71704, 18298, 157950)
(67917, 71704, 18298, 157919)
(67879, 71704, 18298, 157881)
(67832, 71704, 18298, 157834)
(67829, 71704, 18298, 157831)
(67771, 71704, 18298, 157773)
(67709, 71704, 18298, 157711)
(67655, 71704, 18298, 157657)
(67615, 71704, 18298, 157617)
(67575, 71704, 18298, 157577)
(67495, 71704, 18298, 157497)
(67490, 71704, 18298, 157492)
(67411, 71704, 18298, 157413)
(67342, 71704, 18298, 157344)
(67301, 71704, 18298, 157303)
(67237, 71704, 18298, 157239)
(67199, 71704, 18298, 157201)
(67161, 71704, 18298, 157163)
(67138, 71704, 18298, 157140)
(67080, 71704, 18298, 157082)
(67049, 71704, 18298, 157051)
(67025, 71704, 18298, 157027)
(67009, 71704, 18298, 157011)
(66953, 71704, 18298, 156955)
(66900, 71704, 18298, 156902)
(66854, 71704, 18298, 156856)
(66791, 71704, 18298, 156793)
(66768, 71704, 18298, 156770)
(66750, 71704, 18298, 156752)
(66678, 71704, 18298, 156680)
(66649, 71704, 18298, 156651)
(66606, 71704, 18298, 156608)
(66599, 71704, 18298, 156601)
(66517, 71704, 18298, 156519)
(66462, 71704, 18298, 156464)
(66400, 71704, 18298, 156402)
(66369, 71704, 18298, 156371)
(66294, 71704, 18298, 156296)
(66218, 71704, 18298, 156220)
(66162, 71704, 18298, 156164)
(66086, 71704, 18298, 156088)
(66045, 71704, 18298, 156047)
(65971, 71704, 18298, 155973)
(65905, 71704, 18298, 155907)
(65834, 71704, 18298, 155836)
(65798, 71704, 18298, 155800)
(65733, 71704, 18298, 155735)
(65690, 71704, 18298, 155692)
(65599, 71704, 18298, 155601)
(65559, 71704, 18298, 155561)
(65546, 71704, 18298, 155548)
(65519, 71704, 18298, 155521)
(65487, 71704, 18298, 155489)
(65463, 71704, 18298, 155465)
(65416, 71704, 18298, 155418)
(65371, 71704, 18298, 155373)
(65341, 71704, 18298, 155343)
(65285, 71704, 18298, 155287)
(65251, 71704, 18298, 155253)
(65192, 71704, 18298, 155194)
(65153, 71704, 18298, 155155)
(65089, 71704, 18298, 155091)
(65061, 71704, 18298, 155063)
(64991, 71704, 18298, 154993)
(64951, 71704, 18298, 154953)
(64940, 71704, 18298, 154942)
(64894, 71704, 18298, 154896)
(64833, 71704, 18298, 154835)
(64764, 71704, 18298, 154766)
(64743, 71704, 18298, 154745)
(64661, 71704, 18298, 154663)
(64576, 71704, 18298, 154578)
(64517, 71704, 18298, 154519)
(64478, 71704, 18298, 154480)
(64367, 71704, 18298, 154369)
(64304, 71704, 18298, 154306)
(64255, 71704, 18298, 154257)
(64193, 71704, 18298, 154195)
(64178, 71704, 18298, 154180)
(64109, 71704, 18298, 154111)
(64028, 71704, 18298, 154030)
(63957, 71704, 18298, 153959)
(63909, 71704, 18298, 153911)
(63826, 71704, 18298, 153828)
(63768, 71704, 18298, 153770)
(63729, 71704, 18298, 153731)
(63725, 71704, 18298, 153727)
(63708, 71704, 18298, 153710)
(63639, 71704, 18298, 153641)
(63601, 71704, 18298, 153603)
(63587, 71704, 18298, 153589)
(63585, 71704, 18298, 153587)
(63557, 71704, 18298, 153559)
(63510, 71704, 18298, 153512)
(63481, 71704, 18298, 153483)
(63455, 71704, 18298, 153457)
(63422, 71704, 18298, 153424)
(63378, 71704, 18298, 153380)
(63371, 71704, 18298, 153373)
(63363, 71704, 18298, 153365)
(63326, 71704, 18298, 153328)
(63284, 71704, 18298, 153286)
(63228, 71704, 18298, 153230)
(63186, 71704, 18298, 153188)
(63157, 71704, 18298, 153159)
(63087, 71704, 18298, 153089)
(63061, 71704, 18298, 153063)
(63016, 71704, 18298, 153018)
(63013, 71704, 18298, 153015)
(62951, 71704, 18298, 152953)
(62916, 71704, 18298, 152918)
(62853, 71704, 18298, 152855)
(62799, 71704, 18298, 152801)
(62763, 71704, 18298, 152765)
(62727, 71704, 18298, 152729)
(62684, 71704, 18298, 152686)
(62634, 71704, 18298, 152636)
(62569, 71704, 18298, 152571)
(62497, 71704, 18298, 152499)
(62470, 71704, 18298, 152472)
(62449, 71704, 18298, 152451)
(62407, 71704, 18298, 152409)
(62382, 71704, 18298, 152384)
(62331, 71704, 18298, 152333)
(62285, 71704, 18298, 152287)
(62216, 71704, 18298, 152218)
(62177, 71704, 18298, 152179)
(62134, 71704, 18298, 152136)
(62071, 71704, 18298, 152073)
(62007, 71704, 18298, 152009)
(61954, 71704, 18298, 151956)
(61871, 71704, 18298, 151873)
(61811, 71704, 18298, 151813)
(61758, 71704, 18298, 151760)
(61750, 71704, 18298, 151752)
(61702, 71704, 18298, 151704)
(61616, 71704, 18298, 151618)
(61570, 71704, 18298, 151572)
(61527, 71704, 18298, 151529)
(61499, 71704, 18298, 151501)
(61435, 71704, 18298, 151437)
(61397, 71704, 18298, 151399)
(61369, 71704, 18298, 151371)
(61317, 71704, 18298, 151319)
(61261, 71704, 18298, 151263)
(61189, 71704, 18298, 151191)
(61151, 71704, 18298, 151153)
(61123, 71704, 18298, 151125)
(61105, 71704, 18298, 151107)
(61067, 71704, 18298, 151069)
(61010, 71704, 18298, 151012)
(60956, 71704, 18298, 150958)
(60909, 71704, 18298, 150911)
(60893, 71704, 18298, 150895)
(60864, 71704, 18298, 150866)
(60823, 71704, 18298, 150825)
(60819, 71704, 18298, 150821)
(60743, 71704, 18298, 150745)
(60710, 71704, 18298, 150712)
(60671, 71704, 18298, 150673)
(60615, 71704, 18298, 150617)
(60526, 71704, 18298, 150528)
(60493, 71704, 18298, 150495)
(60468, 71704, 18298, 150470)
(60454, 71704, 18298, 150456)
(60405, 71704, 18298, 150407)
(60352, 71704, 18298, 150354)
(60304, 71704, 18298, 150306)
(60257, 71704, 18298, 150259)
(60238, 71704, 18298, 150240)
(60190, 71704, 18298, 150192)
(60166, 71704, 18298, 150168)
(60099, 71704, 18298, 150101)
(60047, 71704, 18298, 150049)
(59970, 71704, 18298, 149972)
(59927, 71704, 18298, 149929)
(59899, 71704, 18298, 149901)
(59821, 71704, 18298, 149823)
(59738, 71704, 18298, 149740)
(59662, 71704, 18298, 149664)
(59605, 71704, 18298, 149607)
(59574, 71704, 18298, 149576)
(59542, 71704, 18298, 149544)
(59541, 71704, 18298, 149543)
(59491, 71704, 18298, 149493)
(59419, 71704, 18298, 149421)
(59393, 71704, 18298, 149395)
(59360, 71704, 18298, 149362)
(59331, 71704, 18298, 149333)
(59273, 71704, 18298, 149275)
(59251, 71704, 18298, 149253)
(59205, 71704, 18298, 149207)
(59160, 71704, 18298, 149162)
(59085, 71704, 18298, 149087)
(59046, 71704, 18298, 149048)
(59045, 71704, 18298, 149047)
(58953, 71704, 18298, 148955)
(58882, 71704, 18298, 148884)
(58813, 71704, 18298, 148815)
(58774, 71704, 18298, 148776)
(58718, 71704, 18298, 148720)
(58630, 71704, 18298, 148632)
(58552, 71704, 18298, 148554)
(58460, 71704, 18298, 148462)
(58432, 71704, 18298, 148434)
(58381, 71704, 18298, 148383)
(58369, 71704, 18298, 148371)
(58353, 71704, 18298, 148355)
(58307, 71704, 18298, 148309)
(58277, 71704, 18298, 148279)
(58216, 71704, 18298, 148218)
(58215, 71704, 18298, 148217)
(58139, 71704, 18298, 148141)
(58072, 71704, 18298, 148074)
(58039, 71704, 18298, 148041)
(58015, 71704, 18298, 148017)
(57968, 71704, 18298, 147970)
(57927, 71704, 18298, 147929)
(57922, 71704, 18298, 147924)
(57891, 71704, 18298, 147893)
(57848, 71704, 18298, 147850)
(57818, 71704, 18298, 147820)
(57730, 71704, 18298, 147732)
(57646, 71704, 18298, 147648)
(57571, 71704, 18298, 147573)
(57514, 71704, 18298, 147516)
(57491, 71704, 18298, 147493)
(57449, 71704, 18298, 147451)
(57391, 71704, 18298, 147393)
(57336, 71704, 18298, 147338)
(57295, 71704, 18298, 147297)
(57261, 71704, 18298, 147263)
(57220, 71704, 18298, 147222)
(57186, 71704, 18298, 147188)
(57185, 71704, 18298, 147187)
(57157, 71704, 18298, 147159)
(57066, 71704, 18298, 147068)
(57062, 71704, 18298, 147064)
(57033, 71704, 18298, 147035)
(56973, 71704, 18298, 146975)
(56923, 71704, 18298, 146925)
(56914, 71704, 18298, 146916)
(56858, 71704, 18298, 146860)
(56813, 71704, 18298, 146815)
(56763, 71704, 18298, 146765)
(56699, 71704, 18298, 146701)
(56669, 71704, 18298, 146671)
(56615, 71704, 18298, 146617)
(56600, 71704, 18298, 146602)
(56537, 71704, 18298, 146539)
(56482, 71704, 18298, 146484)
(56434, 71704, 18298, 146436)
(56388, 71704, 18298, 146390)
(56344, 71704, 18298, 146346)
(56257, 71704, 18298, 146259)
(56206, 71704, 18298, 146208)
(56144, 71704, 18298, 146146)
(56086, 71704, 18298, 146088)
(56065, 71704, 18298, 146067)
(56010, 71704, 18298, 146012)
(55933, 71704, 18298, 145935)
(55915, 71704, 18298, 145917)
(55876, 71704, 18298, 145878)
(55837, 71704, 18298, 145839)
(55803, 71704, 18298, 145805)
(55772, 71704, 18298, 145774)
(55706, 71704, 18298, 145708)
(55671, 71704, 18298, 145673)
(55607, 71704, 18298, 145609)
(55542, 71704, 18298, 145544)
(55538, 71704, 18298, 145540)
(55488, 71704, 18298, 145490)
(55458, 71704, 18298, 145460)
(55427, 71704, 18298, 145429)
(55420, 71704, 18298, 145422)
(55415, 71704, 18298, 145417)
(55385, 71704, 18298, 145387)
(55332, 71704, 18298, 145334)
(55236, 71704, 18298, 145238)
(55223, 71704, 18298, 145225)
(55184, 71704, 18298, 145186)
(55132, 71704, 18298, 145134)
(55065, 71704, 18298, 145067)
(54992, 71704, 18298, 144994)
(54947, 71704, 18298, 144949)
(54885, 71704, 18298, 144887)
(54844, 71704, 18298, 144846)
(54804, 71704, 18298, 144806)
(54767, 71704, 18298, 144769)
(54723, 71704, 18298, 144725)
(54669, 71704, 18298, 144671)
(54648, 71704, 18298, 144650)
(54633, 71704, 18298, 144635)
(54608, 71704, 18298, 144610)
(54544, 71704, 18298, 144546)
(54483, 71704, 18298, 144485)
(54459, 71704, 18298, 144461)
(54423, 71704, 18298, 144425)
(54381, 71704, 18298, 144383)
(54363, 71704, 18298, 144365)
(54299, 71704, 18298, 144301)
(54232, 71704, 18298, 144234)
(54176, 71704, 18298, 144178)
(54105, 71704, 18298, 144107)
(54066, 71704, 18298, 144068)
(54034, 71704, 18298, 144036)
(53997, 71704, 18298, 143999)
(53945, 71704, 18298, 143947)
(53926, 71704, 18298, 143928)
(53886, 71704, 18298, 143888)
(53860, 71704, 18298, 143862)
(53837, 71704, 18298, 143839)
(53781, 71704, 18298, 143783)
(53701, 71704, 18298, 143703)
(53650, 71704, 18298, 143652)
(53644, 71704, 18298, 143646)
(53614, 71704, 18298, 143616)
(53577, 71704, 18298, 143579)
(53527, 71704, 18298, 143529)
(53505, 71704, 18298, 143507)
(53487, 71704, 18298, 143489)
(53448, 71704, 18298, 143450)
(53406, 71704, 18298, 143408)
(53369, 71704, 18298, 143371)
(53303, 71704, 18298, 143305)
(53274, 71704, 18298, 143276)
(53208, 71704, 18298, 143210)
(53175, 71704, 18298, 143177)
(53131, 71704, 18298, 143133)
(53098, 71704, 18298, 143100)
(53038, 71704, 18298, 143040)
(52988, 71704, 18298, 142990)
(52913, 71704, 18298, 142915)
(52857, 71704, 18298, 142859)
(52796, 71704, 18298, 142798)
(52749, 71704, 18298, 142751)
(52708, 71704, 18298, 142710)
(52650, 71704, 18298, 142652)
