(47975, 38584, 16567, 103126)
(47917, 38584, 16567, 103068)
(47888, 38584, 16567, 103039)
(47876, 38584, 16567, 103027)
(47841, 38584, 16567, 102992)
(47798, 38584, 16567, 102949)
(47763, 38584, 16567, 102914)
(47709, 38584, 16567, 102860)
(47690, 38584, 16567, 102841)
(47666, 38584, 16567, 102817)
(47634, 38584, 16567, 102785)
(47588, 38584, 16567, 102739)
(47524, 38584, 16567, 102675)
(47489, 38584, 16567, 102640)
(47435, 38584, 16567, 102586)
(47401, 38584, 16567, 102552)
(47352, 38584, 16567, 102503)
(47311, 38584, 16567, 102462)
(47285, 38584, 16567, 102436)
(47272, 38584, 16567, 102423)
(47218, 38584, 16567, 102369)
(47165, 38584, 16567, 102316)
(47115, 38584, 16567, 102266)
(47036, 38584, 16567, 102187)
(47030, 38584, 16567, 102181)
(47020, 38584, 16567, 102171)
(46981, 38584, 16567, 102132)
(46917, 38584, 16567, 102068)
(46907, 38584, 16567, 102058)
(46889, 38584, 16567, 102040)
(46818, 38584, 16567, 101969)
(46777, 38584, 16567, 101928)
(46758, 38584, 16567, 101909)
(46690, 38584, 16567, 101841)
(46659, 38584, 16567, 101810)
(46600, 38584, 16567, 101751)
(46565, 38584, 16567, 101716)
(46520, 38584, 16567, 101671)
(46493, 38584, 16567, 101644)
(46453, 38584, 16567, 101604)
(46396, 38584, 16567, 101547)
(46346, 38584, 16567, 101497)
(46320, 38584, 16567, 101471)
(46303, 38584, 16567, 101454)
(46265, 38584, 16567, 101416)
(46250, 38584, 16567, 101401)
(46240, 38584, 16567, 101391)
(46199, 38584, 16567, 101350)
(46141, 38584, 16567, 101292)
(46108, 38584, 16567, 101259)
(46080, 38584, 16567, 101231)
(46019, 38584, 16567, 101170)
(46002, 38584, 16567, 101153)
(45954, 38584, 16567, 101105)
(45929, 38584, 16567, 101080)
(45901, 38584, 16567, 101052)
(45864, 38584, 16567, 101015)
(45810, 38584, 16567, 100961)
(45773, 38584, 16567, 100924)
(45723, 38584, 16567, 100874)
(45685, 38584, 16567, 100836)
(45662, 38584, 16567, 100813)
(45603, 38584, 16567, 100754)
(45550, 38584, 16567, 100701)
(45532, 38584, 16567, 100683)
(45479, 38584, 16567, 100630)
(45456, 38584, 16567, 100607)
(45423, 38584, 16567, 100574)
(45368, 38584, 16567, 100519)
(45323, 38584, 16567, 100474)
(45269, 38584, 16567, 100420)
(45217, 38584, 16567, 100368)
(45195, 38584, 16567, 100346)
(45172, 38584, 16567, 100323)
(45118, 38584, 16567, 100269)
(45079, 38584, 16567, 100230)
(45031, 38584, 16567, 100182)
(44995, 38584, 16567, 100146)
(44978, 38584, 16567, 100129)
(44950, 38584, 16567, 100101)
(44930, 38584, 16567, 100081)
(44885, 38584, 16567, 100036)
(44846, 38584, 16567, 99997)
(44804, 38584, 16567, 99955)
(44780, 38584, 16567, 99931)
(44728, 38584, 16567, 99879)
(44683, 38584, 16567, 99834)
(44617, 38584, 16567, 99768)
(44583, 38584, 16567, 99734)
(44573, 38584, 16567, 99724)
(44510, 38584, 16567, 99661)
(44501, 38584, 16567, 99652)
(44456, 38584, 16567, 99607)
(44363, 38584, 16567, 99514)
(44319, 38584, 16567, 99470)
(44301, 38584, 16567, 99452)
(44247, 38584, 16567, 99398)
(44234, 38584, 16567, 99385)
(44201, 38584, 16567, 99352)
(44133, 38584, 16567, 99284)
(44106, 38584, 16567, 99257)
(44059, 38584, 16567, 99210)
(44021, 38584, 16567, 99172)
(43989, 38584, 16567, 99140)
(43921, 38584, 16567, 99072)
(43871, 38584, 16567, 99022)
(43806, 38584, 16567, 98957)
(43796, 38584, 16567, 98947)
(43778, 38584, 16567, 98929)
(43732, 38584, 16567, 98883)
(43659, 38584, 16567, 98810)
(43590, 38584, 16567, 98741)
(43533, 38584, 16567, 98684)
(43500, 38584, 16567, 98651)
(43450, 38584, 16567, 98601)
(43358, 38584, 16567, 98509)
(43291, 38584, 16567, 98442)
(43266, 38584, 16567, 98417)
(43193, 38584, 16567, 98344)
(43136, 38584, 16567, 98287)
(43092, 38584, 16567, 98243)
(43073, 38584, 16567, 98224)
(43049, 38584, 16567, 98200)
(42966, 38584, 16567, 98117)
(42953, 38584, 16567, 98104)
(42876, 38584, 16567, 98027)
(42824, 38584, 16567, 97975)
(42801, 38584, 16567, 97952)
(42764, 38584, 16567, 97915)
(42631, 38584, 16567, 97782)
(42596, 38584, 16567, 97747)
(42543, 38584, 16567, 97694)
(42487, 38584, 16567, 97638)
(42432, 38584, 16567, 97583)
(42372, 38584, 16567, 97523)
(42302, 38584, 16567, 97453)
(42265, 38584, 16567, 97416)
(42234, 38584, 16567, 97385)
(42181, 38584, 16567, 97332)
(42129, 38584, 16567, 97280)
(42084, 38584, 16567, 97235)
(42038, 38584, 16567, 97189)
(42010, 38584, 16567, 97161)
(41973, 38584, 16567, 97124)
(41938, 38584, 16567, 97089)
(41885, 38584, 16567, 97036)
(41834, 38584, 16567, 96985)
(41814, 38584, 16567, 96965)
(41791, 38584, 16567, 96942)
(41704, 38584, 16567, 96855)
(41673, 38584, 16567, 96824)
(41645, 38584, 16567, 96796)
(41590, 38584, 16567, 96741)
(41552, 38584, 16567, 96703)
(41515, 38584, 16567, 96666)
(41459, 38584, 16567, 96610)
(41440, 38584, 16567, 96591)
(41407, 38584, 16567, 96558)
(41371, 38584, 16567, 96522)
(41327, 38584, 16567, 96478)
(41294, 38584, 16567, 96445)
(41252, 38584, 16567, 96403)
(41232, 38584, 16567, 96383)
(41181, 38584, 16567, 96332)
(41144, 38584, 16567, 96295)
(41116, 38584, 16567, 96267)
(41047, 38584, 16567, 96198)
(41009, 38584, 16567, 96160)
(41005, 38584, 16567, 96156)
(40950, 38584, 16567, 96101)
(40912, 38584, 16567, 96063)
(40908, 38584, 16567, 96059)
(40850, 38584, 16567, 96001)
(40800, 38584, 16567, 95951)
(40796, 38584, 16567, 95947)
(40727, 38584, 16567, 95878)
(40683, 38584, 16567, 95834)
(40633, 38584, 16567, 95784)
(40611, 38584, 16567, 95762)
(40552, 38584, 16567, 95703)
(40502, 38584, 16567, 95653)
(40479, 38584, 16567, 95630)
(40449, 38584, 16567, 95600)
(40408, 38584, 16567, 95559)
(40371, 38584, 16567, 95522)
(40318, 38584, 16567, 95469)
(40301, 38584, 16567, 95452)
(40253, 38584, 16567, 95404)
(40200, 38584, 16567, 95351)
(40148, 38584, 16567, 95299)
(40101, 38584, 16567, 95252)
(40058, 38584, 16567, 95209)
(40021, 38584, 16567, 95172)
(39939, 38584, 16567, 95090)
(39903, 38584, 16567, 95054)
(39853, 38584, 16567, 95004)
(39807, 38584, 16567, 94958)
(39751, 38584, 16567, 94902)
(39711, 38584, 16567, 94862)
(39644, 38584, 16567, 94795)
(39605, 38584, 16567, 94756)
(39590, 38584, 16567, 94741)
(39566, 38584, 16567, 94717)
(39513, 38584, 16567, 94664)
(39472, 38584, 16567, 94623)
(39437, 38584, 16567, 94588)
(39405, 38584, 16567, 94556)
(39366, 38584, 16567, 94517)
(39353, 38584, 16567, 94504)
(39325, 38584, 16567, 94476)
(39265, 38584, 16567, 94416)
(39205, 38584, 16567, 94356)
(39164, 38584, 16567, 94315)
(39139, 38584, 16567, 94290)
(39100, 38584, 16567, 94251)
(39053, 38584, 16567, 94204)
(39024, 38584, 16567, 94175)
(39009, 38584, 16567, 94160)
(38959, 38584, 16567, 94110)
(38917, 38584, 16567, 94068)
(38864, 38584, 16567, 94015)
(38817, 38584, 16567, 93968)
(38788, 38584, 16567, 93939)
(38741, 38584, 16567, 93892)
(38682, 38584, 16567, 93833)
(38634, 38584, 16567, 93785)
(38555, 38584, 16567, 93706)
(38491, 38584, 16567, 93642)
(38461, 38584, 16567, 93612)
(38439, 38584, 16567, 93590)
(38389, 38584, 16567, 93540)
(38326, 38584, 16567, 93477)
(38254, 38584, 16567, 93405)
(38233, 38584, 16567, 93384)
(38191, 38584, 16567, 93342)
(38159, 38584, 16567, 93310)
(38089, 38584, 16567, 93240)
(38057, 38584, 16567, 93208)
(38020, 38584, 16567, 93171)
(37971, 38584, 16567, 93122)
(37935, 38584, 16567, 93086)
(37896, 38584, 16567, 93047)
(37854, 38584, 16567, 93005)
(37824, 38584, 16567, 92975)
(37783, 38584, 16567, 92934)
(37739, 38584, 16567, 92890)
(37707, 38584, 16567, 92858)
(37683, 38584, 16567, 92834)
(37642, 38584, 16567, 92793)
(37604, 38584, 16567, 92755)
(37552, 38584, 16567, 92703)
(37523, 38584, 16567, 92674)
(37461, 38584, 16567, 92612)
(37431, 38584, 16567, 92582)
(37349, 38584, 16567, 92500)
(37307, 38584, 16567, 92458)
(37268, 38584, 16567, 92419)
(37241, 38584, 16567, 92392)
(37192, 38584, 16567, 92343)
(37124, 38584, 16567, 92275)
(37098, 38584, 16567, 92249)
(37060, 38584, 16567, 92211)
(37035, 38584, 16567, 92186)
(37002, 38584, 16567, 92153)
(36971, 38584, 16567, 92122)
(36936, 38584, 16567, 92087)
(36902, 38584, 16567, 92053)
(36846, 38584, 16567, 91997)
(36824, 38584, 16567, 91975)
(36790, 38584, 16567, 91941)
(36753, 38584, 16567, 91904)
(36695, 38584, 16567, 91846)
(36649, 38584, 16567, 91800)
(36587, 38584, 16567, 91738)
(36529, 38584, 16567, 91680)
(36493, 38584, 16567, 91644)
(36431, 38584, 16567, 91582)
(36406, 38584, 16567, 91557)
(36387, 38584, 16567, 91538)
(36342, 38584, 16567, 91493)
(36331, 38584, 16567, 91482)
(36280, 38584, 16567, 91431)
(36242, 38584, 16567, 91393)
(36163, 38584, 16567, 91314)
(36129, 38584, 16567, 91280)
(36082, 38584, 16567, 91233)
(36049, 38584, 16567, 91200)
(35998, 38584, 16567, 91149)
(35982, 38584, 16567, 91133)
(35970, 38584, 16567, 91121)
(35916, 38584, 16567, 91067)
(35868, 38584, 16567, 91019)
(35824, 38584, 16567, 90975)
(35783, 38584, 16567, 90934)
(35737, 38584, 16567, 90888)
(35710, 38584, 16567, 90861)
(35697, 38584, 16567, 90848)
(35634, 38584, 16567, 90785)
(35571, 38584, 16567, 90722)
(35499, 38584, 16567, 90650)
(35464, 38584, 16567, 90615)
(35455, 38584, 19874, 93913)
(35450, 38584, 19838, 93872)
(35449, 38584, 19814, 93847)
(35446, 38584, 19760, 93790)
(35435, 38584, 19766, 93785)
(35433, 38584, 19655, 93672)
(35422, 38584, 19645, 93651)
(35411, 38584, 19597, 93592)
(35405, 38584, 19529, 93518)
(35390, 38584, 19507, 93481)
(35388, 38584, 19411, 93383)
(35382, 38584, 19071, 93037)
(35372, 38584, 19070, 93026)
(35366, 38584, 19026, 92976)
(35357, 38584, 19024, 92965)
(35350, 38584, 18956, 92890)
