(75038, 72162, 19205, 166405)
(72038, 74058, 19205, 165301)
(71101, 73752, 19205, 164058)
(68101, 75648, 19205, 162954)
(63946, 78718, 19205, 161869)
(60962, 80308, 19205, 160475)
(58396, 81878, 19205, 159479)
(58396, 81878, 19205, 159479)
(58396, 81878, 19205, 159479)
(54157, 84240, 19205, 157602)
(145574, 12334, 11506, 169414)
(140855, 16339, 12167, 169361)
(137045, 20114, 11543, 168702)
(133207, 22890, 11543, 167640)
(71992, 74124, 17877, 163993)
(68922, 76149, 17877, 162948)
(66736, 77763, 17877, 162376)
(65559, 78045, 17877, 161481)
(61068, 80836, 17877, 159781)
(58246, 82488, 17877, 158611)
(147922, 10590, 11870, 170382)
(143874, 14062, 11137, 169073)
(143780, 14062, 11137, 168979)
(143780, 14062, 11137, 168979)
(143312, 14402, 11137, 168851)
(139204, 18154, 11137, 168495)
(139114, 17146, 11137, 167397)
(139015, 17146, 11137, 167298)
(133315, 22252, 11137, 166704)
(67766, 77582, 17877, 163225)
(158491, 5090, 1280, 164861)
(158491, 5090, 1280, 164861)
(156046, 6562, 1280, 163888)
(154575, 7386, 1280, 163241)
(147485, 13352, 1280, 162117)
(146478, 13758, 1280, 161516)
(143068, 16150, 1280, 160498)
(136958, 21046, 1280, 159284)
(134164, 22924, 1280, 158368)
(131550, 25518, 1280, 158348)
(132627, 23974, 13154, 169755)
(131264, 24492, 13154, 168910)
(131264, 24492, 13154, 168910)
(130778, 24829, 13154, 168761)
(70121, 75822, 17877, 163820)
(64698, 79340, 17877, 161915)
(63059, 80932, 17877, 161868)
(61059, 82322, 17877, 161258)
(61616, 80348, 17877, 159841)
(61331, 80348, 17877, 159556)
(146963, 11992, 7687, 166642)
(143306, 14866, 7687, 165859)
(145057, 12788, 7687, 165532)
(139590, 17924, 7687, 165201)
(136979, 19102, 7687, 163768)
(135073, 19898, 7687, 162658)
(135073, 19898, 7687, 162658)
(132959, 21156, 7687, 161802)
(129486, 23618, 7687, 160791)
(129310, 23618, 7687, 160615)
(129297, 23428, 15287, 168012)
(129196, 23525, 15287, 168008)
(129204, 23428, 15287, 167919)
(123721, 28178, 15287, 167186)
(124179, 27493, 15287, 166959)
(123201, 28057, 15287, 166545)
(120807, 29826, 15287, 165920)
(117971, 32488, 15287, 165746)
(117918, 32488, 15287, 165693)
(117653, 32710, 15287, 165650)
(117898, 30510, 16516, 164924)
(117762, 30510, 16516, 164788)
(117576, 30510, 16516, 164602)
(117561, 30510, 16516, 164587)
(117561, 30510, 16516, 164587)
(117474, 30510, 16516, 164500)
(115749, 31950, 16516, 164215)
(115749, 31950, 16516, 164215)
(115220, 32230, 16516, 163966)
(115220, 32230, 16516, 163966)
(115484, 31910, 16351, 163745)
(115484, 31910, 16351, 163745)
(113228, 33482, 16351, 163061)
(113079, 33482, 16351, 162912)
(113032, 33482, 16351, 162865)
(111630, 34260, 16351, 162241)
(111630, 34260, 16351, 162241)
(111294, 34260, 16351, 161905)
(111269, 34260, 16351, 161880)
(109832, 35360, 16351, 161543)
(111488, 34098, 16835, 162421)
(111488, 34098, 16835, 162421)
(111362, 34098, 16835, 162295)
(111134, 34098, 16835, 162067)
(111088, 34098, 16835, 162021)
(111088, 34098, 16835, 162021)
(110906, 34195, 16835, 161936)
(109496, 35342, 16835, 161673)
(107723, 37072, 16835, 161630)
(106716, 37802, 16835, 161353)
(105838, 37246, 17257, 160341)
(106417, 36488, 17257, 160162)
(106325, 36488, 17257, 160070)
(105972, 36618, 17257, 159847)
(105972, 36618, 17257, 159847)
(105774, 36618, 17257, 159649)
(105623, 36618, 17257, 159498)
(105381, 36618, 17257, 159256)
(105310, 36618, 17257, 159185)
(105297, 36618, 17257, 159172)
(105364, 36404, 18652, 160420)
(105204, 36404, 18652, 160260)
(105204, 36404, 18652, 160260)
(105198, 36404, 18652, 160254)
(103436, 37696, 18652, 159784)
(103369, 37696, 18652, 159717)
(103313, 37696, 18652, 159661)
(103239, 37696, 18652, 159587)
(101564, 38594, 18652, 158810)
(101564, 38594, 18652, 158810)
(102917, 36998, 18562, 158477)
(102917, 36998, 18562, 158477)
(103075, 36998, 18562, 158635)
