(56646, 58156, 18186, 132988)
(56588, 58156, 18186, 132930)
(56531, 58156, 18186, 132873)
(56504, 58156, 18186, 132846)
(56443, 58156, 18186, 132785)
(56413, 58156, 18186, 132755)
(56343, 58156, 18186, 132685)
(56276, 58156, 18186, 132618)
(56207, 58156, 18186, 132549)
(56159, 58156, 18186, 132501)
(56146, 58156, 18186, 132488)
(56125, 58156, 18186, 132467)
(56083, 58156, 18186, 132425)
(56028, 58156, 18186, 132370)
(55986, 58156, 18186, 132328)
(55937, 58156, 18186, 132279)
(55896, 58156, 18186, 132238)
(55811, 58156, 18186, 132153)
(55764, 58156, 18186, 132106)
(55736, 58156, 18186, 132078)
(55711, 58156, 18186, 132053)
(55678, 58156, 18186, 132020)
(55632, 58156, 18186, 131974)
(55555, 58156, 18186, 131897)
(55500, 58156, 18186, 131842)
(55448, 58156, 18186, 131790)
(55415, 58156, 18186, 131757)
(55364, 58156, 18186, 131706)
(55324, 58156, 18186, 131666)
(55280, 58156, 18186, 131622)
(55262, 58156, 18186, 131604)
(55233, 58156, 18186, 131575)
(55201, 58156, 18186, 131543)
(55127, 58156, 18186, 131469)
(55089, 58156, 18186, 131431)
(55033, 58156, 18186, 131375)
(55000, 58156, 18186, 131342)
(54945, 58156, 18186, 131287)
(54891, 58156, 18186, 131233)
(54877, 58156, 18186, 131219)
(54807, 58156, 18186, 131149)
(54751, 58156, 18186, 131093)
(54726, 58156, 18186, 131068)
(54709, 58156, 18186, 131051)
(54664, 58156, 18186, 131006)
(54615, 58156, 18186, 130957)
(54549, 58156, 18186, 130891)
(54536, 58156, 18186, 130878)
(54480, 58156, 18186, 130822)
(54437, 58156, 18186, 130779)
(54380, 58156, 18186, 130722)
(54314, 58156, 18186, 130656)
(54199, 58156, 18186, 130541)
(54164, 58156, 18186, 130506)
(54124, 58156, 18186, 130466)
(54103, 58156, 18186, 130445)
(54060, 58156, 18186, 130402)
(54043, 58156, 18186, 130385)
(54008, 58156, 18186, 130350)
(53940, 58156, 18186, 130282)
(53913, 58156, 18186, 130255)
(53852, 58156, 18186, 130194)
(53830, 58156, 18186, 130172)
(53762, 58156, 18186, 130104)
(53669, 58156, 18186, 130011)
(53605, 58156, 18186, 129947)
(53598, 58156, 18186, 129940)
(53564, 58156, 18186, 129906)
(53527, 58156, 18186, 129869)
(53512, 58156, 18186, 129854)
(53466, 58156, 18186, 129808)
(53432, 58156, 18186, 129774)
(53403, 58156, 18186, 129745)
(53373, 58156, 18186, 129715)
(53333, 58156, 18186, 129675)
(53308, 58156, 18186, 129650)
(53260, 58156, 18186, 129602)
(53203, 58156, 18186, 129545)
(53161, 58156, 18186, 129503)
(53080, 58156, 18186, 129422)
(53013, 58156, 18186, 129355)
(52960, 58156, 18186, 129302)
(52901, 58156, 18186, 129243)
(52867, 58156, 18186, 129209)
(52806, 58156, 18186, 129148)
(52727, 58156, 18186, 129069)
(52700, 58156, 18186, 129042)
(52676, 58156, 18186, 129018)
(52664, 58156, 18186, 129006)
(52639, 58156, 18186, 128981)
(52596, 58156, 18186, 128938)
(52582, 58156, 18186, 128924)
(52499, 58156, 18186, 128841)
(52465, 58156, 18186, 128807)
(52414, 58156, 18186, 128756)
(52343, 58156, 18186, 128685)
(52317, 58156, 18186, 128659)
(52294, 58156, 18186, 128636)
(52221, 58156, 18186, 128563)
(52177, 58156, 18186, 128519)
(52119, 58156, 18186, 128461)
(52065, 58156, 18186, 128407)
(52002, 58156, 18186, 128344)
(51980, 58156, 18186, 128322)
(51947, 58156, 18186, 128289)
(51867, 58156, 18186, 128209)
(51791, 58156, 18186, 128133)
(51723, 58156, 18186, 128065)
(51666, 58156, 18186, 128008)
(51632, 58156, 18186, 127974)
(51561, 58156, 18186, 127903)
(51528, 58156, 18186, 127870)
(51513, 58156, 18186, 127855)
(51468, 58156, 18186, 127810)
(51441, 58156, 18186, 127783)
(51394, 58156, 18186, 127736)
(51385, 58156, 18186, 127727)
(51373, 58156, 18186, 127715)
(51318, 58156, 18186, 127660)
(51284, 58156, 18186, 127626)
(51274, 58156, 18186, 127616)
(51232, 58156, 18186, 127574)
(51206, 58156, 18186, 127548)
(51182, 58156, 18186, 127524)
(51126, 58156, 18186, 127468)
(51043, 58156, 18186, 127385)
(50987, 58156, 18186, 127329)
(50928, 58156, 18186, 127270)
(50922, 58156, 18186, 127264)
(50862, 58156, 18186, 127204)
(50827, 58156, 18186, 127169)
(50773, 58156, 18186, 127115)
(50758, 58156, 18186, 127100)
(50729, 58156, 18186, 127071)
(50713, 58156, 18186, 127055)
(50661, 58156, 18186, 127003)
(50631, 58156, 18186, 126973)
(50626, 58156, 18186, 126968)
(50625, 58156, 18186, 126967)
(50621, 58156, 18186, 126963)
(50563, 58156, 18186, 126905)
(50522, 58156, 18186, 126864)
(50454, 58156, 18186, 126796)
(50432, 58156, 18186, 126774)
(50373, 58156, 18186, 126715)
(50309, 58156, 18186, 126651)
(50278, 58156, 18186, 126620)
(50219, 58156, 18186, 126561)
(50175, 58156, 18186, 126517)
(50155, 58156, 18186, 126497)
(50120, 58156, 18186, 126462)
(50071, 58156, 18186, 126413)
(50008, 58156, 18186, 126350)
(49961, 58156, 18186, 126303)
(49924, 58156, 18186, 126266)
(49879, 58156, 18186, 126221)
(49867, 58156, 18186, 126209)
(49826, 58156, 18186, 126168)
(49794, 58156, 18186, 126136)
(49712, 58156, 18186, 126054)
(49656, 58156, 18186, 125998)
(49605, 58156, 18186, 125947)
(49583, 58156, 18186, 125925)
(49567, 58156, 18186, 125909)
(49508, 58156, 18186, 125850)
(49478, 58156, 18186, 125820)
(49419, 58156, 18186, 125761)
(49395, 58156, 18186, 125737)
(49342, 58156, 18186, 125684)
(49262, 58156, 18186, 125604)
(49253, 58156, 18186, 125595)
(49236, 58156, 18186, 125578)
(49233, 58156, 18186, 125575)
(49197, 58156, 18186, 125539)
(49163, 58156, 18186, 125505)
(49117, 58156, 18186, 125459)
(49086, 58156, 18186, 125428)
(49040, 58156, 18186, 125382)
(49024, 58156, 18186, 125366)
(48953, 58156, 18186, 125295)
(48923, 58156, 18186, 125265)
(48863, 58156, 18186, 125205)
(48807, 58156, 18186, 125149)
(48748, 58156, 18186, 125090)
(48694, 58156, 18186, 125036)
(48630, 58156, 18186, 124972)
(48585, 58156, 18186, 124927)
(48540, 58156, 18186, 124882)
(48493, 58156, 18186, 124835)
(48458, 58156, 18186, 124800)
(48379, 58156, 18186, 124721)
(48359, 58156, 18186, 124701)
(48327, 58156, 18186, 124669)
(48263, 58156, 18186, 124605)
(48221, 58156, 18186, 124563)
(48197, 58156, 18186, 124539)
(48157, 58156, 18186, 124499)
(48106, 58156, 18186, 124448)
(48033, 58156, 18186, 124375)
(48000, 58156, 18186, 124342)
(47971, 58156, 18186, 124313)
(47915, 58156, 18186, 124257)
(47902, 58156, 18186, 124244)
(47856, 58156, 18186, 124198)
(47813, 58156, 18186, 124155)
(47731, 58156, 18186, 124073)
(47682, 58156, 18186, 124024)
(47633, 58156, 18186, 123975)
(47610, 58156, 18186, 123952)
(47542, 58156, 18186, 123884)
(47493, 58156, 18186, 123835)
(47427, 58156, 18186, 123769)
(47416, 58156, 18186, 123758)
(47372, 58156, 18186, 123714)
(47330, 58156, 18186, 123672)
(47294, 58156, 18186, 123636)
(47271, 58156, 18186, 123613)
(47251, 58156, 18186, 123593)
(47216, 58156, 18186, 123558)
(47182, 58156, 18186, 123524)
(47169, 58156, 18186, 123511)
(47124, 58156, 18186, 123466)
(47105, 58156, 18186, 123447)
(47049, 58156, 18186, 123391)
(47000, 58156, 18186, 123342)
(46954, 58156, 18186, 123296)
(46929, 58156, 18186, 123271)
(46894, 58156, 18186, 123236)
(46866, 58156, 18186, 123208)
(46836, 58156, 18186, 123178)
(46791, 58156, 18186, 123133)
(46738, 58156, 18186, 123080)
(46676, 58156, 18186, 123018)
(46654, 58156, 18186, 122996)
(46620, 58156, 18186, 122962)
(46595, 58156, 18186, 122937)
(46546, 58156, 18186, 122888)
(46488, 58156, 18186, 122830)
(46467, 58156, 18186, 122809)
(46443, 58156, 18186, 122785)
(46402, 58156, 18186, 122744)
(46345, 58156, 18186, 122687)
(46312, 58156, 18186, 122654)
(46259, 58156, 18186, 122601)
(46205, 58156, 18186, 122547)
(46136, 58156, 18186, 122478)
(46118, 58156, 18186, 122460)
(46093, 58156, 18186, 122435)
(46086, 58156, 18186, 122428)
(46046, 58156, 18186, 122388)
(45986, 58156, 18186, 122328)
(45954, 58156, 18186, 122296)
(45928, 58156, 18186, 122270)
(45877, 58156, 18186, 122219)
(45860, 58156, 18186, 122202)
(45842, 58156, 18186, 122184)
(45828, 58156, 18186, 122170)
(45768, 58156, 18186, 122110)
(45695, 58156, 18186, 122037)
(45651, 58156, 18186, 121993)
(45568, 58156, 18186, 121910)
(45541, 58156, 18186, 121883)
(45520, 58156, 18186, 121862)
(45494, 58156, 18186, 121836)
(45427, 58156, 18186, 121769)
(45379, 58156, 18186, 121721)
(45326, 58156, 18186, 121668)
(45292, 58156, 18186, 121634)
(45276, 58156, 18186, 121618)
(45235, 58156, 18186, 121577)
(45174, 58156, 18186, 121516)
(45137, 58156, 18186, 121479)
(45112, 58156, 18186, 121454)
(45062, 58156, 18186, 121404)
(45016, 58156, 18186, 121358)
(44998, 58156, 18186, 121340)
(44936, 58156, 18186, 121278)
(44872, 58156, 18186, 121214)
(44832, 58156, 18186, 121174)
(44747, 58156, 18186, 121089)
(44690, 58156, 18186, 121032)
(44664, 58156, 18186, 121006)
(44619, 58156, 18186, 120961)
(44592, 58156, 18186, 120934)
(44567, 58156, 18186, 120909)
(44513, 58156, 18186, 120855)
(44458, 58156, 18186, 120800)
(44436, 58156, 18186, 120778)
(44371, 58156, 18186, 120713)
(44327, 58156, 18186, 120669)
(44307, 58156, 18186, 120649)
(44259, 58156, 18186, 120601)
(44249, 58156, 18186, 120591)
(44223, 58156, 18186, 120565)
(44153, 58156, 18186, 120495)
(44124, 58156, 18186, 120466)
(44085, 58156, 18186, 120427)
(44062, 58156, 18186, 120404)
(44054, 58156, 18186, 120396)
(44024, 58156, 18186, 120366)
(43968, 58156, 18186, 120310)
(43913, 58156, 18186, 120255)
(43870, 58156, 18186, 120212)
(43830, 58156, 18186, 120172)
(43787, 58156, 18186, 120129)
(43716, 58156, 18186, 120058)
(43694, 58156, 18186, 120036)
(43656, 58156, 18186, 119998)
(43620, 58156, 18186, 119962)
(43582, 58156, 18186, 119924)
(43565, 58156, 18186, 119907)
(43496, 58156, 18186, 119838)
(43456, 58156, 18186, 119798)
(43411, 58156, 18186, 119753)
(43334, 58156, 18186, 119676)
(43277, 58156, 18186, 119619)
(43263, 58156, 18186, 119605)
(43257, 58156, 18186, 119599)
(43250, 58156, 18186, 119592)
(43206, 58156, 18186, 119548)
(43168, 58156, 18186, 119510)
(43140, 58156, 18186, 119482)
(43112, 58156, 18186, 119454)
(43049, 58156, 18186, 119391)
(42988, 58156, 18186, 119330)
(42921, 58156, 18186, 119263)
(42883, 58156, 18186, 119225)
(42855, 58156, 18186, 119197)
(42806, 58156, 18186, 119148)
(42755, 58156, 18186, 119097)
(42696, 58156, 18186, 119038)
(42659, 58156, 18186, 119001)
(42593, 58156, 18186, 118935)
(42527, 58156, 18186, 118869)
(42483, 58156, 18186, 118825)
(42474, 58156, 22871, 123501)
(42464, 58156, 22492, 123112)
(42461, 58156, 22353, 122970)
(42450, 58156, 22325, 122931)
(42443, 58156, 22319, 122918)
(42441, 58156, 22263, 122860)
(42431, 58156, 22016, 122603)
(42427, 58156, 21903, 122486)
(42426, 58156, 21831, 122413)
(42422, 58156, 21812, 122390)
(42413, 58156, 21815, 122384)
(42407, 58156, 21814, 122377)
