(57412, 55970, 17272, 130654)
(57348, 55970, 17272, 130590)
(57326, 55970, 17272, 130568)
(57265, 55970, 17272, 130507)
(57212, 55970, 17272, 130454)
(57168, 55970, 17272, 130410)
(57122, 55970, 17272, 130364)
(57096, 55970, 17272, 130338)
(57059, 55970, 17272, 130301)
(56977, 55970, 17272, 130219)
(56902, 55970, 17272, 130144)
(56862, 55970, 17272, 130104)
(56829, 55970, 17272, 130071)
(56768, 55970, 17272, 130010)
(56767, 55970, 17272, 130009)
(56739, 55970, 17272, 129981)
(56722, 55970, 17272, 129964)
(56637, 55970, 17272, 129879)
(56592, 55970, 17272, 129834)
(56567, 55970, 17272, 129809)
(56493, 55970, 17272, 129735)
(56436, 55970, 17272, 129678)
(56399, 55970, 17272, 129641)
(56351, 55970, 17272, 129593)
(56316, 55970, 17272, 129558)
(56257, 55970, 17272, 129499)
(56224, 55970, 17272, 129466)
(56207, 55970, 17272, 129449)
(56172, 55970, 17272, 129414)
(56100, 55970, 17272, 129342)
(56027, 55970, 17272, 129269)
(55996, 55970, 17272, 129238)
(55970, 55970, 17272, 129212)
(55882, 55970, 17272, 129124)
(55825, 55970, 17272, 129067)
(55770, 55970, 17272, 129012)
(55747, 55970, 17272, 128989)
(55732, 55970, 17272, 128974)
(55681, 55970, 17272, 128923)
(55648, 55970, 17272, 128890)
(55620, 55970, 17272, 128862)
(55567, 55970, 17272, 128809)
(55516, 55970, 17272, 128758)
(55451, 55970, 17272, 128693)
(55399, 55970, 17272, 128641)
(55380, 55970, 17272, 128622)
(55302, 55970, 17272, 128544)
(55270, 55970, 17272, 128512)
(55244, 55970, 17272, 128486)
(55195, 55970, 17272, 128437)
(55158, 55970, 17272, 128400)
(55139, 55970, 17272, 128381)
(55115, 55970, 17272, 128357)
(55073, 55970, 17272, 128315)
(55048, 55970, 17272, 128290)
(55012, 55970, 17272, 128254)
(54959, 55970, 17272, 128201)
(54927, 55970, 17272, 128169)
(54910, 55970, 17272, 128152)
(54870, 55970, 17272, 128112)
(54848, 55970, 17272, 128090)
(54816, 55970, 17272, 128058)
(54794, 55970, 17272, 128036)
(54754, 55970, 17272, 127996)
(54730, 55970, 17272, 127972)
(54648, 55970, 17272, 127890)
(54607, 55970, 17272, 127849)
(54578, 55970, 17272, 127820)
(54573, 55970, 17272, 127815)
(54518, 55970, 17272, 127760)
(54488, 55970, 17272, 127730)
(54418, 55970, 17272, 127660)
(54343, 55970, 17272, 127585)
(54299, 55970, 17272, 127541)
(54251, 55970, 17272, 127493)
(54205, 55970, 17272, 127447)
(54182, 55970, 17272, 127424)
(54131, 55970, 17272, 127373)
(54119, 55970, 17272, 127361)
(54065, 55970, 17272, 127307)
(53980, 55970, 17272, 127222)
(53952, 55970, 17272, 127194)
(53898, 55970, 17272, 127140)
(53841, 55970, 17272, 127083)
(53779, 55970, 17272, 127021)
(53714, 55970, 17272, 126956)
(53686, 55970, 17272, 126928)
(53656, 55970, 17272, 126898)
(53550, 55970, 17272, 126792)
(53499, 55970, 17272, 126741)
(53463, 55970, 17272, 126705)
(53444, 55970, 17272, 126686)
(53419, 55970, 17272, 126661)
(53355, 55970, 17272, 126597)
(53304, 55970, 17272, 126546)
(53268, 55970, 17272, 126510)
(53238, 55970, 17272, 126480)
(53210, 55970, 17272, 126452)
(53155, 55970, 17272, 126397)
(53110, 55970, 17272, 126352)
(53039, 55970, 17272, 126281)
(52987, 55970, 17272, 126229)
(52939, 55970, 17272, 126181)
(52918, 55970, 17272, 126160)
(52856, 55970, 17272, 126098)
(52785, 55970, 17272, 126027)
(52735, 55970, 17272, 125977)
(52721, 55970, 17272, 125963)
(52664, 55970, 17272, 125906)
(52606, 55970, 17272, 125848)
(52564, 55970, 17272, 125806)
(52516, 55970, 17272, 125758)
(52465, 55970, 17272, 125707)
(52399, 55970, 17272, 125641)
(52381, 55970, 17272, 125623)
(52340, 55970, 17272, 125582)
(52288, 55970, 17272, 125530)
(52244, 55970, 17272, 125486)
(52236, 55970, 17272, 125478)
(52233, 55970, 17272, 125475)
(52172, 55970, 17272, 125414)
(52092, 55970, 17272, 125334)
(52076, 55970, 17272, 125318)
(52056, 55970, 17272, 125298)
(52016, 55970, 17272, 125258)
(51973, 55970, 17272, 125215)
(51946, 55970, 17272, 125188)
(51900, 55970, 17272, 125142)
(51845, 55970, 17272, 125087)
(51782, 55970, 17272, 125024)
(51711, 55970, 17272, 124953)
(51653, 55970, 17272, 124895)
(51575, 55970, 17272, 124817)
(51500, 55970, 17272, 124742)
(51450, 55970, 17272, 124692)
(51410, 55970, 17272, 124652)
(51363, 55970, 17272, 124605)
(51330, 55970, 17272, 124572)
(51310, 55970, 17272, 124552)
(51271, 55970, 17272, 124513)
(51204, 55970, 17272, 124446)
(51152, 55970, 17272, 124394)
(51116, 55970, 17272, 124358)
(51077, 55970, 17272, 124319)
(51055, 55970, 17272, 124297)
(51019, 55970, 17272, 124261)
(50948, 55970, 17272, 124190)
(50885, 55970, 17272, 124127)
(50869, 55970, 17272, 124111)
(50816, 55970, 17272, 124058)
(50801, 55970, 17272, 124043)
(50728, 55970, 17272, 123970)
(50705, 55970, 17272, 123947)
(50654, 55970, 17272, 123896)
(50586, 55970, 17272, 123828)
(50545, 55970, 17272, 123787)
(50492, 55970, 17272, 123734)
(50467, 55970, 17272, 123709)
(50405, 55970, 17272, 123647)
(50303, 55970, 17272, 123545)
(50283, 55970, 17272, 123525)
(50223, 55970, 17272, 123465)
(50137, 55970, 17272, 123379)
(50095, 55970, 17272, 123337)
(50028, 55970, 17272, 123270)
(49986, 55970, 17272, 123228)
(49938, 55970, 17272, 123180)
(49924, 55970, 17272, 123166)
(49858, 55970, 17272, 123100)
(49807, 55970, 17272, 123049)
(49769, 55970, 17272, 123011)
(49706, 55970, 17272, 122948)
(49649, 55970, 17272, 122891)
(49630, 55970, 17272, 122872)
(49571, 55970, 17272, 122813)
(49513, 55970, 17272, 122755)
(49464, 55970, 17272, 122706)
(49433, 55970, 17272, 122675)
(49418, 55970, 17272, 122660)
(49385, 55970, 17272, 122627)
(49343, 55970, 17272, 122585)
(49292, 55970, 17272, 122534)
(49240, 55970, 17272, 122482)
(49191, 55970, 17272, 122433)
(49136, 55970, 17272, 122378)
(49086, 55970, 17272, 122328)
(48997, 55970, 17272, 122239)
(48972, 55970, 17272, 122214)
(48955, 55970, 17272, 122197)
(48916, 55970, 17272, 122158)
(48881, 55970, 17272, 122123)
(48824, 55970, 17272, 122066)
(48788, 55970, 17272, 122030)
(48713, 55970, 17272, 121955)
(48689, 55970, 17272, 121931)
(48640, 55970, 17272, 121882)
(48584, 55970, 17272, 121826)
(48531, 55970, 17272, 121773)
(48504, 55970, 17272, 121746)
(48479, 55970, 17272, 121721)
(48440, 55970, 17272, 121682)
(48385, 55970, 17272, 121627)
(48338, 55970, 17272, 121580)
(48286, 55970, 17272, 121528)
(48252, 55970, 17272, 121494)
(48194, 55970, 17272, 121436)
(48154, 55970, 17272, 121396)
(48066, 55970, 17272, 121308)
(47993, 55970, 17272, 121235)
(47925, 55970, 17272, 121167)
(47911, 55970, 17272, 121153)
(47883, 55970, 17272, 121125)
(47853, 55970, 17272, 121095)
(47790, 55970, 17272, 121032)
(47761, 55970, 17272, 121003)
(47689, 55970, 17272, 120931)
(47656, 55970, 17272, 120898)
(47619, 55970, 17272, 120861)
(47570, 55970, 17272, 120812)
(47533, 55970, 17272, 120775)
(47494, 55970, 17272, 120736)
(47418, 55970, 17272, 120660)
(47338, 55970, 17272, 120580)
(47262, 55970, 17272, 120504)
(47228, 55970, 17272, 120470)
(47180, 55970, 17272, 120422)
(47112, 55970, 17272, 120354)
(47077, 55970, 17272, 120319)
(47056, 55970, 17272, 120298)
(47046, 55970, 17272, 120288)
(47035, 55970, 17272, 120277)
(47022, 55970, 17272, 120264)
(46972, 55970, 17272, 120214)
(46910, 55970, 17272, 120152)
(46901, 55970, 17272, 120143)
(46814, 55970, 17272, 120056)
(46753, 55970, 17272, 119995)
(46722, 55970, 17272, 119964)
(46683, 55970, 17272, 119925)
(46619, 55970, 17272, 119861)
(46578, 55970, 17272, 119820)
(46564, 55970, 17272, 119806)
(46527, 55970, 17272, 119769)
(46484, 55970, 17272, 119726)
(46431, 55970, 17272, 119673)
(46413, 55970, 17272, 119655)
(46317, 55970, 17272, 119559)
(46274, 55970, 17272, 119516)
(46189, 55970, 17272, 119431)
(46136, 55970, 17272, 119378)
(46104, 55970, 17272, 119346)
(46064, 55970, 17272, 119306)
(46000, 55970, 17272, 119242)
(45965, 55970, 17272, 119207)
(45911, 55970, 17272, 119153)
(45879, 55970, 17272, 119121)
(45857, 55970, 17272, 119099)
(45788, 55970, 17272, 119030)
(45758, 55970, 17272, 119000)
(45729, 55970, 17272, 118971)
(45694, 55970, 17272, 118936)
(45636, 55970, 17272, 118878)
(45583, 55970, 17272, 118825)
(45578, 55970, 17272, 118820)
(45535, 55970, 17272, 118777)
(45505, 55970, 17272, 118747)
(45428, 55970, 17272, 118670)
(45397, 55970, 17272, 118639)
(45339, 55970, 17272, 118581)
(45314, 55970, 17272, 118556)
(45268, 55970, 17272, 118510)
(45218, 55970, 17272, 118460)
(45168, 55970, 17272, 118410)
(45157, 55970, 17272, 118399)
(45106, 55970, 17272, 118348)
(45082, 55970, 17272, 118324)
(45074, 55970, 17272, 118316)
(45024, 55970, 17272, 118266)
(44999, 55970, 17272, 118241)
(44942, 55970, 17272, 118184)
(44911, 55970, 17272, 118153)
(44869, 55970, 17272, 118111)
(44857, 55970, 17272, 118099)
(44806, 55970, 17272, 118048)
(44784, 55970, 17272, 118026)
(44779, 55970, 17272, 118021)
(44704, 55970, 17272, 117946)
(44683, 55970, 17272, 117925)
(44618, 55970, 17272, 117860)
(44579, 55970, 17272, 117821)
(44543, 55970, 17272, 117785)
(44473, 55970, 17272, 117715)
(44413, 55970, 17272, 117655)
(44410, 55970, 22364, 122744)
(44405, 55970, 22320, 122695)
(44399, 55970, 22270, 122639)
(44396, 55970, 22132, 122498)
(44395, 55970, 21970, 122335)
(44392, 55970, 21945, 122307)
(44386, 55970, 21808, 122164)
(44383, 55970, 21773, 122126)
(44379, 55970, 21717, 122066)
(44374, 55970, 21627, 121971)
(44371, 55970, 21584, 121925)
(44366, 55970, 21469, 121805)
(44362, 55970, 21362, 121694)
