(72463, 69544, 15567, 157574)
(72440, 69544, 15567, 157551)
(72410, 69544, 15567, 157521)
(72351, 69544, 15567, 157462)
(72315, 69544, 15567, 157426)
(72252, 69544, 15567, 157363)
(72211, 69544, 15567, 157322)
(72163, 69544, 15567, 157274)
(72078, 69544, 15567, 157189)
(72059, 69544, 15567, 157170)
(72002, 69544, 15567, 157113)
(71964, 69544, 15567, 157075)
(71904, 69544, 15567, 157015)
(71853, 69544, 15567, 156964)
(71812, 69544, 15567, 156923)
(71746, 69544, 15567, 156857)
(71693, 69544, 15567, 156804)
(71642, 69544, 15567, 156753)
(71641, 69544, 15567, 156752)
(71597, 69544, 15567, 156708)
(71563, 69544, 15567, 156674)
(71521, 69544, 15567, 156632)
(71455, 69544, 15567, 156566)
(71365, 69544, 15567, 156476)
(71314, 69544, 15567, 156425)
(71265, 69544, 15567, 156376)
(71194, 69544, 15567, 156305)
(71193, 69544, 15567, 156304)
(71147, 69544, 15567, 156258)
(71096, 69544, 15567, 156207)
(71080, 69544, 15567, 156191)
(71003, 69544, 15567, 156114)
(70902, 69544, 15567, 156013)
(70821, 69544, 15567, 155932)
(70742, 69544, 15567, 155853)
(70702, 69544, 15567, 155813)
(70644, 69544, 15567, 155755)
(70611, 69544, 15567, 155722)
(70610, 69544, 15567, 155721)
(70545, 69544, 15567, 155656)
(70485, 69544, 15567, 155596)
(70442, 69544, 15567, 155553)
(70368, 69544, 15567, 155479)
(70292, 69544, 15567, 155403)
(70205, 69544, 15567, 155316)
(70152, 69544, 15567, 155263)
(70094, 69544, 15567, 155205)
(70087, 69544, 15567, 155198)
(70027, 69544, 15567, 155138)
(70007, 69544, 15567, 155118)
(69955, 69544, 15567, 155066)
(69906, 69544, 15567, 155017)
(69852, 69544, 15567, 154963)
(69761, 69544, 15567, 154872)
(69720, 69544, 15567, 154831)
(69645, 69544, 15567, 154756)
(69577, 69544, 15567, 154688)
(69575, 69544, 15567, 154686)
(69524, 69544, 15567, 154635)
(69477, 69544, 15567, 154588)
(69422, 69544, 15567, 154533)
(69346, 69544, 15567, 154457)
(69272, 69544, 15567, 154383)
(69200, 69544, 15567, 154311)
(69188, 69544, 15567, 154299)
(69160, 69544, 15567, 154271)
(69092, 69544, 15567, 154203)
(69025, 69544, 15567, 154136)
(69009, 69544, 15567, 154120)
(68993, 69544, 15567, 154104)
(68955, 69544, 15567, 154066)
(68902, 69544, 15567, 154013)
(68844, 69544, 15567, 153955)
(68781, 69544, 15567, 153892)
(68740, 69544, 15567, 153851)
(68724, 69544, 15567, 153835)
(68683, 69544, 15567, 153794)
(68646, 69544, 15567, 153757)
(68616, 69544, 15567, 153727)
(68579, 69544, 15567, 153690)
(68521, 69544, 15567, 153632)
(68452, 69544, 15567, 153563)
(68370, 69544, 15567, 153481)
(68359, 69544, 15567, 153470)
(68276, 69544, 15567, 153387)
(68217, 69544, 15567, 153328)
(68175, 69544, 15567, 153286)
(68137, 69544, 15567, 153248)
(68074, 69544, 15567, 153185)
(68070, 69544, 15567, 153181)
(68032, 69544, 15567, 153143)
(67966, 69544, 15567, 153077)
(67901, 69544, 15567, 153012)
(67837, 69544, 15567, 152948)
(67821, 69544, 15567, 152932)
(67792, 69544, 15567, 152903)
(67740, 69544, 15567, 152851)
(67713, 69544, 15567, 152824)
(67680, 69544, 15567, 152791)
(67597, 69544, 15567, 152708)
(67575, 69544, 15567, 152686)
(67532, 69544, 15567, 152643)
(67527, 69544, 15567, 152638)
(67466, 69544, 15567, 152577)
(67422, 69544, 15567, 152533)
(67393, 69544, 15567, 152504)
(67367, 69544, 15567, 152478)
(67285, 69544, 15567, 152396)
(67226, 69544, 15567, 152337)
(67176, 69544, 15567, 152287)
(67084, 69544, 15567, 152195)
(67052, 69544, 15567, 152163)
(67041, 69544, 15567, 152152)
(66981, 69544, 15567, 152092)
(66955, 69544, 15567, 152066)
(66945, 69544, 15567, 152056)
(66884, 69544, 15567, 151995)
(66833, 69544, 15567, 151944)
(66798, 69544, 15567, 151909)
(66770, 69544, 15567, 151881)
(66755, 69544, 15567, 151866)
(66754, 69544, 15567, 151865)
(66728, 69544, 15567, 151839)
(66680, 69544, 15567, 151791)
(66633, 69544, 15567, 151744)
(66593, 69544, 15567, 151704)
(66527, 69544, 15567, 151638)
(66480, 69544, 15567, 151591)
(66460, 69544, 15567, 151571)
(66432, 69544, 15567, 151543)
(66356, 69544, 15567, 151467)
(66355, 69544, 15567, 151466)
(66265, 69544, 15567, 151376)
(66176, 69544, 15567, 151287)
(66102, 69544, 15567, 151213)
(66039, 69544, 15567, 151150)
(65983, 69544, 15567, 151094)
(65936, 69544, 15567, 151047)
(65930, 69544, 15567, 151041)
(65873, 69544, 15567, 150984)
(65830, 69544, 15567, 150941)
(65817, 69544, 15567, 150928)
(65784, 69544, 15567, 150895)
(65698, 69544, 15567, 150809)
(65677, 69544, 15567, 150788)
(65640, 69544, 15567, 150751)
(65569, 69544, 15567, 150680)
(65520, 69544, 15567, 150631)
(65456, 69544, 15567, 150567)
(65432, 69544, 15567, 150543)
(65409, 69544, 15567, 150520)
(65379, 69544, 15567, 150490)
(65291, 69544, 15567, 150402)
(65232, 69544, 15567, 150343)
(65167, 69544, 15567, 150278)
(65121, 69544, 15567, 150232)
(65036, 69544, 15567, 150147)
(64971, 69544, 15567, 150082)
(64966, 69544, 15567, 150077)
(64947, 69544, 15567, 150058)
(64895, 69544, 15567, 150006)
(64863, 69544, 15567, 149974)
(64845, 69544, 15567, 149956)
(64830, 69544, 15567, 149941)
(64785, 69544, 15567, 149896)
(64694, 69544, 15567, 149805)
(64634, 69544, 15567, 149745)
(64564, 69544, 15567, 149675)
(64496, 69544, 15567, 149607)
(64448, 69544, 15567, 149559)
(64440, 69544, 15567, 149551)
(64380, 69544, 15567, 149491)
(64357, 69544, 15567, 149468)
(64267, 69544, 15567, 149378)
(64239, 69544, 15567, 149350)
(64192, 69544, 15567, 149303)
(64147, 69544, 15567, 149258)
(64136, 69544, 15567, 149247)
(64054, 69544, 15567, 149165)
(63993, 69544, 15567, 149104)
(63955, 69544, 15567, 149066)
(63888, 69544, 15567, 148999)
(63837, 69544, 15567, 148948)
(63781, 69544, 15567, 148892)
(63739, 69544, 15567, 148850)
(63729, 69544, 15567, 148840)
(63705, 69544, 15567, 148816)
(63642, 69544, 15567, 148753)
(63621, 69544, 15567, 148732)
(63555, 69544, 15567, 148666)
(63480, 69544, 15567, 148591)
(63425, 69544, 15567, 148536)
(63351, 69544, 15567, 148462)
(63292, 69544, 15567, 148403)
(63238, 69544, 15567, 148349)
(63201, 69544, 15567, 148312)
(63152, 69544, 15567, 148263)
(63107, 69544, 15567, 148218)
(63088, 69544, 15567, 148199)
(63004, 69544, 15567, 148115)
(62985, 69544, 15567, 148096)
(62927, 69544, 15567, 148038)
(62904, 69544, 15567, 148015)
(62834, 69544, 15567, 147945)
(62797, 69544, 15567, 147908)
(62752, 69544, 15567, 147863)
(62713, 69544, 15567, 147824)
(62712, 69544, 15567, 147823)
(62672, 69544, 15567, 147783)
(62611, 69544, 15567, 147722)
(62545, 69544, 15567, 147656)
(62485, 69544, 15567, 147596)
(62409, 69544, 15567, 147520)
(62347, 69544, 15567, 147458)
(62338, 69544, 15567, 147449)
(62271, 69544, 15567, 147382)
(62239, 69544, 15567, 147350)
(62210, 69544, 15567, 147321)
(62179, 69544, 15567, 147290)
(62154, 69544, 15567, 147265)
(62077, 69544, 15567, 147188)
(62047, 69544, 15567, 147158)
(62027, 69544, 15567, 147138)
(62000, 69544, 15567, 147111)
(61953, 69544, 15567, 147064)
(61885, 69544, 15567, 146996)
(61856, 69544, 15567, 146967)
(61831, 69544, 15567, 146942)
(61824, 69544, 15567, 146935)
(61756, 69544, 15567, 146867)
(61738, 69544, 15567, 146849)
(61696, 69544, 15567, 146807)
(61624, 69544, 15567, 146735)
(61597, 69544, 15567, 146708)
(61570, 69544, 15567, 146681)
(61529, 69544, 15567, 146640)
(61447, 69544, 15567, 146558)
(61396, 69544, 15567, 146507)
(61313, 69544, 15567, 146424)
(61311, 69544, 15567, 146422)
(61253, 69544, 15567, 146364)
(61187, 69544, 15567, 146298)
(61155, 69544, 15567, 146266)
(61124, 69544, 15567, 146235)
(61052, 69544, 15567, 146163)
(61023, 69544, 15567, 146134)
(60979, 69544, 15567, 146090)
(60911, 69544, 15567, 146022)
(60867, 69544, 15567, 145978)
(60837, 69544, 15567, 145948)
(60810, 69544, 15567, 145921)
(60767, 69544, 15567, 145878)
(60755, 69544, 15567, 145866)
(60754, 69544, 15567, 145865)
(60721, 69544, 15567, 145832)
(60697, 69544, 15567, 145808)
(60684, 69544, 15567, 145795)
(60622, 69544, 15567, 145733)
(60572, 69544, 15567, 145683)
(60469, 69544, 15567, 145580)
(60397, 69544, 15567, 145508)
(60309, 69544, 15567, 145420)
(60241, 69544, 15567, 145352)
(60210, 69544, 15567, 145321)
(60168, 69544, 15567, 145279)
(60107, 69544, 15567, 145218)
(60036, 69544, 15567, 145147)
(60022, 69544, 15567, 145133)
(60000, 69544, 15567, 145111)
(59961, 69544, 15567, 145072)
(59929, 69544, 15567, 145040)
(59844, 69544, 15567, 144955)
(59823, 69544, 15567, 144934)
(59774, 69544, 15567, 144885)
(59721, 69544, 15567, 144832)
(59704, 69544, 15567, 144815)
(59669, 69544, 15567, 144780)
(59639, 69544, 15567, 144750)
(59605, 69544, 15567, 144716)
(59566, 69544, 15567, 144677)
(59500, 69544, 15567, 144611)
(59421, 69544, 15567, 144532)
(59335, 69544, 15567, 144446)
(59274, 69544, 15567, 144385)
(59198, 69544, 15567, 144309)
(59154, 69544, 15567, 144265)
(59094, 69544, 15567, 144205)
(59055, 69544, 15567, 144166)
(59031, 69544, 15567, 144142)
(59021, 69544, 15567, 144132)
(58960, 69544, 15567, 144071)
(58948, 69544, 15567, 144059)
(58894, 69544, 15567, 144005)
(58800, 69544, 15567, 143911)
(58770, 69544, 15567, 143881)
(58715, 69544, 15567, 143826)
(58662, 69544, 15567, 143773)
(58616, 69544, 15567, 143727)
(58574, 69544, 15567, 143685)
(58573, 69544, 15567, 143684)
(58567, 69544, 15567, 143678)
(58520, 69544, 15567, 143631)
(58491, 69544, 15567, 143602)
(58366, 69544, 15567, 143477)
(58306, 69544, 15567, 143417)
(58219, 69544, 15567, 143330)
(58185, 69544, 15567, 143296)
(58101, 69544, 15567, 143212)
(58064, 69544, 15567, 143175)
(58021, 69544, 15567, 143132)
(57968, 69544, 15567, 143079)
(57920, 69544, 15567, 143031)
(57888, 69544, 15567, 142999)
(57870, 69544, 15567, 142981)
(57795, 69544, 15567, 142906)
(57736, 69544, 15567, 142847)
(57682, 69544, 15567, 142793)
(57619, 69544, 15567, 142730)
(57580, 69544, 15567, 142691)
(57476, 69544, 15567, 142587)
(57420, 69544, 15567, 142531)
(57406, 69544, 15567, 142517)
(57370, 69544, 15567, 142481)
(57315, 69544, 15567, 142426)
(57270, 69544, 15567, 142381)
(57213, 69544, 15567, 142324)
(57184, 69544, 15567, 142295)
(57111, 69544, 15567, 142222)
(57037, 69544, 15567, 142148)
(56975, 69544, 15567, 142086)
(56924, 69544, 15567, 142035)
(56894, 69544, 15567, 142005)
(56831, 69544, 15567, 141942)
(56751, 69544, 15567, 141862)
(56684, 69544, 15567, 141795)
(56650, 69544, 15567, 141761)
(56594, 69544, 15567, 141705)
(56583, 69544, 15567, 141694)
(56568, 69544, 15567, 141679)
(56519, 69544, 15567, 141630)
(56503, 69544, 15567, 141614)
(56455, 69544, 15567, 141566)
(56416, 69544, 15567, 141527)
(56350, 69544, 15567, 141461)
(56275, 69544, 15567, 141386)
(56223, 69544, 15567, 141334)
(56150, 69544, 15567, 141261)
(56131, 69544, 15567, 141242)
(56032, 69544, 15567, 141143)
(55897, 69544, 15567, 141008)
(55843, 69544, 15567, 140954)
(55796, 69544, 15567, 140907)
(55768, 69544, 15567, 140879)
(55730, 69544, 15567, 140841)
(55679, 69544, 15567, 140790)
(55600, 69544, 15567, 140711)
(55535, 69544, 15567, 140646)
(55471, 69544, 15567, 140582)
(55443, 69544, 15567, 140554)
(55372, 69544, 15567, 140483)
(55318, 69544, 15567, 140429)
(55284, 69544, 15567, 140395)
(55236, 69544, 15567, 140347)
(55193, 69544, 15567, 140304)
(55168, 69544, 15567, 140279)
(55119, 69544, 15567, 140230)
(55106, 69544, 15567, 140217)
(55065, 69544, 15567, 140176)
(55010, 69544, 15567, 140121)
(54957, 69544, 15567, 140068)
(54875, 69544, 15567, 139986)
(54813, 69544, 15567, 139924)
(54733, 69544, 15567, 139844)
(54694, 69544, 15567, 139805)
(54668, 69544, 15567, 139779)
(54644, 69544, 15567, 139755)
(54626, 69544, 15567, 139737)
(54625, 69544, 15567, 139736)
(54546, 69544, 15567, 139657)
(54490, 69544, 15567, 139601)
(54422, 69544, 15567, 139533)
(54399, 69544, 15567, 139510)
(54330, 69544, 15567, 139441)
(54303, 69544, 15567, 139414)
(54219, 69544, 15567, 139330)
(54178, 69544, 15567, 139289)
(54120, 69544, 15567, 139231)
(54112, 69544, 15567, 139223)
(54077, 69544, 15567, 139188)
(54030, 69544, 15567, 139141)
(54002, 69544, 15567, 139113)
(53990, 69544, 15567, 139101)
(53920, 69544, 15567, 139031)
(53887, 69544, 15567, 138998)
(53865, 69544, 15567, 138976)
(53816, 69544, 15567, 138927)
(53739, 69544, 15567, 138850)
(53708, 69544, 15567, 138819)
(53632, 69544, 15567, 138743)
(53575, 69544, 15567, 138686)
(53570, 69544, 15567, 138681)
(53515, 69544, 15567, 138626)
(53503, 69544, 19372, 142419)
(53472, 69544, 19282, 142298)
(53442, 69544, 19218, 142204)
(53415, 69544, 19166, 142125)
(53399, 69544, 18969, 141912)
