(32698, 31046, 15163, 78907)
(32633, 31046, 15163, 78842)
(32621, 31046, 15163, 78830)
(32570, 31046, 15163, 78779)
(32537, 31046, 15163, 78746)
(32536, 31046, 15163, 78745)
(32518, 31046, 15163, 78727)
(32491, 31046, 15163, 78700)
(32431, 31046, 15163, 78640)
(32401, 31046, 15163, 78610)
(32359, 31046, 15163, 78568)
(32318, 31046, 15163, 78527)
(32285, 31046, 15163, 78494)
(32214, 31046, 15163, 78423)
(32156, 31046, 15163, 78365)
(32104, 31046, 15163, 78313)
(32083, 31046, 15163, 78292)
(32036, 31046, 15163, 78245)
(32018, 31046, 15163, 78227)
(31998, 31046, 15163, 78207)
(31951, 31046, 15163, 78160)
(31911, 31046, 15163, 78120)
(31895, 31046, 15163, 78104)
(31810, 31046, 15163, 78019)
(31792, 31046, 15163, 78001)
(31747, 31046, 15163, 77956)
(31700, 31046, 15163, 77909)
(31684, 31046, 15163, 77893)
(31661, 31046, 15163, 77870)
(31577, 31046, 15163, 77786)
(31505, 31046, 15163, 77714)
(31446, 31046, 15163, 77655)
(31435, 31046, 15163, 77644)
(31422, 31046, 15163, 77631)
(31421, 31046, 15163, 77630)
(31367, 31046, 15163, 77576)
(31322, 31046, 15163, 77531)
(31285, 31046, 15163, 77494)
(31242, 31046, 15163, 77451)
(31185, 31046, 15163, 77394)
(31170, 31046, 15163, 77379)
(31148, 31046, 15163, 77357)
(31128, 31046, 15163, 77337)
(31084, 31046, 15163, 77293)
(31054, 31046, 15163, 77263)
(31015, 31046, 15163, 77224)
(31007, 31046, 15163, 77216)
(30982, 31046, 15163, 77191)
(30973, 31046, 15163, 77182)
(30971, 31046, 15163, 77180)
(30916, 31046, 15163, 77125)
(30869, 31046, 15163, 77078)
(30824, 31046, 15163, 77033)
(30783, 31046, 15163, 76992)
(30770, 31046, 15163, 76979)
(30740, 31046, 15163, 76949)
(30704, 31046, 15163, 76913)
(30694, 31046, 15163, 76903)
(30686, 31046, 15163, 76895)
(30653, 31046, 15163, 76862)
(30629, 31046, 15163, 76838)
(30597, 31046, 15163, 76806)
(30565, 31046, 15163, 76774)
(30518, 31046, 15163, 76727)
(30487, 31046, 15163, 76696)
(30454, 31046, 15163, 76663)
(30414, 31046, 15163, 76623)
(30401, 31046, 15163, 76610)
(30379, 31046, 15163, 76588)
(30367, 31046, 15163, 76576)
(30302, 31046, 15163, 76511)
(30262, 31046, 15163, 76471)
(30188, 31046, 15163, 76397)
(30158, 31046, 15163, 76367)
(30131, 31046, 15163, 76340)
(30112, 31046, 15163, 76321)
(30093, 31046, 15163, 76302)
(30045, 31046, 15163, 76254)
(30019, 31046, 15163, 76228)
(29983, 31046, 15163, 76192)
(29907, 31046, 15163, 76116)
(29859, 31046, 15163, 76068)
(29826, 31046, 15163, 76035)
(29774, 31046, 15163, 75983)
(29704, 31046, 15163, 75913)
(29666, 31046, 15163, 75875)
(29579, 31046, 15163, 75788)
(29549, 31046, 15163, 75758)
(29481, 31046, 15163, 75690)
(29473, 31046, 15163, 75682)
(29422, 31046, 15163, 75631)
(29375, 31046, 15163, 75584)
(29316, 31046, 15163, 75525)
(29268, 31046, 15163, 75477)
(29230, 31046, 15163, 75439)
(29163, 31046, 15163, 75372)
(29105, 31046, 15163, 75314)
(29055, 31046, 15163, 75264)
(29029, 31046, 15163, 75238)
(28973, 31046, 15163, 75182)
(28919, 31046, 15163, 75128)
(28871, 31046, 15163, 75080)
(28822, 31046, 15163, 75031)
(28770, 31046, 15163, 74979)
(28750, 31046, 15163, 74959)
(28713, 31046, 15163, 74922)
(28675, 31046, 15163, 74884)
(28647, 31046, 15163, 74856)
(28613, 31046, 15163, 74822)
(28571, 31046, 15163, 74780)
(28552, 31046, 15163, 74761)
(28496, 31046, 15163, 74705)
(28475, 31046, 15163, 74684)
(28440, 31046, 15163, 74649)
(28430, 31046, 15163, 74639)
(28398, 31046, 15163, 74607)
(28356, 31046, 15163, 74565)
(28313, 31046, 15163, 74522)
(28280, 31046, 15163, 74489)
(28246, 31046, 15163, 74455)
(28198, 31046, 15163, 74407)
(28178, 31046, 15163, 74387)
(28118, 31046, 15163, 74327)
(28093, 31046, 15163, 74302)
(28057, 31046, 15163, 74266)
(28032, 31046, 15163, 74241)
(28000, 31046, 15163, 74209)
(27952, 31046, 15163, 74161)
(27907, 31046, 15163, 74116)
(27873, 31046, 15163, 74082)
(27863, 31046, 15163, 74072)
(27830, 31046, 15163, 74039)
(27788, 31046, 15163, 73997)
(27753, 31046, 15163, 73962)
(27707, 31046, 15163, 73916)
(27689, 31046, 15163, 73898)
(27667, 31046, 15163, 73876)
(27655, 31046, 15163, 73864)
(27630, 31046, 15163, 73839)
(27585, 31046, 15163, 73794)
(27513, 31046, 15163, 73722)
(27462, 31046, 15163, 73671)
(27411, 31046, 15163, 73620)
(27373, 31046, 15163, 73582)
(27325, 31046, 15163, 73534)
(27276, 31046, 15163, 73485)
(27228, 31046, 15163, 73437)
(27172, 31046, 15163, 73381)
(27112, 31046, 15163, 73321)
(27092, 31046, 15163, 73301)
(27074, 31046, 15163, 73283)
(27033, 31046, 15163, 73242)
(27008, 31046, 15163, 73217)
(26971, 31046, 15163, 73180)
(26961, 31046, 15163, 73170)
(26922, 31046, 15163, 73131)
(26873, 31046, 15163, 73082)
(26812, 31046, 15163, 73021)
(26786, 31046, 15163, 72995)
(26758, 31046, 15163, 72967)
(26718, 31046, 15163, 72927)
(26703, 31046, 15163, 72912)
(26675, 31046, 15163, 72884)
(26666, 31046, 15163, 72875)
(26637, 31046, 15163, 72846)
(26587, 31046, 15163, 72796)
(26573, 31046, 15163, 72782)
(26519, 31046, 15163, 72728)
(26504, 31046, 15163, 72713)
(26464, 31046, 15163, 72673)
(26431, 31046, 15163, 72640)
(26425, 31046, 15163, 72634)
(26382, 31046, 15163, 72591)
(26353, 31046, 15163, 72562)
(26342, 31046, 15163, 72551)
(26322, 31046, 15163, 72531)
(26265, 31046, 15163, 72474)
(26235, 31046, 15163, 72444)
(26231, 31046, 15163, 72440)
(26211, 31046, 15163, 72420)
(26192, 31046, 15163, 72401)
(26138, 31046, 15163, 72347)
(26084, 31046, 15163, 72293)
(26046, 31046, 15163, 72255)
(26026, 31046, 15163, 72235)
(25981, 31046, 15163, 72190)
(25942, 31046, 15163, 72151)
(25904, 31046, 15163, 72113)
(25866, 31046, 15163, 72075)
(25806, 31046, 15163, 72015)
(25766, 31046, 15163, 71975)
(25719, 31046, 15163, 71928)
(25687, 31046, 15163, 71896)
(25628, 31046, 15163, 71837)
(25562, 31046, 15163, 71771)
(25534, 31046, 15163, 71743)
(25480, 31046, 15163, 71689)
(25468, 31046, 15163, 71677)
(25439, 31046, 15163, 71648)
(25407, 31046, 15163, 71616)
(25374, 31046, 15163, 71583)
(25322, 31046, 15163, 71531)
(25293, 31046, 15163, 71502)
(25248, 31046, 15163, 71457)
(25241, 31046, 15163, 71450)
(25205, 31046, 15163, 71414)
(25154, 31046, 15163, 71363)
(25100, 31046, 15163, 71309)
(25069, 31046, 15163, 71278)
(25034, 31046, 15163, 71243)
(24991, 31046, 15163, 71200)
(24947, 31046, 15163, 71156)
(24912, 31046, 15163, 71121)
(24877, 31046, 15163, 71086)
(24843, 31046, 15163, 71052)
(24841, 31046, 19047, 74934)
(24840, 31046, 19001, 74887)
(24833, 31046, 18953, 74832)
(24829, 31046, 18700, 74575)
(24822, 31046, 18696, 74564)
(24814, 31046, 18689, 74549)
(24809, 31046, 18540, 74395)
(24800, 31046, 18502, 74348)
(24793, 31046, 18508, 74347)
(24782, 31046, 18472, 74300)
(24778, 31046, 18470, 74294)
(24767, 31046, 18430, 74243)
(24756, 31046, 18358, 74160)
(24748, 31046, 18260, 74054)
(24744, 31046, 18221, 74011)
(24736, 31046, 18174, 73956)
(24733, 31046, 18054, 73833)
(24725, 31046, 17511, 73282)
(24723, 31046, 17499, 73268)
(24722, 31046, 17382, 73150)
(24711, 31046, 17369, 73126)
(24707, 31046, 17312, 73065)
(24701, 31046, 17260, 73007)
(24696, 31046, 17182, 72924)
