(32557, 29398, 11787, 73742)
(32502, 29398, 11787, 73687)
(32449, 29398, 11787, 73634)
(32423, 29398, 11787, 73608)
(32384, 29398, 11787, 73569)
(32371, 29398, 11787, 73556)
(32323, 29398, 11787, 73508)
(32320, 29398, 11787, 73505)
(32304, 29398, 11787, 73489)
(32267, 29398, 11787, 73452)
(32198, 29398, 11787, 73383)
(32172, 29398, 11787, 73357)
(32161, 29398, 11787, 73346)
(32133, 29398, 11787, 73318)
(32112, 29398, 11787, 73297)
(32051, 29398, 11787, 73236)
(32002, 29398, 11787, 73187)
(31945, 29398, 11787, 73130)
(31923, 29398, 11787, 73108)
(31888, 29398, 11787, 73073)
(31831, 29398, 11787, 73016)
(31778, 29398, 11787, 72963)
(31739, 29398, 11787, 72924)
(31707, 29398, 11787, 72892)
(31630, 29398, 11787, 72815)
(31599, 29398, 11787, 72784)
(31547, 29398, 11787, 72732)
(31525, 29398, 11787, 72710)
(31467, 29398, 11787, 72652)
(31433, 29398, 11787, 72618)
(31377, 29398, 11787, 72562)
(31323, 29398, 11787, 72508)
(31275, 29398, 11787, 72460)
(31230, 29398, 11787, 72415)
(31179, 29398, 11787, 72364)
(31146, 29398, 11787, 72331)
(31135, 29398, 11787, 72320)
(31070, 29398, 11787, 72255)
(31053, 29398, 11787, 72238)
(30981, 29398, 11787, 72166)
(30968, 29398, 11787, 72153)
(30932, 29398, 11787, 72117)
(30907, 29398, 11787, 72092)
(30900, 29398, 11787, 72085)
(30868, 29398, 11787, 72053)
(30841, 29398, 11787, 72026)
(30831, 29398, 11787, 72016)
(30792, 29398, 11787, 71977)
(30783, 29398, 11787, 71968)
(30759, 29398, 11787, 71944)
(30722, 29398, 11787, 71907)
(30671, 29398, 11787, 71856)
(30639, 29398, 11787, 71824)
(30573, 29398, 11787, 71758)
(30512, 29398, 11787, 71697)
(30470, 29398, 11787, 71655)
(30450, 29398, 11787, 71635)
(30435, 29398, 11787, 71620)
(30418, 29398, 11787, 71603)
(30381, 29398, 11787, 71566)
(30329, 29398, 11787, 71514)
(30295, 29398, 11787, 71480)
(30263, 29398, 11787, 71448)
(30232, 29398, 11787, 71417)
(30221, 29398, 11787, 71406)
(30153, 29398, 11787, 71338)
(30094, 29398, 11787, 71279)
(30047, 29398, 11787, 71232)
(30037, 29398, 11787, 71222)
(30013, 29398, 11787, 71198)
(29988, 29398, 11787, 71173)
(29945, 29398, 11787, 71130)
(29900, 29398, 11787, 71085)
(29865, 29398, 11787, 71050)
(29839, 29398, 11787, 71024)
(29815, 29398, 11787, 71000)
(29767, 29398, 11787, 70952)
(29752, 29398, 11787, 70937)
(29672, 29398, 11787, 70857)
(29652, 29398, 11787, 70837)
(29611, 29398, 11787, 70796)
(29565, 29398, 11787, 70750)
(29528, 29398, 11787, 70713)
(29483, 29398, 11787, 70668)
(29454, 29398, 11787, 70639)
(29394, 29398, 11787, 70579)
(29310, 29398, 11787, 70495)
(29295, 29398, 11787, 70480)
(29237, 29398, 11787, 70422)
(29175, 29398, 11787, 70360)
(29156, 29398, 11787, 70341)
(29135, 29398, 11787, 70320)
(29101, 29398, 11787, 70286)
(29060, 29398, 11787, 70245)
(28990, 29398, 11787, 70175)
(28959, 29398, 11787, 70144)
(28926, 29398, 11787, 70111)
(28888, 29398, 11787, 70073)
(28846, 29398, 11787, 70031)
(28813, 29398, 11787, 69998)
(28746, 29398, 11787, 69931)
(28704, 29398, 11787, 69889)
(28666, 29398, 11787, 69851)
(28597, 29398, 11787, 69782)
(28515, 29398, 11787, 69700)
(28499, 29398, 11787, 69684)
(28488, 29398, 11787, 69673)
(28445, 29398, 11787, 69630)
(28418, 29398, 11787, 69603)
(28378, 29398, 11787, 69563)
(28352, 29398, 11787, 69537)
(28351, 29398, 11787, 69536)
(28315, 29398, 11787, 69500)
(28299, 29398, 11787, 69484)
(28277, 29398, 11787, 69462)
(28260, 29398, 11787, 69445)
(28185, 29398, 11787, 69370)
(28136, 29398, 11787, 69321)
(28124, 29398, 11787, 69309)
(28123, 29398, 11787, 69308)
(28109, 29398, 11787, 69294)
(28057, 29398, 11787, 69242)
(28033, 29398, 11787, 69218)
(28026, 29398, 11787, 69211)
(27998, 29398, 11787, 69183)
(27921, 29398, 11787, 69106)
(27910, 29398, 11787, 69095)
(27887, 29398, 11787, 69072)
(27862, 29398, 11787, 69047)
(27810, 29398, 11787, 68995)
(27773, 29398, 11787, 68958)
(27739, 29398, 11787, 68924)
(27705, 29398, 11787, 68890)
(27649, 29398, 11787, 68834)
(27631, 29398, 11787, 68816)
(27590, 29398, 11787, 68775)
(27544, 29398, 11787, 68729)
(27485, 29398, 11787, 68670)
(27457, 29398, 11787, 68642)
(27388, 29398, 11787, 68573)
(27362, 29398, 11787, 68547)
(27325, 29398, 11787, 68510)
(27297, 29398, 11787, 68482)
(27282, 29398, 11787, 68467)
(27235, 29398, 11787, 68420)
(27176, 29398, 11787, 68361)
(27167, 29398, 11787, 68352)
(27145, 29398, 11787, 68330)
(27098, 29398, 11787, 68283)
(27057, 29398, 11787, 68242)
(27034, 29398, 11787, 68219)
(27017, 29398, 11787, 68202)
(26990, 29398, 11787, 68175)
(26955, 29398, 11787, 68140)
(26882, 29398, 11787, 68067)
(26835, 29398, 11787, 68020)
(26826, 29398, 11787, 68011)
(26776, 29398, 11787, 67961)
(26728, 29398, 11787, 67913)
(26704, 29398, 11787, 67889)
(26688, 29398, 11787, 67873)
(26673, 29398, 11787, 67858)
(26650, 29398, 11787, 67835)
(26646, 29398, 11787, 67831)
(26603, 29398, 11787, 67788)
(26583, 29398, 11787, 67768)
(26549, 29398, 11787, 67734)
(26490, 29398, 11787, 67675)
(26432, 29398, 11787, 67617)
(26417, 29398, 11787, 67602)
(26369, 29398, 11787, 67554)
(26351, 29398, 11787, 67536)
(26314, 29398, 11787, 67499)
(26279, 29398, 11787, 67464)
(26260, 29398, 11787, 67445)
(26232, 29398, 11787, 67417)
(26204, 29398, 11787, 67389)
(26171, 29398, 11787, 67356)
(26133, 29398, 11787, 67318)
(26084, 29398, 11787, 67269)
(26029, 29398, 11787, 67214)
(25986, 29398, 11787, 67171)
(25947, 29398, 11787, 67132)
(25905, 29398, 11787, 67090)
(25891, 29398, 11787, 67076)
(25870, 29398, 11787, 67055)
(25830, 29398, 11787, 67015)
(25815, 29398, 11787, 67000)
(25772, 29398, 11787, 66957)
(25713, 29398, 11787, 66898)
(25676, 29398, 11787, 66861)
(25666, 29398, 11787, 66851)
(25665, 29398, 11787, 66850)
(25610, 29398, 11787, 66795)
(25561, 29398, 11787, 66746)
(25541, 29398, 11787, 66726)
(25509, 29398, 11787, 66694)
(25467, 29398, 11787, 66652)
(25424, 29398, 11787, 66609)
(25412, 29398, 11787, 66597)
(25411, 29398, 11787, 66596)
(25358, 29398, 11787, 66543)
(25306, 29398, 11787, 66491)
(25279, 29398, 11787, 66464)
(25266, 29398, 11787, 66451)
(25238, 29398, 11787, 66423)
(25221, 29398, 11787, 66406)
(25175, 29398, 11787, 66360)
(25142, 29398, 11787, 66327)
(25130, 29398, 11787, 66315)
(25129, 29398, 11787, 66314)
(25106, 29398, 11787, 66291)
(25091, 29398, 11787, 66276)
(25043, 29398, 11787, 66228)
(24997, 29398, 11787, 66182)
(24960, 29398, 11787, 66145)
(24895, 29398, 11787, 66080)
(24854, 29398, 11787, 66039)
(24825, 29398, 11787, 66010)
(24797, 29398, 11787, 65982)
(24786, 29398, 11787, 65971)
(24766, 29398, 11787, 65951)
(24722, 29398, 11787, 65907)
(24703, 29398, 11787, 65888)
(24698, 29398, 11787, 65883)
(24684, 29398, 11787, 65869)
(24669, 29398, 16471, 70538)
(24646, 29398, 16334, 70378)
(24630, 29398, 16102, 70130)
(24623, 29398, 16024, 70045)
(24615, 29398, 15984, 69997)
(24597, 29398, 15976, 69971)
(24585, 29398, 15984, 69967)
(24583, 29398, 15840, 69821)
(24558, 29398, 15834, 69790)
(24543, 29398, 15800, 69741)
(24522, 29398, 15770, 69690)
(24502, 29398, 15706, 69606)
(24499, 29398, 15687, 69584)
(24486, 29398, 15694, 69578)
(24483, 29398, 15589, 69470)
(24482, 29398, 15532, 69412)
(24463, 29398, 15523, 69384)
(24446, 29398, 15493, 69337)
