(58362, 62602, 15746, 136710)
(58298, 62602, 15746, 136646)
(58276, 62602, 15746, 136624)
(58215, 62602, 15746, 136563)
(58162, 62602, 15746, 136510)
(58118, 62602, 15746, 136466)
(58092, 62602, 15746, 136440)
(58046, 62602, 15746, 136394)
(58020, 62602, 15746, 136368)
(57965, 62602, 15746, 136313)
(57937, 62602, 15746, 136285)
(57917, 62602, 15746, 136265)
(57835, 62602, 15746, 136183)
(57779, 62602, 15746, 136127)
(57714, 62602, 15746, 136062)
(57662, 62602, 15746, 136010)
(57634, 62602, 15746, 135982)
(57594, 62602, 15746, 135942)
(57540, 62602, 15746, 135888)
(57518, 62602, 15746, 135866)
(57461, 62602, 15746, 135809)
(57404, 62602, 15746, 135752)
(57356, 62602, 15746, 135704)
(57323, 62602, 15746, 135671)
(57306, 62602, 15746, 135654)
(57264, 62602, 15746, 135612)
(57217, 62602, 15746, 135565)
(57152, 62602, 15746, 135500)
(57126, 62602, 15746, 135474)
(57073, 62602, 15746, 135421)
(57050, 62602, 15746, 135398)
(56962, 62602, 15746, 135310)
(56932, 62602, 15746, 135280)
(56879, 62602, 15746, 135227)
(56828, 62602, 15746, 135176)
(56763, 62602, 15746, 135111)
(56724, 62602, 15746, 135072)
(56665, 62602, 15746, 135013)
(56622, 62602, 15746, 134970)
(56582, 62602, 15746, 134930)
(56525, 62602, 15746, 134873)
(56476, 62602, 15746, 134824)
(56426, 62602, 15746, 134774)
(56407, 62602, 15746, 134755)
(56386, 62602, 15746, 134734)
(56380, 62602, 15746, 134728)
(56344, 62602, 15746, 134692)
(56322, 62602, 15746, 134670)
(56269, 62602, 15746, 134617)
(56214, 62602, 15746, 134562)
(56133, 62602, 15746, 134481)
(56049, 62602, 15746, 134397)
(55994, 62602, 15746, 134342)
(55977, 62602, 15746, 134325)
(55930, 62602, 15746, 134278)
(55882, 62602, 15746, 134230)
(55839, 62602, 15746, 134187)
(55785, 62602, 15746, 134133)
(55741, 62602, 15746, 134089)
(55689, 62602, 15746, 134037)
(55661, 62602, 15746, 134009)
(55587, 62602, 15746, 133935)
(55560, 62602, 15746, 133908)
(55477, 62602, 15746, 133825)
(55429, 62602, 15746, 133777)
(55333, 62602, 15746, 133681)
(55251, 62602, 15746, 133599)
(55225, 62602, 15746, 133573)
(55208, 62602, 15746, 133556)
(55190, 62602, 15746, 133538)
(55137, 62602, 15746, 133485)
(55107, 62602, 15746, 133455)
(55048, 62602, 15746, 133396)
(55005, 62602, 15746, 133353)
(54927, 62602, 15746, 133275)
(54852, 62602, 15746, 133200)
(54804, 62602, 15746, 133152)
(54760, 62602, 15746, 133108)
(54719, 62602, 15746, 133067)
(54671, 62602, 15746, 133019)
(54630, 62602, 15746, 132978)
(54617, 62602, 15746, 132965)
(54555, 62602, 15746, 132903)
(54507, 62602, 15746, 132855)
(54469, 62602, 15746, 132817)
(54446, 62602, 15746, 132794)
(54380, 62602, 15746, 132728)
(54308, 62602, 15746, 132656)
(54229, 62602, 15746, 132577)
(54170, 62602, 15746, 132518)
(54102, 62602, 15746, 132450)
(54077, 62602, 15746, 132425)
(54026, 62602, 15746, 132374)
(53991, 62602, 15746, 132339)
(53934, 62602, 15746, 132282)
(53887, 62602, 15746, 132235)
(53856, 62602, 15746, 132204)
(53832, 62602, 15746, 132180)
(53825, 62602, 15746, 132173)
(53811, 62602, 15746, 132159)
(53787, 62602, 15746, 132135)
(53755, 62602, 15746, 132103)
(53741, 62602, 15746, 132089)
(53684, 62602, 15746, 132032)
(53628, 62602, 15746, 131976)
(53598, 62602, 15746, 131946)
(53570, 62602, 15746, 131918)
(53515, 62602, 15746, 131863)
(53488, 62602, 15746, 131836)
(53450, 62602, 15746, 131798)
(53398, 62602, 15746, 131746)
(53372, 62602, 15746, 131720)
(53308, 62602, 15746, 131656)
(53251, 62602, 15746, 131599)
(53215, 62602, 15746, 131563)
(53197, 62602, 15746, 131545)
(53121, 62602, 15746, 131469)
(53069, 62602, 15746, 131417)
(53021, 62602, 15746, 131369)
(52931, 62602, 15746, 131279)
(52869, 62602, 15746, 131217)
(52807, 62602, 15746, 131155)
(52787, 62602, 15746, 131135)
(52775, 62602, 15746, 131123)
(52719, 62602, 15746, 131067)
(52688, 62602, 15746, 131036)
(52664, 62602, 15746, 131012)
(52623, 62602, 15746, 130971)
(52567, 62602, 15746, 130915)
(52510, 62602, 15746, 130858)
(52468, 62602, 15746, 130816)
(52398, 62602, 15746, 130746)
(52356, 62602, 15746, 130704)
(52304, 62602, 15746, 130652)
(52243, 62602, 15746, 130591)
(52176, 62602, 15746, 130524)
(52156, 62602, 15746, 130504)
(52153, 62602, 15746, 130501)
(52123, 62602, 15746, 130471)
(52075, 62602, 15746, 130423)
(52038, 62602, 15746, 130386)
(52018, 62602, 15746, 130366)
(51962, 62602, 15746, 130310)
(51903, 62602, 15746, 130251)
(51826, 62602, 15746, 130174)
(51776, 62602, 15746, 130124)
(51737, 62602, 15746, 130085)
(51687, 62602, 15746, 130035)
(51659, 62602, 15746, 130007)
(51596, 62602, 15746, 129944)
(51536, 62602, 15746, 129884)
(51461, 62602, 15746, 129809)
(51394, 62602, 15746, 129742)
(51342, 62602, 15746, 129690)
(51283, 62602, 15746, 129631)
(51257, 62602, 15746, 129605)
(51226, 62602, 15746, 129574)
(51188, 62602, 15746, 129536)
(51166, 62602, 15746, 129514)
(51081, 62602, 15746, 129429)
(51038, 62602, 15746, 129386)
(50994, 62602, 15746, 129342)
(50939, 62602, 15746, 129287)
(50904, 62602, 15746, 129252)
(50855, 62602, 15746, 129203)
(50792, 62602, 15746, 129140)
(50728, 62602, 15746, 129076)
(50656, 62602, 15746, 129004)
(50640, 62602, 15746, 128988)
(50591, 62602, 15746, 128939)
(50572, 62602, 15746, 128920)
(50539, 62602, 15746, 128887)
(50527, 62602, 15746, 128875)
(50479, 62602, 15746, 128827)
(50431, 62602, 15746, 128779)
(50375, 62602, 15746, 128723)
(50319, 62602, 15746, 128667)
(50304, 62602, 15746, 128652)
(50270, 62602, 15746, 128618)
(50245, 62602, 15746, 128593)
(50198, 62602, 15746, 128546)
(50159, 62602, 15746, 128507)
(50088, 62602, 15746, 128436)
(50032, 62602, 15746, 128380)
(49969, 62602, 15746, 128317)
(49903, 62602, 15746, 128251)
(49847, 62602, 15746, 128195)
(49806, 62602, 15746, 128154)
(49766, 62602, 15746, 128114)
(49721, 62602, 15746, 128069)
(49619, 62602, 15746, 127967)
(49605, 62602, 15746, 127953)
(49552, 62602, 15746, 127900)
(49494, 62602, 15746, 127842)
(49459, 62602, 15746, 127807)
(49389, 62602, 15746, 127737)
(49372, 62602, 15746, 127720)
(49301, 62602, 15746, 127649)
(49290, 62602, 15746, 127638)
(49275, 62602, 15746, 127623)
(49233, 62602, 15746, 127581)
(49181, 62602, 15746, 127529)
(49122, 62602, 15746, 127470)
(49063, 62602, 15746, 127411)
(49043, 62602, 15746, 127391)
(49014, 62602, 15746, 127362)
(48955, 62602, 15746, 127303)
(48930, 62602, 15746, 127278)
(48913, 62602, 15746, 127261)
(48897, 62602, 15746, 127245)
(48840, 62602, 15746, 127188)
(48761, 62602, 15746, 127109)
(48728, 62602, 15746, 127076)
(48715, 62602, 15746, 127063)
(48703, 62602, 15746, 127051)
(48647, 62602, 15746, 126995)
(48617, 62602, 15746, 126965)
(48568, 62602, 15746, 126916)
(48517, 62602, 15746, 126865)
(48488, 62602, 15746, 126836)
(48463, 62602, 15746, 126811)
(48426, 62602, 15746, 126774)
(48371, 62602, 15746, 126719)
(48313, 62602, 15746, 126661)
(48269, 62602, 15746, 126617)
(48229, 62602, 15746, 126577)
(48184, 62602, 15746, 126532)
(48139, 62602, 15746, 126487)
(48114, 62602, 15746, 126462)
(48100, 62602, 15746, 126448)
(48032, 62602, 15746, 126380)
(47984, 62602, 15746, 126332)
(47931, 62602, 15746, 126279)
(47885, 62602, 15746, 126233)
(47857, 62602, 15746, 126205)
(47816, 62602, 15746, 126164)
(47779, 62602, 15746, 126127)
(47741, 62602, 15746, 126089)
(47725, 62602, 15746, 126073)
(47673, 62602, 15746, 126021)
(47635, 62602, 15746, 125983)
(47598, 62602, 15746, 125946)
(47537, 62602, 15746, 125885)
(47503, 62602, 15746, 125851)
(47451, 62602, 15746, 125799)
(47417, 62602, 15746, 125765)
(47384, 62602, 15746, 125732)
(47353, 62602, 15746, 125701)
(47276, 62602, 15746, 125624)
(47217, 62602, 15746, 125565)
(47137, 62602, 15746, 125485)
(47103, 62602, 15746, 125451)
(47064, 62602, 15746, 125412)
(47020, 62602, 15746, 125368)
(46970, 62602, 15746, 125318)
(46916, 62602, 15746, 125264)
(46867, 62602, 15746, 125215)
(46832, 62602, 15746, 125180)
(46784, 62602, 15746, 125132)
(46773, 62602, 15746, 125121)
(46714, 62602, 15746, 125062)
(46582, 62602, 15746, 124930)
(46539, 62602, 15746, 124887)
(46525, 62602, 15746, 124873)
(46484, 62602, 15746, 124832)
(46450, 62602, 15746, 124798)
(46339, 62602, 15746, 124687)
(46314, 62602, 15746, 124662)
(46296, 62602, 15746, 124644)
(46253, 62602, 15746, 124601)
(46200, 62602, 15746, 124548)
(46154, 62602, 15746, 124502)
(46105, 62602, 15746, 124453)
(46060, 62602, 15746, 124408)
(45989, 62602, 15746, 124337)
(45968, 62602, 15746, 124316)
(45942, 62602, 15746, 124290)
(45892, 62602, 15746, 124240)
(45830, 62602, 15746, 124178)
(45768, 62602, 15746, 124116)
(45733, 62602, 15746, 124081)
(45686, 62602, 15746, 124034)
(45635, 62602, 15746, 123983)
(45579, 62602, 15746, 123927)
(45547, 62602, 15746, 123895)
(45477, 62602, 15746, 123825)
(45445, 62602, 15746, 123793)
(45388, 62602, 15746, 123736)
(45353, 62602, 15746, 123701)
(45285, 62602, 15746, 123633)
(45261, 62602, 15746, 123609)
(45229, 62602, 15746, 123577)
(45196, 62602, 15746, 123544)
(45154, 62602, 15746, 123502)
(45062, 62602, 15746, 123410)
(45004, 62602, 15746, 123352)
(44963, 62602, 15746, 123311)
(44942, 62602, 15746, 123290)
(44899, 62602, 15746, 123247)
(44866, 62602, 15746, 123214)
(44801, 62602, 15746, 123149)
(44776, 62602, 15746, 123124)
(44746, 62602, 15746, 123094)
(44712, 62602, 15746, 123060)
(44631, 62602, 15746, 122979)
(44567, 62602, 15746, 122915)
(44500, 62602, 15746, 122848)
(44453, 62602, 15746, 122801)
(44430, 62602, 15746, 122778)
(44419, 62602, 15746, 122767)
(44342, 62602, 15746, 122690)
(44284, 62602, 15746, 122632)
(44204, 62602, 15746, 122552)
(44178, 62602, 15746, 122526)
(44157, 62602, 15746, 122505)
(44142, 62602, 15746, 122490)
(44076, 62602, 15746, 122424)
(44009, 62602, 15746, 122357)
(43998, 62602, 15746, 122346)
(43955, 62602, 15746, 122303)
(43922, 62602, 15746, 122270)
(43896, 62602, 15746, 122244)
(43888, 62602, 15746, 122236)
(43832, 62602, 15746, 122180)
(43813, 62602, 15746, 122161)
(43776, 62602, 15746, 122124)
(43743, 62602, 15746, 122091)
(43732, 62602, 15746, 122080)
(43717, 62602, 15746, 122065)
(43692, 62602, 15746, 122040)
(43641, 62602, 15746, 121989)
(43610, 62602, 15746, 121958)
(43586, 62602, 15746, 121934)
(43543, 62602, 15746, 121891)
(43493, 62602, 15746, 121841)
(43448, 62602, 15746, 121796)
(43396, 62602, 15746, 121744)
(43356, 62602, 15746, 121704)
(43331, 62602, 15746, 121679)
(43308, 62602, 15746, 121656)
(43288, 62602, 15746, 121636)
(43220, 62602, 15746, 121568)
(43208, 62602, 15746, 121556)
(43157, 62602, 15746, 121505)
(43135, 62602, 15746, 121483)
(43077, 62602, 15746, 121425)
(43023, 62602, 15746, 121371)
(42997, 62602, 15746, 121345)
(42945, 62602, 15746, 121293)
