(45068, 43200, 18564, 106832)
(45026, 43200, 18564, 106790)
(45025, 43200, 18564, 106789)
(45008, 43200, 18564, 106772)
(44990, 43200, 18564, 106754)
(44976, 43200, 18564, 106740)
(44975, 43200, 18564, 106739)
(44943, 43200, 18564, 106707)
(44899, 43200, 18564, 106663)
(44874, 43200, 18564, 106638)
(44851, 43200, 18564, 106615)
(44821, 43200, 18564, 106585)
(44804, 43200, 18564, 106568)
(44774, 43200, 18564, 106538)
(44762, 43200, 18564, 106526)
(44741, 43200, 18564, 106505)
(44712, 43200, 18564, 106476)
(44665, 43200, 18564, 106429)
(44661, 43200, 18564, 106425)
(44628, 43200, 18564, 106392)
(44597, 43200, 18564, 106361)
(44578, 43200, 18564, 106342)
(44549, 43200, 18564, 106313)
(44538, 43200, 18564, 106302)
(44495, 43200, 18564, 106259)
(44469, 43200, 18564, 106233)
(44440, 43200, 18564, 106204)
(44429, 43200, 18564, 106193)
(44396, 43200, 18564, 106160)
(44384, 43200, 18564, 106148)
(44361, 43200, 18564, 106125)
(44319, 43200, 18564, 106083)
(44293, 43200, 18564, 106057)
(44270, 43200, 18564, 106034)
(44252, 43200, 18564, 106016)
(44251, 43200, 18564, 106015)
(44219, 43200, 18564, 105983)
(44210, 43200, 18564, 105974)
(44178, 43200, 18564, 105942)
(44152, 43200, 18564, 105916)
(44127, 43200, 18564, 105891)
(44100, 43200, 18564, 105864)
(44076, 43200, 18564, 105840)
(44057, 43200, 18564, 105821)
(44032, 43200, 18564, 105796)
(43994, 43200, 18564, 105758)
(43965, 43200, 18564, 105729)
(43930, 43200, 18564, 105694)
(43907, 43200, 18564, 105671)
(43883, 43200, 18564, 105647)
(43852, 43200, 18564, 105616)
(43834, 43200, 18564, 105598)
(43823, 43200, 18564, 105587)
(43812, 43200, 18564, 105576)
(43810, 43200, 18564, 105574)
(43792, 43200, 18564, 105556)
(43769, 43200, 18564, 105533)
(43762, 43200, 18564, 105526)
(43719, 43200, 18564, 105483)
(43674, 43200, 18564, 105438)
(43642, 43200, 18564, 105406)
(43627, 43200, 18564, 105391)
(43611, 43200, 18564, 105375)
(43578, 43200, 18564, 105342)
(43530, 43200, 18564, 105294)
(43506, 43200, 18564, 105270)
(43502, 43200, 18564, 105266)
(43475, 43200, 18564, 105239)
(43451, 43200, 18564, 105215)
(43394, 43200, 18564, 105158)
(43356, 43200, 18564, 105120)
(43333, 43200, 18564, 105097)
(43321, 43200, 18564, 105085)
(43292, 43200, 18564, 105056)
(43256, 43200, 18564, 105020)
(43226, 43200, 18564, 104990)
(43205, 43200, 18564, 104969)
(43184, 43200, 18564, 104948)
(43166, 43200, 18564, 104930)
(43165, 43200, 18564, 104929)
(43130, 43200, 18564, 104894)
(43120, 43200, 18564, 104884)
(43094, 43200, 18564, 104858)
(43088, 43200, 18564, 104852)
(43060, 43200, 18564, 104824)
(43040, 43200, 18564, 104804)
(42982, 43200, 18564, 104746)
(42953, 43200, 18564, 104717)
(42915, 43200, 18564, 104679)
(42893, 43200, 18564, 104657)
(42869, 43200, 18564, 104633)
(42849, 43200, 18564, 104613)
(42842, 43200, 18564, 104606)
(42805, 43200, 18564, 104569)
(42791, 43200, 18564, 104555)
(42774, 43200, 18564, 104538)
(42753, 43200, 18564, 104517)
(42724, 43200, 18564, 104488)
(42702, 43200, 18564, 104466)
(42693, 43200, 18564, 104457)
(42665, 43200, 18564, 104429)
(42652, 43200, 18564, 104416)
(42643, 43200, 18564, 104407)
(42642, 43200, 18564, 104406)
(42618, 43200, 18564, 104382)
(42584, 43200, 18564, 104348)
(42561, 43200, 18564, 104325)
(42518, 43200, 18564, 104282)
(42514, 43200, 18564, 104278)
(42484, 43200, 18564, 104248)
(42457, 43200, 18564, 104221)
(42435, 43200, 18564, 104199)
(42411, 43200, 18564, 104175)
(42408, 43200, 18564, 104172)
(42394, 43200, 18564, 104158)
(42361, 43200, 18564, 104125)
(42336, 43200, 18564, 104100)
(42301, 43200, 18564, 104065)
(42277, 43200, 18564, 104041)
(42250, 43200, 18564, 104014)
(42209, 43200, 18564, 103973)
(42188, 43200, 18564, 103952)
(42167, 43200, 18564, 103931)
(42161, 43200, 18564, 103925)
(42125, 43200, 18564, 103889)
(42092, 43200, 18564, 103856)
(42077, 43200, 18564, 103841)
(42053, 43200, 18564, 103817)
(42018, 43200, 18564, 103782)
(41993, 43200, 18564, 103757)
(41959, 43200, 18564, 103723)
(41937, 43200, 18564, 103701)
(41892, 43200, 18564, 103656)
(41848, 43200, 18564, 103612)
(41820, 43200, 18564, 103584)
(41786, 43200, 18564, 103550)
(41759, 43200, 18564, 103523)
(41732, 43200, 18564, 103496)
(41712, 43200, 18564, 103476)
(41704, 43200, 18564, 103468)
(41683, 43200, 18564, 103447)
(41653, 43200, 18564, 103417)
(41610, 43200, 18564, 103374)
(41565, 43200, 18564, 103329)
(41538, 43200, 18564, 103302)
(41530, 43200, 18564, 103294)
(41505, 43200, 18564, 103269)
(41477, 43200, 18564, 103241)
(41438, 43200, 18564, 103202)
(41393, 43200, 18564, 103157)
(41364, 43200, 18564, 103128)
(41323, 43200, 18564, 103087)
(41300, 43200, 18564, 103064)
(41299, 43200, 18564, 103063)
(41290, 43200, 18564, 103054)
(41271, 43200, 18564, 103035)
(41270, 43200, 18564, 103034)
(41254, 43200, 18564, 103018)
(41229, 43200, 18564, 102993)
(41180, 43200, 18564, 102944)
(41156, 43200, 18564, 102920)
(41118, 43200, 18564, 102882)
(41103, 43200, 18564, 102867)
(41076, 43200, 18564, 102840)
(41029, 43200, 18564, 102793)
(41023, 43200, 18564, 102787)
(41001, 43200, 18564, 102765)
(40965, 43200, 18564, 102729)
(40930, 43200, 18564, 102694)
(40921, 43200, 18564, 102685)
(40881, 43200, 18564, 102645)
(40829, 43200, 18564, 102593)
(40799, 43200, 18564, 102563)
(40780, 43200, 18564, 102544)
(40739, 43200, 18564, 102503)
(40738, 43200, 18564, 102502)
(40705, 43200, 18564, 102469)
(40691, 43200, 18564, 102455)
(40690, 43200, 18564, 102454)
(40659, 43200, 18564, 102423)
(40629, 43200, 18564, 102393)
(40618, 43200, 18564, 102382)
(40595, 43200, 18564, 102359)
(40552, 43200, 18564, 102316)
(40551, 43200, 18564, 102315)
(40510, 43200, 18564, 102274)
(40474, 43200, 18564, 102238)
(40464, 43200, 18564, 102228)
(40446, 43200, 18564, 102210)
(40412, 43200, 18564, 102176)
(40399, 43200, 18564, 102163)
(40371, 43200, 18564, 102135)
(40332, 43200, 18564, 102096)
(40290, 43200, 18564, 102054)
(40262, 43200, 18564, 102026)
(40235, 43200, 18564, 101999)
(40216, 43200, 18564, 101980)
(40200, 43200, 18564, 101964)
(40161, 43200, 18564, 101925)
(40133, 43200, 18564, 101897)
(40102, 43200, 18564, 101866)
(40087, 43200, 18564, 101851)
(40051, 43200, 18564, 101815)
(40036, 43200, 18564, 101800)
(39994, 43200, 18564, 101758)
(39962, 43200, 18564, 101726)
(39953, 43200, 18564, 101717)
(39947, 43200, 18564, 101711)
(39917, 43200, 18564, 101681)
(39916, 43200, 18564, 101680)
(39892, 43200, 18564, 101656)
(39864, 43200, 18564, 101628)
(39843, 43200, 18564, 101607)
(39818, 43200, 18564, 101582)
(39771, 43200, 18564, 101535)
(39708, 43200, 18564, 101472)
(39668, 43200, 18564, 101432)
(39653, 43200, 18564, 101417)
(39628, 43200, 18564, 101392)
(39623, 43200, 18564, 101387)
(39608, 43200, 18564, 101372)
(39571, 43200, 18564, 101335)
(39570, 43200, 18564, 101334)
(39534, 43200, 18564, 101298)
(39530, 43200, 18564, 101294)
(39495, 43200, 18564, 101259)
(39479, 43200, 18564, 101243)
(39478, 43200, 18564, 101242)
(39448, 43200, 18564, 101212)
(39413, 43200, 18564, 101177)
(39387, 43200, 18564, 101151)
(39352, 43200, 18564, 101116)
(39322, 43200, 18564, 101086)
(39321, 43200, 18564, 101085)
(39278, 43200, 18564, 101042)
(39236, 43200, 18564, 101000)
(39228, 43200, 18564, 100992)
(39201, 43200, 18564, 100965)
(39166, 43200, 18564, 100930)
(39131, 43200, 18564, 100895)
(39117, 43200, 18564, 100881)
(39106, 43200, 18564, 100870)
(39082, 43200, 18564, 100846)
(39056, 43200, 18564, 100820)
(39024, 43200, 18564, 100788)
(39002, 43200, 18564, 100766)
(38990, 43200, 18564, 100754)
(38963, 43200, 18564, 100727)
(38931, 43200, 18564, 100695)
(38893, 43200, 18564, 100657)
(38858, 43200, 18564, 100622)
(38837, 43200, 18564, 100601)
(38784, 43200, 18564, 100548)
(38781, 43200, 18564, 100545)
(38768, 43200, 18564, 100532)
(38749, 43200, 18564, 100513)
(38732, 43200, 18564, 100496)
(38684, 43200, 18564, 100448)
(38683, 43200, 18564, 100447)
(38658, 43200, 18564, 100422)
(38621, 43200, 18564, 100385)
(38607, 43200, 18564, 100371)
(38571, 43200, 18564, 100335)
(38530, 43200, 18564, 100294)
(38488, 43200, 18564, 100252)
(38447, 43200, 18564, 100211)
(38427, 43200, 18564, 100191)
(38398, 43200, 18564, 100162)
(38357, 43200, 18564, 100121)
(38338, 43200, 18564, 100102)
(38306, 43200, 18564, 100070)
(38300, 43200, 18564, 100064)
(38299, 43200, 18564, 100063)
(38292, 43200, 18564, 100056)
(38267, 43200, 18564, 100031)
(38244, 43200, 18564, 100008)
(38214, 43200, 18564, 99978)
(38180, 43200, 18564, 99944)
(38161, 43200, 18564, 99925)
(38144, 43200, 18564, 99908)
(38106, 43200, 18564, 99870)
(38066, 43200, 18564, 99830)
(38040, 43200, 18564, 99804)
(38022, 43200, 18564, 99786)
(38007, 43200, 18564, 99771)
(37978, 43200, 18564, 99742)
(37947, 43200, 18564, 99711)
(37919, 43200, 18564, 99683)
(37908, 43200, 18564, 99672)
(37875, 43200, 18564, 99639)
(37860, 43200, 18564, 99624)
(37829, 43200, 18564, 99593)
(37802, 43200, 18564, 99566)
(37769, 43200, 18564, 99533)
(37725, 43200, 18564, 99489)
(37716, 43200, 18564, 99480)
(37685, 43200, 18564, 99449)
(37650, 43200, 18564, 99414)
(37598, 43200, 18564, 99362)
(37558, 43200, 18564, 99322)
(37536, 43200, 18564, 99300)
(37513, 43200, 18564, 99277)
(37481, 43200, 18564, 99245)
(37459, 43200, 18564, 99223)
(37447, 43200, 18564, 99211)
(37419, 43200, 18564, 99183)
(37394, 43200, 18564, 99158)
(37356, 43200, 18564, 99120)
(37340, 43200, 18564, 99104)
(37319, 43200, 18564, 99083)
(37292, 43200, 18564, 99056)
(37229, 43200, 18564, 98993)
(37189, 43200, 18564, 98953)
(37162, 43200, 18564, 98926)
(37146, 43200, 18564, 98910)
(37131, 43200, 18564, 98895)
(37106, 43200, 18564, 98870)
(37044, 43200, 18564, 98808)
(37043, 43200, 18564, 98807)
(37029, 43200, 18564, 98793)
(36980, 43200, 18564, 98744)
(36965, 43200, 18564, 98729)
(36964, 43200, 18564, 98728)
(36922, 43200, 18564, 98686)
(36865, 43200, 18564, 98629)
(36847, 43200, 18564, 98611)
(36825, 43200, 18564, 98589)
(36797, 43200, 18564, 98561)
(36768, 43200, 18564, 98532)
(36743, 43200, 18564, 98507)
(36728, 43200, 18564, 98492)
(36712, 43200, 18564, 98476)
(36711, 43200, 18564, 98475)
(36675, 43200, 18564, 98439)
(36674, 43200, 18564, 98438)
(36635, 43200, 18564, 98399)
(36623, 43200, 18564, 98387)
(36564, 43200, 18564, 98328)
(36547, 43200, 18564, 98311)
(36504, 43200, 18564, 98268)
(36496, 43200, 18564, 98260)
(36485, 43200, 18564, 98249)
(36441, 43200, 18564, 98205)
(36387, 43200, 18564, 98151)
(36373, 43200, 18564, 98137)
(36352, 43200, 18564, 98116)
(36328, 43200, 18564, 98092)
(36279, 43200, 18564, 98043)
(36257, 43200, 18564, 98021)
(36239, 43200, 18564, 98003)
(36228, 43200, 18564, 97992)
(36201, 43200, 18564, 97965)
(36171, 43200, 18564, 97935)
(36131, 43200, 18564, 97895)
(36103, 43200, 18564, 97867)
(36075, 43200, 18564, 97839)
(36034, 43200, 18564, 97798)
(36002, 43200, 18564, 97766)
(35972, 43200, 18564, 97736)
(35961, 43200, 18564, 97725)
(35944, 43200, 18564, 97708)
(35915, 43200, 18564, 97679)
(35910, 43200, 18564, 97674)
(35878, 43200, 18564, 97642)
(35846, 43200, 18564, 97610)
(35786, 43200, 18564, 97550)
(35755, 43200, 18564, 97519)
(35732, 43200, 18564, 97496)
(35715, 43200, 18564, 97479)
(35665, 43200, 18564, 97429)
(35636, 43200, 18564, 97400)
(35616, 43200, 18564, 97380)
(35587, 43200, 18564, 97351)
(35539, 43200, 18564, 97303)
(35533, 43200, 18564, 97297)
(35490, 43200, 18564, 97254)
(35452, 43200, 18564, 97216)
(35414, 43200, 18564, 97178)
(35393, 43200, 18564, 97157)
(35363, 43200, 18564, 97127)
(35352, 43200, 18564, 97116)
(35338, 43200, 18564, 97102)
(35322, 43200, 18564, 97086)
(35270, 43200, 18564, 97034)
(35219, 43200, 18564, 96983)
(35218, 43200, 18564, 96982)
(35145, 43200, 18564, 96909)
(35116, 43200, 18564, 96880)
(35095, 43200, 18564, 96859)
(35049, 43200, 18564, 96813)
(35005, 43200, 18564, 96769)
(34978, 43200, 18564, 96742)
(34941, 43200, 18564, 96705)
(34921, 43200, 18564, 96685)
(34905, 43200, 18564, 96669)
(34886, 43200, 18564, 96650)
(34840, 43200, 18564, 96604)
(34801, 43200, 18564, 96565)
(34777, 43200, 18564, 96541)
(34725, 43200, 18564, 96489)
(34712, 43200, 18564, 96476)
(34691, 43200, 18564, 96455)
(34669, 43200, 18564, 96433)
(34651, 43200, 18564, 96415)
(34620, 43200, 18564, 96384)
(34574, 43200, 18564, 96338)
(34547, 43200, 18564, 96311)
(34532, 43200, 18564, 96296)
(34513, 43200, 18564, 96277)
(34490, 43200, 18564, 96254)
(34484, 43200, 18564, 96248)
(34457, 43200, 18564, 96221)
(34426, 43200, 18564, 96190)
(34393, 43200, 18564, 96157)
(34380, 43200, 18564, 96144)
(34345, 43200, 18564, 96109)
(34313, 43200, 18564, 96077)
(34293, 43200, 18564, 96057)
(34268, 43200, 18564, 96032)
(34267, 43200, 18564, 96031)
(34266, 43200, 18564, 96030)
(34258, 43200, 18564, 96022)
(34226, 43200, 18564, 95990)
(34210, 43200, 18564, 95974)
(34201, 43200, 18564, 95965)
(34181, 43200, 18564, 95945)
(34162, 43200, 18564, 95926)
(34141, 43200, 18564, 95905)
(34095, 43200, 18564, 95859)
(34061, 43200, 18564, 95825)
(34033, 43200, 18564, 95797)
(33988, 43200, 18564, 95752)
(33969, 43200, 18564, 95733)
(33958, 43200, 18564, 95722)
(33931, 43200, 18564, 95695)
(33930, 43200, 18564, 95694)
(33894, 43200, 18564, 95658)
(33859, 43200, 18564, 95623)
(33813, 43200, 18564, 95577)
(33806, 43200, 18564, 95570)
(33770, 43200, 18564, 95534)
(33733, 43200, 18564, 95497)
(33696, 43200, 18564, 95460)
(33659, 43200, 18564, 95423)
(33637, 43200, 18564, 95401)
(33636, 43200, 18564, 95400)
(33616, 43200, 18564, 95380)
(33603, 43200, 18564, 95367)
(33576, 43200, 18564, 95340)
(33573, 43200, 23105, 99878)
(33571, 43200, 23062, 99833)
(33550, 43200, 23038, 99788)
(33534, 43200, 23020, 99754)
(33520, 43200, 22998, 99718)
(33507, 43200, 22991, 99698)
(33503, 43200, 22924, 99627)
(33497, 43200, 22927, 99624)
(33495, 43200, 22815, 99510)
