(63113, 60814, 21930, 145857)
(63089, 60814, 21930, 145833)
(63069, 60814, 21930, 145813)
(63048, 60814, 21930, 145792)
(63020, 60814, 21930, 145764)
(62993, 60814, 21930, 145737)
(62957, 60814, 21930, 145701)
(62929, 60814, 21930, 145673)
(62898, 60814, 21930, 145642)
(62850, 60814, 21930, 145594)
(62834, 60814, 21930, 145578)
(62818, 60814, 21930, 145562)
(62793, 60814, 21930, 145537)
(62763, 60814, 21930, 145507)
(62730, 60814, 21930, 145474)
(62696, 60814, 21930, 145440)
(62679, 60814, 21930, 145423)
(62646, 60814, 21930, 145390)
(62619, 60814, 21930, 145363)
(62599, 60814, 21930, 145343)
(62583, 60814, 21930, 145327)
(62529, 60814, 21930, 145273)
(62495, 60814, 21930, 145239)
(62455, 60814, 21930, 145199)
(62430, 60814, 21930, 145174)
(62399, 60814, 21930, 145143)
(62377, 60814, 21930, 145121)
(62344, 60814, 21930, 145088)
(62323, 60814, 21930, 145067)
(62313, 60814, 21930, 145057)
(62287, 60814, 21930, 145031)
(62274, 60814, 21930, 145018)
(62248, 60814, 21930, 144992)
(62235, 60814, 21930, 144979)
(62167, 60814, 21930, 144911)
(62134, 60814, 21930, 144878)
(62100, 60814, 21930, 144844)
(62073, 60814, 21930, 144817)
(62047, 60814, 21930, 144791)
(62019, 60814, 21930, 144763)
(61995, 60814, 21930, 144739)
(61969, 60814, 21930, 144713)
(61934, 60814, 21930, 144678)
(61902, 60814, 21930, 144646)
(61878, 60814, 21930, 144622)
(61854, 60814, 21930, 144598)
(61821, 60814, 21930, 144565)
(61784, 60814, 21930, 144528)
(61766, 60814, 21930, 144510)
(61753, 60814, 21930, 144497)
(61719, 60814, 21930, 144463)
(61699, 60814, 21930, 144443)
(61684, 60814, 21930, 144428)
(61648, 60814, 21930, 144392)
(61607, 60814, 21930, 144351)
(61575, 60814, 21930, 144319)
(61552, 60814, 21930, 144296)
(61520, 60814, 21930, 144264)
(61463, 60814, 21930, 144207)
(61440, 60814, 21930, 144184)
(61408, 60814, 21930, 144152)
(61379, 60814, 21930, 144123)
(61359, 60814, 21930, 144103)
(61349, 60814, 21930, 144093)
(61301, 60814, 21930, 144045)
(61265, 60814, 21930, 144009)
(61256, 60814, 21930, 144000)
(61211, 60814, 21930, 143955)
(61174, 60814, 21930, 143918)
(61129, 60814, 21930, 143873)
(61088, 60814, 21930, 143832)
(61078, 60814, 21930, 143822)
(61029, 60814, 21930, 143773)
(61025, 60814, 21930, 143769)
(61010, 60814, 21930, 143754)
(60977, 60814, 21930, 143721)
(60942, 60814, 21930, 143686)
(60906, 60814, 21930, 143650)
(60862, 60814, 21930, 143606)
(60836, 60814, 21930, 143580)
(60793, 60814, 21930, 143537)
(60765, 60814, 21930, 143509)
(60731, 60814, 21930, 143475)
(60708, 60814, 21930, 143452)
(60665, 60814, 21930, 143409)
(60654, 60814, 21930, 143398)
(60653, 60814, 21930, 143397)
(60641, 60814, 21930, 143385)
(60618, 60814, 21930, 143362)
(60586, 60814, 21930, 143330)
(60550, 60814, 21930, 143294)
(60517, 60814, 21930, 143261)
(60473, 60814, 21930, 143217)
(60455, 60814, 21930, 143199)
(60417, 60814, 21930, 143161)
(60370, 60814, 21930, 143114)
(60327, 60814, 21930, 143071)
(60287, 60814, 21930, 143031)
(60253, 60814, 21930, 142997)
(60232, 60814, 21930, 142976)
(60199, 60814, 21930, 142943)
(60169, 60814, 21930, 142913)
(60150, 60814, 21930, 142894)
(60131, 60814, 21930, 142875)
(60100, 60814, 21930, 142844)
(60078, 60814, 21930, 142822)
(60070, 60814, 21930, 142814)
(60045, 60814, 21930, 142789)
(60028, 60814, 21930, 142772)
(60012, 60814, 21930, 142756)
(59976, 60814, 21930, 142720)
(59955, 60814, 21930, 142699)
(59915, 60814, 21930, 142659)
(59874, 60814, 21930, 142618)
(59852, 60814, 21930, 142596)
(59821, 60814, 21930, 142565)
(59790, 60814, 21930, 142534)
(59781, 60814, 21930, 142525)
(59753, 60814, 21930, 142497)
(59712, 60814, 21930, 142456)
(59689, 60814, 21930, 142433)
(59644, 60814, 21930, 142388)
(59596, 60814, 21930, 142340)
(59568, 60814, 21930, 142312)
(59553, 60814, 21930, 142297)
(59521, 60814, 21930, 142265)
(59491, 60814, 21930, 142235)
(59485, 60814, 21930, 142229)
(59451, 60814, 21930, 142195)
(59436, 60814, 21930, 142180)
(59391, 60814, 21930, 142135)
(59361, 60814, 21930, 142105)
(59326, 60814, 21930, 142070)
(59286, 60814, 21930, 142030)
(59252, 60814, 21930, 141996)
(59245, 60814, 21930, 141989)
(59225, 60814, 21930, 141969)
(59186, 60814, 21930, 141930)
(59177, 60814, 21930, 141921)
(59163, 60814, 21930, 141907)
(59115, 60814, 21930, 141859)
(59076, 60814, 21930, 141820)
(59035, 60814, 21930, 141779)
(59012, 60814, 21930, 141756)
(58966, 60814, 21930, 141710)
(58935, 60814, 21930, 141679)
(58919, 60814, 21930, 141663)
(58894, 60814, 21930, 141638)
(58860, 60814, 21930, 141604)
(58835, 60814, 21930, 141579)
(58825, 60814, 21930, 141569)
(58816, 60814, 21930, 141560)
(58812, 60814, 21930, 141556)
(58786, 60814, 21930, 141530)
(58783, 60814, 21930, 141527)
(58775, 60814, 21930, 141519)
(58741, 60814, 21930, 141485)
(58715, 60814, 21930, 141459)
(58682, 60814, 21930, 141426)
(58663, 60814, 21930, 141407)
(58634, 60814, 21930, 141378)
(58602, 60814, 21930, 141346)
(58565, 60814, 21930, 141309)
(58546, 60814, 21930, 141290)
(58516, 60814, 21930, 141260)
(58493, 60814, 21930, 141237)
(58443, 60814, 21930, 141187)
(58429, 60814, 21930, 141173)
(58406, 60814, 21930, 141150)
(58371, 60814, 21930, 141115)
(58339, 60814, 21930, 141083)
(58321, 60814, 21930, 141065)
(58290, 60814, 21930, 141034)
(58262, 60814, 21930, 141006)
(58255, 60814, 21930, 140999)
(58237, 60814, 21930, 140981)
(58216, 60814, 21930, 140960)
(58186, 60814, 21930, 140930)
(58185, 60814, 21930, 140929)
(58184, 60814, 21930, 140928)
(58150, 60814, 21930, 140894)
(58108, 60814, 21930, 140852)
(58078, 60814, 21930, 140822)
(58029, 60814, 21930, 140773)
(58017, 60814, 21930, 140761)
(57987, 60814, 21930, 140731)
(57969, 60814, 21930, 140713)
(57936, 60814, 21930, 140680)
(57867, 60814, 21930, 140611)
(57821, 60814, 21930, 140565)
(57795, 60814, 21930, 140539)
(57778, 60814, 21930, 140522)
(57746, 60814, 21930, 140490)
(57728, 60814, 21930, 140472)
(57708, 60814, 21930, 140452)
(57700, 60814, 21930, 140444)
(57682, 60814, 21930, 140426)
(57652, 60814, 21930, 140396)
(57634, 60814, 21930, 140378)
(57619, 60814, 21930, 140363)
(57598, 60814, 21930, 140342)
(57560, 60814, 21930, 140304)
(57543, 60814, 21930, 140287)
(57540, 60814, 21930, 140284)
(57509, 60814, 21930, 140253)
(57488, 60814, 21930, 140232)
(57464, 60814, 21930, 140208)
(57445, 60814, 21930, 140189)
(57421, 60814, 21930, 140165)
(57387, 60814, 21930, 140131)
(57361, 60814, 21930, 140105)
(57322, 60814, 21930, 140066)
(57296, 60814, 21930, 140040)
(57268, 60814, 21930, 140012)
(57259, 60814, 21930, 140003)
(57204, 60814, 21930, 139948)
(57172, 60814, 21930, 139916)
(57132, 60814, 21930, 139876)
(57102, 60814, 21930, 139846)
(57064, 60814, 21930, 139808)
(57047, 60814, 21930, 139791)
(57040, 60814, 21930, 139784)
(57026, 60814, 21930, 139770)
(56985, 60814, 21930, 139729)
(56953, 60814, 21930, 139697)
(56918, 60814, 21930, 139662)
(56908, 60814, 21930, 139652)
(56880, 60814, 21930, 139624)
(56837, 60814, 21930, 139581)
(56796, 60814, 21930, 139540)
(56748, 60814, 21930, 139492)
(56714, 60814, 21930, 139458)
(56667, 60814, 21930, 139411)
(56625, 60814, 21930, 139369)
(56570, 60814, 21930, 139314)
(56523, 60814, 21930, 139267)
(56492, 60814, 21930, 139236)
(56469, 60814, 21930, 139213)
(56445, 60814, 21930, 139189)
(56436, 60814, 21930, 139180)
(56392, 60814, 21930, 139136)
(56380, 60814, 21930, 139124)
(56359, 60814, 21930, 139103)
(56331, 60814, 21930, 139075)
(56308, 60814, 21930, 139052)
(56282, 60814, 21930, 139026)
(56243, 60814, 21930, 138987)
(56222, 60814, 21930, 138966)
(56180, 60814, 21930, 138924)
(56138, 60814, 21930, 138882)
(56115, 60814, 21930, 138859)
(56108, 60814, 21930, 138852)
(56051, 60814, 21930, 138795)
(56013, 60814, 21930, 138757)
(56011, 60814, 21930, 138755)
(56009, 60814, 21930, 138753)
(55971, 60814, 21930, 138715)
(55938, 60814, 21930, 138682)
(55927, 60814, 21930, 138671)
(55895, 60814, 21930, 138639)
(55856, 60814, 21930, 138600)
(55825, 60814, 21930, 138569)
(55811, 60814, 21930, 138555)
(55772, 60814, 21930, 138516)
(55738, 60814, 21930, 138482)
(55694, 60814, 21930, 138438)
(55662, 60814, 21930, 138406)
(55632, 60814, 21930, 138376)
(55579, 60814, 21930, 138323)
(55566, 60814, 21930, 138310)
(55521, 60814, 21930, 138265)
(55507, 60814, 21930, 138251)
(55491, 60814, 21930, 138235)
(55477, 60814, 21930, 138221)
(55423, 60814, 21930, 138167)
(55394, 60814, 21930, 138138)
(55382, 60814, 21930, 138126)
(55349, 60814, 21930, 138093)
(55326, 60814, 21930, 138070)
(55292, 60814, 21930, 138036)
(55251, 60814, 21930, 137995)
(55186, 60814, 21930, 137930)
(55154, 60814, 21930, 137898)
(55134, 60814, 21930, 137878)
(55110, 60814, 21930, 137854)
(55082, 60814, 21930, 137826)
(55060, 60814, 21930, 137804)
(55030, 60814, 21930, 137774)
(55016, 60814, 21930, 137760)
(54971, 60814, 21930, 137715)
(54948, 60814, 21930, 137692)
(54911, 60814, 21930, 137655)
(54877, 60814, 21930, 137621)
(54854, 60814, 21930, 137598)
(54827, 60814, 21930, 137571)
(54824, 60814, 21930, 137568)
(54815, 60814, 21930, 137559)
(54791, 60814, 21930, 137535)
(54776, 60814, 21930, 137520)
(54748, 60814, 21930, 137492)
(54726, 60814, 21930, 137470)
(54719, 60814, 21930, 137463)
(54708, 60814, 21930, 137452)
(54693, 60814, 21930, 137437)
(54671, 60814, 21930, 137415)
(54650, 60814, 21930, 137394)
(54637, 60814, 21930, 137381)
(54600, 60814, 21930, 137344)
(54583, 60814, 21930, 137327)
(54544, 60814, 21930, 137288)
(54529, 60814, 21930, 137273)
(54507, 60814, 21930, 137251)
(54454, 60814, 21930, 137198)
(54402, 60814, 21930, 137146)
(54374, 60814, 21930, 137118)
(54351, 60814, 21930, 137095)
(54329, 60814, 21930, 137073)
(54290, 60814, 21930, 137034)
(54262, 60814, 21930, 137006)
(54227, 60814, 21930, 136971)
(54218, 60814, 21930, 136962)
(54199, 60814, 21930, 136943)
(54167, 60814, 21930, 136911)
(54133, 60814, 21930, 136877)
(54106, 60814, 21930, 136850)
(54078, 60814, 21930, 136822)
(54045, 60814, 21930, 136789)
(53992, 60814, 21930, 136736)
(53957, 60814, 21930, 136701)
(53921, 60814, 21930, 136665)
(53880, 60814, 21930, 136624)
(53871, 60814, 21930, 136615)
(53852, 60814, 21930, 136596)
(53807, 60814, 21930, 136551)
(53769, 60814, 21930, 136513)
(53740, 60814, 21930, 136484)
(53719, 60814, 21930, 136463)
(53668, 60814, 21930, 136412)
(53662, 60814, 21930, 136406)
(53637, 60814, 21930, 136381)
(53634, 60814, 21930, 136378)
(53602, 60814, 21930, 136346)
(53572, 60814, 21930, 136316)
(53536, 60814, 21930, 136280)
(53511, 60814, 21930, 136255)
(53485, 60814, 21930, 136229)
(53438, 60814, 21930, 136182)
(53402, 60814, 21930, 136146)
(53357, 60814, 21930, 136101)
(53334, 60814, 21930, 136078)
(53312, 60814, 21930, 136056)
(53286, 60814, 21930, 136030)
(53284, 60814, 21930, 136028)
(53241, 60814, 21930, 135985)
(53195, 60814, 21930, 135939)
(53154, 60814, 21930, 135898)
(53147, 60814, 21930, 135891)
(53115, 60814, 21930, 135859)
(53079, 60814, 21930, 135823)
(53056, 60814, 21930, 135800)
(53041, 60814, 21930, 135785)
(52979, 60814, 21930, 135723)
(52937, 60814, 21930, 135681)
(52926, 60814, 21930, 135670)
(52896, 60814, 21930, 135640)
(52854, 60814, 21930, 135598)
(52828, 60814, 21930, 135572)
(52804, 60814, 21930, 135548)
(52758, 60814, 21930, 135502)
(52734, 60814, 21930, 135478)
(52708, 60814, 21930, 135452)
(52657, 60814, 21930, 135401)
(52636, 60814, 21930, 135380)
(52623, 60814, 21930, 135367)
(52606, 60814, 21930, 135350)
(52579, 60814, 21930, 135323)
(52565, 60814, 21930, 135309)
(52520, 60814, 21930, 135264)
(52477, 60814, 21930, 135221)
(52460, 60814, 21930, 135204)
(52428, 60814, 21930, 135172)
(52376, 60814, 21930, 135120)
(52336, 60814, 21930, 135080)
(52320, 60814, 21930, 135064)
(52302, 60814, 21930, 135046)
(52279, 60814, 21930, 135023)
(52249, 60814, 21930, 134993)
(52227, 60814, 21930, 134971)
(52197, 60814, 21930, 134941)
(52177, 60814, 21930, 134921)
(52144, 60814, 21930, 134888)
(52119, 60814, 21930, 134863)
(52111, 60814, 21930, 134855)
(52098, 60814, 21930, 134842)
(52057, 60814, 21930, 134801)
(52021, 60814, 21930, 134765)
(51984, 60814, 21930, 134728)
(51946, 60814, 21930, 134690)
(51925, 60814, 21930, 134669)
(51887, 60814, 21930, 134631)
(51865, 60814, 21930, 134609)
(51834, 60814, 21930, 134578)
(51758, 60814, 21930, 134502)
(51689, 60814, 21930, 134433)
(51652, 60814, 21930, 134396)
(51616, 60814, 21930, 134360)
(51598, 60814, 21930, 134342)
(51579, 60814, 21930, 134323)
(51569, 60814, 21930, 134313)
(51541, 60814, 21930, 134285)
(51512, 60814, 21930, 134256)
(51484, 60814, 21930, 134228)
(51470, 60814, 21930, 134214)
(51439, 60814, 21930, 134183)
(51398, 60814, 21930, 134142)
(51351, 60814, 21930, 134095)
(51331, 60814, 21930, 134075)
(51304, 60814, 21930, 134048)
(51268, 60814, 21930, 134012)
(51233, 60814, 21930, 133977)
(51194, 60814, 21930, 133938)
(51166, 60814, 21930, 133910)
(51120, 60814, 21930, 133864)
(51110, 60814, 21930, 133854)
(51089, 60814, 21930, 133833)
(51065, 60814, 21930, 133809)
(51031, 60814, 21930, 133775)
(51002, 60814, 21930, 133746)
(50993, 60814, 21930, 133737)
(50957, 60814, 21930, 133701)
(50907, 60814, 21930, 133651)
(50874, 60814, 21930, 133618)
(50848, 60814, 21930, 133592)
(50829, 60814, 21930, 133573)
(50798, 60814, 21930, 133542)
(50772, 60814, 21930, 133516)
(50759, 60814, 21930, 133503)
(50739, 60814, 21930, 133483)
(50707, 60814, 21930, 133451)
(50661, 60814, 21930, 133405)
(50660, 60814, 21930, 133404)
(50623, 60814, 21930, 133367)
(50580, 60814, 21930, 133324)
(50557, 60814, 21930, 133301)
(50547, 60814, 21930, 133291)
(50502, 60814, 21930, 133246)
(50499, 60814, 21930, 133243)
(50492, 60814, 21930, 133236)
(50466, 60814, 21930, 133210)
(50436, 60814, 21930, 133180)
(50415, 60814, 21930, 133159)
(50403, 60814, 21930, 133147)
(50370, 60814, 21930, 133114)
(50344, 60814, 21930, 133088)
(50340, 60814, 21930, 133084)
(50327, 60814, 21930, 133071)
(50302, 60814, 21930, 133046)
(50251, 60814, 21930, 132995)
(50225, 60814, 21930, 132969)
(50179, 60814, 21930, 132923)
(50152, 60814, 21930, 132896)
(50131, 60814, 21930, 132875)
(50086, 60814, 21930, 132830)
(50055, 60814, 21930, 132799)
(50037, 60814, 21930, 132781)
(49990, 60814, 21930, 132734)
(49970, 60814, 21930, 132714)
(49951, 60814, 21930, 132695)
(49920, 60814, 21930, 132664)
(49912, 60814, 21930, 132656)
(49898, 60814, 21930, 132642)
(49883, 60814, 21930, 132627)
(49856, 60814, 21930, 132600)
(49836, 60814, 21930, 132580)
(49773, 60814, 21930, 132517)
(49743, 60814, 21930, 132487)
(49723, 60814, 21930, 132467)
(49692, 60814, 21930, 132436)
(49659, 60814, 21930, 132403)
(49630, 60814, 21930, 132374)
(49599, 60814, 21930, 132343)
(49596, 60814, 21930, 132340)
(49563, 60814, 21930, 132307)
(49532, 60814, 21930, 132276)
(49475, 60814, 21930, 132219)
(49429, 60814, 21930, 132173)
(49416, 60814, 21930, 132160)
(49385, 60814, 21930, 132129)
(49368, 60814, 21930, 132112)
(49341, 60814, 21930, 132085)
(49299, 60814, 21930, 132043)
(49273, 60814, 21930, 132017)
(49243, 60814, 21930, 131987)
(49214, 60814, 21930, 131958)
(49192, 60814, 21930, 131936)
(49168, 60814, 21930, 131912)
(49127, 60814, 21930, 131871)
(49106, 60814, 21930, 131850)
(49073, 60814, 21930, 131817)
(49051, 60814, 21930, 131795)
(49035, 60814, 21930, 131779)
(49021, 60814, 21930, 131765)
(49011, 60814, 21930, 131755)
(48973, 60814, 21930, 131717)
(48956, 60814, 21930, 131700)
(48918, 60814, 21930, 131662)
(48890, 60814, 21930, 131634)
(48858, 60814, 21930, 131602)
(48844, 60814, 21930, 131588)
(48801, 60814, 21930, 131545)
(48775, 60814, 21930, 131519)
(48735, 60814, 21930, 131479)
(48708, 60814, 21930, 131452)
(48674, 60814, 21930, 131418)
(48643, 60814, 21930, 131387)
(48610, 60814, 21930, 131354)
(48589, 60814, 21930, 131333)
(48561, 60814, 21930, 131305)
(48533, 60814, 21930, 131277)
(48517, 60814, 21930, 131261)
(48506, 60814, 21930, 131250)
(48471, 60814, 21930, 131215)
(48445, 60814, 21930, 131189)
(48428, 60814, 21930, 131172)
(48419, 60814, 21930, 131163)
(48400, 60814, 21930, 131144)
(48387, 60814, 21930, 131131)
(48348, 60814, 21930, 131092)
(48302, 60814, 21930, 131046)
(48280, 60814, 21930, 131024)
(48255, 60814, 21930, 130999)
(48236, 60814, 21930, 130980)
(48220, 60814, 21930, 130964)
(48186, 60814, 21930, 130930)
(48178, 60814, 21930, 130922)
(48135, 60814, 21930, 130879)
(48120, 60814, 21930, 130864)
(48083, 60814, 21930, 130827)
(48038, 60814, 21930, 130782)
(48008, 60814, 21930, 130752)
(47978, 60814, 21930, 130722)
(47932, 60814, 21930, 130676)
(47894, 60814, 21930, 130638)
(47860, 60814, 21930, 130604)
(47829, 60814, 21930, 130573)
(47821, 60814, 21930, 130565)
(47813, 60814, 21930, 130557)
(47774, 60814, 21930, 130518)
(47720, 60814, 21930, 130464)
(47684, 60814, 21930, 130428)
(47661, 60814, 21930, 130405)
(47635, 60814, 21930, 130379)
(47611, 60814, 21930, 130355)
(47600, 60814, 21930, 130344)
(47578, 60814, 21930, 130322)
(47548, 60814, 21930, 130292)
(47530, 60814, 21930, 130274)
(47502, 60814, 21930, 130246)
(47465, 60814, 21930, 130209)
(47429, 60814, 21930, 130173)
(47400, 60814, 21930, 130144)
(47354, 60814, 21930, 130098)
(47329, 60814, 21930, 130073)
(47312, 60814, 21930, 130056)
(47292, 60814, 21930, 130036)
(47258, 60814, 21930, 130002)
(47228, 60814, 21930, 129972)
(47204, 60814, 21930, 129948)
(47145, 60814, 21930, 129889)
(47109, 60814, 21930, 129853)
(47058, 60814, 21930, 129802)
(47033, 60814, 21930, 129777)
(47011, 60814, 21930, 129755)
(47004, 60814, 21930, 129748)
(46970, 60814, 21930, 129714)
(46935, 60814, 21930, 129679)
(46909, 60814, 21930, 129653)
(46882, 60814, 21930, 129626)
(46874, 60814, 21930, 129618)
