(81446, 80726, 23621, 185793)
(81418, 80726, 23621, 185765)
(81375, 80726, 23621, 185722)
(81337, 80726, 23621, 185684)
(81296, 80726, 23621, 185643)
(81250, 80726, 23621, 185597)
(81218, 80726, 23621, 185565)
(81179, 80726, 23621, 185526)
(81149, 80726, 23621, 185496)
(81137, 80726, 23621, 185484)
(81126, 80726, 23621, 185473)
(81085, 80726, 23621, 185432)
(81068, 80726, 23621, 185415)
(81031, 80726, 23621, 185378)
(81004, 80726, 23621, 185351)
(80977, 80726, 23621, 185324)
(80934, 80726, 23621, 185281)
(80886, 80726, 23621, 185233)
(80842, 80726, 23621, 185189)
(80807, 80726, 23621, 185154)
(80776, 80726, 23621, 185123)
(80722, 80726, 23621, 185069)
(80704, 80726, 23621, 185051)
(80685, 80726, 23621, 185032)
(80634, 80726, 23621, 184981)
(80574, 80726, 23621, 184921)
(80532, 80726, 23621, 184879)
(80494, 80726, 23621, 184841)
(80474, 80726, 23621, 184821)
(80447, 80726, 23621, 184794)
(80441, 80726, 23621, 184788)
(80397, 80726, 23621, 184744)
(80361, 80726, 23621, 184708)
(80332, 80726, 23621, 184679)
(80299, 80726, 23621, 184646)
(80279, 80726, 23621, 184626)
(80262, 80726, 23621, 184609)
(80223, 80726, 23621, 184570)
(80208, 80726, 23621, 184555)
(80175, 80726, 23621, 184522)
(80144, 80726, 23621, 184491)
(80122, 80726, 23621, 184469)
(80112, 80726, 23621, 184459)
(80051, 80726, 23621, 184398)
(80014, 80726, 23621, 184361)
(79968, 80726, 23621, 184315)
(79967, 80726, 23621, 184314)
(79914, 80726, 23621, 184261)
(79879, 80726, 23621, 184226)
(79867, 80726, 23621, 184214)
(79848, 80726, 23621, 184195)
(79820, 80726, 23621, 184167)
(79797, 80726, 23621, 184144)
(79788, 80726, 23621, 184135)
(79750, 80726, 23621, 184097)
(79727, 80726, 23621, 184074)
(79685, 80726, 23621, 184032)
(79648, 80726, 23621, 183995)
(79619, 80726, 23621, 183966)
(79571, 80726, 23621, 183918)
(79525, 80726, 23621, 183872)
(79483, 80726, 23621, 183830)
(79448, 80726, 23621, 183795)
(79423, 80726, 23621, 183770)
(79411, 80726, 23621, 183758)
(79392, 80726, 23621, 183739)
(79347, 80726, 23621, 183694)
(79315, 80726, 23621, 183662)
(79274, 80726, 23621, 183621)
(79244, 80726, 23621, 183591)
(79217, 80726, 23621, 183564)
(79184, 80726, 23621, 183531)
(79143, 80726, 23621, 183490)
(79122, 80726, 23621, 183469)
(79061, 80726, 23621, 183408)
(79028, 80726, 23621, 183375)
(78984, 80726, 23621, 183331)
(78942, 80726, 23621, 183289)
(78894, 80726, 23621, 183241)
(78871, 80726, 23621, 183218)
(78828, 80726, 23621, 183175)
(78807, 80726, 23621, 183154)
(78793, 80726, 23621, 183140)
(78745, 80726, 23621, 183092)
(78715, 80726, 23621, 183062)
(78673, 80726, 23621, 183020)
(78668, 80726, 23621, 183015)
(78663, 80726, 23621, 183010)
(78627, 80726, 23621, 182974)
(78614, 80726, 23621, 182961)
(78593, 80726, 23621, 182940)
(78557, 80726, 23621, 182904)
(78544, 80726, 23621, 182891)
(78520, 80726, 23621, 182867)
(78484, 80726, 23621, 182831)
(78458, 80726, 23621, 182805)
(78428, 80726, 23621, 182775)
(78364, 80726, 23621, 182711)
(78321, 80726, 23621, 182668)
(78286, 80726, 23621, 182633)
(78250, 80726, 23621, 182597)
(78229, 80726, 23621, 182576)
(78203, 80726, 23621, 182550)
(78168, 80726, 23621, 182515)
(78160, 80726, 23621, 182507)
(78148, 80726, 23621, 182495)
(78131, 80726, 23621, 182478)
(78124, 80726, 23621, 182471)
(78072, 80726, 23621, 182419)
(78063, 80726, 23621, 182410)
(78030, 80726, 23621, 182377)
(78002, 80726, 23621, 182349)
(77978, 80726, 23621, 182325)
(77929, 80726, 23621, 182276)
(77910, 80726, 23621, 182257)
(77888, 80726, 23621, 182235)
(77872, 80726, 23621, 182219)
(77854, 80726, 23621, 182201)
(77833, 80726, 23621, 182180)
(77817, 80726, 23621, 182164)
(77791, 80726, 23621, 182138)
(77770, 80726, 23621, 182117)
(77723, 80726, 23621, 182070)
(77680, 80726, 23621, 182027)
(77637, 80726, 23621, 181984)
(77613, 80726, 23621, 181960)
(77564, 80726, 23621, 181911)
(77531, 80726, 23621, 181878)
(77485, 80726, 23621, 181832)
(77436, 80726, 23621, 181783)
(77400, 80726, 23621, 181747)
(77381, 80726, 23621, 181728)
(77351, 80726, 23621, 181698)
(77311, 80726, 23621, 181658)
(77284, 80726, 23621, 181631)
(77220, 80726, 23621, 181567)
(77151, 80726, 23621, 181498)
(77084, 80726, 23621, 181431)
(77043, 80726, 23621, 181390)
(77021, 80726, 23621, 181368)
(77012, 80726, 23621, 181359)
(77001, 80726, 23621, 181348)
(76965, 80726, 23621, 181312)
(76948, 80726, 23621, 181295)
(76929, 80726, 23621, 181276)
(76913, 80726, 23621, 181260)
(76891, 80726, 23621, 181238)
(76878, 80726, 23621, 181225)
(76857, 80726, 23621, 181204)
(76816, 80726, 23621, 181163)
(76805, 80726, 23621, 181152)
(76778, 80726, 23621, 181125)
(76747, 80726, 23621, 181094)
(76734, 80726, 23621, 181081)
(76728, 80726, 23621, 181075)
(76696, 80726, 23621, 181043)
(76664, 80726, 23621, 181011)
(76637, 80726, 23621, 180984)
(76606, 80726, 23621, 180953)
(76570, 80726, 23621, 180917)
(76554, 80726, 23621, 180901)
(76532, 80726, 23621, 180879)
(76512, 80726, 23621, 180859)
(76475, 80726, 23621, 180822)
(76445, 80726, 23621, 180792)
(76414, 80726, 23621, 180761)
(76389, 80726, 23621, 180736)
(76373, 80726, 23621, 180720)
(76336, 80726, 23621, 180683)
(76321, 80726, 23621, 180668)
(76295, 80726, 23621, 180642)
(76243, 80726, 23621, 180590)
(76205, 80726, 23621, 180552)
(76173, 80726, 23621, 180520)
(76143, 80726, 23621, 180490)
(76097, 80726, 23621, 180444)
(76057, 80726, 23621, 180404)
(76040, 80726, 23621, 180387)
(76008, 80726, 23621, 180355)
(75967, 80726, 23621, 180314)
(75925, 80726, 23621, 180272)
(75880, 80726, 23621, 180227)
(75866, 80726, 23621, 180213)
(75825, 80726, 23621, 180172)
(75816, 80726, 23621, 180163)
(75783, 80726, 23621, 180130)
(75739, 80726, 23621, 180086)
(75710, 80726, 23621, 180057)
(75705, 80726, 23621, 180052)
(75671, 80726, 23621, 180018)
(75653, 80726, 23621, 180000)
(75617, 80726, 23621, 179964)
(75566, 80726, 23621, 179913)
(75536, 80726, 23621, 179883)
(75500, 80726, 23621, 179847)
(75465, 80726, 23621, 179812)
(75439, 80726, 23621, 179786)
(75437, 80726, 23621, 179784)
(75415, 80726, 23621, 179762)
(75385, 80726, 23621, 179732)
(75335, 80726, 23621, 179682)
(75275, 80726, 23621, 179622)
(75259, 80726, 23621, 179606)
(75240, 80726, 23621, 179587)
(75211, 80726, 23621, 179558)
(75172, 80726, 23621, 179519)
(75145, 80726, 23621, 179492)
(75104, 80726, 23621, 179451)
(75074, 80726, 23621, 179421)
(75044, 80726, 23621, 179391)
(75012, 80726, 23621, 179359)
(74995, 80726, 23621, 179342)
(74951, 80726, 23621, 179298)
(74898, 80726, 23621, 179245)
(74880, 80726, 23621, 179227)
(74837, 80726, 23621, 179184)
(74827, 80726, 23621, 179174)
(74786, 80726, 23621, 179133)
(74763, 80726, 23621, 179110)
(74751, 80726, 23621, 179098)
(74728, 80726, 23621, 179075)
(74690, 80726, 23621, 179037)
(74652, 80726, 23621, 178999)
(74631, 80726, 23621, 178978)
(74619, 80726, 23621, 178966)
(74586, 80726, 23621, 178933)
(74546, 80726, 23621, 178893)
(74517, 80726, 23621, 178864)
(74475, 80726, 23621, 178822)
(74428, 80726, 23621, 178775)
(74371, 80726, 23621, 178718)
(74324, 80726, 23621, 178671)
(74287, 80726, 23621, 178634)
(74235, 80726, 23621, 178582)
(74214, 80726, 23621, 178561)
(74162, 80726, 23621, 178509)
(74129, 80726, 23621, 178476)
(74094, 80726, 23621, 178441)
(74076, 80726, 23621, 178423)
(74072, 80726, 23621, 178419)
(74041, 80726, 23621, 178388)
(74010, 80726, 23621, 178357)
(73977, 80726, 23621, 178324)
(73969, 80726, 23621, 178316)
(73929, 80726, 23621, 178276)
(73874, 80726, 23621, 178221)
(73828, 80726, 23621, 178175)
(73780, 80726, 23621, 178127)
(73758, 80726, 23621, 178105)
(73727, 80726, 23621, 178074)
(73709, 80726, 23621, 178056)
(73690, 80726, 23621, 178037)
(73635, 80726, 23621, 177982)
(73587, 80726, 23621, 177934)
(73562, 80726, 23621, 177909)
(73531, 80726, 23621, 177878)
(73485, 80726, 23621, 177832)
(73478, 80726, 23621, 177825)
(73461, 80726, 23621, 177808)
(73432, 80726, 23621, 177779)
(73395, 80726, 23621, 177742)
(73371, 80726, 23621, 177718)
(73329, 80726, 23621, 177676)
(73305, 80726, 23621, 177652)
(73290, 80726, 23621, 177637)
(73284, 80726, 23621, 177631)
(73236, 80726, 23621, 177583)
(73171, 80726, 23621, 177518)
(73123, 80726, 23621, 177470)
(73076, 80726, 23621, 177423)
(73055, 80726, 23621, 177402)
(73014, 80726, 23621, 177361)
(72964, 80726, 23621, 177311)
(72930, 80726, 23621, 177277)
(72915, 80726, 23621, 177262)
(72883, 80726, 23621, 177230)
(72839, 80726, 23621, 177186)
(72806, 80726, 23621, 177153)
(72773, 80726, 23621, 177120)
(72730, 80726, 23621, 177077)
(72681, 80726, 23621, 177028)
(72667, 80726, 23621, 177014)
(72614, 80726, 23621, 176961)
(72561, 80726, 23621, 176908)
(72531, 80726, 23621, 176878)
(72527, 80726, 23621, 176874)
(72496, 80726, 23621, 176843)
(72449, 80726, 23621, 176796)
(72412, 80726, 23621, 176759)
(72366, 80726, 23621, 176713)
(72332, 80726, 23621, 176679)
(72292, 80726, 23621, 176639)
(72255, 80726, 23621, 176602)
(72233, 80726, 23621, 176580)
(72190, 80726, 23621, 176537)
(72177, 80726, 23621, 176524)
(72172, 80726, 23621, 176519)
(72164, 80726, 23621, 176511)
(72129, 80726, 23621, 176476)
(72092, 80726, 23621, 176439)
(72074, 80726, 23621, 176421)
(72036, 80726, 23621, 176383)
(72016, 80726, 23621, 176363)
(71968, 80726, 23621, 176315)
(71908, 80726, 23621, 176255)
(71868, 80726, 23621, 176215)
(71841, 80726, 23621, 176188)
(71800, 80726, 23621, 176147)
(71758, 80726, 23621, 176105)
(71717, 80726, 23621, 176064)
(71705, 80726, 23621, 176052)
(71656, 80726, 23621, 176003)
(71639, 80726, 23621, 175986)
(71606, 80726, 23621, 175953)
(71564, 80726, 23621, 175911)
(71539, 80726, 23621, 175886)
(71508, 80726, 23621, 175855)
(71472, 80726, 23621, 175819)
(71435, 80726, 23621, 175782)
(71391, 80726, 23621, 175738)
(71359, 80726, 23621, 175706)
(71312, 80726, 23621, 175659)
(71300, 80726, 23621, 175647)
(71255, 80726, 23621, 175602)
(71241, 80726, 23621, 175588)
(71237, 80726, 23621, 175584)
(71222, 80726, 23621, 175569)
(71203, 80726, 23621, 175550)
(71177, 80726, 23621, 175524)
(71138, 80726, 23621, 175485)
(71112, 80726, 23621, 175459)
(71083, 80726, 23621, 175430)
(71040, 80726, 23621, 175387)
(70997, 80726, 23621, 175344)
(70967, 80726, 23621, 175314)
(70930, 80726, 23621, 175277)
(70889, 80726, 23621, 175236)
(70875, 80726, 23621, 175222)
(70835, 80726, 23621, 175182)
(70824, 80726, 23621, 175171)
(70786, 80726, 23621, 175133)
(70753, 80726, 23621, 175100)
(70707, 80726, 23621, 175054)
(70676, 80726, 23621, 175023)
(70637, 80726, 23621, 174984)
(70609, 80726, 23621, 174956)
(70595, 80726, 23621, 174942)
(70583, 80726, 23621, 174930)
(70547, 80726, 23621, 174894)
(70516, 80726, 23621, 174863)
(70475, 80726, 23621, 174822)
(70432, 80726, 23621, 174779)
(70391, 80726, 23621, 174738)
(70381, 80726, 23621, 174728)
(70361, 80726, 23621, 174708)
(70353, 80726, 23621, 174700)
(70311, 80726, 23621, 174658)
(70277, 80726, 23621, 174624)
(70235, 80726, 23621, 174582)
(70187, 80726, 23621, 174534)
(70161, 80726, 23621, 174508)
(70125, 80726, 23621, 174472)
(70107, 80726, 23621, 174454)
(70099, 80726, 23621, 174446)
(70089, 80726, 23621, 174436)
(70051, 80726, 23621, 174398)
(70046, 80726, 23621, 174393)
(70014, 80726, 23621, 174361)
(70006, 80726, 23621, 174353)
(69986, 80726, 23621, 174333)
(69956, 80726, 23621, 174303)
(69941, 80726, 23621, 174288)
(69909, 80726, 23621, 174256)
(69877, 80726, 23621, 174224)
(69848, 80726, 23621, 174195)
(69827, 80726, 23621, 174174)
(69794, 80726, 23621, 174141)
(69769, 80726, 23621, 174116)
(69756, 80726, 23621, 174103)
(69734, 80726, 23621, 174081)
(69725, 80726, 23621, 174072)
(69693, 80726, 23621, 174040)
(69664, 80726, 23621, 174011)
(69652, 80726, 23621, 173999)
(69624, 80726, 23621, 173971)
(69600, 80726, 23621, 173947)
(69560, 80726, 23621, 173907)
(69528, 80726, 23621, 173875)
(69512, 80726, 23621, 173859)
(69484, 80726, 23621, 173831)
(69452, 80726, 23621, 173799)
(69421, 80726, 23621, 173768)
(69398, 80726, 23621, 173745)
(69378, 80726, 23621, 173725)
(69334, 80726, 23621, 173681)
(69313, 80726, 23621, 173660)
(69270, 80726, 23621, 173617)
(69226, 80726, 23621, 173573)
(69203, 80726, 23621, 173550)
(69180, 80726, 23621, 173527)
(69158, 80726, 23621, 173505)
(69118, 80726, 23621, 173465)
(69085, 80726, 23621, 173432)
(69038, 80726, 23621, 173385)
(69005, 80726, 23621, 173352)
(68978, 80726, 23621, 173325)
(68942, 80726, 23621, 173289)
(68893, 80726, 23621, 173240)
(68868, 80726, 23621, 173215)
(68843, 80726, 23621, 173190)
(68818, 80726, 23621, 173165)
(68785, 80726, 23621, 173132)
(68737, 80726, 23621, 173084)
(68702, 80726, 23621, 173049)
(68682, 80726, 23621, 173029)
(68660, 80726, 23621, 173007)
(68635, 80726, 23621, 172982)
(68614, 80726, 23621, 172961)
(68575, 80726, 23621, 172922)
(68560, 80726, 23621, 172907)
(68542, 80726, 23621, 172889)
(68514, 80726, 23621, 172861)
(68481, 80726, 23621, 172828)
(68463, 80726, 23621, 172810)
(68419, 80726, 23621, 172766)
(68407, 80726, 23621, 172754)
(68374, 80726, 23621, 172721)
(68331, 80726, 23621, 172678)
(68289, 80726, 23621, 172636)
(68239, 80726, 23621, 172586)
(68208, 80726, 23621, 172555)
(68168, 80726, 23621, 172515)
(68137, 80726, 23621, 172484)
(68119, 80726, 23621, 172466)
(68094, 80726, 23621, 172441)
(68061, 80726, 23621, 172408)
(68048, 80726, 23621, 172395)
(68033, 80726, 23621, 172380)
(68003, 80726, 23621, 172350)
(67993, 80726, 23621, 172340)
(67943, 80726, 23621, 172290)
(67890, 80726, 23621, 172237)
(67865, 80726, 23621, 172212)
(67803, 80726, 23621, 172150)
(67787, 80726, 23621, 172134)
(67767, 80726, 23621, 172114)
(67734, 80726, 23621, 172081)
(67686, 80726, 23621, 172033)
(67680, 80726, 23621, 172027)
(67648, 80726, 23621, 171995)
(67616, 80726, 23621, 171963)
(67587, 80726, 23621, 171934)
(67541, 80726, 23621, 171888)
(67494, 80726, 23621, 171841)
(67463, 80726, 23621, 171810)
(67437, 80726, 23621, 171784)
(67399, 80726, 23621, 171746)
(67395, 80726, 23621, 171742)
(67348, 80726, 23621, 171695)
(67298, 80726, 23621, 171645)
(67274, 80726, 23621, 171621)
(67254, 80726, 23621, 171601)
(67214, 80726, 23621, 171561)
(67166, 80726, 23621, 171513)
(67125, 80726, 23621, 171472)
(67085, 80726, 23621, 171432)
(67053, 80726, 23621, 171400)
(67026, 80726, 23621, 171373)
(67003, 80726, 23621, 171350)
(66969, 80726, 23621, 171316)
(66920, 80726, 23621, 171267)
(66904, 80726, 23621, 171251)
(66864, 80726, 23621, 171211)
(66853, 80726, 23621, 171200)
(66820, 80726, 23621, 171167)
(66810, 80726, 23621, 171157)
(66784, 80726, 23621, 171131)
(66749, 80726, 23621, 171096)
(66713, 80726, 23621, 171060)
(66692, 80726, 23621, 171039)
(66672, 80726, 23621, 171019)
(66624, 80726, 23621, 170971)
(66593, 80726, 23621, 170940)
(66563, 80726, 23621, 170910)
(66535, 80726, 23621, 170882)
(66526, 80726, 23621, 170873)
(66523, 80726, 23621, 170870)
(66488, 80726, 23621, 170835)
(66451, 80726, 23621, 170798)
(66430, 80726, 23621, 170777)
(66400, 80726, 23621, 170747)
(66370, 80726, 23621, 170717)
(66327, 80726, 23621, 170674)
(66302, 80726, 23621, 170649)
(66283, 80726, 23621, 170630)
(66244, 80726, 23621, 170591)
(66194, 80726, 23621, 170541)
(66166, 80726, 23621, 170513)
(66140, 80726, 23621, 170487)
(66130, 80726, 23621, 170477)
(66104, 80726, 23621, 170451)
(66055, 80726, 23621, 170402)
(66039, 80726, 23621, 170386)
(66024, 80726, 23621, 170371)
(65998, 80726, 23621, 170345)
(65983, 80726, 23621, 170330)
(65953, 80726, 23621, 170300)
(65917, 80726, 23621, 170264)
(65893, 80726, 23621, 170240)
(65860, 80726, 23621, 170207)
(65842, 80726, 23621, 170189)
(65809, 80726, 23621, 170156)
(65776, 80726, 23621, 170123)
(65754, 80726, 23621, 170101)
(65703, 80726, 23621, 170050)
(65693, 80726, 23621, 170040)
(65656, 80726, 23621, 170003)
(65644, 80726, 23621, 169991)
(65635, 80726, 23621, 169982)
(65619, 80726, 23621, 169966)
(65597, 80726, 23621, 169944)
(65556, 80726, 23621, 169903)
(65516, 80726, 23621, 169863)
(65490, 80726, 23621, 169837)
(65445, 80726, 23621, 169792)
(65411, 80726, 23621, 169758)
(65375, 80726, 23621, 169722)
(65330, 80726, 23621, 169677)
(65314, 80726, 23621, 169661)
(65255, 80726, 23621, 169602)
(65214, 80726, 23621, 169561)
(65208, 80726, 23621, 169555)
(65184, 80726, 23621, 169531)
(65178, 80726, 23621, 169525)
(65145, 80726, 23621, 169492)
(65106, 80726, 23621, 169453)
(65065, 80726, 23621, 169412)
(65021, 80726, 23621, 169368)
(65005, 80726, 23621, 169352)
(64955, 80726, 23621, 169302)
(64924, 80726, 23621, 169271)
(64898, 80726, 23621, 169245)
(64839, 80726, 23621, 169186)
(64811, 80726, 23621, 169158)
(64778, 80726, 23621, 169125)
(64774, 80726, 23621, 169121)
(64742, 80726, 23621, 169089)
(64721, 80726, 23621, 169068)
(64692, 80726, 23621, 169039)
(64684, 80726, 23621, 169031)
(64652, 80726, 23621, 168999)
(64606, 80726, 23621, 168953)
(64559, 80726, 23621, 168906)
(64550, 80726, 23621, 168897)
(64530, 80726, 23621, 168877)
(64520, 80726, 23621, 168867)
(64473, 80726, 23621, 168820)
(64469, 80726, 23621, 168816)
(64423, 80726, 23621, 168770)
(64402, 80726, 23621, 168749)
(64361, 80726, 23621, 168708)
(64347, 80726, 23621, 168694)
(64311, 80726, 23621, 168658)
(64297, 80726, 23621, 168644)
(64257, 80726, 23621, 168604)
(64220, 80726, 23621, 168567)
(64192, 80726, 23621, 168539)
(64155, 80726, 23621, 168502)
(64124, 80726, 23621, 168471)
(64108, 80726, 23621, 168455)
(64047, 80726, 23621, 168394)
(64028, 80726, 23621, 168375)
(64003, 80726, 23621, 168350)
(63964, 80726, 23621, 168311)
(63928, 80726, 23621, 168275)
(63889, 80726, 23621, 168236)
(63831, 80726, 23621, 168178)
