(81360, 78956, 22277, 182593)
(81336, 78956, 22277, 182569)
(81280, 78956, 22277, 182513)
(81223, 78956, 22277, 182456)
(81192, 78956, 22277, 182425)
(81162, 78956, 22277, 182395)
(81148, 78956, 22277, 182381)
(81106, 78956, 22277, 182339)
(81071, 78956, 22277, 182304)
(81028, 78956, 22277, 182261)
(80988, 78956, 22277, 182221)
(80970, 78956, 22277, 182203)
(80929, 78956, 22277, 182162)
(80890, 78956, 22277, 182123)
(80865, 78956, 22277, 182098)
(80827, 78956, 22277, 182060)
(80785, 78956, 22277, 182018)
(80743, 78956, 22277, 181976)
(80713, 78956, 22277, 181946)
(80679, 78956, 22277, 181912)
(80648, 78956, 22277, 181881)
(80641, 78956, 22277, 181874)
(80621, 78956, 22277, 181854)
(80615, 78956, 22277, 181848)
(80594, 78956, 22277, 181827)
(80560, 78956, 22277, 181793)
(80550, 78956, 22277, 181783)
(80516, 78956, 22277, 181749)
(80475, 78956, 22277, 181708)
(80437, 78956, 22277, 181670)
(80383, 78956, 22277, 181616)
(80350, 78956, 22277, 181583)
(80341, 78956, 22277, 181574)
(80319, 78956, 22277, 181552)
(80269, 78956, 22277, 181502)
(80202, 78956, 22277, 181435)
(80196, 78956, 22277, 181429)
(80170, 78956, 22277, 181403)
(80149, 78956, 22277, 181382)
(80118, 78956, 22277, 181351)
(80098, 78956, 22277, 181331)
(80058, 78956, 22277, 181291)
(80034, 78956, 22277, 181267)
(79982, 78956, 22277, 181215)
(79967, 78956, 22277, 181200)
(79913, 78956, 22277, 181146)
(79843, 78956, 22277, 181076)
(79841, 78956, 22277, 181074)
(79803, 78956, 22277, 181036)
(79774, 78956, 22277, 181007)
(79717, 78956, 22277, 180950)
(79689, 78956, 22277, 180922)
(79655, 78956, 22277, 180888)
(79636, 78956, 22277, 180869)
(79609, 78956, 22277, 180842)
(79581, 78956, 22277, 180814)
(79526, 78956, 22277, 180759)
(79495, 78956, 22277, 180728)
(79468, 78956, 22277, 180701)
(79440, 78956, 22277, 180673)
(79415, 78956, 22277, 180648)
(79403, 78956, 22277, 180636)
(79359, 78956, 22277, 180592)
(79322, 78956, 22277, 180555)
(79306, 78956, 22277, 180539)
(79285, 78956, 22277, 180518)
(79261, 78956, 22277, 180494)
(79215, 78956, 22277, 180448)
(79165, 78956, 22277, 180398)
(79147, 78956, 22277, 180380)
(79132, 78956, 22277, 180365)
(79089, 78956, 22277, 180322)
(79086, 78956, 22277, 180319)
(79048, 78956, 22277, 180281)
(79025, 78956, 22277, 180258)
(78969, 78956, 22277, 180202)
(78959, 78956, 22277, 180192)
(78942, 78956, 22277, 180175)
(78905, 78956, 22277, 180138)
(78831, 78956, 22277, 180064)
(78784, 78956, 22277, 180017)
(78732, 78956, 22277, 179965)
(78690, 78956, 22277, 179923)
(78658, 78956, 22277, 179891)
(78657, 78956, 22277, 179890)
(78644, 78956, 22277, 179877)
(78612, 78956, 22277, 179845)
(78605, 78956, 22277, 179838)
(78582, 78956, 22277, 179815)
(78555, 78956, 22277, 179788)
(78499, 78956, 22277, 179732)
(78473, 78956, 22277, 179706)
(78425, 78956, 22277, 179658)
(78373, 78956, 22277, 179606)
(78313, 78956, 22277, 179546)
(78287, 78956, 22277, 179520)
(78252, 78956, 22277, 179485)
(78231, 78956, 22277, 179464)
(78182, 78956, 22277, 179415)
(78164, 78956, 22277, 179397)
(78142, 78956, 22277, 179375)
(78117, 78956, 22277, 179350)
(78078, 78956, 22277, 179311)
(78033, 78956, 22277, 179266)
(77992, 78956, 22277, 179225)
(77954, 78956, 22277, 179187)
(77917, 78956, 22277, 179150)
(77911, 78956, 22277, 179144)
(77910, 78956, 22277, 179143)
(77865, 78956, 22277, 179098)
(77825, 78956, 22277, 179058)
(77793, 78956, 22277, 179026)
(77780, 78956, 22277, 179013)
(77732, 78956, 22277, 178965)
(77717, 78956, 22277, 178950)
(77691, 78956, 22277, 178924)
(77644, 78956, 22277, 178877)
(77611, 78956, 22277, 178844)
(77608, 78956, 22277, 178841)
(77592, 78956, 22277, 178825)
(77553, 78956, 22277, 178786)
(77524, 78956, 22277, 178757)
(77498, 78956, 22277, 178731)
(77486, 78956, 22277, 178719)
(77470, 78956, 22277, 178703)
(77427, 78956, 22277, 178660)
(77421, 78956, 22277, 178654)
(77380, 78956, 22277, 178613)
(77333, 78956, 22277, 178566)
(77307, 78956, 22277, 178540)
(77296, 78956, 22277, 178529)
(77294, 78956, 22277, 178527)
(77263, 78956, 22277, 178496)
(77217, 78956, 22277, 178450)
(77216, 78956, 22277, 178449)
(77209, 78956, 22277, 178442)
(77200, 78956, 22277, 178433)
(77181, 78956, 22277, 178414)
(77144, 78956, 22277, 178377)
(77115, 78956, 22277, 178348)
(77064, 78956, 22277, 178297)
(77022, 78956, 22277, 178255)
(77005, 78956, 22277, 178238)
(77004, 78956, 22277, 178237)
(76962, 78956, 22277, 178195)
(76906, 78956, 22277, 178139)
(76856, 78956, 22277, 178089)
(76836, 78956, 22277, 178069)
(76795, 78956, 22277, 178028)
(76779, 78956, 22277, 178012)
(76772, 78956, 22277, 178005)
(76733, 78956, 22277, 177966)
(76693, 78956, 22277, 177926)
(76663, 78956, 22277, 177896)
(76654, 78956, 22277, 177887)
(76598, 78956, 22277, 177831)
(76573, 78956, 22277, 177806)
(76534, 78956, 22277, 177767)
(76514, 78956, 22277, 177747)
(76485, 78956, 22277, 177718)
(76427, 78956, 22277, 177660)
(76392, 78956, 22277, 177625)
(76361, 78956, 22277, 177594)
(76333, 78956, 22277, 177566)
(76300, 78956, 22277, 177533)
(76272, 78956, 22277, 177505)
(76229, 78956, 22277, 177462)
(76210, 78956, 22277, 177443)
(76206, 78956, 22277, 177439)
(76179, 78956, 22277, 177412)
(76139, 78956, 22277, 177372)
(76111, 78956, 22277, 177344)
(76105, 78956, 22277, 177338)
(76096, 78956, 22277, 177329)
(76073, 78956, 22277, 177306)
(76072, 78956, 22277, 177305)
(76025, 78956, 22277, 177258)
(75991, 78956, 22277, 177224)
(75990, 78956, 22277, 177223)
(75954, 78956, 22277, 177187)
(75917, 78956, 22277, 177150)
(75879, 78956, 22277, 177112)
(75825, 78956, 22277, 177058)
(75777, 78956, 22277, 177010)
(75745, 78956, 22277, 176978)
(75704, 78956, 22277, 176937)
(75651, 78956, 22277, 176884)
(75625, 78956, 22277, 176858)
(75588, 78956, 22277, 176821)
(75544, 78956, 22277, 176777)
(75515, 78956, 22277, 176748)
(75463, 78956, 22277, 176696)
(75438, 78956, 22277, 176671)
(75399, 78956, 22277, 176632)
(75349, 78956, 22277, 176582)
(75334, 78956, 22277, 176567)
(75307, 78956, 22277, 176540)
(75306, 78956, 22277, 176539)
(75261, 78956, 22277, 176494)
(75249, 78956, 22277, 176482)
(75247, 78956, 22277, 176480)
(75207, 78956, 22277, 176440)
(75186, 78956, 22277, 176419)
(75135, 78956, 22277, 176368)
(75134, 78956, 22277, 176367)
(75101, 78956, 22277, 176334)
(75092, 78956, 22277, 176325)
(75065, 78956, 22277, 176298)
(75029, 78956, 22277, 176262)
(75002, 78956, 22277, 176235)
(74980, 78956, 22277, 176213)
(74946, 78956, 22277, 176179)
(74899, 78956, 22277, 176132)
(74887, 78956, 22277, 176120)
(74860, 78956, 22277, 176093)
(74850, 78956, 22277, 176083)
(74813, 78956, 22277, 176046)
(74759, 78956, 22277, 175992)
(74741, 78956, 22277, 175974)
(74695, 78956, 22277, 175928)
(74652, 78956, 22277, 175885)
(74645, 78956, 22277, 175878)
(74624, 78956, 22277, 175857)
(74570, 78956, 22277, 175803)
(74517, 78956, 22277, 175750)
(74487, 78956, 22277, 175720)
(74450, 78956, 22277, 175683)
(74419, 78956, 22277, 175652)
(74386, 78956, 22277, 175619)
(74331, 78956, 22277, 175564)
(74317, 78956, 22277, 175550)
(74282, 78956, 22277, 175515)
(74251, 78956, 22277, 175484)
(74234, 78956, 22277, 175467)
(74192, 78956, 22277, 175425)
(74161, 78956, 22277, 175394)
(74121, 78956, 22277, 175354)
(74090, 78956, 22277, 175323)
(74057, 78956, 22277, 175290)
(74036, 78956, 22277, 175269)
(73999, 78956, 22277, 175232)
(73973, 78956, 22277, 175206)
(73944, 78956, 22277, 175177)
(73899, 78956, 22277, 175132)
(73898, 78956, 22277, 175131)
(73896, 78956, 22277, 175129)
(73850, 78956, 22277, 175083)
(73807, 78956, 22277, 175040)
(73784, 78956, 22277, 175017)
(73723, 78956, 22277, 174956)
(73680, 78956, 22277, 174913)
(73640, 78956, 22277, 174873)
(73627, 78956, 22277, 174860)
(73574, 78956, 22277, 174807)
(73548, 78956, 22277, 174781)
(73533, 78956, 22277, 174766)
(73486, 78956, 22277, 174719)
(73472, 78956, 22277, 174705)
(73450, 78956, 22277, 174683)
(73411, 78956, 22277, 174644)
(73362, 78956, 22277, 174595)
(73359, 78956, 22277, 174592)
(73350, 78956, 22277, 174583)
(73285, 78956, 22277, 174518)
(73246, 78956, 22277, 174479)
(73215, 78956, 22277, 174448)
(73153, 78956, 22277, 174386)
(73133, 78956, 22277, 174366)
(73106, 78956, 22277, 174339)
(73055, 78956, 22277, 174288)
(73021, 78956, 22277, 174254)
(72962, 78956, 22277, 174195)
(72943, 78956, 22277, 174176)
(72920, 78956, 22277, 174153)
(72895, 78956, 22277, 174128)
(72863, 78956, 22277, 174096)
(72843, 78956, 22277, 174076)
(72815, 78956, 22277, 174048)
(72809, 78956, 22277, 174042)
(72763, 78956, 22277, 173996)
(72729, 78956, 22277, 173962)
(72678, 78956, 22277, 173911)
(72653, 78956, 22277, 173886)
(72652, 78956, 22277, 173885)
(72614, 78956, 22277, 173847)
(72601, 78956, 22277, 173834)
(72585, 78956, 22277, 173818)
(72560, 78956, 22277, 173793)
(72529, 78956, 22277, 173762)
(72497, 78956, 22277, 173730)
(72440, 78956, 22277, 173673)
(72439, 78956, 22277, 173672)
(72401, 78956, 22277, 173634)
(72391, 78956, 22277, 173624)
(72373, 78956, 22277, 173606)
(72333, 78956, 22277, 173566)
(72313, 78956, 22277, 173546)
(72289, 78956, 22277, 173522)
(72251, 78956, 22277, 173484)
(72213, 78956, 22277, 173446)
(72183, 78956, 22277, 173416)
(72170, 78956, 22277, 173403)
(72153, 78956, 22277, 173386)
(72113, 78956, 22277, 173346)
(72096, 78956, 22277, 173329)
(72081, 78956, 22277, 173314)
(72045, 78956, 22277, 173278)
(72008, 78956, 22277, 173241)
(72000, 78956, 22277, 173233)
(71964, 78956, 22277, 173197)
(71927, 78956, 22277, 173160)
(71905, 78956, 22277, 173138)
(71850, 78956, 22277, 173083)
(71833, 78956, 22277, 173066)
(71807, 78956, 22277, 173040)
(71753, 78956, 22277, 172986)
(71684, 78956, 22277, 172917)
(71659, 78956, 22277, 172892)
(71585, 78956, 22277, 172818)
(71533, 78956, 22277, 172766)
(71489, 78956, 22277, 172722)
(71431, 78956, 22277, 172664)
(71406, 78956, 22277, 172639)
(71388, 78956, 22277, 172621)
(71369, 78956, 22277, 172602)
(71368, 78956, 22277, 172601)
(71340, 78956, 22277, 172573)
(71302, 78956, 22277, 172535)
(71277, 78956, 22277, 172510)
(71250, 78956, 22277, 172483)
(71219, 78956, 22277, 172452)
(71201, 78956, 22277, 172434)
(71150, 78956, 22277, 172383)
(71092, 78956, 22277, 172325)
(71054, 78956, 22277, 172287)
(71004, 78956, 22277, 172237)
(70958, 78956, 22277, 172191)
(70924, 78956, 22277, 172157)
(70863, 78956, 22277, 172096)
(70809, 78956, 22277, 172042)
(70766, 78956, 22277, 171999)
(70714, 78956, 22277, 171947)
(70661, 78956, 22277, 171894)
(70633, 78956, 22277, 171866)
(70622, 78956, 22277, 171855)
(70610, 78956, 22277, 171843)
(70570, 78956, 22277, 171803)
(70551, 78956, 22277, 171784)
(70512, 78956, 22277, 171745)
(70482, 78956, 22277, 171715)
(70454, 78956, 22277, 171687)
(70429, 78956, 22277, 171662)
(70405, 78956, 22277, 171638)
(70371, 78956, 22277, 171604)
(70331, 78956, 22277, 171564)
(70275, 78956, 22277, 171508)
(70274, 78956, 22277, 171507)
(70254, 78956, 22277, 171487)
(70218, 78956, 22277, 171451)
(70199, 78956, 22277, 171432)
(70187, 78956, 22277, 171420)
(70155, 78956, 22277, 171388)
(70077, 78956, 22277, 171310)
(70069, 78956, 22277, 171302)
(70052, 78956, 22277, 171285)
(70014, 78956, 22277, 171247)
(69996, 78956, 22277, 171229)
(69987, 78956, 22277, 171220)
(69964, 78956, 22277, 171197)
(69924, 78956, 22277, 171157)
(69898, 78956, 22277, 171131)
(69846, 78956, 22277, 171079)
(69809, 78956, 22277, 171042)
(69770, 78956, 22277, 171003)
(69744, 78956, 22277, 170977)
(69711, 78956, 22277, 170944)
(69684, 78956, 22277, 170917)
(69678, 78956, 22277, 170911)
(69657, 78956, 22277, 170890)
(69639, 78956, 22277, 170872)
(69572, 78956, 22277, 170805)
(69543, 78956, 22277, 170776)
(69514, 78956, 22277, 170747)
(69507, 78956, 22277, 170740)
(69481, 78956, 22277, 170714)
(69461, 78956, 22277, 170694)
(69433, 78956, 22277, 170666)
(69405, 78956, 22277, 170638)
(69374, 78956, 22277, 170607)
(69372, 78956, 22277, 170605)
(69342, 78956, 22277, 170575)
(69315, 78956, 22277, 170548)
(69297, 78956, 22277, 170530)
(69254, 78956, 22277, 170487)
(69223, 78956, 22277, 170456)
(69184, 78956, 22277, 170417)
(69149, 78956, 22277, 170382)
(69124, 78956, 22277, 170357)
(69100, 78956, 22277, 170333)
(69084, 78956, 22277, 170317)
(69083, 78956, 22277, 170316)
(69046, 78956, 22277, 170279)
(69003, 78956, 22277, 170236)
(68971, 78956, 22277, 170204)
(68940, 78956, 22277, 170173)
(68913, 78956, 22277, 170146)
(68860, 78956, 22277, 170093)
(68810, 78956, 22277, 170043)
(68777, 78956, 22277, 170010)
(68747, 78956, 22277, 169980)
(68701, 78956, 22277, 169934)
(68659, 78956, 22277, 169892)
(68604, 78956, 22277, 169837)
(68580, 78956, 22277, 169813)
(68565, 78956, 22277, 169798)
(68548, 78956, 22277, 169781)
(68522, 78956, 22277, 169755)
(68484, 78956, 22277, 169717)
(68445, 78956, 22277, 169678)
(68418, 78956, 22277, 169651)
(68387, 78956, 22277, 169620)
(68359, 78956, 22277, 169592)
(68309, 78956, 22277, 169542)
(68279, 78956, 22277, 169512)
(68253, 78956, 22277, 169486)
(68230, 78956, 22277, 169463)
(68199, 78956, 22277, 169432)
(68157, 78956, 22277, 169390)
(68122, 78956, 22277, 169355)
(68089, 78956, 22277, 169322)
(68043, 78956, 22277, 169276)
(68034, 78956, 22277, 169267)
(68011, 78956, 22277, 169244)
(67946, 78956, 22277, 169179)
(67917, 78956, 22277, 169150)
(67863, 78956, 22277, 169096)
(67843, 78956, 22277, 169076)
(67787, 78956, 22277, 169020)
(67786, 78956, 22277, 169019)
(67764, 78956, 22277, 168997)
(67734, 78956, 22277, 168967)
(67696, 78956, 22277, 168929)
(67685, 78956, 22277, 168918)
(67674, 78956, 22277, 168907)
(67662, 78956, 22277, 168895)
(67651, 78956, 22277, 168884)
(67633, 78956, 22277, 168866)
(67603, 78956, 22277, 168836)
(67582, 78956, 22277, 168815)
(67528, 78956, 22277, 168761)
(67477, 78956, 22277, 168710)
(67451, 78956, 22277, 168684)
(67424, 78956, 22277, 168657)
(67393, 78956, 22277, 168626)
(67383, 78956, 22277, 168616)
(67336, 78956, 22277, 168569)
(67327, 78956, 22277, 168560)
(67318, 78956, 22277, 168551)
(67287, 78956, 22277, 168520)
(67241, 78956, 22277, 168474)
(67237, 78956, 22277, 168470)
(67223, 78956, 22277, 168456)
(67191, 78956, 22277, 168424)
(67140, 78956, 22277, 168373)
(67128, 78956, 22277, 168361)
(67113, 78956, 22277, 168346)
(67084, 78956, 22277, 168317)
(67056, 78956, 22277, 168289)
(67044, 78956, 22277, 168277)
(67006, 78956, 22277, 168239)
(66960, 78956, 22277, 168193)
(66919, 78956, 22277, 168152)
(66856, 78956, 22277, 168089)
(66825, 78956, 22277, 168058)
(66778, 78956, 22277, 168011)
(66750, 78956, 22277, 167983)
(66739, 78956, 22277, 167972)
(66711, 78956, 22277, 167944)
(66646, 78956, 22277, 167879)
(66615, 78956, 22277, 167848)
(66595, 78956, 22277, 167828)
(66576, 78956, 22277, 167809)
(66575, 78956, 22277, 167808)
(66552, 78956, 22277, 167785)
(66541, 78956, 22277, 167774)
(66516, 78956, 22277, 167749)
(66464, 78956, 22277, 167697)
(66419, 78956, 22277, 167652)
(66391, 78956, 22277, 167624)
(66343, 78956, 22277, 167576)
(66298, 78956, 22277, 167531)
(66254, 78956, 22277, 167487)
(66247, 78956, 22277, 167480)
(66232, 78956, 22277, 167465)
(66196, 78956, 22277, 167429)
(66191, 78956, 22277, 167424)
(66155, 78956, 22277, 167388)
(66107, 78956, 22277, 167340)
(66086, 78956, 22277, 167319)
(66066, 78956, 22277, 167299)
(66059, 78956, 22277, 167292)
(66009, 78956, 22277, 167242)
(65945, 78956, 22277, 167178)
(65944, 78956, 22277, 167177)
(65929, 78956, 22277, 167162)
(65890, 78956, 22277, 167123)
(65844, 78956, 22277, 167077)
(65805, 78956, 22277, 167038)
(65790, 78956, 22277, 167023)
(65775, 78956, 22277, 167008)
(65757, 78956, 22277, 166990)
(65736, 78956, 22277, 166969)
(65700, 78956, 22277, 166933)
(65665, 78956, 22277, 166898)
(65646, 78956, 22277, 166879)
(65602, 78956, 22277, 166835)
(65596, 78956, 22277, 166829)
(65581, 78956, 22277, 166814)
(65550, 78956, 22277, 166783)
(65523, 78956, 22277, 166756)
(65484, 78956, 22277, 166717)
(65444, 78956, 22277, 166677)
(65415, 78956, 22277, 166648)
(65357, 78956, 22277, 166590)
(65316, 78956, 22277, 166549)
(65280, 78956, 22277, 166513)
(65276, 78956, 22277, 166509)
(65261, 78956, 22277, 166494)
(65246, 78956, 22277, 166479)
(65166, 78956, 22277, 166399)
(65139, 78956, 22277, 166372)
(65113, 78956, 22277, 166346)
(65098, 78956, 22277, 166331)
(65066, 78956, 22277, 166299)
(65047, 78956, 22277, 166280)
(65046, 78956, 22277, 166279)
(65008, 78956, 22277, 166241)
(64972, 78956, 22277, 166205)
(64931, 78956, 22277, 166164)
(64917, 78956, 22277, 166150)
(64867, 78956, 22277, 166100)
(64826, 78956, 22277, 166059)
(64807, 78956, 22277, 166040)
(64757, 78956, 22277, 165990)
(64730, 78956, 22277, 165963)
(64710, 78956, 22277, 165943)
(64653, 78956, 22277, 165886)
(64599, 78956, 22277, 165832)
(64561, 78956, 22277, 165794)
(64514, 78956, 22277, 165747)
(64463, 78956, 22277, 165696)
(64462, 78956, 22277, 165695)
(64445, 78956, 22277, 165678)
(64429, 78956, 22277, 165662)
(64418, 78956, 22277, 165651)
(64401, 78956, 22277, 165634)
(64388, 78956, 22277, 165621)
(64377, 78956, 22277, 165610)
(64340, 78956, 22277, 165573)
(64322, 78956, 22277, 165555)
(64279, 78956, 22277, 165512)
(64270, 78956, 22277, 165503)
(64238, 78956, 22277, 165471)
(64214, 78956, 22277, 165447)
(64213, 78956, 22277, 165446)
(64172, 78956, 22277, 165405)
(64162, 78956, 22277, 165395)
(64130, 78956, 22277, 165363)
(64110, 78956, 22277, 165343)
(64053, 78956, 22277, 165286)
(64028, 78956, 22277, 165261)
(63998, 78956, 22277, 165231)
(63971, 78956, 22277, 165204)
(63970, 78956, 22277, 165203)
(63956, 78956, 22277, 165189)
(63940, 78956, 22277, 165173)
(63906, 78956, 22277, 165139)
(63856, 78956, 22277, 165089)
(63827, 78956, 22277, 165060)
(63796, 78956, 22277, 165029)
(63737, 78956, 22277, 164970)
(63697, 78956, 22277, 164930)
(63654, 78956, 22277, 164887)
(63633, 78956, 22277, 164866)
(63606, 78956, 22277, 164839)
