(102643, 100982, 24752, 228377)
(100596, 100982, 24752, 226330)
(95924, 104378, 24752, 225054)
(90793, 108294, 24752, 223839)
(85932, 112628, 24752, 223312)
(80479, 116330, 24752, 221561)
(79093, 117478, 24752, 221323)
(80046, 116330, 24752, 221128)
(69750, 125416, 24752, 219918)
(73189, 121592, 24752, 219533)
(194555, 23868, 18232, 236655)
(194430, 23868, 18232, 236530)
(193107, 24725, 18232, 236064)
(193061, 24725, 18232, 236018)
(96686, 106440, 26737, 229863)
(91516, 109124, 26737, 227377)
(86209, 113458, 26737, 226404)
(83107, 115928, 26737, 225772)
(77914, 120422, 26737, 225073)
(75464, 121856, 26737, 224057)
(204987, 18280, 15583, 238850)
(200462, 21198, 15614, 237274)
(194816, 24724, 15614, 235154)
(195779, 23370, 15583, 234732)
(191832, 25824, 15583, 233239)
(189506, 27340, 15583, 232429)
(185767, 29408, 15583, 230758)
(182742, 31624, 15583, 229949)
(182643, 31624, 15583, 229850)
(177520, 35030, 15583, 228133)
(216911, 9568, 7075, 233554)
(205894, 16756, 7075, 229725)
(204165, 17525, 7075, 228765)
(201723, 19500, 7075, 228298)
(197460, 22806, 7075, 227341)
(195075, 24721, 7075, 226871)
(189038, 28856, 7075, 224969)
(185167, 31764, 7075, 224006)
(184013, 32702, 7075, 223790)
(183995, 32702, 7075, 223772)
(184901, 31764, 19335, 236000)
(181543, 34516, 19263, 235322)
(180966, 35008, 19335, 235309)
(180905, 35008, 19335, 235248)
(89258, 113632, 26737, 229627)
(83066, 118388, 26737, 228191)
(77170, 123492, 26737, 227399)
(80071, 120110, 26737, 226918)
(70430, 127689, 26737, 224856)
(69690, 127444, 26737, 223871)
(201192, 22284, 13391, 236867)
(196696, 26700, 13154, 236550)
(195340, 26510, 13391, 235241)
(100399, 106440, 26737, 233576)
