(44587, 43796, 19201, 107584)
(44547, 43796, 19201, 107544)
(44546, 43796, 19201, 107543)
(44523, 43796, 19201, 107520)
(44506, 43796, 19201, 107503)
(44449, 43796, 19201, 107446)
(44413, 43796, 19201, 107410)
(44380, 43796, 19201, 107377)
(44358, 43796, 19201, 107355)
(44337, 43796, 19201, 107334)
(44301, 43796, 19201, 107298)
(44266, 43796, 19201, 107263)
(44254, 43796, 19201, 107251)
(44233, 43796, 19201, 107230)
(44188, 43796, 19201, 107185)
(44166, 43796, 19201, 107163)
(44119, 43796, 19201, 107116)
(44111, 43796, 19201, 107108)
(44082, 43796, 19201, 107079)
(44059, 43796, 19201, 107056)
(44033, 43796, 19201, 107030)
(44010, 43796, 19201, 107007)
(43992, 43796, 19201, 106989)
(43971, 43796, 19201, 106968)
(43939, 43796, 19201, 106936)
(43911, 43796, 19201, 106908)
(43885, 43796, 19201, 106882)
(43853, 43796, 19201, 106850)
(43829, 43796, 19201, 106826)
(43794, 43796, 19201, 106791)
(43777, 43796, 19201, 106774)
(43753, 43796, 19201, 106750)
(43712, 43796, 19201, 106709)
(43706, 43796, 19201, 106703)
(43677, 43796, 19201, 106674)
(43652, 43796, 19201, 106649)
(43614, 43796, 19201, 106611)
(43554, 43796, 19201, 106551)
(43517, 43796, 19201, 106514)
(43485, 43796, 19201, 106482)
(43468, 43796, 19201, 106465)
(43467, 43796, 19201, 106464)
(43456, 43796, 19201, 106453)
(43435, 43796, 19201, 106432)
(43414, 43796, 19201, 106411)
(43402, 43796, 19201, 106399)
(43373, 43796, 19201, 106370)
(43342, 43796, 19201, 106339)
(43300, 43796, 19201, 106297)
(43293, 43796, 19201, 106290)
(43263, 43796, 19201, 106260)
(43248, 43796, 19201, 106245)
(43243, 43796, 19201, 106240)
(43218, 43796, 19201, 106215)
(43192, 43796, 19201, 106189)
(43144, 43796, 19201, 106141)
(43140, 43796, 19201, 106137)
(43121, 43796, 19201, 106118)
(43094, 43796, 19201, 106091)
(43037, 43796, 19201, 106034)
(42999, 43796, 19201, 105996)
(42956, 43796, 19201, 105953)
(42922, 43796, 19201, 105919)
(42901, 43796, 19201, 105898)
(42878, 43796, 19201, 105875)
(42866, 43796, 19201, 105863)
(42832, 43796, 19201, 105829)
(42803, 43796, 19201, 105800)
(42781, 43796, 19201, 105778)
(42740, 43796, 19201, 105737)
(42719, 43796, 19201, 105716)
(42695, 43796, 19201, 105692)
(42666, 43796, 19201, 105663)
(42630, 43796, 19201, 105627)
(42600, 43796, 19201, 105597)
(42579, 43796, 19201, 105576)
(42561, 43796, 19201, 105558)
(42528, 43796, 19201, 105525)
(42485, 43796, 19201, 105482)
(42450, 43796, 19201, 105447)
(42444, 43796, 19201, 105441)
(42424, 43796, 19201, 105421)
(42393, 43796, 19201, 105390)
(42387, 43796, 19201, 105384)
(42351, 43796, 19201, 105348)
(42345, 43796, 19201, 105342)
(42290, 43796, 19201, 105287)
(42239, 43796, 19201, 105236)
(42207, 43796, 19201, 105204)
(42198, 43796, 19201, 105195)
(42191, 43796, 19201, 105188)
(42167, 43796, 19201, 105164)
(42130, 43796, 19201, 105127)
(42096, 43796, 19201, 105093)
(42061, 43796, 19201, 105058)
(42042, 43796, 19201, 105039)
(42001, 43796, 19201, 104998)
(41980, 43796, 19201, 104977)
(41958, 43796, 19201, 104955)
(41898, 43796, 19201, 104895)
(41862, 43796, 19201, 104859)
(41857, 43796, 19201, 104854)
(41848, 43796, 19201, 104845)
(41802, 43796, 19201, 104799)
(41792, 43796, 19201, 104789)
(41758, 43796, 19201, 104755)
(41736, 43796, 19201, 104733)
(41710, 43796, 19201, 104707)
(41687, 43796, 19201, 104684)
(41678, 43796, 19201, 104675)
(41654, 43796, 19201, 104651)
(41626, 43796, 19201, 104623)
(41622, 43796, 19201, 104619)
(41592, 43796, 19201, 104589)
(41559, 43796, 19201, 104556)
(41537, 43796, 19201, 104534)
(41499, 43796, 19201, 104496)
(41483, 43796, 19201, 104480)
(41444, 43796, 19201, 104441)
(41418, 43796, 19201, 104415)
(41391, 43796, 19201, 104388)
(41364, 43796, 19201, 104361)
(41341, 43796, 19201, 104338)
(41314, 43796, 19201, 104311)
(41308, 43796, 19201, 104305)
(41297, 43796, 19201, 104294)
(41282, 43796, 19201, 104279)
(41266, 43796, 19201, 104263)
(41248, 43796, 19201, 104245)
(41224, 43796, 19201, 104221)
(41189, 43796, 19201, 104186)
(41162, 43796, 19201, 104159)
(41119, 43796, 19201, 104116)
(41095, 43796, 19201, 104092)
(41077, 43796, 19201, 104074)
(41043, 43796, 19201, 104040)
(41022, 43796, 19201, 104019)
(41016, 43796, 19201, 104013)
(41009, 43796, 19201, 104006)
(40990, 43796, 19201, 103987)
(40962, 43796, 19201, 103959)
(40937, 43796, 19201, 103934)
(40929, 43796, 19201, 103926)
(40912, 43796, 19201, 103909)
(40894, 43796, 19201, 103891)
(40886, 43796, 19201, 103883)
(40869, 43796, 19201, 103866)
(40852, 43796, 19201, 103849)
(40826, 43796, 19201, 103823)
(40799, 43796, 19201, 103796)
(40754, 43796, 19201, 103751)
(40716, 43796, 19201, 103713)
(40692, 43796, 19201, 103689)
(40660, 43796, 19201, 103657)
(40628, 43796, 19201, 103625)
(40619, 43796, 19201, 103616)
(40616, 43796, 19201, 103613)
(40597, 43796, 19201, 103594)
(40570, 43796, 19201, 103567)
(40550, 43796, 19201, 103547)
(40497, 43796, 19201, 103494)
(40458, 43796, 19201, 103455)
(40440, 43796, 19201, 103437)
(40421, 43796, 19201, 103418)
(40374, 43796, 19201, 103371)
(40370, 43796, 19201, 103367)
(40335, 43796, 19201, 103332)
(40322, 43796, 19201, 103319)
(40279, 43796, 19201, 103276)
(40273, 43796, 19201, 103270)
(40262, 43796, 19201, 103259)
(40213, 43796, 19201, 103210)
(40200, 43796, 19201, 103197)
(40199, 43796, 19201, 103196)
(40164, 43796, 19201, 103161)
(40127, 43796, 19201, 103124)
(40103, 43796, 19201, 103100)
(40053, 43796, 19201, 103050)
(40036, 43796, 19201, 103033)
(40035, 43796, 19201, 103032)
(39992, 43796, 19201, 102989)
(39956, 43796, 19201, 102953)
(39940, 43796, 19201, 102937)
(39919, 43796, 19201, 102916)
(39905, 43796, 19201, 102902)
(39901, 43796, 19201, 102898)
(39888, 43796, 19201, 102885)
(39819, 43796, 19201, 102816)
(39778, 43796, 19201, 102775)
(39776, 43796, 19201, 102773)
(39734, 43796, 19201, 102731)
(39715, 43796, 19201, 102712)
(39710, 43796, 19201, 102707)
(39691, 43796, 19201, 102688)
(39675, 43796, 19201, 102672)
(39661, 43796, 19201, 102658)
(39656, 43796, 19201, 102653)
(39641, 43796, 19201, 102638)
(39614, 43796, 19201, 102611)
(39586, 43796, 19201, 102583)
(39571, 43796, 19201, 102568)
(39549, 43796, 19201, 102546)
(39517, 43796, 19201, 102514)
(39502, 43796, 19201, 102499)
(39463, 43796, 19201, 102460)
(39462, 43796, 19201, 102459)
(39430, 43796, 19201, 102427)
(39377, 43796, 19201, 102374)
(39350, 43796, 19201, 102347)
(39345, 43796, 19201, 102342)
(39324, 43796, 19201, 102321)
(39312, 43796, 19201, 102309)
(39308, 43796, 19201, 102305)
(39296, 43796, 19201, 102293)
(39261, 43796, 19201, 102258)
(39232, 43796, 19201, 102229)
(39221, 43796, 19201, 102218)
(39203, 43796, 19201, 102200)
(39195, 43796, 19201, 102192)
(39184, 43796, 19201, 102181)
(39162, 43796, 19201, 102159)
(39122, 43796, 19201, 102119)
(39100, 43796, 19201, 102097)
(39079, 43796, 19201, 102076)
(39059, 43796, 19201, 102056)
(39045, 43796, 19201, 102042)
(39021, 43796, 19201, 102018)
(39005, 43796, 19201, 102002)
(38987, 43796, 19201, 101984)
(38967, 43796, 19201, 101964)
(38955, 43796, 19201, 101952)
(38934, 43796, 19201, 101931)
(38886, 43796, 19201, 101883)
(38846, 43796, 19201, 101843)
(38810, 43796, 19201, 101807)
(38767, 43796, 19201, 101764)
(38755, 43796, 19201, 101752)
(38734, 43796, 19201, 101731)
(38697, 43796, 19201, 101694)
(38677, 43796, 19201, 101674)
(38661, 43796, 19201, 101658)
(38637, 43796, 19201, 101634)
(38618, 43796, 19201, 101615)
(38582, 43796, 19201, 101579)
(38540, 43796, 19201, 101537)
(38520, 43796, 19201, 101517)
(38501, 43796, 19201, 101498)
(38464, 43796, 19201, 101461)
(38405, 43796, 19201, 101402)
(38393, 43796, 19201, 101390)
(38374, 43796, 19201, 101371)
(38328, 43796, 19201, 101325)
(38296, 43796, 19201, 101293)
(38280, 43796, 19201, 101277)
(38271, 43796, 19201, 101268)
(38265, 43796, 19201, 101262)
(38220, 43796, 19201, 101217)
(38189, 43796, 19201, 101186)
(38173, 43796, 19201, 101170)
(38172, 43796, 19201, 101169)
(38137, 43796, 19201, 101134)
(38131, 43796, 19201, 101128)
(38106, 43796, 19201, 101103)
(38089, 43796, 19201, 101086)
(38048, 43796, 19201, 101045)
(38029, 43796, 19201, 101026)
(38028, 43796, 19201, 101025)
(37990, 43796, 19201, 100987)
(37954, 43796, 19201, 100951)
(37920, 43796, 19201, 100917)
(37886, 43796, 19201, 100883)
(37855, 43796, 19201, 100852)
(37847, 43796, 19201, 100844)
(37839, 43796, 19201, 100836)
(37822, 43796, 19201, 100819)
(37815, 43796, 19201, 100812)
(37792, 43796, 19201, 100789)
(37765, 43796, 19201, 100762)
(37736, 43796, 19201, 100733)
(37705, 43796, 19201, 100702)
(37672, 43796, 19201, 100669)
(37635, 43796, 19201, 100632)
(37591, 43796, 19201, 100588)
(37547, 43796, 19201, 100544)
(37526, 43796, 19201, 100523)
(37501, 43796, 19201, 100498)
(37497, 43796, 19201, 100494)
(37495, 43796, 19201, 100492)
(37464, 43796, 19201, 100461)
(37429, 43796, 19201, 100426)
(37417, 43796, 19201, 100414)
(37377, 43796, 19201, 100374)
(37343, 43796, 19201, 100340)
(37309, 43796, 19201, 100306)
(37287, 43796, 19201, 100284)
(37259, 43796, 19201, 100256)
(37209, 43796, 19201, 100206)
(37180, 43796, 19201, 100177)
(37179, 43796, 19201, 100176)
(37167, 43796, 19201, 100164)
(37128, 43796, 19201, 100125)
(37100, 43796, 19201, 100097)
(37087, 43796, 19201, 100084)
(37058, 43796, 19201, 100055)
(37040, 43796, 19201, 100037)
(37015, 43796, 19201, 100012)
(36982, 43796, 19201, 99979)
(36954, 43796, 19201, 99951)
(36953, 43796, 19201, 99950)
(36937, 43796, 19201, 99934)
(36905, 43796, 19201, 99902)
(36896, 43796, 19201, 99893)
(36888, 43796, 19201, 99885)
(36850, 43796, 19201, 99847)
(36841, 43796, 19201, 99838)
(36823, 43796, 19201, 99820)
(36803, 43796, 19201, 99800)
(36781, 43796, 19201, 99778)
(36759, 43796, 19201, 99756)
(36731, 43796, 19201, 99728)
(36721, 43796, 19201, 99718)
(36704, 43796, 19201, 99701)
(36675, 43796, 19201, 99672)
(36654, 43796, 19201, 99651)
(36626, 43796, 19201, 99623)
(36618, 43796, 19201, 99615)
(36596, 43796, 19201, 99593)
(36541, 43796, 19201, 99538)
(36507, 43796, 19201, 99504)
(36482, 43796, 19201, 99479)
(36455, 43796, 19201, 99452)
(36398, 43796, 19201, 99395)
(36362, 43796, 19201, 99359)
(36323, 43796, 19201, 99320)
(36284, 43796, 19201, 99281)
(36265, 43796, 19201, 99262)
(36231, 43796, 19201, 99228)
(36203, 43796, 19201, 99200)
(36178, 43796, 19201, 99175)
(36127, 43796, 19201, 99124)
(36107, 43796, 19201, 99104)
(36085, 43796, 19201, 99082)
(36074, 43796, 19201, 99071)
(36056, 43796, 19201, 99053)
(36028, 43796, 19201, 99025)
(35994, 43796, 19201, 98991)
(35965, 43796, 19201, 98962)
(35914, 43796, 19201, 98911)
(35879, 43796, 19201, 98876)
(35847, 43796, 19201, 98844)
(35818, 43796, 19201, 98815)
(35788, 43796, 19201, 98785)
(35755, 43796, 19201, 98752)
(35721, 43796, 19201, 98718)
(35710, 43796, 19201, 98707)
(35685, 43796, 19201, 98682)
(35668, 43796, 19201, 98665)
(35654, 43796, 19201, 98651)
(35616, 43796, 19201, 98613)
(35588, 43796, 19201, 98585)
(35555, 43796, 19201, 98552)
(35538, 43796, 19201, 98535)
(35488, 43796, 19201, 98485)
(35470, 43796, 19201, 98467)
(35456, 43796, 19201, 98453)
(35445, 43796, 19201, 98442)
(35425, 43796, 19201, 98422)
(35400, 43796, 19201, 98397)
(35379, 43796, 19201, 98376)
(35351, 43796, 19201, 98348)
(35350, 43796, 19201, 98347)
(35314, 43796, 19201, 98311)
(35292, 43796, 19201, 98289)
(35276, 43796, 19201, 98273)
(35266, 43796, 19201, 98263)
(35214, 43796, 19201, 98211)
(35195, 43796, 19201, 98192)
(35145, 43796, 19201, 98142)
(35114, 43796, 19201, 98111)
(35083, 43796, 19201, 98080)
(35043, 43796, 19201, 98040)
(35013, 43796, 19201, 98010)
(34992, 43796, 19201, 97989)
(34947, 43796, 19201, 97944)
(34910, 43796, 19201, 97907)
(34876, 43796, 19201, 97873)
(34871, 43796, 19201, 97868)
(34836, 43796, 19201, 97833)
(34798, 43796, 19201, 97795)
(34760, 43796, 19201, 97757)
(34745, 43796, 19201, 97742)
(34714, 43796, 19201, 97711)
(34668, 43796, 19201, 97665)
(34667, 43796, 19201, 97664)
(34654, 43796, 19201, 97651)
(34646, 43796, 19201, 97643)
(34609, 43796, 19201, 97606)
(34603, 43796, 19201, 97600)
(34602, 43796, 19201, 97599)
(34561, 43796, 19201, 97558)
(34549, 43796, 19201, 97546)
(34542, 43796, 19201, 97539)
(34503, 43796, 19201, 97500)
(34484, 43796, 19201, 97481)
(34457, 43796, 19201, 97454)
(34441, 43796, 19201, 97438)
(34430, 43796, 19201, 97427)
(34414, 43796, 19201, 97411)
(34397, 43796, 19201, 97394)
(34363, 43796, 19201, 97360)
(34343, 43796, 19201, 97340)
(34331, 43796, 19201, 97328)
(34299, 43796, 19201, 97296)
(34281, 43796, 19201, 97278)
(34255, 43796, 19201, 97252)
(34238, 43796, 19201, 97235)
(34198, 43796, 19201, 97195)
(34191, 43796, 19201, 97188)
(34189, 43796, 19201, 97186)
(34144, 43796, 19201, 97141)
(34125, 43796, 19201, 97122)
(34114, 43796, 19201, 97111)
(34073, 43796, 19201, 97070)
(34036, 43796, 19201, 97033)
(34035, 43796, 19201, 97032)
(33989, 43796, 19201, 96986)
(33976, 43796, 19201, 96973)
(33942, 43796, 19201, 96939)
(33899, 43796, 19201, 96896)
(33880, 43796, 19201, 96877)
(33863, 43796, 19201, 96860)
(33844, 43796, 19201, 96841)
(33812, 43796, 19201, 96809)
(33796, 43796, 19201, 96793)
(33754, 43796, 19201, 96751)
(33741, 43796, 19201, 96738)
(33714, 43796, 19201, 96711)
