(97838, 109456, 27713, 235007)
(97820, 109456, 27713, 234989)
(97786, 109456, 27713, 234955)
(97757, 109456, 27713, 234926)
(97711, 109456, 27713, 234880)
(97696, 109456, 27713, 234865)
(97686, 109456, 27713, 234855)
(97664, 109456, 27713, 234833)
(97612, 109456, 27713, 234781)
(97571, 109456, 27713, 234740)
(97526, 109456, 27713, 234695)
(97504, 109456, 27713, 234673)
(97480, 109456, 27713, 234649)
(97438, 109456, 27713, 234607)
(97407, 109456, 27713, 234576)
(97364, 109456, 27713, 234533)
(97320, 109456, 27713, 234489)
(97263, 109456, 27713, 234432)
(97215, 109456, 27713, 234384)
(97183, 109456, 27713, 234352)
(97165, 109456, 27713, 234334)
(97108, 109456, 27713, 234277)
(97072, 109456, 27713, 234241)
(97039, 109456, 27713, 234208)
(96993, 109456, 27713, 234162)
(96963, 109456, 27713, 234132)
(96924, 109456, 27713, 234093)
(96907, 109456, 27713, 234076)
(96891, 109456, 27713, 234060)
(96864, 109456, 27713, 234033)
(96841, 109456, 27713, 234010)
(96824, 109456, 27713, 233993)
(96798, 109456, 27713, 233967)
(96780, 109456, 27713, 233949)
(96727, 109456, 27713, 233896)
(96678, 109456, 27713, 233847)
(96677, 109456, 27713, 233846)
(96624, 109456, 27713, 233793)
(96611, 109456, 27713, 233780)
(96568, 109456, 27713, 233737)
(96527, 109456, 27713, 233696)
(96507, 109456, 27713, 233676)
(96472, 109456, 27713, 233641)
(96426, 109456, 27713, 233595)
(96413, 109456, 27713, 233582)
(96389, 109456, 27713, 233558)
(96353, 109456, 27713, 233522)
(96330, 109456, 27713, 233499)
(96295, 109456, 27713, 233464)
(96265, 109456, 27713, 233434)
(96216, 109456, 27713, 233385)
(96200, 109456, 27713, 233369)
(96199, 109456, 27713, 233368)
(96151, 109456, 27713, 233320)
(96137, 109456, 27713, 233306)
(96097, 109456, 27713, 233266)
(96059, 109456, 27713, 233228)
(96022, 109456, 27713, 233191)
(95975, 109456, 27713, 233144)
(95952, 109456, 27713, 233121)
(95908, 109456, 27713, 233077)
(95859, 109456, 27713, 233028)
(95815, 109456, 27713, 232984)
(95776, 109456, 27713, 232945)
(95732, 109456, 27713, 232901)
(95688, 109456, 27713, 232857)
(95653, 109456, 27713, 232822)
(95612, 109456, 27713, 232781)
(95575, 109456, 27713, 232744)
(95541, 109456, 27713, 232710)
(95507, 109456, 27713, 232676)
(95463, 109456, 27713, 232632)
(95405, 109456, 27713, 232574)
(95374, 109456, 27713, 232543)
(95341, 109456, 27713, 232510)
(95317, 109456, 27713, 232486)
(95291, 109456, 27713, 232460)
(95255, 109456, 27713, 232424)
(95215, 109456, 27713, 232384)
(95166, 109456, 27713, 232335)
(95147, 109456, 27713, 232316)
(95108, 109456, 27713, 232277)
(95032, 109456, 27713, 232201)
(94981, 109456, 27713, 232150)
(94954, 109456, 27713, 232123)
(94914, 109456, 27713, 232083)
(94876, 109456, 27713, 232045)
(94845, 109456, 27713, 232014)
(94804, 109456, 27713, 231973)
(94794, 109456, 27713, 231963)
(94752, 109456, 27713, 231921)
(94688, 109456, 27713, 231857)
(94640, 109456, 27713, 231809)
(94624, 109456, 27713, 231793)
(94583, 109456, 27713, 231752)
(94552, 109456, 27713, 231721)
(94522, 109456, 27713, 231691)
(94474, 109456, 27713, 231643)
(94435, 109456, 27713, 231604)
(94408, 109456, 27713, 231577)
(94389, 109456, 27713, 231558)
(94377, 109456, 27713, 231546)
(94347, 109456, 27713, 231516)
(94321, 109456, 27713, 231490)
(94286, 109456, 27713, 231455)
(94256, 109456, 27713, 231425)
(94249, 109456, 27713, 231418)
(94229, 109456, 27713, 231398)
(94206, 109456, 27713, 231375)
(94165, 109456, 27713, 231334)
(94138, 109456, 27713, 231307)
(94097, 109456, 27713, 231266)
(94059, 109456, 27713, 231228)
(94031, 109456, 27713, 231200)
(93998, 109456, 27713, 231167)
(93983, 109456, 27713, 231152)
(93964, 109456, 27713, 231133)
(93925, 109456, 27713, 231094)
(93905, 109456, 27713, 231074)
(93862, 109456, 27713, 231031)
(93853, 109456, 27713, 231022)
(93852, 109456, 27713, 231021)
(93839, 109456, 27713, 231008)
(93832, 109456, 27713, 231001)
(93803, 109456, 27713, 230972)
(93760, 109456, 27713, 230929)
(93719, 109456, 27713, 230888)
(93705, 109456, 27713, 230874)
(93669, 109456, 27713, 230838)
(93638, 109456, 27713, 230807)
(93625, 109456, 27713, 230794)
(93598, 109456, 27713, 230767)
(93573, 109456, 27713, 230742)
(93543, 109456, 27713, 230712)
(93526, 109456, 27713, 230695)
(93486, 109456, 27713, 230655)
(93462, 109456, 27713, 230631)
(93409, 109456, 27713, 230578)
(93379, 109456, 27713, 230548)
(93339, 109456, 27713, 230508)
(93310, 109456, 27713, 230479)
(93270, 109456, 27713, 230439)
(93242, 109456, 27713, 230411)
(93218, 109456, 27713, 230387)
(93200, 109456, 27713, 230369)
(93177, 109456, 27713, 230346)
(93123, 109456, 27713, 230292)
(93096, 109456, 27713, 230265)
(93059, 109456, 27713, 230228)
(93023, 109456, 27713, 230192)
(92979, 109456, 27713, 230148)
(92954, 109456, 27713, 230123)
(92912, 109456, 27713, 230081)
(92893, 109456, 27713, 230062)
(92850, 109456, 27713, 230019)
(92806, 109456, 27713, 229975)
(92767, 109456, 27713, 229936)
(92736, 109456, 27713, 229905)
(92730, 109456, 27713, 229899)
(92706, 109456, 27713, 229875)
(92643, 109456, 27713, 229812)
(92628, 109456, 27713, 229797)
(92601, 109456, 27713, 229770)
(92589, 109456, 27713, 229758)
(92543, 109456, 27713, 229712)
(92484, 109456, 27713, 229653)
(92437, 109456, 27713, 229606)
(92409, 109456, 27713, 229578)
(92367, 109456, 27713, 229536)
(92319, 109456, 27713, 229488)
(92255, 109456, 27713, 229424)
(92244, 109456, 27713, 229413)
(92201, 109456, 27713, 229370)
(92150, 109456, 27713, 229319)
(92119, 109456, 27713, 229288)
(92112, 109456, 27713, 229281)
(92062, 109456, 27713, 229231)
(92010, 109456, 27713, 229179)
(91975, 109456, 27713, 229144)
(91922, 109456, 27713, 229091)
(91905, 109456, 27713, 229074)
(91841, 109456, 27713, 229010)
(91833, 109456, 27713, 229002)
(91823, 109456, 27713, 228992)
(91787, 109456, 27713, 228956)
(91738, 109456, 27713, 228907)
(91716, 109456, 27713, 228885)
(91704, 109456, 27713, 228873)
(91696, 109456, 27713, 228865)
(91657, 109456, 27713, 228826)
(91633, 109456, 27713, 228802)
(91612, 109456, 27713, 228781)
(91602, 109456, 27713, 228771)
(91565, 109456, 27713, 228734)
(91528, 109456, 27713, 228697)
(91490, 109456, 27713, 228659)
(91464, 109456, 27713, 228633)
(91413, 109456, 27713, 228582)
(91378, 109456, 27713, 228547)
(91328, 109456, 27713, 228497)
(91295, 109456, 27713, 228464)
(91246, 109456, 27713, 228415)
(91201, 109456, 27713, 228370)
(91189, 109456, 27713, 228358)
(91179, 109456, 27713, 228348)
(91168, 109456, 27713, 228337)
(91127, 109456, 27713, 228296)
(91099, 109456, 27713, 228268)
(91069, 109456, 27713, 228238)
(91022, 109456, 27713, 228191)
(91017, 109456, 27713, 228186)
(90980, 109456, 27713, 228149)
(90942, 109456, 27713, 228111)
(90934, 109456, 27713, 228103)
(90924, 109456, 27713, 228093)
(90891, 109456, 27713, 228060)
(90845, 109456, 27713, 228014)
(90809, 109456, 27713, 227978)
(90748, 109456, 27713, 227917)
(90717, 109456, 27713, 227886)
(90674, 109456, 27713, 227843)
(90646, 109456, 27713, 227815)
(90618, 109456, 27713, 227787)
(90589, 109456, 27713, 227758)
(90550, 109456, 27713, 227719)
(90525, 109456, 27713, 227694)
(90493, 109456, 27713, 227662)
(90482, 109456, 27713, 227651)
(90439, 109456, 27713, 227608)
(90418, 109456, 27713, 227587)
(90388, 109456, 27713, 227557)
(90350, 109456, 27713, 227519)
(90330, 109456, 27713, 227499)
(90282, 109456, 27713, 227451)
(90257, 109456, 27713, 227426)
(90215, 109456, 27713, 227384)
(90165, 109456, 27713, 227334)
(90137, 109456, 27713, 227306)
(90080, 109456, 27713, 227249)
(90028, 109456, 27713, 227197)
(89990, 109456, 27713, 227159)
(89958, 109456, 27713, 227127)
(89927, 109456, 27713, 227096)
(89893, 109456, 27713, 227062)
(89892, 109456, 27713, 227061)
(89857, 109456, 27713, 227026)
(89837, 109456, 27713, 227006)
(89781, 109456, 27713, 226950)
(89745, 109456, 27713, 226914)
(89703, 109456, 27713, 226872)
(89680, 109456, 27713, 226849)
(89646, 109456, 27713, 226815)
(89612, 109456, 27713, 226781)
(89572, 109456, 27713, 226741)
(89540, 109456, 27713, 226709)
(89511, 109456, 27713, 226680)
(89468, 109456, 27713, 226637)
(89444, 109456, 27713, 226613)
(89401, 109456, 27713, 226570)
(89364, 109456, 27713, 226533)
(89353, 109456, 27713, 226522)
(89319, 109456, 27713, 226488)
(89269, 109456, 27713, 226438)
(89230, 109456, 27713, 226399)
(89189, 109456, 27713, 226358)
(89146, 109456, 27713, 226315)
(89116, 109456, 27713, 226285)
(89089, 109456, 27713, 226258)
(89050, 109456, 27713, 226219)
(89011, 109456, 27713, 226180)
(88970, 109456, 27713, 226139)
(88934, 109456, 27713, 226103)
(88910, 109456, 27713, 226079)
(88890, 109456, 27713, 226059)
(88860, 109456, 27713, 226029)
(88841, 109456, 27713, 226010)
(88832, 109456, 27713, 226001)
(88810, 109456, 27713, 225979)
(88774, 109456, 27713, 225943)
(88771, 109456, 27713, 225940)
(88755, 109456, 27713, 225924)
(88743, 109456, 27713, 225912)
(88730, 109456, 27713, 225899)
(88693, 109456, 27713, 225862)
(88675, 109456, 27713, 225844)
(88617, 109456, 27713, 225786)
(88613, 109456, 27713, 225782)
(88575, 109456, 27713, 225744)
(88528, 109456, 27713, 225697)
(88497, 109456, 27713, 225666)
(88455, 109456, 27713, 225624)
(88417, 109456, 27713, 225586)
(88402, 109456, 27713, 225571)
(88363, 109456, 27713, 225532)
(88309, 109456, 27713, 225478)
(88271, 109456, 27713, 225440)
(88252, 109456, 27713, 225421)
(88211, 109456, 27713, 225380)
(88179, 109456, 27713, 225348)
(88136, 109456, 27713, 225305)
(88093, 109456, 27713, 225262)
(88072, 109456, 27713, 225241)
(88065, 109456, 27713, 225234)
(88019, 109456, 27713, 225188)
(88002, 109456, 27713, 225171)
(87960, 109456, 27713, 225129)
(87924, 109456, 27713, 225093)
(87906, 109456, 27713, 225075)
(87868, 109456, 27713, 225037)
(87836, 109456, 27713, 225005)
(87788, 109456, 27713, 224957)
(87762, 109456, 27713, 224931)
(87736, 109456, 27713, 224905)
(87700, 109456, 27713, 224869)
(87665, 109456, 27713, 224834)
(87618, 109456, 27713, 224787)
(87604, 109456, 27713, 224773)
(87587, 109456, 27713, 224756)
(87549, 109456, 27713, 224718)
(87508, 109456, 27713, 224677)
(87488, 109456, 27713, 224657)
(87439, 109456, 27713, 224608)
(87389, 109456, 27713, 224558)
(87363, 109456, 27713, 224532)
(87328, 109456, 27713, 224497)
(87298, 109456, 27713, 224467)
(87254, 109456, 27713, 224423)
(87237, 109456, 27713, 224406)
(87201, 109456, 27713, 224370)
(87184, 109456, 27713, 224353)
(87167, 109456, 27713, 224336)
(87152, 109456, 27713, 224321)
(87106, 109456, 27713, 224275)
(87095, 109456, 27713, 224264)
(87062, 109456, 27713, 224231)
(87042, 109456, 27713, 224211)
(86981, 109456, 27713, 224150)
(86962, 109456, 27713, 224131)
(86932, 109456, 27713, 224101)
(86919, 109456, 27713, 224088)
(86895, 109456, 27713, 224064)
(86874, 109456, 27713, 224043)
(86870, 109456, 27713, 224039)
(86839, 109456, 27713, 224008)
(86805, 109456, 27713, 223974)
(86786, 109456, 27713, 223955)
(86764, 109456, 27713, 223933)
(86736, 109456, 27713, 223905)
(86697, 109456, 27713, 223866)
(86689, 109456, 27713, 223858)
(86651, 109456, 27713, 223820)
(86650, 109456, 27713, 223819)
(86611, 109456, 27713, 223780)
(86605, 109456, 27713, 223774)
(86571, 109456, 27713, 223740)
(86522, 109456, 27713, 223691)
(86498, 109456, 27713, 223667)
(86442, 109456, 27713, 223611)
(86397, 109456, 27713, 223566)
(86369, 109456, 27713, 223538)
(86337, 109456, 27713, 223506)
(86312, 109456, 27713, 223481)
(86263, 109456, 27713, 223432)
(86217, 109456, 27713, 223386)
(86181, 109456, 27713, 223350)
(86154, 109456, 27713, 223323)
(86130, 109456, 27713, 223299)
(86102, 109456, 27713, 223271)
(86071, 109456, 27713, 223240)
(86055, 109456, 27713, 223224)
(85999, 109456, 27713, 223168)
(85932, 109456, 27713, 223101)
(85906, 109456, 27713, 223075)
(85880, 109456, 27713, 223049)
(85846, 109456, 27713, 223015)
(85823, 109456, 27713, 222992)
(85806, 109456, 27713, 222975)
(85764, 109456, 27713, 222933)
(85722, 109456, 27713, 222891)
(85685, 109456, 27713, 222854)
(85684, 109456, 27713, 222853)
(85666, 109456, 27713, 222835)
(85639, 109456, 27713, 222808)
(85609, 109456, 27713, 222778)
(85545, 109456, 27713, 222714)
(85517, 109456, 27713, 222686)
(85502, 109456, 27713, 222671)
(85478, 109456, 27713, 222647)
(85455, 109456, 27713, 222624)
(85440, 109456, 27713, 222609)
(85416, 109456, 27713, 222585)
(85373, 109456, 27713, 222542)
(85334, 109456, 27713, 222503)
(85296, 109456, 27713, 222465)
(85271, 109456, 27713, 222440)
(85225, 109456, 27713, 222394)
(85186, 109456, 27713, 222355)
(85149, 109456, 27713, 222318)
(85128, 109456, 27713, 222297)
(85105, 109456, 27713, 222274)
(85057, 109456, 27713, 222226)
(85017, 109456, 27713, 222186)
(84975, 109456, 27713, 222144)
(84940, 109456, 27713, 222109)
(84920, 109456, 27713, 222089)
(84901, 109456, 27713, 222070)
(84879, 109456, 27713, 222048)
(84830, 109456, 27713, 221999)
(84799, 109456, 27713, 221968)
(84738, 109456, 27713, 221907)
(84689, 109456, 27713, 221858)
(84664, 109456, 27713, 221833)
(84618, 109456, 27713, 221787)
(84588, 109456, 27713, 221757)
(84543, 109456, 27713, 221712)
(84502, 109456, 27713, 221671)
(84463, 109456, 27713, 221632)
(84425, 109456, 27713, 221594)
(84381, 109456, 27713, 221550)
(84370, 109456, 27713, 221539)
(84330, 109456, 27713, 221499)
(84286, 109456, 27713, 221455)
(84253, 109456, 27713, 221422)
(84199, 109456, 27713, 221368)
(84179, 109456, 27713, 221348)
(84140, 109456, 27713, 221309)
(84102, 109456, 27713, 221271)
(84075, 109456, 27713, 221244)
(84040, 109456, 27713, 221209)
(84010, 109456, 27713, 221179)
(83987, 109456, 27713, 221156)
(83930, 109456, 27713, 221099)
(83897, 109456, 27713, 221066)
(83867, 109456, 27713, 221036)
(83837, 109456, 27713, 221006)
(83798, 109456, 27713, 220967)
(83766, 109456, 27713, 220935)
(83752, 109456, 27713, 220921)
(83737, 109456, 27713, 220906)
(83728, 109456, 27713, 220897)
(83709, 109456, 27713, 220878)
(83684, 109456, 27713, 220853)
(83645, 109456, 27713, 220814)
(83612, 109456, 27713, 220781)
(83574, 109456, 27713, 220743)
(83521, 109456, 27713, 220690)
(83486, 109456, 27713, 220655)
(83440, 109456, 27713, 220609)
(83388, 109456, 27713, 220557)
(83361, 109456, 27713, 220530)
(83322, 109456, 27713, 220491)
(83232, 109456, 27713, 220401)
(83166, 109456, 27713, 220335)
(83158, 109456, 27713, 220327)
(83115, 109456, 27713, 220284)
(83096, 109456, 27713, 220265)
(83074, 109456, 27713, 220243)
(83052, 109456, 27713, 220221)
(83011, 109456, 27713, 220180)
(83003, 109456, 27713, 220172)
(82982, 109456, 27713, 220151)
(82959, 109456, 27713, 220128)
(82909, 109456, 27713, 220078)
(82860, 109456, 27713, 220029)
(82840, 109456, 27713, 220009)
(82806, 109456, 27713, 219975)
(82764, 109456, 27713, 219933)
(82724, 109456, 27713, 219893)
(82689, 109456, 27713, 219858)
(82653, 109456, 27713, 219822)
(82600, 109456, 27713, 219769)
(82555, 109456, 27713, 219724)
(82540, 109456, 27713, 219709)
(82517, 109456, 27713, 219686)
(82508, 109456, 27713, 219677)
(82475, 109456, 27713, 219644)
(82451, 109456, 27713, 219620)
(82415, 109456, 27713, 219584)
(82392, 109456, 27713, 219561)
(82369, 109456, 27713, 219538)
(82355, 109456, 27713, 219524)
(82325, 109456, 27713, 219494)
(82295, 109456, 27713, 219464)
(82275, 109456, 27713, 219444)
(82266, 109456, 27713, 219435)
(82261, 109456, 27713, 219430)
(82207, 109456, 27713, 219376)
(82184, 109456, 27713, 219353)
(82155, 109456, 27713, 219324)
(82139, 109456, 27713, 219308)
(82126, 109456, 27713, 219295)
(82090, 109456, 27713, 219259)
(82055, 109456, 27713, 219224)
(82032, 109456, 27713, 219201)
(81986, 109456, 27713, 219155)
(81936, 109456, 27713, 219105)
(81908, 109456, 27713, 219077)
(81873, 109456, 27713, 219042)
(81833, 109456, 27713, 219002)
(81797, 109456, 27713, 218966)
(81765, 109456, 27713, 218934)
(81729, 109456, 27713, 218898)
(81702, 109456, 27713, 218871)
(81674, 109456, 27713, 218843)
(81623, 109456, 27713, 218792)
(81585, 109456, 27713, 218754)
(81529, 109456, 27713, 218698)
(81490, 109456, 27713, 218659)
(81444, 109456, 27713, 218613)
(81431, 109456, 27713, 218600)
(81397, 109456, 27713, 218566)
(81354, 109456, 27713, 218523)
(81335, 109456, 27713, 218504)
(81311, 109456, 27713, 218480)
(81276, 109456, 27713, 218445)
(81246, 109456, 27713, 218415)
(81209, 109456, 27713, 218378)
(81155, 109456, 27713, 218324)
(81123, 109456, 27713, 218292)
(81073, 109456, 27713, 218242)
(81056, 109456, 27713, 218225)
(81018, 109456, 27713, 218187)
(80976, 109456, 27713, 218145)
(80954, 109456, 27713, 218123)
(80932, 109456, 27713, 218101)
(80879, 109456, 27713, 218048)
(80836, 109456, 27713, 218005)
(80810, 109456, 27713, 217979)
(80780, 109456, 27713, 217949)
(80740, 109456, 27713, 217909)
(80707, 109456, 27713, 217876)
(80668, 109456, 27713, 217837)
(80659, 109456, 27713, 217828)
(80612, 109456, 27713, 217781)
