(57838, 64438, 21707, 143983)
(59304, 60760, 23122, 143186)
(56532, 62452, 23122, 142106)
(55948, 61688, 23122, 140758)
(53016, 63848, 23122, 139986)
(48914, 65676, 23122, 137712)
(45908, 67930, 23122, 136960)
(42031, 70388, 23122, 135541)
(42031, 70388, 23122, 135541)
(40617, 70918, 23122, 134657)
(118884, 15974, 14524, 149382)
(116112, 18270, 14524, 148906)
(118158, 14638, 15204, 148000)
(118089, 14638, 15204, 147931)
(54861, 62542, 23122, 140525)
(53400, 63554, 23122, 140076)
(50987, 64704, 23122, 138813)
(47599, 67304, 23122, 138025)
(44645, 69548, 23122, 137315)
(45168, 68576, 23122, 136866)
(126489, 10320, 8974, 145783)
(122808, 12646, 8974, 144428)
(122748, 12646, 8974, 144368)
(119919, 14464, 8974, 143357)
(117635, 16740, 8974, 143349)
(115694, 17752, 8974, 142420)
(114118, 18136, 8974, 141228)
(112624, 19366, 8974, 140964)
(112590, 19366, 8974, 140930)
(55874, 61594, 23122, 140590)
(131108, 6760, 3683, 141551)
(128496, 8619, 3683, 140798)
(125159, 11547, 3683, 140389)
(125270, 10009, 3683, 138962)
(125136, 10009, 3683, 138828)
(123524, 10783, 3683, 137990)
(121659, 11937, 3683, 137279)
(121659, 11937, 3683, 137279)
(120968, 12261, 3683, 136912)
(118103, 15072, 3683, 136858)
(117545, 13970, 10736, 142251)
(117529, 13970, 10736, 142235)
(114748, 15894, 10736, 141378)
(111413, 18146, 10736, 140295)
(109894, 19564, 10736, 140194)
(111220, 18146, 10736, 140102)
(108386, 20480, 10736, 139602)
(108314, 20520, 10736, 139570)
(106436, 21834, 10736, 139006)
(105063, 23096, 10736, 138895)
(106439, 21542, 14787, 142768)
(106244, 21542, 14787, 142573)
(106244, 21542, 14787, 142573)
(102796, 23974, 14787, 141557)
(100971, 24722, 14787, 140480)
(98740, 26720, 14787, 140247)
(99821, 25394, 14787, 140002)
(99821, 25394, 14787, 140002)
(95822, 28829, 14787, 139438)
(95822, 28829, 14787, 139438)
(98821, 25850, 17370, 142041)
(97405, 27048, 17370, 141823)
(97293, 27070, 17370, 141733)
(94832, 29401, 17370, 141603)
(94597, 29401, 17370, 141368)
(94777, 28370, 17370, 140517)
(94777, 28370, 17370, 140517)
(94752, 28370, 17370, 140492)
(90928, 31619, 17370, 139917)
(90917, 31619, 17370, 139906)
(90872, 31384, 19194, 141450)
(90872, 31384, 19194, 141450)
(88919, 33065, 19310, 141294)
(88529, 33200, 19194, 140923)
(88529, 33200, 19194, 140923)
(88511, 32907, 19194, 140612)
(88483, 32907, 19194, 140584)
(88483, 32907, 19194, 140584)
(91018, 31192, 19310, 141520)
