(55304, 56346, 23212, 134862)
(55282, 56346, 23212, 134840)
(55270, 56346, 23212, 134828)
(55253, 56346, 23212, 134811)
(55216, 56346, 23212, 134774)
(55195, 56346, 23212, 134753)
(55188, 56346, 23212, 134746)
(55182, 56346, 23212, 134740)
(55170, 56346, 23212, 134728)
(55149, 56346, 23212, 134707)
(55116, 56346, 23212, 134674)
(55094, 56346, 23212, 134652)
(55086, 56346, 23212, 134644)
(55076, 56346, 23212, 134634)
(55054, 56346, 23212, 134612)
(55031, 56346, 23212, 134589)
(55021, 56346, 23212, 134579)
(54994, 56346, 23212, 134552)
(54992, 56346, 23212, 134550)
(54973, 56346, 23212, 134531)
(54953, 56346, 23212, 134511)
(54925, 56346, 23212, 134483)
(54899, 56346, 23212, 134457)
(54876, 56346, 23212, 134434)
(54846, 56346, 23212, 134404)
(54822, 56346, 23212, 134380)
(54804, 56346, 23212, 134362)
(54774, 56346, 23212, 134332)
(54752, 56346, 23212, 134310)
(54744, 56346, 23212, 134302)
(54712, 56346, 23212, 134270)
(54694, 56346, 23212, 134252)
(54672, 56346, 23212, 134230)
(54639, 56346, 23212, 134197)
(54611, 56346, 23212, 134169)
(54582, 56346, 23212, 134140)
(54570, 56346, 23212, 134128)
(54552, 56346, 23212, 134110)
(54539, 56346, 23212, 134097)
(54522, 56346, 23212, 134080)
(54511, 56346, 23212, 134069)
(54502, 56346, 23212, 134060)
(54494, 56346, 23212, 134052)
(54472, 56346, 23212, 134030)
(54446, 56346, 23212, 134004)
(54438, 56346, 23212, 133996)
(54406, 56346, 23212, 133964)
(54385, 56346, 23212, 133943)
(54361, 56346, 23212, 133919)
(54336, 56346, 23212, 133894)
(54314, 56346, 23212, 133872)
(54280, 56346, 23212, 133838)
(54259, 56346, 23212, 133817)
(54240, 56346, 23212, 133798)
(54231, 56346, 23212, 133789)
(54212, 56346, 23212, 133770)
(54190, 56346, 23212, 133748)
(54153, 56346, 23212, 133711)
(54113, 56346, 23212, 133671)
(54090, 56346, 23212, 133648)
(54075, 56346, 23212, 133633)
(54044, 56346, 23212, 133602)
(54028, 56346, 23212, 133586)
(53993, 56346, 23212, 133551)
(53967, 56346, 23212, 133525)
(53960, 56346, 23212, 133518)
(53920, 56346, 23212, 133478)
(53900, 56346, 23212, 133458)
(53885, 56346, 23212, 133443)
(53853, 56346, 23212, 133411)
(53845, 56346, 23212, 133403)
(53833, 56346, 23212, 133391)
(53805, 56346, 23212, 133363)
(53803, 56346, 23212, 133361)
(53782, 56346, 23212, 133340)
(53764, 56346, 23212, 133322)
(53757, 56346, 23212, 133315)
(53735, 56346, 23212, 133293)
(53709, 56346, 23212, 133267)
(53680, 56346, 23212, 133238)
(53649, 56346, 23212, 133207)
(53645, 56346, 23212, 133203)
(53630, 56346, 23212, 133188)
(53608, 56346, 23212, 133166)
(53588, 56346, 23212, 133146)
(53571, 56346, 23212, 133129)
(53567, 56346, 23212, 133125)
(53562, 56346, 23212, 133120)
(53542, 56346, 23212, 133100)
(53506, 56346, 23212, 133064)
(53482, 56346, 23212, 133040)
(53438, 56346, 23212, 132996)
(53402, 56346, 23212, 132960)
(53395, 56346, 23212, 132953)
(53359, 56346, 23212, 132917)
(53331, 56346, 23212, 132889)
(53321, 56346, 23212, 132879)
(53296, 56346, 23212, 132854)
(53270, 56346, 23212, 132828)
(53244, 56346, 23212, 132802)
(53222, 56346, 23212, 132780)
(53214, 56346, 23212, 132772)
(53204, 56346, 23212, 132762)
(53176, 56346, 23212, 132734)
(53160, 56346, 23212, 132718)
(53144, 56346, 23212, 132702)
(53122, 56346, 23212, 132680)
(53104, 56346, 23212, 132662)
(53079, 56346, 23212, 132637)
(53066, 56346, 23212, 132624)
(53050, 56346, 23212, 132608)
(53039, 56346, 23212, 132597)
(53019, 56346, 23212, 132577)
(52993, 56346, 23212, 132551)
(52980, 56346, 23212, 132538)
(52970, 56346, 23212, 132528)
(52935, 56346, 23212, 132493)
(52919, 56346, 23212, 132477)
(52904, 56346, 23212, 132462)
(52885, 56346, 23212, 132443)
(52870, 56346, 23212, 132428)
(52855, 56346, 23212, 132413)
(52849, 56346, 23212, 132407)
(52821, 56346, 23212, 132379)
(52820, 56346, 23212, 132378)
(52792, 56346, 23212, 132350)
(52761, 56346, 23212, 132319)
(52739, 56346, 23212, 132297)
(52720, 56346, 23212, 132278)
(52696, 56346, 23212, 132254)
(52667, 56346, 23212, 132225)
(52659, 56346, 23212, 132217)
(52641, 56346, 23212, 132199)
(52615, 56346, 23212, 132173)
(52606, 56346, 23212, 132164)
(52588, 56346, 23212, 132146)
(52552, 56346, 23212, 132110)
(52548, 56346, 23212, 132106)
(52527, 56346, 23212, 132085)
(52502, 56346, 23212, 132060)
(52484, 56346, 23212, 132042)
(52458, 56346, 23212, 132016)
(52438, 56346, 23212, 131996)
(52403, 56346, 23212, 131961)
(52377, 56346, 23212, 131935)
(52344, 56346, 23212, 131902)
(52320, 56346, 23212, 131878)
(52299, 56346, 23212, 131857)
(52284, 56346, 23212, 131842)
(52260, 56346, 23212, 131818)
(52239, 56346, 23212, 131797)
(52224, 56346, 23212, 131782)
(52191, 56346, 23212, 131749)
(52166, 56346, 23212, 131724)
(52129, 56346, 23212, 131687)
(52125, 56346, 23212, 131683)
(52111, 56346, 23212, 131669)
(52095, 56346, 23212, 131653)
(52067, 56346, 23212, 131625)
(52043, 56346, 23212, 131601)
(52011, 56346, 23212, 131569)
(51997, 56346, 23212, 131555)
(51985, 56346, 23212, 131543)
(51969, 56346, 23212, 131527)
(51934, 56346, 23212, 131492)
(51907, 56346, 23212, 131465)
(51894, 56346, 23212, 131452)
(51870, 56346, 23212, 131428)
(51862, 56346, 23212, 131420)
(51840, 56346, 23212, 131398)
(51809, 56346, 23212, 131367)
(51785, 56346, 23212, 131343)
(51773, 56346, 23212, 131331)
(51766, 56346, 23212, 131324)
(51751, 56346, 23212, 131309)
(51736, 56346, 23212, 131294)
(51709, 56346, 23212, 131267)
(51661, 56346, 23212, 131219)
(51645, 56346, 23212, 131203)
(51604, 56346, 23212, 131162)
(51587, 56346, 23212, 131145)
(51568, 56346, 23212, 131126)
(51556, 56346, 23212, 131114)
(51536, 56346, 23212, 131094)
(51509, 56346, 23212, 131067)
(51485, 56346, 23212, 131043)
(51454, 56346, 23212, 131012)
(51421, 56346, 23212, 130979)
(51408, 56346, 23212, 130966)
(51399, 56346, 23212, 130957)
(51390, 56346, 23212, 130948)
(51356, 56346, 23212, 130914)
(51349, 56346, 23212, 130907)
(51346, 56346, 23212, 130904)
(51312, 56346, 23212, 130870)
(51297, 56346, 23212, 130855)
(51264, 56346, 23212, 130822)
(51228, 56346, 23212, 130786)
(51203, 56346, 23212, 130761)
(51196, 56346, 23212, 130754)
(51176, 56346, 23212, 130734)
(51143, 56346, 23212, 130701)
(51118, 56346, 23212, 130676)
(51091, 56346, 23212, 130649)
(51079, 56346, 23212, 130637)
(51066, 56346, 23212, 130624)
(51058, 56346, 23212, 130616)
(51042, 56346, 23212, 130600)
(51025, 56346, 23212, 130583)
(51015, 56346, 23212, 130573)
(50992, 56346, 23212, 130550)
(50987, 56346, 23212, 130545)
(50955, 56346, 23212, 130513)
(50920, 56346, 23212, 130478)
(50892, 56346, 23212, 130450)
(50872, 56346, 23212, 130430)
(50851, 56346, 23212, 130409)
(50842, 56346, 23212, 130400)
(50841, 56346, 23212, 130399)
(50835, 56346, 23212, 130393)
(50810, 56346, 23212, 130368)
(50791, 56346, 23212, 130349)
(50775, 56346, 23212, 130333)
(50766, 56346, 23212, 130324)
(50756, 56346, 23212, 130314)
(50735, 56346, 23212, 130293)
(50718, 56346, 23212, 130276)
(50706, 56346, 23212, 130264)
(50674, 56346, 23212, 130232)
(50647, 56346, 23212, 130205)
(50629, 56346, 23212, 130187)
(50594, 56346, 23212, 130152)
(50592, 56346, 23212, 130150)
(50567, 56346, 23212, 130125)
(50549, 56346, 23212, 130107)
(50523, 56346, 23212, 130081)
(50496, 56346, 23212, 130054)
(50467, 56346, 23212, 130025)
(50429, 56346, 23212, 129987)
(50408, 56346, 23212, 129966)
(50390, 56346, 23212, 129948)
(50361, 56346, 23212, 129919)
(50331, 56346, 23212, 129889)
(50296, 56346, 23212, 129854)
(50288, 56346, 23212, 129846)
(50251, 56346, 23212, 129809)
(50238, 56346, 23212, 129796)
(50221, 56346, 23212, 129779)
(50197, 56346, 23212, 129755)
(50167, 56346, 23212, 129725)
(50143, 56346, 23212, 129701)
(50113, 56346, 23212, 129671)
(50072, 56346, 23212, 129630)
(50047, 56346, 23212, 129605)
(50015, 56346, 23212, 129573)
(49995, 56346, 23212, 129553)
(49976, 56346, 23212, 129534)
(49958, 56346, 23212, 129516)
(49940, 56346, 23212, 129498)
(49917, 56346, 23212, 129475)
(49902, 56346, 23212, 129460)
(49883, 56346, 23212, 129441)
(49870, 56346, 23212, 129428)
(49863, 56346, 23212, 129421)
(49852, 56346, 23212, 129410)
(49829, 56346, 23212, 129387)
(49807, 56346, 23212, 129365)
(49799, 56346, 23212, 129357)
(49791, 56346, 23212, 129349)
(49783, 56346, 23212, 129341)
(49773, 56346, 23212, 129331)
(49752, 56346, 23212, 129310)
(49736, 56346, 23212, 129294)
(49722, 56346, 23212, 129280)
(49706, 56346, 23212, 129264)
(49691, 56346, 23212, 129249)
(49660, 56346, 23212, 129218)
(49636, 56346, 23212, 129194)
(49627, 56346, 23212, 129185)
(49626, 56346, 23212, 129184)
(49599, 56346, 23212, 129157)
(49574, 56346, 23212, 129132)
(49555, 56346, 23212, 129113)
(49537, 56346, 23212, 129095)
(49534, 56346, 23212, 129092)
(49514, 56346, 23212, 129072)
(49509, 56346, 23212, 129067)
(49484, 56346, 23212, 129042)
(49463, 56346, 23212, 129021)
(49449, 56346, 23212, 129007)
(49413, 56346, 23212, 128971)
(49387, 56346, 23212, 128945)
(49369, 56346, 23212, 128927)
(49343, 56346, 23212, 128901)
(49327, 56346, 23212, 128885)
(49319, 56346, 23212, 128877)
(49300, 56346, 23212, 128858)
(49266, 56346, 23212, 128824)
(49239, 56346, 23212, 128797)
(49198, 56346, 23212, 128756)
(49167, 56346, 23212, 128725)
(49141, 56346, 23212, 128699)
(49111, 56346, 23212, 128669)
(49086, 56346, 23212, 128644)
(49080, 56346, 23212, 128638)
(49057, 56346, 23212, 128615)
(49028, 56346, 23212, 128586)
(49017, 56346, 23212, 128575)
(49003, 56346, 23212, 128561)
(49002, 56346, 23212, 128560)
(48998, 56346, 23212, 128556)
(48984, 56346, 23212, 128542)
(48966, 56346, 23212, 128524)
(48954, 56346, 23212, 128512)
(48933, 56346, 23212, 128491)
(48908, 56346, 23212, 128466)
(48893, 56346, 23212, 128451)
(48872, 56346, 23212, 128430)
(48847, 56346, 23212, 128405)
(48844, 56346, 23212, 128402)
(48831, 56346, 23212, 128389)
(48808, 56346, 23212, 128366)
(48781, 56346, 23212, 128339)
(48737, 56346, 23212, 128295)
(48727, 56346, 23212, 128285)
(48697, 56346, 23212, 128255)
(48678, 56346, 23212, 128236)
(48673, 56346, 23212, 128231)
(48652, 56346, 23212, 128210)
(48635, 56346, 23212, 128193)
(48616, 56346, 23212, 128174)
(48606, 56346, 23212, 128164)
(48561, 56346, 23212, 128119)
(48548, 56346, 23212, 128106)
(48526, 56346, 23212, 128084)
(48514, 56346, 23212, 128072)
(48505, 56346, 23212, 128063)
(48494, 56346, 23212, 128052)
(48449, 56346, 23212, 128007)
(48412, 56346, 23212, 127970)
(48391, 56346, 23212, 127949)
(48365, 56346, 23212, 127923)
(48353, 56346, 23212, 127911)
(48332, 56346, 23212, 127890)
(48283, 56346, 23212, 127841)
(48268, 56346, 23212, 127826)
(48252, 56346, 23212, 127810)
(48237, 56346, 23212, 127795)
(48219, 56346, 23212, 127777)
(48206, 56346, 23212, 127764)
(48176, 56346, 23212, 127734)
(48159, 56346, 23212, 127717)
(48143, 56346, 23212, 127701)
(48139, 56346, 23212, 127697)
(48109, 56346, 23212, 127667)
(48080, 56346, 23212, 127638)
(48047, 56346, 23212, 127605)
(48023, 56346, 23212, 127581)
(48002, 56346, 23212, 127560)
(47955, 56346, 23212, 127513)
(47924, 56346, 23212, 127482)
(47904, 56346, 23212, 127462)
(47893, 56346, 23212, 127451)
(47890, 56346, 23212, 127448)
(47868, 56346, 23212, 127426)
(47857, 56346, 23212, 127415)
(47827, 56346, 23212, 127385)
(47814, 56346, 23212, 127372)
(47790, 56346, 23212, 127348)
(47774, 56346, 23212, 127332)
(47762, 56346, 23212, 127320)
(47727, 56346, 23212, 127285)
(47715, 56346, 23212, 127273)
(47683, 56346, 23212, 127241)
(47669, 56346, 23212, 127227)
(47642, 56346, 23212, 127200)
(47628, 56346, 23212, 127186)
(47599, 56346, 23212, 127157)
(47595, 56346, 23212, 127153)
(47592, 56346, 23212, 127150)
(47566, 56346, 23212, 127124)
(47562, 56346, 23212, 127120)
(47545, 56346, 23212, 127103)
(47536, 56346, 23212, 127094)
(47493, 56346, 23212, 127051)
(47486, 56346, 23212, 127044)
(47474, 56346, 23212, 127032)
(47468, 56346, 23212, 127026)
(47448, 56346, 23212, 127006)
(47430, 56346, 23212, 126988)
(47416, 56346, 23212, 126974)
(47413, 56346, 23212, 126971)
(47402, 56346, 23212, 126960)
(47398, 56346, 23212, 126956)
(47383, 56346, 23212, 126941)
(47359, 56346, 23212, 126917)
(47354, 56346, 23212, 126912)
(47334, 56346, 23212, 126892)
(47315, 56346, 23212, 126873)
(47291, 56346, 23212, 126849)
(47270, 56346, 23212, 126828)
(47251, 56346, 23212, 126809)
(47223, 56346, 23212, 126781)
(47192, 56346, 23212, 126750)
(47172, 56346, 23212, 126730)
(47159, 56346, 23212, 126717)
(47158, 56346, 23212, 126716)
(47126, 56346, 23212, 126684)
(47107, 56346, 23212, 126665)
(47091, 56346, 23212, 126649)
(47067, 56346, 23212, 126625)
(47038, 56346, 23212, 126596)
(47031, 56346, 23212, 126589)
(47017, 56346, 23212, 126575)
(47003, 56346, 23212, 126561)
(46973, 56346, 23212, 126531)
(46942, 56346, 23212, 126500)
(46915, 56346, 23212, 126473)
(46879, 56346, 23212, 126437)
(46851, 56346, 23212, 126409)
(46825, 56346, 23212, 126383)
(46801, 56346, 23212, 126359)
(46780, 56346, 23212, 126338)
(46761, 56346, 23212, 126319)
(46749, 56346, 23212, 126307)
(46704, 56346, 23212, 126262)
(46695, 56346, 23212, 126253)
(46663, 56346, 23212, 126221)
(46655, 56346, 23212, 126213)
(46632, 56346, 23212, 126190)
(46616, 56346, 23212, 126174)
(46606, 56346, 23212, 126164)
(46580, 56346, 23212, 126138)
(46557, 56346, 23212, 126115)
(46547, 56346, 23212, 126105)
(46532, 56346, 23212, 126090)
(46513, 56346, 23212, 126071)
(46499, 56346, 23212, 126057)
(46469, 56346, 23212, 126027)
(46430, 56346, 23212, 125988)
(46409, 56346, 23212, 125967)
(46375, 56346, 23212, 125933)
(46345, 56346, 23212, 125903)
(46337, 56346, 23212, 125895)
(46319, 56346, 23212, 125877)
(46305, 56346, 23212, 125863)
(46295, 56346, 23212, 125853)
(46277, 56346, 23212, 125835)
(46268, 56346, 23212, 125826)
(46252, 56346, 23212, 125810)
(46229, 56346, 23212, 125787)
(46212, 56346, 23212, 125770)
(46196, 56346, 23212, 125754)
(46173, 56346, 23212, 125731)
(46147, 56346, 23212, 125705)
(46122, 56346, 23212, 125680)
(46114, 56346, 23212, 125672)
(46086, 56346, 23212, 125644)
(46074, 56346, 23212, 125632)
(46041, 56346, 23212, 125599)
(46023, 56346, 23212, 125581)
(46005, 56346, 23212, 125563)
(45969, 56346, 23212, 125527)
(45929, 56346, 23212, 125487)
(45898, 56346, 23212, 125456)
(45879, 56346, 23212, 125437)
(45869, 56346, 23212, 125427)
(45853, 56346, 23212, 125411)
(45832, 56346, 23212, 125390)
(45812, 56346, 23212, 125370)
(45785, 56346, 23212, 125343)
(45776, 56346, 23212, 125334)
(45746, 56346, 23212, 125304)
(45735, 56346, 23212, 125293)
(45721, 56346, 23212, 125279)
(45690, 56346, 23212, 125248)
(45677, 56346, 23212, 125235)
(45654, 56346, 23212, 125212)
(45634, 56346, 23212, 125192)
(45618, 56346, 23212, 125176)
(45594, 56346, 23212, 125152)
(45568, 56346, 23212, 125126)
(45562, 56346, 23212, 125120)
(45550, 56346, 23212, 125108)
(45535, 56346, 23212, 125093)
(45515, 56346, 23212, 125073)
(45498, 56346, 23212, 125056)
(45472, 56346, 23212, 125030)
(45471, 56346, 23212, 125029)
(45450, 56346, 23212, 125008)
(45445, 56346, 23212, 125003)
(45438, 56346, 23212, 124996)
(45382, 56346, 23212, 124940)
(45344, 56346, 23212, 124902)
(45324, 56346, 23212, 124882)
(45307, 56346, 23212, 124865)
(45298, 56346, 23212, 124856)
(45274, 56346, 23212, 124832)
(45260, 56346, 23212, 124818)
(45235, 56346, 23212, 124793)
(45215, 56346, 23212, 124773)
(45195, 56346, 23212, 124753)
(45172, 56346, 23212, 124730)
(45136, 56346, 23212, 124694)
(45098, 56346, 23212, 124656)
(45072, 56346, 23212, 124630)
(45015, 56346, 23212, 124573)
(44988, 56346, 23212, 124546)
(44953, 56346, 23212, 124511)
(44947, 56346, 23212, 124505)
(44894, 56346, 23212, 124452)
(44865, 56346, 23212, 124423)
(44861, 56346, 23212, 124419)
(44830, 56346, 23212, 124388)
(44811, 56346, 23212, 124369)
(44781, 56346, 23212, 124339)
(44757, 56346, 23212, 124315)
(44744, 56346, 23212, 124302)
(44717, 56346, 23212, 124275)
(44691, 56346, 23212, 124249)
(44674, 56346, 23212, 124232)
(44659, 56346, 23212, 124217)
(44632, 56346, 23212, 124190)
(44609, 56346, 23212, 124167)
(44584, 56346, 23212, 124142)
(44555, 56346, 23212, 124113)
(44530, 56346, 23212, 124088)
(44498, 56346, 23212, 124056)
(44472, 56346, 23212, 124030)
(44449, 56346, 23212, 124007)
(44428, 56346, 23212, 123986)
(44404, 56346, 23212, 123962)
(44391, 56346, 23212, 123949)
(44356, 56346, 23212, 123914)
(44350, 56346, 23212, 123908)
(44332, 56346, 23212, 123890)
(44308, 56346, 23212, 123866)
(44292, 56346, 23212, 123850)
(44277, 56346, 23212, 123835)
(44246, 56346, 23212, 123804)
(44237, 56346, 23212, 123795)
(44218, 56346, 23212, 123776)
(44195, 56346, 23212, 123753)
(44183, 56346, 23212, 123741)
(44179, 56346, 23212, 123737)
(44156, 56346, 23212, 123714)
(44146, 56346, 23212, 123704)
(44121, 56346, 23212, 123679)
(44100, 56346, 23212, 123658)
(44078, 56346, 23212, 123636)
(44075, 56346, 23212, 123633)
(44062, 56346, 23212, 123620)
(44039, 56346, 23212, 123597)
(44017, 56346, 23212, 123575)
(43995, 56346, 23212, 123553)
(43972, 56346, 23212, 123530)
(43960, 56346, 23212, 123518)
(43942, 56346, 23212, 123500)
(43923, 56346, 23212, 123481)
(43916, 56346, 23212, 123474)
(43873, 56346, 23212, 123431)
(43851, 56346, 23212, 123409)
(43834, 56346, 23212, 123392)
(43827, 56346, 23212, 123385)
(43807, 56346, 23212, 123365)
(43780, 56346, 23212, 123338)
(43771, 56346, 23212, 123329)
(43762, 56346, 23212, 123320)
(43734, 56346, 23212, 123292)
(43713, 56346, 23212, 123271)
(43694, 56346, 23212, 123252)
(43680, 56346, 23212, 123238)
(43660, 56346, 23212, 123218)
(43652, 56346, 23212, 123210)
(43617, 56346, 23212, 123175)
(43592, 56346, 23212, 123150)
(43561, 56346, 23212, 123119)
(43547, 56346, 23212, 123105)
(43528, 56346, 23212, 123086)
(43494, 56346, 23212, 123052)
(43471, 56346, 23212, 123029)
(43441, 56346, 23212, 122999)
(43422, 56346, 23212, 122980)
(43391, 56346, 23212, 122949)
(43367, 56346, 23212, 122925)
(43345, 56346, 23212, 122903)
(43332, 56346, 23212, 122890)
(43298, 56346, 23212, 122856)
(43271, 56346, 23212, 122829)
(43242, 56346, 23212, 122800)
(43218, 56346, 23212, 122776)
(43209, 56346, 23212, 122767)
(43181, 56346, 23212, 122739)
(43148, 56346, 23212, 122706)
(43121, 56346, 23212, 122679)
(43114, 56346, 23212, 122672)
(43107, 56346, 23212, 122665)
(43065, 56346, 23212, 122623)
(43031, 56346, 23212, 122589)
(42997, 56346, 23212, 122555)
(42985, 56346, 23212, 122543)
(42955, 56346, 23212, 122513)
(42926, 56346, 23212, 122484)
(42915, 56346, 23212, 122473)
(42882, 56346, 23212, 122440)
(42866, 56346, 23212, 122424)
(42838, 56346, 23212, 122396)
(42813, 56346, 23212, 122371)
(42776, 56346, 23212, 122334)
(42753, 56346, 23212, 122311)
(42730, 56346, 23212, 122288)
(42719, 56346, 23212, 122277)
(42686, 56346, 23212, 122244)
(42655, 56346, 23212, 122213)
(42615, 56346, 23212, 122173)
(42606, 56346, 23212, 122164)
(42570, 56346, 23212, 122128)
(42552, 56346, 23212, 122110)
(42530, 56346, 23212, 122088)
(42517, 56346, 23212, 122075)
(42494, 56346, 23212, 122052)
(42466, 56346, 23212, 122024)
(42436, 56346, 23212, 121994)
(42412, 56346, 23212, 121970)
(42384, 56346, 23212, 121942)
(42357, 56346, 23212, 121915)
(42338, 56346, 23212, 121896)
(42322, 56346, 23212, 121880)
(42307, 56346, 23212, 121865)
(42280, 56346, 23212, 121838)
(42250, 56346, 23212, 121808)
(42225, 56346, 23212, 121783)
(42208, 56346, 23212, 121766)
(42192, 56346, 23212, 121750)
(42170, 56346, 23212, 121728)
(42156, 56346, 23212, 121714)
(42133, 56346, 23212, 121691)
(42113, 56346, 23212, 121671)
(42089, 56346, 23212, 121647)
(42065, 56346, 23212, 121623)
(42042, 56346, 23212, 121600)
(42010, 56346, 23212, 121568)
(41996, 56346, 23212, 121554)
(41984, 56346, 23212, 121542)
(41982, 56346, 23212, 121540)
(41958, 56346, 23212, 121516)
(41930, 56346, 23212, 121488)
(41908, 56346, 23212, 121466)
(41898, 56346, 23212, 121456)
(41878, 56346, 23212, 121436)
(41845, 56346, 23212, 121403)
(41811, 56346, 23212, 121369)
(41791, 56346, 23212, 121349)
(41780, 56346, 23212, 121338)
(41742, 56346, 23212, 121300)
(41715, 56346, 23212, 121273)
(41688, 56346, 23212, 121246)
(41663, 56346, 23212, 121221)
(41651, 56346, 23212, 121209)
(41632, 56346, 23212, 121190)
(41611, 56346, 23212, 121169)
(41586, 56346, 23212, 121144)
(41568, 56346, 23212, 121126)
(41563, 56346, 23212, 121121)
(41521, 56346, 23212, 121079)
(41495, 56346, 23212, 121053)
(41494, 56346, 23212, 121052)
(41470, 56346, 23212, 121028)
(41453, 56346, 23212, 121011)
(41424, 56346, 23212, 120982)
(41384, 56346, 23212, 120942)
(41350, 56346, 23212, 120908)
(41325, 56346, 23212, 120883)
(41307, 56346, 23212, 120865)
(41293, 56346, 23212, 120851)
(41279, 56346, 23212, 120837)
(41259, 56346, 23212, 120817)
(41234, 56346, 23212, 120792)
(41204, 56346, 23212, 120762)
(41173, 56346, 23212, 120731)
(41154, 56346, 23212, 120712)
(41151, 56346, 23212, 120709)
(41124, 56346, 23212, 120682)
(41107, 56346, 23212, 120665)
(41077, 56346, 23212, 120635)
(41056, 56346, 23212, 120614)
