(122661, 122434, 29101, 274196)
(118671, 125548, 29101, 273320)
(116252, 127046, 29101, 272399)
(111081, 131094, 29101, 271276)
(110191, 131052, 29101, 270344)
(102958, 135734, 29101, 267793)
(99156, 138336, 29101, 266593)
(97236, 139744, 29101, 266081)
(95724, 140894, 29101, 265719)
(88761, 146620, 29101, 264482)
(244910, 20130, 17352, 282392)
(237938, 25506, 17352, 280796)
(235407, 26950, 17352, 279709)
(235407, 26950, 17352, 279709)
(118361, 127956, 28136, 274453)
(111317, 132514, 28136, 271967)
(108821, 133772, 28136, 270729)
(104903, 136374, 28136, 269413)
(104735, 136374, 28136, 269245)
(101167, 138634, 28136, 267937)
(250948, 16744, 19385, 287077)
(242194, 24636, 18970, 285800)
(239335, 26742, 19385, 285462)
(233364, 31722, 18970, 284056)
(233252, 31722, 18970, 283944)
(231555, 32768, 18970, 283293)
(226396, 36828, 18970, 282194)
(228889, 34252, 18970, 282111)
(218779, 43032, 18970, 280781)
(118444, 127638, 28136, 274218)
(127398, 121890, 28136, 277424)
