(73182, 82436, 25365, 180983)
(70851, 84088, 25365, 180304)
(66314, 86615, 25365, 178294)
(62879, 89603, 25365, 177847)
(58101, 92811, 25365, 176277)
(58059, 92811, 25365, 176235)
(53186, 96921, 25365, 175472)
(48408, 100129, 25365, 173902)
(43902, 103093, 25365, 172360)
(40283, 106279, 25365, 171927)
(145272, 26616, 12574, 184462)
(145572, 25702, 12577, 183851)
(141429, 28672, 12574, 182675)
(136632, 32884, 12574, 182090)
(71372, 82782, 26788, 180942)
(64136, 88834, 26788, 179758)
(60061, 91210, 26788, 178059)
(61701, 89560, 26788, 178049)
(54012, 95710, 26788, 176510)
(51296, 97083, 26788, 175167)
(155496, 18542, 13637, 187675)
(151036, 21806, 13637, 186479)
(148339, 23630, 13637, 185606)
(150737, 20624, 13102, 184463)
(146458, 23704, 13102, 183264)
(145333, 24462, 13102, 182897)
(143912, 25512, 13102, 182526)
(141098, 27642, 13102, 181842)
(138286, 29316, 13102, 180704)
(66561, 85998, 26788, 179347)
(167254, 11100, 6339, 184693)
(165346, 12720, 6339, 184405)
(163163, 13546, 6339, 183048)
(159442, 16700, 6339, 182481)
(157450, 17450, 6339, 181239)
(155587, 19070, 6339, 180996)
(154830, 19286, 6339, 180455)
(153608, 19904, 6339, 179851)
(151158, 21738, 6339, 179235)
(151141, 21738, 6339, 179218)
(151085, 21774, 14510, 187369)
(149325, 22934, 14510, 186769)
(148820, 23174, 14510, 186504)
(147347, 24042, 14510, 185899)
(77875, 78266, 26788, 182929)
