(122698, 120490, 34285, 277473)
(122675, 120490, 34285, 277450)
(122639, 120490, 34285, 277414)
(122611, 120490, 34285, 277386)
(122596, 120490, 34285, 277371)
(122574, 120490, 34285, 277349)
(122550, 120490, 34285, 277325)
(122534, 120490, 34285, 277309)
(122497, 120490, 34285, 277272)
(122474, 120490, 34285, 277249)
(122457, 120490, 34285, 277232)
(122434, 120490, 34285, 277209)
(122396, 120490, 34285, 277171)
(122360, 120490, 34285, 277135)
(122321, 120490, 34285, 277096)
(122300, 120490, 34285, 277075)
(122273, 120490, 34285, 277048)
(122264, 120490, 34285, 277039)
(122225, 120490, 34285, 277000)
(122213, 120490, 34285, 276988)
(122169, 120490, 34285, 276944)
(122140, 120490, 34285, 276915)
(122126, 120490, 34285, 276901)
(122082, 120490, 34285, 276857)
(122071, 120490, 34285, 276846)
(122068, 120490, 34285, 276843)
(122062, 120490, 34285, 276837)
(122047, 120490, 34285, 276822)
(122031, 120490, 34285, 276806)
(122008, 120490, 34285, 276783)
(121995, 120490, 34285, 276770)
(121982, 120490, 34285, 276757)
(121965, 120490, 34285, 276740)
(121944, 120490, 34285, 276719)
(121924, 120490, 34285, 276699)
(121894, 120490, 34285, 276669)
(121874, 120490, 34285, 276649)
(121846, 120490, 34285, 276621)
(121821, 120490, 34285, 276596)
(121792, 120490, 34285, 276567)
(121760, 120490, 34285, 276535)
(121720, 120490, 34285, 276495)
(121689, 120490, 34285, 276464)
(121664, 120490, 34285, 276439)
(121622, 120490, 34285, 276397)
(121590, 120490, 34285, 276365)
(121544, 120490, 34285, 276319)
(121520, 120490, 34285, 276295)
(121472, 120490, 34285, 276247)
(121434, 120490, 34285, 276209)
(121397, 120490, 34285, 276172)
(121372, 120490, 34285, 276147)
(121334, 120490, 34285, 276109)
(121303, 120490, 34285, 276078)
(121279, 120490, 34285, 276054)
(121249, 120490, 34285, 276024)
(121218, 120490, 34285, 275993)
(121198, 120490, 34285, 275973)
(121169, 120490, 34285, 275944)
(121125, 120490, 34285, 275900)
(121102, 120490, 34285, 275877)
(121071, 120490, 34285, 275846)
(121054, 120490, 34285, 275829)
(121041, 120490, 34285, 275816)
(121034, 120490, 34285, 275809)
(121015, 120490, 34285, 275790)
(121002, 120490, 34285, 275777)
(120961, 120490, 34285, 275736)
(120918, 120490, 34285, 275693)
(120873, 120490, 34285, 275648)
(120842, 120490, 34285, 275617)
(120813, 120490, 34285, 275588)
(120791, 120490, 34285, 275566)
(120757, 120490, 34285, 275532)
(120738, 120490, 34285, 275513)
(120692, 120490, 34285, 275467)
(120686, 120490, 34285, 275461)
(120656, 120490, 34285, 275431)
(120606, 120490, 34285, 275381)
(120576, 120490, 34285, 275351)
(120549, 120490, 34285, 275324)
(120517, 120490, 34285, 275292)
(120507, 120490, 34285, 275282)
(120480, 120490, 34285, 275255)
(120454, 120490, 34285, 275229)
(120414, 120490, 34285, 275189)
(120372, 120490, 34285, 275147)
(120327, 120490, 34285, 275102)
(120286, 120490, 34285, 275061)
(120246, 120490, 34285, 275021)
(120211, 120490, 34285, 274986)
(120196, 120490, 34285, 274971)
(120155, 120490, 34285, 274930)
(120113, 120490, 34285, 274888)
(120080, 120490, 34285, 274855)
(120047, 120490, 34285, 274822)
(120001, 120490, 34285, 274776)
(119968, 120490, 34285, 274743)
(119938, 120490, 34285, 274713)
(119903, 120490, 34285, 274678)
(119863, 120490, 34285, 274638)
(119848, 120490, 34285, 274623)
(119838, 120490, 34285, 274613)
(119815, 120490, 34285, 274590)
(119790, 120490, 34285, 274565)
(119748, 120490, 34285, 274523)
(119706, 120490, 34285, 274481)
(119684, 120490, 34285, 274459)
(119654, 120490, 34285, 274429)
(119629, 120490, 34285, 274404)
(119616, 120490, 34285, 274391)
(119593, 120490, 34285, 274368)
(119556, 120490, 34285, 274331)
(119539, 120490, 34285, 274314)
(119512, 120490, 34285, 274287)
(119492, 120490, 34285, 274267)
(119466, 120490, 34285, 274241)
(119425, 120490, 34285, 274200)
(119402, 120490, 34285, 274177)
(119392, 120490, 34285, 274167)
(119350, 120490, 34285, 274125)
(119324, 120490, 34285, 274099)
(119295, 120490, 34285, 274070)
(119282, 120490, 34285, 274057)
(119260, 120490, 34285, 274035)
(119218, 120490, 34285, 273993)
(119180, 120490, 34285, 273955)
(119155, 120490, 34285, 273930)
(119129, 120490, 34285, 273904)
(119097, 120490, 34285, 273872)
(119092, 120490, 34285, 273867)
(119074, 120490, 34285, 273849)
(119072, 120490, 34285, 273847)
(119062, 120490, 34285, 273837)
(119019, 120490, 34285, 273794)
(118988, 120490, 34285, 273763)
(118965, 120490, 34285, 273740)
(118943, 120490, 34285, 273718)
(118925, 120490, 34285, 273700)
(118894, 120490, 34285, 273669)
(118874, 120490, 34285, 273649)
(118847, 120490, 34285, 273622)
(118819, 120490, 34285, 273594)
(118777, 120490, 34285, 273552)
(118742, 120490, 34285, 273517)
(118706, 120490, 34285, 273481)
(118678, 120490, 34285, 273453)
(118657, 120490, 34285, 273432)
(118629, 120490, 34285, 273404)
(118593, 120490, 34285, 273368)
(118552, 120490, 34285, 273327)
(118541, 120490, 34285, 273316)
(118497, 120490, 34285, 273272)
(118466, 120490, 34285, 273241)
(118436, 120490, 34285, 273211)
(118402, 120490, 34285, 273177)
(118389, 120490, 34285, 273164)
(118350, 120490, 34285, 273125)
(118324, 120490, 34285, 273099)
(118316, 120490, 34285, 273091)
(118303, 120490, 34285, 273078)
(118271, 120490, 34285, 273046)
(118247, 120490, 34285, 273022)
(118211, 120490, 34285, 272986)
(118191, 120490, 34285, 272966)
(118150, 120490, 34285, 272925)
(118100, 120490, 34285, 272875)
(118093, 120490, 34285, 272868)
(118069, 120490, 34285, 272844)
(118033, 120490, 34285, 272808)
(117989, 120490, 34285, 272764)
(117966, 120490, 34285, 272741)
(117959, 120490, 34285, 272734)
(117955, 120490, 34285, 272730)
(117915, 120490, 34285, 272690)
(117900, 120490, 34285, 272675)
(117862, 120490, 34285, 272637)
(117857, 120490, 34285, 272632)
(117836, 120490, 34285, 272611)
(117801, 120490, 34285, 272576)
(117789, 120490, 34285, 272564)
(117760, 120490, 34285, 272535)
(117748, 120490, 34285, 272523)
(117721, 120490, 34285, 272496)
(117692, 120490, 34285, 272467)
(117666, 120490, 34285, 272441)
(117631, 120490, 34285, 272406)
(117610, 120490, 34285, 272385)
(117584, 120490, 34285, 272359)
(117542, 120490, 34285, 272317)
(117528, 120490, 34285, 272303)
(117524, 120490, 34285, 272299)
(117506, 120490, 34285, 272281)
(117469, 120490, 34285, 272244)
(117448, 120490, 34285, 272223)
(117432, 120490, 34285, 272207)
(117399, 120490, 34285, 272174)
(117361, 120490, 34285, 272136)
(117326, 120490, 34285, 272101)
(117305, 120490, 34285, 272080)
(117280, 120490, 34285, 272055)
(117240, 120490, 34285, 272015)
(117231, 120490, 34285, 272006)
(117204, 120490, 34285, 271979)
(117174, 120490, 34285, 271949)
(117157, 120490, 34285, 271932)
(117114, 120490, 34285, 271889)
(117089, 120490, 34285, 271864)
(117058, 120490, 34285, 271833)
(117037, 120490, 34285, 271812)
(117011, 120490, 34285, 271786)
(117008, 120490, 34285, 271783)
(116967, 120490, 34285, 271742)
(116917, 120490, 34285, 271692)
(116885, 120490, 34285, 271660)
(116862, 120490, 34285, 271637)
(116822, 120490, 34285, 271597)
(116784, 120490, 34285, 271559)
(116760, 120490, 34285, 271535)
(116713, 120490, 34285, 271488)
(116687, 120490, 34285, 271462)
(116661, 120490, 34285, 271436)
(116641, 120490, 34285, 271416)
(116627, 120490, 34285, 271402)
(116583, 120490, 34285, 271358)
(116579, 120490, 34285, 271354)
(116572, 120490, 34285, 271347)
(116565, 120490, 34285, 271340)
(116523, 120490, 34285, 271298)
(116491, 120490, 34285, 271266)
(116466, 120490, 34285, 271241)
(116420, 120490, 34285, 271195)
(116377, 120490, 34285, 271152)
(116339, 120490, 34285, 271114)
(116320, 120490, 34285, 271095)
(116295, 120490, 34285, 271070)
(116284, 120490, 34285, 271059)
(116269, 120490, 34285, 271044)
(116258, 120490, 34285, 271033)
(116228, 120490, 34285, 271003)
(116209, 120490, 34285, 270984)
(116190, 120490, 34285, 270965)
(116160, 120490, 34285, 270935)
(116122, 120490, 34285, 270897)
(116108, 120490, 34285, 270883)
(116095, 120490, 34285, 270870)
(116069, 120490, 34285, 270844)
(116046, 120490, 34285, 270821)
(116010, 120490, 34285, 270785)
(115980, 120490, 34285, 270755)
(115965, 120490, 34285, 270740)
(115947, 120490, 34285, 270722)
(115921, 120490, 34285, 270696)
(115883, 120490, 34285, 270658)
(115867, 120490, 34285, 270642)
(115838, 120490, 34285, 270613)
(115817, 120490, 34285, 270592)
(115785, 120490, 34285, 270560)
(115742, 120490, 34285, 270517)
(115705, 120490, 34285, 270480)
(115699, 120490, 34285, 270474)
(115687, 120490, 34285, 270462)
(115662, 120490, 34285, 270437)
(115652, 120490, 34285, 270427)
(115624, 120490, 34285, 270399)
(115597, 120490, 34285, 270372)
(115581, 120490, 34285, 270356)
(115561, 120490, 34285, 270336)
(115538, 120490, 34285, 270313)
(115522, 120490, 34285, 270297)
(115513, 120490, 34285, 270288)
(115478, 120490, 34285, 270253)
(115460, 120490, 34285, 270235)
(115437, 120490, 34285, 270212)
(115430, 120490, 34285, 270205)
(115405, 120490, 34285, 270180)
(115394, 120490, 34285, 270169)
(115356, 120490, 34285, 270131)
(115333, 120490, 34285, 270108)
(115305, 120490, 34285, 270080)
(115284, 120490, 34285, 270059)
(115254, 120490, 34285, 270029)
(115227, 120490, 34285, 270002)
(115219, 120490, 34285, 269994)
(115193, 120490, 34285, 269968)
(115183, 120490, 34285, 269958)
(115154, 120490, 34285, 269929)
(115121, 120490, 34285, 269896)
(115074, 120490, 34285, 269849)
(115040, 120490, 34285, 269815)
(115026, 120490, 34285, 269801)
(114981, 120490, 34285, 269756)
(114978, 120490, 34285, 269753)
(114975, 120490, 34285, 269750)
(114949, 120490, 34285, 269724)
(114932, 120490, 34285, 269707)
(114865, 120490, 34285, 269640)
(114849, 120490, 34285, 269624)
(114834, 120490, 34285, 269609)
(114807, 120490, 34285, 269582)
(114775, 120490, 34285, 269550)
(114725, 120490, 34285, 269500)
(114707, 120490, 34285, 269482)
(114671, 120490, 34285, 269446)
(114638, 120490, 34285, 269413)
(114608, 120490, 34285, 269383)
(114590, 120490, 34285, 269365)
(114575, 120490, 34285, 269350)
(114546, 120490, 34285, 269321)
(114534, 120490, 34285, 269309)
(114502, 120490, 34285, 269277)
(114473, 120490, 34285, 269248)
(114439, 120490, 34285, 269214)
(114410, 120490, 34285, 269185)
(114377, 120490, 34285, 269152)
(114357, 120490, 34285, 269132)
(114327, 120490, 34285, 269102)
(114306, 120490, 34285, 269081)
(114278, 120490, 34285, 269053)
(114261, 120490, 34285, 269036)
(114237, 120490, 34285, 269012)
(114196, 120490, 34285, 268971)
(114179, 120490, 34285, 268954)
(114138, 120490, 34285, 268913)
(114093, 120490, 34285, 268868)
(114058, 120490, 34285, 268833)
(114025, 120490, 34285, 268800)
(113985, 120490, 34285, 268760)
(113938, 120490, 34285, 268713)
(113926, 120490, 34285, 268701)
(113891, 120490, 34285, 268666)
(113877, 120490, 34285, 268652)
(113868, 120490, 34285, 268643)
(113846, 120490, 34285, 268621)
(113831, 120490, 34285, 268606)
(113808, 120490, 34285, 268583)
(113779, 120490, 34285, 268554)
(113771, 120490, 34285, 268546)
(113749, 120490, 34285, 268524)
(113716, 120490, 34285, 268491)
(113676, 120490, 34285, 268451)
(113642, 120490, 34285, 268417)
(113609, 120490, 34285, 268384)
(113603, 120490, 34285, 268378)
(113593, 120490, 34285, 268368)
(113560, 120490, 34285, 268335)
(113524, 120490, 34285, 268299)
(113499, 120490, 34285, 268274)
(113467, 120490, 34285, 268242)
(113431, 120490, 34285, 268206)
(113409, 120490, 34285, 268184)
(113368, 120490, 34285, 268143)
(113344, 120490, 34285, 268119)
(113319, 120490, 34285, 268094)
(113287, 120490, 34285, 268062)
(113269, 120490, 34285, 268044)
(113244, 120490, 34285, 268019)
(113215, 120490, 34285, 267990)
(113202, 120490, 34285, 267977)
(113177, 120490, 34285, 267952)
(113152, 120490, 34285, 267927)
(113113, 120490, 34285, 267888)
(113088, 120490, 34285, 267863)
(113058, 120490, 34285, 267833)
(113042, 120490, 34285, 267817)
(113028, 120490, 34285, 267803)
(113001, 120490, 34285, 267776)
(112985, 120490, 34285, 267760)
(112959, 120490, 34285, 267734)
(112938, 120490, 34285, 267713)
(112906, 120490, 34285, 267681)
(112877, 120490, 34285, 267652)
(112851, 120490, 34285, 267626)
(112819, 120490, 34285, 267594)
(112806, 120490, 34285, 267581)
(112789, 120490, 34285, 267564)
(112755, 120490, 34285, 267530)
(112753, 120490, 34285, 267528)
(112738, 120490, 34285, 267513)
(112724, 120490, 34285, 267499)
(112694, 120490, 34285, 267469)
(112678, 120490, 34285, 267453)
(112667, 120490, 34285, 267442)
(112628, 120490, 34285, 267403)
(112600, 120490, 34285, 267375)
(112586, 120490, 34285, 267361)
(112548, 120490, 34285, 267323)
(112512, 120490, 34285, 267287)
(112491, 120490, 34285, 267266)
(112469, 120490, 34285, 267244)
(112451, 120490, 34285, 267226)
(112408, 120490, 34285, 267183)
(112398, 120490, 34285, 267173)
(112363, 120490, 34285, 267138)
(112333, 120490, 34285, 267108)
(112308, 120490, 34285, 267083)
(112297, 120490, 34285, 267072)
(112267, 120490, 34285, 267042)
(112227, 120490, 34285, 267002)
(112187, 120490, 34285, 266962)
(112144, 120490, 34285, 266919)
(112103, 120490, 34285, 266878)
(112057, 120490, 34285, 266832)
(112019, 120490, 34285, 266794)
(111997, 120490, 34285, 266772)
(111967, 120490, 34285, 266742)
(111950, 120490, 34285, 266725)
(111947, 120490, 34285, 266722)
(111923, 120490, 34285, 266698)
(111886, 120490, 34285, 266661)
(111857, 120490, 34285, 266632)
(111828, 120490, 34285, 266603)
(111808, 120490, 34285, 266583)
(111786, 120490, 34285, 266561)
(111762, 120490, 34285, 266537)
(111746, 120490, 34285, 266521)
(111730, 120490, 34285, 266505)
(111695, 120490, 34285, 266470)
(111670, 120490, 34285, 266445)
(111634, 120490, 34285, 266409)
(111628, 120490, 34285, 266403)
(111614, 120490, 34285, 266389)
(111606, 120490, 34285, 266381)
(111586, 120490, 34285, 266361)
(111568, 120490, 34285, 266343)
(111551, 120490, 34285, 266326)
(111517, 120490, 34285, 266292)
(111492, 120490, 34285, 266267)
(111475, 120490, 34285, 266250)
(111445, 120490, 34285, 266220)
(111405, 120490, 34285, 266180)
(111362, 120490, 34285, 266137)
(111350, 120490, 34285, 266125)
(111321, 120490, 34285, 266096)
(111295, 120490, 34285, 266070)
(111266, 120490, 34285, 266041)
(111239, 120490, 34285, 266014)
(111212, 120490, 34285, 265987)
(111191, 120490, 34285, 265966)
(111163, 120490, 34285, 265938)
(111149, 120490, 34285, 265924)
(111122, 120490, 34285, 265897)
(111103, 120490, 34285, 265878)
(111078, 120490, 34285, 265853)
(111044, 120490, 34285, 265819)
(111013, 120490, 34285, 265788)
(110976, 120490, 34285, 265751)
(110957, 120490, 34285, 265732)
(110946, 120490, 34285, 265721)
(110910, 120490, 34285, 265685)
(110882, 120490, 34285, 265657)
(110847, 120490, 34285, 265622)
(110840, 120490, 34285, 265615)
(110804, 120490, 34285, 265579)
(110775, 120490, 34285, 265550)
(110736, 120490, 34285, 265511)
(110704, 120490, 34285, 265479)
(110674, 120490, 34285, 265449)
(110650, 120490, 34285, 265425)
(110627, 120490, 34285, 265402)
(110592, 120490, 34285, 265367)
(110560, 120490, 34285, 265335)
(110543, 120490, 34285, 265318)
(110502, 120490, 34285, 265277)
(110494, 120490, 34285, 265269)
(110463, 120490, 34285, 265238)
(110432, 120490, 34285, 265207)
(110399, 120490, 34285, 265174)
(110366, 120490, 34285, 265141)
(110315, 120490, 34285, 265090)
(110263, 120490, 34285, 265038)
(110249, 120490, 34285, 265024)
(110202, 120490, 34285, 264977)
(110180, 120490, 34285, 264955)
(110118, 120490, 34285, 264893)
(110082, 120490, 34285, 264857)
(110079, 120490, 34285, 264854)
(110051, 120490, 34285, 264826)
(110025, 120490, 34285, 264800)
(109994, 120490, 34285, 264769)
(109974, 120490, 34285, 264749)
(109963, 120490, 34285, 264738)
(109957, 120490, 34285, 264732)
(109929, 120490, 34285, 264704)
(109910, 120490, 34285, 264685)
(109884, 120490, 34285, 264659)
(109871, 120490, 34285, 264646)
(109865, 120490, 34285, 264640)
(109830, 120490, 34285, 264605)
(109808, 120490, 34285, 264583)
(109774, 120490, 34285, 264549)
(109737, 120490, 34285, 264512)
(109720, 120490, 34285, 264495)
(109702, 120490, 34285, 264477)
(109665, 120490, 34285, 264440)
(109652, 120490, 34285, 264427)
(109625, 120490, 34285, 264400)
(109616, 120490, 34285, 264391)
(109597, 120490, 34285, 264372)
(109568, 120490, 34285, 264343)
(109539, 120490, 34285, 264314)
(109523, 120490, 34285, 264298)
(109504, 120490, 34285, 264279)
(109490, 120490, 34285, 264265)
(109446, 120490, 34285, 264221)
(109412, 120490, 34285, 264187)
(109386, 120490, 34285, 264161)
(109355, 120490, 34285, 264130)
(109316, 120490, 34285, 264091)
(109294, 120490, 34285, 264069)
(109269, 120490, 34285, 264044)
(109239, 120490, 34285, 264014)
(109231, 120490, 34285, 264006)
(109195, 120490, 34285, 263970)
(109173, 120490, 34285, 263948)
(109153, 120490, 34285, 263928)
(109144, 120490, 34285, 263919)
(109112, 120490, 34285, 263887)
(109062, 120490, 34285, 263837)
(109020, 120490, 34285, 263795)
(108976, 120490, 34285, 263751)
(108941, 120490, 34285, 263716)
(108903, 120490, 34285, 263678)
(108868, 120490, 34285, 263643)
(108859, 120490, 34285, 263634)
(108856, 120490, 34285, 263631)
(108823, 120490, 34285, 263598)
(108785, 120490, 34285, 263560)
(108754, 120490, 34285, 263529)
(108716, 120490, 34285, 263491)
(108673, 120490, 34285, 263448)
(108643, 120490, 34285, 263418)
(108616, 120490, 34285, 263391)
(108607, 120490, 34285, 263382)
(108576, 120490, 34285, 263351)
(108567, 120490, 34285, 263342)
(108522, 120490, 34285, 263297)
(108489, 120490, 34285, 263264)
(108487, 120490, 34285, 263262)
(108455, 120490, 34285, 263230)
(108415, 120490, 34285, 263190)
(108392, 120490, 34285, 263167)
(108375, 120490, 34285, 263150)
(108349, 120490, 34285, 263124)
(108309, 120490, 34285, 263084)
(108264, 120490, 34285, 263039)
(108254, 120490, 34285, 263029)
(108247, 120490, 34285, 263022)
(108215, 120490, 34285, 262990)
(108189, 120490, 34285, 262964)
(108178, 120490, 34285, 262953)
(108164, 120490, 34285, 262939)
(108134, 120490, 34285, 262909)
(108092, 120490, 34285, 262867)
(108067, 120490, 34285, 262842)
(108058, 120490, 34285, 262833)
(108048, 120490, 34285, 262823)
(108039, 120490, 34285, 262814)
(108025, 120490, 34285, 262800)
(107986, 120490, 34285, 262761)
(107963, 120490, 34285, 262738)
(107945, 120490, 34285, 262720)
(107916, 120490, 34285, 262691)
(107897, 120490, 34285, 262672)
(107857, 120490, 34285, 262632)
(107834, 120490, 34285, 262609)
