(97824, 100124, 29759, 227707)
(90689, 104712, 29759, 225160)
(85696, 108158, 29759, 223613)
(83250, 110472, 29759, 223481)
(80262, 112700, 29759, 222721)
(77731, 114008, 29759, 221498)
(75281, 115252, 29759, 220292)
(73161, 117278, 29759, 220198)
(70873, 118306, 29759, 218938)
(70703, 118306, 29759, 218768)
(191129, 25712, 14443, 231284)
(185378, 30349, 14443, 230170)
(181102, 33971, 14443, 229516)
(176609, 37693, 14443, 228745)
(96282, 101460, 29759, 227501)
(93721, 102548, 29759, 226028)
(87399, 107682, 29759, 224840)
(86371, 108162, 29759, 224292)
(83365, 110404, 29759, 223528)
(77079, 115508, 29759, 222346)
(207415, 15456, 9155, 232026)
(205558, 17001, 9155, 231714)
(203703, 18308, 9155, 231166)
(199363, 22130, 9155, 230648)
(199363, 22130, 9155, 230648)
(195237, 25360, 9155, 229752)
(191754, 27346, 9155, 228255)
(191624, 27346, 9155, 228125)
(185981, 31548, 9155, 226684)
(179554, 35780, 9155, 224489)
(184119, 33016, 18420, 235555)
(183814, 32584, 18420, 234818)
(180658, 35328, 18420, 234406)
(180542, 34622, 18420, 233584)
(174719, 38632, 18420, 231771)
(174719, 38632, 18420, 231771)
(169378, 43748, 18420, 231546)
(170105, 42047, 18420, 230572)
(166480, 44729, 18420, 229629)
(102386, 96934, 29759, 229079)
