(120155, 126214, 30817, 277186)
(117943, 126932, 30817, 275692)
(112108, 130096, 30817, 273021)
(112046, 130096, 30817, 272959)
(105046, 134334, 30817, 270197)
(97232, 140680, 30817, 268729)
(97047, 140680, 30817, 268544)
(90363, 145852, 30817, 267032)
(84810, 150916, 30817, 266543)
(84756, 149754, 30817, 265327)
(230571, 34103, 16425, 281099)
(227450, 36418, 15709, 279577)
(224168, 37867, 16425, 278460)
(224168, 37867, 16425, 278460)
(108150, 132392, 30817, 271359)
(99452, 138424, 30817, 268693)
(95888, 140948, 30817, 267653)
(93940, 141812, 30817, 266569)
(90403, 144336, 30817, 265556)
(88523, 145800, 30817, 265140)
(238983, 25926, 13364, 278273)
(241588, 22752, 13364, 277704)
(234013, 29508, 13364, 276885)
(227283, 35378, 13364, 276025)
(227208, 35378, 13364, 275950)
(224583, 37790, 13364, 275737)
(217421, 43398, 13364, 274183)
(213384, 46110, 13364, 272858)
(209826, 49192, 13364, 272382)
(209826, 49192, 13364, 272382)
(123845, 123262, 30817, 277924)
