(124878, 114444, 33206, 272528)
(124842, 114444, 33206, 272492)
(124798, 114444, 33206, 272448)
(124771, 114444, 33206, 272421)
(124730, 114444, 33206, 272380)
(124690, 114444, 33206, 272340)
(124653, 114444, 33206, 272303)
(124631, 114444, 33206, 272281)
(124586, 114444, 33206, 272236)
(124570, 114444, 33206, 272220)
(124559, 114444, 33206, 272209)
(124511, 114444, 33206, 272161)
(124487, 114444, 33206, 272137)
(124481, 114444, 33206, 272131)
(124453, 114444, 33206, 272103)
(124414, 114444, 33206, 272064)
(124377, 114444, 33206, 272027)
(124345, 114444, 33206, 271995)
(124339, 114444, 33206, 271989)
(124297, 114444, 33206, 271947)
(124270, 114444, 33206, 271920)
(124222, 114444, 33206, 271872)
(124168, 114444, 33206, 271818)
(124152, 114444, 33206, 271802)
(124137, 114444, 33206, 271787)
(124121, 114444, 33206, 271771)
(124119, 114444, 33206, 271769)
(124094, 114444, 33206, 271744)
(124081, 114444, 33206, 271731)
(124065, 114444, 33206, 271715)
(124047, 114444, 33206, 271697)
(124026, 114444, 33206, 271676)
(123993, 114444, 33206, 271643)
(123950, 114444, 33206, 271600)
(123920, 114444, 33206, 271570)
(123885, 114444, 33206, 271535)
(123845, 114444, 33206, 271495)
(123833, 114444, 33206, 271483)
(123810, 114444, 33206, 271460)
(123789, 114444, 33206, 271439)
(123754, 114444, 33206, 271404)
(123708, 114444, 33206, 271358)
(123675, 114444, 33206, 271325)
(123648, 114444, 33206, 271298)
(123620, 114444, 33206, 271270)
(123572, 114444, 33206, 271222)
(123534, 114444, 33206, 271184)
(123506, 114444, 33206, 271156)
(123488, 114444, 33206, 271138)
(123463, 114444, 33206, 271113)
(123426, 114444, 33206, 271076)
(123402, 114444, 33206, 271052)
(123372, 114444, 33206, 271022)
(123335, 114444, 33206, 270985)
(123306, 114444, 33206, 270956)
(123276, 114444, 33206, 270926)
(123242, 114444, 33206, 270892)
(123213, 114444, 33206, 270863)
(123173, 114444, 33206, 270823)
(123149, 114444, 33206, 270799)
(123112, 114444, 33206, 270762)
(123098, 114444, 33206, 270748)
(123089, 114444, 33206, 270739)
(123070, 114444, 33206, 270720)
(123060, 114444, 33206, 270710)
(123018, 114444, 33206, 270668)
(123000, 114444, 33206, 270650)
(122960, 114444, 33206, 270610)
(122932, 114444, 33206, 270582)
(122889, 114444, 33206, 270539)
(122857, 114444, 33206, 270507)
(122812, 114444, 33206, 270462)
(122768, 114444, 33206, 270418)
(122738, 114444, 33206, 270388)
(122709, 114444, 33206, 270359)
(122683, 114444, 33206, 270333)
(122635, 114444, 33206, 270285)
(122601, 114444, 33206, 270251)
(122562, 114444, 33206, 270212)
(122515, 114444, 33206, 270165)
(122494, 114444, 33206, 270144)
(122488, 114444, 33206, 270138)
(122461, 114444, 33206, 270111)
(122439, 114444, 33206, 270089)
(122421, 114444, 33206, 270071)
(122391, 114444, 33206, 270041)
(122368, 114444, 33206, 270018)
(122325, 114444, 33206, 269975)
(122301, 114444, 33206, 269951)
(122279, 114444, 33206, 269929)
(122269, 114444, 33206, 269919)
(122250, 114444, 33206, 269900)
(122223, 114444, 33206, 269873)
(122197, 114444, 33206, 269847)
(122188, 114444, 33206, 269838)
(122146, 114444, 33206, 269796)
(122124, 114444, 33206, 269774)
(122119, 114444, 33206, 269769)
(122077, 114444, 33206, 269727)
(122056, 114444, 33206, 269706)
(122045, 114444, 33206, 269695)
(122012, 114444, 33206, 269662)
(121979, 114444, 33206, 269629)
(121944, 114444, 33206, 269594)
(121916, 114444, 33206, 269566)
(121877, 114444, 33206, 269527)
(121840, 114444, 33206, 269490)
(121800, 114444, 33206, 269450)
(121757, 114444, 33206, 269407)
(121734, 114444, 33206, 269384)
(121692, 114444, 33206, 269342)
(121662, 114444, 33206, 269312)
(121621, 114444, 33206, 269271)
(121584, 114444, 33206, 269234)
(121548, 114444, 33206, 269198)
(121509, 114444, 33206, 269159)
(121487, 114444, 33206, 269137)
(121453, 114444, 33206, 269103)
(121421, 114444, 33206, 269071)
(121404, 114444, 33206, 269054)
(121378, 114444, 33206, 269028)
(121343, 114444, 33206, 268993)
(121333, 114444, 33206, 268983)
(121320, 114444, 33206, 268970)
(121278, 114444, 33206, 268928)
(121236, 114444, 33206, 268886)
(121207, 114444, 33206, 268857)
(121193, 114444, 33206, 268843)
(121167, 114444, 33206, 268817)
(121135, 114444, 33206, 268785)
(121112, 114444, 33206, 268762)
(121075, 114444, 33206, 268725)
(121045, 114444, 33206, 268695)
(121014, 114444, 33206, 268664)
(120972, 114444, 33206, 268622)
(120945, 114444, 33206, 268595)
(120922, 114444, 33206, 268572)
(120900, 114444, 33206, 268550)
(120866, 114444, 33206, 268516)
(120838, 114444, 33206, 268488)
(120806, 114444, 33206, 268456)
(120768, 114444, 33206, 268418)
(120739, 114444, 33206, 268389)
(120711, 114444, 33206, 268361)
(120690, 114444, 33206, 268340)
(120656, 114444, 33206, 268306)
(120637, 114444, 33206, 268287)
(120609, 114444, 33206, 268259)
(120567, 114444, 33206, 268217)
(120547, 114444, 33206, 268197)
(120507, 114444, 33206, 268157)
(120485, 114444, 33206, 268135)
(120449, 114444, 33206, 268099)
(120423, 114444, 33206, 268073)
(120404, 114444, 33206, 268054)
(120393, 114444, 33206, 268043)
(120352, 114444, 33206, 268002)
(120339, 114444, 33206, 267989)
(120295, 114444, 33206, 267945)
(120273, 114444, 33206, 267923)
(120255, 114444, 33206, 267905)
(120242, 114444, 33206, 267892)
(120203, 114444, 33206, 267853)
(120165, 114444, 33206, 267815)
(120148, 114444, 33206, 267798)
(120113, 114444, 33206, 267763)
(120081, 114444, 33206, 267731)
(120064, 114444, 33206, 267714)
(120035, 114444, 33206, 267685)
(120023, 114444, 33206, 267673)
(120008, 114444, 33206, 267658)
(119974, 114444, 33206, 267624)
(119953, 114444, 33206, 267603)
(119916, 114444, 33206, 267566)
(119875, 114444, 33206, 267525)
(119843, 114444, 33206, 267493)
(119793, 114444, 33206, 267443)
(119759, 114444, 33206, 267409)
(119735, 114444, 33206, 267385)
(119710, 114444, 33206, 267360)
(119685, 114444, 33206, 267335)
(119680, 114444, 33206, 267330)
(119636, 114444, 33206, 267286)
(119599, 114444, 33206, 267249)
(119584, 114444, 33206, 267234)
(119563, 114444, 33206, 267213)
(119534, 114444, 33206, 267184)
(119512, 114444, 33206, 267162)
(119500, 114444, 33206, 267150)
(119476, 114444, 33206, 267126)
(119437, 114444, 33206, 267087)
(119419, 114444, 33206, 267069)
(119385, 114444, 33206, 267035)
(119345, 114444, 33206, 266995)
(119295, 114444, 33206, 266945)
(119289, 114444, 33206, 266939)
(119258, 114444, 33206, 266908)
(119254, 114444, 33206, 266904)
(119216, 114444, 33206, 266866)
(119195, 114444, 33206, 266845)
(119179, 114444, 33206, 266829)
(119152, 114444, 33206, 266802)
(119126, 114444, 33206, 266776)
(119116, 114444, 33206, 266766)
(119084, 114444, 33206, 266734)
(119047, 114444, 33206, 266697)
(119031, 114444, 33206, 266681)
(119024, 114444, 33206, 266674)
(118998, 114444, 33206, 266648)
(118989, 114444, 33206, 266639)
(118968, 114444, 33206, 266618)
(118938, 114444, 33206, 266588)
(118913, 114444, 33206, 266563)
(118896, 114444, 33206, 266546)
(118891, 114444, 33206, 266541)
(118883, 114444, 33206, 266533)
(118853, 114444, 33206, 266503)
(118832, 114444, 33206, 266482)
(118829, 114444, 33206, 266479)
(118792, 114444, 33206, 266442)
(118757, 114444, 33206, 266407)
(118716, 114444, 33206, 266366)
(118692, 114444, 33206, 266342)
(118671, 114444, 33206, 266321)
(118655, 114444, 33206, 266305)
(118610, 114444, 33206, 266260)
(118591, 114444, 33206, 266241)
(118549, 114444, 33206, 266199)
(118518, 114444, 33206, 266168)
(118513, 114444, 33206, 266163)
(118490, 114444, 33206, 266140)
(118474, 114444, 33206, 266124)
(118446, 114444, 33206, 266096)
(118402, 114444, 33206, 266052)
(118386, 114444, 33206, 266036)
(118363, 114444, 33206, 266013)
(118326, 114444, 33206, 265976)
(118309, 114444, 33206, 265959)
(118296, 114444, 33206, 265946)
(118264, 114444, 33206, 265914)
(118229, 114444, 33206, 265879)
(118214, 114444, 33206, 265864)
(118194, 114444, 33206, 265844)
(118181, 114444, 33206, 265831)
(118155, 114444, 33206, 265805)
(118120, 114444, 33206, 265770)
(118097, 114444, 33206, 265747)
(118066, 114444, 33206, 265716)
(118030, 114444, 33206, 265680)
(118024, 114444, 33206, 265674)
(118006, 114444, 33206, 265656)
(117973, 114444, 33206, 265623)
(117965, 114444, 33206, 265615)
(117936, 114444, 33206, 265586)
(117927, 114444, 33206, 265577)
(117906, 114444, 33206, 265556)
(117863, 114444, 33206, 265513)
(117850, 114444, 33206, 265500)
(117834, 114444, 33206, 265484)
(117809, 114444, 33206, 265459)
(117781, 114444, 33206, 265431)
(117752, 114444, 33206, 265402)
(117723, 114444, 33206, 265373)
(117682, 114444, 33206, 265332)
(117664, 114444, 33206, 265314)
(117647, 114444, 33206, 265297)
(117609, 114444, 33206, 265259)
(117584, 114444, 33206, 265234)
(117573, 114444, 33206, 265223)
(117546, 114444, 33206, 265196)
(117524, 114444, 33206, 265174)
(117498, 114444, 33206, 265148)
(117488, 114444, 33206, 265138)
(117448, 114444, 33206, 265098)
(117437, 114444, 33206, 265087)
(117400, 114444, 33206, 265050)
(117388, 114444, 33206, 265038)
(117374, 114444, 33206, 265024)
(117365, 114444, 33206, 265015)
(117362, 114444, 33206, 265012)
(117337, 114444, 33206, 264987)
(117320, 114444, 33206, 264970)
(117315, 114444, 33206, 264965)
(117308, 114444, 33206, 264958)
(117281, 114444, 33206, 264931)
(117263, 114444, 33206, 264913)
(117223, 114444, 33206, 264873)
(117202, 114444, 33206, 264852)
(117162, 114444, 33206, 264812)
(117125, 114444, 33206, 264775)
(117085, 114444, 33206, 264735)
(117063, 114444, 33206, 264713)
(117028, 114444, 33206, 264678)
(116990, 114444, 33206, 264640)
(116962, 114444, 33206, 264612)
(116934, 114444, 33206, 264584)
(116905, 114444, 33206, 264555)
(116876, 114444, 33206, 264526)
(116862, 114444, 33206, 264512)
(116829, 114444, 33206, 264479)
(116809, 114444, 33206, 264459)
(116799, 114444, 33206, 264449)
(116788, 114444, 33206, 264438)
(116756, 114444, 33206, 264406)
(116735, 114444, 33206, 264385)
(116714, 114444, 33206, 264364)
(116702, 114444, 33206, 264352)
(116688, 114444, 33206, 264338)
(116662, 114444, 33206, 264312)
(116642, 114444, 33206, 264292)
(116603, 114444, 33206, 264253)
(116584, 114444, 33206, 264234)
(116549, 114444, 33206, 264199)
(116539, 114444, 33206, 264189)
(116514, 114444, 33206, 264164)
(116481, 114444, 33206, 264131)
(116441, 114444, 33206, 264091)
(116411, 114444, 33206, 264061)
(116367, 114444, 33206, 264017)
(116324, 114444, 33206, 263974)
(116293, 114444, 33206, 263943)
(116263, 114444, 33206, 263913)
(116257, 114444, 33206, 263907)
(116242, 114444, 33206, 263892)
(116203, 114444, 33206, 263853)
(116178, 114444, 33206, 263828)
(116160, 114444, 33206, 263810)
(116147, 114444, 33206, 263797)
(116110, 114444, 33206, 263760)
(116074, 114444, 33206, 263724)
(116073, 114444, 33206, 263723)
(116051, 114444, 33206, 263701)
(116018, 114444, 33206, 263668)
(115979, 114444, 33206, 263629)
(115925, 114444, 33206, 263575)
(115900, 114444, 33206, 263550)
(115875, 114444, 33206, 263525)
(115853, 114444, 33206, 263503)
(115825, 114444, 33206, 263475)
(115793, 114444, 33206, 263443)
(115754, 114444, 33206, 263404)
(115729, 114444, 33206, 263379)
(115699, 114444, 33206, 263349)
(115670, 114444, 33206, 263320)
(115643, 114444, 33206, 263293)
(115627, 114444, 33206, 263277)
(115591, 114444, 33206, 263241)
(115551, 114444, 33206, 263201)
(115515, 114444, 33206, 263165)
(115490, 114444, 33206, 263140)
(115457, 114444, 33206, 263107)
(115413, 114444, 33206, 263063)
(115390, 114444, 33206, 263040)
(115388, 114444, 33206, 263038)
(115325, 114444, 33206, 262975)
(115298, 114444, 33206, 262948)
(115268, 114444, 33206, 262918)
(115232, 114444, 33206, 262882)
(115231, 114444, 33206, 262881)
(115208, 114444, 33206, 262858)
(115178, 114444, 33206, 262828)
(115131, 114444, 33206, 262781)
(115074, 114444, 33206, 262724)
(115036, 114444, 33206, 262686)
(114995, 114444, 33206, 262645)
(114964, 114444, 33206, 262614)
(114924, 114444, 33206, 262574)
(114919, 114444, 33206, 262569)
(114898, 114444, 33206, 262548)
(114876, 114444, 33206, 262526)
(114866, 114444, 33206, 262516)
(114850, 114444, 33206, 262500)
(114804, 114444, 33206, 262454)
(114774, 114444, 33206, 262424)
(114745, 114444, 33206, 262395)
(114716, 114444, 33206, 262366)
(114692, 114444, 33206, 262342)
(114652, 114444, 33206, 262302)
(114622, 114444, 33206, 262272)
(114570, 114444, 33206, 262220)
(114530, 114444, 33206, 262180)
(114488, 114444, 33206, 262138)
(114456, 114444, 33206, 262106)
(114425, 114444, 33206, 262075)
(114387, 114444, 33206, 262037)
(114380, 114444, 33206, 262030)
(114363, 114444, 33206, 262013)
(114349, 114444, 33206, 261999)
(114320, 114444, 33206, 261970)
(114291, 114444, 33206, 261941)
(114256, 114444, 33206, 261906)
(114232, 114444, 33206, 261882)
(114204, 114444, 33206, 261854)
(114175, 114444, 33206, 261825)
(114161, 114444, 33206, 261811)
(114145, 114444, 33206, 261795)
(114120, 114444, 33206, 261770)
(114092, 114444, 33206, 261742)
(114066, 114444, 33206, 261716)
(114033, 114444, 33206, 261683)
(114009, 114444, 33206, 261659)
(113987, 114444, 33206, 261637)
(113969, 114444, 33206, 261619)
(113952, 114444, 33206, 261602)
(113923, 114444, 33206, 261573)
(113908, 114444, 33206, 261558)
(113875, 114444, 33206, 261525)
(113832, 114444, 33206, 261482)
(113811, 114444, 33206, 261461)
(113783, 114444, 33206, 261433)
(113771, 114444, 33206, 261421)
(113730, 114444, 33206, 261380)
(113705, 114444, 33206, 261355)
(113682, 114444, 33206, 261332)
(113669, 114444, 33206, 261319)
(113633, 114444, 33206, 261283)
(113625, 114444, 33206, 261275)
(113597, 114444, 33206, 261247)
(113572, 114444, 33206, 261222)
(113547, 114444, 33206, 261197)
(113540, 114444, 33206, 261190)
(113522, 114444, 33206, 261172)
(113489, 114444, 33206, 261139)
(113466, 114444, 33206, 261116)
(113437, 114444, 33206, 261087)
(113420, 114444, 33206, 261070)
(113388, 114444, 33206, 261038)
(113379, 114444, 33206, 261029)
(113362, 114444, 33206, 261012)
(113354, 114444, 33206, 261004)
(113322, 114444, 33206, 260972)
(113289, 114444, 33206, 260939)
(113238, 114444, 33206, 260888)
(113204, 114444, 33206, 260854)
(113172, 114444, 33206, 260822)
(113129, 114444, 33206, 260779)
(113106, 114444, 33206, 260756)
(113061, 114444, 33206, 260711)
(113041, 114444, 33206, 260691)
(112979, 114444, 33206, 260629)
(112954, 114444, 33206, 260604)
(112931, 114444, 33206, 260581)
(112900, 114444, 33206, 260550)
(112835, 114444, 33206, 260485)
(112807, 114444, 33206, 260457)
(112771, 114444, 33206, 260421)
(112740, 114444, 33206, 260390)
(112723, 114444, 33206, 260373)
(112703, 114444, 33206, 260353)
(112682, 114444, 33206, 260332)
(112647, 114444, 33206, 260297)
(112612, 114444, 33206, 260262)
(112588, 114444, 33206, 260238)
(112562, 114444, 33206, 260212)
(112556, 114444, 33206, 260206)
(112525, 114444, 33206, 260175)
(112506, 114444, 33206, 260156)
(112493, 114444, 33206, 260143)
(112471, 114444, 33206, 260121)
(112448, 114444, 33206, 260098)
(112415, 114444, 33206, 260065)
(112393, 114444, 33206, 260043)
(112374, 114444, 33206, 260024)
(112341, 114444, 33206, 259991)
(112303, 114444, 33206, 259953)
(112298, 114444, 33206, 259948)
(112281, 114444, 33206, 259931)
(112259, 114444, 33206, 259909)
(112248, 114444, 33206, 259898)
(112204, 114444, 33206, 259854)
(112170, 114444, 33206, 259820)
(112152, 114444, 33206, 259802)
(112136, 114444, 33206, 259786)
(112099, 114444, 33206, 259749)
(112065, 114444, 33206, 259715)
(112044, 114444, 33206, 259694)
(112026, 114444, 33206, 259676)
(112022, 114444, 33206, 259672)
(112004, 114444, 33206, 259654)
(111989, 114444, 33206, 259639)
(111960, 114444, 33206, 259610)
(111922, 114444, 33206, 259572)
(111893, 114444, 33206, 259543)
(111875, 114444, 33206, 259525)
(111859, 114444, 33206, 259509)
(111850, 114444, 33206, 259500)
(111834, 114444, 33206, 259484)
(111821, 114444, 33206, 259471)
(111805, 114444, 33206, 259455)
(111776, 114444, 33206, 259426)
(111732, 114444, 33206, 259382)
(111714, 114444, 33206, 259364)
(111697, 114444, 33206, 259347)
(111676, 114444, 33206, 259326)
(111646, 114444, 33206, 259296)
(111624, 114444, 33206, 259274)
(111604, 114444, 33206, 259254)
(111592, 114444, 33206, 259242)
(111560, 114444, 33206, 259210)
(111535, 114444, 33206, 259185)
(111500, 114444, 33206, 259150)
(111450, 114444, 33206, 259100)
(111399, 114444, 33206, 259049)
(111357, 114444, 33206, 259007)
(111356, 114444, 33206, 259006)
(111325, 114444, 33206, 258975)
(111286, 114444, 33206, 258936)
(111258, 114444, 33206, 258908)
(111225, 114444, 33206, 258875)
(111191, 114444, 33206, 258841)
(111159, 114444, 33206, 258809)
(111134, 114444, 33206, 258784)
(111114, 114444, 33206, 258764)
(111063, 114444, 33206, 258713)
(111033, 114444, 33206, 258683)
(110999, 114444, 33206, 258649)
(110977, 114444, 33206, 258627)
(110975, 114444, 33206, 258625)
(110958, 114444, 33206, 258608)
(110941, 114444, 33206, 258591)
(110917, 114444, 33206, 258567)
(110880, 114444, 33206, 258530)
(110835, 114444, 33206, 258485)
(110817, 114444, 33206, 258467)
(110807, 114444, 33206, 258457)
(110796, 114444, 33206, 258446)
(110786, 114444, 33206, 258436)
(110771, 114444, 33206, 258421)
(110741, 114444, 33206, 258391)
(110720, 114444, 33206, 258370)
(110683, 114444, 33206, 258333)
(110668, 114444, 33206, 258318)
(110638, 114444, 33206, 258288)
(110603, 114444, 33206, 258253)
(110591, 114444, 33206, 258241)
(110564, 114444, 33206, 258214)
(110552, 114444, 33206, 258202)
(110543, 114444, 33206, 258193)
(110526, 114444, 33206, 258176)
(110507, 114444, 33206, 258157)
(110493, 114444, 33206, 258143)
(110465, 114444, 33206, 258115)
(110433, 114444, 33206, 258083)
(110399, 114444, 33206, 258049)
(110376, 114444, 33206, 258026)
(110343, 114444, 33206, 257993)
(110301, 114444, 33206, 257951)
(110263, 114444, 33206, 257913)
(110244, 114444, 33206, 257894)
(110193, 114444, 33206, 257843)
(110176, 114444, 33206, 257826)
(110154, 114444, 33206, 257804)
(110146, 114444, 33206, 257796)
(110126, 114444, 33206, 257776)
(110094, 114444, 33206, 257744)
(110076, 114444, 33206, 257726)
(110044, 114444, 33206, 257694)
(110025, 114444, 33206, 257675)
