(62674, 61888, 26883, 151445)
(62657, 61888, 26883, 151428)
(62643, 61888, 26883, 151414)
(62629, 61888, 26883, 151400)
(62607, 61888, 26883, 151378)
(62585, 61888, 26883, 151356)
(62557, 61888, 26883, 151328)
(62543, 61888, 26883, 151314)
(62533, 61888, 26883, 151304)
(62503, 61888, 26883, 151274)
(62489, 61888, 26883, 151260)
(62462, 61888, 26883, 151233)
(62448, 61888, 26883, 151219)
(62421, 61888, 26883, 151192)
(62403, 61888, 26883, 151174)
(62389, 61888, 26883, 151160)
(62363, 61888, 26883, 151134)
(62337, 61888, 26883, 151108)
(62315, 61888, 26883, 151086)
(62303, 61888, 26883, 151074)
(62276, 61888, 26883, 151047)
(62257, 61888, 26883, 151028)
(62242, 61888, 26883, 151013)
(62226, 61888, 26883, 150997)
(62199, 61888, 26883, 150970)
(62184, 61888, 26883, 150955)
(62155, 61888, 26883, 150926)
(62136, 61888, 26883, 150907)
(62115, 61888, 26883, 150886)
(62087, 61888, 26883, 150858)
(62078, 61888, 26883, 150849)
(62070, 61888, 26883, 150841)
(62058, 61888, 26883, 150829)
(62035, 61888, 26883, 150806)
(62013, 61888, 26883, 150784)
(62003, 61888, 26883, 150774)
(61993, 61888, 26883, 150764)
(61989, 61888, 26883, 150760)
(61983, 61888, 26883, 150754)
(61971, 61888, 26883, 150742)
(61959, 61888, 26883, 150730)
(61939, 61888, 26883, 150710)
(61921, 61888, 26883, 150692)
(61911, 61888, 26883, 150682)
(61892, 61888, 26883, 150663)
(61869, 61888, 26883, 150640)
(61852, 61888, 26883, 150623)
(61823, 61888, 26883, 150594)
(61808, 61888, 26883, 150579)
(61786, 61888, 26883, 150557)
(61769, 61888, 26883, 150540)
(61755, 61888, 26883, 150526)
(61727, 61888, 26883, 150498)
(61726, 61888, 26883, 150497)
(61704, 61888, 26883, 150475)
(61688, 61888, 26883, 150459)
(61670, 61888, 26883, 150441)
(61669, 61888, 26883, 150440)
(61640, 61888, 26883, 150411)
(61618, 61888, 26883, 150389)
(61588, 61888, 26883, 150359)
(61574, 61888, 26883, 150345)
(61557, 61888, 26883, 150328)
(61541, 61888, 26883, 150312)
(61522, 61888, 26883, 150293)
(61498, 61888, 26883, 150269)
(61467, 61888, 26883, 150238)
(61439, 61888, 26883, 150210)
(61409, 61888, 26883, 150180)
(61387, 61888, 26883, 150158)
(61355, 61888, 26883, 150126)
(61352, 61888, 26883, 150123)
(61341, 61888, 26883, 150112)
(61317, 61888, 26883, 150088)
(61295, 61888, 26883, 150066)
(61274, 61888, 26883, 150045)
(61247, 61888, 26883, 150018)
(61227, 61888, 26883, 149998)
(61211, 61888, 26883, 149982)
(61186, 61888, 26883, 149957)
(61153, 61888, 26883, 149924)
(61147, 61888, 26883, 149918)
(61119, 61888, 26883, 149890)
(61113, 61888, 26883, 149884)
(61087, 61888, 26883, 149858)
(61080, 61888, 26883, 149851)
(61058, 61888, 26883, 149829)
(61046, 61888, 26883, 149817)
(61036, 61888, 26883, 149807)
(61034, 61888, 26883, 149805)
(61028, 61888, 26883, 149799)
(61008, 61888, 26883, 149779)
(60990, 61888, 26883, 149761)
(60981, 61888, 26883, 149752)
(60972, 61888, 26883, 149743)
(60964, 61888, 26883, 149735)
(60941, 61888, 26883, 149712)
(60925, 61888, 26883, 149696)
(60917, 61888, 26883, 149688)
(60907, 61888, 26883, 149678)
(60895, 61888, 26883, 149666)
(60886, 61888, 26883, 149657)
(60866, 61888, 26883, 149637)
(60855, 61888, 26883, 149626)
(60829, 61888, 26883, 149600)
(60819, 61888, 26883, 149590)
(60782, 61888, 26883, 149553)
(60764, 61888, 26883, 149535)
(60747, 61888, 26883, 149518)
(60722, 61888, 26883, 149493)
(60704, 61888, 26883, 149475)
(60686, 61888, 26883, 149457)
(60669, 61888, 26883, 149440)
(60650, 61888, 26883, 149421)
(60630, 61888, 26883, 149401)
(60602, 61888, 26883, 149373)
(60592, 61888, 26883, 149363)
(60579, 61888, 26883, 149350)
(60561, 61888, 26883, 149332)
(60550, 61888, 26883, 149321)
(60524, 61888, 26883, 149295)
(60506, 61888, 26883, 149277)
(60499, 61888, 26883, 149270)
(60495, 61888, 26883, 149266)
(60465, 61888, 26883, 149236)
(60458, 61888, 26883, 149229)
(60431, 61888, 26883, 149202)
(60413, 61888, 26883, 149184)
(60389, 61888, 26883, 149160)
(60356, 61888, 26883, 149127)
(60336, 61888, 26883, 149107)
(60306, 61888, 26883, 149077)
(60281, 61888, 26883, 149052)
(60264, 61888, 26883, 149035)
(60247, 61888, 26883, 149018)
(60246, 61888, 26883, 149017)
(60233, 61888, 26883, 149004)
(60205, 61888, 26883, 148976)
(60186, 61888, 26883, 148957)
(60179, 61888, 26883, 148950)
(60143, 61888, 26883, 148914)
(60119, 61888, 26883, 148890)
(60086, 61888, 26883, 148857)
(60063, 61888, 26883, 148834)
(60051, 61888, 26883, 148822)
(60039, 61888, 26883, 148810)
(60013, 61888, 26883, 148784)
(59989, 61888, 26883, 148760)
(59959, 61888, 26883, 148730)
(59949, 61888, 26883, 148720)
(59934, 61888, 26883, 148705)
(59920, 61888, 26883, 148691)
(59891, 61888, 26883, 148662)
(59865, 61888, 26883, 148636)
(59835, 61888, 26883, 148606)
(59817, 61888, 26883, 148588)
(59784, 61888, 26883, 148555)
(59771, 61888, 26883, 148542)
(59746, 61888, 26883, 148517)
(59733, 61888, 26883, 148504)
(59711, 61888, 26883, 148482)
(59698, 61888, 26883, 148469)
(59684, 61888, 26883, 148455)
(59670, 61888, 26883, 148441)
(59656, 61888, 26883, 148427)
(59639, 61888, 26883, 148410)
(59613, 61888, 26883, 148384)
(59599, 61888, 26883, 148370)
(59584, 61888, 26883, 148355)
(59568, 61888, 26883, 148339)
(59549, 61888, 26883, 148320)
(59526, 61888, 26883, 148297)
(59506, 61888, 26883, 148277)
(59486, 61888, 26883, 148257)
(59468, 61888, 26883, 148239)
(59444, 61888, 26883, 148215)
(59414, 61888, 26883, 148185)
(59397, 61888, 26883, 148168)
(59377, 61888, 26883, 148148)
(59357, 61888, 26883, 148128)
(59335, 61888, 26883, 148106)
(59313, 61888, 26883, 148084)
(59285, 61888, 26883, 148056)
(59268, 61888, 26883, 148039)
(59256, 61888, 26883, 148027)
(59236, 61888, 26883, 148007)
(59207, 61888, 26883, 147978)
(59197, 61888, 26883, 147968)
(59180, 61888, 26883, 147951)
(59178, 61888, 26883, 147949)
(59159, 61888, 26883, 147930)
(59152, 61888, 26883, 147923)
(59123, 61888, 26883, 147894)
(59107, 61888, 26883, 147878)
(59084, 61888, 26883, 147855)
(59066, 61888, 26883, 147837)
(59058, 61888, 26883, 147829)
(59031, 61888, 26883, 147802)
(59020, 61888, 26883, 147791)
(59007, 61888, 26883, 147778)
(58984, 61888, 26883, 147755)
(58966, 61888, 26883, 147737)
(58959, 61888, 26883, 147730)
(58934, 61888, 26883, 147705)
(58917, 61888, 26883, 147688)
(58893, 61888, 26883, 147664)
(58875, 61888, 26883, 147646)
(58857, 61888, 26883, 147628)
(58848, 61888, 26883, 147619)
(58844, 61888, 26883, 147615)
(58818, 61888, 26883, 147589)
(58807, 61888, 26883, 147578)
(58783, 61888, 26883, 147554)
(58761, 61888, 26883, 147532)
(58747, 61888, 26883, 147518)
(58734, 61888, 26883, 147505)
(58716, 61888, 26883, 147487)
(58695, 61888, 26883, 147466)
(58673, 61888, 26883, 147444)
(58644, 61888, 26883, 147415)
(58621, 61888, 26883, 147392)
(58597, 61888, 26883, 147368)
(58574, 61888, 26883, 147345)
(58555, 61888, 26883, 147326)
(58538, 61888, 26883, 147309)
(58515, 61888, 26883, 147286)
(58501, 61888, 26883, 147272)
(58476, 61888, 26883, 147247)
(58440, 61888, 26883, 147211)
(58422, 61888, 26883, 147193)
(58405, 61888, 26883, 147176)
(58393, 61888, 26883, 147164)
(58373, 61888, 26883, 147144)
(58353, 61888, 26883, 147124)
(58332, 61888, 26883, 147103)
(58316, 61888, 26883, 147087)
(58289, 61888, 26883, 147060)
(58269, 61888, 26883, 147040)
(58241, 61888, 26883, 147012)
(58210, 61888, 26883, 146981)
(58189, 61888, 26883, 146960)
(58170, 61888, 26883, 146941)
(58161, 61888, 26883, 146932)
(58154, 61888, 26883, 146925)
(58132, 61888, 26883, 146903)
(58119, 61888, 26883, 146890)
(58104, 61888, 26883, 146875)
(58093, 61888, 26883, 146864)
(58072, 61888, 26883, 146843)
(58066, 61888, 26883, 146837)
(58040, 61888, 26883, 146811)
(58035, 61888, 26883, 146806)
(58022, 61888, 26883, 146793)
(58009, 61888, 26883, 146780)
(58005, 61888, 26883, 146776)
(57978, 61888, 26883, 146749)
(57956, 61888, 26883, 146727)
(57928, 61888, 26883, 146699)
(57908, 61888, 26883, 146679)
(57893, 61888, 26883, 146664)
(57879, 61888, 26883, 146650)
(57856, 61888, 26883, 146627)
(57846, 61888, 26883, 146617)
(57821, 61888, 26883, 146592)
(57788, 61888, 26883, 146559)
(57768, 61888, 26883, 146539)
(57745, 61888, 26883, 146516)
(57731, 61888, 26883, 146502)
(57706, 61888, 26883, 146477)
(57679, 61888, 26883, 146450)
(57671, 61888, 26883, 146442)
(57652, 61888, 26883, 146423)
(57634, 61888, 26883, 146405)
(57617, 61888, 26883, 146388)
(57600, 61888, 26883, 146371)
(57568, 61888, 26883, 146339)
(57541, 61888, 26883, 146312)
(57514, 61888, 26883, 146285)
(57489, 61888, 26883, 146260)
(57467, 61888, 26883, 146238)
(57455, 61888, 26883, 146226)
(57437, 61888, 26883, 146208)
(57425, 61888, 26883, 146196)
(57397, 61888, 26883, 146168)
(57383, 61888, 26883, 146154)
(57360, 61888, 26883, 146131)
(57355, 61888, 26883, 146126)
(57341, 61888, 26883, 146112)
(57325, 61888, 26883, 146096)
(57303, 61888, 26883, 146074)
(57289, 61888, 26883, 146060)
(57272, 61888, 26883, 146043)
(57258, 61888, 26883, 146029)
(57246, 61888, 26883, 146017)
(57236, 61888, 26883, 146007)
(57224, 61888, 26883, 145995)
(57201, 61888, 26883, 145972)
(57180, 61888, 26883, 145951)
(57156, 61888, 26883, 145927)
(57131, 61888, 26883, 145902)
(57106, 61888, 26883, 145877)
(57089, 61888, 26883, 145860)
(57085, 61888, 26883, 145856)
(57069, 61888, 26883, 145840)
(57055, 61888, 26883, 145826)
(57037, 61888, 26883, 145808)
(57022, 61888, 26883, 145793)
(57015, 61888, 26883, 145786)
(56997, 61888, 26883, 145768)
(56992, 61888, 26883, 145763)
(56972, 61888, 26883, 145743)
(56944, 61888, 26883, 145715)
(56937, 61888, 26883, 145708)
(56934, 61888, 26883, 145705)
(56914, 61888, 26883, 145685)
(56884, 61888, 26883, 145655)
(56861, 61888, 26883, 145632)
(56840, 61888, 26883, 145611)
(56830, 61888, 26883, 145601)
(56818, 61888, 26883, 145589)
(56805, 61888, 26883, 145576)
(56783, 61888, 26883, 145554)
(56761, 61888, 26883, 145532)
(56748, 61888, 26883, 145519)
(56728, 61888, 26883, 145499)
(56709, 61888, 26883, 145480)
(56691, 61888, 26883, 145462)
(56671, 61888, 26883, 145442)
(56666, 61888, 26883, 145437)
(56653, 61888, 26883, 145424)
(56618, 61888, 26883, 145389)
(56610, 61888, 26883, 145381)
(56583, 61888, 26883, 145354)
(56570, 61888, 26883, 145341)
(56548, 61888, 26883, 145319)
(56535, 61888, 26883, 145306)
(56497, 61888, 26883, 145268)
(56481, 61888, 26883, 145252)
(56462, 61888, 26883, 145233)
(56455, 61888, 26883, 145226)
(56445, 61888, 26883, 145216)
(56436, 61888, 26883, 145207)
(56419, 61888, 26883, 145190)
(56401, 61888, 26883, 145172)
(56373, 61888, 26883, 145144)
(56359, 61888, 26883, 145130)
(56338, 61888, 26883, 145109)
(56320, 61888, 26883, 145091)
(56291, 61888, 26883, 145062)
(56275, 61888, 26883, 145046)
(56265, 61888, 26883, 145036)
(56243, 61888, 26883, 145014)
(56224, 61888, 26883, 144995)
(56191, 61888, 26883, 144962)
(56176, 61888, 26883, 144947)
(56160, 61888, 26883, 144931)
(56139, 61888, 26883, 144910)
(56106, 61888, 26883, 144877)
(56098, 61888, 26883, 144869)
(56071, 61888, 26883, 144842)
(56040, 61888, 26883, 144811)
(56034, 61888, 26883, 144805)
(56022, 61888, 26883, 144793)
(56000, 61888, 26883, 144771)
(55971, 61888, 26883, 144742)
(55947, 61888, 26883, 144718)
(55915, 61888, 26883, 144686)
(55890, 61888, 26883, 144661)
(55859, 61888, 26883, 144630)
(55823, 61888, 26883, 144594)
(55811, 61888, 26883, 144582)
(55804, 61888, 26883, 144575)
(55784, 61888, 26883, 144555)
(55762, 61888, 26883, 144533)
(55746, 61888, 26883, 144517)
(55722, 61888, 26883, 144493)
(55710, 61888, 26883, 144481)
(55696, 61888, 26883, 144467)
(55672, 61888, 26883, 144443)
(55656, 61888, 26883, 144427)
(55627, 61888, 26883, 144398)
(55611, 61888, 26883, 144382)
(55589, 61888, 26883, 144360)
(55575, 61888, 26883, 144346)
(55568, 61888, 26883, 144339)
(55557, 61888, 26883, 144328)
(55524, 61888, 26883, 144295)
(55512, 61888, 26883, 144283)
(55494, 61888, 26883, 144265)
(55475, 61888, 26883, 144246)
(55471, 61888, 26883, 144242)
(55464, 61888, 26883, 144235)
(55438, 61888, 26883, 144209)
(55411, 61888, 26883, 144182)
(55392, 61888, 26883, 144163)
(55391, 61888, 26883, 144162)
(55375, 61888, 26883, 144146)
(55353, 61888, 26883, 144124)
(55326, 61888, 26883, 144097)
(55319, 61888, 26883, 144090)
(55303, 61888, 26883, 144074)
(55292, 61888, 26883, 144063)
(55276, 61888, 26883, 144047)
(55269, 61888, 26883, 144040)
(55250, 61888, 26883, 144021)
(55228, 61888, 26883, 143999)
(55211, 61888, 26883, 143982)
(55196, 61888, 26883, 143967)
(55180, 61888, 26883, 143951)
(55174, 61888, 26883, 143945)
(55155, 61888, 26883, 143926)
(55154, 61888, 26883, 143925)
(55147, 61888, 26883, 143918)
(55136, 61888, 26883, 143907)
(55111, 61888, 26883, 143882)
(55093, 61888, 26883, 143864)
(55081, 61888, 26883, 143852)
(55052, 61888, 26883, 143823)
(55024, 61888, 26883, 143795)
(55003, 61888, 26883, 143774)
(54986, 61888, 26883, 143757)
(54973, 61888, 26883, 143744)
(54956, 61888, 26883, 143727)
(54950, 61888, 26883, 143721)
(54938, 61888, 26883, 143709)
(54930, 61888, 26883, 143701)
(54906, 61888, 26883, 143677)
(54903, 61888, 26883, 143674)
(54872, 61888, 26883, 143643)
(54841, 61888, 26883, 143612)
(54837, 61888, 26883, 143608)
(54817, 61888, 26883, 143588)
(54790, 61888, 26883, 143561)
(54762, 61888, 26883, 143533)
(54755, 61888, 26883, 143526)
(54740, 61888, 26883, 143511)
(54729, 61888, 26883, 143500)
(54715, 61888, 26883, 143486)
(54709, 61888, 26883, 143480)
(54701, 61888, 26883, 143472)
(54697, 61888, 26883, 143468)
(54676, 61888, 26883, 143447)
(54666, 61888, 26883, 143437)
(54655, 61888, 26883, 143426)
(54641, 61888, 26883, 143412)
(54616, 61888, 26883, 143387)
(54604, 61888, 26883, 143375)
(54588, 61888, 26883, 143359)
(54569, 61888, 26883, 143340)
(54549, 61888, 26883, 143320)
(54535, 61888, 26883, 143306)
(54522, 61888, 26883, 143293)
(54516, 61888, 26883, 143287)
(54498, 61888, 26883, 143269)
(54487, 61888, 26883, 143258)
(54470, 61888, 26883, 143241)
(54449, 61888, 26883, 143220)
(54430, 61888, 26883, 143201)
(54412, 61888, 26883, 143183)
(54387, 61888, 26883, 143158)
(54379, 61888, 26883, 143150)
(54353, 61888, 26883, 143124)
(54343, 61888, 26883, 143114)
(54317, 61888, 26883, 143088)
(54309, 61888, 26883, 143080)
(54294, 61888, 26883, 143065)
(54273, 61888, 26883, 143044)
(54253, 61888, 26883, 143024)
(54231, 61888, 26883, 143002)
(54194, 61888, 26883, 142965)
(54181, 61888, 26883, 142952)
(54154, 61888, 26883, 142925)
(54134, 61888, 26883, 142905)
(54109, 61888, 26883, 142880)
(54081, 61888, 26883, 142852)
(54058, 61888, 26883, 142829)
(54031, 61888, 26883, 142802)
(54026, 61888, 26883, 142797)
(53999, 61888, 26883, 142770)
(53974, 61888, 26883, 142745)
(53952, 61888, 26883, 142723)
(53925, 61888, 26883, 142696)
(53908, 61888, 26883, 142679)
(53894, 61888, 26883, 142665)
(53879, 61888, 26883, 142650)
(53858, 61888, 26883, 142629)
(53853, 61888, 26883, 142624)
(53833, 61888, 26883, 142604)
(53829, 61888, 26883, 142600)
(53824, 61888, 26883, 142595)
(53808, 61888, 26883, 142579)
(53784, 61888, 26883, 142555)
(53762, 61888, 26883, 142533)
(53734, 61888, 26883, 142505)
(53719, 61888, 26883, 142490)
(53701, 61888, 26883, 142472)
(53685, 61888, 26883, 142456)
(53670, 61888, 26883, 142441)
(53654, 61888, 26883, 142425)
(53631, 61888, 26883, 142402)
(53610, 61888, 26883, 142381)
(53588, 61888, 26883, 142359)
(53568, 61888, 26883, 142339)
(53547, 61888, 26883, 142318)
(53536, 61888, 26883, 142307)
(53515, 61888, 26883, 142286)
(53494, 61888, 26883, 142265)
(53488, 61888, 26883, 142259)
(53474, 61888, 26883, 142245)
(53453, 61888, 26883, 142224)
(53439, 61888, 26883, 142210)
(53416, 61888, 26883, 142187)
(53397, 61888, 26883, 142168)
(53385, 61888, 26883, 142156)
(53362, 61888, 26883, 142133)
(53327, 61888, 26883, 142098)
(53309, 61888, 26883, 142080)
(53291, 61888, 26883, 142062)
(53280, 61888, 26883, 142051)
(53248, 61888, 26883, 142019)
(53221, 61888, 26883, 141992)
(53201, 61888, 26883, 141972)
(53177, 61888, 26883, 141948)
(53152, 61888, 26883, 141923)
(53124, 61888, 26883, 141895)
(53119, 61888, 26883, 141890)
(53088, 61888, 26883, 141859)
(53075, 61888, 26883, 141846)
(53068, 61888, 26883, 141839)
(53043, 61888, 26883, 141814)
(53021, 61888, 26883, 141792)
(53007, 61888, 26883, 141778)
(52992, 61888, 26883, 141763)
(52986, 61888, 26883, 141757)
(52982, 61888, 26883, 141753)
(52955, 61888, 26883, 141726)
(52945, 61888, 26883, 141716)
(52920, 61888, 26883, 141691)
(52903, 61888, 26883, 141674)
(52885, 61888, 26883, 141656)
(52872, 61888, 26883, 141643)
(52857, 61888, 26883, 141628)
(52842, 61888, 26883, 141613)
(52830, 61888, 26883, 141601)
(52808, 61888, 26883, 141579)
(52799, 61888, 26883, 141570)
(52783, 61888, 26883, 141554)
(52772, 61888, 26883, 141543)
(52746, 61888, 26883, 141517)
(52722, 61888, 26883, 141493)
(52701, 61888, 26883, 141472)
(52680, 61888, 26883, 141451)
(52653, 61888, 26883, 141424)
(52629, 61888, 26883, 141400)
(52611, 61888, 26883, 141382)
(52594, 61888, 26883, 141365)
(52566, 61888, 26883, 141337)
(52549, 61888, 26883, 141320)
(52511, 61888, 26883, 141282)
(52494, 61888, 26883, 141265)
(52474, 61888, 26883, 141245)
(52445, 61888, 26883, 141216)
(52423, 61888, 26883, 141194)
(52413, 61888, 26883, 141184)
(52392, 61888, 26883, 141163)
(52355, 61888, 26883, 141126)
(52336, 61888, 26883, 141107)
(52313, 61888, 26883, 141084)
(52303, 61888, 26883, 141074)
(52287, 61888, 26883, 141058)
(52271, 61888, 26883, 141042)
(52248, 61888, 26883, 141019)
(52230, 61888, 26883, 141001)
(52208, 61888, 26883, 140979)
(52191, 61888, 26883, 140962)
(52177, 61888, 26883, 140948)
(52149, 61888, 26883, 140920)
(52113, 61888, 26883, 140884)
(52107, 61888, 26883, 140878)
(52099, 61888, 26883, 140870)
(52095, 61888, 26883, 140866)
(52072, 61888, 26883, 140843)
(52065, 61888, 26883, 140836)
(52043, 61888, 26883, 140814)
(52022, 61888, 26883, 140793)
(52005, 61888, 26883, 140776)
(51998, 61888, 26883, 140769)
(51979, 61888, 26883, 140750)
(51962, 61888, 26883, 140733)
(51942, 61888, 26883, 140713)
(51931, 61888, 26883, 140702)
(51907, 61888, 26883, 140678)
(51887, 61888, 26883, 140658)
(51865, 61888, 26883, 140636)
(51837, 61888, 26883, 140608)
(51828, 61888, 26883, 140599)
(51802, 61888, 26883, 140573)
(51781, 61888, 26883, 140552)
(51765, 61888, 26883, 140536)
(51743, 61888, 26883, 140514)
(51716, 61888, 26883, 140487)
(51703, 61888, 26883, 140474)
(51676, 61888, 26883, 140447)
(51674, 61888, 26883, 140445)
(51656, 61888, 26883, 140427)
(51631, 61888, 26883, 140402)
(51604, 61888, 26883, 140375)
(51596, 61888, 26883, 140367)
(51588, 61888, 26883, 140359)
(51561, 61888, 26883, 140332)
(51545, 61888, 26883, 140316)
(51524, 61888, 26883, 140295)
(51511, 61888, 26883, 140282)
(51489, 61888, 26883, 140260)
(51469, 61888, 26883, 140240)
(51454, 61888, 26883, 140225)
(51432, 61888, 26883, 140203)
(51410, 61888, 26883, 140181)
(51381, 61888, 26883, 140152)
(51363, 61888, 26883, 140134)
(51338, 61888, 26883, 140109)
(51322, 61888, 26883, 140093)
(51308, 61888, 26883, 140079)
(51299, 61888, 26883, 140070)
(51286, 61888, 26883, 140057)
(51280, 61888, 26883, 140051)
(51259, 61888, 26883, 140030)
(51248, 61888, 26883, 140019)
(51229, 61888, 26883, 140000)
(51216, 61888, 26883, 139987)
(51213, 61888, 26883, 139984)
(51198, 61888, 26883, 139969)
(51188, 61888, 26883, 139959)
(51183, 61888, 26883, 139954)
(51170, 61888, 26883, 139941)
(51157, 61888, 26883, 139928)
(51130, 61888, 26883, 139901)
(51105, 61888, 26883, 139876)
(51080, 61888, 26883, 139851)
(51061, 61888, 26883, 139832)
(51051, 61888, 26883, 139822)
(51020, 61888, 26883, 139791)
(50992, 61888, 26883, 139763)
(50987, 61888, 26883, 139758)
(50974, 61888, 26883, 139745)
(50951, 61888, 26883, 139722)
(50942, 61888, 26883, 139713)
(50915, 61888, 26883, 139686)
(50905, 61888, 26883, 139676)
(50879, 61888, 26883, 139650)
(50860, 61888, 26883, 139631)
(50840, 61888, 26883, 139611)
(50825, 61888, 26883, 139596)
(50818, 61888, 26883, 139589)
(50809, 61888, 26883, 139580)
(50795, 61888, 26883, 139566)
(50786, 61888, 26883, 139557)
(50772, 61888, 26883, 139543)
(50768, 61888, 26883, 139539)
(50761, 61888, 26883, 139532)
(50737, 61888, 26883, 139508)
(50736, 61888, 26883, 139507)
(50727, 61888, 26883, 139498)
(50708, 61888, 26883, 139479)
(50685, 61888, 26883, 139456)
(50656, 61888, 26883, 139427)
(50642, 61888, 26883, 139413)
(50621, 61888, 26883, 139392)
(50598, 61888, 26883, 139369)
(50573, 61888, 26883, 139344)
(50566, 61888, 26883, 139337)
(50556, 61888, 26883, 139327)
(50544, 61888, 26883, 139315)
(50541, 61888, 26883, 139312)
(50532, 61888, 26883, 139303)
(50511, 61888, 26883, 139282)
(50499, 61888, 26883, 139270)
(50478, 61888, 26883, 139249)
(50449, 61888, 26883, 139220)
(50426, 61888, 26883, 139197)
(50401, 61888, 26883, 139172)
(50385, 61888, 26883, 139156)
(50368, 61888, 26883, 139139)
(50365, 61888, 26883, 139136)
(50340, 61888, 26883, 139111)
(50321, 61888, 26883, 139092)
(50300, 61888, 26883, 139071)
(50288, 61888, 26883, 139059)
(50264, 61888, 26883, 139035)
(50231, 61888, 26883, 139002)
(50219, 61888, 26883, 138990)
(50204, 61888, 26883, 138975)
(50182, 61888, 26883, 138953)
(50154, 61888, 26883, 138925)
(50137, 61888, 26883, 138908)
(50125, 61888, 26883, 138896)
(50113, 61888, 26883, 138884)
(50095, 61888, 26883, 138866)
(50084, 61888, 26883, 138855)
(50059, 61888, 26883, 138830)
(50044, 61888, 26883, 138815)
(50031, 61888, 26883, 138802)
(50016, 61888, 26883, 138787)
(49997, 61888, 26883, 138768)
(49989, 61888, 26883, 138760)
(49966, 61888, 26883, 138737)
(49958, 61888, 26883, 138729)
(49942, 61888, 26883, 138713)
(49928, 61888, 26883, 138699)
(49905, 61888, 26883, 138676)
(49885, 61888, 26883, 138656)
(49879, 61888, 26883, 138650)
(49870, 61888, 26883, 138641)
(49858, 61888, 26883, 138629)
