(83641, 90604, 32112, 206357)
(81389, 90871, 32112, 204372)
(78756, 92783, 32112, 203651)
(72963, 97087, 32112, 202162)
(69599, 99499, 32112, 201210)
(63761, 102887, 32112, 198760)
(61094, 104643, 32112, 197849)
(54878, 109681, 32112, 196671)
(54269, 109369, 32112, 195750)
(49862, 112581, 32112, 194555)
(167321, 25766, 20149, 213236)
(164758, 27696, 20149, 212603)
(164376, 27278, 20149, 211803)
(162005, 29526, 20149, 211680)
(75600, 98412, 31265, 205277)
(76024, 95940, 31265, 203229)
(73159, 98078, 31265, 202502)
(71569, 98580, 31265, 201414)
(67213, 101882, 31265, 200360)
(64386, 103832, 31265, 199483)
(181535, 16794, 12864, 211193)
(177832, 19544, 13412, 210788)
(175445, 20728, 13412, 209585)
(174535, 21668, 12864, 209067)
(171725, 24006, 12864, 208595)
(170882, 23512, 13412, 207806)
(166173, 26378, 13412, 205963)
(166173, 26378, 13412, 205963)
(162002, 29634, 13412, 205048)
(161904, 29634, 13412, 204950)
(87928, 89318, 31265, 208511)
