(114241, 119206, 32121, 265568)
(114221, 119206, 32121, 265548)
(114198, 119206, 32121, 265525)
(114178, 119206, 32121, 265505)
(114160, 119206, 32121, 265487)
(114131, 119206, 32121, 265458)
(114111, 119206, 32121, 265438)
(114089, 119206, 32121, 265416)
(114061, 119206, 32121, 265388)
(114058, 119206, 32121, 265385)
(114039, 119206, 32121, 265366)
(114004, 119206, 32121, 265331)
(113978, 119206, 32121, 265305)
(113961, 119206, 32121, 265288)
(113935, 119206, 32121, 265262)
(113909, 119206, 32121, 265236)
(113889, 119206, 32121, 265216)
(113846, 119206, 32121, 265173)
(113796, 119206, 32121, 265123)
(113794, 119206, 32121, 265121)
(113784, 119206, 32121, 265111)
(113757, 119206, 32121, 265084)
(113739, 119206, 32121, 265066)
(113719, 119206, 32121, 265046)
(113705, 119206, 32121, 265032)
(113703, 119206, 32121, 265030)
(113681, 119206, 32121, 265008)
(113647, 119206, 32121, 264974)
(113628, 119206, 32121, 264955)
(113612, 119206, 32121, 264939)
(113593, 119206, 32121, 264920)
(113577, 119206, 32121, 264904)
(113562, 119206, 32121, 264889)
(113552, 119206, 32121, 264879)
(113530, 119206, 32121, 264857)
(113512, 119206, 32121, 264839)
(113494, 119206, 32121, 264821)
(113474, 119206, 32121, 264801)
(113459, 119206, 32121, 264786)
(113441, 119206, 32121, 264768)
(113440, 119206, 32121, 264767)
(113430, 119206, 32121, 264757)
(113400, 119206, 32121, 264727)
(113378, 119206, 32121, 264705)
(113349, 119206, 32121, 264676)
(113322, 119206, 32121, 264649)
(113293, 119206, 32121, 264620)
(113266, 119206, 32121, 264593)
(113246, 119206, 32121, 264573)
(113223, 119206, 32121, 264550)
(113212, 119206, 32121, 264539)
(113186, 119206, 32121, 264513)
(113137, 119206, 32121, 264464)
(113108, 119206, 32121, 264435)
(113098, 119206, 32121, 264425)
(113071, 119206, 32121, 264398)
(113051, 119206, 32121, 264378)
(113030, 119206, 32121, 264357)
(112987, 119206, 32121, 264314)
(112959, 119206, 32121, 264286)
(112953, 119206, 32121, 264280)
(112921, 119206, 32121, 264248)
(112910, 119206, 32121, 264237)
(112885, 119206, 32121, 264212)
(112872, 119206, 32121, 264199)
(112841, 119206, 32121, 264168)
(112820, 119206, 32121, 264147)
(112793, 119206, 32121, 264120)
(112773, 119206, 32121, 264100)
(112754, 119206, 32121, 264081)
(112718, 119206, 32121, 264045)
(112684, 119206, 32121, 264011)
(112665, 119206, 32121, 263992)
(112651, 119206, 32121, 263978)
(112636, 119206, 32121, 263963)
(112625, 119206, 32121, 263952)
(112620, 119206, 32121, 263947)
(112594, 119206, 32121, 263921)
(112568, 119206, 32121, 263895)
(112535, 119206, 32121, 263862)
(112516, 119206, 32121, 263843)
(112515, 119206, 32121, 263842)
(112513, 119206, 32121, 263840)
(112498, 119206, 32121, 263825)
(112495, 119206, 32121, 263822)
(112477, 119206, 32121, 263804)
(112452, 119206, 32121, 263779)
(112443, 119206, 32121, 263770)
(112434, 119206, 32121, 263761)
(112428, 119206, 32121, 263755)
(112414, 119206, 32121, 263741)
(112385, 119206, 32121, 263712)
(112368, 119206, 32121, 263695)
(112335, 119206, 32121, 263662)
(112320, 119206, 32121, 263647)
(112296, 119206, 32121, 263623)
(112266, 119206, 32121, 263593)
(112245, 119206, 32121, 263572)
(112222, 119206, 32121, 263549)
(112190, 119206, 32121, 263517)
(112156, 119206, 32121, 263483)
(112136, 119206, 32121, 263463)
(112135, 119206, 32121, 263462)
(112125, 119206, 32121, 263452)
(112093, 119206, 32121, 263420)
(112068, 119206, 32121, 263395)
(112033, 119206, 32121, 263360)
(112025, 119206, 32121, 263352)
(111994, 119206, 32121, 263321)
(111960, 119206, 32121, 263287)
(111933, 119206, 32121, 263260)
(111904, 119206, 32121, 263231)
(111859, 119206, 32121, 263186)
(111852, 119206, 32121, 263179)
(111816, 119206, 32121, 263143)
(111786, 119206, 32121, 263113)
(111762, 119206, 32121, 263089)
(111744, 119206, 32121, 263071)
(111717, 119206, 32121, 263044)
(111679, 119206, 32121, 263006)
(111648, 119206, 32121, 262975)
(111624, 119206, 32121, 262951)
(111605, 119206, 32121, 262932)
(111582, 119206, 32121, 262909)
(111548, 119206, 32121, 262875)
(111533, 119206, 32121, 262860)
(111515, 119206, 32121, 262842)
(111491, 119206, 32121, 262818)
(111456, 119206, 32121, 262783)
(111433, 119206, 32121, 262760)
(111389, 119206, 32121, 262716)
(111373, 119206, 32121, 262700)
(111336, 119206, 32121, 262663)
(111327, 119206, 32121, 262654)
(111326, 119206, 32121, 262653)
(111320, 119206, 32121, 262647)
(111278, 119206, 32121, 262605)
(111255, 119206, 32121, 262582)
(111238, 119206, 32121, 262565)
(111223, 119206, 32121, 262550)
(111197, 119206, 32121, 262524)
(111180, 119206, 32121, 262507)
(111168, 119206, 32121, 262495)
(111166, 119206, 32121, 262493)
(111157, 119206, 32121, 262484)
(111124, 119206, 32121, 262451)
(111110, 119206, 32121, 262437)
(111102, 119206, 32121, 262429)
(111088, 119206, 32121, 262415)
(111049, 119206, 32121, 262376)
(111028, 119206, 32121, 262355)
(111025, 119206, 32121, 262352)
(111010, 119206, 32121, 262337)
(110977, 119206, 32121, 262304)
(110934, 119206, 32121, 262261)
(110924, 119206, 32121, 262251)
(110897, 119206, 32121, 262224)
(110865, 119206, 32121, 262192)
(110833, 119206, 32121, 262160)
(110805, 119206, 32121, 262132)
(110788, 119206, 32121, 262115)
(110757, 119206, 32121, 262084)
(110740, 119206, 32121, 262067)
(110728, 119206, 32121, 262055)
(110727, 119206, 32121, 262054)
(110694, 119206, 32121, 262021)
(110671, 119206, 32121, 261998)
(110620, 119206, 32121, 261947)
(110578, 119206, 32121, 261905)
(110563, 119206, 32121, 261890)
(110520, 119206, 32121, 261847)
(110512, 119206, 32121, 261839)
(110491, 119206, 32121, 261818)
(110477, 119206, 32121, 261804)
(110451, 119206, 32121, 261778)
(110413, 119206, 32121, 261740)
(110368, 119206, 32121, 261695)
(110348, 119206, 32121, 261675)
(110339, 119206, 32121, 261666)
(110321, 119206, 32121, 261648)
(110310, 119206, 32121, 261637)
(110279, 119206, 32121, 261606)
(110261, 119206, 32121, 261588)
(110234, 119206, 32121, 261561)
(110203, 119206, 32121, 261530)
(110162, 119206, 32121, 261489)
(110145, 119206, 32121, 261472)
(110131, 119206, 32121, 261458)
(110100, 119206, 32121, 261427)
(110067, 119206, 32121, 261394)
(110046, 119206, 32121, 261373)
(110014, 119206, 32121, 261341)
(110006, 119206, 32121, 261333)
(109973, 119206, 32121, 261300)
(109972, 119206, 32121, 261299)
(109935, 119206, 32121, 261262)
(109916, 119206, 32121, 261243)
(109910, 119206, 32121, 261237)
(109886, 119206, 32121, 261213)
(109869, 119206, 32121, 261196)
(109848, 119206, 32121, 261175)
(109847, 119206, 32121, 261174)
(109833, 119206, 32121, 261160)
(109792, 119206, 32121, 261119)
(109770, 119206, 32121, 261097)
(109735, 119206, 32121, 261062)
(109720, 119206, 32121, 261047)
(109701, 119206, 32121, 261028)
(109684, 119206, 32121, 261011)
(109682, 119206, 32121, 261009)
(109669, 119206, 32121, 260996)
(109642, 119206, 32121, 260969)
(109616, 119206, 32121, 260943)
(109591, 119206, 32121, 260918)
(109581, 119206, 32121, 260908)
(109562, 119206, 32121, 260889)
(109540, 119206, 32121, 260867)
(109532, 119206, 32121, 260859)
(109517, 119206, 32121, 260844)
(109491, 119206, 32121, 260818)
(109460, 119206, 32121, 260787)
(109434, 119206, 32121, 260761)
(109407, 119206, 32121, 260734)
(109380, 119206, 32121, 260707)
(109379, 119206, 32121, 260706)
(109341, 119206, 32121, 260668)
(109308, 119206, 32121, 260635)
(109298, 119206, 32121, 260625)
(109266, 119206, 32121, 260593)
(109239, 119206, 32121, 260566)
(109202, 119206, 32121, 260529)
(109189, 119206, 32121, 260516)
(109178, 119206, 32121, 260505)
(109157, 119206, 32121, 260484)
(109148, 119206, 32121, 260475)
(109135, 119206, 32121, 260462)
(109117, 119206, 32121, 260444)
(109093, 119206, 32121, 260420)
(109070, 119206, 32121, 260397)
(109049, 119206, 32121, 260376)
(109027, 119206, 32121, 260354)
(109014, 119206, 32121, 260341)
(109002, 119206, 32121, 260329)
(108988, 119206, 32121, 260315)
(108964, 119206, 32121, 260291)
(108950, 119206, 32121, 260277)
(108947, 119206, 32121, 260274)
(108934, 119206, 32121, 260261)
(108912, 119206, 32121, 260239)
(108897, 119206, 32121, 260224)
(108894, 119206, 32121, 260221)
(108882, 119206, 32121, 260209)
(108842, 119206, 32121, 260169)
(108813, 119206, 32121, 260140)
(108790, 119206, 32121, 260117)
(108753, 119206, 32121, 260080)
(108733, 119206, 32121, 260060)
(108715, 119206, 32121, 260042)
(108670, 119206, 32121, 259997)
(108659, 119206, 32121, 259986)
(108624, 119206, 32121, 259951)
(108611, 119206, 32121, 259938)
(108594, 119206, 32121, 259921)
(108565, 119206, 32121, 259892)
(108534, 119206, 32121, 259861)
(108526, 119206, 32121, 259853)
(108495, 119206, 32121, 259822)
(108484, 119206, 32121, 259811)
(108476, 119206, 32121, 259803)
(108454, 119206, 32121, 259781)
(108406, 119206, 32121, 259733)
(108384, 119206, 32121, 259711)
(108351, 119206, 32121, 259678)
(108314, 119206, 32121, 259641)
(108293, 119206, 32121, 259620)
(108258, 119206, 32121, 259585)
(108228, 119206, 32121, 259555)
(108191, 119206, 32121, 259518)
(108170, 119206, 32121, 259497)
(108146, 119206, 32121, 259473)
(108120, 119206, 32121, 259447)
(108098, 119206, 32121, 259425)
(108069, 119206, 32121, 259396)
(108052, 119206, 32121, 259379)
(108008, 119206, 32121, 259335)
(107978, 119206, 32121, 259305)
(107958, 119206, 32121, 259285)
(107936, 119206, 32121, 259263)
(107921, 119206, 32121, 259248)
(107896, 119206, 32121, 259223)
(107876, 119206, 32121, 259203)
(107844, 119206, 32121, 259171)
(107817, 119206, 32121, 259144)
(107796, 119206, 32121, 259123)
(107754, 119206, 32121, 259081)
(107737, 119206, 32121, 259064)
(107704, 119206, 32121, 259031)
(107686, 119206, 32121, 259013)
(107665, 119206, 32121, 258992)
(107646, 119206, 32121, 258973)
(107614, 119206, 32121, 258941)
(107586, 119206, 32121, 258913)
(107578, 119206, 32121, 258905)
(107550, 119206, 32121, 258877)
(107524, 119206, 32121, 258851)
(107499, 119206, 32121, 258826)
(107498, 119206, 32121, 258825)
(107497, 119206, 32121, 258824)
(107478, 119206, 32121, 258805)
(107457, 119206, 32121, 258784)
(107448, 119206, 32121, 258775)
(107447, 119206, 32121, 258774)
(107427, 119206, 32121, 258754)
(107402, 119206, 32121, 258729)
(107382, 119206, 32121, 258709)
(107358, 119206, 32121, 258685)
(107323, 119206, 32121, 258650)
(107297, 119206, 32121, 258624)
(107274, 119206, 32121, 258601)
(107251, 119206, 32121, 258578)
(107238, 119206, 32121, 258565)
(107217, 119206, 32121, 258544)
(107200, 119206, 32121, 258527)
(107157, 119206, 32121, 258484)
(107149, 119206, 32121, 258476)
(107132, 119206, 32121, 258459)
(107089, 119206, 32121, 258416)
(107078, 119206, 32121, 258405)
(107057, 119206, 32121, 258384)
(107039, 119206, 32121, 258366)
(107002, 119206, 32121, 258329)
(106974, 119206, 32121, 258301)
(106939, 119206, 32121, 258266)
(106908, 119206, 32121, 258235)
(106868, 119206, 32121, 258195)
(106842, 119206, 32121, 258169)
(106804, 119206, 32121, 258131)
(106781, 119206, 32121, 258108)
(106766, 119206, 32121, 258093)
(106733, 119206, 32121, 258060)
(106718, 119206, 32121, 258045)
(106714, 119206, 32121, 258041)
(106691, 119206, 32121, 258018)
(106673, 119206, 32121, 258000)
(106660, 119206, 32121, 257987)
(106619, 119206, 32121, 257946)
(106605, 119206, 32121, 257932)
(106599, 119206, 32121, 257926)
(106570, 119206, 32121, 257897)
(106541, 119206, 32121, 257868)
(106530, 119206, 32121, 257857)
(106499, 119206, 32121, 257826)
(106493, 119206, 32121, 257820)
(106477, 119206, 32121, 257804)
(106438, 119206, 32121, 257765)
(106404, 119206, 32121, 257731)
(106378, 119206, 32121, 257705)
(106356, 119206, 32121, 257683)
(106327, 119206, 32121, 257654)
(106308, 119206, 32121, 257635)
(106280, 119206, 32121, 257607)
(106252, 119206, 32121, 257579)
(106230, 119206, 32121, 257557)
(106194, 119206, 32121, 257521)
(106184, 119206, 32121, 257511)
(106183, 119206, 32121, 257510)
(106169, 119206, 32121, 257496)
(106151, 119206, 32121, 257478)
(106117, 119206, 32121, 257444)
(106091, 119206, 32121, 257418)
(106047, 119206, 32121, 257374)
(106013, 119206, 32121, 257340)
(105992, 119206, 32121, 257319)
(105991, 119206, 32121, 257318)
(105958, 119206, 32121, 257285)
(105935, 119206, 32121, 257262)
(105924, 119206, 32121, 257251)
(105885, 119206, 32121, 257212)
(105877, 119206, 32121, 257204)
(105859, 119206, 32121, 257186)
(105826, 119206, 32121, 257153)
(105790, 119206, 32121, 257117)
(105780, 119206, 32121, 257107)
(105754, 119206, 32121, 257081)
(105746, 119206, 32121, 257073)
(105716, 119206, 32121, 257043)
(105696, 119206, 32121, 257023)
(105678, 119206, 32121, 257005)
(105675, 119206, 32121, 257002)
(105637, 119206, 32121, 256964)
(105617, 119206, 32121, 256944)
(105610, 119206, 32121, 256937)
(105593, 119206, 32121, 256920)
(105561, 119206, 32121, 256888)
(105519, 119206, 32121, 256846)
(105494, 119206, 32121, 256821)
(105489, 119206, 32121, 256816)
(105452, 119206, 32121, 256779)
(105416, 119206, 32121, 256743)
(105408, 119206, 32121, 256735)
(105373, 119206, 32121, 256700)
(105369, 119206, 32121, 256696)
(105337, 119206, 32121, 256664)
(105318, 119206, 32121, 256645)
(105285, 119206, 32121, 256612)
(105265, 119206, 32121, 256592)
(105249, 119206, 32121, 256576)
(105215, 119206, 32121, 256542)
(105179, 119206, 32121, 256506)
(105140, 119206, 32121, 256467)
(105128, 119206, 32121, 256455)
(105121, 119206, 32121, 256448)
(105087, 119206, 32121, 256414)
(105069, 119206, 32121, 256396)
(105039, 119206, 32121, 256366)
(105009, 119206, 32121, 256336)
(104991, 119206, 32121, 256318)
(104975, 119206, 32121, 256302)
(104955, 119206, 32121, 256282)
(104928, 119206, 32121, 256255)
(104914, 119206, 32121, 256241)
(104889, 119206, 32121, 256216)
(104867, 119206, 32121, 256194)
(104829, 119206, 32121, 256156)
(104819, 119206, 32121, 256146)
(104816, 119206, 32121, 256143)
(104798, 119206, 32121, 256125)
(104774, 119206, 32121, 256101)
(104747, 119206, 32121, 256074)
(104715, 119206, 32121, 256042)
(104687, 119206, 32121, 256014)
(104665, 119206, 32121, 255992)
(104644, 119206, 32121, 255971)
(104609, 119206, 32121, 255936)
(104596, 119206, 32121, 255923)
(104584, 119206, 32121, 255911)
(104544, 119206, 32121, 255871)
(104530, 119206, 32121, 255857)
(104521, 119206, 32121, 255848)
(104503, 119206, 32121, 255830)
(104476, 119206, 32121, 255803)
(104461, 119206, 32121, 255788)
(104442, 119206, 32121, 255769)
(104409, 119206, 32121, 255736)
(104394, 119206, 32121, 255721)
(104363, 119206, 32121, 255690)
(104330, 119206, 32121, 255657)
(104310, 119206, 32121, 255637)
(104305, 119206, 32121, 255632)
(104293, 119206, 32121, 255620)
(104258, 119206, 32121, 255585)
(104235, 119206, 32121, 255562)
(104225, 119206, 32121, 255552)
(104198, 119206, 32121, 255525)
(104172, 119206, 32121, 255499)
(104137, 119206, 32121, 255464)
(104121, 119206, 32121, 255448)
(104093, 119206, 32121, 255420)
(104066, 119206, 32121, 255393)
(104042, 119206, 32121, 255369)
(104014, 119206, 32121, 255341)
(104000, 119206, 32121, 255327)
(103962, 119206, 32121, 255289)
(103941, 119206, 32121, 255268)
(103919, 119206, 32121, 255246)
(103900, 119206, 32121, 255227)
(103861, 119206, 32121, 255188)
(103834, 119206, 32121, 255161)
(103801, 119206, 32121, 255128)
(103777, 119206, 32121, 255104)
(103749, 119206, 32121, 255076)
(103733, 119206, 32121, 255060)
(103713, 119206, 32121, 255040)
(103675, 119206, 32121, 255002)
(103665, 119206, 32121, 254992)
(103629, 119206, 32121, 254956)
(103618, 119206, 32121, 254945)
(103591, 119206, 32121, 254918)
(103567, 119206, 32121, 254894)
(103542, 119206, 32121, 254869)
(103530, 119206, 32121, 254857)
(103526, 119206, 32121, 254853)
(103515, 119206, 32121, 254842)
(103511, 119206, 32121, 254838)
(103500, 119206, 32121, 254827)
(103483, 119206, 32121, 254810)
(103452, 119206, 32121, 254779)
(103427, 119206, 32121, 254754)
(103421, 119206, 32121, 254748)
(103405, 119206, 32121, 254732)
(103390, 119206, 32121, 254717)
(103357, 119206, 32121, 254684)
(103348, 119206, 32121, 254675)
(103327, 119206, 32121, 254654)
(103326, 119206, 32121, 254653)
(103301, 119206, 32121, 254628)
(103279, 119206, 32121, 254606)
(103257, 119206, 32121, 254584)
(103224, 119206, 32121, 254551)
(103198, 119206, 32121, 254525)
(103175, 119206, 32121, 254502)
(103171, 119206, 32121, 254498)
(103155, 119206, 32121, 254482)
(103125, 119206, 32121, 254452)
(103116, 119206, 32121, 254443)
(103086, 119206, 32121, 254413)
(103083, 119206, 32121, 254410)
(103046, 119206, 32121, 254373)
(103025, 119206, 32121, 254352)
(102992, 119206, 32121, 254319)
(102981, 119206, 32121, 254308)
(102953, 119206, 32121, 254280)
(102952, 119206, 32121, 254279)
(102918, 119206, 32121, 254245)
(102914, 119206, 32121, 254241)
(102913, 119206, 32121, 254240)
(102885, 119206, 32121, 254212)
(102864, 119206, 32121, 254191)
(102831, 119206, 32121, 254158)
(102806, 119206, 32121, 254133)
(102784, 119206, 32121, 254111)
(102781, 119206, 32121, 254108)
(102759, 119206, 32121, 254086)
(102723, 119206, 32121, 254050)
(102708, 119206, 32121, 254035)
(102680, 119206, 32121, 254007)
(102666, 119206, 32121, 253993)
(102637, 119206, 32121, 253964)
(102613, 119206, 32121, 253940)
(102593, 119206, 32121, 253920)
(102566, 119206, 32121, 253893)
(102548, 119206, 32121, 253875)
(102516, 119206, 32121, 253843)
(102489, 119206, 32121, 253816)
(102481, 119206, 32121, 253808)
(102470, 119206, 32121, 253797)
(102442, 119206, 32121, 253769)
(102418, 119206, 32121, 253745)
(102404, 119206, 32121, 253731)
(102369, 119206, 32121, 253696)
(102335, 119206, 32121, 253662)
(102302, 119206, 32121, 253629)
(102270, 119206, 32121, 253597)
(102213, 119206, 32121, 253540)
(102159, 119206, 32121, 253486)
(102149, 119206, 32121, 253476)
(102125, 119206, 32121, 253452)
(102105, 119206, 32121, 253432)
(102098, 119206, 32121, 253425)
(102060, 119206, 32121, 253387)
(102040, 119206, 32121, 253367)
(102020, 119206, 32121, 253347)
(102008, 119206, 32121, 253335)
(101999, 119206, 32121, 253326)
(101998, 119206, 32121, 253325)
(101960, 119206, 32121, 253287)
(101934, 119206, 32121, 253261)
(101902, 119206, 32121, 253229)
(101890, 119206, 32121, 253217)
(101877, 119206, 32121, 253204)
(101866, 119206, 32121, 253193)
(101852, 119206, 32121, 253179)
(101832, 119206, 32121, 253159)
(101808, 119206, 32121, 253135)
(101792, 119206, 32121, 253119)
(101775, 119206, 32121, 253102)
(101748, 119206, 32121, 253075)
(101709, 119206, 32121, 253036)
(101676, 119206, 32121, 253003)
(101675, 119206, 32121, 253002)
(101641, 119206, 32121, 252968)
(101609, 119206, 32121, 252936)
(101600, 119206, 32121, 252927)
(101594, 119206, 32121, 252921)
(101581, 119206, 32121, 252908)
(101565, 119206, 32121, 252892)
(101558, 119206, 32121, 252885)
(101546, 119206, 32121, 252873)
(101501, 119206, 32121, 252828)
(101479, 119206, 32121, 252806)
