(90128, 89266, 29062, 208456)
(90111, 89266, 29062, 208439)
(90098, 89266, 29062, 208426)
(90097, 89266, 29062, 208425)
(90089, 89266, 29062, 208417)
(90076, 89266, 29062, 208404)
(90059, 89266, 29062, 208387)
(90047, 89266, 29062, 208375)
(90044, 89266, 29062, 208372)
(90030, 89266, 29062, 208358)
(90001, 89266, 29062, 208329)
(89987, 89266, 29062, 208315)
(89950, 89266, 29062, 208278)
(89922, 89266, 29062, 208250)
(89906, 89266, 29062, 208234)
(89888, 89266, 29062, 208216)
(89864, 89266, 29062, 208192)
(89836, 89266, 29062, 208164)
(89800, 89266, 29062, 208128)
(89769, 89266, 29062, 208097)
(89747, 89266, 29062, 208075)
(89726, 89266, 29062, 208054)
(89719, 89266, 29062, 208047)
(89706, 89266, 29062, 208034)
(89677, 89266, 29062, 208005)
(89658, 89266, 29062, 207986)
(89638, 89266, 29062, 207966)
(89605, 89266, 29062, 207933)
(89601, 89266, 29062, 207929)
(89591, 89266, 29062, 207919)
(89571, 89266, 29062, 207899)
(89547, 89266, 29062, 207875)
(89540, 89266, 29062, 207868)
(89517, 89266, 29062, 207845)
(89507, 89266, 29062, 207835)
(89497, 89266, 29062, 207825)
(89464, 89266, 29062, 207792)
(89446, 89266, 29062, 207774)
(89418, 89266, 29062, 207746)
(89390, 89266, 29062, 207718)
(89360, 89266, 29062, 207688)
(89346, 89266, 29062, 207674)
(89324, 89266, 29062, 207652)
(89293, 89266, 29062, 207621)
(89256, 89266, 29062, 207584)
(89244, 89266, 29062, 207572)
(89226, 89266, 29062, 207554)
(89210, 89266, 29062, 207538)
(89184, 89266, 29062, 207512)
(89164, 89266, 29062, 207492)
(89145, 89266, 29062, 207473)
(89135, 89266, 29062, 207463)
(89104, 89266, 29062, 207432)
(89095, 89266, 29062, 207423)
(89078, 89266, 29062, 207406)
(89070, 89266, 29062, 207398)
(89068, 89266, 29062, 207396)
(89043, 89266, 29062, 207371)
(89017, 89266, 29062, 207345)
(89004, 89266, 29062, 207332)
(88994, 89266, 29062, 207322)
(88976, 89266, 29062, 207304)
(88964, 89266, 29062, 207292)
(88938, 89266, 29062, 207266)
(88930, 89266, 29062, 207258)
(88897, 89266, 29062, 207225)
(88871, 89266, 29062, 207199)
(88848, 89266, 29062, 207176)
(88820, 89266, 29062, 207148)
(88806, 89266, 29062, 207134)
(88801, 89266, 29062, 207129)
(88784, 89266, 29062, 207112)
(88757, 89266, 29062, 207085)
(88722, 89266, 29062, 207050)
(88699, 89266, 29062, 207027)
(88673, 89266, 29062, 207001)
(88670, 89266, 29062, 206998)
(88650, 89266, 29062, 206978)
(88620, 89266, 29062, 206948)
(88589, 89266, 29062, 206917)
(88555, 89266, 29062, 206883)
(88517, 89266, 29062, 206845)
(88493, 89266, 29062, 206821)
(88461, 89266, 29062, 206789)
(88440, 89266, 29062, 206768)
(88432, 89266, 29062, 206760)
(88421, 89266, 29062, 206749)
(88417, 89266, 29062, 206745)
(88378, 89266, 29062, 206706)
(88364, 89266, 29062, 206692)
(88322, 89266, 29062, 206650)
(88305, 89266, 29062, 206633)
(88293, 89266, 29062, 206621)
(88272, 89266, 29062, 206600)
(88257, 89266, 29062, 206585)
(88256, 89266, 29062, 206584)
(88243, 89266, 29062, 206571)
(88224, 89266, 29062, 206552)
(88187, 89266, 29062, 206515)
(88180, 89266, 29062, 206508)
(88147, 89266, 29062, 206475)
(88123, 89266, 29062, 206451)
(88101, 89266, 29062, 206429)
(88080, 89266, 29062, 206408)
(88055, 89266, 29062, 206383)
(88021, 89266, 29062, 206349)
(88002, 89266, 29062, 206330)
(87994, 89266, 29062, 206322)
(87975, 89266, 29062, 206303)
(87949, 89266, 29062, 206277)
(87926, 89266, 29062, 206254)
(87882, 89266, 29062, 206210)
(87870, 89266, 29062, 206198)
(87852, 89266, 29062, 206180)
(87841, 89266, 29062, 206169)
(87815, 89266, 29062, 206143)
(87791, 89266, 29062, 206119)
(87757, 89266, 29062, 206085)
(87744, 89266, 29062, 206072)
(87731, 89266, 29062, 206059)
(87709, 89266, 29062, 206037)
(87701, 89266, 29062, 206029)
(87668, 89266, 29062, 205996)
(87653, 89266, 29062, 205981)
(87646, 89266, 29062, 205974)
(87631, 89266, 29062, 205959)
(87626, 89266, 29062, 205954)
(87586, 89266, 29062, 205914)
(87571, 89266, 29062, 205899)
(87560, 89266, 29062, 205888)
(87550, 89266, 29062, 205878)
(87549, 89266, 29062, 205877)
(87526, 89266, 29062, 205854)
(87487, 89266, 29062, 205815)
(87464, 89266, 29062, 205792)
(87451, 89266, 29062, 205779)
(87436, 89266, 29062, 205764)
(87433, 89266, 29062, 205761)
(87407, 89266, 29062, 205735)
(87398, 89266, 29062, 205726)
(87373, 89266, 29062, 205701)
(87343, 89266, 29062, 205671)
(87312, 89266, 29062, 205640)
(87292, 89266, 29062, 205620)
(87265, 89266, 29062, 205593)
(87245, 89266, 29062, 205573)
(87226, 89266, 29062, 205554)
(87197, 89266, 29062, 205525)
(87174, 89266, 29062, 205502)
(87143, 89266, 29062, 205471)
(87110, 89266, 29062, 205438)
(87091, 89266, 29062, 205419)
(87049, 89266, 29062, 205377)
(87015, 89266, 29062, 205343)
(86981, 89266, 29062, 205309)
(86955, 89266, 29062, 205283)
(86928, 89266, 29062, 205256)
(86897, 89266, 29062, 205225)
(86891, 89266, 29062, 205219)
(86880, 89266, 29062, 205208)
(86859, 89266, 29062, 205187)
(86838, 89266, 29062, 205166)
(86819, 89266, 29062, 205147)
(86804, 89266, 29062, 205132)
(86794, 89266, 29062, 205122)
(86777, 89266, 29062, 205105)
(86761, 89266, 29062, 205089)
(86749, 89266, 29062, 205077)
(86736, 89266, 29062, 205064)
(86700, 89266, 29062, 205028)
(86684, 89266, 29062, 205012)
(86655, 89266, 29062, 204983)
(86622, 89266, 29062, 204950)
(86590, 89266, 29062, 204918)
(86557, 89266, 29062, 204885)
(86543, 89266, 29062, 204871)
(86507, 89266, 29062, 204835)
(86480, 89266, 29062, 204808)
(86450, 89266, 29062, 204778)
(86417, 89266, 29062, 204745)
(86386, 89266, 29062, 204714)
(86381, 89266, 29062, 204709)
(86355, 89266, 29062, 204683)
(86349, 89266, 29062, 204677)
(86316, 89266, 29062, 204644)
(86293, 89266, 29062, 204621)
(86268, 89266, 29062, 204596)
(86247, 89266, 29062, 204575)
(86230, 89266, 29062, 204558)
(86203, 89266, 29062, 204531)
(86187, 89266, 29062, 204515)
(86174, 89266, 29062, 204502)
(86154, 89266, 29062, 204482)
(86126, 89266, 29062, 204454)
(86112, 89266, 29062, 204440)
(86108, 89266, 29062, 204436)
(86072, 89266, 29062, 204400)
(86037, 89266, 29062, 204365)
(86011, 89266, 29062, 204339)
(85992, 89266, 29062, 204320)
(85984, 89266, 29062, 204312)
(85973, 89266, 29062, 204301)
(85946, 89266, 29062, 204274)
(85921, 89266, 29062, 204249)
(85920, 89266, 29062, 204248)
(85911, 89266, 29062, 204239)
(85907, 89266, 29062, 204235)
(85878, 89266, 29062, 204206)
(85857, 89266, 29062, 204185)
(85840, 89266, 29062, 204168)
(85829, 89266, 29062, 204157)
(85817, 89266, 29062, 204145)
(85807, 89266, 29062, 204135)
(85771, 89266, 29062, 204099)
(85757, 89266, 29062, 204085)
(85741, 89266, 29062, 204069)
(85733, 89266, 29062, 204061)
(85714, 89266, 29062, 204042)
(85685, 89266, 29062, 204013)
(85661, 89266, 29062, 203989)
(85634, 89266, 29062, 203962)
(85632, 89266, 29062, 203960)
(85607, 89266, 29062, 203935)
(85578, 89266, 29062, 203906)
(85565, 89266, 29062, 203893)
(85553, 89266, 29062, 203881)
(85525, 89266, 29062, 203853)
(85524, 89266, 29062, 203852)
(85502, 89266, 29062, 203830)
(85488, 89266, 29062, 203816)
(85455, 89266, 29062, 203783)
(85447, 89266, 29062, 203775)
(85446, 89266, 29062, 203774)
(85437, 89266, 29062, 203765)
(85395, 89266, 29062, 203723)
(85367, 89266, 29062, 203695)
(85342, 89266, 29062, 203670)
(85330, 89266, 29062, 203658)
(85308, 89266, 29062, 203636)
(85284, 89266, 29062, 203612)
(85271, 89266, 29062, 203599)
(85270, 89266, 29062, 203598)
(85267, 89266, 29062, 203595)
(85248, 89266, 29062, 203576)
(85217, 89266, 29062, 203545)
(85170, 89266, 29062, 203498)
(85146, 89266, 29062, 203474)
(85139, 89266, 29062, 203467)
(85124, 89266, 29062, 203452)
(85101, 89266, 29062, 203429)
(85085, 89266, 29062, 203413)
(85059, 89266, 29062, 203387)
(85046, 89266, 29062, 203374)
(85034, 89266, 29062, 203362)
(85016, 89266, 29062, 203344)
(85013, 89266, 29062, 203341)
(85000, 89266, 29062, 203328)
(84968, 89266, 29062, 203296)
(84940, 89266, 29062, 203268)
(84911, 89266, 29062, 203239)
(84899, 89266, 29062, 203227)
(84896, 89266, 29062, 203224)
(84886, 89266, 29062, 203214)
(84861, 89266, 29062, 203189)
(84839, 89266, 29062, 203167)
(84815, 89266, 29062, 203143)
(84796, 89266, 29062, 203124)
(84785, 89266, 29062, 203113)
(84776, 89266, 29062, 203104)
(84742, 89266, 29062, 203070)
(84722, 89266, 29062, 203050)
(84704, 89266, 29062, 203032)
(84703, 89266, 29062, 203031)
(84681, 89266, 29062, 203009)
(84665, 89266, 29062, 202993)
(84656, 89266, 29062, 202984)
(84639, 89266, 29062, 202967)
(84622, 89266, 29062, 202950)
(84602, 89266, 29062, 202930)
(84567, 89266, 29062, 202895)
(84536, 89266, 29062, 202864)
(84514, 89266, 29062, 202842)
(84506, 89266, 29062, 202834)
(84492, 89266, 29062, 202820)
(84482, 89266, 29062, 202810)
(84459, 89266, 29062, 202787)
(84423, 89266, 29062, 202751)
(84422, 89266, 29062, 202750)
(84412, 89266, 29062, 202740)
(84391, 89266, 29062, 202719)
(84368, 89266, 29062, 202696)
(84367, 89266, 29062, 202695)
(84324, 89266, 29062, 202652)
(84292, 89266, 29062, 202620)
(84275, 89266, 29062, 202603)
(84273, 89266, 29062, 202601)
(84264, 89266, 29062, 202592)
(84235, 89266, 29062, 202563)
(84215, 89266, 29062, 202543)
(84207, 89266, 29062, 202535)
(84174, 89266, 29062, 202502)
(84137, 89266, 29062, 202465)
(84117, 89266, 29062, 202445)
(84092, 89266, 29062, 202420)
(84070, 89266, 29062, 202398)
(84045, 89266, 29062, 202373)
(84016, 89266, 29062, 202344)
(84003, 89266, 29062, 202331)
(83983, 89266, 29062, 202311)
(83982, 89266, 29062, 202310)
(83980, 89266, 29062, 202308)
(83962, 89266, 29062, 202290)
(83947, 89266, 29062, 202275)
(83927, 89266, 29062, 202255)
(83902, 89266, 29062, 202230)
(83865, 89266, 29062, 202193)
(83842, 89266, 29062, 202170)
(83823, 89266, 29062, 202151)
(83811, 89266, 29062, 202139)
(83787, 89266, 29062, 202115)
(83765, 89266, 29062, 202093)
(83764, 89266, 29062, 202092)
(83744, 89266, 29062, 202072)
(83739, 89266, 29062, 202067)
(83709, 89266, 29062, 202037)
(83697, 89266, 29062, 202025)
(83685, 89266, 29062, 202013)
(83658, 89266, 29062, 201986)
(83651, 89266, 29062, 201979)
(83621, 89266, 29062, 201949)
(83599, 89266, 29062, 201927)
(83586, 89266, 29062, 201914)
(83566, 89266, 29062, 201894)
(83525, 89266, 29062, 201853)
(83501, 89266, 29062, 201829)
(83479, 89266, 29062, 201807)
(83454, 89266, 29062, 201782)
(83424, 89266, 29062, 201752)
(83406, 89266, 29062, 201734)
(83388, 89266, 29062, 201716)
(83382, 89266, 29062, 201710)
(83362, 89266, 29062, 201690)
(83337, 89266, 29062, 201665)
(83317, 89266, 29062, 201645)
(83285, 89266, 29062, 201613)
(83265, 89266, 29062, 201593)
(83257, 89266, 29062, 201585)
(83230, 89266, 29062, 201558)
(83229, 89266, 29062, 201557)
(83216, 89266, 29062, 201544)
(83194, 89266, 29062, 201522)
(83179, 89266, 29062, 201507)
(83147, 89266, 29062, 201475)
(83133, 89266, 29062, 201461)
(83108, 89266, 29062, 201436)
(83096, 89266, 29062, 201424)
(83078, 89266, 29062, 201406)
(83066, 89266, 29062, 201394)
(83045, 89266, 29062, 201373)
(83019, 89266, 29062, 201347)
(82997, 89266, 29062, 201325)
(82986, 89266, 29062, 201314)
(82977, 89266, 29062, 201305)
(82949, 89266, 29062, 201277)
(82930, 89266, 29062, 201258)
(82903, 89266, 29062, 201231)
(82882, 89266, 29062, 201210)
(82863, 89266, 29062, 201191)
(82844, 89266, 29062, 201172)
(82829, 89266, 29062, 201157)
(82820, 89266, 29062, 201148)
(82799, 89266, 29062, 201127)
(82783, 89266, 29062, 201111)
(82760, 89266, 29062, 201088)
(82726, 89266, 29062, 201054)
(82712, 89266, 29062, 201040)
(82696, 89266, 29062, 201024)
(82677, 89266, 29062, 201005)
(82672, 89266, 29062, 201000)
(82657, 89266, 29062, 200985)
(82631, 89266, 29062, 200959)
(82617, 89266, 29062, 200945)
(82605, 89266, 29062, 200933)
(82577, 89266, 29062, 200905)
(82544, 89266, 29062, 200872)
(82512, 89266, 29062, 200840)
(82488, 89266, 29062, 200816)
(82461, 89266, 29062, 200789)
(82447, 89266, 29062, 200775)
(82411, 89266, 29062, 200739)
(82402, 89266, 29062, 200730)
(82373, 89266, 29062, 200701)
(82347, 89266, 29062, 200675)
(82339, 89266, 29062, 200667)
(82328, 89266, 29062, 200656)
(82307, 89266, 29062, 200635)
(82278, 89266, 29062, 200606)
(82256, 89266, 29062, 200584)
(82243, 89266, 29062, 200571)
(82227, 89266, 29062, 200555)
(82208, 89266, 29062, 200536)
(82188, 89266, 29062, 200516)
(82137, 89266, 29062, 200465)
(82124, 89266, 29062, 200452)
(82095, 89266, 29062, 200423)
(82074, 89266, 29062, 200402)
(82044, 89266, 29062, 200372)
(82042, 89266, 29062, 200370)
(82033, 89266, 29062, 200361)
(82017, 89266, 29062, 200345)
(81985, 89266, 29062, 200313)
(81979, 89266, 29062, 200307)
(81963, 89266, 29062, 200291)
(81940, 89266, 29062, 200268)
(81916, 89266, 29062, 200244)
(81877, 89266, 29062, 200205)
(81845, 89266, 29062, 200173)
(81824, 89266, 29062, 200152)
(81805, 89266, 29062, 200133)
(81798, 89266, 29062, 200126)
(81772, 89266, 29062, 200100)
(81756, 89266, 29062, 200084)
(81725, 89266, 29062, 200053)
(81713, 89266, 29062, 200041)
(81693, 89266, 29062, 200021)
(81675, 89266, 29062, 200003)
(81641, 89266, 29062, 199969)
(81620, 89266, 29062, 199948)
(81579, 89266, 29062, 199907)
(81557, 89266, 29062, 199885)
(81546, 89266, 29062, 199874)
(81522, 89266, 29062, 199850)
(81494, 89266, 29062, 199822)
(81485, 89266, 29062, 199813)
(81436, 89266, 29062, 199764)
(81411, 89266, 29062, 199739)
(81398, 89266, 29062, 199726)
(81392, 89266, 29062, 199720)
(81372, 89266, 29062, 199700)
(81351, 89266, 29062, 199679)
(81334, 89266, 29062, 199662)
(81333, 89266, 29062, 199661)
(81310, 89266, 29062, 199638)
(81285, 89266, 29062, 199613)
(81265, 89266, 29062, 199593)
(81230, 89266, 29062, 199558)
(81180, 89266, 29062, 199508)
(81168, 89266, 29062, 199496)
(81142, 89266, 29062, 199470)
(81124, 89266, 29062, 199452)
(81105, 89266, 29062, 199433)
(81083, 89266, 29062, 199411)
(81073, 89266, 29062, 199401)
(81034, 89266, 29062, 199362)
(81007, 89266, 29062, 199335)
(80979, 89266, 29062, 199307)
(80952, 89266, 29062, 199280)
(80919, 89266, 29062, 199247)
(80900, 89266, 29062, 199228)
(80891, 89266, 29062, 199219)
(80860, 89266, 29062, 199188)
(80838, 89266, 29062, 199166)
(80808, 89266, 29062, 199136)
(80807, 89266, 29062, 199135)
(80785, 89266, 29062, 199113)
(80762, 89266, 29062, 199090)
(80753, 89266, 29062, 199081)
(80742, 89266, 29062, 199070)
(80722, 89266, 29062, 199050)
(80696, 89266, 29062, 199024)
(80668, 89266, 29062, 198996)
(80667, 89266, 29062, 198995)
(80640, 89266, 29062, 198968)
(80623, 89266, 29062, 198951)
(80610, 89266, 29062, 198938)
(80587, 89266, 29062, 198915)
(80565, 89266, 29062, 198893)
(80545, 89266, 29062, 198873)
(80520, 89266, 29062, 198848)
(80503, 89266, 29062, 198831)
(80484, 89266, 29062, 198812)
(80474, 89266, 29062, 198802)
(80461, 89266, 29062, 198789)
(80440, 89266, 29062, 198768)
(80414, 89266, 29062, 198742)
(80408, 89266, 29062, 198736)
(80367, 89266, 29062, 198695)
(80351, 89266, 29062, 198679)
(80342, 89266, 29062, 198670)
(80328, 89266, 29062, 198656)
(80304, 89266, 29062, 198632)
(80298, 89266, 29062, 198626)
(80255, 89266, 29062, 198583)
(80215, 89266, 29062, 198543)
(80174, 89266, 29062, 198502)
(80140, 89266, 29062, 198468)
(80119, 89266, 29062, 198447)
(80098, 89266, 29062, 198426)
(80096, 89266, 29062, 198424)
(80088, 89266, 29062, 198416)
(80071, 89266, 29062, 198399)
(80058, 89266, 29062, 198386)
(80025, 89266, 29062, 198353)
(80008, 89266, 29062, 198336)
(80007, 89266, 29062, 198335)
(79987, 89266, 29062, 198315)
(79960, 89266, 29062, 198288)
(79947, 89266, 29062, 198275)
(79946, 89266, 29062, 198274)
(79918, 89266, 29062, 198246)
(79892, 89266, 29062, 198220)
(79883, 89266, 29062, 198211)
(79861, 89266, 29062, 198189)
(79847, 89266, 29062, 198175)
(79834, 89266, 29062, 198162)
(79820, 89266, 29062, 198148)
(79805, 89266, 29062, 198133)
(79797, 89266, 29062, 198125)
(79772, 89266, 29062, 198100)
(79754, 89266, 29062, 198082)
(79747, 89266, 29062, 198075)
(79736, 89266, 29062, 198064)
(79725, 89266, 29062, 198053)
(79683, 89266, 29062, 198011)
(79658, 89266, 29062, 197986)
(79641, 89266, 29062, 197969)
(79622, 89266, 29062, 197950)
(79605, 89266, 29062, 197933)
(79589, 89266, 29062, 197917)
(79562, 89266, 29062, 197890)
(79547, 89266, 29062, 197875)
(79531, 89266, 29062, 197859)
(79514, 89266, 29062, 197842)
(79492, 89266, 29062, 197820)
(79480, 89266, 29062, 197808)
(79451, 89266, 29062, 197779)
(79413, 89266, 29062, 197741)
(79370, 89266, 29062, 197698)
(79345, 89266, 29062, 197673)
(79322, 89266, 29062, 197650)
(79290, 89266, 29062, 197618)
(79249, 89266, 29062, 197577)
(79219, 89266, 29062, 197547)
(79205, 89266, 29062, 197533)
(79186, 89266, 29062, 197514)
(79174, 89266, 29062, 197502)
(79172, 89266, 29062, 197500)
(79142, 89266, 29062, 197470)
(79117, 89266, 29062, 197445)
(79112, 89266, 29062, 197440)
(79111, 89266, 29062, 197439)
(79094, 89266, 29062, 197422)
(79056, 89266, 29062, 197384)
(79055, 89266, 29062, 197383)
(79040, 89266, 29062, 197368)
(79022, 89266, 29062, 197350)
(78999, 89266, 29062, 197327)
(78989, 89266, 29062, 197317)
(78986, 89266, 29062, 197314)
(78960, 89266, 29062, 197288)
(78938, 89266, 29062, 197266)
(78932, 89266, 29062, 197260)
(78911, 89266, 29062, 197239)
(78893, 89266, 29062, 197221)
(78862, 89266, 29062, 197190)
(78810, 89266, 29062, 197138)
(78785, 89266, 29062, 197113)
(78766, 89266, 29062, 197094)
(78733, 89266, 29062, 197061)
(78711, 89266, 29062, 197039)
(78685, 89266, 29062, 197013)
(78664, 89266, 29062, 196992)
(78647, 89266, 29062, 196975)
(78628, 89266, 29062, 196956)
(78615, 89266, 29062, 196943)
(78594, 89266, 29062, 196922)
(78585, 89266, 29062, 196913)
(78582, 89266, 29062, 196910)
(78564, 89266, 29062, 196892)
(78548, 89266, 29062, 196876)
(78528, 89266, 29062, 196856)
(78501, 89266, 29062, 196829)
(78468, 89266, 29062, 196796)
(78450, 89266, 29062, 196778)
(78430, 89266, 29062, 196758)
(78404, 89266, 29062, 196732)
(78379, 89266, 29062, 196707)
(78362, 89266, 29062, 196690)
(78361, 89266, 29062, 196689)
(78342, 89266, 29062, 196670)
(78325, 89266, 29062, 196653)
(78309, 89266, 29062, 196637)
(78303, 89266, 29062, 196631)
(78282, 89266, 29062, 196610)
(78263, 89266, 29062, 196591)
(78250, 89266, 29062, 196578)
(78228, 89266, 29062, 196556)
(78197, 89266, 29062, 196525)
(78163, 89266, 29062, 196491)
(78152, 89266, 29062, 196480)
(78122, 89266, 29062, 196450)
(78119, 89266, 29062, 196447)
(78117, 89266, 29062, 196445)
(78110, 89266, 29062, 196438)
(78097, 89266, 29062, 196425)
(78028, 89266, 29062, 196356)
(78001, 89266, 29062, 196329)
(77976, 89266, 29062, 196304)
(77945, 89266, 29062, 196273)
(77920, 89266, 29062, 196248)
(77892, 89266, 29062, 196220)
(77868, 89266, 29062, 196196)
(77850, 89266, 29062, 196178)
(77832, 89266, 29062, 196160)
(77802, 89266, 29062, 196130)
(77788, 89266, 29062, 196116)
(77782, 89266, 29062, 196110)
(77774, 89266, 29062, 196102)
(77765, 89266, 29062, 196093)
(77738, 89266, 29062, 196066)
(77710, 89266, 29062, 196038)
(77686, 89266, 29062, 196014)
(77651, 89266, 29062, 195979)
(77614, 89266, 29062, 195942)
(77599, 89266, 29062, 195927)
(77584, 89266, 29062, 195912)
(77547, 89266, 29062, 195875)
(77527, 89266, 29062, 195855)
(77507, 89266, 29062, 195835)
(77489, 89266, 29062, 195817)
(77465, 89266, 29062, 195793)
(77464, 89266, 29062, 195792)
(77428, 89266, 29062, 195756)
(77419, 89266, 29062, 195747)
(77398, 89266, 29062, 195726)
(77363, 89266, 29062, 195691)
(77335, 89266, 29062, 195663)
(77312, 89266, 29062, 195640)
(77270, 89266, 29062, 195598)
(77253, 89266, 29062, 195581)
(77239, 89266, 29062, 195567)
(77234, 89266, 29062, 195562)
(77203, 89266, 29062, 195531)
(77192, 89266, 29062, 195520)
(77176, 89266, 29062, 195504)
(77154, 89266, 29062, 195482)
(77141, 89266, 29062, 195469)
(77135, 89266, 29062, 195463)
(77131, 89266, 29062, 195459)
(77114, 89266, 29062, 195442)
(77110, 89266, 29062, 195438)
(77097, 89266, 29062, 195425)
(77089, 89266, 29062, 195417)
(77078, 89266, 29062, 195406)
(77056, 89266, 29062, 195384)
(77052, 89266, 29062, 195380)
(77044, 89266, 29062, 195372)
(77032, 89266, 29062, 195360)
