(61280, 63634, 26675, 151589)
(61266, 63634, 26675, 151575)
(61255, 63634, 26675, 151564)
(61238, 63634, 26675, 151547)
(61228, 63634, 26675, 151537)
(61204, 63634, 26675, 151513)
(61185, 63634, 26675, 151494)
(61171, 63634, 26675, 151480)
(61157, 63634, 26675, 151466)
(61143, 63634, 26675, 151452)
(61135, 63634, 26675, 151444)
(61113, 63634, 26675, 151422)
(61099, 63634, 26675, 151408)
(61078, 63634, 26675, 151387)
(61071, 63634, 26675, 151380)
(61039, 63634, 26675, 151348)
(61009, 63634, 26675, 151318)
(60994, 63634, 26675, 151303)
(60967, 63634, 26675, 151276)
(60953, 63634, 26675, 151262)
(60928, 63634, 26675, 151237)
(60905, 63634, 26675, 151214)
(60878, 63634, 26675, 151187)
(60860, 63634, 26675, 151169)
(60839, 63634, 26675, 151148)
(60815, 63634, 26675, 151124)
(60792, 63634, 26675, 151101)
(60762, 63634, 26675, 151071)
(60740, 63634, 26675, 151049)
(60716, 63634, 26675, 151025)
(60705, 63634, 26675, 151014)
(60700, 63634, 26675, 151009)
(60685, 63634, 26675, 150994)
(60660, 63634, 26675, 150969)
(60652, 63634, 26675, 150961)
(60634, 63634, 26675, 150943)
(60615, 63634, 26675, 150924)
(60594, 63634, 26675, 150903)
(60593, 63634, 26675, 150902)
(60577, 63634, 26675, 150886)
(60549, 63634, 26675, 150858)
(60541, 63634, 26675, 150850)
(60520, 63634, 26675, 150829)
(60508, 63634, 26675, 150817)
(60502, 63634, 26675, 150811)
(60480, 63634, 26675, 150789)
(60459, 63634, 26675, 150768)
(60439, 63634, 26675, 150748)
(60419, 63634, 26675, 150728)
(60391, 63634, 26675, 150700)
(60370, 63634, 26675, 150679)
(60355, 63634, 26675, 150664)
(60323, 63634, 26675, 150632)
(60286, 63634, 26675, 150595)
(60272, 63634, 26675, 150581)
(60257, 63634, 26675, 150566)
(60243, 63634, 26675, 150552)
(60221, 63634, 26675, 150530)
(60211, 63634, 26675, 150520)
(60187, 63634, 26675, 150496)
(60164, 63634, 26675, 150473)
(60136, 63634, 26675, 150445)
(60129, 63634, 26675, 150438)
(60106, 63634, 26675, 150415)
(60079, 63634, 26675, 150388)
(60062, 63634, 26675, 150371)
(60042, 63634, 26675, 150351)
(60022, 63634, 26675, 150331)
(59995, 63634, 26675, 150304)
(59965, 63634, 26675, 150274)
(59946, 63634, 26675, 150255)
(59932, 63634, 26675, 150241)
(59915, 63634, 26675, 150224)
(59900, 63634, 26675, 150209)
(59868, 63634, 26675, 150177)
(59831, 63634, 26675, 150140)
(59802, 63634, 26675, 150111)
(59791, 63634, 26675, 150100)
(59780, 63634, 26675, 150089)
(59760, 63634, 26675, 150069)
(59736, 63634, 26675, 150045)
(59721, 63634, 26675, 150030)
(59697, 63634, 26675, 150006)
(59689, 63634, 26675, 149998)
(59668, 63634, 26675, 149977)
(59650, 63634, 26675, 149959)
(59625, 63634, 26675, 149934)
(59615, 63634, 26675, 149924)
(59595, 63634, 26675, 149904)
(59567, 63634, 26675, 149876)
(59553, 63634, 26675, 149862)
(59527, 63634, 26675, 149836)
(59521, 63634, 26675, 149830)
(59492, 63634, 26675, 149801)
(59483, 63634, 26675, 149792)
(59476, 63634, 26675, 149785)
(59453, 63634, 26675, 149762)
(59440, 63634, 26675, 149749)
(59424, 63634, 26675, 149733)
(59395, 63634, 26675, 149704)
(59388, 63634, 26675, 149697)
(59382, 63634, 26675, 149691)
(59371, 63634, 26675, 149680)
(59350, 63634, 26675, 149659)
(59330, 63634, 26675, 149639)
(59307, 63634, 26675, 149616)
(59293, 63634, 26675, 149602)
(59283, 63634, 26675, 149592)
(59277, 63634, 26675, 149586)
(59272, 63634, 26675, 149581)
(59252, 63634, 26675, 149561)
(59247, 63634, 26675, 149556)
(59235, 63634, 26675, 149544)
(59218, 63634, 26675, 149527)
(59201, 63634, 26675, 149510)
(59186, 63634, 26675, 149495)
(59159, 63634, 26675, 149468)
(59157, 63634, 26675, 149466)
(59132, 63634, 26675, 149441)
(59120, 63634, 26675, 149429)
(59090, 63634, 26675, 149399)
(59081, 63634, 26675, 149390)
(59055, 63634, 26675, 149364)
(59048, 63634, 26675, 149357)
(59021, 63634, 26675, 149330)
(59001, 63634, 26675, 149310)
(58986, 63634, 26675, 149295)
(58975, 63634, 26675, 149284)
(58945, 63634, 26675, 149254)
(58928, 63634, 26675, 149237)
(58911, 63634, 26675, 149220)
(58895, 63634, 26675, 149204)
(58876, 63634, 26675, 149185)
(58852, 63634, 26675, 149161)
(58822, 63634, 26675, 149131)
(58812, 63634, 26675, 149121)
(58799, 63634, 26675, 149108)
(58775, 63634, 26675, 149084)
(58763, 63634, 26675, 149072)
(58738, 63634, 26675, 149047)
(58716, 63634, 26675, 149025)
(58701, 63634, 26675, 149010)
(58678, 63634, 26675, 148987)
(58655, 63634, 26675, 148964)
(58625, 63634, 26675, 148934)
(58607, 63634, 26675, 148916)
(58592, 63634, 26675, 148901)
(58575, 63634, 26675, 148884)
(58555, 63634, 26675, 148864)
(58543, 63634, 26675, 148852)
(58538, 63634, 26675, 148847)
(58516, 63634, 26675, 148825)
(58502, 63634, 26675, 148811)
(58477, 63634, 26675, 148786)
(58466, 63634, 26675, 148775)
(58446, 63634, 26675, 148755)
(58430, 63634, 26675, 148739)
(58413, 63634, 26675, 148722)
(58387, 63634, 26675, 148696)
(58364, 63634, 26675, 148673)
(58349, 63634, 26675, 148658)
(58326, 63634, 26675, 148635)
(58301, 63634, 26675, 148610)
(58289, 63634, 26675, 148598)
(58271, 63634, 26675, 148580)
(58249, 63634, 26675, 148558)
(58241, 63634, 26675, 148550)
(58224, 63634, 26675, 148533)
(58207, 63634, 26675, 148516)
(58176, 63634, 26675, 148485)
(58157, 63634, 26675, 148466)
(58138, 63634, 26675, 148447)
(58117, 63634, 26675, 148426)
(58102, 63634, 26675, 148411)
(58080, 63634, 26675, 148389)
(58049, 63634, 26675, 148358)
(58033, 63634, 26675, 148342)
(58010, 63634, 26675, 148319)
(57981, 63634, 26675, 148290)
(57968, 63634, 26675, 148277)
(57957, 63634, 26675, 148266)
(57944, 63634, 26675, 148253)
(57933, 63634, 26675, 148242)
(57920, 63634, 26675, 148229)
(57900, 63634, 26675, 148209)
(57878, 63634, 26675, 148187)
(57867, 63634, 26675, 148176)
(57832, 63634, 26675, 148141)
(57822, 63634, 26675, 148131)
(57812, 63634, 26675, 148121)
(57785, 63634, 26675, 148094)
(57774, 63634, 26675, 148083)
(57752, 63634, 26675, 148061)
(57739, 63634, 26675, 148048)
(57725, 63634, 26675, 148034)
(57710, 63634, 26675, 148019)
(57697, 63634, 26675, 148006)
(57669, 63634, 26675, 147978)
(57639, 63634, 26675, 147948)
(57627, 63634, 26675, 147936)
(57620, 63634, 26675, 147929)
(57597, 63634, 26675, 147906)
(57579, 63634, 26675, 147888)
(57559, 63634, 26675, 147868)
(57539, 63634, 26675, 147848)
(57525, 63634, 26675, 147834)
(57516, 63634, 26675, 147825)
(57488, 63634, 26675, 147797)
(57471, 63634, 26675, 147780)
(57446, 63634, 26675, 147755)
(57434, 63634, 26675, 147743)
(57417, 63634, 26675, 147726)
(57410, 63634, 26675, 147719)
(57401, 63634, 26675, 147710)
(57362, 63634, 26675, 147671)
(57334, 63634, 26675, 147643)
(57310, 63634, 26675, 147619)
(57295, 63634, 26675, 147604)
(57269, 63634, 26675, 147578)
(57264, 63634, 26675, 147573)
(57249, 63634, 26675, 147558)
(57222, 63634, 26675, 147531)
(57209, 63634, 26675, 147518)
(57197, 63634, 26675, 147506)
(57169, 63634, 26675, 147478)
(57162, 63634, 26675, 147471)
(57148, 63634, 26675, 147457)
(57126, 63634, 26675, 147435)
(57116, 63634, 26675, 147425)
(57092, 63634, 26675, 147401)
(57082, 63634, 26675, 147391)
(57081, 63634, 26675, 147390)
(57075, 63634, 26675, 147384)
(57055, 63634, 26675, 147364)
(57030, 63634, 26675, 147339)
(57010, 63634, 26675, 147319)
(56987, 63634, 26675, 147296)
(56973, 63634, 26675, 147282)
(56963, 63634, 26675, 147272)
(56939, 63634, 26675, 147248)
(56912, 63634, 26675, 147221)
(56893, 63634, 26675, 147202)
(56875, 63634, 26675, 147184)
(56861, 63634, 26675, 147170)
(56845, 63634, 26675, 147154)
(56828, 63634, 26675, 147137)
(56811, 63634, 26675, 147120)
(56801, 63634, 26675, 147110)
(56785, 63634, 26675, 147094)
(56776, 63634, 26675, 147085)
(56762, 63634, 26675, 147071)
(56737, 63634, 26675, 147046)
(56707, 63634, 26675, 147016)
(56694, 63634, 26675, 147003)
(56663, 63634, 26675, 146972)
(56654, 63634, 26675, 146963)
(56638, 63634, 26675, 146947)
(56633, 63634, 26675, 146942)
(56607, 63634, 26675, 146916)
(56588, 63634, 26675, 146897)
(56574, 63634, 26675, 146883)
(56554, 63634, 26675, 146863)
(56534, 63634, 26675, 146843)
(56513, 63634, 26675, 146822)
(56498, 63634, 26675, 146807)
(56484, 63634, 26675, 146793)
(56465, 63634, 26675, 146774)
(56442, 63634, 26675, 146751)
(56430, 63634, 26675, 146739)
(56407, 63634, 26675, 146716)
(56383, 63634, 26675, 146692)
(56353, 63634, 26675, 146662)
(56329, 63634, 26675, 146638)
(56320, 63634, 26675, 146629)
(56319, 63634, 26675, 146628)
(56294, 63634, 26675, 146603)
(56278, 63634, 26675, 146587)
(56267, 63634, 26675, 146576)
(56263, 63634, 26675, 146572)
(56247, 63634, 26675, 146556)
(56233, 63634, 26675, 146542)
(56220, 63634, 26675, 146529)
(56202, 63634, 26675, 146511)
(56182, 63634, 26675, 146491)
(56171, 63634, 26675, 146480)
(56141, 63634, 26675, 146450)
(56120, 63634, 26675, 146429)
(56110, 63634, 26675, 146419)
(56092, 63634, 26675, 146401)
(56073, 63634, 26675, 146382)
(56055, 63634, 26675, 146364)
(56040, 63634, 26675, 146349)
(56009, 63634, 26675, 146318)
(55982, 63634, 26675, 146291)
(55957, 63634, 26675, 146266)
(55933, 63634, 26675, 146242)
(55919, 63634, 26675, 146228)
(55900, 63634, 26675, 146209)
(55889, 63634, 26675, 146198)
(55882, 63634, 26675, 146191)
(55859, 63634, 26675, 146168)
(55831, 63634, 26675, 146140)
(55817, 63634, 26675, 146126)
(55800, 63634, 26675, 146109)
(55797, 63634, 26675, 146106)
(55779, 63634, 26675, 146088)
(55748, 63634, 26675, 146057)
(55732, 63634, 26675, 146041)
(55722, 63634, 26675, 146031)
(55709, 63634, 26675, 146018)
(55691, 63634, 26675, 146000)
(55668, 63634, 26675, 145977)
(55647, 63634, 26675, 145956)
(55632, 63634, 26675, 145941)
(55614, 63634, 26675, 145923)
(55598, 63634, 26675, 145907)
(55580, 63634, 26675, 145889)
(55542, 63634, 26675, 145851)
(55509, 63634, 26675, 145818)
(55495, 63634, 26675, 145804)
(55487, 63634, 26675, 145796)
(55456, 63634, 26675, 145765)
(55446, 63634, 26675, 145755)
(55420, 63634, 26675, 145729)
(55412, 63634, 26675, 145721)
(55390, 63634, 26675, 145699)
(55358, 63634, 26675, 145667)
(55331, 63634, 26675, 145640)
(55306, 63634, 26675, 145615)
(55294, 63634, 26675, 145603)
(55258, 63634, 26675, 145567)
(55247, 63634, 26675, 145556)
(55239, 63634, 26675, 145548)
(55218, 63634, 26675, 145527)
(55209, 63634, 26675, 145518)
(55196, 63634, 26675, 145505)
(55174, 63634, 26675, 145483)
(55150, 63634, 26675, 145459)
(55127, 63634, 26675, 145436)
(55116, 63634, 26675, 145425)
(55098, 63634, 26675, 145407)
(55074, 63634, 26675, 145383)
(55049, 63634, 26675, 145358)
(55042, 63634, 26675, 145351)
(55009, 63634, 26675, 145318)
(54983, 63634, 26675, 145292)
(54956, 63634, 26675, 145265)
(54930, 63634, 26675, 145239)
(54901, 63634, 26675, 145210)
(54885, 63634, 26675, 145194)
(54876, 63634, 26675, 145185)
(54851, 63634, 26675, 145160)
(54845, 63634, 26675, 145154)
(54829, 63634, 26675, 145138)
(54816, 63634, 26675, 145125)
(54808, 63634, 26675, 145117)
(54793, 63634, 26675, 145102)
(54779, 63634, 26675, 145088)
(54760, 63634, 26675, 145069)
(54738, 63634, 26675, 145047)
(54710, 63634, 26675, 145019)
(54695, 63634, 26675, 145004)
(54690, 63634, 26675, 144999)
(54661, 63634, 26675, 144970)
(54651, 63634, 26675, 144960)
(54639, 63634, 26675, 144948)
(54624, 63634, 26675, 144933)
(54601, 63634, 26675, 144910)
(54584, 63634, 26675, 144893)
(54564, 63634, 26675, 144873)
(54541, 63634, 26675, 144850)
(54516, 63634, 26675, 144825)
(54509, 63634, 26675, 144818)
(54482, 63634, 26675, 144791)
(54470, 63634, 26675, 144779)
(54446, 63634, 26675, 144755)
(54425, 63634, 26675, 144734)
(54413, 63634, 26675, 144722)
(54409, 63634, 26675, 144718)
(54397, 63634, 26675, 144706)
(54370, 63634, 26675, 144679)
(54363, 63634, 26675, 144672)
(54332, 63634, 26675, 144641)
(54326, 63634, 26675, 144635)
(54304, 63634, 26675, 144613)
(54272, 63634, 26675, 144581)
(54240, 63634, 26675, 144549)
(54220, 63634, 26675, 144529)
(54203, 63634, 26675, 144512)
(54195, 63634, 26675, 144504)
(54191, 63634, 26675, 144500)
(54184, 63634, 26675, 144493)
(54163, 63634, 26675, 144472)
(54135, 63634, 26675, 144444)
(54126, 63634, 26675, 144435)
(54115, 63634, 26675, 144424)
(54103, 63634, 26675, 144412)
(54095, 63634, 26675, 144404)
(54078, 63634, 26675, 144387)
(54069, 63634, 26675, 144378)
(54043, 63634, 26675, 144352)
(54037, 63634, 26675, 144346)
(54024, 63634, 26675, 144333)
(54017, 63634, 26675, 144326)
(54003, 63634, 26675, 144312)
(53984, 63634, 26675, 144293)
(53964, 63634, 26675, 144273)
(53943, 63634, 26675, 144252)
(53935, 63634, 26675, 144244)
(53926, 63634, 26675, 144235)
(53909, 63634, 26675, 144218)
(53898, 63634, 26675, 144207)
(53896, 63634, 26675, 144205)
(53877, 63634, 26675, 144186)
(53860, 63634, 26675, 144169)
(53830, 63634, 26675, 144139)
(53798, 63634, 26675, 144107)
(53789, 63634, 26675, 144098)
(53763, 63634, 26675, 144072)
(53739, 63634, 26675, 144048)
(53706, 63634, 26675, 144015)
(53686, 63634, 26675, 143995)
(53672, 63634, 26675, 143981)
(53642, 63634, 26675, 143951)
(53632, 63634, 26675, 143941)
(53627, 63634, 26675, 143936)
(53617, 63634, 26675, 143926)
(53602, 63634, 26675, 143911)
(53596, 63634, 26675, 143905)
(53569, 63634, 26675, 143878)
(53564, 63634, 26675, 143873)
(53559, 63634, 26675, 143868)
(53541, 63634, 26675, 143850)
(53521, 63634, 26675, 143830)
(53506, 63634, 26675, 143815)
(53501, 63634, 26675, 143810)
(53480, 63634, 26675, 143789)
(53450, 63634, 26675, 143759)
(53420, 63634, 26675, 143729)
(53399, 63634, 26675, 143708)
(53375, 63634, 26675, 143684)
(53355, 63634, 26675, 143664)
(53345, 63634, 26675, 143654)
(53328, 63634, 26675, 143637)
(53314, 63634, 26675, 143623)
(53292, 63634, 26675, 143601)
(53272, 63634, 26675, 143581)
(53251, 63634, 26675, 143560)
(53207, 63634, 26675, 143516)
(53196, 63634, 26675, 143505)
(53194, 63634, 26675, 143503)
(53182, 63634, 26675, 143491)
(53168, 63634, 26675, 143477)
(53152, 63634, 26675, 143461)
(53130, 63634, 26675, 143439)
(53115, 63634, 26675, 143424)
(53107, 63634, 26675, 143416)
(53093, 63634, 26675, 143402)
(53071, 63634, 26675, 143380)
(53058, 63634, 26675, 143367)
(53039, 63634, 26675, 143348)
(53023, 63634, 26675, 143332)
(53008, 63634, 26675, 143317)
(52985, 63634, 26675, 143294)
(52956, 63634, 26675, 143265)
(52933, 63634, 26675, 143242)
(52912, 63634, 26675, 143221)
(52890, 63634, 26675, 143199)
(52874, 63634, 26675, 143183)
(52854, 63634, 26675, 143163)
(52843, 63634, 26675, 143152)
(52831, 63634, 26675, 143140)
(52810, 63634, 26675, 143119)
(52796, 63634, 26675, 143105)
(52775, 63634, 26675, 143084)
(52754, 63634, 26675, 143063)
(52729, 63634, 26675, 143038)
(52694, 63634, 26675, 143003)
(52668, 63634, 26675, 142977)
(52664, 63634, 26675, 142973)
(52653, 63634, 26675, 142962)
(52621, 63634, 26675, 142930)
(52609, 63634, 26675, 142918)
(52599, 63634, 26675, 142908)
(52579, 63634, 26675, 142888)
(52560, 63634, 26675, 142869)
(52547, 63634, 26675, 142856)
(52546, 63634, 26675, 142855)
(52527, 63634, 26675, 142836)
(52512, 63634, 26675, 142821)
(52499, 63634, 26675, 142808)
(52490, 63634, 26675, 142799)
(52460, 63634, 26675, 142769)
(52441, 63634, 26675, 142750)
(52435, 63634, 26675, 142744)
(52420, 63634, 26675, 142729)
(52405, 63634, 26675, 142714)
(52380, 63634, 26675, 142689)
(52365, 63634, 26675, 142674)
(52345, 63634, 26675, 142654)
(52337, 63634, 26675, 142646)
(52320, 63634, 26675, 142629)
(52302, 63634, 26675, 142611)
(52280, 63634, 26675, 142589)
(52263, 63634, 26675, 142572)
(52239, 63634, 26675, 142548)
(52219, 63634, 26675, 142528)
(52190, 63634, 26675, 142499)
(52183, 63634, 26675, 142492)
(52166, 63634, 26675, 142475)
(52163, 63634, 26675, 142472)
(52146, 63634, 26675, 142455)
(52126, 63634, 26675, 142435)
(52100, 63634, 26675, 142409)
(52077, 63634, 26675, 142386)
(52059, 63634, 26675, 142368)
(52024, 63634, 26675, 142333)
(52003, 63634, 26675, 142312)
(51984, 63634, 26675, 142293)
(51946, 63634, 26675, 142255)
(51927, 63634, 26675, 142236)
(51901, 63634, 26675, 142210)
(51878, 63634, 26675, 142187)
(51865, 63634, 26675, 142174)
(51843, 63634, 26675, 142152)
(51833, 63634, 26675, 142142)
(51815, 63634, 26675, 142124)
(51787, 63634, 26675, 142096)
(51768, 63634, 26675, 142077)
(51745, 63634, 26675, 142054)
(51713, 63634, 26675, 142022)
(51697, 63634, 26675, 142006)
(51676, 63634, 26675, 141985)
(51654, 63634, 26675, 141963)
(51641, 63634, 26675, 141950)
(51626, 63634, 26675, 141935)
(51599, 63634, 26675, 141908)
(51570, 63634, 26675, 141879)
(51550, 63634, 26675, 141859)
(51542, 63634, 26675, 141851)
(51538, 63634, 26675, 141847)
(51515, 63634, 26675, 141824)
(51492, 63634, 26675, 141801)
(51481, 63634, 26675, 141790)
(51471, 63634, 26675, 141780)
(51464, 63634, 26675, 141773)
(51445, 63634, 26675, 141754)
(51417, 63634, 26675, 141726)
(51406, 63634, 26675, 141715)
(51386, 63634, 26675, 141695)
(51366, 63634, 26675, 141675)
(51345, 63634, 26675, 141654)
(51329, 63634, 26675, 141638)
(51303, 63634, 26675, 141612)
(51289, 63634, 26675, 141598)
(51267, 63634, 26675, 141576)
(51240, 63634, 26675, 141549)
(51235, 63634, 26675, 141544)
(51223, 63634, 26675, 141532)
(51206, 63634, 26675, 141515)
(51196, 63634, 26675, 141505)
(51183, 63634, 26675, 141492)
(51157, 63634, 26675, 141466)
(51155, 63634, 26675, 141464)
(51130, 63634, 26675, 141439)
(51112, 63634, 26675, 141421)
(51082, 63634, 26675, 141391)
(51074, 63634, 26675, 141383)
(51066, 63634, 26675, 141375)
(51057, 63634, 26675, 141366)
(51021, 63634, 26675, 141330)
(50980, 63634, 26675, 141289)
(50944, 63634, 26675, 141253)
(50931, 63634, 26675, 141240)
(50915, 63634, 26675, 141224)
(50901, 63634, 26675, 141210)
(50887, 63634, 26675, 141196)
(50874, 63634, 26675, 141183)
(50850, 63634, 26675, 141159)
(50835, 63634, 26675, 141144)
(50803, 63634, 26675, 141112)
(50795, 63634, 26675, 141104)
(50789, 63634, 26675, 141098)
(50784, 63634, 26675, 141093)
(50765, 63634, 26675, 141074)
(50751, 63634, 26675, 141060)
(50734, 63634, 26675, 141043)
(50713, 63634, 26675, 141022)
(50688, 63634, 26675, 140997)
(50667, 63634, 26675, 140976)
(50652, 63634, 26675, 140961)
(50628, 63634, 26675, 140937)
(50625, 63634, 26675, 140934)
(50620, 63634, 26675, 140929)
(50595, 63634, 26675, 140904)
(50589, 63634, 26675, 140898)
(50566, 63634, 26675, 140875)
(50558, 63634, 26675, 140867)
(50529, 63634, 26675, 140838)
(50515, 63634, 26675, 140824)
(50504, 63634, 26675, 140813)
(50497, 63634, 26675, 140806)
(50479, 63634, 26675, 140788)
(50471, 63634, 26675, 140780)
(50443, 63634, 26675, 140752)
(50428, 63634, 26675, 140737)
(50405, 63634, 26675, 140714)
(50398, 63634, 26675, 140707)
(50379, 63634, 26675, 140688)
(50370, 63634, 26675, 140679)
(50344, 63634, 26675, 140653)
(50326, 63634, 26675, 140635)
(50313, 63634, 26675, 140622)
(50296, 63634, 26675, 140605)
(50289, 63634, 26675, 140598)
(50284, 63634, 26675, 140593)
(50270, 63634, 26675, 140579)
(50250, 63634, 26675, 140559)
(50235, 63634, 26675, 140544)
(50211, 63634, 26675, 140520)
(50200, 63634, 26675, 140509)
(50181, 63634, 26675, 140490)
(50144, 63634, 26675, 140453)
(50124, 63634, 26675, 140433)
(50105, 63634, 26675, 140414)
(50088, 63634, 26675, 140397)
(50062, 63634, 26675, 140371)
(50041, 63634, 26675, 140350)
(50018, 63634, 26675, 140327)
(50017, 63634, 26675, 140326)
(49986, 63634, 26675, 140295)
(49961, 63634, 26675, 140270)
(49932, 63634, 26675, 140241)
(49925, 63634, 26675, 140234)
(49912, 63634, 26675, 140221)
(49886, 63634, 26675, 140195)
(49874, 63634, 26675, 140183)
(49852, 63634, 26675, 140161)
(49849, 63634, 26675, 140158)
(49835, 63634, 26675, 140144)
(49827, 63634, 26675, 140136)
(49798, 63634, 26675, 140107)
(49771, 63634, 26675, 140080)
(49748, 63634, 26675, 140057)
(49715, 63634, 26675, 140024)
(49690, 63634, 26675, 139999)
(49675, 63634, 26675, 139984)
(49655, 63634, 26675, 139964)
(49642, 63634, 26675, 139951)
(49631, 63634, 26675, 139940)
(49617, 63634, 26675, 139926)
(49592, 63634, 26675, 139901)
(49575, 63634, 26675, 139884)
(49563, 63634, 26675, 139872)
(49561, 63634, 26675, 139870)
(49554, 63634, 26675, 139863)
(49546, 63634, 26675, 139855)
(49535, 63634, 26675, 139844)
(49505, 63634, 26675, 139814)
(49478, 63634, 26675, 139787)
(49456, 63634, 26675, 139765)
(49427, 63634, 26675, 139736)
(49419, 63634, 26675, 139728)
(49396, 63634, 26675, 139705)
(49363, 63634, 26675, 139672)
(49351, 63634, 26675, 139660)
(49350, 63634, 26675, 139659)
(49335, 63634, 26675, 139644)
(49310, 63634, 26675, 139619)
(49292, 63634, 26675, 139601)
