(86860, 88528, 28656, 204044)
(82504, 91802, 28656, 202962)
(79248, 93954, 28656, 201858)
(79170, 93954, 28656, 201780)
(73451, 98676, 28656, 200783)
(70879, 100458, 28656, 199993)
(68550, 102542, 28656, 199748)
(63446, 106288, 28656, 198390)
(62436, 106905, 28656, 197997)
(57111, 111392, 28656, 197159)
(173722, 22814, 11771, 208307)
(167184, 28360, 11771, 207315)
(162411, 31717, 11771, 205899)
(162406, 31717, 11771, 205894)
(158535, 35305, 11771, 205611)
(156924, 35106, 11771, 203801)
(155697, 36074, 11771, 203542)
(154206, 37081, 11771, 203058)
(152173, 38367, 11771, 202311)
(152105, 38367, 11771, 202243)
(149821, 40116, 22142, 212079)
(149492, 41240, 21329, 212061)
(149351, 41240, 21329, 211920)
(148071, 41192, 22142, 211405)
(145883, 43846, 21329, 211058)
(145766, 43846, 21329, 210941)
(142091, 46848, 21329, 210268)
(142091, 46848, 21329, 210268)
(136689, 51392, 21329, 209410)
(88841, 89870, 29434, 208145)
