(88685, 86022, 31424, 206131)
(88642, 86022, 31424, 206088)
(88624, 86022, 31424, 206070)
(88605, 86022, 31424, 206051)
(88580, 86022, 31424, 206026)
(88567, 86022, 31424, 206013)
(88544, 86022, 31424, 205990)
(88528, 86022, 31424, 205974)
(88522, 86022, 31424, 205968)
(88503, 86022, 31424, 205949)
(88478, 86022, 31424, 205924)
(88464, 86022, 31424, 205910)
(88455, 86022, 31424, 205901)
(88427, 86022, 31424, 205873)
(88409, 86022, 31424, 205855)
(88386, 86022, 31424, 205832)
(88365, 86022, 31424, 205811)
(88357, 86022, 31424, 205803)
(88337, 86022, 31424, 205783)
(88329, 86022, 31424, 205775)
(88315, 86022, 31424, 205761)
(88304, 86022, 31424, 205750)
(88265, 86022, 31424, 205711)
(88239, 86022, 31424, 205685)
(88213, 86022, 31424, 205659)
(88172, 86022, 31424, 205618)
(88145, 86022, 31424, 205591)
(88110, 86022, 31424, 205556)
(88082, 86022, 31424, 205528)
(88076, 86022, 31424, 205522)
(88059, 86022, 31424, 205505)
(88033, 86022, 31424, 205479)
(88005, 86022, 31424, 205451)
(87980, 86022, 31424, 205426)
(87946, 86022, 31424, 205392)
(87933, 86022, 31424, 205379)
(87918, 86022, 31424, 205364)
(87911, 86022, 31424, 205357)
(87899, 86022, 31424, 205345)
(87883, 86022, 31424, 205329)
(87866, 86022, 31424, 205312)
(87853, 86022, 31424, 205299)
(87836, 86022, 31424, 205282)
(87811, 86022, 31424, 205257)
(87794, 86022, 31424, 205240)
(87770, 86022, 31424, 205216)
(87764, 86022, 31424, 205210)
(87730, 86022, 31424, 205176)
(87703, 86022, 31424, 205149)
(87672, 86022, 31424, 205118)
(87656, 86022, 31424, 205102)
(87634, 86022, 31424, 205080)
(87627, 86022, 31424, 205073)
(87625, 86022, 31424, 205071)
(87597, 86022, 31424, 205043)
(87561, 86022, 31424, 205007)
(87552, 86022, 31424, 204998)
(87535, 86022, 31424, 204981)
(87518, 86022, 31424, 204964)
(87501, 86022, 31424, 204947)
(87500, 86022, 31424, 204946)
(87489, 86022, 31424, 204935)
(87477, 86022, 31424, 204923)
(87469, 86022, 31424, 204915)
(87439, 86022, 31424, 204885)
(87417, 86022, 31424, 204863)
(87389, 86022, 31424, 204835)
(87344, 86022, 31424, 204790)
(87327, 86022, 31424, 204773)
(87308, 86022, 31424, 204754)
(87301, 86022, 31424, 204747)
(87290, 86022, 31424, 204736)
(87274, 86022, 31424, 204720)
(87251, 86022, 31424, 204697)
(87222, 86022, 31424, 204668)
(87203, 86022, 31424, 204649)
(87180, 86022, 31424, 204626)
(87164, 86022, 31424, 204610)
(87137, 86022, 31424, 204583)
(87111, 86022, 31424, 204557)
(87086, 86022, 31424, 204532)
(87080, 86022, 31424, 204526)
(87052, 86022, 31424, 204498)
(87038, 86022, 31424, 204484)
(87025, 86022, 31424, 204471)
(87003, 86022, 31424, 204449)
(86997, 86022, 31424, 204443)
(86972, 86022, 31424, 204418)
(86942, 86022, 31424, 204388)
(86936, 86022, 31424, 204382)
(86919, 86022, 31424, 204365)
(86890, 86022, 31424, 204336)
(86881, 86022, 31424, 204327)
(86863, 86022, 31424, 204309)
(86838, 86022, 31424, 204284)
(86836, 86022, 31424, 204282)
(86826, 86022, 31424, 204272)
(86788, 86022, 31424, 204234)
(86783, 86022, 31424, 204229)
(86753, 86022, 31424, 204199)
(86731, 86022, 31424, 204177)
(86717, 86022, 31424, 204163)
(86703, 86022, 31424, 204149)
(86682, 86022, 31424, 204128)
(86678, 86022, 31424, 204124)
(86659, 86022, 31424, 204105)
(86651, 86022, 31424, 204097)
(86629, 86022, 31424, 204075)
(86614, 86022, 31424, 204060)
(86592, 86022, 31424, 204038)
(86566, 86022, 31424, 204012)
(86553, 86022, 31424, 203999)
(86530, 86022, 31424, 203976)
(86509, 86022, 31424, 203955)
(86489, 86022, 31424, 203935)
(86467, 86022, 31424, 203913)
(86456, 86022, 31424, 203902)
(86438, 86022, 31424, 203884)
(86411, 86022, 31424, 203857)
(86382, 86022, 31424, 203828)
(86370, 86022, 31424, 203816)
(86346, 86022, 31424, 203792)
(86318, 86022, 31424, 203764)
(86297, 86022, 31424, 203743)
(86284, 86022, 31424, 203730)
(86265, 86022, 31424, 203711)
(86262, 86022, 31424, 203708)
(86245, 86022, 31424, 203691)
(86213, 86022, 31424, 203659)
(86181, 86022, 31424, 203627)
(86149, 86022, 31424, 203595)
(86118, 86022, 31424, 203564)
(86103, 86022, 31424, 203549)
(86080, 86022, 31424, 203526)
(86066, 86022, 31424, 203512)
(86039, 86022, 31424, 203485)
(86024, 86022, 31424, 203470)
(85996, 86022, 31424, 203442)
(85981, 86022, 31424, 203427)
(85949, 86022, 31424, 203395)
(85933, 86022, 31424, 203379)
(85900, 86022, 31424, 203346)
(85891, 86022, 31424, 203337)
(85868, 86022, 31424, 203314)
(85838, 86022, 31424, 203284)
(85814, 86022, 31424, 203260)
(85786, 86022, 31424, 203232)
(85773, 86022, 31424, 203219)
(85752, 86022, 31424, 203198)
(85733, 86022, 31424, 203179)
(85706, 86022, 31424, 203152)
(85695, 86022, 31424, 203141)
(85680, 86022, 31424, 203126)
(85653, 86022, 31424, 203099)
(85629, 86022, 31424, 203075)
(85594, 86022, 31424, 203040)
(85592, 86022, 31424, 203038)
(85576, 86022, 31424, 203022)
(85536, 86022, 31424, 202982)
(85511, 86022, 31424, 202957)
(85481, 86022, 31424, 202927)
(85450, 86022, 31424, 202896)
(85420, 86022, 31424, 202866)
(85383, 86022, 31424, 202829)
(85350, 86022, 31424, 202796)
(85296, 86022, 31424, 202742)
(85279, 86022, 31424, 202725)
(85253, 86022, 31424, 202699)
(85223, 86022, 31424, 202669)
(85205, 86022, 31424, 202651)
(85184, 86022, 31424, 202630)
(85176, 86022, 31424, 202622)
(85147, 86022, 31424, 202593)
(85122, 86022, 31424, 202568)
(85094, 86022, 31424, 202540)
(85064, 86022, 31424, 202510)
(85040, 86022, 31424, 202486)
(85010, 86022, 31424, 202456)
(84978, 86022, 31424, 202424)
(84959, 86022, 31424, 202405)
(84951, 86022, 31424, 202397)
(84924, 86022, 31424, 202370)
(84890, 86022, 31424, 202336)
(84870, 86022, 31424, 202316)
(84862, 86022, 31424, 202308)
(84837, 86022, 31424, 202283)
(84810, 86022, 31424, 202256)
(84793, 86022, 31424, 202239)
(84785, 86022, 31424, 202231)
(84767, 86022, 31424, 202213)
(84747, 86022, 31424, 202193)
(84731, 86022, 31424, 202177)
(84706, 86022, 31424, 202152)
(84684, 86022, 31424, 202130)
(84654, 86022, 31424, 202100)
(84642, 86022, 31424, 202088)
(84622, 86022, 31424, 202068)
(84586, 86022, 31424, 202032)
(84556, 86022, 31424, 202002)
(84520, 86022, 31424, 201966)
(84493, 86022, 31424, 201939)
(84477, 86022, 31424, 201923)
(84469, 86022, 31424, 201915)
(84450, 86022, 31424, 201896)
(84433, 86022, 31424, 201879)
(84406, 86022, 31424, 201852)
(84388, 86022, 31424, 201834)
(84370, 86022, 31424, 201816)
(84359, 86022, 31424, 201805)
(84358, 86022, 31424, 201804)
(84336, 86022, 31424, 201782)
(84321, 86022, 31424, 201767)
(84310, 86022, 31424, 201756)
(84308, 86022, 31424, 201754)
(84293, 86022, 31424, 201739)
(84276, 86022, 31424, 201722)
(84262, 86022, 31424, 201708)
(84257, 86022, 31424, 201703)
(84241, 86022, 31424, 201687)
(84212, 86022, 31424, 201658)
(84186, 86022, 31424, 201632)
(84162, 86022, 31424, 201608)
(84135, 86022, 31424, 201581)
(84112, 86022, 31424, 201558)
(84098, 86022, 31424, 201544)
(84073, 86022, 31424, 201519)
(84055, 86022, 31424, 201501)
(84046, 86022, 31424, 201492)
(84041, 86022, 31424, 201487)
(84020, 86022, 31424, 201466)
(84011, 86022, 31424, 201457)
(83991, 86022, 31424, 201437)
(83985, 86022, 31424, 201431)
(83966, 86022, 31424, 201412)
(83944, 86022, 31424, 201390)
(83918, 86022, 31424, 201364)
(83899, 86022, 31424, 201345)
(83861, 86022, 31424, 201307)
(83826, 86022, 31424, 201272)
(83795, 86022, 31424, 201241)
(83782, 86022, 31424, 201228)
(83764, 86022, 31424, 201210)
(83752, 86022, 31424, 201198)
(83717, 86022, 31424, 201163)
(83707, 86022, 31424, 201153)
(83692, 86022, 31424, 201138)
(83663, 86022, 31424, 201109)
(83634, 86022, 31424, 201080)
(83606, 86022, 31424, 201052)
(83590, 86022, 31424, 201036)
(83589, 86022, 31424, 201035)
(83581, 86022, 31424, 201027)
(83556, 86022, 31424, 201002)
(83516, 86022, 31424, 200962)
(83478, 86022, 31424, 200924)
(83471, 86022, 31424, 200917)
(83439, 86022, 31424, 200885)
(83431, 86022, 31424, 200877)
(83422, 86022, 31424, 200868)
(83405, 86022, 31424, 200851)
(83384, 86022, 31424, 200830)
(83357, 86022, 31424, 200803)
(83332, 86022, 31424, 200778)
(83306, 86022, 31424, 200752)
(83269, 86022, 31424, 200715)
(83249, 86022, 31424, 200695)
(83223, 86022, 31424, 200669)
(83190, 86022, 31424, 200636)
(83174, 86022, 31424, 200620)
(83158, 86022, 31424, 200604)
(83122, 86022, 31424, 200568)
(83104, 86022, 31424, 200550)
(83062, 86022, 31424, 200508)
(83036, 86022, 31424, 200482)
(83025, 86022, 31424, 200471)
(83009, 86022, 31424, 200455)
(82984, 86022, 31424, 200430)
(82945, 86022, 31424, 200391)
(82928, 86022, 31424, 200374)
(82909, 86022, 31424, 200355)
(82889, 86022, 31424, 200335)
(82872, 86022, 31424, 200318)
(82849, 86022, 31424, 200295)
(82820, 86022, 31424, 200266)
(82814, 86022, 31424, 200260)
(82800, 86022, 31424, 200246)
(82774, 86022, 31424, 200220)
(82758, 86022, 31424, 200204)
(82747, 86022, 31424, 200193)
(82725, 86022, 31424, 200171)
(82693, 86022, 31424, 200139)
(82668, 86022, 31424, 200114)
(82649, 86022, 31424, 200095)
(82631, 86022, 31424, 200077)
(82617, 86022, 31424, 200063)
(82592, 86022, 31424, 200038)
(82575, 86022, 31424, 200021)
(82554, 86022, 31424, 200000)
(82548, 86022, 31424, 199994)
(82515, 86022, 31424, 199961)
(82504, 86022, 31424, 199950)
(82490, 86022, 31424, 199936)
(82461, 86022, 31424, 199907)
(82453, 86022, 31424, 199899)
(82413, 86022, 31424, 199859)
(82386, 86022, 31424, 199832)
(82370, 86022, 31424, 199816)
(82365, 86022, 31424, 199811)
(82350, 86022, 31424, 199796)
(82341, 86022, 31424, 199787)
(82321, 86022, 31424, 199767)
(82299, 86022, 31424, 199745)
(82288, 86022, 31424, 199734)
(82265, 86022, 31424, 199711)
(82252, 86022, 31424, 199698)
(82245, 86022, 31424, 199691)
(82219, 86022, 31424, 199665)
(82187, 86022, 31424, 199633)
(82165, 86022, 31424, 199611)
(82158, 86022, 31424, 199604)
(82120, 86022, 31424, 199566)
(82110, 86022, 31424, 199556)
(82108, 86022, 31424, 199554)
(82073, 86022, 31424, 199519)
(82050, 86022, 31424, 199496)
(82034, 86022, 31424, 199480)
(82020, 86022, 31424, 199466)
(81999, 86022, 31424, 199445)
(81980, 86022, 31424, 199426)
(81955, 86022, 31424, 199401)
(81933, 86022, 31424, 199379)
(81897, 86022, 31424, 199343)
(81879, 86022, 31424, 199325)
(81861, 86022, 31424, 199307)
(81843, 86022, 31424, 199289)
(81833, 86022, 31424, 199279)
(81818, 86022, 31424, 199264)
(81790, 86022, 31424, 199236)
(81768, 86022, 31424, 199214)
(81713, 86022, 31424, 199159)
(81674, 86022, 31424, 199120)
(81639, 86022, 31424, 199085)
(81619, 86022, 31424, 199065)
(81601, 86022, 31424, 199047)
(81578, 86022, 31424, 199024)
(81557, 86022, 31424, 199003)
(81532, 86022, 31424, 198978)
(81510, 86022, 31424, 198956)
(81502, 86022, 31424, 198948)
(81480, 86022, 31424, 198926)
(81456, 86022, 31424, 198902)
(81433, 86022, 31424, 198879)
(81409, 86022, 31424, 198855)
(81401, 86022, 31424, 198847)
(81370, 86022, 31424, 198816)
(81359, 86022, 31424, 198805)
(81344, 86022, 31424, 198790)
(81340, 86022, 31424, 198786)
(81309, 86022, 31424, 198755)
(81284, 86022, 31424, 198730)
(81278, 86022, 31424, 198724)
(81262, 86022, 31424, 198708)
(81237, 86022, 31424, 198683)
(81224, 86022, 31424, 198670)
(81214, 86022, 31424, 198660)
(81197, 86022, 31424, 198643)
(81177, 86022, 31424, 198623)
(81152, 86022, 31424, 198598)
(81151, 86022, 31424, 198597)
(81136, 86022, 31424, 198582)
(81115, 86022, 31424, 198561)
(81099, 86022, 31424, 198545)
(81071, 86022, 31424, 198517)
(81036, 86022, 31424, 198482)
(81003, 86022, 31424, 198449)
(80978, 86022, 31424, 198424)
(80959, 86022, 31424, 198405)
(80937, 86022, 31424, 198383)
(80914, 86022, 31424, 198360)
(80881, 86022, 31424, 198327)
(80875, 86022, 31424, 198321)
(80847, 86022, 31424, 198293)
(80840, 86022, 31424, 198286)
(80819, 86022, 31424, 198265)
(80806, 86022, 31424, 198252)
(80789, 86022, 31424, 198235)
(80772, 86022, 31424, 198218)
(80764, 86022, 31424, 198210)
(80735, 86022, 31424, 198181)
(80717, 86022, 31424, 198163)
(80696, 86022, 31424, 198142)
(80680, 86022, 31424, 198126)
(80658, 86022, 31424, 198104)
(80651, 86022, 31424, 198097)
(80628, 86022, 31424, 198074)
(80612, 86022, 31424, 198058)
(80584, 86022, 31424, 198030)
(80562, 86022, 31424, 198008)
(80531, 86022, 31424, 197977)
(80499, 86022, 31424, 197945)
(80470, 86022, 31424, 197916)
(80443, 86022, 31424, 197889)
(80416, 86022, 31424, 197862)
(80397, 86022, 31424, 197843)
(80386, 86022, 31424, 197832)
(80368, 86022, 31424, 197814)
(80337, 86022, 31424, 197783)
(80308, 86022, 31424, 197754)
(80298, 86022, 31424, 197744)
(80280, 86022, 31424, 197726)
(80267, 86022, 31424, 197713)
(80258, 86022, 31424, 197704)
(80247, 86022, 31424, 197693)
(80224, 86022, 31424, 197670)
(80209, 86022, 31424, 197655)
(80187, 86022, 31424, 197633)
(80162, 86022, 31424, 197608)
(80148, 86022, 31424, 197594)
(80115, 86022, 31424, 197561)
(80101, 86022, 31424, 197547)
(80092, 86022, 31424, 197538)
(80070, 86022, 31424, 197516)
(80054, 86022, 31424, 197500)
(80035, 86022, 31424, 197481)
(80028, 86022, 31424, 197474)
(80005, 86022, 31424, 197451)
(79971, 86022, 31424, 197417)
(79960, 86022, 31424, 197406)
(79949, 86022, 31424, 197395)
(79945, 86022, 31424, 197391)
(79926, 86022, 31424, 197372)
(79908, 86022, 31424, 197354)
(79885, 86022, 31424, 197331)
(79864, 86022, 31424, 197310)
(79850, 86022, 31424, 197296)
(79828, 86022, 31424, 197274)
(79817, 86022, 31424, 197263)
(79799, 86022, 31424, 197245)
(79782, 86022, 31424, 197228)
(79749, 86022, 31424, 197195)
(79728, 86022, 31424, 197174)
(79709, 86022, 31424, 197155)
(79676, 86022, 31424, 197122)
(79656, 86022, 31424, 197102)
(79653, 86022, 31424, 197099)
(79652, 86022, 31424, 197098)
(79637, 86022, 31424, 197083)
(79610, 86022, 31424, 197056)
(79586, 86022, 31424, 197032)
(79557, 86022, 31424, 197003)
(79525, 86022, 31424, 196971)
(79499, 86022, 31424, 196945)
(79479, 86022, 31424, 196925)
(79455, 86022, 31424, 196901)
(79433, 86022, 31424, 196879)
(79412, 86022, 31424, 196858)
(79374, 86022, 31424, 196820)
(79348, 86022, 31424, 196794)
(79327, 86022, 31424, 196773)
(79314, 86022, 31424, 196760)
(79282, 86022, 31424, 196728)
(79255, 86022, 31424, 196701)
(79229, 86022, 31424, 196675)
(79224, 86022, 31424, 196670)
(79204, 86022, 31424, 196650)
(79189, 86022, 31424, 196635)
(79167, 86022, 31424, 196613)
(79125, 86022, 31424, 196571)
(79087, 86022, 31424, 196533)
(79071, 86022, 31424, 196517)
(79057, 86022, 31424, 196503)
(79033, 86022, 31424, 196479)
(79011, 86022, 31424, 196457)
(78979, 86022, 31424, 196425)
(78958, 86022, 31424, 196404)
(78920, 86022, 31424, 196366)
(78898, 86022, 31424, 196344)
(78864, 86022, 31424, 196310)
(78856, 86022, 31424, 196302)
(78829, 86022, 31424, 196275)
(78823, 86022, 31424, 196269)
(78804, 86022, 31424, 196250)
(78780, 86022, 31424, 196226)
(78761, 86022, 31424, 196207)
(78730, 86022, 31424, 196176)
(78707, 86022, 31424, 196153)
(78699, 86022, 31424, 196145)
(78685, 86022, 31424, 196131)
(78647, 86022, 31424, 196093)
(78637, 86022, 31424, 196083)
(78612, 86022, 31424, 196058)
(78596, 86022, 31424, 196042)
(78573, 86022, 31424, 196019)
(78564, 86022, 31424, 196010)
(78546, 86022, 31424, 195992)
(78533, 86022, 31424, 195979)
(78503, 86022, 31424, 195949)
(78470, 86022, 31424, 195916)
(78439, 86022, 31424, 195885)
(78417, 86022, 31424, 195863)
(78390, 86022, 31424, 195836)
(78365, 86022, 31424, 195811)
(78342, 86022, 31424, 195788)
(78316, 86022, 31424, 195762)
(78275, 86022, 31424, 195721)
(78251, 86022, 31424, 195697)
(78226, 86022, 31424, 195672)
(78208, 86022, 31424, 195654)
(78181, 86022, 31424, 195627)
(78165, 86022, 31424, 195611)
(78151, 86022, 31424, 195597)
(78117, 86022, 31424, 195563)
(78091, 86022, 31424, 195537)
(78068, 86022, 31424, 195514)
(78043, 86022, 31424, 195489)
(78026, 86022, 31424, 195472)
(78009, 86022, 31424, 195455)
(77985, 86022, 31424, 195431)
(77958, 86022, 31424, 195404)
(77930, 86022, 31424, 195376)
(77911, 86022, 31424, 195357)
(77906, 86022, 31424, 195352)
(77891, 86022, 31424, 195337)
(77875, 86022, 31424, 195321)
(77857, 86022, 31424, 195303)
(77826, 86022, 31424, 195272)
(77799, 86022, 31424, 195245)
(77782, 86022, 31424, 195228)
(77773, 86022, 31424, 195219)
(77755, 86022, 31424, 195201)
(77732, 86022, 31424, 195178)
(77726, 86022, 31424, 195172)
(77687, 86022, 31424, 195133)
(77661, 86022, 31424, 195107)
(77651, 86022, 31424, 195097)
(77625, 86022, 31424, 195071)
(77622, 86022, 31424, 195068)
(77591, 86022, 31424, 195037)
(77563, 86022, 31424, 195009)
(77540, 86022, 31424, 194986)
(77526, 86022, 31424, 194972)
(77503, 86022, 31424, 194949)
(77492, 86022, 31424, 194938)
(77489, 86022, 31424, 194935)
(77463, 86022, 31424, 194909)
(77439, 86022, 31424, 194885)
(77415, 86022, 31424, 194861)
(77395, 86022, 31424, 194841)
(77358, 86022, 31424, 194804)
(77335, 86022, 31424, 194781)
(77323, 86022, 31424, 194769)
(77293, 86022, 31424, 194739)
(77288, 86022, 31424, 194734)
(77282, 86022, 31424, 194728)
(77255, 86022, 31424, 194701)
(77225, 86022, 31424, 194671)
(77214, 86022, 31424, 194660)
(77201, 86022, 31424, 194647)
(77172, 86022, 31424, 194618)
(77157, 86022, 31424, 194603)
(77135, 86022, 31424, 194581)
(77128, 86022, 31424, 194574)
(77103, 86022, 31424, 194549)
(77090, 86022, 31424, 194536)
(77080, 86022, 31424, 194526)
(77072, 86022, 31424, 194518)
(77056, 86022, 31424, 194502)
(77047, 86022, 31424, 194493)
(77032, 86022, 31424, 194478)
(77008, 86022, 31424, 194454)
(76985, 86022, 31424, 194431)
(76974, 86022, 31424, 194420)
(76946, 86022, 31424, 194392)
(76931, 86022, 31424, 194377)
(76921, 86022, 31424, 194367)
(76901, 86022, 31424, 194347)
(76897, 86022, 31424, 194343)
(76872, 86022, 31424, 194318)
(76852, 86022, 31424, 194298)
(76831, 86022, 31424, 194277)
(76820, 86022, 31424, 194266)
(76813, 86022, 31424, 194259)
(76808, 86022, 31424, 194254)
(76790, 86022, 31424, 194236)
(76773, 86022, 31424, 194219)
(76768, 86022, 31424, 194214)
(76748, 86022, 31424, 194194)
(76734, 86022, 31424, 194180)
(76708, 86022, 31424, 194154)
(76689, 86022, 31424, 194135)
(76674, 86022, 31424, 194120)
(76664, 86022, 31424, 194110)
(76650, 86022, 31424, 194096)
(76627, 86022, 31424, 194073)
(76608, 86022, 31424, 194054)
(76580, 86022, 31424, 194026)
(76569, 86022, 31424, 194015)
(76538, 86022, 31424, 193984)
(76511, 86022, 31424, 193957)
(76504, 86022, 31424, 193950)
(76480, 86022, 31424, 193926)
(76462, 86022, 31424, 193908)
(76438, 86022, 31424, 193884)
(76413, 86022, 31424, 193859)
(76404, 86022, 31424, 193850)
(76393, 86022, 31424, 193839)
(76369, 86022, 31424, 193815)
(76349, 86022, 31424, 193795)
(76331, 86022, 31424, 193777)
(76293, 86022, 31424, 193739)
(76268, 86022, 31424, 193714)
(76248, 86022, 31424, 193694)
(76221, 86022, 31424, 193667)
(76199, 86022, 31424, 193645)
(76182, 86022, 31424, 193628)
(76166, 86022, 31424, 193612)
(76128, 86022, 31424, 193574)
(76085, 86022, 31424, 193531)
(76066, 86022, 31424, 193512)
(76047, 86022, 31424, 193493)
(76024, 86022, 31424, 193470)
(75994, 86022, 31424, 193440)
(75986, 86022, 31424, 193432)
(75964, 86022, 31424, 193410)
(75952, 86022, 31424, 193398)
(75938, 86022, 31424, 193384)
(75917, 86022, 31424, 193363)
(75876, 86022, 31424, 193322)
