(115486, 112020, 34594, 262100)
(115473, 112020, 34594, 262087)
(115459, 112020, 34594, 262073)
(115430, 112020, 34594, 262044)
(115412, 112020, 34594, 262026)
(115400, 112020, 34594, 262014)
(115383, 112020, 34594, 261997)
(115339, 112020, 34594, 261953)
(115317, 112020, 34594, 261931)
(115286, 112020, 34594, 261900)
(115265, 112020, 34594, 261879)
(115239, 112020, 34594, 261853)
(115203, 112020, 34594, 261817)
(115163, 112020, 34594, 261777)
(115124, 112020, 34594, 261738)
(115100, 112020, 34594, 261714)
(115078, 112020, 34594, 261692)
(115077, 112020, 34594, 261691)
(115054, 112020, 34594, 261668)
(115049, 112020, 34594, 261663)
(115045, 112020, 34594, 261659)
(115035, 112020, 34594, 261649)
(114999, 112020, 34594, 261613)
(114972, 112020, 34594, 261586)
(114965, 112020, 34594, 261579)
(114947, 112020, 34594, 261561)
(114937, 112020, 34594, 261551)
(114927, 112020, 34594, 261541)
(114894, 112020, 34594, 261508)
(114887, 112020, 34594, 261501)
(114847, 112020, 34594, 261461)
(114820, 112020, 34594, 261434)
(114792, 112020, 34594, 261406)
(114774, 112020, 34594, 261388)
(114760, 112020, 34594, 261374)
(114730, 112020, 34594, 261344)
(114715, 112020, 34594, 261329)
(114697, 112020, 34594, 261311)
(114696, 112020, 34594, 261310)
(114667, 112020, 34594, 261281)
(114649, 112020, 34594, 261263)
(114620, 112020, 34594, 261234)
(114592, 112020, 34594, 261206)
(114582, 112020, 34594, 261196)
(114560, 112020, 34594, 261174)
(114544, 112020, 34594, 261158)
(114534, 112020, 34594, 261148)
(114518, 112020, 34594, 261132)
(114509, 112020, 34594, 261123)
(114508, 112020, 34594, 261122)
(114500, 112020, 34594, 261114)
(114469, 112020, 34594, 261083)
(114445, 112020, 34594, 261059)
(114432, 112020, 34594, 261046)
(114406, 112020, 34594, 261020)
(114383, 112020, 34594, 260997)
(114351, 112020, 34594, 260965)
(114350, 112020, 34594, 260964)
(114322, 112020, 34594, 260936)
(114301, 112020, 34594, 260915)
(114265, 112020, 34594, 260879)
(114220, 112020, 34594, 260834)
(114176, 112020, 34594, 260790)
(114148, 112020, 34594, 260762)
(114135, 112020, 34594, 260749)
(114109, 112020, 34594, 260723)
(114085, 112020, 34594, 260699)
(114060, 112020, 34594, 260674)
(114055, 112020, 34594, 260669)
(114047, 112020, 34594, 260661)
(114037, 112020, 34594, 260651)
(113993, 112020, 34594, 260607)
(113985, 112020, 34594, 260599)
(113981, 112020, 34594, 260595)
(113950, 112020, 34594, 260564)
(113933, 112020, 34594, 260547)
(113917, 112020, 34594, 260531)
(113892, 112020, 34594, 260506)
(113867, 112020, 34594, 260481)
(113854, 112020, 34594, 260468)
(113836, 112020, 34594, 260450)
(113808, 112020, 34594, 260422)
(113789, 112020, 34594, 260403)
(113766, 112020, 34594, 260380)
(113741, 112020, 34594, 260355)
(113718, 112020, 34594, 260332)
(113694, 112020, 34594, 260308)
(113668, 112020, 34594, 260282)
(113627, 112020, 34594, 260241)
(113617, 112020, 34594, 260231)
(113608, 112020, 34594, 260222)
(113579, 112020, 34594, 260193)
(113573, 112020, 34594, 260187)
(113547, 112020, 34594, 260161)
(113540, 112020, 34594, 260154)
(113506, 112020, 34594, 260120)
(113477, 112020, 34594, 260091)
(113453, 112020, 34594, 260067)
(113436, 112020, 34594, 260050)
(113427, 112020, 34594, 260041)
(113406, 112020, 34594, 260020)
(113384, 112020, 34594, 259998)
(113359, 112020, 34594, 259973)
(113355, 112020, 34594, 259969)
(113317, 112020, 34594, 259931)
(113316, 112020, 34594, 259930)
(113282, 112020, 34594, 259896)
(113273, 112020, 34594, 259887)
(113235, 112020, 34594, 259849)
(113193, 112020, 34594, 259807)
(113160, 112020, 34594, 259774)
(113127, 112020, 34594, 259741)
(113116, 112020, 34594, 259730)
(113103, 112020, 34594, 259717)
(113090, 112020, 34594, 259704)
(113053, 112020, 34594, 259667)
(113025, 112020, 34594, 259639)
(113015, 112020, 34594, 259629)
(112982, 112020, 34594, 259596)
(112960, 112020, 34594, 259574)
(112947, 112020, 34594, 259561)
(112938, 112020, 34594, 259552)
(112930, 112020, 34594, 259544)
(112904, 112020, 34594, 259518)
(112882, 112020, 34594, 259496)
(112868, 112020, 34594, 259482)
(112838, 112020, 34594, 259452)
(112808, 112020, 34594, 259422)
(112786, 112020, 34594, 259400)
(112770, 112020, 34594, 259384)
(112745, 112020, 34594, 259359)
(112726, 112020, 34594, 259340)
(112711, 112020, 34594, 259325)
(112679, 112020, 34594, 259293)
(112649, 112020, 34594, 259263)
(112617, 112020, 34594, 259231)
(112595, 112020, 34594, 259209)
(112585, 112020, 34594, 259199)
(112563, 112020, 34594, 259177)
(112545, 112020, 34594, 259159)
(112526, 112020, 34594, 259140)
(112509, 112020, 34594, 259123)
(112481, 112020, 34594, 259095)
(112456, 112020, 34594, 259070)
(112419, 112020, 34594, 259033)
(112397, 112020, 34594, 259011)
(112366, 112020, 34594, 258980)
(112331, 112020, 34594, 258945)
(112318, 112020, 34594, 258932)
(112291, 112020, 34594, 258905)
(112258, 112020, 34594, 258872)
(112249, 112020, 34594, 258863)
(112234, 112020, 34594, 258848)
(112214, 112020, 34594, 258828)
(112191, 112020, 34594, 258805)
(112161, 112020, 34594, 258775)
(112156, 112020, 34594, 258770)
(112136, 112020, 34594, 258750)
(112123, 112020, 34594, 258737)
(112104, 112020, 34594, 258718)
(112046, 112020, 34594, 258660)
(112010, 112020, 34594, 258624)
(111996, 112020, 34594, 258610)
(111966, 112020, 34594, 258580)
(111937, 112020, 34594, 258551)
(111911, 112020, 34594, 258525)
(111904, 112020, 34594, 258518)
(111879, 112020, 34594, 258493)
(111854, 112020, 34594, 258468)
(111828, 112020, 34594, 258442)
(111800, 112020, 34594, 258414)
(111782, 112020, 34594, 258396)
(111760, 112020, 34594, 258374)
(111750, 112020, 34594, 258364)
(111727, 112020, 34594, 258341)
(111711, 112020, 34594, 258325)
(111687, 112020, 34594, 258301)
(111659, 112020, 34594, 258273)
(111641, 112020, 34594, 258255)
(111609, 112020, 34594, 258223)
(111602, 112020, 34594, 258216)
(111577, 112020, 34594, 258191)
(111559, 112020, 34594, 258173)
(111548, 112020, 34594, 258162)
(111531, 112020, 34594, 258145)
(111509, 112020, 34594, 258123)
(111488, 112020, 34594, 258102)
(111452, 112020, 34594, 258066)
(111429, 112020, 34594, 258043)
(111398, 112020, 34594, 258012)
(111362, 112020, 34594, 257976)
(111344, 112020, 34594, 257958)
(111327, 112020, 34594, 257941)
(111314, 112020, 34594, 257928)
(111298, 112020, 34594, 257912)
(111273, 112020, 34594, 257887)
(111257, 112020, 34594, 257871)
(111230, 112020, 34594, 257844)
(111200, 112020, 34594, 257814)
(111180, 112020, 34594, 257794)
(111160, 112020, 34594, 257774)
(111135, 112020, 34594, 257749)
(111106, 112020, 34594, 257720)
(111095, 112020, 34594, 257709)
(111082, 112020, 34594, 257696)
(111050, 112020, 34594, 257664)
(111024, 112020, 34594, 257638)
(110996, 112020, 34594, 257610)
(110978, 112020, 34594, 257592)
(110952, 112020, 34594, 257566)
(110922, 112020, 34594, 257536)
(110904, 112020, 34594, 257518)
(110875, 112020, 34594, 257489)
(110853, 112020, 34594, 257467)
(110830, 112020, 34594, 257444)
(110829, 112020, 34594, 257443)
(110799, 112020, 34594, 257413)
(110776, 112020, 34594, 257390)
(110761, 112020, 34594, 257375)
(110741, 112020, 34594, 257355)
(110715, 112020, 34594, 257329)
(110691, 112020, 34594, 257305)
(110661, 112020, 34594, 257275)
(110625, 112020, 34594, 257239)
(110586, 112020, 34594, 257200)
(110567, 112020, 34594, 257181)
(110547, 112020, 34594, 257161)
(110539, 112020, 34594, 257153)
(110505, 112020, 34594, 257119)
(110495, 112020, 34594, 257109)
(110467, 112020, 34594, 257081)
(110460, 112020, 34594, 257074)
(110443, 112020, 34594, 257057)
(110435, 112020, 34594, 257049)
(110416, 112020, 34594, 257030)
(110392, 112020, 34594, 257006)
(110373, 112020, 34594, 256987)
(110366, 112020, 34594, 256980)
(110347, 112020, 34594, 256961)
(110317, 112020, 34594, 256931)
(110303, 112020, 34594, 256917)
(110276, 112020, 34594, 256890)
(110263, 112020, 34594, 256877)
(110243, 112020, 34594, 256857)
(110236, 112020, 34594, 256850)
(110221, 112020, 34594, 256835)
(110184, 112020, 34594, 256798)
(110162, 112020, 34594, 256776)
(110154, 112020, 34594, 256768)
(110135, 112020, 34594, 256749)
(110128, 112020, 34594, 256742)
(110105, 112020, 34594, 256719)
(110087, 112020, 34594, 256701)
(110065, 112020, 34594, 256679)
(110042, 112020, 34594, 256656)
(110019, 112020, 34594, 256633)
(109982, 112020, 34594, 256596)
(109969, 112020, 34594, 256583)
(109942, 112020, 34594, 256556)
(109920, 112020, 34594, 256534)
(109912, 112020, 34594, 256526)
(109887, 112020, 34594, 256501)
(109857, 112020, 34594, 256471)
(109825, 112020, 34594, 256439)
(109801, 112020, 34594, 256415)
(109798, 112020, 34594, 256412)
(109773, 112020, 34594, 256387)
(109762, 112020, 34594, 256376)
(109735, 112020, 34594, 256349)
(109700, 112020, 34594, 256314)
(109687, 112020, 34594, 256301)
(109662, 112020, 34594, 256276)
(109634, 112020, 34594, 256248)
(109610, 112020, 34594, 256224)
(109599, 112020, 34594, 256213)
(109593, 112020, 34594, 256207)
(109567, 112020, 34594, 256181)
(109561, 112020, 34594, 256175)
(109528, 112020, 34594, 256142)
(109489, 112020, 34594, 256103)
(109472, 112020, 34594, 256086)
(109457, 112020, 34594, 256071)
(109446, 112020, 34594, 256060)
(109440, 112020, 34594, 256054)
(109437, 112020, 34594, 256051)
(109393, 112020, 34594, 256007)
(109379, 112020, 34594, 255993)
(109366, 112020, 34594, 255980)
(109347, 112020, 34594, 255961)
(109331, 112020, 34594, 255945)
(109305, 112020, 34594, 255919)
(109282, 112020, 34594, 255896)
(109261, 112020, 34594, 255875)
(109245, 112020, 34594, 255859)
(109230, 112020, 34594, 255844)
(109217, 112020, 34594, 255831)
(109193, 112020, 34594, 255807)
(109165, 112020, 34594, 255779)
(109146, 112020, 34594, 255760)
(109116, 112020, 34594, 255730)
(109091, 112020, 34594, 255705)
(109089, 112020, 34594, 255703)
(109063, 112020, 34594, 255677)
(109058, 112020, 34594, 255672)
(109040, 112020, 34594, 255654)
(109010, 112020, 34594, 255624)
(108998, 112020, 34594, 255612)
(108972, 112020, 34594, 255586)
(108941, 112020, 34594, 255555)
(108936, 112020, 34594, 255550)
(108901, 112020, 34594, 255515)
(108877, 112020, 34594, 255491)
(108870, 112020, 34594, 255484)
(108837, 112020, 34594, 255451)
(108810, 112020, 34594, 255424)
(108792, 112020, 34594, 255406)
(108769, 112020, 34594, 255383)
(108740, 112020, 34594, 255354)
(108732, 112020, 34594, 255346)
(108726, 112020, 34594, 255340)
(108721, 112020, 34594, 255335)
(108695, 112020, 34594, 255309)
(108664, 112020, 34594, 255278)
(108635, 112020, 34594, 255249)
(108618, 112020, 34594, 255232)
(108600, 112020, 34594, 255214)
(108580, 112020, 34594, 255194)
(108558, 112020, 34594, 255172)
(108537, 112020, 34594, 255151)
(108511, 112020, 34594, 255125)
(108476, 112020, 34594, 255090)
(108463, 112020, 34594, 255077)
(108438, 112020, 34594, 255052)
(108419, 112020, 34594, 255033)
(108416, 112020, 34594, 255030)
(108402, 112020, 34594, 255016)
(108375, 112020, 34594, 254989)
(108360, 112020, 34594, 254974)
(108336, 112020, 34594, 254950)
(108323, 112020, 34594, 254937)
(108310, 112020, 34594, 254924)
(108288, 112020, 34594, 254902)
(108281, 112020, 34594, 254895)
(108262, 112020, 34594, 254876)
(108243, 112020, 34594, 254857)
(108227, 112020, 34594, 254841)
(108205, 112020, 34594, 254819)
(108183, 112020, 34594, 254797)
(108144, 112020, 34594, 254758)
(108111, 112020, 34594, 254725)
(108082, 112020, 34594, 254696)
(108037, 112020, 34594, 254651)
(108005, 112020, 34594, 254619)
(107972, 112020, 34594, 254586)
(107956, 112020, 34594, 254570)
(107933, 112020, 34594, 254547)
(107896, 112020, 34594, 254510)
(107866, 112020, 34594, 254480)
(107852, 112020, 34594, 254466)
(107835, 112020, 34594, 254449)
(107825, 112020, 34594, 254439)
(107813, 112020, 34594, 254427)
(107801, 112020, 34594, 254415)
(107761, 112020, 34594, 254375)
(107748, 112020, 34594, 254362)
(107744, 112020, 34594, 254358)
(107723, 112020, 34594, 254337)
(107698, 112020, 34594, 254312)
(107666, 112020, 34594, 254280)
(107637, 112020, 34594, 254251)
(107616, 112020, 34594, 254230)
(107612, 112020, 34594, 254226)
(107581, 112020, 34594, 254195)
(107569, 112020, 34594, 254183)
(107562, 112020, 34594, 254176)
(107536, 112020, 34594, 254150)
(107509, 112020, 34594, 254123)
(107478, 112020, 34594, 254092)
(107455, 112020, 34594, 254069)
(107451, 112020, 34594, 254065)
(107440, 112020, 34594, 254054)
(107414, 112020, 34594, 254028)
(107385, 112020, 34594, 253999)
(107356, 112020, 34594, 253970)
(107338, 112020, 34594, 253952)
(107303, 112020, 34594, 253917)
(107293, 112020, 34594, 253907)
(107269, 112020, 34594, 253883)
(107256, 112020, 34594, 253870)
(107245, 112020, 34594, 253859)
(107215, 112020, 34594, 253829)
(107202, 112020, 34594, 253816)
(107185, 112020, 34594, 253799)
(107169, 112020, 34594, 253783)
(107149, 112020, 34594, 253763)
(107132, 112020, 34594, 253746)
(107126, 112020, 34594, 253740)
(107111, 112020, 34594, 253725)
(107086, 112020, 34594, 253700)
(107059, 112020, 34594, 253673)
(107037, 112020, 34594, 253651)
(107019, 112020, 34594, 253633)
(106985, 112020, 34594, 253599)
(106970, 112020, 34594, 253584)
(106943, 112020, 34594, 253557)
(106933, 112020, 34594, 253547)
(106902, 112020, 34594, 253516)
(106881, 112020, 34594, 253495)
(106843, 112020, 34594, 253457)
(106826, 112020, 34594, 253440)
(106792, 112020, 34594, 253406)
(106754, 112020, 34594, 253368)
(106722, 112020, 34594, 253336)
(106695, 112020, 34594, 253309)
(106667, 112020, 34594, 253281)
(106632, 112020, 34594, 253246)
(106617, 112020, 34594, 253231)
(106601, 112020, 34594, 253215)
(106579, 112020, 34594, 253193)
(106535, 112020, 34594, 253149)
(106508, 112020, 34594, 253122)
(106492, 112020, 34594, 253106)
(106478, 112020, 34594, 253092)
(106438, 112020, 34594, 253052)
(106430, 112020, 34594, 253044)
(106413, 112020, 34594, 253027)
(106404, 112020, 34594, 253018)
(106399, 112020, 34594, 253013)
(106376, 112020, 34594, 252990)
(106358, 112020, 34594, 252972)
(106330, 112020, 34594, 252944)
(106308, 112020, 34594, 252922)
(106289, 112020, 34594, 252903)
(106258, 112020, 34594, 252872)
(106249, 112020, 34594, 252863)
(106215, 112020, 34594, 252829)
(106199, 112020, 34594, 252813)
(106173, 112020, 34594, 252787)
(106165, 112020, 34594, 252779)
(106160, 112020, 34594, 252774)
(106146, 112020, 34594, 252760)
(106134, 112020, 34594, 252748)
(106114, 112020, 34594, 252728)
(106088, 112020, 34594, 252702)
(106081, 112020, 34594, 252695)
(106051, 112020, 34594, 252665)
(106027, 112020, 34594, 252641)
(106019, 112020, 34594, 252633)
(105986, 112020, 34594, 252600)
(105967, 112020, 34594, 252581)
(105954, 112020, 34594, 252568)
(105938, 112020, 34594, 252552)
(105931, 112020, 34594, 252545)
(105909, 112020, 34594, 252523)
(105887, 112020, 34594, 252501)
(105864, 112020, 34594, 252478)
(105833, 112020, 34594, 252447)
(105824, 112020, 34594, 252438)
(105815, 112020, 34594, 252429)
(105793, 112020, 34594, 252407)
(105781, 112020, 34594, 252395)
(105772, 112020, 34594, 252386)
(105749, 112020, 34594, 252363)
(105740, 112020, 34594, 252354)
(105718, 112020, 34594, 252332)
(105697, 112020, 34594, 252311)
(105676, 112020, 34594, 252290)
(105658, 112020, 34594, 252272)
(105629, 112020, 34594, 252243)
(105614, 112020, 34594, 252228)
(105594, 112020, 34594, 252208)
(105574, 112020, 34594, 252188)
(105553, 112020, 34594, 252167)
(105523, 112020, 34594, 252137)
(105494, 112020, 34594, 252108)
(105484, 112020, 34594, 252098)
(105444, 112020, 34594, 252058)
(105420, 112020, 34594, 252034)
(105412, 112020, 34594, 252026)
(105403, 112020, 34594, 252017)
(105383, 112020, 34594, 251997)
(105359, 112020, 34594, 251973)
(105344, 112020, 34594, 251958)
(105334, 112020, 34594, 251948)
(105307, 112020, 34594, 251921)
(105286, 112020, 34594, 251900)
(105263, 112020, 34594, 251877)
(105234, 112020, 34594, 251848)
(105229, 112020, 34594, 251843)
(105208, 112020, 34594, 251822)
(105181, 112020, 34594, 251795)
(105173, 112020, 34594, 251787)
(105144, 112020, 34594, 251758)
(105142, 112020, 34594, 251756)
(105123, 112020, 34594, 251737)
(105113, 112020, 34594, 251727)
(105099, 112020, 34594, 251713)
(105048, 112020, 34594, 251662)
(105016, 112020, 34594, 251630)
(104999, 112020, 34594, 251613)
(104979, 112020, 34594, 251593)
(104948, 112020, 34594, 251562)
(104917, 112020, 34594, 251531)
(104891, 112020, 34594, 251505)
(104880, 112020, 34594, 251494)
(104852, 112020, 34594, 251466)
(104819, 112020, 34594, 251433)
(104789, 112020, 34594, 251403)
(104759, 112020, 34594, 251373)
(104741, 112020, 34594, 251355)
(104715, 112020, 34594, 251329)
(104696, 112020, 34594, 251310)
(104676, 112020, 34594, 251290)
(104658, 112020, 34594, 251272)
(104643, 112020, 34594, 251257)
(104632, 112020, 34594, 251246)
(104628, 112020, 34594, 251242)
(104593, 112020, 34594, 251207)
(104556, 112020, 34594, 251170)
(104538, 112020, 34594, 251152)
(104519, 112020, 34594, 251133)
(104499, 112020, 34594, 251113)
(104476, 112020, 34594, 251090)
(104443, 112020, 34594, 251057)
(104413, 112020, 34594, 251027)
(104396, 112020, 34594, 251010)
(104373, 112020, 34594, 250987)
(104344, 112020, 34594, 250958)
(104325, 112020, 34594, 250939)
(104294, 112020, 34594, 250908)
(104280, 112020, 34594, 250894)
(104268, 112020, 34594, 250882)
(104265, 112020, 34594, 250879)
(104236, 112020, 34594, 250850)
(104218, 112020, 34594, 250832)
(104215, 112020, 34594, 250829)
(104193, 112020, 34594, 250807)
(104164, 112020, 34594, 250778)
(104137, 112020, 34594, 250751)
(104104, 112020, 34594, 250718)
(104077, 112020, 34594, 250691)
(104068, 112020, 34594, 250682)
(104046, 112020, 34594, 250660)
(104018, 112020, 34594, 250632)
(104001, 112020, 34594, 250615)
(103977, 112020, 34594, 250591)
(103955, 112020, 34594, 250569)
(103932, 112020, 34594, 250546)
(103923, 112020, 34594, 250537)
(103911, 112020, 34594, 250525)
(103898, 112020, 34594, 250512)
(103870, 112020, 34594, 250484)
(103856, 112020, 34594, 250470)
(103821, 112020, 34594, 250435)
(103787, 112020, 34594, 250401)
(103765, 112020, 34594, 250379)
(103738, 112020, 34594, 250352)
(103716, 112020, 34594, 250330)
