(104140, 105382, 38297, 247819)
(96711, 110956, 38297, 245964)
(92141, 113148, 38877, 244166)
(89137, 115244, 38877, 243258)
(84846, 119333, 38297, 242476)
(78177, 125279, 38297, 241753)
(71193, 129813, 38297, 239303)
(65020, 134519, 38297, 237836)
(61778, 136667, 38297, 236742)
(58099, 139705, 38297, 236101)
(198050, 36744, 25088, 259882)
(191095, 41930, 25359, 258384)
(183424, 48379, 25561, 257364)
(180873, 50707, 25561, 257141)
(89207, 117120, 38297, 244624)
(83069, 120768, 38297, 242134)
(76403, 125896, 38297, 240596)
(70257, 130448, 38297, 239002)
(69021, 130914, 38297, 238232)
(63489, 135190, 38297, 236976)
(106431, 103646, 38297, 248374)
