(105647, 107058, 38405, 251110)
(105626, 107058, 38405, 251089)
(105599, 107058, 38405, 251062)
(105580, 107058, 38405, 251043)
(105561, 107058, 38405, 251024)
(105548, 107058, 38405, 251011)
(105539, 107058, 38405, 251002)
(105521, 107058, 38405, 250984)
(105502, 107058, 38405, 250965)
(105482, 107058, 38405, 250945)
(105455, 107058, 38405, 250918)
(105437, 107058, 38405, 250900)
(105432, 107058, 38405, 250895)
(105422, 107058, 38405, 250885)
(105398, 107058, 38405, 250861)
(105390, 107058, 38405, 250853)
(105376, 107058, 38405, 250839)
(105351, 107058, 38405, 250814)
(105340, 107058, 38405, 250803)
(105304, 107058, 38405, 250767)
(105285, 107058, 38405, 250748)
(105252, 107058, 38405, 250715)
(105233, 107058, 38405, 250696)
(105212, 107058, 38405, 250675)
(105197, 107058, 38405, 250660)
(105187, 107058, 38405, 250650)
(105173, 107058, 38405, 250636)
(105154, 107058, 38405, 250617)
(105130, 107058, 38405, 250593)
(105121, 107058, 38405, 250584)
(105102, 107058, 38405, 250565)
(105096, 107058, 38405, 250559)
(105081, 107058, 38405, 250544)
(105062, 107058, 38405, 250525)
(105054, 107058, 38405, 250517)
(105048, 107058, 38405, 250511)
(105042, 107058, 38405, 250505)
(105019, 107058, 38405, 250482)
(105003, 107058, 38405, 250466)
(104988, 107058, 38405, 250451)
(104971, 107058, 38405, 250434)
(104969, 107058, 38405, 250432)
(104958, 107058, 38405, 250421)
(104936, 107058, 38405, 250399)
(104915, 107058, 38405, 250378)
(104902, 107058, 38405, 250365)
(104891, 107058, 38405, 250354)
(104879, 107058, 38405, 250342)
(104861, 107058, 38405, 250324)
(104841, 107058, 38405, 250304)
(104819, 107058, 38405, 250282)
(104794, 107058, 38405, 250257)
(104782, 107058, 38405, 250245)
(104766, 107058, 38405, 250229)
(104742, 107058, 38405, 250205)
(104732, 107058, 38405, 250195)
(104720, 107058, 38405, 250183)
(104691, 107058, 38405, 250154)
(104675, 107058, 38405, 250138)
(104650, 107058, 38405, 250113)
(104632, 107058, 38405, 250095)
(104619, 107058, 38405, 250082)
(104607, 107058, 38405, 250070)
(104585, 107058, 38405, 250048)
(104561, 107058, 38405, 250024)
(104535, 107058, 38405, 249998)
(104526, 107058, 38405, 249989)
(104513, 107058, 38405, 249976)
(104499, 107058, 38405, 249962)
(104491, 107058, 38405, 249954)
(104469, 107058, 38405, 249932)
(104444, 107058, 38405, 249907)
(104419, 107058, 38405, 249882)
(104401, 107058, 38405, 249864)
(104389, 107058, 38405, 249852)
(104383, 107058, 38405, 249846)
(104373, 107058, 38405, 249836)
(104358, 107058, 38405, 249821)
(104331, 107058, 38405, 249794)
(104311, 107058, 38405, 249774)
(104306, 107058, 38405, 249769)
(104287, 107058, 38405, 249750)
(104283, 107058, 38405, 249746)
(104268, 107058, 38405, 249731)
(104249, 107058, 38405, 249712)
(104231, 107058, 38405, 249694)
(104219, 107058, 38405, 249682)
(104198, 107058, 38405, 249661)
(104188, 107058, 38405, 249651)
(104170, 107058, 38405, 249633)
(104151, 107058, 38405, 249614)
(104134, 107058, 38405, 249597)
(104121, 107058, 38405, 249584)
(104112, 107058, 38405, 249575)
(104101, 107058, 38405, 249564)
(104090, 107058, 38405, 249553)
(104082, 107058, 38405, 249545)
(104067, 107058, 38405, 249530)
(104040, 107058, 38405, 249503)
(104023, 107058, 38405, 249486)
(104005, 107058, 38405, 249468)
(103991, 107058, 38405, 249454)
(103967, 107058, 38405, 249430)
(103946, 107058, 38405, 249409)
(103928, 107058, 38405, 249391)
(103919, 107058, 38405, 249382)
(103902, 107058, 38405, 249365)
(103885, 107058, 38405, 249348)
(103872, 107058, 38405, 249335)
(103866, 107058, 38405, 249329)
(103853, 107058, 38405, 249316)
(103847, 107058, 38405, 249310)
(103817, 107058, 38405, 249280)
(103783, 107058, 38405, 249246)
(103768, 107058, 38405, 249231)
(103754, 107058, 38405, 249217)
(103741, 107058, 38405, 249204)
(103726, 107058, 38405, 249189)
(103720, 107058, 38405, 249183)
(103709, 107058, 38405, 249172)
(103694, 107058, 38405, 249157)
(103674, 107058, 38405, 249137)
(103654, 107058, 38405, 249117)
(103635, 107058, 38405, 249098)
(103611, 107058, 38405, 249074)
(103602, 107058, 38405, 249065)
(103580, 107058, 38405, 249043)
(103565, 107058, 38405, 249028)
(103557, 107058, 38405, 249020)
(103537, 107058, 38405, 249000)
(103520, 107058, 38405, 248983)
(103496, 107058, 38405, 248959)
(103488, 107058, 38405, 248951)
(103469, 107058, 38405, 248932)
(103456, 107058, 38405, 248919)
(103443, 107058, 38405, 248906)
(103423, 107058, 38405, 248886)
(103399, 107058, 38405, 248862)
(103387, 107058, 38405, 248850)
(103372, 107058, 38405, 248835)
(103351, 107058, 38405, 248814)
(103317, 107058, 38405, 248780)
(103291, 107058, 38405, 248754)
(103263, 107058, 38405, 248726)
(103255, 107058, 38405, 248718)
(103230, 107058, 38405, 248693)
(103207, 107058, 38405, 248670)
(103190, 107058, 38405, 248653)
(103174, 107058, 38405, 248637)
(103159, 107058, 38405, 248622)
(103137, 107058, 38405, 248600)
(103125, 107058, 38405, 248588)
(103100, 107058, 38405, 248563)
(103082, 107058, 38405, 248545)
(103056, 107058, 38405, 248519)
(103034, 107058, 38405, 248497)
(103016, 107058, 38405, 248479)
(103000, 107058, 38405, 248463)
(102983, 107058, 38405, 248446)
(102974, 107058, 38405, 248437)
(102963, 107058, 38405, 248426)
(102944, 107058, 38405, 248407)
(102931, 107058, 38405, 248394)
(102926, 107058, 38405, 248389)
(102918, 107058, 38405, 248381)
(102904, 107058, 38405, 248367)
(102893, 107058, 38405, 248356)
(102883, 107058, 38405, 248346)
(102851, 107058, 38405, 248314)
(102846, 107058, 38405, 248309)
(102832, 107058, 38405, 248295)
(102810, 107058, 38405, 248273)
(102800, 107058, 38405, 248263)
(102780, 107058, 38405, 248243)
(102761, 107058, 38405, 248224)
(102739, 107058, 38405, 248202)
(102716, 107058, 38405, 248179)
(102696, 107058, 38405, 248159)
(102690, 107058, 38405, 248153)
(102676, 107058, 38405, 248139)
(102673, 107058, 38405, 248136)
(102643, 107058, 38405, 248106)
(102640, 107058, 38405, 248103)
(102622, 107058, 38405, 248085)
(102611, 107058, 38405, 248074)
(102602, 107058, 38405, 248065)
(102584, 107058, 38405, 248047)
(102568, 107058, 38405, 248031)
(102545, 107058, 38405, 248008)
(102522, 107058, 38405, 247985)
(102507, 107058, 38405, 247970)
(102491, 107058, 38405, 247954)
(102467, 107058, 38405, 247930)
(102459, 107058, 38405, 247922)
(102439, 107058, 38405, 247902)
(102410, 107058, 38405, 247873)
(102401, 107058, 38405, 247864)
(102387, 107058, 38405, 247850)
(102358, 107058, 38405, 247821)
(102336, 107058, 38405, 247799)
(102316, 107058, 38405, 247779)
(102297, 107058, 38405, 247760)
(102277, 107058, 38405, 247740)
(102256, 107058, 38405, 247719)
(102227, 107058, 38405, 247690)
(102202, 107058, 38405, 247665)
(102183, 107058, 38405, 247646)
(102166, 107058, 38405, 247629)
(102159, 107058, 38405, 247622)
(102136, 107058, 38405, 247599)
(102129, 107058, 38405, 247592)
(102117, 107058, 38405, 247580)
(102111, 107058, 38405, 247574)
(102088, 107058, 38405, 247551)
(102065, 107058, 38405, 247528)
(102044, 107058, 38405, 247507)
(102030, 107058, 38405, 247493)
(102018, 107058, 38405, 247481)
(101990, 107058, 38405, 247453)
(101987, 107058, 38405, 247450)
(101977, 107058, 38405, 247440)
(101954, 107058, 38405, 247417)
(101939, 107058, 38405, 247402)
(101929, 107058, 38405, 247392)
(101926, 107058, 38405, 247389)
(101923, 107058, 38405, 247386)
(101904, 107058, 38405, 247367)
(101890, 107058, 38405, 247353)
(101878, 107058, 38405, 247341)
(101874, 107058, 38405, 247337)
(101871, 107058, 38405, 247334)
(101846, 107058, 38405, 247309)
(101823, 107058, 38405, 247286)
(101794, 107058, 38405, 247257)
(101772, 107058, 38405, 247235)
(101770, 107058, 38405, 247233)
(101751, 107058, 38405, 247214)
(101736, 107058, 38405, 247199)
(101726, 107058, 38405, 247189)
(101703, 107058, 38405, 247166)
(101686, 107058, 38405, 247149)
(101667, 107058, 38405, 247130)
(101645, 107058, 38405, 247108)
(101631, 107058, 38405, 247094)
(101607, 107058, 38405, 247070)
(101583, 107058, 38405, 247046)
(101564, 107058, 38405, 247027)
(101551, 107058, 38405, 247014)
(101535, 107058, 38405, 246998)
(101511, 107058, 38405, 246974)
(101487, 107058, 38405, 246950)
(101466, 107058, 38405, 246929)
(101463, 107058, 38405, 246926)
(101450, 107058, 38405, 246913)
(101437, 107058, 38405, 246900)
(101420, 107058, 38405, 246883)
(101409, 107058, 38405, 246872)
(101399, 107058, 38405, 246862)
(101379, 107058, 38405, 246842)
(101363, 107058, 38405, 246826)
(101353, 107058, 38405, 246816)
(101332, 107058, 38405, 246795)
(101312, 107058, 38405, 246775)
(101305, 107058, 38405, 246768)
(101289, 107058, 38405, 246752)
(101264, 107058, 38405, 246727)
(101254, 107058, 38405, 246717)
(101230, 107058, 38405, 246693)
(101213, 107058, 38405, 246676)
(101194, 107058, 38405, 246657)
(101174, 107058, 38405, 246637)
(101159, 107058, 38405, 246622)
(101144, 107058, 38405, 246607)
(101129, 107058, 38405, 246592)
(101121, 107058, 38405, 246584)
(101112, 107058, 38405, 246575)
(101102, 107058, 38405, 246565)
(101085, 107058, 38405, 246548)
(101078, 107058, 38405, 246541)
(101063, 107058, 38405, 246526)
(101053, 107058, 38405, 246516)
(101042, 107058, 38405, 246505)
(101032, 107058, 38405, 246495)
(101019, 107058, 38405, 246482)
(101009, 107058, 38405, 246472)
(101001, 107058, 38405, 246464)
(100988, 107058, 38405, 246451)
(100971, 107058, 38405, 246434)
(100952, 107058, 38405, 246415)
(100943, 107058, 38405, 246406)
(100928, 107058, 38405, 246391)
(100903, 107058, 38405, 246366)
(100881, 107058, 38405, 246344)
(100861, 107058, 38405, 246324)
(100848, 107058, 38405, 246311)
(100821, 107058, 38405, 246284)
(100790, 107058, 38405, 246253)
(100782, 107058, 38405, 246245)
(100769, 107058, 38405, 246232)
(100757, 107058, 38405, 246220)
(100739, 107058, 38405, 246202)
(100730, 107058, 38405, 246193)
(100722, 107058, 38405, 246185)
(100716, 107058, 38405, 246179)
(100702, 107058, 38405, 246165)
(100678, 107058, 38405, 246141)
(100674, 107058, 38405, 246137)
(100657, 107058, 38405, 246120)
(100649, 107058, 38405, 246112)
(100629, 107058, 38405, 246092)
(100611, 107058, 38405, 246074)
(100599, 107058, 38405, 246062)
(100585, 107058, 38405, 246048)
(100569, 107058, 38405, 246032)
(100560, 107058, 38405, 246023)
(100538, 107058, 38405, 246001)
(100516, 107058, 38405, 245979)
(100502, 107058, 38405, 245965)
(100478, 107058, 38405, 245941)
(100474, 107058, 38405, 245937)
(100461, 107058, 38405, 245924)
(100449, 107058, 38405, 245912)
(100431, 107058, 38405, 245894)
(100397, 107058, 38405, 245860)
(100374, 107058, 38405, 245837)
(100347, 107058, 38405, 245810)
(100336, 107058, 38405, 245799)
(100313, 107058, 38405, 245776)
(100299, 107058, 38405, 245762)
(100290, 107058, 38405, 245753)
(100280, 107058, 38405, 245743)
(100261, 107058, 38405, 245724)
(100232, 107058, 38405, 245695)
(100216, 107058, 38405, 245679)
(100198, 107058, 38405, 245661)
(100172, 107058, 38405, 245635)
(100145, 107058, 38405, 245608)
(100114, 107058, 38405, 245577)
(100092, 107058, 38405, 245555)
(100075, 107058, 38405, 245538)
(100040, 107058, 38405, 245503)
(100021, 107058, 38405, 245484)
(100011, 107058, 38405, 245474)
(99985, 107058, 38405, 245448)
(99955, 107058, 38405, 245418)
(99936, 107058, 38405, 245399)
(99917, 107058, 38405, 245380)
(99900, 107058, 38405, 245363)
(99897, 107058, 38405, 245360)
(99877, 107058, 38405, 245340)
(99865, 107058, 38405, 245328)
(99847, 107058, 38405, 245310)
(99832, 107058, 38405, 245295)
(99821, 107058, 38405, 245284)
(99802, 107058, 38405, 245265)
(99783, 107058, 38405, 245246)
(99781, 107058, 38405, 245244)
(99765, 107058, 38405, 245228)
(99743, 107058, 38405, 245206)
(99726, 107058, 38405, 245189)
(99724, 107058, 38405, 245187)
(99712, 107058, 38405, 245175)
(99693, 107058, 38405, 245156)
(99674, 107058, 38405, 245137)
(99653, 107058, 38405, 245116)
(99636, 107058, 38405, 245099)
(99623, 107058, 38405, 245086)
(99610, 107058, 38405, 245073)
(99593, 107058, 38405, 245056)
(99581, 107058, 38405, 245044)
(99573, 107058, 38405, 245036)
(99556, 107058, 38405, 245019)
(99536, 107058, 38405, 244999)
(99517, 107058, 38405, 244980)
(99508, 107058, 38405, 244971)
(99488, 107058, 38405, 244951)
(99479, 107058, 38405, 244942)
(99466, 107058, 38405, 244929)
(99439, 107058, 38405, 244902)
(99428, 107058, 38405, 244891)
(99409, 107058, 38405, 244872)
(99394, 107058, 38405, 244857)
(99386, 107058, 38405, 244849)
(99366, 107058, 38405, 244829)
(99351, 107058, 38405, 244814)
(99330, 107058, 38405, 244793)
(99311, 107058, 38405, 244774)
(99302, 107058, 38405, 244765)
(99287, 107058, 38405, 244750)
(99280, 107058, 38405, 244743)
(99269, 107058, 38405, 244732)
(99253, 107058, 38405, 244716)
(99241, 107058, 38405, 244704)
(99220, 107058, 38405, 244683)
(99196, 107058, 38405, 244659)
(99185, 107058, 38405, 244648)
(99176, 107058, 38405, 244639)
(99147, 107058, 38405, 244610)
(99135, 107058, 38405, 244598)
(99122, 107058, 38405, 244585)
(99111, 107058, 38405, 244574)
(99094, 107058, 38405, 244557)
(99087, 107058, 38405, 244550)
(99071, 107058, 38405, 244534)
(99053, 107058, 38405, 244516)
(99041, 107058, 38405, 244504)
(99024, 107058, 38405, 244487)
(99015, 107058, 38405, 244478)
(98989, 107058, 38405, 244452)
(98972, 107058, 38405, 244435)
(98968, 107058, 38405, 244431)
(98947, 107058, 38405, 244410)
(98923, 107058, 38405, 244386)
(98909, 107058, 38405, 244372)
(98900, 107058, 38405, 244363)
(98885, 107058, 38405, 244348)
(98873, 107058, 38405, 244336)
(98864, 107058, 38405, 244327)
(98854, 107058, 38405, 244317)
(98825, 107058, 38405, 244288)
(98804, 107058, 38405, 244267)
(98798, 107058, 38405, 244261)
(98782, 107058, 38405, 244245)
(98774, 107058, 38405, 244237)
(98758, 107058, 38405, 244221)
(98741, 107058, 38405, 244204)
(98721, 107058, 38405, 244184)
(98702, 107058, 38405, 244165)
(98689, 107058, 38405, 244152)
(98664, 107058, 38405, 244127)
(98658, 107058, 38405, 244121)
(98640, 107058, 38405, 244103)
(98625, 107058, 38405, 244088)
(98602, 107058, 38405, 244065)
(98578, 107058, 38405, 244041)
(98549, 107058, 38405, 244012)
(98532, 107058, 38405, 243995)
(98513, 107058, 38405, 243976)
(98496, 107058, 38405, 243959)
(98480, 107058, 38405, 243943)
(98475, 107058, 38405, 243938)
(98471, 107058, 38405, 243934)
(98468, 107058, 38405, 243931)
(98440, 107058, 38405, 243903)
(98426, 107058, 38405, 243889)
(98413, 107058, 38405, 243876)
(98390, 107058, 38405, 243853)
(98379, 107058, 38405, 243842)
(98356, 107058, 38405, 243819)
(98330, 107058, 38405, 243793)
(98303, 107058, 38405, 243766)
(98298, 107058, 38405, 243761)
(98290, 107058, 38405, 243753)
(98268, 107058, 38405, 243731)
(98255, 107058, 38405, 243718)
(98238, 107058, 38405, 243701)
(98226, 107058, 38405, 243689)
(98216, 107058, 38405, 243679)
(98194, 107058, 38405, 243657)
(98179, 107058, 38405, 243642)
(98177, 107058, 38405, 243640)
(98168, 107058, 38405, 243631)
(98165, 107058, 38405, 243628)
(98147, 107058, 38405, 243610)
(98124, 107058, 38405, 243587)
(98100, 107058, 38405, 243563)
(98073, 107058, 38405, 243536)
(98051, 107058, 38405, 243514)
(98043, 107058, 38405, 243506)
(98033, 107058, 38405, 243496)
(98015, 107058, 38405, 243478)
(98009, 107058, 38405, 243472)
(97995, 107058, 38405, 243458)
(97969, 107058, 38405, 243432)
(97947, 107058, 38405, 243410)
(97939, 107058, 38405, 243402)
(97908, 107058, 38405, 243371)
(97884, 107058, 38405, 243347)
(97873, 107058, 38405, 243336)
(97847, 107058, 38405, 243310)
(97838, 107058, 38405, 243301)
(97835, 107058, 38405, 243298)
(97811, 107058, 38405, 243274)
(97794, 107058, 38405, 243257)
(97771, 107058, 38405, 243234)
(97746, 107058, 38405, 243209)
(97721, 107058, 38405, 243184)
(97715, 107058, 38405, 243178)
(97693, 107058, 38405, 243156)
(97676, 107058, 38405, 243139)
(97654, 107058, 38405, 243117)
(97631, 107058, 38405, 243094)
(97612, 107058, 38405, 243075)
(97587, 107058, 38405, 243050)
(97567, 107058, 38405, 243030)
(97542, 107058, 38405, 243005)
(97536, 107058, 38405, 242999)
(97526, 107058, 38405, 242989)
(97501, 107058, 38405, 242964)
(97483, 107058, 38405, 242946)
(97471, 107058, 38405, 242934)
(97458, 107058, 38405, 242921)
(97436, 107058, 38405, 242899)
(97414, 107058, 38405, 242877)
(97394, 107058, 38405, 242857)
(97379, 107058, 38405, 242842)
(97364, 107058, 38405, 242827)
(97345, 107058, 38405, 242808)
(97333, 107058, 38405, 242796)
(97309, 107058, 38405, 242772)
(97300, 107058, 38405, 242763)
(97281, 107058, 38405, 242744)
(97272, 107058, 38405, 242735)
(97261, 107058, 38405, 242724)
(97250, 107058, 38405, 242713)
(97231, 107058, 38405, 242694)
(97206, 107058, 38405, 242669)
(97192, 107058, 38405, 242655)
(97167, 107058, 38405, 242630)
(97146, 107058, 38405, 242609)
(97136, 107058, 38405, 242599)
(97116, 107058, 38405, 242579)
(97097, 107058, 38405, 242560)
(97077, 107058, 38405, 242540)
(97065, 107058, 38405, 242528)
(97056, 107058, 38405, 242519)
(97046, 107058, 38405, 242509)
(97023, 107058, 38405, 242486)
(97003, 107058, 38405, 242466)
(96978, 107058, 38405, 242441)
(96955, 107058, 38405, 242418)
(96929, 107058, 38405, 242392)
(96907, 107058, 38405, 242370)
(96893, 107058, 38405, 242356)
(96892, 107058, 38405, 242355)
(96887, 107058, 38405, 242350)
(96870, 107058, 38405, 242333)
(96843, 107058, 38405, 242306)
(96813, 107058, 38405, 242276)
(96784, 107058, 38405, 242247)
(96766, 107058, 38405, 242229)
(96737, 107058, 38405, 242200)
(96713, 107058, 38405, 242176)
(96695, 107058, 38405, 242158)
(96671, 107058, 38405, 242134)
(96650, 107058, 38405, 242113)
(96642, 107058, 38405, 242105)
(96617, 107058, 38405, 242080)
(96604, 107058, 38405, 242067)
(96586, 107058, 38405, 242049)
(96576, 107058, 38405, 242039)
(96556, 107058, 38405, 242019)
(96550, 107058, 38405, 242013)
(96542, 107058, 38405, 242005)
(96530, 107058, 38405, 241993)
(96511, 107058, 38405, 241974)
(96493, 107058, 38405, 241956)
(96485, 107058, 38405, 241948)
(96474, 107058, 38405, 241937)
(96453, 107058, 38405, 241916)
(96450, 107058, 38405, 241913)
(96421, 107058, 38405, 241884)
(96415, 107058, 38405, 241878)
(96391, 107058, 38405, 241854)
(96376, 107058, 38405, 241839)
(96351, 107058, 38405, 241814)
(96337, 107058, 38405, 241800)
(96321, 107058, 38405, 241784)
(96310, 107058, 38405, 241773)
(96302, 107058, 38405, 241765)
(96275, 107058, 38405, 241738)
(96255, 107058, 38405, 241718)
(96247, 107058, 38405, 241710)
(96237, 107058, 38405, 241700)
(96229, 107058, 38405, 241692)
(96218, 107058, 38405, 241681)
(96200, 107058, 38405, 241663)
(96174, 107058, 38405, 241637)
(96156, 107058, 38405, 241619)
(96137, 107058, 38405, 241600)
(96119, 107058, 38405, 241582)
(96102, 107058, 38405, 241565)
(96081, 107058, 38405, 241544)
(96080, 107058, 38405, 241543)
(96067, 107058, 38405, 241530)
(96053, 107058, 38405, 241516)
(96032, 107058, 38405, 241495)
(96019, 107058, 38405, 241482)
(96007, 107058, 38405, 241470)
(95996, 107058, 38405, 241459)
(95972, 107058, 38405, 241435)
(95958, 107058, 38405, 241421)
(95943, 107058, 38405, 241406)
(95919, 107058, 38405, 241382)
(95894, 107058, 38405, 241357)
(95868, 107058, 38405, 241331)
(95857, 107058, 38405, 241320)
(95852, 107058, 38405, 241315)
(95825, 107058, 38405, 241288)
(95805, 107058, 38405, 241268)
(95804, 107058, 38405, 241267)
(95796, 107058, 38405, 241259)
(95789, 107058, 38405, 241252)
(95764, 107058, 38405, 241227)
(95749, 107058, 38405, 241212)
(95738, 107058, 38405, 241201)
(95716, 107058, 38405, 241179)
(95693, 107058, 38405, 241156)
(95669, 107058, 38405, 241132)
(95658, 107058, 38405, 241121)
(95640, 107058, 38405, 241103)
(95603, 107058, 38405, 241066)
(95593, 107058, 38405, 241056)
(95577, 107058, 38405, 241040)
(95569, 107058, 38405, 241032)
(95552, 107058, 38405, 241015)
(95543, 107058, 38405, 241006)
(95515, 107058, 38405, 240978)
(95495, 107058, 38405, 240958)
(95475, 107058, 38405, 240938)
(95471, 107058, 38405, 240934)
(95442, 107058, 38405, 240905)
(95436, 107058, 38405, 240899)
(95425, 107058, 38405, 240888)
(95413, 107058, 38405, 240876)
(95391, 107058, 38405, 240854)
(95369, 107058, 38405, 240832)
(95350, 107058, 38405, 240813)
(95343, 107058, 38405, 240806)
(95323, 107058, 38405, 240786)
(95302, 107058, 38405, 240765)
(95288, 107058, 38405, 240751)
(95278, 107058, 38405, 240741)
(95272, 107058, 38405, 240735)
(95255, 107058, 38405, 240718)
(95236, 107058, 38405, 240699)
