(104736, 105782, 38273, 248791)
(104718, 105782, 38273, 248773)
(104695, 105782, 38273, 248750)
(104680, 105782, 38273, 248735)
(104657, 105782, 38273, 248712)
(104631, 105782, 38273, 248686)
(104612, 105782, 38273, 248667)
(104595, 105782, 38273, 248650)
(104564, 105782, 38273, 248619)
(104549, 105782, 38273, 248604)
(104530, 105782, 38273, 248585)
(104508, 105782, 38273, 248563)
(104501, 105782, 38273, 248556)
(104495, 105782, 38273, 248550)
(104485, 105782, 38273, 248540)
(104477, 105782, 38273, 248532)
(104457, 105782, 38273, 248512)
(104425, 105782, 38273, 248480)
(104396, 105782, 38273, 248451)
(104364, 105782, 38273, 248419)
(104345, 105782, 38273, 248400)
(104325, 105782, 38273, 248380)
(104317, 105782, 38273, 248372)
(104292, 105782, 38273, 248347)
(104267, 105782, 38273, 248322)
(104253, 105782, 38273, 248308)
(104236, 105782, 38273, 248291)
(104227, 105782, 38273, 248282)
(104211, 105782, 38273, 248266)
(104197, 105782, 38273, 248252)
(104183, 105782, 38273, 248238)
(104172, 105782, 38273, 248227)
(104155, 105782, 38273, 248210)
(104148, 105782, 38273, 248203)
(104130, 105782, 38273, 248185)
(104126, 105782, 38273, 248181)
(104113, 105782, 38273, 248168)
(104102, 105782, 38273, 248157)
(104074, 105782, 38273, 248129)
(104050, 105782, 38273, 248105)
(104034, 105782, 38273, 248089)
(104026, 105782, 38273, 248081)
(104022, 105782, 38273, 248077)
(104002, 105782, 38273, 248057)
(103995, 105782, 38273, 248050)
(103989, 105782, 38273, 248044)
(103967, 105782, 38273, 248022)
(103954, 105782, 38273, 248009)
(103934, 105782, 38273, 247989)
(103916, 105782, 38273, 247971)
(103906, 105782, 38273, 247961)
(103901, 105782, 38273, 247956)
(103897, 105782, 38273, 247952)
(103881, 105782, 38273, 247936)
(103867, 105782, 38273, 247922)
(103845, 105782, 38273, 247900)
(103822, 105782, 38273, 247877)
(103803, 105782, 38273, 247858)
(103789, 105782, 38273, 247844)
(103785, 105782, 38273, 247840)
(103774, 105782, 38273, 247829)
(103750, 105782, 38273, 247805)
(103749, 105782, 38273, 247804)
(103741, 105782, 38273, 247796)
(103720, 105782, 38273, 247775)
(103700, 105782, 38273, 247755)
(103681, 105782, 38273, 247736)
(103661, 105782, 38273, 247716)
(103647, 105782, 38273, 247702)
(103630, 105782, 38273, 247685)
(103606, 105782, 38273, 247661)
(103593, 105782, 38273, 247648)
(103562, 105782, 38273, 247617)
(103542, 105782, 38273, 247597)
(103539, 105782, 38273, 247594)
(103518, 105782, 38273, 247573)
(103495, 105782, 38273, 247550)
(103487, 105782, 38273, 247542)
(103482, 105782, 38273, 247537)
(103468, 105782, 38273, 247523)
(103465, 105782, 38273, 247520)
(103438, 105782, 38273, 247493)
(103419, 105782, 38273, 247474)
(103400, 105782, 38273, 247455)
(103378, 105782, 38273, 247433)
(103360, 105782, 38273, 247415)
(103345, 105782, 38273, 247400)
(103329, 105782, 38273, 247384)
(103317, 105782, 38273, 247372)
(103312, 105782, 38273, 247367)
(103298, 105782, 38273, 247353)
(103273, 105782, 38273, 247328)
(103251, 105782, 38273, 247306)
(103242, 105782, 38273, 247297)
(103238, 105782, 38273, 247293)
(103220, 105782, 38273, 247275)
(103210, 105782, 38273, 247265)
(103197, 105782, 38273, 247252)
(103186, 105782, 38273, 247241)
(103165, 105782, 38273, 247220)
(103139, 105782, 38273, 247194)
(103118, 105782, 38273, 247173)
(103113, 105782, 38273, 247168)
(103094, 105782, 38273, 247149)
(103071, 105782, 38273, 247126)
(103053, 105782, 38273, 247108)
(103027, 105782, 38273, 247082)
(103001, 105782, 38273, 247056)
(102986, 105782, 38273, 247041)
(102974, 105782, 38273, 247029)
(102962, 105782, 38273, 247017)
(102950, 105782, 38273, 247005)
(102938, 105782, 38273, 246993)
(102936, 105782, 38273, 246991)
(102917, 105782, 38273, 246972)
(102900, 105782, 38273, 246955)
(102880, 105782, 38273, 246935)
(102870, 105782, 38273, 246925)
(102857, 105782, 38273, 246912)
(102842, 105782, 38273, 246897)
(102821, 105782, 38273, 246876)
(102813, 105782, 38273, 246868)
(102797, 105782, 38273, 246852)
(102773, 105782, 38273, 246828)
(102743, 105782, 38273, 246798)
(102731, 105782, 38273, 246786)
(102723, 105782, 38273, 246778)
(102716, 105782, 38273, 246771)
(102706, 105782, 38273, 246761)
(102678, 105782, 38273, 246733)
(102662, 105782, 38273, 246717)
(102641, 105782, 38273, 246696)
(102621, 105782, 38273, 246676)
(102598, 105782, 38273, 246653)
(102578, 105782, 38273, 246633)
(102560, 105782, 38273, 246615)
(102545, 105782, 38273, 246600)
(102537, 105782, 38273, 246592)
(102510, 105782, 38273, 246565)
(102499, 105782, 38273, 246554)
(102484, 105782, 38273, 246539)
(102471, 105782, 38273, 246526)
(102453, 105782, 38273, 246508)
(102436, 105782, 38273, 246491)
(102423, 105782, 38273, 246478)
(102399, 105782, 38273, 246454)
(102380, 105782, 38273, 246435)
(102364, 105782, 38273, 246419)
(102340, 105782, 38273, 246395)
(102323, 105782, 38273, 246378)
(102314, 105782, 38273, 246369)
(102305, 105782, 38273, 246360)
(102282, 105782, 38273, 246337)
(102259, 105782, 38273, 246314)
(102255, 105782, 38273, 246310)
(102230, 105782, 38273, 246285)
(102208, 105782, 38273, 246263)
(102189, 105782, 38273, 246244)
(102174, 105782, 38273, 246229)
(102152, 105782, 38273, 246207)
(102140, 105782, 38273, 246195)
(102132, 105782, 38273, 246187)
(102105, 105782, 38273, 246160)
(102088, 105782, 38273, 246143)
(102072, 105782, 38273, 246127)
(102054, 105782, 38273, 246109)
(102042, 105782, 38273, 246097)
(102036, 105782, 38273, 246091)
(102031, 105782, 38273, 246086)
(102014, 105782, 38273, 246069)
(101992, 105782, 38273, 246047)
(101972, 105782, 38273, 246027)
(101950, 105782, 38273, 246005)
(101933, 105782, 38273, 245988)
(101909, 105782, 38273, 245964)
(101896, 105782, 38273, 245951)
(101881, 105782, 38273, 245936)
(101865, 105782, 38273, 245920)
(101860, 105782, 38273, 245915)
(101847, 105782, 38273, 245902)
(101829, 105782, 38273, 245884)
(101825, 105782, 38273, 245880)
(101802, 105782, 38273, 245857)
(101793, 105782, 38273, 245848)
(101770, 105782, 38273, 245825)
(101766, 105782, 38273, 245821)
(101749, 105782, 38273, 245804)
(101735, 105782, 38273, 245790)
(101717, 105782, 38273, 245772)
(101702, 105782, 38273, 245757)
(101677, 105782, 38273, 245732)
(101650, 105782, 38273, 245705)
(101627, 105782, 38273, 245682)
(101604, 105782, 38273, 245659)
(101594, 105782, 38273, 245649)
(101574, 105782, 38273, 245629)
(101559, 105782, 38273, 245614)
(101548, 105782, 38273, 245603)
(101529, 105782, 38273, 245584)
(101511, 105782, 38273, 245566)
(101498, 105782, 38273, 245553)
(101480, 105782, 38273, 245535)
(101456, 105782, 38273, 245511)
(101443, 105782, 38273, 245498)
(101430, 105782, 38273, 245485)
(101415, 105782, 38273, 245470)
(101405, 105782, 38273, 245460)
(101385, 105782, 38273, 245440)
(101365, 105782, 38273, 245420)
(101353, 105782, 38273, 245408)
(101352, 105782, 38273, 245407)
(101338, 105782, 38273, 245393)
(101329, 105782, 38273, 245384)
(101308, 105782, 38273, 245363)
(101284, 105782, 38273, 245339)
(101280, 105782, 38273, 245335)
(101273, 105782, 38273, 245328)
(101270, 105782, 38273, 245325)
(101246, 105782, 38273, 245301)
(101230, 105782, 38273, 245285)
(101215, 105782, 38273, 245270)
(101195, 105782, 38273, 245250)
(101187, 105782, 38273, 245242)
(101178, 105782, 38273, 245233)
(101177, 105782, 38273, 245232)
(101172, 105782, 38273, 245227)
(101148, 105782, 38273, 245203)
(101126, 105782, 38273, 245181)
(101106, 105782, 38273, 245161)
(101078, 105782, 38273, 245133)
(101067, 105782, 38273, 245122)
(101063, 105782, 38273, 245118)
(101039, 105782, 38273, 245094)
(101022, 105782, 38273, 245077)
(100998, 105782, 38273, 245053)
(100987, 105782, 38273, 245042)
(100970, 105782, 38273, 245025)
(100959, 105782, 38273, 245014)
(100931, 105782, 38273, 244986)
(100925, 105782, 38273, 244980)
(100907, 105782, 38273, 244962)
(100885, 105782, 38273, 244940)
(100865, 105782, 38273, 244920)
(100860, 105782, 38273, 244915)
(100846, 105782, 38273, 244901)
(100845, 105782, 38273, 244900)
(100823, 105782, 38273, 244878)
(100818, 105782, 38273, 244873)
(100799, 105782, 38273, 244854)
(100768, 105782, 38273, 244823)
(100748, 105782, 38273, 244803)
(100723, 105782, 38273, 244778)
(100705, 105782, 38273, 244760)
(100694, 105782, 38273, 244749)
(100668, 105782, 38273, 244723)
(100649, 105782, 38273, 244704)
(100632, 105782, 38273, 244687)
(100620, 105782, 38273, 244675)
(100597, 105782, 38273, 244652)
(100588, 105782, 38273, 244643)
(100575, 105782, 38273, 244630)
(100564, 105782, 38273, 244619)
(100549, 105782, 38273, 244604)
(100523, 105782, 38273, 244578)
(100511, 105782, 38273, 244566)
(100504, 105782, 38273, 244559)
(100499, 105782, 38273, 244554)
(100479, 105782, 38273, 244534)
(100461, 105782, 38273, 244516)
(100446, 105782, 38273, 244501)
(100445, 105782, 38273, 244500)
(100438, 105782, 38273, 244493)
(100418, 105782, 38273, 244473)
(100393, 105782, 38273, 244448)
(100380, 105782, 38273, 244435)
(100349, 105782, 38273, 244404)
(100342, 105782, 38273, 244397)
(100330, 105782, 38273, 244385)
(100303, 105782, 38273, 244358)
(100289, 105782, 38273, 244344)
(100273, 105782, 38273, 244328)
(100266, 105782, 38273, 244321)
(100254, 105782, 38273, 244309)
(100247, 105782, 38273, 244302)
(100224, 105782, 38273, 244279)
(100209, 105782, 38273, 244264)
(100180, 105782, 38273, 244235)
(100149, 105782, 38273, 244204)
(100125, 105782, 38273, 244180)
(100110, 105782, 38273, 244165)
(100104, 105782, 38273, 244159)
(100091, 105782, 38273, 244146)
(100077, 105782, 38273, 244132)
(100072, 105782, 38273, 244127)
(100057, 105782, 38273, 244112)
(100045, 105782, 38273, 244100)
(100029, 105782, 38273, 244084)
(100010, 105782, 38273, 244065)
(100001, 105782, 38273, 244056)
(99979, 105782, 38273, 244034)
(99953, 105782, 38273, 244008)
(99937, 105782, 38273, 243992)
(99924, 105782, 38273, 243979)
(99907, 105782, 38273, 243962)
(99883, 105782, 38273, 243938)
(99869, 105782, 38273, 243924)
(99846, 105782, 38273, 243901)
(99823, 105782, 38273, 243878)
(99797, 105782, 38273, 243852)
(99775, 105782, 38273, 243830)
(99752, 105782, 38273, 243807)
(99751, 105782, 38273, 243806)
(99735, 105782, 38273, 243790)
(99712, 105782, 38273, 243767)
(99694, 105782, 38273, 243749)
(99680, 105782, 38273, 243735)
(99674, 105782, 38273, 243729)
(99650, 105782, 38273, 243705)
(99621, 105782, 38273, 243676)
(99616, 105782, 38273, 243671)
(99600, 105782, 38273, 243655)
(99585, 105782, 38273, 243640)
(99569, 105782, 38273, 243624)
(99554, 105782, 38273, 243609)
(99537, 105782, 38273, 243592)
(99524, 105782, 38273, 243579)
(99513, 105782, 38273, 243568)
(99493, 105782, 38273, 243548)
(99489, 105782, 38273, 243544)
(99469, 105782, 38273, 243524)
(99442, 105782, 38273, 243497)
(99422, 105782, 38273, 243477)
(99399, 105782, 38273, 243454)
(99377, 105782, 38273, 243432)
(99349, 105782, 38273, 243404)
(99332, 105782, 38273, 243387)
(99322, 105782, 38273, 243377)
(99305, 105782, 38273, 243360)
(99284, 105782, 38273, 243339)
(99256, 105782, 38273, 243311)
(99237, 105782, 38273, 243292)
(99213, 105782, 38273, 243268)
(99198, 105782, 38273, 243253)
(99197, 105782, 38273, 243252)
(99181, 105782, 38273, 243236)
(99160, 105782, 38273, 243215)
(99142, 105782, 38273, 243197)
(99129, 105782, 38273, 243184)
(99128, 105782, 38273, 243183)
(99118, 105782, 38273, 243173)
(99114, 105782, 38273, 243169)
(99101, 105782, 38273, 243156)
(99094, 105782, 38273, 243149)
(99069, 105782, 38273, 243124)
(99057, 105782, 38273, 243112)
(99035, 105782, 38273, 243090)
(99033, 105782, 38273, 243088)
(99014, 105782, 38273, 243069)
(98998, 105782, 38273, 243053)
(98971, 105782, 38273, 243026)
(98948, 105782, 38273, 243003)
(98932, 105782, 38273, 242987)
(98905, 105782, 38273, 242960)
(98883, 105782, 38273, 242938)
(98862, 105782, 38273, 242917)
(98847, 105782, 38273, 242902)
(98834, 105782, 38273, 242889)
(98808, 105782, 38273, 242863)
(98791, 105782, 38273, 242846)
(98776, 105782, 38273, 242831)
(98763, 105782, 38273, 242818)
(98741, 105782, 38273, 242796)
(98728, 105782, 38273, 242783)
(98722, 105782, 38273, 242777)
(98706, 105782, 38273, 242761)
(98694, 105782, 38273, 242749)
(98669, 105782, 38273, 242724)
(98660, 105782, 38273, 242715)
(98650, 105782, 38273, 242705)
(98642, 105782, 38273, 242697)
(98621, 105782, 38273, 242676)
(98603, 105782, 38273, 242658)
(98587, 105782, 38273, 242642)
(98568, 105782, 38273, 242623)
(98549, 105782, 38273, 242604)
(98532, 105782, 38273, 242587)
(98521, 105782, 38273, 242576)
(98506, 105782, 38273, 242561)
(98485, 105782, 38273, 242540)
(98453, 105782, 38273, 242508)
(98444, 105782, 38273, 242499)
(98424, 105782, 38273, 242479)
(98404, 105782, 38273, 242459)
(98379, 105782, 38273, 242434)
(98362, 105782, 38273, 242417)
(98331, 105782, 38273, 242386)
(98319, 105782, 38273, 242374)
(98297, 105782, 38273, 242352)
(98285, 105782, 38273, 242340)
(98273, 105782, 38273, 242328)
(98252, 105782, 38273, 242307)
(98238, 105782, 38273, 242293)
(98214, 105782, 38273, 242269)
(98190, 105782, 38273, 242245)
(98176, 105782, 38273, 242231)
(98162, 105782, 38273, 242217)
(98136, 105782, 38273, 242191)
(98115, 105782, 38273, 242170)
(98097, 105782, 38273, 242152)
(98074, 105782, 38273, 242129)
(98063, 105782, 38273, 242118)
(98045, 105782, 38273, 242100)
(98019, 105782, 38273, 242074)
(98012, 105782, 38273, 242067)
(97992, 105782, 38273, 242047)
(97976, 105782, 38273, 242031)
(97963, 105782, 38273, 242018)
(97944, 105782, 38273, 241999)
(97922, 105782, 38273, 241977)
(97901, 105782, 38273, 241956)
(97885, 105782, 38273, 241940)
(97862, 105782, 38273, 241917)
(97843, 105782, 38273, 241898)
(97835, 105782, 38273, 241890)
(97824, 105782, 38273, 241879)
(97800, 105782, 38273, 241855)
(97787, 105782, 38273, 241842)
(97763, 105782, 38273, 241818)
(97740, 105782, 38273, 241795)
(97728, 105782, 38273, 241783)
(97711, 105782, 38273, 241766)
(97684, 105782, 38273, 241739)
(97667, 105782, 38273, 241722)
(97666, 105782, 38273, 241721)
(97651, 105782, 38273, 241706)
(97637, 105782, 38273, 241692)
(97616, 105782, 38273, 241671)
(97603, 105782, 38273, 241658)
(97592, 105782, 38273, 241647)
(97579, 105782, 38273, 241634)
(97569, 105782, 38273, 241624)
(97555, 105782, 38273, 241610)
(97533, 105782, 38273, 241588)
(97510, 105782, 38273, 241565)
(97492, 105782, 38273, 241547)
(97478, 105782, 38273, 241533)
(97453, 105782, 38273, 241508)
(97447, 105782, 38273, 241502)
(97429, 105782, 38273, 241484)
(97409, 105782, 38273, 241464)
(97407, 105782, 38273, 241462)
(97397, 105782, 38273, 241452)
(97375, 105782, 38273, 241430)
(97361, 105782, 38273, 241416)
(97360, 105782, 38273, 241415)
(97333, 105782, 38273, 241388)
(97319, 105782, 38273, 241374)
(97316, 105782, 38273, 241371)
(97287, 105782, 38273, 241342)
(97274, 105782, 38273, 241329)
(97258, 105782, 38273, 241313)
(97245, 105782, 38273, 241300)
(97231, 105782, 38273, 241286)
(97209, 105782, 38273, 241264)
(97198, 105782, 38273, 241253)
(97180, 105782, 38273, 241235)
(97174, 105782, 38273, 241229)
(97156, 105782, 38273, 241211)
(97141, 105782, 38273, 241196)
(97133, 105782, 38273, 241188)
(97116, 105782, 38273, 241171)
(97100, 105782, 38273, 241155)
(97084, 105782, 38273, 241139)
(97063, 105782, 38273, 241118)
(97042, 105782, 38273, 241097)
(97024, 105782, 38273, 241079)
(97011, 105782, 38273, 241066)
(97002, 105782, 38273, 241057)
(96992, 105782, 38273, 241047)
(96969, 105782, 38273, 241024)
(96959, 105782, 38273, 241014)
(96947, 105782, 38273, 241002)
(96919, 105782, 38273, 240974)
(96904, 105782, 38273, 240959)
(96891, 105782, 38273, 240946)
(96878, 105782, 38273, 240933)
(96864, 105782, 38273, 240919)
(96837, 105782, 38273, 240892)
(96821, 105782, 38273, 240876)
(96789, 105782, 38273, 240844)
(96773, 105782, 38273, 240828)
(96757, 105782, 38273, 240812)
(96737, 105782, 38273, 240792)
(96713, 105782, 38273, 240768)
(96687, 105782, 38273, 240742)
(96649, 105782, 38273, 240704)
(96634, 105782, 38273, 240689)
(96610, 105782, 38273, 240665)
(96593, 105782, 38273, 240648)
(96576, 105782, 38273, 240631)
(96566, 105782, 38273, 240621)
(96555, 105782, 38273, 240610)
(96550, 105782, 38273, 240605)
(96529, 105782, 38273, 240584)
(96513, 105782, 38273, 240568)
(96500, 105782, 38273, 240555)
(96483, 105782, 38273, 240538)
(96469, 105782, 38273, 240524)
(96444, 105782, 38273, 240499)
(96424, 105782, 38273, 240479)
(96398, 105782, 38273, 240453)
(96386, 105782, 38273, 240441)
(96364, 105782, 38273, 240419)
(96335, 105782, 38273, 240390)
(96313, 105782, 38273, 240368)
(96292, 105782, 38273, 240347)
(96274, 105782, 38273, 240329)
(96260, 105782, 38273, 240315)
(96240, 105782, 38273, 240295)
(96216, 105782, 38273, 240271)
(96197, 105782, 38273, 240252)
(96187, 105782, 38273, 240242)
(96172, 105782, 38273, 240227)
(96153, 105782, 38273, 240208)
(96135, 105782, 38273, 240190)
(96126, 105782, 38273, 240181)
(96100, 105782, 38273, 240155)
(96091, 105782, 38273, 240146)
(96076, 105782, 38273, 240131)
(96070, 105782, 38273, 240125)
(96056, 105782, 38273, 240111)
(96047, 105782, 38273, 240102)
(96024, 105782, 38273, 240079)
(96006, 105782, 38273, 240061)
(95998, 105782, 38273, 240053)
(95984, 105782, 38273, 240039)
(95967, 105782, 38273, 240022)
(95946, 105782, 38273, 240001)
(95940, 105782, 38273, 239995)
(95919, 105782, 38273, 239974)
(95905, 105782, 38273, 239960)
(95885, 105782, 38273, 239940)
(95868, 105782, 38273, 239923)
(95864, 105782, 38273, 239919)
(95859, 105782, 38273, 239914)
(95854, 105782, 38273, 239909)
(95836, 105782, 38273, 239891)
(95820, 105782, 38273, 239875)
(95804, 105782, 38273, 239859)
(95798, 105782, 38273, 239853)
(95787, 105782, 38273, 239842)
(95764, 105782, 38273, 239819)
(95761, 105782, 38273, 239816)
(95736, 105782, 38273, 239791)
(95725, 105782, 38273, 239780)
(95718, 105782, 38273, 239773)
(95699, 105782, 38273, 239754)
(95686, 105782, 38273, 239741)
(95685, 105782, 38273, 239740)
(95671, 105782, 38273, 239726)
(95652, 105782, 38273, 239707)
(95636, 105782, 38273, 239691)
(95623, 105782, 38273, 239678)
(95609, 105782, 38273, 239664)
(95595, 105782, 38273, 239650)
(95570, 105782, 38273, 239625)
(95542, 105782, 38273, 239597)
(95528, 105782, 38273, 239583)
(95510, 105782, 38273, 239565)
(95489, 105782, 38273, 239544)
(95467, 105782, 38273, 239522)
(95435, 105782, 38273, 239490)
(95413, 105782, 38273, 239468)
(95399, 105782, 38273, 239454)
(95377, 105782, 38273, 239432)
(95356, 105782, 38273, 239411)
(95343, 105782, 38273, 239398)
(95334, 105782, 38273, 239389)
(95300, 105782, 38273, 239355)
(95282, 105782, 38273, 239337)
(95272, 105782, 38273, 239327)
