(168227, 171836, 46690, 386753)
(168207, 171836, 46690, 386733)
(168178, 171836, 46690, 386704)
(168157, 171836, 46690, 386683)
(168147, 171836, 46690, 386673)
(168119, 171836, 46690, 386645)
(168093, 171836, 46690, 386619)
(168082, 171836, 46690, 386608)
(168061, 171836, 46690, 386587)
(168044, 171836, 46690, 386570)
(168027, 171836, 46690, 386553)
(168013, 171836, 46690, 386539)
(168001, 171836, 46690, 386527)
(167990, 171836, 46690, 386516)
(167982, 171836, 46690, 386508)
(167962, 171836, 46690, 386488)
(167947, 171836, 46690, 386473)
(167939, 171836, 46690, 386465)
(167910, 171836, 46690, 386436)
(167874, 171836, 46690, 386400)
(167849, 171836, 46690, 386375)
(167835, 171836, 46690, 386361)
(167813, 171836, 46690, 386339)
(167788, 171836, 46690, 386314)
(167773, 171836, 46690, 386299)
(167759, 171836, 46690, 386285)
(167746, 171836, 46690, 386272)
(167716, 171836, 46690, 386242)
(167696, 171836, 46690, 386222)
(167674, 171836, 46690, 386200)
(167657, 171836, 46690, 386183)
(167629, 171836, 46690, 386155)
(167605, 171836, 46690, 386131)
(167562, 171836, 46690, 386088)
(167545, 171836, 46690, 386071)
(167529, 171836, 46690, 386055)
(167515, 171836, 46690, 386041)
(167507, 171836, 46690, 386033)
(167480, 171836, 46690, 386006)
(167468, 171836, 46690, 385994)
(167440, 171836, 46690, 385966)
(167421, 171836, 46690, 385947)
(167406, 171836, 46690, 385932)
(167387, 171836, 46690, 385913)
(167367, 171836, 46690, 385893)
(167348, 171836, 46690, 385874)
(167330, 171836, 46690, 385856)
(167305, 171836, 46690, 385831)
(167276, 171836, 46690, 385802)
(167261, 171836, 46690, 385787)
(167241, 171836, 46690, 385767)
(167229, 171836, 46690, 385755)
(167202, 171836, 46690, 385728)
(167195, 171836, 46690, 385721)
(167184, 171836, 46690, 385710)
(167162, 171836, 46690, 385688)
(167144, 171836, 46690, 385670)
(167120, 171836, 46690, 385646)
(167114, 171836, 46690, 385640)
(167098, 171836, 46690, 385624)
(167086, 171836, 46690, 385612)
(167062, 171836, 46690, 385588)
(167040, 171836, 46690, 385566)
(167024, 171836, 46690, 385550)
(167009, 171836, 46690, 385535)
(166994, 171836, 46690, 385520)
(166976, 171836, 46690, 385502)
(166959, 171836, 46690, 385485)
(166952, 171836, 46690, 385478)
(166940, 171836, 46690, 385466)
(166922, 171836, 46690, 385448)
(166891, 171836, 46690, 385417)
(166861, 171836, 46690, 385387)
(166856, 171836, 46690, 385382)
(166840, 171836, 46690, 385366)
(166821, 171836, 46690, 385347)
(166801, 171836, 46690, 385327)
(166776, 171836, 46690, 385302)
(166755, 171836, 46690, 385281)
(166727, 171836, 46690, 385253)
(166699, 171836, 46690, 385225)
(166674, 171836, 46690, 385200)
(166639, 171836, 46690, 385165)
(166625, 171836, 46690, 385151)
(166600, 171836, 46690, 385126)
(166575, 171836, 46690, 385101)
(166564, 171836, 46690, 385090)
(166561, 171836, 46690, 385087)
(166532, 171836, 46690, 385058)
(166512, 171836, 46690, 385038)
(166488, 171836, 46690, 385014)
(166471, 171836, 46690, 384997)
(166461, 171836, 46690, 384987)
(166443, 171836, 46690, 384969)
(166416, 171836, 46690, 384942)
(166401, 171836, 46690, 384927)
(166396, 171836, 46690, 384922)
(166387, 171836, 46690, 384913)
(166369, 171836, 46690, 384895)
(166349, 171836, 46690, 384875)
(166331, 171836, 46690, 384857)
(166317, 171836, 46690, 384843)
(166296, 171836, 46690, 384822)
(166272, 171836, 46690, 384798)
(166253, 171836, 46690, 384779)
(166227, 171836, 46690, 384753)
(166216, 171836, 46690, 384742)
(166210, 171836, 46690, 384736)
(166191, 171836, 46690, 384717)
(166177, 171836, 46690, 384703)
(166158, 171836, 46690, 384684)
(166144, 171836, 46690, 384670)
(166117, 171836, 46690, 384643)
(166099, 171836, 46690, 384625)
(166088, 171836, 46690, 384614)
(166062, 171836, 46690, 384588)
(166044, 171836, 46690, 384570)
(166032, 171836, 46690, 384558)
(166008, 171836, 46690, 384534)
(166001, 171836, 46690, 384527)
(165984, 171836, 46690, 384510)
(165967, 171836, 46690, 384493)
(165954, 171836, 46690, 384480)
(165932, 171836, 46690, 384458)
(165908, 171836, 46690, 384434)
(165884, 171836, 46690, 384410)
(165868, 171836, 46690, 384394)
(165838, 171836, 46690, 384364)
(165814, 171836, 46690, 384340)
(165791, 171836, 46690, 384317)
(165768, 171836, 46690, 384294)
(165752, 171836, 46690, 384278)
(165740, 171836, 46690, 384266)
(165727, 171836, 46690, 384253)
(165706, 171836, 46690, 384232)
(165672, 171836, 46690, 384198)
(165657, 171836, 46690, 384183)
(165633, 171836, 46690, 384159)
(165608, 171836, 46690, 384134)
(165602, 171836, 46690, 384128)
(165589, 171836, 46690, 384115)
(165564, 171836, 46690, 384090)
(165536, 171836, 46690, 384062)
(165524, 171836, 46690, 384050)
(165516, 171836, 46690, 384042)
(165513, 171836, 46690, 384039)
(165505, 171836, 46690, 384031)
(165477, 171836, 46690, 384003)
(165449, 171836, 46690, 383975)
(165413, 171836, 46690, 383939)
(165391, 171836, 46690, 383917)
(165385, 171836, 46690, 383911)
(165377, 171836, 46690, 383903)
(165358, 171836, 46690, 383884)
(165342, 171836, 46690, 383868)
(165331, 171836, 46690, 383857)
(165302, 171836, 46690, 383828)
(165282, 171836, 46690, 383808)
(165261, 171836, 46690, 383787)
(165250, 171836, 46690, 383776)
(165239, 171836, 46690, 383765)
(165225, 171836, 46690, 383751)
(165210, 171836, 46690, 383736)
(165189, 171836, 46690, 383715)
(165182, 171836, 46690, 383708)
(165169, 171836, 46690, 383695)
(165155, 171836, 46690, 383681)
(165141, 171836, 46690, 383667)
(165115, 171836, 46690, 383641)
(165098, 171836, 46690, 383624)
(165086, 171836, 46690, 383612)
(165061, 171836, 46690, 383587)
(165054, 171836, 46690, 383580)
(165036, 171836, 46690, 383562)
(165010, 171836, 46690, 383536)
(164980, 171836, 46690, 383506)
(164954, 171836, 46690, 383480)
(164938, 171836, 46690, 383464)
(164915, 171836, 46690, 383441)
(164899, 171836, 46690, 383425)
(164878, 171836, 46690, 383404)
(164864, 171836, 46690, 383390)
(164842, 171836, 46690, 383368)
(164825, 171836, 46690, 383351)
(164808, 171836, 46690, 383334)
(164797, 171836, 46690, 383323)
(164782, 171836, 46690, 383308)
(164770, 171836, 46690, 383296)
(164750, 171836, 46690, 383276)
(164713, 171836, 46690, 383239)
(164706, 171836, 46690, 383232)
(164682, 171836, 46690, 383208)
(164666, 171836, 46690, 383192)
(164659, 171836, 46690, 383185)
(164655, 171836, 46690, 383181)
(164629, 171836, 46690, 383155)
(164618, 171836, 46690, 383144)
(164587, 171836, 46690, 383113)
(164560, 171836, 46690, 383086)
(164534, 171836, 46690, 383060)
(164518, 171836, 46690, 383044)
(164494, 171836, 46690, 383020)
(164467, 171836, 46690, 382993)
(164453, 171836, 46690, 382979)
(164440, 171836, 46690, 382966)
(164404, 171836, 46690, 382930)
(164396, 171836, 46690, 382922)
(164367, 171836, 46690, 382893)
(164346, 171836, 46690, 382872)
(164321, 171836, 46690, 382847)
(164294, 171836, 46690, 382820)
(164270, 171836, 46690, 382796)
(164256, 171836, 46690, 382782)
(164241, 171836, 46690, 382767)
(164234, 171836, 46690, 382760)
(164209, 171836, 46690, 382735)
(164205, 171836, 46690, 382731)
(164196, 171836, 46690, 382722)
(164169, 171836, 46690, 382695)
(164153, 171836, 46690, 382679)
(164144, 171836, 46690, 382670)
(164117, 171836, 46690, 382643)
(164097, 171836, 46690, 382623)
(164064, 171836, 46690, 382590)
(164040, 171836, 46690, 382566)
(164013, 171836, 46690, 382539)
(164002, 171836, 46690, 382528)
(163986, 171836, 46690, 382512)
(163971, 171836, 46690, 382497)
(163940, 171836, 46690, 382466)
(163914, 171836, 46690, 382440)
(163886, 171836, 46690, 382412)
(163878, 171836, 46690, 382404)
(163874, 171836, 46690, 382400)
(163855, 171836, 46690, 382381)
(163836, 171836, 46690, 382362)
(163821, 171836, 46690, 382347)
(163803, 171836, 46690, 382329)
(163772, 171836, 46690, 382298)
(163759, 171836, 46690, 382285)
(163747, 171836, 46690, 382273)
(163724, 171836, 46690, 382250)
(163715, 171836, 46690, 382241)
(163686, 171836, 46690, 382212)
(163657, 171836, 46690, 382183)
(163655, 171836, 46690, 382181)
(163641, 171836, 46690, 382167)
(163630, 171836, 46690, 382156)
(163606, 171836, 46690, 382132)
(163591, 171836, 46690, 382117)
(163564, 171836, 46690, 382090)
(163545, 171836, 46690, 382071)
(163533, 171836, 46690, 382059)
(163518, 171836, 46690, 382044)
(163499, 171836, 46690, 382025)
(163487, 171836, 46690, 382013)
(163462, 171836, 46690, 381988)
(163442, 171836, 46690, 381968)
(163422, 171836, 46690, 381948)
(163400, 171836, 46690, 381926)
(163380, 171836, 46690, 381906)
(163357, 171836, 46690, 381883)
(163336, 171836, 46690, 381862)
(163311, 171836, 46690, 381837)
(163291, 171836, 46690, 381817)
(163270, 171836, 46690, 381796)
(163248, 171836, 46690, 381774)
(163237, 171836, 46690, 381763)
(163206, 171836, 46690, 381732)
(163188, 171836, 46690, 381714)
(163150, 171836, 46690, 381676)
(163124, 171836, 46690, 381650)
(163104, 171836, 46690, 381630)
(163086, 171836, 46690, 381612)
(163068, 171836, 46690, 381594)
(163047, 171836, 46690, 381573)
(163017, 171836, 46690, 381543)
(163009, 171836, 46690, 381535)
(162990, 171836, 46690, 381516)
(162957, 171836, 46690, 381483)
(162946, 171836, 46690, 381472)
(162922, 171836, 46690, 381448)
(162879, 171836, 46690, 381405)
(162850, 171836, 46690, 381376)
(162830, 171836, 46690, 381356)
(162805, 171836, 46690, 381331)
(162788, 171836, 46690, 381314)
(162771, 171836, 46690, 381297)
(162747, 171836, 46690, 381273)
(162716, 171836, 46690, 381242)
(162698, 171836, 46690, 381224)
(162680, 171836, 46690, 381206)
(162651, 171836, 46690, 381177)
(162621, 171836, 46690, 381147)
(162595, 171836, 46690, 381121)
(162592, 171836, 46690, 381118)
(162572, 171836, 46690, 381098)
(162549, 171836, 46690, 381075)
(162543, 171836, 46690, 381069)
(162520, 171836, 46690, 381046)
(162499, 171836, 46690, 381025)
(162471, 171836, 46690, 380997)
(162453, 171836, 46690, 380979)
(162444, 171836, 46690, 380970)
(162421, 171836, 46690, 380947)
(162406, 171836, 46690, 380932)
(162393, 171836, 46690, 380919)
(162362, 171836, 46690, 380888)
(162342, 171836, 46690, 380868)
(162324, 171836, 46690, 380850)
(162302, 171836, 46690, 380828)
(162284, 171836, 46690, 380810)
(162259, 171836, 46690, 380785)
(162246, 171836, 46690, 380772)
(162224, 171836, 46690, 380750)
(162217, 171836, 46690, 380743)
(162190, 171836, 46690, 380716)
(162169, 171836, 46690, 380695)
(162130, 171836, 46690, 380656)
(162124, 171836, 46690, 380650)
(162106, 171836, 46690, 380632)
(162077, 171836, 46690, 380603)
(162041, 171836, 46690, 380567)
(162027, 171836, 46690, 380553)
(162013, 171836, 46690, 380539)
(162006, 171836, 46690, 380532)
(161986, 171836, 46690, 380512)
(161963, 171836, 46690, 380489)
(161937, 171836, 46690, 380463)
(161915, 171836, 46690, 380441)
(161898, 171836, 46690, 380424)
(161887, 171836, 46690, 380413)
(161861, 171836, 46690, 380387)
(161832, 171836, 46690, 380358)
(161818, 171836, 46690, 380344)
(161800, 171836, 46690, 380326)
(161785, 171836, 46690, 380311)
(161771, 171836, 46690, 380297)
(161764, 171836, 46690, 380290)
(161745, 171836, 46690, 380271)
(161735, 171836, 46690, 380261)
(161721, 171836, 46690, 380247)
(161714, 171836, 46690, 380240)
(161693, 171836, 46690, 380219)
(161665, 171836, 46690, 380191)
(161637, 171836, 46690, 380163)
(161623, 171836, 46690, 380149)
(161588, 171836, 46690, 380114)
(161566, 171836, 46690, 380092)
(161553, 171836, 46690, 380079)
(161540, 171836, 46690, 380066)
(161527, 171836, 46690, 380053)
(161511, 171836, 46690, 380037)
(161492, 171836, 46690, 380018)
(161472, 171836, 46690, 379998)
(161468, 171836, 46690, 379994)
(161448, 171836, 46690, 379974)
(161428, 171836, 46690, 379954)
(161404, 171836, 46690, 379930)
(161383, 171836, 46690, 379909)
(161372, 171836, 46690, 379898)
(161356, 171836, 46690, 379882)
(161332, 171836, 46690, 379858)
(161310, 171836, 46690, 379836)
(161289, 171836, 46690, 379815)
(161262, 171836, 46690, 379788)
(161260, 171836, 46690, 379786)
(161250, 171836, 46690, 379776)
(161225, 171836, 46690, 379751)
(161207, 171836, 46690, 379733)
(161199, 171836, 46690, 379725)
(161162, 171836, 46690, 379688)
(161131, 171836, 46690, 379657)
(161123, 171836, 46690, 379649)
(161094, 171836, 46690, 379620)
(161072, 171836, 46690, 379598)
(161056, 171836, 46690, 379582)
(161039, 171836, 46690, 379565)
(161011, 171836, 46690, 379537)
(160986, 171836, 46690, 379512)
(160979, 171836, 46690, 379505)
(160952, 171836, 46690, 379478)
(160938, 171836, 46690, 379464)
(160907, 171836, 46690, 379433)
(160884, 171836, 46690, 379410)
(160873, 171836, 46690, 379399)
(160858, 171836, 46690, 379384)
(160847, 171836, 46690, 379373)
(160830, 171836, 46690, 379356)
(160803, 171836, 46690, 379329)
(160772, 171836, 46690, 379298)
(160741, 171836, 46690, 379267)
(160722, 171836, 46690, 379248)
(160690, 171836, 46690, 379216)
(160662, 171836, 46690, 379188)
(160636, 171836, 46690, 379162)
(160609, 171836, 46690, 379135)
(160589, 171836, 46690, 379115)
(160570, 171836, 46690, 379096)
(160559, 171836, 46690, 379085)
(160544, 171836, 46690, 379070)
(160517, 171836, 46690, 379043)
(160498, 171836, 46690, 379024)
(160481, 171836, 46690, 379007)
(160474, 171836, 46690, 379000)
(160446, 171836, 46690, 378972)
(160422, 171836, 46690, 378948)
(160406, 171836, 46690, 378932)
(160392, 171836, 46690, 378918)
(160365, 171836, 46690, 378891)
(160356, 171836, 46690, 378882)
(160322, 171836, 46690, 378848)
(160314, 171836, 46690, 378840)
(160290, 171836, 46690, 378816)
(160275, 171836, 46690, 378801)
(160252, 171836, 46690, 378778)
(160230, 171836, 46690, 378756)
(160221, 171836, 46690, 378747)
(160215, 171836, 46690, 378741)
(160190, 171836, 46690, 378716)
(160176, 171836, 46690, 378702)
(160146, 171836, 46690, 378672)
(160132, 171836, 46690, 378658)
(160110, 171836, 46690, 378636)
(160095, 171836, 46690, 378621)
(160076, 171836, 46690, 378602)
(160057, 171836, 46690, 378583)
(160037, 171836, 46690, 378563)
(160007, 171836, 46690, 378533)
(159988, 171836, 46690, 378514)
(159973, 171836, 46690, 378499)
(159962, 171836, 46690, 378488)
(159932, 171836, 46690, 378458)
(159920, 171836, 46690, 378446)
(159904, 171836, 46690, 378430)
(159882, 171836, 46690, 378408)
(159866, 171836, 46690, 378392)
(159853, 171836, 46690, 378379)
(159841, 171836, 46690, 378367)
(159834, 171836, 46690, 378360)
(159811, 171836, 46690, 378337)
(159792, 171836, 46690, 378318)
(159772, 171836, 46690, 378298)
(159759, 171836, 46690, 378285)
(159737, 171836, 46690, 378263)
(159711, 171836, 46690, 378237)
(159685, 171836, 46690, 378211)
(159666, 171836, 46690, 378192)
(159663, 171836, 46690, 378189)
(159646, 171836, 46690, 378172)
(159630, 171836, 46690, 378156)
(159608, 171836, 46690, 378134)
(159598, 171836, 46690, 378124)
(159592, 171836, 46690, 378118)
(159581, 171836, 46690, 378107)
(159560, 171836, 46690, 378086)
(159549, 171836, 46690, 378075)
(159526, 171836, 46690, 378052)
(159499, 171836, 46690, 378025)
(159483, 171836, 46690, 378009)
(159477, 171836, 46690, 378003)
(159451, 171836, 46690, 377977)
(159426, 171836, 46690, 377952)
(159412, 171836, 46690, 377938)
(159397, 171836, 46690, 377923)
(159386, 171836, 46690, 377912)
(159358, 171836, 46690, 377884)
(159333, 171836, 46690, 377859)
(159318, 171836, 46690, 377844)
(159314, 171836, 46690, 377840)
(159303, 171836, 46690, 377829)
(159280, 171836, 46690, 377806)
(159271, 171836, 46690, 377797)
(159253, 171836, 46690, 377779)
(159231, 171836, 46690, 377757)
(159208, 171836, 46690, 377734)
(159206, 171836, 46690, 377732)
(159197, 171836, 46690, 377723)
(159192, 171836, 46690, 377718)
(159177, 171836, 46690, 377703)
(159158, 171836, 46690, 377684)
(159140, 171836, 46690, 377666)
(159111, 171836, 46690, 377637)
(159102, 171836, 46690, 377628)
(159076, 171836, 46690, 377602)
(159059, 171836, 46690, 377585)
(159043, 171836, 46690, 377569)
(159029, 171836, 46690, 377555)
(159007, 171836, 46690, 377533)
(158968, 171836, 46690, 377494)
(158953, 171836, 46690, 377479)
(158937, 171836, 46690, 377463)
(158903, 171836, 46690, 377429)
(158880, 171836, 46690, 377406)
(158851, 171836, 46690, 377377)
(158848, 171836, 46690, 377374)
(158821, 171836, 46690, 377347)
(158804, 171836, 46690, 377330)
(158773, 171836, 46690, 377299)
(158753, 171836, 46690, 377279)
(158725, 171836, 46690, 377251)
(158710, 171836, 46690, 377236)
(158699, 171836, 46690, 377225)
(158679, 171836, 46690, 377205)
(158655, 171836, 46690, 377181)
(158642, 171836, 46690, 377168)
(158615, 171836, 46690, 377141)
(158585, 171836, 46690, 377111)
(158554, 171836, 46690, 377080)
(158531, 171836, 46690, 377057)
(158523, 171836, 46690, 377049)
(158506, 171836, 46690, 377032)
(158486, 171836, 46690, 377012)
(158452, 171836, 46690, 376978)
(158426, 171836, 46690, 376952)
(158413, 171836, 46690, 376939)
(158412, 171836, 46690, 376938)
(158403, 171836, 46690, 376929)
(158381, 171836, 46690, 376907)
(158362, 171836, 46690, 376888)
(158340, 171836, 46690, 376866)
(158338, 171836, 46690, 376864)
(158315, 171836, 46690, 376841)
(158300, 171836, 46690, 376826)
(158290, 171836, 46690, 376816)
(158275, 171836, 46690, 376801)
(158258, 171836, 46690, 376784)
(158228, 171836, 46690, 376754)
(158205, 171836, 46690, 376731)
(158198, 171836, 46690, 376724)
(158178, 171836, 46690, 376704)
(158165, 171836, 46690, 376691)
(158150, 171836, 46690, 376676)
(158131, 171836, 46690, 376657)
(158103, 171836, 46690, 376629)
(158081, 171836, 46690, 376607)
(158063, 171836, 46690, 376589)
(158048, 171836, 46690, 376574)
(158035, 171836, 46690, 376561)
(158025, 171836, 46690, 376551)
(158016, 171836, 46690, 376542)
(157992, 171836, 46690, 376518)
(157963, 171836, 46690, 376489)
(157941, 171836, 46690, 376467)
(157931, 171836, 46690, 376457)
(157898, 171836, 46690, 376424)
(157880, 171836, 46690, 376406)
(157875, 171836, 46690, 376401)
(157858, 171836, 46690, 376384)
(157845, 171836, 46690, 376371)
(157835, 171836, 46690, 376361)
(157814, 171836, 46690, 376340)
(157808, 171836, 46690, 376334)
(157793, 171836, 46690, 376319)
(157764, 171836, 46690, 376290)
(157743, 171836, 46690, 376269)
(157731, 171836, 46690, 376257)
(157707, 171836, 46690, 376233)
(157702, 171836, 46690, 376228)
(157681, 171836, 46690, 376207)
(157652, 171836, 46690, 376178)
(157631, 171836, 46690, 376157)
(157621, 171836, 46690, 376147)
(157597, 171836, 46690, 376123)
(157580, 171836, 46690, 376106)
