(136358, 140460, 42440, 319258)
(136350, 140460, 42440, 319250)
(136346, 140460, 42440, 319246)
(136329, 140460, 42440, 319229)
(136316, 140460, 42440, 319216)
(136299, 140460, 42440, 319199)
(136289, 140460, 42440, 319189)
(136276, 140460, 42440, 319176)
(136260, 140460, 42440, 319160)
(136237, 140460, 42440, 319137)
(136217, 140460, 42440, 319117)
(136195, 140460, 42440, 319095)
(136178, 140460, 42440, 319078)
(136169, 140460, 42440, 319069)
(136153, 140460, 42440, 319053)
(136148, 140460, 42440, 319048)
(136130, 140460, 42440, 319030)
(136111, 140460, 42440, 319011)
(136083, 140460, 42440, 318983)
(136068, 140460, 42440, 318968)
(136050, 140460, 42440, 318950)
(136040, 140460, 42440, 318940)
(136009, 140460, 42440, 318909)
(135999, 140460, 42440, 318899)
(135988, 140460, 42440, 318888)
(135966, 140460, 42440, 318866)
(135950, 140460, 42440, 318850)
(135923, 140460, 42440, 318823)
(135892, 140460, 42440, 318792)
(135885, 140460, 42440, 318785)
(135852, 140460, 42440, 318752)
(135831, 140460, 42440, 318731)
(135816, 140460, 42440, 318716)
(135802, 140460, 42440, 318702)
(135793, 140460, 42440, 318693)
(135770, 140460, 42440, 318670)
(135744, 140460, 42440, 318644)
(135717, 140460, 42440, 318617)
(135701, 140460, 42440, 318601)
(135688, 140460, 42440, 318588)
(135663, 140460, 42440, 318563)
(135642, 140460, 42440, 318542)
(135618, 140460, 42440, 318518)
(135600, 140460, 42440, 318500)
(135581, 140460, 42440, 318481)
(135567, 140460, 42440, 318467)
(135562, 140460, 42440, 318462)
(135541, 140460, 42440, 318441)
(135519, 140460, 42440, 318419)
(135505, 140460, 42440, 318405)
(135489, 140460, 42440, 318389)
(135482, 140460, 42440, 318382)
(135468, 140460, 42440, 318368)
(135451, 140460, 42440, 318351)
(135441, 140460, 42440, 318341)
(135424, 140460, 42440, 318324)
(135404, 140460, 42440, 318304)
(135382, 140460, 42440, 318282)
(135362, 140460, 42440, 318262)
(135344, 140460, 42440, 318244)
(135322, 140460, 42440, 318222)
(135313, 140460, 42440, 318213)
(135285, 140460, 42440, 318185)
(135257, 140460, 42440, 318157)
(135233, 140460, 42440, 318133)
(135212, 140460, 42440, 318112)
(135199, 140460, 42440, 318099)
(135184, 140460, 42440, 318084)
(135172, 140460, 42440, 318072)
(135159, 140460, 42440, 318059)
(135131, 140460, 42440, 318031)
(135103, 140460, 42440, 318003)
(135088, 140460, 42440, 317988)
(135076, 140460, 42440, 317976)
(135069, 140460, 42440, 317969)
(135058, 140460, 42440, 317958)
(135036, 140460, 42440, 317936)
(135016, 140460, 42440, 317916)
(134988, 140460, 42440, 317888)
(134961, 140460, 42440, 317861)
(134944, 140460, 42440, 317844)
(134930, 140460, 42440, 317830)
(134922, 140460, 42440, 317822)
(134897, 140460, 42440, 317797)
(134885, 140460, 42440, 317785)
(134864, 140460, 42440, 317764)
(134850, 140460, 42440, 317750)
(134848, 140460, 42440, 317748)
(134834, 140460, 42440, 317734)
(134812, 140460, 42440, 317712)
(134798, 140460, 42440, 317698)
(134780, 140460, 42440, 317680)
(134758, 140460, 42440, 317658)
(134753, 140460, 42440, 317653)
(134749, 140460, 42440, 317649)
(134733, 140460, 42440, 317633)
(134723, 140460, 42440, 317623)
(134714, 140460, 42440, 317614)
(134699, 140460, 42440, 317599)
(134683, 140460, 42440, 317583)
(134663, 140460, 42440, 317563)
(134645, 140460, 42440, 317545)
(134628, 140460, 42440, 317528)
(134608, 140460, 42440, 317508)
(134591, 140460, 42440, 317491)
(134582, 140460, 42440, 317482)
(134562, 140460, 42440, 317462)
(134546, 140460, 42440, 317446)
(134523, 140460, 42440, 317423)
(134516, 140460, 42440, 317416)
(134488, 140460, 42440, 317388)
(134465, 140460, 42440, 317365)
(134453, 140460, 42440, 317353)
(134415, 140460, 42440, 317315)
(134401, 140460, 42440, 317301)
(134371, 140460, 42440, 317271)
(134355, 140460, 42440, 317255)
(134335, 140460, 42440, 317235)
(134308, 140460, 42440, 317208)
(134282, 140460, 42440, 317182)
(134268, 140460, 42440, 317168)
(134261, 140460, 42440, 317161)
(134259, 140460, 42440, 317159)
(134239, 140460, 42440, 317139)
(134226, 140460, 42440, 317126)
(134204, 140460, 42440, 317104)
(134193, 140460, 42440, 317093)
(134173, 140460, 42440, 317073)
(134164, 140460, 42440, 317064)
(134150, 140460, 42440, 317050)
(134131, 140460, 42440, 317031)
(134115, 140460, 42440, 317015)
(134086, 140460, 42440, 316986)
(134059, 140460, 42440, 316959)
(134045, 140460, 42440, 316945)
(134036, 140460, 42440, 316936)
(134017, 140460, 42440, 316917)
(134007, 140460, 42440, 316907)
(133996, 140460, 42440, 316896)
(133982, 140460, 42440, 316882)
(133979, 140460, 42440, 316879)
(133970, 140460, 42440, 316870)
(133947, 140460, 42440, 316847)
(133927, 140460, 42440, 316827)
(133904, 140460, 42440, 316804)
(133891, 140460, 42440, 316791)
(133881, 140460, 42440, 316781)
(133870, 140460, 42440, 316770)
(133848, 140460, 42440, 316748)
(133818, 140460, 42440, 316718)
(133801, 140460, 42440, 316701)
(133797, 140460, 42440, 316697)
(133777, 140460, 42440, 316677)
(133751, 140460, 42440, 316651)
(133732, 140460, 42440, 316632)
(133716, 140460, 42440, 316616)
(133698, 140460, 42440, 316598)
(133678, 140460, 42440, 316578)
(133673, 140460, 42440, 316573)
(133647, 140460, 42440, 316547)
(133628, 140460, 42440, 316528)
(133601, 140460, 42440, 316501)
(133581, 140460, 42440, 316481)
(133567, 140460, 42440, 316467)
(133560, 140460, 42440, 316460)
(133554, 140460, 42440, 316454)
(133519, 140460, 42440, 316419)
(133492, 140460, 42440, 316392)
(133475, 140460, 42440, 316375)
(133467, 140460, 42440, 316367)
(133449, 140460, 42440, 316349)
(133421, 140460, 42440, 316321)
(133403, 140460, 42440, 316303)
(133373, 140460, 42440, 316273)
(133352, 140460, 42440, 316252)
(133337, 140460, 42440, 316237)
(133315, 140460, 42440, 316215)
(133299, 140460, 42440, 316199)
(133293, 140460, 42440, 316193)
(133276, 140460, 42440, 316176)
(133268, 140460, 42440, 316168)
(133259, 140460, 42440, 316159)
(133243, 140460, 42440, 316143)
(133232, 140460, 42440, 316132)
(133210, 140460, 42440, 316110)
(133188, 140460, 42440, 316088)
(133160, 140460, 42440, 316060)
(133149, 140460, 42440, 316049)
(133144, 140460, 42440, 316044)
(133119, 140460, 42440, 316019)
(133093, 140460, 42440, 315993)
(133067, 140460, 42440, 315967)
(133050, 140460, 42440, 315950)
(133036, 140460, 42440, 315936)
(133004, 140460, 42440, 315904)
(132986, 140460, 42440, 315886)
(132960, 140460, 42440, 315860)
(132952, 140460, 42440, 315852)
(132932, 140460, 42440, 315832)
(132902, 140460, 42440, 315802)
(132889, 140460, 42440, 315789)
(132856, 140460, 42440, 315756)
(132832, 140460, 42440, 315732)
(132804, 140460, 42440, 315704)
(132775, 140460, 42440, 315675)
(132744, 140460, 42440, 315644)
(132727, 140460, 42440, 315627)
(132703, 140460, 42440, 315603)
(132699, 140460, 42440, 315599)
(132668, 140460, 42440, 315568)
(132645, 140460, 42440, 315545)
(132626, 140460, 42440, 315526)
(132624, 140460, 42440, 315524)
(132597, 140460, 42440, 315497)
(132572, 140460, 42440, 315472)
(132543, 140460, 42440, 315443)
(132530, 140460, 42440, 315430)
(132511, 140460, 42440, 315411)
(132489, 140460, 42440, 315389)
(132473, 140460, 42440, 315373)
(132448, 140460, 42440, 315348)
(132426, 140460, 42440, 315326)
(132412, 140460, 42440, 315312)
(132384, 140460, 42440, 315284)
(132369, 140460, 42440, 315269)
(132348, 140460, 42440, 315248)
(132334, 140460, 42440, 315234)
(132306, 140460, 42440, 315206)
(132292, 140460, 42440, 315192)
(132277, 140460, 42440, 315177)
(132268, 140460, 42440, 315168)
(132253, 140460, 42440, 315153)
(132228, 140460, 42440, 315128)
(132217, 140460, 42440, 315117)
(132201, 140460, 42440, 315101)
(132190, 140460, 42440, 315090)
(132176, 140460, 42440, 315076)
(132166, 140460, 42440, 315066)
(132151, 140460, 42440, 315051)
(132141, 140460, 42440, 315041)
(132114, 140460, 42440, 315014)
(132099, 140460, 42440, 314999)
(132092, 140460, 42440, 314992)
(132079, 140460, 42440, 314979)
(132058, 140460, 42440, 314958)
(132042, 140460, 42440, 314942)
(132028, 140460, 42440, 314928)
(131990, 140460, 42440, 314890)
(131966, 140460, 42440, 314866)
(131940, 140460, 42440, 314840)
(131924, 140460, 42440, 314824)
(131896, 140460, 42440, 314796)
(131872, 140460, 42440, 314772)
(131848, 140460, 42440, 314748)
(131836, 140460, 42440, 314736)
(131803, 140460, 42440, 314703)
(131790, 140460, 42440, 314690)
(131766, 140460, 42440, 314666)
(131751, 140460, 42440, 314651)
(131729, 140460, 42440, 314629)
(131717, 140460, 42440, 314617)
(131703, 140460, 42440, 314603)
(131688, 140460, 42440, 314588)
(131671, 140460, 42440, 314571)
(131656, 140460, 42440, 314556)
(131644, 140460, 42440, 314544)
(131631, 140460, 42440, 314531)
(131608, 140460, 42440, 314508)
(131580, 140460, 42440, 314480)
(131550, 140460, 42440, 314450)
(131519, 140460, 42440, 314419)
(131503, 140460, 42440, 314403)
(131492, 140460, 42440, 314392)
(131467, 140460, 42440, 314367)
(131450, 140460, 42440, 314350)
(131436, 140460, 42440, 314336)
(131412, 140460, 42440, 314312)
(131397, 140460, 42440, 314297)
(131376, 140460, 42440, 314276)
(131356, 140460, 42440, 314256)
(131347, 140460, 42440, 314247)
(131323, 140460, 42440, 314223)
(131309, 140460, 42440, 314209)
(131291, 140460, 42440, 314191)
(131280, 140460, 42440, 314180)
(131249, 140460, 42440, 314149)
(131233, 140460, 42440, 314133)
(131215, 140460, 42440, 314115)
(131209, 140460, 42440, 314109)
(131196, 140460, 42440, 314096)
(131169, 140460, 42440, 314069)
(131139, 140460, 42440, 314039)
(131132, 140460, 42440, 314032)
(131119, 140460, 42440, 314019)
(131117, 140460, 42440, 314017)
(131099, 140460, 42440, 313999)
(131075, 140460, 42440, 313975)
(131051, 140460, 42440, 313951)
(131020, 140460, 42440, 313920)
(130998, 140460, 42440, 313898)
(130988, 140460, 42440, 313888)
(130975, 140460, 42440, 313875)
(130966, 140460, 42440, 313866)
(130946, 140460, 42440, 313846)
(130934, 140460, 42440, 313834)
(130927, 140460, 42440, 313827)
(130906, 140460, 42440, 313806)
(130890, 140460, 42440, 313790)
(130874, 140460, 42440, 313774)
(130853, 140460, 42440, 313753)
(130829, 140460, 42440, 313729)
(130799, 140460, 42440, 313699)
(130785, 140460, 42440, 313685)
(130777, 140460, 42440, 313677)
(130765, 140460, 42440, 313665)
(130747, 140460, 42440, 313647)
(130735, 140460, 42440, 313635)
(130723, 140460, 42440, 313623)
(130704, 140460, 42440, 313604)
(130700, 140460, 42440, 313600)
(130695, 140460, 42440, 313595)
(130685, 140460, 42440, 313585)
(130659, 140460, 42440, 313559)
(130637, 140460, 42440, 313537)
(130617, 140460, 42440, 313517)
(130616, 140460, 42440, 313516)
(130598, 140460, 42440, 313498)
(130583, 140460, 42440, 313483)
(130550, 140460, 42440, 313450)
(130536, 140460, 42440, 313436)
(130527, 140460, 42440, 313427)
(130523, 140460, 42440, 313423)
(130507, 140460, 42440, 313407)
(130484, 140460, 42440, 313384)
(130469, 140460, 42440, 313369)
(130463, 140460, 42440, 313363)
(130456, 140460, 42440, 313356)
(130430, 140460, 42440, 313330)
(130407, 140460, 42440, 313307)
(130391, 140460, 42440, 313291)
(130376, 140460, 42440, 313276)
(130367, 140460, 42440, 313267)
(130350, 140460, 42440, 313250)
(130331, 140460, 42440, 313231)
(130320, 140460, 42440, 313220)
(130309, 140460, 42440, 313209)
(130282, 140460, 42440, 313182)
(130275, 140460, 42440, 313175)
(130267, 140460, 42440, 313167)
(130249, 140460, 42440, 313149)
(130235, 140460, 42440, 313135)
(130212, 140460, 42440, 313112)
(130189, 140460, 42440, 313089)
(130177, 140460, 42440, 313077)
(130150, 140460, 42440, 313050)
(130123, 140460, 42440, 313023)
(130107, 140460, 42440, 313007)
(130090, 140460, 42440, 312990)
(130077, 140460, 42440, 312977)
(130060, 140460, 42440, 312960)
(130034, 140460, 42440, 312934)
(130023, 140460, 42440, 312923)
(130006, 140460, 42440, 312906)
(129998, 140460, 42440, 312898)
(129987, 140460, 42440, 312887)
(129967, 140460, 42440, 312867)
(129961, 140460, 42440, 312861)
(129935, 140460, 42440, 312835)
(129920, 140460, 42440, 312820)
(129893, 140460, 42440, 312793)
(129879, 140460, 42440, 312779)
(129864, 140460, 42440, 312764)
(129841, 140460, 42440, 312741)
(129828, 140460, 42440, 312728)
(129815, 140460, 42440, 312715)
(129799, 140460, 42440, 312699)
(129779, 140460, 42440, 312679)
(129762, 140460, 42440, 312662)
(129733, 140460, 42440, 312633)
(129728, 140460, 42440, 312628)
(129722, 140460, 42440, 312622)
(129697, 140460, 42440, 312597)
(129682, 140460, 42440, 312582)
(129672, 140460, 42440, 312572)
(129659, 140460, 42440, 312559)
(129648, 140460, 42440, 312548)
(129640, 140460, 42440, 312540)
(129633, 140460, 42440, 312533)
(129622, 140460, 42440, 312522)
(129598, 140460, 42440, 312498)
(129569, 140460, 42440, 312469)
(129553, 140460, 42440, 312453)
(129529, 140460, 42440, 312429)
(129508, 140460, 42440, 312408)
(129493, 140460, 42440, 312393)
(129479, 140460, 42440, 312379)
(129470, 140460, 42440, 312370)
(129453, 140460, 42440, 312353)
(129424, 140460, 42440, 312324)
(129403, 140460, 42440, 312303)
(129373, 140460, 42440, 312273)
(129347, 140460, 42440, 312247)
(129330, 140460, 42440, 312230)
(129318, 140460, 42440, 312218)
(129303, 140460, 42440, 312203)
(129291, 140460, 42440, 312191)
(129276, 140460, 42440, 312176)
(129272, 140460, 42440, 312172)
(129267, 140460, 42440, 312167)
(129248, 140460, 42440, 312148)
(129240, 140460, 42440, 312140)
(129229, 140460, 42440, 312129)
(129213, 140460, 42440, 312113)
(129186, 140460, 42440, 312086)
(129170, 140460, 42440, 312070)
(129162, 140460, 42440, 312062)
(129129, 140460, 42440, 312029)
(129100, 140460, 42440, 312000)
(129087, 140460, 42440, 311987)
(129066, 140460, 42440, 311966)
(129045, 140460, 42440, 311945)
(129031, 140460, 42440, 311931)
(129002, 140460, 42440, 311902)
(128980, 140460, 42440, 311880)
(128957, 140460, 42440, 311857)
(128934, 140460, 42440, 311834)
(128922, 140460, 42440, 311822)
(128909, 140460, 42440, 311809)
(128898, 140460, 42440, 311798)
(128874, 140460, 42440, 311774)
(128856, 140460, 42440, 311756)
(128839, 140460, 42440, 311739)
(128813, 140460, 42440, 311713)
(128808, 140460, 42440, 311708)
(128781, 140460, 42440, 311681)
(128752, 140460, 42440, 311652)
(128738, 140460, 42440, 311638)
(128713, 140460, 42440, 311613)
(128689, 140460, 42440, 311589)
(128665, 140460, 42440, 311565)
(128639, 140460, 42440, 311539)
(128611, 140460, 42440, 311511)
(128586, 140460, 42440, 311486)
(128563, 140460, 42440, 311463)
(128554, 140460, 42440, 311454)
(128527, 140460, 42440, 311427)
(128500, 140460, 42440, 311400)
(128483, 140460, 42440, 311383)
(128463, 140460, 42440, 311363)
(128446, 140460, 42440, 311346)
(128415, 140460, 42440, 311315)
(128397, 140460, 42440, 311297)
(128379, 140460, 42440, 311279)
(128376, 140460, 42440, 311276)
(128354, 140460, 42440, 311254)
(128326, 140460, 42440, 311226)
(128299, 140460, 42440, 311199)
(128278, 140460, 42440, 311178)
(128264, 140460, 42440, 311164)
(128248, 140460, 42440, 311148)
(128228, 140460, 42440, 311128)
(128207, 140460, 42440, 311107)
(128181, 140460, 42440, 311081)
(128150, 140460, 42440, 311050)
(128116, 140460, 42440, 311016)
(128086, 140460, 42440, 310986)
(128070, 140460, 42440, 310970)
(128047, 140460, 42440, 310947)
(128028, 140460, 42440, 310928)
(128003, 140460, 42440, 310903)
(127997, 140460, 42440, 310897)
(127980, 140460, 42440, 310880)
(127969, 140460, 42440, 310869)
(127963, 140460, 42440, 310863)
(127941, 140460, 42440, 310841)
(127916, 140460, 42440, 310816)
(127905, 140460, 42440, 310805)
(127886, 140460, 42440, 310786)
(127871, 140460, 42440, 310771)
(127853, 140460, 42440, 310753)
(127841, 140460, 42440, 310741)
(127837, 140460, 42440, 310737)
(127824, 140460, 42440, 310724)
(127810, 140460, 42440, 310710)
(127799, 140460, 42440, 310699)
(127788, 140460, 42440, 310688)
(127763, 140460, 42440, 310663)
(127745, 140460, 42440, 310645)
(127731, 140460, 42440, 310631)
(127713, 140460, 42440, 310613)
(127698, 140460, 42440, 310598)
(127685, 140460, 42440, 310585)
(127679, 140460, 42440, 310579)
(127662, 140460, 42440, 310562)
(127638, 140460, 42440, 310538)
(127611, 140460, 42440, 310511)
(127600, 140460, 42440, 310500)
(127578, 140460, 42440, 310478)
(127566, 140460, 42440, 310466)
(127540, 140460, 42440, 310440)
(127514, 140460, 42440, 310414)
(127497, 140460, 42440, 310397)
(127485, 140460, 42440, 310385)
(127463, 140460, 42440, 310363)
(127433, 140460, 42440, 310333)
(127405, 140460, 42440, 310305)
(127381, 140460, 42440, 310281)
(127365, 140460, 42440, 310265)
(127351, 140460, 42440, 310251)
(127342, 140460, 42440, 310242)
(127335, 140460, 42440, 310235)
(127318, 140460, 42440, 310218)
(127301, 140460, 42440, 310201)
(127277, 140460, 42440, 310177)
(127262, 140460, 42440, 310162)
(127259, 140460, 42440, 310159)
(127249, 140460, 42440, 310149)
(127224, 140460, 42440, 310124)
(127212, 140460, 42440, 310112)
(127198, 140460, 42440, 310098)
(127191, 140460, 42440, 310091)
(127164, 140460, 42440, 310064)
(127148, 140460, 42440, 310048)
(127133, 140460, 42440, 310033)
(127115, 140460, 42440, 310015)
(127094, 140460, 42440, 309994)
(127086, 140460, 42440, 309986)
(127064, 140460, 42440, 309964)
(127050, 140460, 42440, 309950)
(127029, 140460, 42440, 309929)
(126996, 140460, 42440, 309896)
(126981, 140460, 42440, 309881)
(126959, 140460, 42440, 309859)
(126941, 140460, 42440, 309841)
(126903, 140460, 42440, 309803)
(126883, 140460, 42440, 309783)
(126880, 140460, 42440, 309780)
(126868, 140460, 42440, 309768)
(126852, 140460, 42440, 309752)
(126839, 140460, 42440, 309739)
(126827, 140460, 42440, 309727)
(126806, 140460, 42440, 309706)
(126790, 140460, 42440, 309690)
(126776, 140460, 42440, 309676)
(126755, 140460, 42440, 309655)
(126737, 140460, 42440, 309637)
(126714, 140460, 42440, 309614)
(126709, 140460, 42440, 309609)
