(171023, 171830, 40526, 383379)
(171017, 171830, 40526, 383373)
(170989, 171830, 40526, 383345)
(170988, 171830, 40526, 383344)
(170948, 171830, 40526, 383304)
(170934, 171830, 40526, 383290)
(170908, 171830, 40526, 383264)
(170874, 171830, 40526, 383230)
(170852, 171830, 40526, 383208)
(170851, 171830, 40526, 383207)
(170843, 171830, 40526, 383199)
(170835, 171830, 40526, 383191)
(170816, 171830, 40526, 383172)
(170784, 171830, 40526, 383140)
(170783, 171830, 40526, 383139)
(170776, 171830, 40526, 383132)
(170758, 171830, 40526, 383114)
(170741, 171830, 40526, 383097)
(170707, 171830, 40526, 383063)
(170681, 171830, 40526, 383037)
(170680, 171830, 40526, 383036)
(170651, 171830, 40526, 383007)
(170619, 171830, 40526, 382975)
(170602, 171830, 40526, 382958)
(170574, 171830, 40526, 382930)
(170572, 171830, 40526, 382928)
(170551, 171830, 40526, 382907)
(170530, 171830, 40526, 382886)
(170523, 171830, 40526, 382879)
(170504, 171830, 40526, 382860)
(170488, 171830, 40526, 382844)
(170461, 171830, 40526, 382817)
(170456, 171830, 40526, 382812)
(170453, 171830, 40526, 382809)
(170446, 171830, 40526, 382802)
(170414, 171830, 40526, 382770)
(170404, 171830, 40526, 382760)
(170382, 171830, 40526, 382738)
(170357, 171830, 40526, 382713)
(170346, 171830, 40526, 382702)
(170309, 171830, 40526, 382665)
(170301, 171830, 40526, 382657)
(170285, 171830, 40526, 382641)
(170275, 171830, 40526, 382631)
(170248, 171830, 40526, 382604)
(170223, 171830, 40526, 382579)
(170208, 171830, 40526, 382564)
(170192, 171830, 40526, 382548)
(170177, 171830, 40526, 382533)
(170148, 171830, 40526, 382504)
(170138, 171830, 40526, 382494)
(170111, 171830, 40526, 382467)
(170106, 171830, 40526, 382462)
(170076, 171830, 40526, 382432)
(170057, 171830, 40526, 382413)
(170030, 171830, 40526, 382386)
(170003, 171830, 40526, 382359)
(169981, 171830, 40526, 382337)
(169949, 171830, 40526, 382305)
(169937, 171830, 40526, 382293)
(169910, 171830, 40526, 382266)
(169909, 171830, 40526, 382265)
(169899, 171830, 40526, 382255)
(169878, 171830, 40526, 382234)
(169874, 171830, 40526, 382230)
(169859, 171830, 40526, 382215)
(169838, 171830, 40526, 382194)
(169816, 171830, 40526, 382172)
(169798, 171830, 40526, 382154)
(169778, 171830, 40526, 382134)
(169765, 171830, 40526, 382121)
(169740, 171830, 40526, 382096)
(169718, 171830, 40526, 382074)
(169707, 171830, 40526, 382063)
(169680, 171830, 40526, 382036)
(169661, 171830, 40526, 382017)
(169626, 171830, 40526, 381982)
(169612, 171830, 40526, 381968)
(169596, 171830, 40526, 381952)
(169573, 171830, 40526, 381929)
(169554, 171830, 40526, 381910)
(169540, 171830, 40526, 381896)
(169521, 171830, 40526, 381877)
(169495, 171830, 40526, 381851)
(169486, 171830, 40526, 381842)
(169461, 171830, 40526, 381817)
(169459, 171830, 40526, 381815)
(169428, 171830, 40526, 381784)
(169404, 171830, 40526, 381760)
(169381, 171830, 40526, 381737)
(169365, 171830, 40526, 381721)
(169364, 171830, 40526, 381720)
(169327, 171830, 40526, 381683)
(169323, 171830, 40526, 381679)
(169322, 171830, 40526, 381678)
(169312, 171830, 40526, 381668)
(169307, 171830, 40526, 381663)
(169285, 171830, 40526, 381641)
(169278, 171830, 40526, 381634)
(169245, 171830, 40526, 381601)
(169234, 171830, 40526, 381590)
(169213, 171830, 40526, 381569)
(169186, 171830, 40526, 381542)
(169172, 171830, 40526, 381528)
(169154, 171830, 40526, 381510)
(169130, 171830, 40526, 381486)
(169101, 171830, 40526, 381457)
(169095, 171830, 40526, 381451)
(169062, 171830, 40526, 381418)
(169041, 171830, 40526, 381397)
(169032, 171830, 40526, 381388)
(169014, 171830, 40526, 381370)
(168991, 171830, 40526, 381347)
(168974, 171830, 40526, 381330)
(168958, 171830, 40526, 381314)
(168952, 171830, 40526, 381308)
(168926, 171830, 40526, 381282)
(168901, 171830, 40526, 381257)
(168872, 171830, 40526, 381228)
(168841, 171830, 40526, 381197)
(168814, 171830, 40526, 381170)
(168783, 171830, 40526, 381139)
(168782, 171830, 40526, 381138)
(168770, 171830, 40526, 381126)
(168749, 171830, 40526, 381105)
(168729, 171830, 40526, 381085)
(168719, 171830, 40526, 381075)
(168696, 171830, 40526, 381052)
(168674, 171830, 40526, 381030)
(168664, 171830, 40526, 381020)
(168645, 171830, 40526, 381001)
(168630, 171830, 40526, 380986)
(168617, 171830, 40526, 380973)
(168598, 171830, 40526, 380954)
(168577, 171830, 40526, 380933)
(168575, 171830, 40526, 380931)
(168560, 171830, 40526, 380916)
(168548, 171830, 40526, 380904)
(168531, 171830, 40526, 380887)
(168525, 171830, 40526, 380881)
(168519, 171830, 40526, 380875)
(168494, 171830, 40526, 380850)
(168466, 171830, 40526, 380822)
(168447, 171830, 40526, 380803)
(168441, 171830, 40526, 380797)
(168426, 171830, 40526, 380782)
(168400, 171830, 40526, 380756)
(168384, 171830, 40526, 380740)
(168377, 171830, 40526, 380733)
(168347, 171830, 40526, 380703)
(168330, 171830, 40526, 380686)
(168299, 171830, 40526, 380655)
(168287, 171830, 40526, 380643)
(168256, 171830, 40526, 380612)
(168213, 171830, 40526, 380569)
(168180, 171830, 40526, 380536)
(168161, 171830, 40526, 380517)
(168152, 171830, 40526, 380508)
(168131, 171830, 40526, 380487)
(168095, 171830, 40526, 380451)
(168088, 171830, 40526, 380444)
(168087, 171830, 40526, 380443)
(168062, 171830, 40526, 380418)
(168051, 171830, 40526, 380407)
(168036, 171830, 40526, 380392)
(168030, 171830, 40526, 380386)
(168001, 171830, 40526, 380357)
(167979, 171830, 40526, 380335)
(167949, 171830, 40526, 380305)
(167931, 171830, 40526, 380287)
(167922, 171830, 40526, 380278)
(167908, 171830, 40526, 380264)
(167900, 171830, 40526, 380256)
(167890, 171830, 40526, 380246)
(167879, 171830, 40526, 380235)
(167856, 171830, 40526, 380212)
(167855, 171830, 40526, 380211)
(167847, 171830, 40526, 380203)
(167817, 171830, 40526, 380173)
(167793, 171830, 40526, 380149)
(167766, 171830, 40526, 380122)
(167737, 171830, 40526, 380093)
(167703, 171830, 40526, 380059)
(167680, 171830, 40526, 380036)
(167668, 171830, 40526, 380024)
(167644, 171830, 40526, 380000)
(167617, 171830, 40526, 379973)
(167589, 171830, 40526, 379945)
(167569, 171830, 40526, 379925)
(167541, 171830, 40526, 379897)
(167511, 171830, 40526, 379867)
(167479, 171830, 40526, 379835)
(167466, 171830, 40526, 379822)
(167444, 171830, 40526, 379800)
(167420, 171830, 40526, 379776)
(167405, 171830, 40526, 379761)
(167402, 171830, 40526, 379758)
(167373, 171830, 40526, 379729)
(167348, 171830, 40526, 379704)
(167340, 171830, 40526, 379696)
(167327, 171830, 40526, 379683)
(167308, 171830, 40526, 379664)
(167279, 171830, 40526, 379635)
(167260, 171830, 40526, 379616)
(167250, 171830, 40526, 379606)
(167237, 171830, 40526, 379593)
(167219, 171830, 40526, 379575)
(167218, 171830, 40526, 379574)
(167200, 171830, 40526, 379556)
(167184, 171830, 40526, 379540)
(167157, 171830, 40526, 379513)
(167149, 171830, 40526, 379505)
(167127, 171830, 40526, 379483)
(167108, 171830, 40526, 379464)
(167093, 171830, 40526, 379449)
(167073, 171830, 40526, 379429)
(167065, 171830, 40526, 379421)
(167046, 171830, 40526, 379402)
(167032, 171830, 40526, 379388)
(167012, 171830, 40526, 379368)
(166995, 171830, 40526, 379351)
(166970, 171830, 40526, 379326)
(166940, 171830, 40526, 379296)
(166914, 171830, 40526, 379270)
(166892, 171830, 40526, 379248)
(166877, 171830, 40526, 379233)
(166849, 171830, 40526, 379205)
(166847, 171830, 40526, 379203)
(166832, 171830, 40526, 379188)
(166810, 171830, 40526, 379166)
(166777, 171830, 40526, 379133)
(166764, 171830, 40526, 379120)
(166734, 171830, 40526, 379090)
(166698, 171830, 40526, 379054)
(166680, 171830, 40526, 379036)
(166656, 171830, 40526, 379012)
(166642, 171830, 40526, 378998)
(166624, 171830, 40526, 378980)
(166586, 171830, 40526, 378942)
(166569, 171830, 40526, 378925)
(166568, 171830, 40526, 378924)
(166556, 171830, 40526, 378912)
(166535, 171830, 40526, 378891)
(166518, 171830, 40526, 378874)
(166487, 171830, 40526, 378843)
(166454, 171830, 40526, 378810)
(166428, 171830, 40526, 378784)
(166398, 171830, 40526, 378754)
(166381, 171830, 40526, 378737)
(166365, 171830, 40526, 378721)
(166344, 171830, 40526, 378700)
(166313, 171830, 40526, 378669)
(166307, 171830, 40526, 378663)
(166284, 171830, 40526, 378640)
(166255, 171830, 40526, 378611)
(166248, 171830, 40526, 378604)
(166241, 171830, 40526, 378597)
(166222, 171830, 40526, 378578)
(166200, 171830, 40526, 378556)
(166179, 171830, 40526, 378535)
(166159, 171830, 40526, 378515)
(166132, 171830, 40526, 378488)
(166116, 171830, 40526, 378472)
(166100, 171830, 40526, 378456)
(166067, 171830, 40526, 378423)
(166050, 171830, 40526, 378406)
(166028, 171830, 40526, 378384)
(166019, 171830, 40526, 378375)
(165982, 171830, 40526, 378338)
(165957, 171830, 40526, 378313)
(165940, 171830, 40526, 378296)
(165929, 171830, 40526, 378285)
(165917, 171830, 40526, 378273)
(165902, 171830, 40526, 378258)
(165899, 171830, 40526, 378255)
(165888, 171830, 40526, 378244)
(165881, 171830, 40526, 378237)
(165876, 171830, 40526, 378232)
(165865, 171830, 40526, 378221)
(165857, 171830, 40526, 378213)
(165823, 171830, 40526, 378179)
(165815, 171830, 40526, 378171)
(165788, 171830, 40526, 378144)
(165769, 171830, 40526, 378125)
(165764, 171830, 40526, 378120)
(165738, 171830, 40526, 378094)
(165716, 171830, 40526, 378072)
(165688, 171830, 40526, 378044)
(165674, 171830, 40526, 378030)
(165646, 171830, 40526, 378002)
(165631, 171830, 40526, 377987)
(165602, 171830, 40526, 377958)
(165597, 171830, 40526, 377953)
(165589, 171830, 40526, 377945)
(165570, 171830, 40526, 377926)
(165546, 171830, 40526, 377902)
(165516, 171830, 40526, 377872)
(165496, 171830, 40526, 377852)
(165478, 171830, 40526, 377834)
(165451, 171830, 40526, 377807)
(165425, 171830, 40526, 377781)
(165415, 171830, 40526, 377771)
(165405, 171830, 40526, 377761)
(165391, 171830, 40526, 377747)
(165379, 171830, 40526, 377735)
(165357, 171830, 40526, 377713)
(165346, 171830, 40526, 377702)
(165320, 171830, 40526, 377676)
(165313, 171830, 40526, 377669)
(165302, 171830, 40526, 377658)
(165277, 171830, 40526, 377633)
(165275, 171830, 40526, 377631)
(165262, 171830, 40526, 377618)
(165244, 171830, 40526, 377600)
(165213, 171830, 40526, 377569)
(165189, 171830, 40526, 377545)
(165171, 171830, 40526, 377527)
(165153, 171830, 40526, 377509)
(165129, 171830, 40526, 377485)
(165111, 171830, 40526, 377467)
(165077, 171830, 40526, 377433)
(165039, 171830, 40526, 377395)
(165038, 171830, 40526, 377394)
(165021, 171830, 40526, 377377)
(165013, 171830, 40526, 377369)
(164996, 171830, 40526, 377352)
(164974, 171830, 40526, 377330)
(164955, 171830, 40526, 377311)
(164930, 171830, 40526, 377286)
(164922, 171830, 40526, 377278)
(164894, 171830, 40526, 377250)
(164882, 171830, 40526, 377238)
(164864, 171830, 40526, 377220)
(164859, 171830, 40526, 377215)
(164842, 171830, 40526, 377198)
(164808, 171830, 40526, 377164)
(164780, 171830, 40526, 377136)
(164773, 171830, 40526, 377129)
(164744, 171830, 40526, 377100)
(164731, 171830, 40526, 377087)
(164704, 171830, 40526, 377060)
(164689, 171830, 40526, 377045)
(164670, 171830, 40526, 377026)
(164639, 171830, 40526, 376995)
(164620, 171830, 40526, 376976)
(164602, 171830, 40526, 376958)
(164585, 171830, 40526, 376941)
(164556, 171830, 40526, 376912)
(164535, 171830, 40526, 376891)
(164509, 171830, 40526, 376865)
(164490, 171830, 40526, 376846)
(164479, 171830, 40526, 376835)
(164466, 171830, 40526, 376822)
(164450, 171830, 40526, 376806)
(164449, 171830, 40526, 376805)
(164440, 171830, 40526, 376796)
(164426, 171830, 40526, 376782)
(164404, 171830, 40526, 376760)
(164391, 171830, 40526, 376747)
(164388, 171830, 40526, 376744)
(164361, 171830, 40526, 376717)
(164336, 171830, 40526, 376692)
(164315, 171830, 40526, 376671)
(164303, 171830, 40526, 376659)
(164302, 171830, 40526, 376658)
(164271, 171830, 40526, 376627)
(164241, 171830, 40526, 376597)
(164231, 171830, 40526, 376587)
(164213, 171830, 40526, 376569)
(164185, 171830, 40526, 376541)
(164175, 171830, 40526, 376531)
(164143, 171830, 40526, 376499)
(164117, 171830, 40526, 376473)
(164104, 171830, 40526, 376460)
(164066, 171830, 40526, 376422)
(164052, 171830, 40526, 376408)
(164033, 171830, 40526, 376389)
(164016, 171830, 40526, 376372)
(164014, 171830, 40526, 376370)
(163988, 171830, 40526, 376344)
(163959, 171830, 40526, 376315)
(163932, 171830, 40526, 376288)
(163915, 171830, 40526, 376271)
(163914, 171830, 40526, 376270)
(163884, 171830, 40526, 376240)
(163883, 171830, 40526, 376239)
(163848, 171830, 40526, 376204)
(163815, 171830, 40526, 376171)
(163802, 171830, 40526, 376158)
(163796, 171830, 40526, 376152)
(163780, 171830, 40526, 376136)
(163766, 171830, 40526, 376122)
(163737, 171830, 40526, 376093)
(163720, 171830, 40526, 376076)
(163700, 171830, 40526, 376056)
(163677, 171830, 40526, 376033)
(163665, 171830, 40526, 376021)
(163631, 171830, 40526, 375987)
(163616, 171830, 40526, 375972)
(163581, 171830, 40526, 375937)
(163568, 171830, 40526, 375924)
(163552, 171830, 40526, 375908)
(163551, 171830, 40526, 375907)
(163517, 171830, 40526, 375873)
(163497, 171830, 40526, 375853)
(163480, 171830, 40526, 375836)
(163474, 171830, 40526, 375830)
(163442, 171830, 40526, 375798)
(163419, 171830, 40526, 375775)
(163409, 171830, 40526, 375765)
(163386, 171830, 40526, 375742)
(163351, 171830, 40526, 375707)
(163348, 171830, 40526, 375704)
(163316, 171830, 40526, 375672)
(163306, 171830, 40526, 375662)
(163277, 171830, 40526, 375633)
(163247, 171830, 40526, 375603)
(163209, 171830, 40526, 375565)
(163191, 171830, 40526, 375547)
(163183, 171830, 40526, 375539)
(163171, 171830, 40526, 375527)
(163139, 171830, 40526, 375495)
(163118, 171830, 40526, 375474)
(163099, 171830, 40526, 375455)
(163085, 171830, 40526, 375441)
(163064, 171830, 40526, 375420)
(163043, 171830, 40526, 375399)
(163014, 171830, 40526, 375370)
(162988, 171830, 40526, 375344)
(162959, 171830, 40526, 375315)
(162938, 171830, 40526, 375294)
(162932, 171830, 40526, 375288)
(162890, 171830, 40526, 375246)
(162867, 171830, 40526, 375223)
(162866, 171830, 40526, 375222)
(162842, 171830, 40526, 375198)
(162837, 171830, 40526, 375193)
(162825, 171830, 40526, 375181)
(162797, 171830, 40526, 375153)
(162784, 171830, 40526, 375140)
(162751, 171830, 40526, 375107)
(162736, 171830, 40526, 375092)
(162723, 171830, 40526, 375079)
(162707, 171830, 40526, 375063)
(162700, 171830, 40526, 375056)
(162660, 171830, 40526, 375016)
(162644, 171830, 40526, 375000)
(162621, 171830, 40526, 374977)
(162620, 171830, 40526, 374976)
(162585, 171830, 40526, 374941)
(162562, 171830, 40526, 374918)
(162542, 171830, 40526, 374898)
(162519, 171830, 40526, 374875)
(162518, 171830, 40526, 374874)
(162487, 171830, 40526, 374843)
(162470, 171830, 40526, 374826)
(162458, 171830, 40526, 374814)
(162428, 171830, 40526, 374784)
(162395, 171830, 40526, 374751)
(162362, 171830, 40526, 374718)
(162351, 171830, 40526, 374707)
(162332, 171830, 40526, 374688)
(162305, 171830, 40526, 374661)
(162288, 171830, 40526, 374644)
(162262, 171830, 40526, 374618)
(162249, 171830, 40526, 374605)
(162217, 171830, 40526, 374573)
(162216, 171830, 40526, 374572)
(162195, 171830, 40526, 374551)
(162182, 171830, 40526, 374538)
(162167, 171830, 40526, 374523)
(162159, 171830, 40526, 374515)
(162142, 171830, 40526, 374498)
(162133, 171830, 40526, 374489)
(162123, 171830, 40526, 374479)
(162101, 171830, 40526, 374457)
(162097, 171830, 40526, 374453)
(162094, 171830, 40526, 374450)
(162074, 171830, 40526, 374430)
(162046, 171830, 40526, 374402)
(162022, 171830, 40526, 374378)
(162015, 171830, 40526, 374371)
(161979, 171830, 40526, 374335)
(161962, 171830, 40526, 374318)
(161938, 171830, 40526, 374294)
(161913, 171830, 40526, 374269)
(161874, 171830, 40526, 374230)
(161850, 171830, 40526, 374206)
(161819, 171830, 40526, 374175)
(161807, 171830, 40526, 374163)
(161777, 171830, 40526, 374133)
(161775, 171830, 40526, 374131)
(161753, 171830, 40526, 374109)
(161733, 171830, 40526, 374089)
(161709, 171830, 40526, 374065)
(161698, 171830, 40526, 374054)
(161667, 171830, 40526, 374023)
(161647, 171830, 40526, 374003)
(161633, 171830, 40526, 373989)
(161610, 171830, 40526, 373966)
(161595, 171830, 40526, 373951)
(161580, 171830, 40526, 373936)
(161561, 171830, 40526, 373917)
(161529, 171830, 40526, 373885)
(161518, 171830, 40526, 373874)
(161517, 171830, 40526, 373873)
(161513, 171830, 40526, 373869)
(161511, 171830, 40526, 373867)
(161484, 171830, 40526, 373840)
(161468, 171830, 40526, 373824)
(161440, 171830, 40526, 373796)
(161425, 171830, 40526, 373781)
(161389, 171830, 40526, 373745)
(161362, 171830, 40526, 373718)
(161325, 171830, 40526, 373681)
(161309, 171830, 40526, 373665)
(161288, 171830, 40526, 373644)
(161267, 171830, 40526, 373623)
(161249, 171830, 40526, 373605)
(161239, 171830, 40526, 373595)
(161201, 171830, 40526, 373557)
(161181, 171830, 40526, 373537)
(161163, 171830, 40526, 373519)
(161154, 171830, 40526, 373510)
(161131, 171830, 40526, 373487)
(161103, 171830, 40526, 373459)
(161075, 171830, 40526, 373431)
(161046, 171830, 40526, 373402)
(161013, 171830, 40526, 373369)
(160985, 171830, 40526, 373341)
(160977, 171830, 40526, 373333)
(160953, 171830, 40526, 373309)
(160933, 171830, 40526, 373289)
(160903, 171830, 40526, 373259)
(160878, 171830, 40526, 373234)
(160873, 171830, 40526, 373229)
(160849, 171830, 40526, 373205)
(160839, 171830, 40526, 373195)
(160817, 171830, 40526, 373173)
(160791, 171830, 40526, 373147)
(160765, 171830, 40526, 373121)
(160751, 171830, 40526, 373107)
(160727, 171830, 40526, 373083)
(160706, 171830, 40526, 373062)
(160680, 171830, 40526, 373036)
(160660, 171830, 40526, 373016)
(160653, 171830, 40526, 373009)
(160648, 171830, 40526, 373004)
(160613, 171830, 40526, 372969)
(160595, 171830, 40526, 372951)
(160589, 171830, 40526, 372945)
(160567, 171830, 40526, 372923)
(160530, 171830, 40526, 372886)
(160508, 171830, 40526, 372864)
(160489, 171830, 40526, 372845)
(160488, 171830, 40526, 372844)
(160469, 171830, 40526, 372825)
(160444, 171830, 40526, 372800)
(160420, 171830, 40526, 372776)
(160419, 171830, 40526, 372775)
(160394, 171830, 40526, 372750)
(160368, 171830, 40526, 372724)
(160343, 171830, 40526, 372699)
(160324, 171830, 40526, 372680)
(160313, 171830, 40526, 372669)
(160304, 171830, 40526, 372660)
(160285, 171830, 40526, 372641)
(160276, 171830, 40526, 372632)
(160261, 171830, 40526, 372617)
(160253, 171830, 40526, 372609)
(160222, 171830, 40526, 372578)
(160201, 171830, 40526, 372557)
(160181, 171830, 40526, 372537)
(160169, 171830, 40526, 372525)
(160144, 171830, 40526, 372500)
(160114, 171830, 40526, 372470)
(160112, 171830, 40526, 372468)
(160102, 171830, 40526, 372458)
(160095, 171830, 40526, 372451)
