(139123, 132666, 38525, 310314)
(139111, 132666, 38525, 310302)
(139092, 132666, 38525, 310283)
(139075, 132666, 38525, 310266)
(139053, 132666, 38525, 310244)
(139037, 132666, 38525, 310228)
(139019, 132666, 38525, 310210)
(139000, 132666, 38525, 310191)
(138981, 132666, 38525, 310172)
(138971, 132666, 38525, 310162)
(138970, 132666, 38525, 310161)
(138961, 132666, 38525, 310152)
(138933, 132666, 38525, 310124)
(138900, 132666, 38525, 310091)
(138894, 132666, 38525, 310085)
(138868, 132666, 38525, 310059)
(138843, 132666, 38525, 310034)
(138825, 132666, 38525, 310016)
(138798, 132666, 38525, 309989)
(138781, 132666, 38525, 309972)
(138775, 132666, 38525, 309966)
(138761, 132666, 38525, 309952)
(138726, 132666, 38525, 309917)
(138709, 132666, 38525, 309900)
(138690, 132666, 38525, 309881)
(138681, 132666, 38525, 309872)
(138677, 132666, 38525, 309868)
(138662, 132666, 38525, 309853)
(138658, 132666, 38525, 309849)
(138628, 132666, 38525, 309819)
(138626, 132666, 38525, 309817)
(138592, 132666, 38525, 309783)
(138572, 132666, 38525, 309763)
(138541, 132666, 38525, 309732)
(138506, 132666, 38525, 309697)
(138477, 132666, 38525, 309668)
(138462, 132666, 38525, 309653)
(138442, 132666, 38525, 309633)
(138424, 132666, 38525, 309615)
(138423, 132666, 38525, 309614)
(138400, 132666, 38525, 309591)
(138378, 132666, 38525, 309569)
(138363, 132666, 38525, 309554)
(138340, 132666, 38525, 309531)
(138320, 132666, 38525, 309511)
(138296, 132666, 38525, 309487)
(138282, 132666, 38525, 309473)
(138252, 132666, 38525, 309443)
(138222, 132666, 38525, 309413)
(138221, 132666, 38525, 309412)
(138215, 132666, 38525, 309406)
(138191, 132666, 38525, 309382)
(138158, 132666, 38525, 309349)
(138134, 132666, 38525, 309325)
(138102, 132666, 38525, 309293)
(138081, 132666, 38525, 309272)
(138061, 132666, 38525, 309252)
(138035, 132666, 38525, 309226)
(138008, 132666, 38525, 309199)
(137990, 132666, 38525, 309181)
(137984, 132666, 38525, 309175)
(137968, 132666, 38525, 309159)
(137949, 132666, 38525, 309140)
(137927, 132666, 38525, 309118)
(137916, 132666, 38525, 309107)
(137901, 132666, 38525, 309092)
(137887, 132666, 38525, 309078)
(137885, 132666, 38525, 309076)
(137860, 132666, 38525, 309051)
(137834, 132666, 38525, 309025)
(137822, 132666, 38525, 309013)
(137817, 132666, 38525, 309008)
(137783, 132666, 38525, 308974)
(137770, 132666, 38525, 308961)
(137747, 132666, 38525, 308938)
(137729, 132666, 38525, 308920)
(137723, 132666, 38525, 308914)
(137703, 132666, 38525, 308894)
(137692, 132666, 38525, 308883)
(137662, 132666, 38525, 308853)
(137653, 132666, 38525, 308844)
(137634, 132666, 38525, 308825)
(137623, 132666, 38525, 308814)
(137620, 132666, 38525, 308811)
(137609, 132666, 38525, 308800)
(137582, 132666, 38525, 308773)
(137548, 132666, 38525, 308739)
(137526, 132666, 38525, 308717)
(137515, 132666, 38525, 308706)
(137497, 132666, 38525, 308688)
(137489, 132666, 38525, 308680)
(137473, 132666, 38525, 308664)
(137455, 132666, 38525, 308646)
(137424, 132666, 38525, 308615)
(137423, 132666, 38525, 308614)
(137422, 132666, 38525, 308613)
(137396, 132666, 38525, 308587)
(137370, 132666, 38525, 308561)
(137348, 132666, 38525, 308539)
(137334, 132666, 38525, 308525)
(137320, 132666, 38525, 308511)
(137295, 132666, 38525, 308486)
(137282, 132666, 38525, 308473)
(137278, 132666, 38525, 308469)
(137259, 132666, 38525, 308450)
(137234, 132666, 38525, 308425)
(137228, 132666, 38525, 308419)
(137202, 132666, 38525, 308393)
(137190, 132666, 38525, 308381)
(137170, 132666, 38525, 308361)
(137150, 132666, 38525, 308341)
(137126, 132666, 38525, 308317)
(137091, 132666, 38525, 308282)
(137073, 132666, 38525, 308264)
(137050, 132666, 38525, 308241)
(137049, 132666, 38525, 308240)
(137043, 132666, 38525, 308234)
(137035, 132666, 38525, 308226)
(137012, 132666, 38525, 308203)
(137000, 132666, 38525, 308191)
(136978, 132666, 38525, 308169)
(136971, 132666, 38525, 308162)
(136968, 132666, 38525, 308159)
(136953, 132666, 38525, 308144)
(136949, 132666, 38525, 308140)
(136938, 132666, 38525, 308129)
(136911, 132666, 38525, 308102)
(136893, 132666, 38525, 308084)
(136873, 132666, 38525, 308064)
(136847, 132666, 38525, 308038)
(136822, 132666, 38525, 308013)
(136791, 132666, 38525, 307982)
(136771, 132666, 38525, 307962)
(136754, 132666, 38525, 307945)
(136733, 132666, 38525, 307924)
(136716, 132666, 38525, 307907)
(136688, 132666, 38525, 307879)
(136681, 132666, 38525, 307872)
(136660, 132666, 38525, 307851)
(136653, 132666, 38525, 307844)
(136625, 132666, 38525, 307816)
(136608, 132666, 38525, 307799)
(136576, 132666, 38525, 307767)
(136558, 132666, 38525, 307749)
(136553, 132666, 38525, 307744)
(136545, 132666, 38525, 307736)
(136521, 132666, 38525, 307712)
(136487, 132666, 38525, 307678)
(136476, 132666, 38525, 307667)
(136450, 132666, 38525, 307641)
(136437, 132666, 38525, 307628)
(136417, 132666, 38525, 307608)
(136405, 132666, 38525, 307596)
(136399, 132666, 38525, 307590)
(136392, 132666, 38525, 307583)
(136368, 132666, 38525, 307559)
(136367, 132666, 38525, 307558)
(136351, 132666, 38525, 307542)
(136349, 132666, 38525, 307540)
(136319, 132666, 38525, 307510)
(136294, 132666, 38525, 307485)
(136268, 132666, 38525, 307459)
(136237, 132666, 38525, 307428)
(136213, 132666, 38525, 307404)
(136194, 132666, 38525, 307385)
(136177, 132666, 38525, 307368)
(136166, 132666, 38525, 307357)
(136147, 132666, 38525, 307338)
(136121, 132666, 38525, 307312)
(136090, 132666, 38525, 307281)
(136082, 132666, 38525, 307273)
(136080, 132666, 38525, 307271)
(136072, 132666, 38525, 307263)
(136061, 132666, 38525, 307252)
(136047, 132666, 38525, 307238)
(136036, 132666, 38525, 307227)
(136008, 132666, 38525, 307199)
(135986, 132666, 38525, 307177)
(135971, 132666, 38525, 307162)
(135947, 132666, 38525, 307138)
(135926, 132666, 38525, 307117)
(135896, 132666, 38525, 307087)
(135855, 132666, 38525, 307046)
(135838, 132666, 38525, 307029)
(135829, 132666, 38525, 307020)
(135802, 132666, 38525, 306993)
(135793, 132666, 38525, 306984)
(135769, 132666, 38525, 306960)
(135758, 132666, 38525, 306949)
(135731, 132666, 38525, 306922)
(135718, 132666, 38525, 306909)
(135699, 132666, 38525, 306890)
(135698, 132666, 38525, 306889)
(135680, 132666, 38525, 306871)
(135671, 132666, 38525, 306862)
(135665, 132666, 38525, 306856)
(135636, 132666, 38525, 306827)
(135628, 132666, 38525, 306819)
(135627, 132666, 38525, 306818)
(135594, 132666, 38525, 306785)
(135593, 132666, 38525, 306784)
(135574, 132666, 38525, 306765)
(135547, 132666, 38525, 306738)
(135520, 132666, 38525, 306711)
(135479, 132666, 38525, 306670)
(135472, 132666, 38525, 306663)
(135451, 132666, 38525, 306642)
(135437, 132666, 38525, 306628)
(135423, 132666, 38525, 306614)
(135396, 132666, 38525, 306587)
(135390, 132666, 38525, 306581)
(135373, 132666, 38525, 306564)
(135339, 132666, 38525, 306530)
(135316, 132666, 38525, 306507)
(135291, 132666, 38525, 306482)
(135272, 132666, 38525, 306463)
(135242, 132666, 38525, 306433)
(135228, 132666, 38525, 306419)
(135198, 132666, 38525, 306389)
(135178, 132666, 38525, 306369)
(135154, 132666, 38525, 306345)
(135126, 132666, 38525, 306317)
(135098, 132666, 38525, 306289)
(135064, 132666, 38525, 306255)
(135030, 132666, 38525, 306221)
(135008, 132666, 38525, 306199)
(134987, 132666, 38525, 306178)
(134971, 132666, 38525, 306162)
(134953, 132666, 38525, 306144)
(134925, 132666, 38525, 306116)
(134915, 132666, 38525, 306106)
(134891, 132666, 38525, 306082)
(134872, 132666, 38525, 306063)
(134841, 132666, 38525, 306032)
(134820, 132666, 38525, 306011)
(134803, 132666, 38525, 305994)
(134774, 132666, 38525, 305965)
(134764, 132666, 38525, 305955)
(134752, 132666, 38525, 305943)
(134727, 132666, 38525, 305918)
(134700, 132666, 38525, 305891)
(134664, 132666, 38525, 305855)
(134663, 132666, 38525, 305854)
(134654, 132666, 38525, 305845)
(134632, 132666, 38525, 305823)
(134590, 132666, 38525, 305781)
(134583, 132666, 38525, 305774)
(134573, 132666, 38525, 305764)
(134560, 132666, 38525, 305751)
(134526, 132666, 38525, 305717)
(134521, 132666, 38525, 305712)
(134520, 132666, 38525, 305711)
(134516, 132666, 38525, 305707)
(134497, 132666, 38525, 305688)
(134485, 132666, 38525, 305676)
(134477, 132666, 38525, 305668)
(134452, 132666, 38525, 305643)
(134429, 132666, 38525, 305620)
(134409, 132666, 38525, 305600)
(134374, 132666, 38525, 305565)
(134355, 132666, 38525, 305546)
(134329, 132666, 38525, 305520)
(134309, 132666, 38525, 305500)
(134292, 132666, 38525, 305483)
(134264, 132666, 38525, 305455)
(134240, 132666, 38525, 305431)
(134227, 132666, 38525, 305418)
(134217, 132666, 38525, 305408)
(134198, 132666, 38525, 305389)
(134159, 132666, 38525, 305350)
(134140, 132666, 38525, 305331)
(134115, 132666, 38525, 305306)
(134094, 132666, 38525, 305285)
(134085, 132666, 38525, 305276)
(134074, 132666, 38525, 305265)
(134054, 132666, 38525, 305245)
(134035, 132666, 38525, 305226)
(134022, 132666, 38525, 305213)
(134000, 132666, 38525, 305191)
(133982, 132666, 38525, 305173)
(133975, 132666, 38525, 305166)
(133953, 132666, 38525, 305144)
(133944, 132666, 38525, 305135)
(133920, 132666, 38525, 305111)
(133888, 132666, 38525, 305079)
(133876, 132666, 38525, 305067)
(133861, 132666, 38525, 305052)
(133833, 132666, 38525, 305024)
(133818, 132666, 38525, 305009)
(133795, 132666, 38525, 304986)
(133782, 132666, 38525, 304973)
(133765, 132666, 38525, 304956)
(133752, 132666, 38525, 304943)
(133750, 132666, 38525, 304941)
(133736, 132666, 38525, 304927)
(133725, 132666, 38525, 304916)
(133708, 132666, 38525, 304899)
(133699, 132666, 38525, 304890)
(133698, 132666, 38525, 304889)
(133695, 132666, 38525, 304886)
(133687, 132666, 38525, 304878)
(133671, 132666, 38525, 304862)
(133655, 132666, 38525, 304846)
(133630, 132666, 38525, 304821)
(133607, 132666, 38525, 304798)
(133576, 132666, 38525, 304767)
(133564, 132666, 38525, 304755)
(133545, 132666, 38525, 304736)
(133539, 132666, 38525, 304730)
(133527, 132666, 38525, 304718)
(133519, 132666, 38525, 304710)
(133480, 132666, 38525, 304671)
(133472, 132666, 38525, 304663)
(133441, 132666, 38525, 304632)
(133419, 132666, 38525, 304610)
(133409, 132666, 38525, 304600)
(133375, 132666, 38525, 304566)
(133340, 132666, 38525, 304531)
(133307, 132666, 38525, 304498)
(133284, 132666, 38525, 304475)
(133273, 132666, 38525, 304464)
(133247, 132666, 38525, 304438)
(133227, 132666, 38525, 304418)
(133219, 132666, 38525, 304410)
(133194, 132666, 38525, 304385)
(133183, 132666, 38525, 304374)
(133153, 132666, 38525, 304344)
(133128, 132666, 38525, 304319)
(133106, 132666, 38525, 304297)
(133083, 132666, 38525, 304274)
(133063, 132666, 38525, 304254)
(133055, 132666, 38525, 304246)
(133039, 132666, 38525, 304230)
(133014, 132666, 38525, 304205)
(133011, 132666, 38525, 304202)
(132995, 132666, 38525, 304186)
(132976, 132666, 38525, 304167)
(132959, 132666, 38525, 304150)
(132938, 132666, 38525, 304129)
(132918, 132666, 38525, 304109)
(132903, 132666, 38525, 304094)
(132873, 132666, 38525, 304064)
(132852, 132666, 38525, 304043)
(132827, 132666, 38525, 304018)
(132809, 132666, 38525, 304000)
(132795, 132666, 38525, 303986)
(132772, 132666, 38525, 303963)
(132761, 132666, 38525, 303952)
(132743, 132666, 38525, 303934)
(132742, 132666, 38525, 303933)
(132719, 132666, 38525, 303910)
(132714, 132666, 38525, 303905)
(132704, 132666, 38525, 303895)
(132685, 132666, 38525, 303876)
(132665, 132666, 38525, 303856)
(132644, 132666, 38525, 303835)
(132630, 132666, 38525, 303821)
(132608, 132666, 38525, 303799)
(132574, 132666, 38525, 303765)
(132546, 132666, 38525, 303737)
(132522, 132666, 38525, 303713)
(132495, 132666, 38525, 303686)
(132477, 132666, 38525, 303668)
(132454, 132666, 38525, 303645)
(132442, 132666, 38525, 303633)
(132430, 132666, 38525, 303621)
(132406, 132666, 38525, 303597)
(132384, 132666, 38525, 303575)
(132362, 132666, 38525, 303553)
(132340, 132666, 38525, 303531)
(132315, 132666, 38525, 303506)
(132308, 132666, 38525, 303499)
(132275, 132666, 38525, 303466)
(132256, 132666, 38525, 303447)
(132253, 132666, 38525, 303444)
(132230, 132666, 38525, 303421)
(132223, 132666, 38525, 303414)
(132206, 132666, 38525, 303397)
(132188, 132666, 38525, 303379)
(132157, 132666, 38525, 303348)
(132139, 132666, 38525, 303330)
(132111, 132666, 38525, 303302)
(132068, 132666, 38525, 303259)
(132050, 132666, 38525, 303241)
(132016, 132666, 38525, 303207)
(131995, 132666, 38525, 303186)
(131978, 132666, 38525, 303169)
(131963, 132666, 38525, 303154)
(131938, 132666, 38525, 303129)
(131915, 132666, 38525, 303106)
(131893, 132666, 38525, 303084)
(131890, 132666, 38525, 303081)
(131885, 132666, 38525, 303076)
(131868, 132666, 38525, 303059)
(131854, 132666, 38525, 303045)
(131840, 132666, 38525, 303031)
(131826, 132666, 38525, 303017)
(131810, 132666, 38525, 303001)
(131792, 132666, 38525, 302983)
(131770, 132666, 38525, 302961)
(131742, 132666, 38525, 302933)
(131724, 132666, 38525, 302915)
(131705, 132666, 38525, 302896)
(131685, 132666, 38525, 302876)
(131678, 132666, 38525, 302869)
(131677, 132666, 38525, 302868)
(131663, 132666, 38525, 302854)
(131661, 132666, 38525, 302852)
(131638, 132666, 38525, 302829)
(131615, 132666, 38525, 302806)
(131614, 132666, 38525, 302805)
(131606, 132666, 38525, 302797)
(131578, 132666, 38525, 302769)
(131573, 132666, 38525, 302764)
(131558, 132666, 38525, 302749)
(131547, 132666, 38525, 302738)
(131526, 132666, 38525, 302717)
(131504, 132666, 38525, 302695)
(131478, 132666, 38525, 302669)
(131454, 132666, 38525, 302645)
(131418, 132666, 38525, 302609)
(131397, 132666, 38525, 302588)
(131394, 132666, 38525, 302585)
(131387, 132666, 38525, 302578)
(131359, 132666, 38525, 302550)
(131338, 132666, 38525, 302529)
(131316, 132666, 38525, 302507)
(131302, 132666, 38525, 302493)
(131279, 132666, 38525, 302470)
(131253, 132666, 38525, 302444)
(131230, 132666, 38525, 302421)
(131214, 132666, 38525, 302405)
(131184, 132666, 38525, 302375)
(131177, 132666, 38525, 302368)
(131167, 132666, 38525, 302358)
(131145, 132666, 38525, 302336)
(131127, 132666, 38525, 302318)
(131115, 132666, 38525, 302306)
(131095, 132666, 38525, 302286)
(131084, 132666, 38525, 302275)
(131062, 132666, 38525, 302253)
(131042, 132666, 38525, 302233)
(131013, 132666, 38525, 302204)
(130977, 132666, 38525, 302168)
(130944, 132666, 38525, 302135)
(130934, 132666, 38525, 302125)
(130908, 132666, 38525, 302099)
(130887, 132666, 38525, 302078)
(130870, 132666, 38525, 302061)
(130860, 132666, 38525, 302051)
(130848, 132666, 38525, 302039)
(130824, 132666, 38525, 302015)
(130799, 132666, 38525, 301990)
(130765, 132666, 38525, 301956)
(130749, 132666, 38525, 301940)
(130731, 132666, 38525, 301922)
(130729, 132666, 38525, 301920)
(130703, 132666, 38525, 301894)
(130677, 132666, 38525, 301868)
(130653, 132666, 38525, 301844)
(130627, 132666, 38525, 301818)
(130599, 132666, 38525, 301790)
(130583, 132666, 38525, 301774)
(130578, 132666, 38525, 301769)
(130546, 132666, 38525, 301737)
(130531, 132666, 38525, 301722)
(130523, 132666, 38525, 301714)
(130501, 132666, 38525, 301692)
(130472, 132666, 38525, 301663)
(130458, 132666, 38525, 301649)
(130442, 132666, 38525, 301633)
(130433, 132666, 38525, 301624)
(130412, 132666, 38525, 301603)
(130374, 132666, 38525, 301565)
(130343, 132666, 38525, 301534)
(130329, 132666, 38525, 301520)
(130312, 132666, 38525, 301503)
(130293, 132666, 38525, 301484)
(130290, 132666, 38525, 301481)
(130259, 132666, 38525, 301450)
(130239, 132666, 38525, 301430)
(130233, 132666, 38525, 301424)
(130208, 132666, 38525, 301399)
(130206, 132666, 38525, 301397)
(130184, 132666, 38525, 301375)
(130164, 132666, 38525, 301355)
(130136, 132666, 38525, 301327)
(130133, 132666, 38525, 301324)
(130116, 132666, 38525, 301307)
(130096, 132666, 38525, 301287)
(130084, 132666, 38525, 301275)
(130072, 132666, 38525, 301263)
(130064, 132666, 38525, 301255)
(130049, 132666, 38525, 301240)
(130044, 132666, 38525, 301235)
(130027, 132666, 38525, 301218)
(130012, 132666, 38525, 301203)
(129995, 132666, 38525, 301186)
(129971, 132666, 38525, 301162)
(129961, 132666, 38525, 301152)
(129937, 132666, 38525, 301128)
(129935, 132666, 38525, 301126)
(129904, 132666, 38525, 301095)
(129878, 132666, 38525, 301069)
(129854, 132666, 38525, 301045)
(129831, 132666, 38525, 301022)
(129817, 132666, 38525, 301008)
(129803, 132666, 38525, 300994)
(129794, 132666, 38525, 300985)
(129762, 132666, 38525, 300953)
(129752, 132666, 38525, 300943)
(129724, 132666, 38525, 300915)
(129710, 132666, 38525, 300901)
(129681, 132666, 38525, 300872)
(129678, 132666, 38525, 300869)
(129650, 132666, 38525, 300841)
(129631, 132666, 38525, 300822)
(129608, 132666, 38525, 300799)
(129581, 132666, 38525, 300772)
(129567, 132666, 38525, 300758)
(129556, 132666, 38525, 300747)
(129555, 132666, 38525, 300746)
(129545, 132666, 38525, 300736)
(129519, 132666, 38525, 300710)
(129498, 132666, 38525, 300689)
(129490, 132666, 38525, 300681)
(129467, 132666, 38525, 300658)
(129453, 132666, 38525, 300644)
(129437, 132666, 38525, 300628)
(129427, 132666, 38525, 300618)
(129415, 132666, 38525, 300606)
(129390, 132666, 38525, 300581)
(129386, 132666, 38525, 300577)
(129368, 132666, 38525, 300559)
(129365, 132666, 38525, 300556)
(129333, 132666, 38525, 300524)
(129303, 132666, 38525, 300494)
(129301, 132666, 38525, 300492)
(129289, 132666, 38525, 300480)
(129260, 132666, 38525, 300451)
(129236, 132666, 38525, 300427)
(129218, 132666, 38525, 300409)
(129193, 132666, 38525, 300384)
(129171, 132666, 38525, 300362)
(129158, 132666, 38525, 300349)
(129143, 132666, 38525, 300334)
(129121, 132666, 38525, 300312)
(129088, 132666, 38525, 300279)
(129069, 132666, 38525, 300260)
(129048, 132666, 38525, 300239)
(129029, 132666, 38525, 300220)
(128995, 132666, 38525, 300186)
(128979, 132666, 38525, 300170)
(128953, 132666, 38525, 300144)
(128927, 132666, 38525, 300118)
(128921, 132666, 38525, 300112)
(128910, 132666, 38525, 300101)
