(76093, 75616, 31440, 183149)
(76061, 75616, 31440, 183117)
(76060, 75616, 31440, 183116)
(76049, 75616, 31440, 183105)
(76031, 75616, 31440, 183087)
(76006, 75616, 31440, 183062)
(75984, 75616, 31440, 183040)
(75967, 75616, 31440, 183023)
(75959, 75616, 31440, 183015)
(75948, 75616, 31440, 183004)
(75938, 75616, 31440, 182994)
(75920, 75616, 31440, 182976)
(75911, 75616, 31440, 182967)
(75894, 75616, 31440, 182950)
(75870, 75616, 31440, 182926)
(75854, 75616, 31440, 182910)
(75830, 75616, 31440, 182886)
(75829, 75616, 31440, 182885)
(75807, 75616, 31440, 182863)
(75779, 75616, 31440, 182835)
(75764, 75616, 31440, 182820)
(75761, 75616, 31440, 182817)
(75741, 75616, 31440, 182797)
(75729, 75616, 31440, 182785)
(75728, 75616, 31440, 182784)
(75714, 75616, 31440, 182770)
(75687, 75616, 31440, 182743)
(75673, 75616, 31440, 182729)
(75653, 75616, 31440, 182709)
(75648, 75616, 31440, 182704)
(75625, 75616, 31440, 182681)
(75611, 75616, 31440, 182667)
(75595, 75616, 31440, 182651)
(75592, 75616, 31440, 182648)
(75573, 75616, 31440, 182629)
(75551, 75616, 31440, 182607)
(75544, 75616, 31440, 182600)
(75531, 75616, 31440, 182587)
(75515, 75616, 31440, 182571)
(75491, 75616, 31440, 182547)
(75484, 75616, 31440, 182540)
(75477, 75616, 31440, 182533)
(75473, 75616, 31440, 182529)
(75456, 75616, 31440, 182512)
(75438, 75616, 31440, 182494)
(75422, 75616, 31440, 182478)
(75420, 75616, 31440, 182476)
(75408, 75616, 31440, 182464)
(75392, 75616, 31440, 182448)
(75379, 75616, 31440, 182435)
(75364, 75616, 31440, 182420)
(75346, 75616, 31440, 182402)
(75320, 75616, 31440, 182376)
(75302, 75616, 31440, 182358)
(75285, 75616, 31440, 182341)
(75280, 75616, 31440, 182336)
(75265, 75616, 31440, 182321)
(75262, 75616, 31440, 182318)
(75235, 75616, 31440, 182291)
(75216, 75616, 31440, 182272)
(75206, 75616, 31440, 182262)
(75193, 75616, 31440, 182249)
(75175, 75616, 31440, 182231)
(75157, 75616, 31440, 182213)
(75156, 75616, 31440, 182212)
(75155, 75616, 31440, 182211)
(75154, 75616, 31440, 182210)
(75126, 75616, 31440, 182182)
(75117, 75616, 31440, 182173)
(75113, 75616, 31440, 182169)
(75100, 75616, 31440, 182156)
(75087, 75616, 31440, 182143)
(75063, 75616, 31440, 182119)
(75055, 75616, 31440, 182111)
(75040, 75616, 31440, 182096)
(75028, 75616, 31440, 182084)
(75019, 75616, 31440, 182075)
(75010, 75616, 31440, 182066)
(74981, 75616, 31440, 182037)
(74955, 75616, 31440, 182011)
(74947, 75616, 31440, 182003)
(74930, 75616, 31440, 181986)
(74916, 75616, 31440, 181972)
(74910, 75616, 31440, 181966)
(74890, 75616, 31440, 181946)
(74869, 75616, 31440, 181925)
(74844, 75616, 31440, 181900)
(74830, 75616, 31440, 181886)
(74800, 75616, 31440, 181856)
(74785, 75616, 31440, 181841)
(74761, 75616, 31440, 181817)
(74733, 75616, 31440, 181789)
(74714, 75616, 31440, 181770)
(74701, 75616, 31440, 181757)
(74681, 75616, 31440, 181737)
(74665, 75616, 31440, 181721)
(74648, 75616, 31440, 181704)
(74635, 75616, 31440, 181691)
(74626, 75616, 31440, 181682)
(74603, 75616, 31440, 181659)
(74576, 75616, 31440, 181632)
(74561, 75616, 31440, 181617)
(74535, 75616, 31440, 181591)
(74524, 75616, 31440, 181580)
(74515, 75616, 31440, 181571)
(74486, 75616, 31440, 181542)
(74475, 75616, 31440, 181531)
(74465, 75616, 31440, 181521)
(74439, 75616, 31440, 181495)
(74424, 75616, 31440, 181480)
(74409, 75616, 31440, 181465)
(74399, 75616, 31440, 181455)
(74398, 75616, 31440, 181454)
(74389, 75616, 31440, 181445)
(74380, 75616, 31440, 181436)
(74366, 75616, 31440, 181422)
(74350, 75616, 31440, 181406)
(74335, 75616, 31440, 181391)
(74330, 75616, 31440, 181386)
(74316, 75616, 31440, 181372)
(74308, 75616, 31440, 181364)
(74296, 75616, 31440, 181352)
(74286, 75616, 31440, 181342)
(74270, 75616, 31440, 181326)
(74262, 75616, 31440, 181318)
(74233, 75616, 31440, 181289)
(74203, 75616, 31440, 181259)
(74187, 75616, 31440, 181243)
(74176, 75616, 31440, 181232)
(74170, 75616, 31440, 181226)
(74157, 75616, 31440, 181213)
(74145, 75616, 31440, 181201)
(74142, 75616, 31440, 181198)
(74139, 75616, 31440, 181195)
(74131, 75616, 31440, 181187)
(74123, 75616, 31440, 181179)
(74108, 75616, 31440, 181164)
(74094, 75616, 31440, 181150)
(74078, 75616, 31440, 181134)
(74070, 75616, 31440, 181126)
(74049, 75616, 31440, 181105)
(74034, 75616, 31440, 181090)
(74012, 75616, 31440, 181068)
(73998, 75616, 31440, 181054)
(73997, 75616, 31440, 181053)
(73992, 75616, 31440, 181048)
(73963, 75616, 31440, 181019)
(73946, 75616, 31440, 181002)
(73920, 75616, 31440, 180976)
(73913, 75616, 31440, 180969)
(73888, 75616, 31440, 180944)
(73881, 75616, 31440, 180937)
(73860, 75616, 31440, 180916)
(73839, 75616, 31440, 180895)
(73823, 75616, 31440, 180879)
(73805, 75616, 31440, 180861)
(73790, 75616, 31440, 180846)
(73785, 75616, 31440, 180841)
(73765, 75616, 31440, 180821)
(73764, 75616, 31440, 180820)
(73747, 75616, 31440, 180803)
(73736, 75616, 31440, 180792)
(73723, 75616, 31440, 180779)
(73706, 75616, 31440, 180762)
(73696, 75616, 31440, 180752)
(73684, 75616, 31440, 180740)
(73657, 75616, 31440, 180713)
(73640, 75616, 31440, 180696)
(73628, 75616, 31440, 180684)
(73607, 75616, 31440, 180663)
(73583, 75616, 31440, 180639)
(73571, 75616, 31440, 180627)
(73560, 75616, 31440, 180616)
(73541, 75616, 31440, 180597)
(73521, 75616, 31440, 180577)
(73496, 75616, 31440, 180552)
(73484, 75616, 31440, 180540)
(73472, 75616, 31440, 180528)
(73458, 75616, 31440, 180514)
(73438, 75616, 31440, 180494)
(73412, 75616, 31440, 180468)
(73396, 75616, 31440, 180452)
(73386, 75616, 31440, 180442)
(73359, 75616, 31440, 180415)
(73348, 75616, 31440, 180404)
(73323, 75616, 31440, 180379)
(73301, 75616, 31440, 180357)
(73285, 75616, 31440, 180341)
(73268, 75616, 31440, 180324)
(73266, 75616, 31440, 180322)
(73242, 75616, 31440, 180298)
(73228, 75616, 31440, 180284)
(73227, 75616, 31440, 180283)
(73195, 75616, 31440, 180251)
(73180, 75616, 31440, 180236)
(73166, 75616, 31440, 180222)
(73147, 75616, 31440, 180203)
(73140, 75616, 31440, 180196)
(73137, 75616, 31440, 180193)
(73120, 75616, 31440, 180176)
(73100, 75616, 31440, 180156)
(73089, 75616, 31440, 180145)
(73074, 75616, 31440, 180130)
(73062, 75616, 31440, 180118)
(73037, 75616, 31440, 180093)
(73026, 75616, 31440, 180082)
(73010, 75616, 31440, 180066)
(72995, 75616, 31440, 180051)
(72985, 75616, 31440, 180041)
(72975, 75616, 31440, 180031)
(72962, 75616, 31440, 180018)
(72955, 75616, 31440, 180011)
(72937, 75616, 31440, 179993)
(72911, 75616, 31440, 179967)
(72897, 75616, 31440, 179953)
(72883, 75616, 31440, 179939)
(72857, 75616, 31440, 179913)
(72833, 75616, 31440, 179889)
(72809, 75616, 31440, 179865)
(72799, 75616, 31440, 179855)
(72798, 75616, 31440, 179854)
(72772, 75616, 31440, 179828)
(72759, 75616, 31440, 179815)
(72741, 75616, 31440, 179797)
(72723, 75616, 31440, 179779)
(72721, 75616, 31440, 179777)
(72710, 75616, 31440, 179766)
(72700, 75616, 31440, 179756)
(72687, 75616, 31440, 179743)
(72686, 75616, 31440, 179742)
(72664, 75616, 31440, 179720)
(72655, 75616, 31440, 179711)
(72633, 75616, 31440, 179689)
(72616, 75616, 31440, 179672)
(72605, 75616, 31440, 179661)
(72583, 75616, 31440, 179639)
(72567, 75616, 31440, 179623)
(72556, 75616, 31440, 179612)
(72545, 75616, 31440, 179601)
(72524, 75616, 31440, 179580)
(72496, 75616, 31440, 179552)
(72483, 75616, 31440, 179539)
(72464, 75616, 31440, 179520)
(72444, 75616, 31440, 179500)
(72427, 75616, 31440, 179483)
(72417, 75616, 31440, 179473)
(72395, 75616, 31440, 179451)
(72376, 75616, 31440, 179432)
(72357, 75616, 31440, 179413)
(72338, 75616, 31440, 179394)
(72322, 75616, 31440, 179378)
(72321, 75616, 31440, 179377)
(72304, 75616, 31440, 179360)
(72280, 75616, 31440, 179336)
(72269, 75616, 31440, 179325)
(72243, 75616, 31440, 179299)
(72226, 75616, 31440, 179282)
(72225, 75616, 31440, 179281)
(72215, 75616, 31440, 179271)
(72201, 75616, 31440, 179257)
(72178, 75616, 31440, 179234)
(72161, 75616, 31440, 179217)
(72136, 75616, 31440, 179192)
(72122, 75616, 31440, 179178)
(72102, 75616, 31440, 179158)
(72097, 75616, 31440, 179153)
(72077, 75616, 31440, 179133)
(72076, 75616, 31440, 179132)
(72061, 75616, 31440, 179117)
(72055, 75616, 31440, 179111)
(72045, 75616, 31440, 179101)
(72038, 75616, 31440, 179094)
(72030, 75616, 31440, 179086)
(72015, 75616, 31440, 179071)
(71999, 75616, 31440, 179055)
(71998, 75616, 31440, 179054)
(71985, 75616, 31440, 179041)
(71970, 75616, 31440, 179026)
(71936, 75616, 31440, 178992)
(71921, 75616, 31440, 178977)
(71899, 75616, 31440, 178955)
(71879, 75616, 31440, 178935)
(71870, 75616, 31440, 178926)
(71862, 75616, 31440, 178918)
(71832, 75616, 31440, 178888)
(71809, 75616, 31440, 178865)
(71799, 75616, 31440, 178855)
(71777, 75616, 31440, 178833)
(71763, 75616, 31440, 178819)
(71762, 75616, 31440, 178818)
(71761, 75616, 31440, 178817)
(71749, 75616, 31440, 178805)
(71739, 75616, 31440, 178795)
(71720, 75616, 31440, 178776)
(71702, 75616, 31440, 178758)
(71675, 75616, 31440, 178731)
(71669, 75616, 31440, 178725)
(71654, 75616, 31440, 178710)
(71640, 75616, 31440, 178696)
(71631, 75616, 31440, 178687)
(71620, 75616, 31440, 178676)
(71608, 75616, 31440, 178664)
(71585, 75616, 31440, 178641)
(71567, 75616, 31440, 178623)
(71538, 75616, 31440, 178594)
(71510, 75616, 31440, 178566)
(71491, 75616, 31440, 178547)
(71469, 75616, 31440, 178525)
(71456, 75616, 31440, 178512)
(71440, 75616, 31440, 178496)
(71424, 75616, 31440, 178480)
(71413, 75616, 31440, 178469)
(71399, 75616, 31440, 178455)
(71381, 75616, 31440, 178437)
(71377, 75616, 31440, 178433)
(71367, 75616, 31440, 178423)
(71366, 75616, 31440, 178422)
(71359, 75616, 31440, 178415)
(71353, 75616, 31440, 178409)
(71352, 75616, 31440, 178408)
(71339, 75616, 31440, 178395)
(71324, 75616, 31440, 178380)
(71302, 75616, 31440, 178358)
(71291, 75616, 31440, 178347)
(71290, 75616, 31440, 178346)
(71260, 75616, 31440, 178316)
(71244, 75616, 31440, 178300)
(71227, 75616, 31440, 178283)
(71220, 75616, 31440, 178276)
(71219, 75616, 31440, 178275)
(71211, 75616, 31440, 178267)
(71197, 75616, 31440, 178253)
(71177, 75616, 31440, 178233)
(71153, 75616, 31440, 178209)
(71150, 75616, 31440, 178206)
(71138, 75616, 31440, 178194)
(71130, 75616, 31440, 178186)
(71124, 75616, 31440, 178180)
(71122, 75616, 31440, 178178)
(71111, 75616, 31440, 178167)
(71099, 75616, 31440, 178155)
(71084, 75616, 31440, 178140)
(71071, 75616, 31440, 178127)
(71060, 75616, 31440, 178116)
(71050, 75616, 31440, 178106)
(71034, 75616, 31440, 178090)
(71028, 75616, 31440, 178084)
(71013, 75616, 31440, 178069)
(70997, 75616, 31440, 178053)
(70964, 75616, 31440, 178020)
(70956, 75616, 31440, 178012)
(70941, 75616, 31440, 177997)
(70924, 75616, 31440, 177980)
(70910, 75616, 31440, 177966)
(70906, 75616, 31440, 177962)
(70905, 75616, 31440, 177961)
(70885, 75616, 31440, 177941)
(70867, 75616, 31440, 177923)
(70861, 75616, 31440, 177917)
(70840, 75616, 31440, 177896)
(70831, 75616, 31440, 177887)
(70805, 75616, 31440, 177861)
(70783, 75616, 31440, 177839)
(70763, 75616, 31440, 177819)
(70746, 75616, 31440, 177802)
(70723, 75616, 31440, 177779)
(70702, 75616, 31440, 177758)
(70693, 75616, 31440, 177749)
(70673, 75616, 31440, 177729)
(70666, 75616, 31440, 177722)
(70640, 75616, 31440, 177696)
(70635, 75616, 31440, 177691)
(70612, 75616, 31440, 177668)
(70593, 75616, 31440, 177649)
(70575, 75616, 31440, 177631)
(70548, 75616, 31440, 177604)
(70531, 75616, 31440, 177587)
(70525, 75616, 31440, 177581)
(70514, 75616, 31440, 177570)
(70506, 75616, 31440, 177562)
(70489, 75616, 31440, 177545)
(70484, 75616, 31440, 177540)
(70467, 75616, 31440, 177523)
(70459, 75616, 31440, 177515)
(70443, 75616, 31440, 177499)
(70431, 75616, 31440, 177487)
(70423, 75616, 31440, 177479)
(70402, 75616, 31440, 177458)
(70395, 75616, 31440, 177451)
(70385, 75616, 31440, 177441)
(70373, 75616, 31440, 177429)
(70362, 75616, 31440, 177418)
(70352, 75616, 31440, 177408)
(70346, 75616, 31440, 177402)
(70338, 75616, 31440, 177394)
(70325, 75616, 31440, 177381)
(70312, 75616, 31440, 177368)
(70295, 75616, 31440, 177351)
(70274, 75616, 31440, 177330)
(70257, 75616, 31440, 177313)
(70246, 75616, 31440, 177302)
(70238, 75616, 31440, 177294)
(70230, 75616, 31440, 177286)
(70219, 75616, 31440, 177275)
(70213, 75616, 31440, 177269)
(70199, 75616, 31440, 177255)
(70184, 75616, 31440, 177240)
(70174, 75616, 31440, 177230)
(70147, 75616, 31440, 177203)
(70134, 75616, 31440, 177190)
(70090, 75616, 31440, 177146)
(70079, 75616, 31440, 177135)
(70063, 75616, 31440, 177119)
(70051, 75616, 31440, 177107)
(70050, 75616, 31440, 177106)
(70033, 75616, 31440, 177089)
(70025, 75616, 31440, 177081)
(70010, 75616, 31440, 177066)
(69997, 75616, 31440, 177053)
(69992, 75616, 31440, 177048)
(69979, 75616, 31440, 177035)
(69956, 75616, 31440, 177012)
(69952, 75616, 31440, 177008)
(69940, 75616, 31440, 176996)
(69923, 75616, 31440, 176979)
(69909, 75616, 31440, 176965)
(69883, 75616, 31440, 176939)
(69864, 75616, 31440, 176920)
(69836, 75616, 31440, 176892)
(69822, 75616, 31440, 176878)
(69815, 75616, 31440, 176871)
(69800, 75616, 31440, 176856)
(69789, 75616, 31440, 176845)
(69788, 75616, 31440, 176844)
(69769, 75616, 31440, 176825)
(69743, 75616, 31440, 176799)
(69725, 75616, 31440, 176781)
(69710, 75616, 31440, 176766)
(69689, 75616, 31440, 176745)
(69685, 75616, 31440, 176741)
(69680, 75616, 31440, 176736)
(69673, 75616, 31440, 176729)
(69667, 75616, 31440, 176723)
(69655, 75616, 31440, 176711)
(69653, 75616, 31440, 176709)
(69651, 75616, 31440, 176707)
(69643, 75616, 31440, 176699)
(69634, 75616, 31440, 176690)
(69617, 75616, 31440, 176673)
(69605, 75616, 31440, 176661)
(69595, 75616, 31440, 176651)
(69569, 75616, 31440, 176625)
(69539, 75616, 31440, 176595)
(69529, 75616, 31440, 176585)
(69511, 75616, 31440, 176567)
(69494, 75616, 31440, 176550)
(69465, 75616, 31440, 176521)
(69462, 75616, 31440, 176518)
(69449, 75616, 31440, 176505)
(69429, 75616, 31440, 176485)
(69395, 75616, 31440, 176451)
(69383, 75616, 31440, 176439)
(69366, 75616, 31440, 176422)
(69358, 75616, 31440, 176414)
(69341, 75616, 31440, 176397)
(69334, 75616, 31440, 176390)
(69317, 75616, 31440, 176373)
(69306, 75616, 31440, 176362)
(69298, 75616, 31440, 176354)
(69276, 75616, 31440, 176332)
(69266, 75616, 31440, 176322)
(69255, 75616, 31440, 176311)
(69254, 75616, 31440, 176310)
(69243, 75616, 31440, 176299)
(69233, 75616, 31440, 176289)
(69208, 75616, 31440, 176264)
(69190, 75616, 31440, 176246)
(69179, 75616, 31440, 176235)
(69169, 75616, 31440, 176225)
(69147, 75616, 31440, 176203)
(69118, 75616, 31440, 176174)
(69108, 75616, 31440, 176164)
(69076, 75616, 31440, 176132)
(69061, 75616, 31440, 176117)
(69050, 75616, 31440, 176106)
(69034, 75616, 31440, 176090)
(69012, 75616, 31440, 176068)
(68994, 75616, 31440, 176050)
(68982, 75616, 31440, 176038)
(68958, 75616, 31440, 176014)
(68940, 75616, 31440, 175996)
(68919, 75616, 31440, 175975)
(68903, 75616, 31440, 175959)
(68888, 75616, 31440, 175944)
(68868, 75616, 31440, 175924)
(68847, 75616, 31440, 175903)
(68842, 75616, 31440, 175898)
(68814, 75616, 31440, 175870)
(68801, 75616, 31440, 175857)
(68787, 75616, 31440, 175843)
(68778, 75616, 31440, 175834)
(68757, 75616, 31440, 175813)
(68744, 75616, 31440, 175800)
(68730, 75616, 31440, 175786)
(68724, 75616, 31440, 175780)
(68707, 75616, 31440, 175763)
(68685, 75616, 31440, 175741)
(68684, 75616, 31440, 175740)
(68672, 75616, 31440, 175728)
(68657, 75616, 31440, 175713)
(68648, 75616, 31440, 175704)
(68643, 75616, 31440, 175699)
(68642, 75616, 31440, 175698)
(68619, 75616, 31440, 175675)
(68607, 75616, 31440, 175663)
(68585, 75616, 31440, 175641)
(68576, 75616, 31440, 175632)
(68565, 75616, 31440, 175621)
(68552, 75616, 31440, 175608)
(68536, 75616, 31440, 175592)
(68518, 75616, 31440, 175574)
(68517, 75616, 31440, 175573)
(68510, 75616, 31440, 175566)
(68489, 75616, 31440, 175545)
(68478, 75616, 31440, 175534)
(68460, 75616, 31440, 175516)
(68444, 75616, 31440, 175500)
(68437, 75616, 31440, 175493)
(68410, 75616, 31440, 175466)
(68400, 75616, 31440, 175456)
(68370, 75616, 31440, 175426)
(68354, 75616, 31440, 175410)
(68335, 75616, 31440, 175391)
(68327, 75616, 31440, 175383)
(68308, 75616, 31440, 175364)
(68289, 75616, 31440, 175345)
(68260, 75616, 31440, 175316)
(68247, 75616, 31440, 175303)
(68231, 75616, 31440, 175287)
(68226, 75616, 31440, 175282)
(68191, 75616, 31440, 175247)
(68171, 75616, 31440, 175227)
(68158, 75616, 31440, 175214)
(68150, 75616, 31440, 175206)
(68137, 75616, 31440, 175193)
(68125, 75616, 31440, 175181)
(68098, 75616, 31440, 175154)
(68083, 75616, 31440, 175139)
(68080, 75616, 31440, 175136)
(68079, 75616, 31440, 175135)
(68073, 75616, 31440, 175129)
(68048, 75616, 31440, 175104)
(68047, 75616, 31440, 175103)
(68035, 75616, 31440, 175091)
(68016, 75616, 31440, 175072)
(67996, 75616, 31440, 175052)
(67974, 75616, 31440, 175030)
(67953, 75616, 31440, 175009)
(67928, 75616, 31440, 174984)
(67919, 75616, 31440, 174975)
(67901, 75616, 31440, 174957)
(67878, 75616, 31440, 174934)
(67851, 75616, 31440, 174907)
(67846, 75616, 31440, 174902)
(67838, 75616, 31440, 174894)
(67828, 75616, 31440, 174884)
(67813, 75616, 31440, 174869)
(67799, 75616, 31440, 174855)
(67778, 75616, 31440, 174834)
(67773, 75616, 31440, 174829)
(67771, 75616, 31440, 174827)
(67752, 75616, 31440, 174808)
(67740, 75616, 31440, 174796)
(67738, 75616, 31440, 174794)
(67721, 75616, 31440, 174777)
(67720, 75616, 31440, 174776)
(67704, 75616, 31440, 174760)
(67681, 75616, 31440, 174737)
(67673, 75616, 31440, 174729)
(67664, 75616, 31440, 174720)
(67651, 75616, 31440, 174707)
(67641, 75616, 31440, 174697)
(67620, 75616, 31440, 174676)
(67597, 75616, 31440, 174653)
(67575, 75616, 31440, 174631)
(67565, 75616, 31440, 174621)
(67549, 75616, 31440, 174605)
(67524, 75616, 31440, 174580)
(67499, 75616, 31440, 174555)
(67482, 75616, 31440, 174538)
(67455, 75616, 31440, 174511)
(67435, 75616, 31440, 174491)
(67423, 75616, 31440, 174479)
(67411, 75616, 31440, 174467)
(67398, 75616, 31440, 174454)
(67374, 75616, 31440, 174430)
(67358, 75616, 31440, 174414)
(67334, 75616, 31440, 174390)
(67313, 75616, 31440, 174369)
(67302, 75616, 31440, 174358)
(67285, 75616, 31440, 174341)
(67266, 75616, 31440, 174322)
(67243, 75616, 31440, 174299)
(67230, 75616, 31440, 174286)
(67220, 75616, 31440, 174276)
(67203, 75616, 31440, 174259)
(67196, 75616, 31440, 174252)
(67177, 75616, 31440, 174233)
(67150, 75616, 31440, 174206)
(67138, 75616, 31440, 174194)
(67113, 75616, 31440, 174169)
(67098, 75616, 31440, 174154)
(67057, 75616, 31440, 174113)
(67050, 75616, 31440, 174106)
(67032, 75616, 31440, 174088)
(67002, 75616, 31440, 174058)
(67001, 75616, 31440, 174057)
(66991, 75616, 31440, 174047)
(66980, 75616, 31440, 174036)
(66963, 75616, 31440, 174019)
(66941, 75616, 31440, 173997)
(66929, 75616, 31440, 173985)
(66916, 75616, 31440, 173972)
(66906, 75616, 31440, 173962)
(66904, 75616, 31440, 173960)
(66898, 75616, 31440, 173954)
(66880, 75616, 31440, 173936)
(66855, 75616, 31440, 173911)
(66840, 75616, 31440, 173896)
(66818, 75616, 31440, 173874)
(66813, 75616, 31440, 173869)
(66799, 75616, 31440, 173855)
(66779, 75616, 31440, 173835)
(66766, 75616, 31440, 173822)
(66743, 75616, 31440, 173799)
(66739, 75616, 31440, 173795)
(66731, 75616, 31440, 173787)
(66709, 75616, 31440, 173765)
(66699, 75616, 31440, 173755)
(66683, 75616, 31440, 173739)
(66682, 75616, 31440, 173738)
(66675, 75616, 31440, 173731)
(66654, 75616, 31440, 173710)
(66640, 75616, 31440, 173696)
(66617, 75616, 31440, 173673)
(66594, 75616, 31440, 173650)
(66593, 75616, 31440, 173649)
(66591, 75616, 31440, 173647)
(66583, 75616, 31440, 173639)
(66576, 75616, 31440, 173632)
(66553, 75616, 31440, 173609)
(66525, 75616, 31440, 173581)
(66504, 75616, 31440, 173560)
(66503, 75616, 31440, 173559)
(66484, 75616, 31440, 173540)
(66462, 75616, 31440, 173518)
(66445, 75616, 31440, 173501)
