(100900, 107964, 37731, 246595)
(96380, 110588, 37731, 244699)
(90382, 114448, 37731, 242561)
(84272, 119318, 37617, 241207)
(79224, 121798, 37617, 238639)
(79224, 121798, 37617, 238639)
(74359, 125380, 37617, 237356)
(67107, 130158, 37617, 234882)
(62709, 133960, 37617, 234286)
(60619, 134382, 37617, 232618)
(198645, 33334, 20958, 252937)
(193711, 37226, 20958, 251895)
(194767, 36312, 20586, 251665)
(188882, 41276, 20958, 251116)
(99855, 111406, 36075, 247336)
(96325, 112910, 36075, 245310)
(89027, 116748, 36075, 241850)
(83121, 121166, 36075, 240362)
(77957, 125802, 36075, 239834)
(104469, 108926, 36075, 249470)
